0.803743 367.000000 0.196257 
0.799465 375.000000 0.200535 
0.791979 389.000000 0.208021 
0.793583 386.000000 0.206417 
0.804278 366.000000 0.195722 
0.805348 364.000000 0.194652 
0.797861 378.000000 0.202139 
0.801070 372.000000 0.198930 
0.801604 371.000000 0.198396 
0.803209 368.000000 0.196791 
0.800535 373.000000 0.199465 
0.796791 380.000000 0.203209 
0.802139 370.000000 0.197861 
0.798396 377.000000 0.201604 
0.804813 365.000000 0.195187 
0.810160 355.000000 0.189840 
0.798396 377.000000 0.201604 
0.800535 373.000000 0.199465 
0.802139 370.000000 0.197861 
0.800535 373.000000 0.199465 
0.801070 372.000000 0.198930 
0.796791 380.000000 0.203209 
0.789840 393.000000 0.210160 
0.803209 368.000000 0.196791 
0.797861 378.000000 0.202139 
0.805348 364.000000 0.194652 
0.811765 352.000000 0.188235 
0.787701 397.000000 0.212299 
0.808021 359.000000 0.191979 
0.803209 368.000000 0.196791 
0.807487 360.000000 0.192513 
0.792513 388.000000 0.207487 
0.790374 392.000000 0.209626 
0.800535 373.000000 0.199465 
0.795722 382.000000 0.204278 
0.800535 373.000000 0.199465 
0.790909 391.000000 0.209091 
0.800535 373.000000 0.199465 
0.797326 379.000000 0.202674 
0.802674 369.000000 0.197326 
0.799465 375.000000 0.200535 
0.793583 386.000000 0.206417 
0.802674 369.000000 0.197326 
0.800000 374.000000 0.200000 
0.798396 377.000000 0.201604 
0.800535 373.000000 0.199465 
0.801070 372.000000 0.198930 
0.794118 385.000000 0.205882 
0.798396 377.000000 0.201604 
0.801070 372.000000 0.198930 
0.796791 380.000000 0.203209 
0.803209 368.000000 0.196791 
0.801070 372.000000 0.198930 
0.802674 369.000000 0.197326 
0.795722 382.000000 0.204278 
0.804278 366.000000 0.195722 
0.806417 362.000000 0.193583 
0.806952 361.000000 0.193048 
0.802674 369.000000 0.197326 
0.794118 385.000000 0.205882 
0.801604 371.000000 0.198396 
0.800535 373.000000 0.199465 
0.790909 391.000000 0.209091 
0.798396 377.000000 0.201604 
0.803209 368.000000 0.196791 
0.796791 380.000000 0.203209 
0.795722 382.000000 0.204278 
0.800000 374.000000 0.200000 
0.800000 374.000000 0.200000 
0.796791 380.000000 0.203209 
0.804813 365.000000 0.195187 
0.800535 373.000000 0.199465 
0.807487 360.000000 0.192513 
0.801070 372.000000 0.198930 
0.798396 377.000000 0.201604 
0.794118 385.000000 0.205882 
0.797326 379.000000 0.202674 
0.797326 379.000000 0.202674 
0.794118 385.000000 0.205882 
0.796257 381.000000 0.203743 
0.799465 375.000000 0.200535 
0.799465 375.000000 0.200535 
0.795722 382.000000 0.204278 
0.803209 368.000000 0.196791 
0.798396 377.000000 0.201604 
0.797326 379.000000 0.202674 
0.796257 381.000000 0.203743 
0.804278 366.000000 0.195722 
0.805348 364.000000 0.194652 
0.798930 376.000000 0.201070 
0.802674 369.000000 0.197326 
0.800535 373.000000 0.199465 
0.802139 370.000000 0.197861 
0.797861 378.000000 0.202139 
0.796791 380.000000 0.203209 
0.793583 386.000000 0.206417 
0.801604 371.000000 0.198396 
0.805882 363.000000 0.194118 
0.794652 384.000000 0.205348 
0.802674 369.000000 0.197326 
0.792513 388.000000 0.207487 
0.800000 374.000000 0.200000 
0.801070 372.000000 0.198930 
0.798930 376.000000 0.201070 
0.791444 390.000000 0.208556 
0.798396 377.000000 0.201604 
0.796257 381.000000 0.203743 
0.787701 397.000000 0.212299 
0.794652 384.000000 0.205348 
0.808021 359.000000 0.191979 
0.800000 374.000000 0.200000 
0.786631 399.000000 0.213369 
0.805882 363.000000 0.194118 
0.804278 366.000000 0.195722 
0.796257 381.000000 0.203743 
0.801604 371.000000 0.198396 
0.803743 367.000000 0.196257 
0.804278 366.000000 0.195722 
0.802674 369.000000 0.197326 
0.802674 369.000000 0.197326 
0.798396 377.000000 0.201604 
0.802674 369.000000 0.197326 
0.798930 376.000000 0.201070 
0.793048 387.000000 0.206952 
0.800535 373.000000 0.199465 
0.794118 385.000000 0.205882 
0.787166 398.000000 0.212834 
0.794118 385.000000 0.205882 
0.800000 374.000000 0.200000 
0.797326 379.000000 0.202674 
0.799465 375.000000 0.200535 
0.796791 380.000000 0.203209 
0.799465 375.000000 0.200535 
0.797861 378.000000 0.202139 
0.803743 367.000000 0.196257 
0.805882 363.000000 0.194118 
0.798930 376.000000 0.201070 
0.803209 368.000000 0.196791 
0.803209 368.000000 0.196791 
0.806417 362.000000 0.193583 
0.797861 378.000000 0.202139 
0.794652 384.000000 0.205348 
0.794652 384.000000 0.205348 
0.812834 350.000000 0.187166 
0.798396 377.000000 0.201604 
0.799465 375.000000 0.200535 
0.796257 381.000000 0.203743 
0.795187 383.000000 0.204813 
0.797326 379.000000 0.202674 
0.792513 388.000000 0.207487 
0.798930 376.000000 0.201070 
0.802674 369.000000 0.197326 
0.808021 359.000000 0.191979 
0.799465 375.000000 0.200535 
0.799465 375.000000 0.200535 
0.802139 370.000000 0.197861 
0.796791 380.000000 0.203209 
0.802139 370.000000 0.197861 
0.809091 357.000000 0.190909 
0.789840 393.000000 0.210160 
0.794652 384.000000 0.205348 
0.793048 387.000000 0.206952 
0.805348 364.000000 0.194652 
0.794652 384.000000 0.205348 
0.800535 373.000000 0.199465 
0.800000 374.000000 0.200000 
0.800535 373.000000 0.199465 
0.805348 364.000000 0.194652 
0.806417 362.000000 0.193583 
0.808021 359.000000 0.191979 
0.802674 369.000000 0.197326 
0.803743 367.000000 0.196257 
0.790374 392.000000 0.209626 
0.802139 370.000000 0.197861 
0.802674 369.000000 0.197326 
0.790909 391.000000 0.209091 
0.802139 370.000000 0.197861 
0.810160 355.000000 0.189840 
0.796257 381.000000 0.203743 
0.811765 352.000000 0.188235 
0.798930 376.000000 0.201070 
0.797326 379.000000 0.202674 
0.797326 379.000000 0.202674 
0.796791 380.000000 0.203209 
0.804813 365.000000 0.195187 
0.798396 377.000000 0.201604 
0.805348 364.000000 0.194652 
0.800000 374.000000 0.200000 
0.799465 375.000000 0.200535 
0.802674 369.000000 0.197326 
0.798396 377.000000 0.201604 
0.794118 385.000000 0.205882 
0.803209 368.000000 0.196791 
0.800000 374.000000 0.200000 
0.805882 363.000000 0.194118 
0.797326 379.000000 0.202674 
0.803743 367.000000 0.196257 
0.802674 369.000000 0.197326 
0.797326 379.000000 0.202674 
0.806952 361.000000 0.193048 
0.803743 367.000000 0.196257 
0.804813 365.000000 0.195187 
0.800535 373.000000 0.199465 
0.801070 372.000000 0.198930 
0.807487 360.000000 0.192513 
0.801070 372.000000 0.198930 
0.799465 375.000000 0.200535 
0.807487 360.000000 0.192513 
0.804813 365.000000 0.195187 
0.795722 382.000000 0.204278 
0.805348 364.000000 0.194652 
0.803209 368.000000 0.196791 
0.801604 371.000000 0.198396 
0.808021 359.000000 0.191979 
0.799465 375.000000 0.200535 
0.810160 355.000000 0.189840 
0.801070 372.000000 0.198930 
0.800000 374.000000 0.200000 
0.788235 396.000000 0.211765 
0.794652 384.000000 0.205348 
0.793048 387.000000 0.206952 
0.790374 392.000000 0.209626 
0.795722 382.000000 0.204278 
0.801604 371.000000 0.198396 
0.809091 357.000000 0.190909 
0.790909 391.000000 0.209091 
0.803743 367.000000 0.196257 
0.793048 387.000000 0.206952 
0.794118 385.000000 0.205882 
0.809091 357.000000 0.190909 
0.796791 380.000000 0.203209 
0.797861 378.000000 0.202139 
0.804813 365.000000 0.195187 
0.806952 361.000000 0.193048 
0.800535 373.000000 0.199465 
0.797326 379.000000 0.202674 
0.797326 379.000000 0.202674 
0.801070 372.000000 0.198930 
0.799465 375.000000 0.200535 
0.796791 380.000000 0.203209 
0.791444 390.000000 0.208556 
0.795722 382.000000 0.204278 
0.798396 377.000000 0.201604 
0.810695 354.000000 0.189305 
0.795722 382.000000 0.204278 
0.803743 367.000000 0.196257 
0.798930 376.000000 0.201070 
0.795187 383.000000 0.204813 
0.791979 389.000000 0.208021 
0.793048 387.000000 0.206952 
0.802139 370.000000 0.197861 
0.804813 365.000000 0.195187 
0.808021 359.000000 0.191979 
0.795187 383.000000 0.204813 
0.801070 372.000000 0.198930 
0.806952 361.000000 0.193048 
0.800000 374.000000 0.200000 
0.795722 382.000000 0.204278 
0.802674 369.000000 0.197326 
0.808021 359.000000 0.191979 
0.809626 356.000000 0.190374 
0.800000 374.000000 0.200000 
0.796257 381.000000 0.203743 
0.805882 363.000000 0.194118 
0.805882 363.000000 0.194118 
0.788770 395.000000 0.211230 
0.787701 397.000000 0.212299 
0.798930 376.000000 0.201070 
0.801604 371.000000 0.198396 
0.797326 379.000000 0.202674 
0.802139 370.000000 0.197861 
0.796257 381.000000 0.203743 
0.803743 367.000000 0.196257 
0.800535 373.000000 0.199465 
0.808021 359.000000 0.191979 
0.796791 380.000000 0.203209 
0.793048 387.000000 0.206952 
0.799465 375.000000 0.200535 
0.798396 377.000000 0.201604 
0.808021 359.000000 0.191979 
0.802139 370.000000 0.197861 
0.801604 371.000000 0.198396 
0.802139 370.000000 0.197861 
0.801070 372.000000 0.198930 
0.798396 377.000000 0.201604 
0.794118 385.000000 0.205882 
0.805348 364.000000 0.194652 
0.800000 374.000000 0.200000 
0.804278 366.000000 0.195722 
0.798930 376.000000 0.201070 
0.793583 386.000000 0.206417 
0.804813 365.000000 0.195187 
0.795722 382.000000 0.204278 
0.794652 384.000000 0.205348 
0.800000 374.000000 0.200000 
0.798930 376.000000 0.201070 
0.801070 372.000000 0.198930 
0.793583 386.000000 0.206417 
0.794652 384.000000 0.205348 
0.800535 373.000000 0.199465 
0.801604 371.000000 0.198396 
0.796791 380.000000 0.203209 
0.796257 381.000000 0.203743 
0.796791 380.000000 0.203209 
0.801070 372.000000 0.198930 
0.804278 366.000000 0.195722 
0.809091 357.000000 0.190909 
0.804278 366.000000 0.195722 
0.802674 369.000000 0.197326 
0.804813 365.000000 0.195187 
0.798930 376.000000 0.201070 
0.788235 396.000000 0.211765 
0.805882 363.000000 0.194118 
0.803209 368.000000 0.196791 
0.803743 367.000000 0.196257 
0.797326 379.000000 0.202674 
0.797326 379.000000 0.202674 
0.793583 386.000000 0.206417 
0.806417 362.000000 0.193583 
0.792513 388.000000 0.207487 
0.794652 384.000000 0.205348 
0.806417 362.000000 0.193583 
0.800000 374.000000 0.200000 
0.803209 368.000000 0.196791 
0.798396 377.000000 0.201604 
0.794118 385.000000 0.205882 
0.797861 378.000000 0.202139 
0.803209 368.000000 0.196791 
0.797861 378.000000 0.202139 
0.802674 369.000000 0.197326 
0.809091 357.000000 0.190909 
0.807487 360.000000 0.192513 
0.809091 357.000000 0.190909 
0.803743 367.000000 0.196257 
0.798396 377.000000 0.201604 
0.797861 378.000000 0.202139 
0.797326 379.000000 0.202674 
0.802674 369.000000 0.197326 
0.805882 363.000000 0.194118 
0.803209 368.000000 0.196791 
0.802139 370.000000 0.197861 
0.813369 349.000000 0.186631 
0.808556 358.000000 0.191444 
0.801604 371.000000 0.198396 
0.792513 388.000000 0.207487 
0.804278 366.000000 0.195722 
0.797326 379.000000 0.202674 
0.800000 374.000000 0.200000 
0.794118 385.000000 0.205882 
0.802139 370.000000 0.197861 
0.800000 374.000000 0.200000 
0.803743 367.000000 0.196257 
0.797861 378.000000 0.202139 
0.796791 380.000000 0.203209 
0.803743 367.000000 0.196257 
0.796257 381.000000 0.203743 
0.802674 369.000000 0.197326 
0.799465 375.000000 0.200535 
0.801070 372.000000 0.198930 
0.804278 366.000000 0.195722 
0.800000 374.000000 0.200000 
0.801070 372.000000 0.198930 
0.789305 394.000000 0.210695 
0.801070 372.000000 0.198930 
0.794652 384.000000 0.205348 
0.796257 381.000000 0.203743 
0.805882 363.000000 0.194118 
0.801070 372.000000 0.198930 
0.797326 379.000000 0.202674 
0.789840 393.000000 0.210160 
0.798930 376.000000 0.201070 
0.795722 382.000000 0.204278 
0.800000 374.000000 0.200000 
0.804813 365.000000 0.195187 
0.796791 380.000000 0.203209 
0.806952 361.000000 0.193048 
0.796257 381.000000 0.203743 
0.793583 386.000000 0.206417 
0.802674 369.000000 0.197326 
0.794118 385.000000 0.205882 
0.802139 370.000000 0.197861 
0.799465 375.000000 0.200535 
0.797861 378.000000 0.202139 
0.801604 371.000000 0.198396 
0.810160 355.000000 0.189840 
0.791979 389.000000 0.208021 
0.793583 386.000000 0.206417 
0.786096 400.000000 0.213904 
0.795187 383.000000 0.204813 
0.798396 377.000000 0.201604 
0.808556 358.000000 0.191444 
0.800535 373.000000 0.199465 
0.796257 381.000000 0.203743 
0.798930 376.000000 0.201070 
0.794652 384.000000 0.205348 
0.799465 375.000000 0.200535 
0.804278 366.000000 0.195722 
0.796257 381.000000 0.203743 
0.804278 366.000000 0.195722 
0.805882 363.000000 0.194118 
0.803743 367.000000 0.196257 
0.802674 369.000000 0.197326 
0.797326 379.000000 0.202674 
0.810160 355.000000 0.189840 
0.800535 373.000000 0.199465 
0.796791 380.000000 0.203209 
0.797861 378.000000 0.202139 
0.789305 394.000000 0.210695 
0.802139 370.000000 0.197861 
0.802139 370.000000 0.197861 
0.800000 374.000000 0.200000 
0.800000 374.000000 0.200000 
0.798396 377.000000 0.201604 
0.796257 381.000000 0.203743 
0.794118 385.000000 0.205882 
0.799465 375.000000 0.200535 
0.798396 377.000000 0.201604 
0.809626 356.000000 0.190374 
0.804278 366.000000 0.195722 
0.797861 378.000000 0.202139 
0.802674 369.000000 0.197326 
0.797861 378.000000 0.202139 
0.796257 381.000000 0.203743 
0.794652 384.000000 0.205348 
0.801604 371.000000 0.198396 
0.805348 364.000000 0.194652 
0.797861 378.000000 0.202139 
0.795722 382.000000 0.204278 
0.795722 382.000000 0.204278 
0.796791 380.000000 0.203209 
0.803209 368.000000 0.196791 
0.801070 372.000000 0.198930 
0.800000 374.000000 0.200000 
0.808021 359.000000 0.191979 
0.800535 373.000000 0.199465 
0.805882 363.000000 0.194118 
0.804813 365.000000 0.195187 
0.804813 365.000000 0.195187 
0.807487 360.000000 0.192513 
0.794652 384.000000 0.205348 
0.804278 366.000000 0.195722 
0.795187 383.000000 0.204813 
0.790374 392.000000 0.209626 
0.800000 374.000000 0.200000 
0.795722 382.000000 0.204278 
0.796791 380.000000 0.203209 
0.809091 357.000000 0.190909 
0.793583 386.000000 0.206417 
0.799465 375.000000 0.200535 
0.800535 373.000000 0.199465 
0.798930 376.000000 0.201070 
0.811765 352.000000 0.188235 
0.793583 386.000000 0.206417 
0.800535 373.000000 0.199465 
0.803209 368.000000 0.196791 
0.799465 375.000000 0.200535 
0.798930 376.000000 0.201070 
0.804813 365.000000 0.195187 
0.803209 368.000000 0.196791 
0.793048 387.000000 0.206952 
0.787166 398.000000 0.212834 
0.794118 385.000000 0.205882 
0.796257 381.000000 0.203743 
0.790909 391.000000 0.209091 
0.800000 374.000000 0.200000 
0.808556 358.000000 0.191444 
0.794118 385.000000 0.205882 
0.791444 390.000000 0.208556 
0.795722 382.000000 0.204278 
0.791979 389.000000 0.208021 
0.800535 373.000000 0.199465 
0.803743 367.000000 0.196257 
0.796791 380.000000 0.203209 
0.803743 367.000000 0.196257 
0.802674 369.000000 0.197326 
0.806952 361.000000 0.193048 
0.797326 379.000000 0.202674 
0.796791 380.000000 0.203209 
0.804813 365.000000 0.195187 
0.805348 364.000000 0.194652 
0.794118 385.000000 0.205882 
0.801604 371.000000 0.198396 
0.783957 404.000000 0.216043 
0.799465 375.000000 0.200535 
0.796257 381.000000 0.203743 
0.812834 350.000000 0.187166 
0.802139 370.000000 0.197861 
0.800535 373.000000 0.199465 
0.794118 385.000000 0.205882 
0.794118 385.000000 0.205882 
0.809626 356.000000 0.190374 
0.804813 365.000000 0.195187 
0.802674 369.000000 0.197326 
0.803743 367.000000 0.196257 
0.797861 378.000000 0.202139 
0.797326 379.000000 0.202674 
0.804813 365.000000 0.195187 
0.804813 365.000000 0.195187 
0.797861 378.000000 0.202139 
0.798930 376.000000 0.201070 
0.800000 374.000000 0.200000 
0.804278 366.000000 0.195722 
0.800535 373.000000 0.199465 
0.799465 375.000000 0.200535 
0.802139 370.000000 0.197861 
0.799465 375.000000 0.200535 
0.808556 358.000000 0.191444 
0.803209 368.000000 0.196791 
0.806417 362.000000 0.193583 
0.803743 367.000000 0.196257 
0.801604 371.000000 0.198396 
0.795722 382.000000 0.204278 
0.801070 372.000000 0.198930 
0.800535 373.000000 0.199465 
0.801070 372.000000 0.198930 
0.798396 377.000000 0.201604 
0.798930 376.000000 0.201070 
0.794652 384.000000 0.205348 
0.801070 372.000000 0.198930 
0.801604 371.000000 0.198396 
0.803209 368.000000 0.196791 
0.804278 366.000000 0.195722 
0.797326 379.000000 0.202674 
0.809626 356.000000 0.190374 
0.801070 372.000000 0.198930 
0.800535 373.000000 0.199465 
0.795187 383.000000 0.204813 
0.793583 386.000000 0.206417 
0.802139 370.000000 0.197861 
0.801604 371.000000 0.198396 
0.798930 376.000000 0.201070 
0.797861 378.000000 0.202139 
0.795722 382.000000 0.204278 
0.807487 360.000000 0.192513 
0.786631 399.000000 0.213369 
0.795722 382.000000 0.204278 
0.807487 360.000000 0.192513 
0.808021 359.000000 0.191979 
0.794652 384.000000 0.205348 
0.798930 376.000000 0.201070 
0.806417 362.000000 0.193583 
0.805348 364.000000 0.194652 
0.808556 358.000000 0.191444 
0.798396 377.000000 0.201604 
0.799465 375.000000 0.200535 
0.800000 374.000000 0.200000 
0.799465 375.000000 0.200535 
0.800535 373.000000 0.199465 
0.797326 379.000000 0.202674 
0.791444 390.000000 0.208556 
0.807487 360.000000 0.192513 
0.803743 367.000000 0.196257 
0.800535 373.000000 0.199465 
0.804278 366.000000 0.195722 
0.806952 361.000000 0.193048 
0.799465 375.000000 0.200535 
0.803209 368.000000 0.196791 
0.796791 380.000000 0.203209 
0.801604 371.000000 0.198396 
0.800535 373.000000 0.199465 
0.796791 380.000000 0.203209 
0.794118 385.000000 0.205882 
0.803743 367.000000 0.196257 
0.804813 365.000000 0.195187 
0.802139 370.000000 0.197861 
0.800535 373.000000 0.199465 
0.802674 369.000000 0.197326 
0.794118 385.000000 0.205882 
0.804278 366.000000 0.195722 
0.787701 397.000000 0.212299 
0.799465 375.000000 0.200535 
0.790374 392.000000 0.209626 
0.796791 380.000000 0.203209 
0.804813 365.000000 0.195187 
0.806952 361.000000 0.193048 
0.801070 372.000000 0.198930 
0.803209 368.000000 0.196791 
0.800000 374.000000 0.200000 
0.799465 375.000000 0.200535 
0.804278 366.000000 0.195722 
0.803743 367.000000 0.196257 
0.796791 380.000000 0.203209 
0.802674 369.000000 0.197326 
0.799465 375.000000 0.200535 
0.814973 346.000000 0.185027 
0.804813 365.000000 0.195187 
0.802139 370.000000 0.197861 
0.801604 371.000000 0.198396 
0.802139 370.000000 0.197861 
0.804278 366.000000 0.195722 
0.795722 382.000000 0.204278 
0.803209 368.000000 0.196791 
0.801070 372.000000 0.198930 
0.804278 366.000000 0.195722 
0.789840 393.000000 0.210160 
0.798396 377.000000 0.201604 
0.800000 374.000000 0.200000 
0.798396 377.000000 0.201604 
0.811765 352.000000 0.188235 
0.802139 370.000000 0.197861 
0.803209 368.000000 0.196791 
0.798396 377.000000 0.201604 
0.801604 371.000000 0.198396 
0.802674 369.000000 0.197326 
0.798930 376.000000 0.201070 
0.798396 377.000000 0.201604 
0.794118 385.000000 0.205882 
0.791979 389.000000 0.208021 
0.803209 368.000000 0.196791 
0.803743 367.000000 0.196257 
0.803743 367.000000 0.196257 
0.803209 368.000000 0.196791 
0.796791 380.000000 0.203209 
0.793048 387.000000 0.206952 
0.799465 375.000000 0.200535 
0.801070 372.000000 0.198930 
0.795722 382.000000 0.204278 
0.800535 373.000000 0.199465 
0.808556 358.000000 0.191444 
0.794652 384.000000 0.205348 
0.791979 389.000000 0.208021 
0.797861 378.000000 0.202139 
0.798930 376.000000 0.201070 
0.808021 359.000000 0.191979 
0.798396 377.000000 0.201604 
0.796257 381.000000 0.203743 
0.806417 362.000000 0.193583 
0.804278 366.000000 0.195722 
0.802674 369.000000 0.197326 
0.806952 361.000000 0.193048 
0.802674 369.000000 0.197326 
0.806952 361.000000 0.193048 
0.800535 373.000000 0.199465 
0.798930 376.000000 0.201070 
0.793583 386.000000 0.206417 
0.803743 367.000000 0.196257 
0.795187 383.000000 0.204813 
0.793048 387.000000 0.206952 
0.803209 368.000000 0.196791 
0.789840 393.000000 0.210160 
0.800535 373.000000 0.199465 
0.804278 366.000000 0.195722 
0.795722 382.000000 0.204278 
0.808556 358.000000 0.191444 
0.800000 374.000000 0.200000 
0.800000 374.000000 0.200000 
0.801604 371.000000 0.198396 
0.802674 369.000000 0.197326 
0.791444 390.000000 0.208556 
0.800000 374.000000 0.200000 
0.803743 367.000000 0.196257 
0.798396 377.000000 0.201604 
0.793583 386.000000 0.206417 
0.802139 370.000000 0.197861 
0.795722 382.000000 0.204278 
0.805882 363.000000 0.194118 
0.795187 383.000000 0.204813 
0.803209 368.000000 0.196791 
0.795187 383.000000 0.204813 
0.803743 367.000000 0.196257 
0.801070 372.000000 0.198930 
0.804278 366.000000 0.195722 
0.795722 382.000000 0.204278 
0.797326 379.000000 0.202674 
0.801604 371.000000 0.198396 
0.807487 360.000000 0.192513 
0.802674 369.000000 0.197326 
0.798930 376.000000 0.201070 
0.801604 371.000000 0.198396 
0.797326 379.000000 0.202674 
0.801070 372.000000 0.198930 
0.796257 381.000000 0.203743 
0.798930 376.000000 0.201070 
0.798396 377.000000 0.201604 
0.788235 396.000000 0.211765 
0.803743 367.000000 0.196257 
0.806952 361.000000 0.193048 
0.803209 368.000000 0.196791 
0.797326 379.000000 0.202674 
0.800000 374.000000 0.200000 
0.809626 356.000000 0.190374 
0.801070 372.000000 0.198930 
0.794118 385.000000 0.205882 
0.796791 380.000000 0.203209 
0.802139 370.000000 0.197861 
0.799465 375.000000 0.200535 
0.794118 385.000000 0.205882 
0.795187 383.000000 0.204813 
0.796791 380.000000 0.203209 
0.799465 375.000000 0.200535 
0.810695 354.000000 0.189305 
0.794652 384.000000 0.205348 
0.798930 376.000000 0.201070 
0.798396 377.000000 0.201604 
0.804278 366.000000 0.195722 
0.798930 376.000000 0.201070 
0.796257 381.000000 0.203743 
0.802674 369.000000 0.197326 
0.791979 389.000000 0.208021 
0.801604 371.000000 0.198396 
0.804813 365.000000 0.195187 
0.803743 367.000000 0.196257 
0.799465 375.000000 0.200535 
0.797326 379.000000 0.202674 
0.804813 365.000000 0.195187 
0.793583 386.000000 0.206417 
0.800000 374.000000 0.200000 
0.800535 373.000000 0.199465 
0.800535 373.000000 0.199465 
0.796791 380.000000 0.203209 
0.794652 384.000000 0.205348 
0.802139 370.000000 0.197861 
0.801604 371.000000 0.198396 
0.793583 386.000000 0.206417 
0.795187 383.000000 0.204813 
0.802139 370.000000 0.197861 
0.797326 379.000000 0.202674 
0.803209 368.000000 0.196791 
0.801070 372.000000 0.198930 
0.804813 365.000000 0.195187 
0.802674 369.000000 0.197326 
0.795187 383.000000 0.204813 
0.805882 363.000000 0.194118 
0.804278 366.000000 0.195722 
0.800535 373.000000 0.199465 
0.798930 376.000000 0.201070 
0.797326 379.000000 0.202674 
0.805882 363.000000 0.194118 
0.810160 355.000000 0.189840 
0.801070 372.000000 0.198930 
0.811230 353.000000 0.188770 
0.797326 379.000000 0.202674 
0.797861 378.000000 0.202139 
0.808556 358.000000 0.191444 
0.797861 378.000000 0.202139 
0.794118 385.000000 0.205882 
0.794118 385.000000 0.205882 
0.802139 370.000000 0.197861 
0.791444 390.000000 0.208556 
0.809091 357.000000 0.190909 
0.795187 383.000000 0.204813 
0.790909 391.000000 0.209091 
0.792513 388.000000 0.207487 
0.798930 376.000000 0.201070 
0.795722 382.000000 0.204278 
0.800535 373.000000 0.199465 
0.805348 364.000000 0.194652 
0.797326 379.000000 0.202674 
0.798930 376.000000 0.201070 
0.799465 375.000000 0.200535 
0.795187 383.000000 0.204813 
0.802139 370.000000 0.197861 
0.795722 382.000000 0.204278 
0.806417 362.000000 0.193583 
0.800535 373.000000 0.199465 
0.801604 371.000000 0.198396 
0.798930 376.000000 0.201070 
0.797326 379.000000 0.202674 
0.807487 360.000000 0.192513 
0.795722 382.000000 0.204278 
0.799465 375.000000 0.200535 
0.801604 371.000000 0.198396 
0.804278 366.000000 0.195722 
0.796257 381.000000 0.203743 
0.793583 386.000000 0.206417 
0.797861 378.000000 0.202139 
0.802139 370.000000 0.197861 
0.803743 367.000000 0.196257 
0.804278 366.000000 0.195722 
0.800000 374.000000 0.200000 
0.796791 380.000000 0.203209 
0.794118 385.000000 0.205882 
0.800535 373.000000 0.199465 
0.801604 371.000000 0.198396 
0.807487 360.000000 0.192513 
0.787701 397.000000 0.212299 
0.802139 370.000000 0.197861 
0.798396 377.000000 0.201604 
0.798396 377.000000 0.201604 
0.797861 378.000000 0.202139 
0.801604 371.000000 0.198396 
0.801070 372.000000 0.198930 
0.797326 379.000000 0.202674 
0.796257 381.000000 0.203743 
0.800000 374.000000 0.200000 
0.798396 377.000000 0.201604 
0.805882 363.000000 0.194118 
0.800000 374.000000 0.200000 
0.796257 381.000000 0.203743 
0.793583 386.000000 0.206417 
0.798930 376.000000 0.201070 
0.797326 379.000000 0.202674 
0.800535 373.000000 0.199465 
0.797861 378.000000 0.202139 
0.797326 379.000000 0.202674 
0.797861 378.000000 0.202139 
0.802139 370.000000 0.197861 
0.804813 365.000000 0.195187 
0.801604 371.000000 0.198396 
0.807487 360.000000 0.192513 
0.803209 368.000000 0.196791 
0.800000 374.000000 0.200000 
0.796791 380.000000 0.203209 
0.798930 376.000000 0.201070 
0.805882 363.000000 0.194118 
0.805348 364.000000 0.194652 
0.798396 377.000000 0.201604 
0.801070 372.000000 0.198930 
0.795722 382.000000 0.204278 
0.805882 363.000000 0.194118 
0.808021 359.000000 0.191979 
0.802674 369.000000 0.197326 
0.801070 372.000000 0.198930 
0.806417 362.000000 0.193583 
0.803209 368.000000 0.196791 
0.799465 375.000000 0.200535 
0.799465 375.000000 0.200535 
0.803743 367.000000 0.196257 
0.797861 378.000000 0.202139 
0.800000 374.000000 0.200000 
0.799465 375.000000 0.200535 
0.804813 365.000000 0.195187 
0.795187 383.000000 0.204813 
0.797326 379.000000 0.202674 
0.808021 359.000000 0.191979 
0.792513 388.000000 0.207487 
0.801604 371.000000 0.198396 
0.802139 370.000000 0.197861 
0.795187 383.000000 0.204813 
0.796791 380.000000 0.203209 
0.796791 380.000000 0.203209 
0.797326 379.000000 0.202674 
0.805348 364.000000 0.194652 
0.799465 375.000000 0.200535 
0.795187 383.000000 0.204813 
0.795187 383.000000 0.204813 
0.791979 389.000000 0.208021 
0.799465 375.000000 0.200535 
0.809091 357.000000 0.190909 
0.804278 366.000000 0.195722 
0.799465 375.000000 0.200535 
0.799465 375.000000 0.200535 
0.794118 385.000000 0.205882 
0.792513 388.000000 0.207487 
0.802139 370.000000 0.197861 
0.797326 379.000000 0.202674 
0.802674 369.000000 0.197326 
0.791979 389.000000 0.208021 
0.788770 395.000000 0.211230 
0.808556 358.000000 0.191444 
0.800535 373.000000 0.199465 
0.797326 379.000000 0.202674 
0.805882 363.000000 0.194118 
0.805348 364.000000 0.194652 
0.797326 379.000000 0.202674 
0.794652 384.000000 0.205348 
0.793583 386.000000 0.206417 
0.799465 375.000000 0.200535 
0.801604 371.000000 0.198396 
0.797861 378.000000 0.202139 
0.805348 364.000000 0.194652 
0.797326 379.000000 0.202674 
0.800000 374.000000 0.200000 
0.808556 358.000000 0.191444 
0.800535 373.000000 0.199465 
0.795187 383.000000 0.204813 
0.800535 373.000000 0.199465 
0.804278 366.000000 0.195722 
0.795187 383.000000 0.204813 
0.803209 368.000000 0.196791 
0.805882 363.000000 0.194118 
0.795187 383.000000 0.204813 
0.797326 379.000000 0.202674 
0.791444 390.000000 0.208556 
0.796257 381.000000 0.203743 
0.805348 364.000000 0.194652 
0.798930 376.000000 0.201070 
0.794118 385.000000 0.205882 
0.801070 372.000000 0.198930 
0.809626 356.000000 0.190374 
0.798930 376.000000 0.201070 
0.809626 356.000000 0.190374 
0.807487 360.000000 0.192513 
0.801070 372.000000 0.198930 
0.806417 362.000000 0.193583 
0.804813 365.000000 0.195187 
0.810695 354.000000 0.189305 
0.806417 362.000000 0.193583 
0.802139 370.000000 0.197861 
0.801070 372.000000 0.198930 
0.804278 366.000000 0.195722 
0.803209 368.000000 0.196791 
0.795187 383.000000 0.204813 
0.797326 379.000000 0.202674 
0.808021 359.000000 0.191979 
0.801070 372.000000 0.198930 
0.796791 380.000000 0.203209 
0.796791 380.000000 0.203209 
0.802139 370.000000 0.197861 
0.802674 369.000000 0.197326 
0.793048 387.000000 0.206952 
0.796257 381.000000 0.203743 
0.801070 372.000000 0.198930 
0.801604 371.000000 0.198396 
0.797326 379.000000 0.202674 
0.801070 372.000000 0.198930 
0.800535 373.000000 0.199465 
0.810160 355.000000 0.189840 
0.799465 375.000000 0.200535 
0.802674 369.000000 0.197326 
0.801070 372.000000 0.198930 
0.799465 375.000000 0.200535 
0.800535 373.000000 0.199465 
0.795187 383.000000 0.204813 
0.796791 380.000000 0.203209 
0.792513 388.000000 0.207487 
0.793583 386.000000 0.206417 
0.793583 386.000000 0.206417 
0.800000 374.000000 0.200000 
0.797326 379.000000 0.202674 
0.806417 362.000000 0.193583 
0.809626 356.000000 0.190374 
0.796791 380.000000 0.203209 
0.801604 371.000000 0.198396 
0.801070 372.000000 0.198930 
0.798930 376.000000 0.201070 
0.800000 374.000000 0.200000 
0.796791 380.000000 0.203209 
0.794652 384.000000 0.205348 
0.810160 355.000000 0.189840 
0.793048 387.000000 0.206952 
0.804278 366.000000 0.195722 
0.790909 391.000000 0.209091 
0.808556 358.000000 0.191444 
0.802674 369.000000 0.197326 
0.804278 366.000000 0.195722 
0.806417 362.000000 0.193583 
0.800000 374.000000 0.200000 
0.805348 364.000000 0.194652 
0.806952 361.000000 0.193048 
0.805882 363.000000 0.194118 
0.800000 374.000000 0.200000 
0.799465 375.000000 0.200535 
0.809091 357.000000 0.190909 
0.798396 377.000000 0.201604 
0.789840 393.000000 0.210160 
0.799465 375.000000 0.200535 
0.803743 367.000000 0.196257 
0.795187 383.000000 0.204813 
0.801070 372.000000 0.198930 
0.796791 380.000000 0.203209 
0.805348 364.000000 0.194652 
0.802139 370.000000 0.197861 
0.798930 376.000000 0.201070 
0.796791 380.000000 0.203209 
0.794652 384.000000 0.205348 
0.801070 372.000000 0.198930 
0.803209 368.000000 0.196791 
0.795722 382.000000 0.204278 
0.797326 379.000000 0.202674 
0.802674 369.000000 0.197326 
0.799465 375.000000 0.200535 
0.788235 396.000000 0.211765 
0.806952 361.000000 0.193048 
0.795187 383.000000 0.204813 
0.805882 363.000000 0.194118 
0.791444 390.000000 0.208556 
0.801070 372.000000 0.198930 
0.800535 373.000000 0.199465 
0.804813 365.000000 0.195187 
0.805348 364.000000 0.194652 
0.803743 367.000000 0.196257 
0.808021 359.000000 0.191979 
0.803209 368.000000 0.196791 
0.802674 369.000000 0.197326 
0.806417 362.000000 0.193583 
0.796257 381.000000 0.203743 
0.791444 390.000000 0.208556 
0.793583 386.000000 0.206417 
0.807487 360.000000 0.192513 
0.804278 366.000000 0.195722 
0.789305 394.000000 0.210695 
0.796791 380.000000 0.203209 
0.800535 373.000000 0.199465 
0.802674 369.000000 0.197326 
0.796791 380.000000 0.203209 
0.788770 395.000000 0.211230 
0.802674 369.000000 0.197326 
0.795187 383.000000 0.204813 
0.793048 387.000000 0.206952 
0.794652 384.000000 0.205348 
0.804278 366.000000 0.195722 
0.802139 370.000000 0.197861 
0.802139 370.000000 0.197861 
0.796791 380.000000 0.203209 
0.805348 364.000000 0.194652 
0.803743 367.000000 0.196257 
0.801070 372.000000 0.198930 
0.798396 377.000000 0.201604 
0.801070 372.000000 0.198930 
0.800535 373.000000 0.199465 
0.796791 380.000000 0.203209 
0.799465 375.000000 0.200535 
0.801070 372.000000 0.198930 
0.792513 388.000000 0.207487 
0.791979 389.000000 0.208021 
0.800535 373.000000 0.199465 
0.794118 385.000000 0.205882 
0.810160 355.000000 0.189840 
0.797861 378.000000 0.202139 
0.796791 380.000000 0.203209 
0.795722 382.000000 0.204278 
0.803743 367.000000 0.196257 
0.793583 386.000000 0.206417 
0.799465 375.000000 0.200535 
0.800535 373.000000 0.199465 
0.794118 385.000000 0.205882 
0.803209 368.000000 0.196791 
0.804813 365.000000 0.195187 
0.800000 374.000000 0.200000 
0.797861 378.000000 0.202139 
0.798396 377.000000 0.201604 
0.801604 371.000000 0.198396 
0.804813 365.000000 0.195187 
0.792513 388.000000 0.207487 
0.798396 377.000000 0.201604 
0.791444 390.000000 0.208556 
0.801070 372.000000 0.198930 
0.801604 371.000000 0.198396 
0.792513 388.000000 0.207487 
0.803743 367.000000 0.196257 
0.796257 381.000000 0.203743 
0.792513 388.000000 0.207487 
0.799465 375.000000 0.200535 
0.790909 391.000000 0.209091 
0.799465 375.000000 0.200535 
0.805882 363.000000 0.194118 
0.797861 378.000000 0.202139 
0.806952 361.000000 0.193048 
0.798396 377.000000 0.201604 
0.801604 371.000000 0.198396 
0.794118 385.000000 0.205882 
0.801604 371.000000 0.198396 
0.790909 391.000000 0.209091 
0.800000 374.000000 0.200000 
0.795187 383.000000 0.204813 
0.805882 363.000000 0.194118 
0.795722 382.000000 0.204278 
0.800000 374.000000 0.200000 
0.795722 382.000000 0.204278 
0.802674 369.000000 0.197326 
0.806417 362.000000 0.193583 
0.798396 377.000000 0.201604 
0.800000 374.000000 0.200000 
0.798396 377.000000 0.201604 
0.801070 372.000000 0.198930 
0.798930 376.000000 0.201070 
0.800000 374.000000 0.200000 
0.800535 373.000000 0.199465 
0.805348 364.000000 0.194652 
0.797861 378.000000 0.202139 
0.804278 366.000000 0.195722 
0.792513 388.000000 0.207487 
0.797861 378.000000 0.202139 
0.801070 372.000000 0.198930 
0.798396 377.000000 0.201604 
0.790909 391.000000 0.209091 
0.797326 379.000000 0.202674 
0.795187 383.000000 0.204813 
0.809626 356.000000 0.190374 
0.798930 376.000000 0.201070 
0.801070 372.000000 0.198930 
0.793583 386.000000 0.206417 
0.804278 366.000000 0.195722 
0.801604 371.000000 0.198396 
0.802139 370.000000 0.197861 
0.794118 385.000000 0.205882 
0.801604 371.000000 0.198396 
0.798930 376.000000 0.201070 
0.796257 381.000000 0.203743 
0.793583 386.000000 0.206417 
0.797861 378.000000 0.202139 
0.804278 366.000000 0.195722 
0.806417 362.000000 0.193583 
0.809626 356.000000 0.190374 
0.812834 350.000000 0.187166 
0.802139 370.000000 0.197861 
0.802139 370.000000 0.197861 
0.806417 362.000000 0.193583 
0.805348 364.000000 0.194652 
0.800000 374.000000 0.200000 
0.803743 367.000000 0.196257 
0.797326 379.000000 0.202674 
0.802139 370.000000 0.197861 
0.802139 370.000000 0.197861 
0.803743 367.000000 0.196257 
0.792513 388.000000 0.207487 
0.806417 362.000000 0.193583 
0.806417 362.000000 0.193583 
0.793048 387.000000 0.206952 
0.798396 377.000000 0.201604 
0.799465 375.000000 0.200535 
0.795187 383.000000 0.204813 
0.796791 380.000000 0.203209 
0.805348 364.000000 0.194652 
0.801604 371.000000 0.198396 
0.800000 374.000000 0.200000 
0.798396 377.000000 0.201604 
0.797326 379.000000 0.202674 
0.794652 384.000000 0.205348 
0.798396 377.000000 0.201604 
0.789840 393.000000 0.210160 
0.805882 363.000000 0.194118 
0.796791 380.000000 0.203209 
0.802674 369.000000 0.197326 
0.803743 367.000000 0.196257 
0.796257 381.000000 0.203743 
0.807487 360.000000 0.192513 
0.809091 357.000000 0.190909 
0.811765 352.000000 0.188235 
0.802674 369.000000 0.197326 
0.796257 381.000000 0.203743 
0.797326 379.000000 0.202674 
0.800535 373.000000 0.199465 
0.800535 373.000000 0.199465 
0.796257 381.000000 0.203743 
0.797326 379.000000 0.202674 
0.808021 359.000000 0.191979 
0.790909 391.000000 0.209091 
0.810160 355.000000 0.189840 
0.803209 368.000000 0.196791 
0.803209 368.000000 0.196791 
0.804278 366.000000 0.195722 
0.801070 372.000000 0.198930 
0.794652 384.000000 0.205348 
0.796791 380.000000 0.203209 
0.800000 374.000000 0.200000 
0.805882 363.000000 0.194118 
0.792513 388.000000 0.207487 
0.800000 374.000000 0.200000 
0.805882 363.000000 0.194118 
0.798396 377.000000 0.201604 
0.797861 378.000000 0.202139 
0.794118 385.000000 0.205882 
0.801070 372.000000 0.198930 
0.801070 372.000000 0.198930 
0.798396 377.000000 0.201604 
0.801604 371.000000 0.198396 
0.802139 370.000000 0.197861 
0.806952 361.000000 0.193048 
0.808021 359.000000 0.191979 
0.801604 371.000000 0.198396 
0.801070 372.000000 0.198930 
0.800000 374.000000 0.200000 
0.797861 378.000000 0.202139 
0.792513 388.000000 0.207487 
0.799465 375.000000 0.200535 
0.805882 363.000000 0.194118 
0.807487 360.000000 0.192513 
0.795722 382.000000 0.204278 
0.798396 377.000000 0.201604 
0.796257 381.000000 0.203743 
0.793048 387.000000 0.206952 
0.809091 357.000000 0.190909 
0.803743 367.000000 0.196257 
0.795722 382.000000 0.204278 
0.793048 387.000000 0.206952 
0.794118 385.000000 0.205882 
0.798930 376.000000 0.201070 
0.802674 369.000000 0.197326 
0.791444 390.000000 0.208556 
0.800000 374.000000 0.200000 
0.802139 370.000000 0.197861 
0.801604 371.000000 0.198396 
0.803209 368.000000 0.196791 
0.798930 376.000000 0.201070 
0.797326 379.000000 0.202674 
0.801604 371.000000 0.198396 
0.804278 366.000000 0.195722 
0.792513 388.000000 0.207487 
0.792513 388.000000 0.207487 
0.801604 371.000000 0.198396 
0.805882 363.000000 0.194118 
0.801070 372.000000 0.198930 
0.802139 370.000000 0.197861 
0.804278 366.000000 0.195722 
0.799465 375.000000 0.200535 
0.800000 374.000000 0.200000 
0.792513 388.000000 0.207487 
0.802139 370.000000 0.197861 
0.804278 366.000000 0.195722 
0.796791 380.000000 0.203209 
0.795187 383.000000 0.204813 
0.804813 365.000000 0.195187 
0.798930 376.000000 0.201070 
0.801070 372.000000 0.198930 
0.799465 375.000000 0.200535 
0.793583 386.000000 0.206417 
0.801070 372.000000 0.198930 
0.802674 369.000000 0.197326 
0.795187 383.000000 0.204813 
0.794652 384.000000 0.205348 
0.798930 376.000000 0.201070 
0.795722 382.000000 0.204278 
0.798396 377.000000 0.201604 
0.809626 356.000000 0.190374 
0.800535 373.000000 0.199465 
0.804813 365.000000 0.195187 
0.796791 380.000000 0.203209 
0.806417 362.000000 0.193583 
0.793048 387.000000 0.206952 
0.803209 368.000000 0.196791 
0.798396 377.000000 0.201604 
0.803743 367.000000 0.196257 
0.800535 373.000000 0.199465 
0.798396 377.000000 0.201604 
0.797861 378.000000 0.202139 
0.802674 369.000000 0.197326 
0.802139 370.000000 0.197861 
0.791979 389.000000 0.208021 
0.798396 377.000000 0.201604 
0.796257 381.000000 0.203743 
0.789840 393.000000 0.210160 
0.807487 360.000000 0.192513 
0.794118 385.000000 0.205882 
0.800000 374.000000 0.200000 
0.795187 383.000000 0.204813 
0.795187 383.000000 0.204813 
0.796791 380.000000 0.203209 
0.803743 367.000000 0.196257 
0.803743 367.000000 0.196257 
0.800000 374.000000 0.200000 
0.810695 354.000000 0.189305 
0.806417 362.000000 0.193583 
0.798396 377.000000 0.201604 
0.803209 368.000000 0.196791 
0.798930 376.000000 0.201070 
0.804813 365.000000 0.195187 
0.798930 376.000000 0.201070 
0.797326 379.000000 0.202674 
0.809091 357.000000 0.190909 
0.792513 388.000000 0.207487 
0.794652 384.000000 0.205348 
0.803209 368.000000 0.196791 
0.795722 382.000000 0.204278 
0.802139 370.000000 0.197861 
0.801070 372.000000 0.198930 
0.803209 368.000000 0.196791 
0.791444 390.000000 0.208556 
0.807487 360.000000 0.192513 
0.802674 369.000000 0.197326 
0.804813 365.000000 0.195187 
0.798930 376.000000 0.201070 
0.800000 374.000000 0.200000 
0.794652 384.000000 0.205348 
0.801604 371.000000 0.198396 
0.805348 364.000000 0.194652 
0.801604 371.000000 0.198396 
0.803209 368.000000 0.196791 
0.804813 365.000000 0.195187 
0.794118 385.000000 0.205882 
0.795187 383.000000 0.204813 
0.791979 389.000000 0.208021 
0.798396 377.000000 0.201604 
0.793048 387.000000 0.206952 
0.801604 371.000000 0.198396 
0.796791 380.000000 0.203209 
0.803209 368.000000 0.196791 
0.802674 369.000000 0.197326 
0.801070 372.000000 0.198930 
0.800000 374.000000 0.200000 
0.800535 373.000000 0.199465 
0.798930 376.000000 0.201070 
0.799465 375.000000 0.200535 
0.794652 384.000000 0.205348 
0.798396 377.000000 0.201604 
0.807487 360.000000 0.192513 
0.795187 383.000000 0.204813 
0.798396 377.000000 0.201604 
0.800000 374.000000 0.200000 
0.804813 365.000000 0.195187 
0.793583 386.000000 0.206417 
0.808556 358.000000 0.191444 
0.795722 382.000000 0.204278 
0.803743 367.000000 0.196257 
0.797326 379.000000 0.202674 
0.798930 376.000000 0.201070 
0.800535 373.000000 0.199465 
0.800000 374.000000 0.200000 
0.798930 376.000000 0.201070 
0.795187 383.000000 0.204813 
0.797326 379.000000 0.202674 
0.803743 367.000000 0.196257 
0.805348 364.000000 0.194652 
0.802139 370.000000 0.197861 
0.803743 367.000000 0.196257 
0.801604 371.000000 0.198396 
0.805882 363.000000 0.194118 
0.791979 389.000000 0.208021 
0.793048 387.000000 0.206952 
0.810695 354.000000 0.189305 
0.798396 377.000000 0.201604 
0.806417 362.000000 0.193583 
0.802139 370.000000 0.197861 
0.780214 411.000000 0.219786 
0.802674 369.000000 0.197326 
0.793048 387.000000 0.206952 
0.797326 379.000000 0.202674 
0.796257 381.000000 0.203743 
0.802674 369.000000 0.197326 
0.798930 376.000000 0.201070 
0.797326 379.000000 0.202674 
0.801070 372.000000 0.198930 
0.798930 376.000000 0.201070 
0.797861 378.000000 0.202139 
0.790374 392.000000 0.209626 
0.793583 386.000000 0.206417 
0.793048 387.000000 0.206952 
0.800000 374.000000 0.200000 
0.804278 366.000000 0.195722 
0.803209 368.000000 0.196791 
0.805348 364.000000 0.194652 
0.800000 374.000000 0.200000 
0.800000 374.000000 0.200000 
0.801604 371.000000 0.198396 
0.787701 397.000000 0.212299 
0.796791 380.000000 0.203209 
0.799465 375.000000 0.200535 
0.806417 362.000000 0.193583 
0.797326 379.000000 0.202674 
0.795722 382.000000 0.204278 
0.793048 387.000000 0.206952 
0.795722 382.000000 0.204278 
0.794118 385.000000 0.205882 
0.795187 383.000000 0.204813 
0.794652 384.000000 0.205348 
0.795187 383.000000 0.204813 
0.802674 369.000000 0.197326 
0.803209 368.000000 0.196791 
0.803209 368.000000 0.196791 
0.804278 366.000000 0.195722 
0.807487 360.000000 0.192513 
0.802139 370.000000 0.197861 
0.798930 376.000000 0.201070 
0.803743 367.000000 0.196257 
0.800535 373.000000 0.199465 
0.806952 361.000000 0.193048 
0.801604 371.000000 0.198396 
0.788235 396.000000 0.211765 
0.793583 386.000000 0.206417 
0.801604 371.000000 0.198396 
0.795187 383.000000 0.204813 
0.792513 388.000000 0.207487 
0.789840 393.000000 0.210160 
0.805348 364.000000 0.194652 
0.790374 392.000000 0.209626 
0.786631 399.000000 0.213369 
0.797861 378.000000 0.202139 
0.800000 374.000000 0.200000 
0.806417 362.000000 0.193583 
0.803743 367.000000 0.196257 
0.802139 370.000000 0.197861 
0.794118 385.000000 0.205882 
0.804278 366.000000 0.195722 
0.803743 367.000000 0.196257 
0.802139 370.000000 0.197861 
0.806952 361.000000 0.193048 
0.805348 364.000000 0.194652 
0.808556 358.000000 0.191444 
0.802139 370.000000 0.197861 
0.800000 374.000000 0.200000 
0.796257 381.000000 0.203743 
0.801070 372.000000 0.198930 
0.795187 383.000000 0.204813 
0.797326 379.000000 0.202674 
0.795187 383.000000 0.204813 
0.806952 361.000000 0.193048 
0.801604 371.000000 0.198396 
0.797861 378.000000 0.202139 
0.798396 377.000000 0.201604 
0.803743 367.000000 0.196257 
0.806952 361.000000 0.193048 
0.805348 364.000000 0.194652 
0.802674 369.000000 0.197326 
0.794118 385.000000 0.205882 
0.793583 386.000000 0.206417 
0.809091 357.000000 0.190909 
0.803209 368.000000 0.196791 
0.795187 383.000000 0.204813 
0.798930 376.000000 0.201070 
0.797326 379.000000 0.202674 
0.799465 375.000000 0.200535 
0.800000 374.000000 0.200000 
0.806417 362.000000 0.193583 
0.799465 375.000000 0.200535 
0.795187 383.000000 0.204813 
0.803743 367.000000 0.196257 
0.802674 369.000000 0.197326 
0.798396 377.000000 0.201604 
0.804278 366.000000 0.195722 
0.802139 370.000000 0.197861 
0.800535 373.000000 0.199465 
0.809091 357.000000 0.190909 
0.798396 377.000000 0.201604 
0.813369 349.000000 0.186631 
0.796791 380.000000 0.203209 
0.802139 370.000000 0.197861 
0.805882 363.000000 0.194118 
0.802674 369.000000 0.197326 
0.804813 365.000000 0.195187 
0.803209 368.000000 0.196791 
0.795722 382.000000 0.204278 
0.795722 382.000000 0.204278 
0.802674 369.000000 0.197326 
0.790374 392.000000 0.209626 
0.800535 373.000000 0.199465 
0.801070 372.000000 0.198930 
0.809626 356.000000 0.190374 
0.800535 373.000000 0.199465 
0.799465 375.000000 0.200535 
0.800000 374.000000 0.200000 
0.800000 374.000000 0.200000 
0.805348 364.000000 0.194652 
0.803743 367.000000 0.196257 
0.804278 366.000000 0.195722 
0.802139 370.000000 0.197861 
0.806952 361.000000 0.193048 
0.790374 392.000000 0.209626 
0.797861 378.000000 0.202139 
0.792513 388.000000 0.207487 
0.805882 363.000000 0.194118 
0.796791 380.000000 0.203209 
0.810160 355.000000 0.189840 
0.806952 361.000000 0.193048 
0.796791 380.000000 0.203209 
0.800535 373.000000 0.199465 
0.798396 377.000000 0.201604 
0.800000 374.000000 0.200000 
0.789305 394.000000 0.210695 
0.791444 390.000000 0.208556 
0.795722 382.000000 0.204278 
0.801604 371.000000 0.198396 
0.798396 377.000000 0.201604 
0.800000 374.000000 0.200000 
0.811230 353.000000 0.188770 
0.798930 376.000000 0.201070 
0.806417 362.000000 0.193583 
0.801070 372.000000 0.198930 
0.798930 376.000000 0.201070 
0.800000 374.000000 0.200000 
0.791979 389.000000 0.208021 
0.802139 370.000000 0.197861 
0.802674 369.000000 0.197326 
0.801070 372.000000 0.198930 
0.801070 372.000000 0.198930 
0.795722 382.000000 0.204278 
0.802139 370.000000 0.197861 
0.797326 379.000000 0.202674 
0.795187 383.000000 0.204813 
0.789840 393.000000 0.210160 
0.795187 383.000000 0.204813 
0.800000 374.000000 0.200000 
0.800535 373.000000 0.199465 
0.806417 362.000000 0.193583 
0.797326 379.000000 0.202674 
0.799465 375.000000 0.200535 
0.804278 366.000000 0.195722 
0.800535 373.000000 0.199465 
0.795722 382.000000 0.204278 
0.804278 366.000000 0.195722 
0.804278 366.000000 0.195722 
0.802139 370.000000 0.197861 
0.796791 380.000000 0.203209 
0.803743 367.000000 0.196257 
0.798930 376.000000 0.201070 
0.802674 369.000000 0.197326 
0.797861 378.000000 0.202139 
0.797861 378.000000 0.202139 
0.796791 380.000000 0.203209 
0.804278 366.000000 0.195722 
0.793583 386.000000 0.206417 
0.796257 381.000000 0.203743 
0.803209 368.000000 0.196791 
0.804813 365.000000 0.195187 
0.793048 387.000000 0.206952 
0.803743 367.000000 0.196257 
0.800535 373.000000 0.199465 
0.796791 380.000000 0.203209 
0.800535 373.000000 0.199465 
0.800535 373.000000 0.199465 
0.795187 383.000000 0.204813 
0.806417 362.000000 0.193583 
0.789305 394.000000 0.210695 
0.801070 372.000000 0.198930 
0.802139 370.000000 0.197861 
0.793583 386.000000 0.206417 
0.796257 381.000000 0.203743 
0.803743 367.000000 0.196257 
0.800000 374.000000 0.200000 
0.804813 365.000000 0.195187 
0.804278 366.000000 0.195722 
0.803743 367.000000 0.196257 
0.798930 376.000000 0.201070 
0.798930 376.000000 0.201070 
0.801604 371.000000 0.198396 
0.800000 374.000000 0.200000 
0.799465 375.000000 0.200535 
0.808556 358.000000 0.191444 
0.791979 389.000000 0.208021 
0.804813 365.000000 0.195187 
0.798930 376.000000 0.201070 
0.804278 366.000000 0.195722 
0.795722 382.000000 0.204278 
0.794652 384.000000 0.205348 
0.805882 363.000000 0.194118 
0.794652 384.000000 0.205348 
0.801604 371.000000 0.198396 
0.800535 373.000000 0.199465 
0.801070 372.000000 0.198930 
0.797326 379.000000 0.202674 
0.800000 374.000000 0.200000 
0.795722 382.000000 0.204278 
0.793583 386.000000 0.206417 
0.796791 380.000000 0.203209 
0.796257 381.000000 0.203743 
0.801604 371.000000 0.198396 
0.790374 392.000000 0.209626 
0.796791 380.000000 0.203209 
0.806417 362.000000 0.193583 
0.805348 364.000000 0.194652 
0.801070 372.000000 0.198930 
0.812834 350.000000 0.187166 
0.795722 382.000000 0.204278 
0.803743 367.000000 0.196257 
0.796257 381.000000 0.203743 
0.796791 380.000000 0.203209 
0.799465 375.000000 0.200535 
0.790909 391.000000 0.209091 
0.808021 359.000000 0.191979 
0.801604 371.000000 0.198396 
0.796791 380.000000 0.203209 
0.799465 375.000000 0.200535 
0.796257 381.000000 0.203743 
0.802674 369.000000 0.197326 
0.795187 383.000000 0.204813 
0.797861 378.000000 0.202139 
0.802139 370.000000 0.197861 
0.796257 381.000000 0.203743 
0.791979 389.000000 0.208021 
0.797326 379.000000 0.202674 
0.802674 369.000000 0.197326 
0.801070 372.000000 0.198930 
0.796257 381.000000 0.203743 
0.798396 377.000000 0.201604 
0.793583 386.000000 0.206417 
0.796791 380.000000 0.203209 
0.800535 373.000000 0.199465 
0.800000 374.000000 0.200000 
0.797326 379.000000 0.202674 
0.799465 375.000000 0.200535 
0.800535 373.000000 0.199465 
0.801070 372.000000 0.198930 
0.802139 370.000000 0.197861 
0.802674 369.000000 0.197326 
0.794652 384.000000 0.205348 
0.801070 372.000000 0.198930 
0.800000 374.000000 0.200000 
0.803743 367.000000 0.196257 
0.794118 385.000000 0.205882 
0.793583 386.000000 0.206417 
0.803209 368.000000 0.196791 
0.798930 376.000000 0.201070 
0.800535 373.000000 0.199465 
0.802139 370.000000 0.197861 
0.800000 374.000000 0.200000 
0.810695 354.000000 0.189305 
0.798930 376.000000 0.201070 
0.799465 375.000000 0.200535 
0.804278 366.000000 0.195722 
0.800535 373.000000 0.199465 
0.799465 375.000000 0.200535 
0.804813 365.000000 0.195187 
0.800535 373.000000 0.199465 
0.804813 365.000000 0.195187 
0.802674 369.000000 0.197326 
0.794118 385.000000 0.205882 
0.797861 378.000000 0.202139 
0.797861 378.000000 0.202139 
0.797326 379.000000 0.202674 
0.803209 368.000000 0.196791 
0.795722 382.000000 0.204278 
0.797326 379.000000 0.202674 
0.795187 383.000000 0.204813 
0.798930 376.000000 0.201070 
0.801604 371.000000 0.198396 
0.796257 381.000000 0.203743 
0.794118 385.000000 0.205882 
0.800535 373.000000 0.199465 
0.798396 377.000000 0.201604 
0.795722 382.000000 0.204278 
0.798930 376.000000 0.201070 
0.801070 372.000000 0.198930 
0.796257 381.000000 0.203743 
0.805348 364.000000 0.194652 
0.799465 375.000000 0.200535 
0.798396 377.000000 0.201604 
0.803209 368.000000 0.196791 
0.797326 379.000000 0.202674 
0.798930 376.000000 0.201070 
0.797861 378.000000 0.202139 
0.799465 375.000000 0.200535 
0.805882 363.000000 0.194118 
0.801604 371.000000 0.198396 
0.795722 382.000000 0.204278 
0.798930 376.000000 0.201070 
0.800535 373.000000 0.199465 
0.805348 364.000000 0.194652 
0.790374 392.000000 0.209626 
0.805348 364.000000 0.194652 
0.808556 358.000000 0.191444 
0.798396 377.000000 0.201604 
0.801070 372.000000 0.198930 
0.798396 377.000000 0.201604 
0.796791 380.000000 0.203209 
0.793048 387.000000 0.206952 
0.796791 380.000000 0.203209 
0.798396 377.000000 0.201604 
0.798930 376.000000 0.201070 
0.798930 376.000000 0.201070 
0.801604 371.000000 0.198396 
0.802674 369.000000 0.197326 
0.797326 379.000000 0.202674 
0.797861 378.000000 0.202139 
0.790909 391.000000 0.209091 
0.806417 362.000000 0.193583 
0.803743 367.000000 0.196257 
0.798930 376.000000 0.201070 
0.794118 385.000000 0.205882 
0.800000 374.000000 0.200000 
0.801070 372.000000 0.198930 
0.791444 390.000000 0.208556 
0.800000 374.000000 0.200000 
0.797326 379.000000 0.202674 
0.800535 373.000000 0.199465 
0.805348 364.000000 0.194652 
0.806952 361.000000 0.193048 
0.797326 379.000000 0.202674 
0.802139 370.000000 0.197861 
0.798930 376.000000 0.201070 
0.808556 358.000000 0.191444 
0.801604 371.000000 0.198396 
0.796257 381.000000 0.203743 
0.808021 359.000000 0.191979 
0.799465 375.000000 0.200535 
0.800535 373.000000 0.199465 
0.799465 375.000000 0.200535 
0.797326 379.000000 0.202674 
0.805348 364.000000 0.194652 
0.792513 388.000000 0.207487 
0.808556 358.000000 0.191444 
0.808556 358.000000 0.191444 
0.799465 375.000000 0.200535 
0.800535 373.000000 0.199465 
0.793048 387.000000 0.206952 
0.796791 380.000000 0.203209 
0.798396 377.000000 0.201604 
0.793583 386.000000 0.206417 
0.805348 364.000000 0.194652 
0.798396 377.000000 0.201604 
0.802674 369.000000 0.197326 
0.794118 385.000000 0.205882 
0.788235 396.000000 0.211765 
0.805882 363.000000 0.194118 
0.794118 385.000000 0.205882 
0.797861 378.000000 0.202139 
0.796257 381.000000 0.203743 
0.800535 373.000000 0.199465 
0.789305 394.000000 0.210695 
0.801070 372.000000 0.198930 
0.809626 356.000000 0.190374 
0.795722 382.000000 0.204278 
0.803209 368.000000 0.196791 
0.808021 359.000000 0.191979 
0.798930 376.000000 0.201070 
0.794652 384.000000 0.205348 
0.805348 364.000000 0.194652 
0.797861 378.000000 0.202139 
0.806417 362.000000 0.193583 
0.797861 378.000000 0.202139 
0.806417 362.000000 0.193583 
0.799465 375.000000 0.200535 
0.796791 380.000000 0.203209 
0.801604 371.000000 0.198396 
0.802674 369.000000 0.197326 
0.797326 379.000000 0.202674 
0.796791 380.000000 0.203209 
0.810160 355.000000 0.189840 
0.798396 377.000000 0.201604 
0.797326 379.000000 0.202674 
0.801604 371.000000 0.198396 
0.809091 357.000000 0.190909 
0.797326 379.000000 0.202674 
0.790909 391.000000 0.209091 
0.795722 382.000000 0.204278 
0.804813 365.000000 0.195187 
0.798396 377.000000 0.201604 
0.798396 377.000000 0.201604 
0.804813 365.000000 0.195187 
0.798396 377.000000 0.201604 
0.795187 383.000000 0.204813 
0.797861 378.000000 0.202139 
0.801070 372.000000 0.198930 
0.800000 374.000000 0.200000 
0.800535 373.000000 0.199465 
0.803209 368.000000 0.196791 
0.799465 375.000000 0.200535 
0.804813 365.000000 0.195187 
0.805882 363.000000 0.194118 
0.796791 380.000000 0.203209 
0.804278 366.000000 0.195722 
0.795187 383.000000 0.204813 
0.797861 378.000000 0.202139 
0.792513 388.000000 0.207487 
0.798396 377.000000 0.201604 
0.797326 379.000000 0.202674 
0.798930 376.000000 0.201070 
0.797326 379.000000 0.202674 
0.802674 369.000000 0.197326 
0.794118 385.000000 0.205882 
0.799465 375.000000 0.200535 
0.793583 386.000000 0.206417 
0.801070 372.000000 0.198930 
0.801604 371.000000 0.198396 
0.798396 377.000000 0.201604 
0.800000 374.000000 0.200000 
0.802139 370.000000 0.197861 
0.801604 371.000000 0.198396 
0.800000 374.000000 0.200000 
0.798396 377.000000 0.201604 
0.799465 375.000000 0.200535 
0.794118 385.000000 0.205882 
0.795722 382.000000 0.204278 
0.809091 357.000000 0.190909 
0.807487 360.000000 0.192513 
0.795722 382.000000 0.204278 
0.806952 361.000000 0.193048 
0.796257 381.000000 0.203743 
0.794652 384.000000 0.205348 
0.802139 370.000000 0.197861 
0.805348 364.000000 0.194652 
0.809626 356.000000 0.190374 
0.798930 376.000000 0.201070 
0.796257 381.000000 0.203743 
0.798930 376.000000 0.201070 
0.803209 368.000000 0.196791 
0.793583 386.000000 0.206417 
0.806952 361.000000 0.193048 
0.802674 369.000000 0.197326 
0.813904 348.000000 0.186096 
0.804278 366.000000 0.195722 
0.791444 390.000000 0.208556 
0.805348 364.000000 0.194652 
0.801604 371.000000 0.198396 
0.802139 370.000000 0.197861 
0.795722 382.000000 0.204278 
0.794118 385.000000 0.205882 
0.796791 380.000000 0.203209 
0.806952 361.000000 0.193048 
0.806417 362.000000 0.193583 
0.804278 366.000000 0.195722 
0.802674 369.000000 0.197326 
0.798930 376.000000 0.201070 
0.798396 377.000000 0.201604 
0.801604 371.000000 0.198396 
0.796257 381.000000 0.203743 
0.807487 360.000000 0.192513 
0.796791 380.000000 0.203209 
0.797326 379.000000 0.202674 
0.797861 378.000000 0.202139 
0.796257 381.000000 0.203743 
0.801070 372.000000 0.198930 
0.794652 384.000000 0.205348 
0.798930 376.000000 0.201070 
0.799465 375.000000 0.200535 
0.800535 373.000000 0.199465 
0.799465 375.000000 0.200535 
0.805882 363.000000 0.194118 
0.804813 365.000000 0.195187 
0.800000 374.000000 0.200000 
0.800535 373.000000 0.199465 
0.810160 355.000000 0.189840 
0.797326 379.000000 0.202674 
0.804813 365.000000 0.195187 
0.803209 368.000000 0.196791 
0.803209 368.000000 0.196791 
0.794652 384.000000 0.205348 
0.797861 378.000000 0.202139 
0.798396 377.000000 0.201604 
0.804278 366.000000 0.195722 
0.803743 367.000000 0.196257 
0.796791 380.000000 0.203209 
0.795722 382.000000 0.204278 
0.806417 362.000000 0.193583 
0.803209 368.000000 0.196791 
0.808556 358.000000 0.191444 
0.803743 367.000000 0.196257 
0.800000 374.000000 0.200000 
0.803209 368.000000 0.196791 
0.803743 367.000000 0.196257 
0.801604 371.000000 0.198396 
0.798930 376.000000 0.201070 
0.798396 377.000000 0.201604 
0.795722 382.000000 0.204278 
0.794118 385.000000 0.205882 
0.793048 387.000000 0.206952 
0.804278 366.000000 0.195722 
0.803209 368.000000 0.196791 
0.808556 358.000000 0.191444 
0.803209 368.000000 0.196791 
0.795187 383.000000 0.204813 
0.806417 362.000000 0.193583 
0.794118 385.000000 0.205882 
0.801604 371.000000 0.198396 
0.801604 371.000000 0.198396 
0.805348 364.000000 0.194652 
0.800535 373.000000 0.199465 
0.795722 382.000000 0.204278 
0.796791 380.000000 0.203209 
0.798396 377.000000 0.201604 
0.805882 363.000000 0.194118 
0.797326 379.000000 0.202674 
0.797326 379.000000 0.202674 
0.791979 389.000000 0.208021 
0.799465 375.000000 0.200535 
0.804278 366.000000 0.195722 
0.792513 388.000000 0.207487 
0.804278 366.000000 0.195722 
0.796257 381.000000 0.203743 
0.798396 377.000000 0.201604 
0.798930 376.000000 0.201070 
0.796257 381.000000 0.203743 
0.800000 374.000000 0.200000 
0.808021 359.000000 0.191979 
0.801070 372.000000 0.198930 
0.804813 365.000000 0.195187 
0.796791 380.000000 0.203209 
0.803743 367.000000 0.196257 
0.805348 364.000000 0.194652 
0.798396 377.000000 0.201604 
0.804813 365.000000 0.195187 
0.797326 379.000000 0.202674 
0.807487 360.000000 0.192513 
0.797326 379.000000 0.202674 
0.799465 375.000000 0.200535 
0.805882 363.000000 0.194118 
0.800535 373.000000 0.199465 
0.790374 392.000000 0.209626 
0.796257 381.000000 0.203743 
0.795187 383.000000 0.204813 
0.791979 389.000000 0.208021 
0.794652 384.000000 0.205348 
0.804278 366.000000 0.195722 
0.796791 380.000000 0.203209 
0.796791 380.000000 0.203209 
0.791979 389.000000 0.208021 
0.803209 368.000000 0.196791 
0.795722 382.000000 0.204278 
0.795187 383.000000 0.204813 
0.802674 369.000000 0.197326 
0.796791 380.000000 0.203209 
0.806952 361.000000 0.193048 
0.800000 374.000000 0.200000 
0.797861 378.000000 0.202139 
0.800535 373.000000 0.199465 
0.798930 376.000000 0.201070 
0.811230 353.000000 0.188770 
0.803743 367.000000 0.196257 
0.793048 387.000000 0.206952 
0.800000 374.000000 0.200000 
0.808021 359.000000 0.191979 
0.799465 375.000000 0.200535 
0.803209 368.000000 0.196791 
0.797861 378.000000 0.202139 
0.799465 375.000000 0.200535 
0.798396 377.000000 0.201604 
0.802674 369.000000 0.197326 
0.800000 374.000000 0.200000 
0.797326 379.000000 0.202674 
0.808021 359.000000 0.191979 
0.796791 380.000000 0.203209 
0.810695 354.000000 0.189305 
0.798396 377.000000 0.201604 
0.802139 370.000000 0.197861 
0.806952 361.000000 0.193048 
0.799465 375.000000 0.200535 
0.806952 361.000000 0.193048 
0.792513 388.000000 0.207487 
0.799465 375.000000 0.200535 
0.801604 371.000000 0.198396 
0.789305 394.000000 0.210695 
0.793048 387.000000 0.206952 
0.800000 374.000000 0.200000 
0.804278 366.000000 0.195722 
0.804813 365.000000 0.195187 
0.801604 371.000000 0.198396 
0.795187 383.000000 0.204813 
0.806952 361.000000 0.193048 
0.802139 370.000000 0.197861 
0.798930 376.000000 0.201070 
0.805348 364.000000 0.194652 
0.799465 375.000000 0.200535 
0.803209 368.000000 0.196791 
0.802139 370.000000 0.197861 
0.801070 372.000000 0.198930 
0.800000 374.000000 0.200000 
0.801070 372.000000 0.198930 
0.798930 376.000000 0.201070 
0.786631 399.000000 0.213369 
0.793583 386.000000 0.206417 
0.802674 369.000000 0.197326 
0.800000 374.000000 0.200000 
0.803209 368.000000 0.196791 
0.803209 368.000000 0.196791 
0.800000 374.000000 0.200000 
0.808021 359.000000 0.191979 
0.795187 383.000000 0.204813 
0.805882 363.000000 0.194118 
0.797861 378.000000 0.202139 
0.799465 375.000000 0.200535 
0.800000 374.000000 0.200000 
0.798930 376.000000 0.201070 
0.805348 364.000000 0.194652 
0.803743 367.000000 0.196257 
0.800000 374.000000 0.200000 
0.795722 382.000000 0.204278 
0.792513 388.000000 0.207487 
0.796791 380.000000 0.203209 
0.790374 392.000000 0.209626 
0.802674 369.000000 0.197326 
0.802674 369.000000 0.197326 
0.812299 351.000000 0.187701 
0.801604 371.000000 0.198396 
0.794652 384.000000 0.205348 
0.796791 380.000000 0.203209 
0.797326 379.000000 0.202674 
0.796257 381.000000 0.203743 
0.803209 368.000000 0.196791 
0.804813 365.000000 0.195187 
0.797326 379.000000 0.202674 
0.807487 360.000000 0.192513 
0.804813 365.000000 0.195187 
0.800535 373.000000 0.199465 
0.788235 396.000000 0.211765 
0.796257 381.000000 0.203743 
0.807487 360.000000 0.192513 
0.802139 370.000000 0.197861 
0.805348 364.000000 0.194652 
0.803743 367.000000 0.196257 
0.796257 381.000000 0.203743 
0.794652 384.000000 0.205348 
0.800000 374.000000 0.200000 
0.805882 363.000000 0.194118 
0.801070 372.000000 0.198930 
0.793583 386.000000 0.206417 
0.794652 384.000000 0.205348 
0.801604 371.000000 0.198396 
0.798930 376.000000 0.201070 
0.799465 375.000000 0.200535 
0.796257 381.000000 0.203743 
0.804278 366.000000 0.195722 
0.802139 370.000000 0.197861 
0.799465 375.000000 0.200535 
0.802139 370.000000 0.197861 
0.809091 357.000000 0.190909 
0.799465 375.000000 0.200535 
0.805882 363.000000 0.194118 
0.798930 376.000000 0.201070 
0.800535 373.000000 0.199465 
0.798396 377.000000 0.201604 
0.793583 386.000000 0.206417 
0.800000 374.000000 0.200000 
0.795722 382.000000 0.204278 
0.806417 362.000000 0.193583 
0.800535 373.000000 0.199465 
0.796257 381.000000 0.203743 
0.795187 383.000000 0.204813 
0.794652 384.000000 0.205348 
0.791444 390.000000 0.208556 
0.796791 380.000000 0.203209 
0.800000 374.000000 0.200000 
0.805348 364.000000 0.194652 
0.802674 369.000000 0.197326 
0.796257 381.000000 0.203743 
0.806417 362.000000 0.193583 
0.799465 375.000000 0.200535 
0.803209 368.000000 0.196791 
0.801070 372.000000 0.198930 
0.806417 362.000000 0.193583 
0.798930 376.000000 0.201070 
0.798930 376.000000 0.201070 
0.795187 383.000000 0.204813 
