0.921925 146.000000 0.078075 
0.921925 146.000000 0.078075 
0.923529 143.000000 0.076471 
0.920321 149.000000 0.079679 
0.923529 143.000000 0.076471 
0.926738 137.000000 0.073262 
0.926203 138.000000 0.073797 
0.922995 144.000000 0.077005 
0.926203 138.000000 0.073797 
0.926738 137.000000 0.073262 
0.932086 127.000000 0.067914 
0.927273 136.000000 0.072727 
0.933155 125.000000 0.066845 
0.924064 142.000000 0.075936 
0.924599 141.000000 0.075401 
0.932086 127.000000 0.067914 
0.921390 147.000000 0.078610 
0.927273 136.000000 0.072727 
0.931551 128.000000 0.068449 
0.923529 143.000000 0.076471 
0.922460 145.000000 0.077540 
0.926203 138.000000 0.073797 
0.920856 148.000000 0.079144 
0.932086 127.000000 0.067914 
0.925668 139.000000 0.074332 
0.927273 136.000000 0.072727 
0.919786 150.000000 0.080214 
0.927273 136.000000 0.072727 
0.918717 152.000000 0.081283 
0.928877 133.000000 0.071123 
0.921390 147.000000 0.078610 
0.923529 143.000000 0.076471 
0.929412 132.000000 0.070588 
0.921925 146.000000 0.078075 
0.923529 143.000000 0.076471 
0.926738 137.000000 0.073262 
0.923529 143.000000 0.076471 
0.920321 149.000000 0.079679 
0.925134 140.000000 0.074866 
0.925668 139.000000 0.074332 
0.921925 146.000000 0.078075 
0.923529 143.000000 0.076471 
0.927273 136.000000 0.072727 
0.927273 136.000000 0.072727 
0.924599 141.000000 0.075401 
0.927807 135.000000 0.072193 
0.922460 145.000000 0.077540 
0.924064 142.000000 0.075936 
0.925134 140.000000 0.074866 
0.925134 140.000000 0.074866 
0.922995 144.000000 0.077005 
0.926203 138.000000 0.073797 
0.922995 144.000000 0.077005 
0.920856 148.000000 0.079144 
0.933155 125.000000 0.066845 
0.922460 145.000000 0.077540 
0.921925 146.000000 0.078075 
0.922460 145.000000 0.077540 
0.926738 137.000000 0.073262 
0.926203 138.000000 0.073797 
0.925134 140.000000 0.074866 
0.924064 142.000000 0.075936 
0.921390 147.000000 0.078610 
0.922460 145.000000 0.077540 
0.925668 139.000000 0.074332 
0.922995 144.000000 0.077005 
0.925668 139.000000 0.074332 
0.917112 155.000000 0.082888 
0.924064 142.000000 0.075936 
0.921925 146.000000 0.078075 
0.926203 138.000000 0.073797 
0.922995 144.000000 0.077005 
0.924064 142.000000 0.075936 
0.926738 137.000000 0.073262 
0.925134 140.000000 0.074866 
0.926738 137.000000 0.073262 
0.925134 140.000000 0.074866 
0.922995 144.000000 0.077005 
0.923529 143.000000 0.076471 
0.921390 147.000000 0.078610 
0.923529 143.000000 0.076471 
0.922995 144.000000 0.077005 
0.924064 142.000000 0.075936 
0.923529 143.000000 0.076471 
0.925668 139.000000 0.074332 
0.919251 151.000000 0.080749 
0.932086 127.000000 0.067914 
0.918717 152.000000 0.081283 
0.928342 134.000000 0.071658 
0.927273 136.000000 0.072727 
0.923529 143.000000 0.076471 
0.926738 137.000000 0.073262 
0.926203 138.000000 0.073797 
0.926203 138.000000 0.073797 
0.921390 147.000000 0.078610 
0.927273 136.000000 0.072727 
0.933155 125.000000 0.066845 
0.925668 139.000000 0.074332 
0.923529 143.000000 0.076471 
0.929412 132.000000 0.070588 
0.923529 143.000000 0.076471 
0.926203 138.000000 0.073797 
0.921390 147.000000 0.078610 
0.924064 142.000000 0.075936 
0.922460 145.000000 0.077540 
0.928342 134.000000 0.071658 
0.922995 144.000000 0.077005 
0.926738 137.000000 0.073262 
0.925668 139.000000 0.074332 
0.924064 142.000000 0.075936 
0.919786 150.000000 0.080214 
0.924064 142.000000 0.075936 
0.922995 144.000000 0.077005 
0.924064 142.000000 0.075936 
0.927273 136.000000 0.072727 
0.929947 131.000000 0.070053 
0.923529 143.000000 0.076471 
0.928342 134.000000 0.071658 
0.924599 141.000000 0.075401 
0.928342 134.000000 0.071658 
0.924064 142.000000 0.075936 
0.919786 150.000000 0.080214 
0.921925 146.000000 0.078075 
0.928342 134.000000 0.071658 
0.922460 145.000000 0.077540 
0.924599 141.000000 0.075401 
0.920856 148.000000 0.079144 
0.926203 138.000000 0.073797 
0.926738 137.000000 0.073262 
0.921925 146.000000 0.078075 
0.925134 140.000000 0.074866 
0.924599 141.000000 0.075401 
0.927273 136.000000 0.072727 
0.924599 141.000000 0.075401 
0.926738 137.000000 0.073262 
0.919786 150.000000 0.080214 
0.926738 137.000000 0.073262 
0.918182 153.000000 0.081818 
0.925668 139.000000 0.074332 
0.922460 145.000000 0.077540 
0.922995 144.000000 0.077005 
0.920856 148.000000 0.079144 
0.922460 145.000000 0.077540 
0.926738 137.000000 0.073262 
0.920321 149.000000 0.079679 
0.926203 138.000000 0.073797 
0.922995 144.000000 0.077005 
0.922460 145.000000 0.077540 
0.924064 142.000000 0.075936 
0.925134 140.000000 0.074866 
0.925668 139.000000 0.074332 
0.920856 148.000000 0.079144 
0.922460 145.000000 0.077540 
0.926738 137.000000 0.073262 
0.928877 133.000000 0.071123 
0.924599 141.000000 0.075401 
0.919786 150.000000 0.080214 
0.926203 138.000000 0.073797 
0.924064 142.000000 0.075936 
0.918182 153.000000 0.081818 
0.928877 133.000000 0.071123 
0.923529 143.000000 0.076471 
0.928342 134.000000 0.071658 
0.928342 134.000000 0.071658 
0.926203 138.000000 0.073797 
0.917647 154.000000 0.082353 
0.926738 137.000000 0.073262 
0.922460 145.000000 0.077540 
0.927807 135.000000 0.072193 
0.916578 156.000000 0.083422 
0.924599 141.000000 0.075401 
0.926203 138.000000 0.073797 
0.927807 135.000000 0.072193 
0.928877 133.000000 0.071123 
0.925134 140.000000 0.074866 
0.924599 141.000000 0.075401 
0.925668 139.000000 0.074332 
0.926738 137.000000 0.073262 
0.921390 147.000000 0.078610 
0.924064 142.000000 0.075936 
0.922995 144.000000 0.077005 
0.926203 138.000000 0.073797 
0.927273 136.000000 0.072727 
0.934759 122.000000 0.065241 
0.926738 137.000000 0.073262 
0.923529 143.000000 0.076471 
0.924064 142.000000 0.075936 
0.924599 141.000000 0.075401 
0.925134 140.000000 0.074866 
0.927807 135.000000 0.072193 
0.929947 131.000000 0.070053 
0.923529 143.000000 0.076471 
0.922460 145.000000 0.077540 
0.920856 148.000000 0.079144 
0.927807 135.000000 0.072193 
0.925134 140.000000 0.074866 
0.916043 157.000000 0.083957 
0.926738 137.000000 0.073262 
0.921925 146.000000 0.078075 
0.928342 134.000000 0.071658 
0.923529 143.000000 0.076471 
0.929947 131.000000 0.070053 
0.916043 157.000000 0.083957 
0.924599 141.000000 0.075401 
0.920321 149.000000 0.079679 
0.925134 140.000000 0.074866 
0.927273 136.000000 0.072727 
0.922995 144.000000 0.077005 
0.919251 151.000000 0.080749 
0.922995 144.000000 0.077005 
0.927807 135.000000 0.072193 
0.924064 142.000000 0.075936 
0.920321 149.000000 0.079679 
0.924064 142.000000 0.075936 
0.929412 132.000000 0.070588 
0.922460 145.000000 0.077540 
0.925668 139.000000 0.074332 
0.922460 145.000000 0.077540 
0.925668 139.000000 0.074332 
0.926738 137.000000 0.073262 
0.923529 143.000000 0.076471 
0.918717 152.000000 0.081283 
0.926738 137.000000 0.073262 
0.925668 139.000000 0.074332 
0.917112 155.000000 0.082888 
0.923529 143.000000 0.076471 
0.928342 134.000000 0.071658 
0.926203 138.000000 0.073797 
0.924599 141.000000 0.075401 
0.924064 142.000000 0.075936 
0.925134 140.000000 0.074866 
0.926738 137.000000 0.073262 
0.923529 143.000000 0.076471 
0.926738 137.000000 0.073262 
0.929947 131.000000 0.070053 
0.925668 139.000000 0.074332 
0.927807 135.000000 0.072193 
0.921390 147.000000 0.078610 
0.924064 142.000000 0.075936 
0.925668 139.000000 0.074332 
0.924064 142.000000 0.075936 
0.917112 155.000000 0.082888 
0.925134 140.000000 0.074866 
0.925134 140.000000 0.074866 
0.922460 145.000000 0.077540 
0.932086 127.000000 0.067914 
0.922460 145.000000 0.077540 
0.921925 146.000000 0.078075 
0.920856 148.000000 0.079144 
0.923529 143.000000 0.076471 
0.926738 137.000000 0.073262 
0.920856 148.000000 0.079144 
0.925668 139.000000 0.074332 
0.932086 127.000000 0.067914 
0.919786 150.000000 0.080214 
0.925134 140.000000 0.074866 
0.924599 141.000000 0.075401 
0.927807 135.000000 0.072193 
0.924599 141.000000 0.075401 
0.920856 148.000000 0.079144 
0.926738 137.000000 0.073262 
0.919786 150.000000 0.080214 
0.922995 144.000000 0.077005 
0.922460 145.000000 0.077540 
0.919251 151.000000 0.080749 
0.927807 135.000000 0.072193 
0.917647 154.000000 0.082353 
0.919251 151.000000 0.080749 
0.923529 143.000000 0.076471 
0.922995 144.000000 0.077005 
0.924064 142.000000 0.075936 
0.927273 136.000000 0.072727 
0.918182 153.000000 0.081818 
0.920856 148.000000 0.079144 
0.923529 143.000000 0.076471 
0.927807 135.000000 0.072193 
0.924064 142.000000 0.075936 
0.917112 155.000000 0.082888 
0.924064 142.000000 0.075936 
0.923529 143.000000 0.076471 
0.924064 142.000000 0.075936 
0.924064 142.000000 0.075936 
0.924599 141.000000 0.075401 
0.922995 144.000000 0.077005 
0.918717 152.000000 0.081283 
0.932620 126.000000 0.067380 
0.925668 139.000000 0.074332 
0.922995 144.000000 0.077005 
0.927807 135.000000 0.072193 
0.925134 140.000000 0.074866 
0.920856 148.000000 0.079144 
0.922460 145.000000 0.077540 
0.926203 138.000000 0.073797 
0.924064 142.000000 0.075936 
0.920856 148.000000 0.079144 
0.932620 126.000000 0.067380 
0.926203 138.000000 0.073797 
0.922460 145.000000 0.077540 
0.923529 143.000000 0.076471 
0.923529 143.000000 0.076471 
0.926738 137.000000 0.073262 
0.928342 134.000000 0.071658 
0.923529 143.000000 0.076471 
0.929412 132.000000 0.070588 
0.926738 137.000000 0.073262 
0.927273 136.000000 0.072727 
0.924599 141.000000 0.075401 
0.924599 141.000000 0.075401 
0.918182 153.000000 0.081818 
0.921390 147.000000 0.078610 
0.920856 148.000000 0.079144 
0.923529 143.000000 0.076471 
0.928342 134.000000 0.071658 
0.920321 149.000000 0.079679 
0.926203 138.000000 0.073797 
0.931016 129.000000 0.068984 
0.923529 143.000000 0.076471 
0.928877 133.000000 0.071123 
0.922995 144.000000 0.077005 
0.920321 149.000000 0.079679 
0.924599 141.000000 0.075401 
0.924599 141.000000 0.075401 
0.924064 142.000000 0.075936 
0.922460 145.000000 0.077540 
0.922995 144.000000 0.077005 
0.928342 134.000000 0.071658 
0.926203 138.000000 0.073797 
0.921390 147.000000 0.078610 
0.920856 148.000000 0.079144 
0.922460 145.000000 0.077540 
0.919786 150.000000 0.080214 
0.922460 145.000000 0.077540 
0.916578 156.000000 0.083422 
0.925668 139.000000 0.074332 
0.926203 138.000000 0.073797 
0.924599 141.000000 0.075401 
0.927273 136.000000 0.072727 
0.929412 132.000000 0.070588 
0.921390 147.000000 0.078610 
0.918717 152.000000 0.081283 
0.927807 135.000000 0.072193 
0.932086 127.000000 0.067914 
0.920856 148.000000 0.079144 
0.925134 140.000000 0.074866 
0.925134 140.000000 0.074866 
0.918717 152.000000 0.081283 
0.920856 148.000000 0.079144 
0.928877 133.000000 0.071123 
0.920321 149.000000 0.079679 
0.920321 149.000000 0.079679 
0.922460 145.000000 0.077540 
0.923529 143.000000 0.076471 
0.927273 136.000000 0.072727 
0.925668 139.000000 0.074332 
0.925134 140.000000 0.074866 
0.921925 146.000000 0.078075 
0.922460 145.000000 0.077540 
0.928877 133.000000 0.071123 
0.921925 146.000000 0.078075 
0.927273 136.000000 0.072727 
0.929947 131.000000 0.070053 
0.921390 147.000000 0.078610 
0.924599 141.000000 0.075401 
0.924064 142.000000 0.075936 
0.922995 144.000000 0.077005 
0.929947 131.000000 0.070053 
0.925668 139.000000 0.074332 
0.926203 138.000000 0.073797 
0.927807 135.000000 0.072193 
0.922995 144.000000 0.077005 
0.920321 149.000000 0.079679 
0.927273 136.000000 0.072727 
0.927807 135.000000 0.072193 
0.921925 146.000000 0.078075 
0.923529 143.000000 0.076471 
0.922995 144.000000 0.077005 
0.927807 135.000000 0.072193 
0.923529 143.000000 0.076471 
0.927273 136.000000 0.072727 
0.927273 136.000000 0.072727 
0.926738 137.000000 0.073262 
0.933690 124.000000 0.066310 
0.918182 153.000000 0.081818 
0.920856 148.000000 0.079144 
0.925134 140.000000 0.074866 
0.926203 138.000000 0.073797 
0.917647 154.000000 0.082353 
0.926203 138.000000 0.073797 
0.928877 133.000000 0.071123 
0.928342 134.000000 0.071658 
0.928342 134.000000 0.071658 
0.926203 138.000000 0.073797 
0.929947 131.000000 0.070053 
0.922460 145.000000 0.077540 
0.927807 135.000000 0.072193 
0.925668 139.000000 0.074332 
0.925668 139.000000 0.074332 
0.928877 133.000000 0.071123 
0.928342 134.000000 0.071658 
0.923529 143.000000 0.076471 
0.926738 137.000000 0.073262 
0.921925 146.000000 0.078075 
0.924064 142.000000 0.075936 
0.923529 143.000000 0.076471 
0.925134 140.000000 0.074866 
0.927807 135.000000 0.072193 
0.926738 137.000000 0.073262 
0.926203 138.000000 0.073797 
0.924064 142.000000 0.075936 
0.924599 141.000000 0.075401 
0.924064 142.000000 0.075936 
0.922460 145.000000 0.077540 
0.929947 131.000000 0.070053 
0.920856 148.000000 0.079144 
0.923529 143.000000 0.076471 
0.922460 145.000000 0.077540 
0.923529 143.000000 0.076471 
0.927273 136.000000 0.072727 
0.923529 143.000000 0.076471 
0.924064 142.000000 0.075936 
0.925668 139.000000 0.074332 
0.924599 141.000000 0.075401 
0.926738 137.000000 0.073262 
0.916578 156.000000 0.083422 
0.924064 142.000000 0.075936 
0.922460 145.000000 0.077540 
0.931016 129.000000 0.068984 
0.927273 136.000000 0.072727 
0.920321 149.000000 0.079679 
0.924064 142.000000 0.075936 
0.924599 141.000000 0.075401 
0.928342 134.000000 0.071658 
0.926203 138.000000 0.073797 
0.927807 135.000000 0.072193 
0.927273 136.000000 0.072727 
0.925668 139.000000 0.074332 
0.918182 153.000000 0.081818 
0.927807 135.000000 0.072193 
0.925134 140.000000 0.074866 
0.922995 144.000000 0.077005 
0.918717 152.000000 0.081283 
0.925668 139.000000 0.074332 
0.918182 153.000000 0.081818 
0.935294 121.000000 0.064706 
0.928877 133.000000 0.071123 
0.920321 149.000000 0.079679 
0.917647 154.000000 0.082353 
0.922995 144.000000 0.077005 
0.924599 141.000000 0.075401 
0.920856 148.000000 0.079144 
0.921925 146.000000 0.078075 
0.920321 149.000000 0.079679 
0.924064 142.000000 0.075936 
0.921390 147.000000 0.078610 
0.929412 132.000000 0.070588 
0.924064 142.000000 0.075936 
0.924599 141.000000 0.075401 
0.924599 141.000000 0.075401 
0.922460 145.000000 0.077540 
0.924064 142.000000 0.075936 
0.922460 145.000000 0.077540 
0.918717 152.000000 0.081283 
0.921925 146.000000 0.078075 
0.923529 143.000000 0.076471 
0.922460 145.000000 0.077540 
0.925668 139.000000 0.074332 
0.927807 135.000000 0.072193 
0.922460 145.000000 0.077540 
0.927273 136.000000 0.072727 
0.922460 145.000000 0.077540 
0.929412 132.000000 0.070588 
0.922995 144.000000 0.077005 
0.923529 143.000000 0.076471 
0.926203 138.000000 0.073797 
0.926738 137.000000 0.073262 
0.923529 143.000000 0.076471 
0.924064 142.000000 0.075936 
0.921925 146.000000 0.078075 
0.919251 151.000000 0.080749 
0.921390 147.000000 0.078610 
0.928342 134.000000 0.071658 
0.927807 135.000000 0.072193 
0.921925 146.000000 0.078075 
0.921390 147.000000 0.078610 
0.919786 150.000000 0.080214 
0.926738 137.000000 0.073262 
0.917647 154.000000 0.082353 
0.932086 127.000000 0.067914 
0.921390 147.000000 0.078610 
0.925134 140.000000 0.074866 
0.922995 144.000000 0.077005 
0.920321 149.000000 0.079679 
0.920856 148.000000 0.079144 
0.928342 134.000000 0.071658 
0.919251 151.000000 0.080749 
0.920856 148.000000 0.079144 
0.926738 137.000000 0.073262 
0.922995 144.000000 0.077005 
0.928342 134.000000 0.071658 
0.924599 141.000000 0.075401 
0.918717 152.000000 0.081283 
0.925668 139.000000 0.074332 
0.924064 142.000000 0.075936 
0.925668 139.000000 0.074332 
0.920856 148.000000 0.079144 
0.920856 148.000000 0.079144 
0.924599 141.000000 0.075401 
0.919251 151.000000 0.080749 
0.924599 141.000000 0.075401 
0.928877 133.000000 0.071123 
0.927807 135.000000 0.072193 
0.928342 134.000000 0.071658 
0.925668 139.000000 0.074332 
0.927273 136.000000 0.072727 
0.927273 136.000000 0.072727 
0.919251 151.000000 0.080749 
0.920321 149.000000 0.079679 
0.929412 132.000000 0.070588 
0.926738 137.000000 0.073262 
0.922995 144.000000 0.077005 
0.923529 143.000000 0.076471 
0.924064 142.000000 0.075936 
0.924599 141.000000 0.075401 
0.926203 138.000000 0.073797 
0.929412 132.000000 0.070588 
0.928342 134.000000 0.071658 
0.919786 150.000000 0.080214 
0.924064 142.000000 0.075936 
0.927273 136.000000 0.072727 
0.920321 149.000000 0.079679 
0.926738 137.000000 0.073262 
0.921390 147.000000 0.078610 
0.927807 135.000000 0.072193 
0.926203 138.000000 0.073797 
0.926203 138.000000 0.073797 
0.924064 142.000000 0.075936 
0.931016 129.000000 0.068984 
0.922995 144.000000 0.077005 
0.921925 146.000000 0.078075 
0.923529 143.000000 0.076471 
0.922995 144.000000 0.077005 
0.922460 145.000000 0.077540 
0.922460 145.000000 0.077540 
0.927807 135.000000 0.072193 
0.921390 147.000000 0.078610 
0.923529 143.000000 0.076471 
0.927807 135.000000 0.072193 
0.918182 153.000000 0.081818 
0.924599 141.000000 0.075401 
0.925668 139.000000 0.074332 
0.922995 144.000000 0.077005 
0.929947 131.000000 0.070053 
0.928877 133.000000 0.071123 
0.925134 140.000000 0.074866 
0.922995 144.000000 0.077005 
0.922995 144.000000 0.077005 
0.922460 145.000000 0.077540 
0.929947 131.000000 0.070053 
0.920856 148.000000 0.079144 
0.925668 139.000000 0.074332 
0.927807 135.000000 0.072193 
0.925668 139.000000 0.074332 
0.921925 146.000000 0.078075 
0.922460 145.000000 0.077540 
0.922460 145.000000 0.077540 
0.920856 148.000000 0.079144 
0.919251 151.000000 0.080749 
0.921390 147.000000 0.078610 
0.920856 148.000000 0.079144 
0.925668 139.000000 0.074332 
0.926203 138.000000 0.073797 
0.927273 136.000000 0.072727 
0.928877 133.000000 0.071123 
0.927807 135.000000 0.072193 
0.919786 150.000000 0.080214 
0.922460 145.000000 0.077540 
0.921925 146.000000 0.078075 
0.922995 144.000000 0.077005 
0.925134 140.000000 0.074866 
0.925134 140.000000 0.074866 
0.924064 142.000000 0.075936 
0.923529 143.000000 0.076471 
0.923529 143.000000 0.076471 
0.922460 145.000000 0.077540 
0.925134 140.000000 0.074866 
0.921925 146.000000 0.078075 
0.932086 127.000000 0.067914 
0.921925 146.000000 0.078075 
0.924064 142.000000 0.075936 
0.920321 149.000000 0.079679 
0.924064 142.000000 0.075936 
0.926738 137.000000 0.073262 
0.931016 129.000000 0.068984 
0.924064 142.000000 0.075936 
0.928342 134.000000 0.071658 
0.924599 141.000000 0.075401 
0.927273 136.000000 0.072727 
0.920321 149.000000 0.079679 
0.922460 145.000000 0.077540 
0.926203 138.000000 0.073797 
0.919786 150.000000 0.080214 
0.917647 154.000000 0.082353 
0.925668 139.000000 0.074332 
0.927273 136.000000 0.072727 
0.917112 155.000000 0.082888 
0.922995 144.000000 0.077005 
0.927273 136.000000 0.072727 
0.926738 137.000000 0.073262 
0.923529 143.000000 0.076471 
0.920856 148.000000 0.079144 
0.920856 148.000000 0.079144 
0.921925 146.000000 0.078075 
0.921925 146.000000 0.078075 
0.927807 135.000000 0.072193 
0.928342 134.000000 0.071658 
0.928342 134.000000 0.071658 
0.921925 146.000000 0.078075 
0.925134 140.000000 0.074866 
0.919251 151.000000 0.080749 
0.925668 139.000000 0.074332 
0.921925 146.000000 0.078075 
0.923529 143.000000 0.076471 
0.927807 135.000000 0.072193 
0.929947 131.000000 0.070053 
0.925668 139.000000 0.074332 
0.925134 140.000000 0.074866 
0.926203 138.000000 0.073797 
0.923529 143.000000 0.076471 
0.925134 140.000000 0.074866 
0.917112 155.000000 0.082888 
0.916043 157.000000 0.083957 
0.923529 143.000000 0.076471 
0.917647 154.000000 0.082353 
0.922460 145.000000 0.077540 
0.926738 137.000000 0.073262 
0.918717 152.000000 0.081283 
0.924599 141.000000 0.075401 
0.921390 147.000000 0.078610 
0.919786 150.000000 0.080214 
0.924064 142.000000 0.075936 
0.919251 151.000000 0.080749 
0.928342 134.000000 0.071658 
0.924599 141.000000 0.075401 
0.922460 145.000000 0.077540 
0.930481 130.000000 0.069519 
0.924064 142.000000 0.075936 
0.925668 139.000000 0.074332 
0.925668 139.000000 0.074332 
0.922460 145.000000 0.077540 
0.921390 147.000000 0.078610 
0.928877 133.000000 0.071123 
0.929412 132.000000 0.070588 
0.924599 141.000000 0.075401 
0.919251 151.000000 0.080749 
0.922995 144.000000 0.077005 
0.928877 133.000000 0.071123 
0.924064 142.000000 0.075936 
0.924064 142.000000 0.075936 
0.922995 144.000000 0.077005 
0.920856 148.000000 0.079144 
0.929412 132.000000 0.070588 
0.929947 131.000000 0.070053 
0.925134 140.000000 0.074866 
0.925668 139.000000 0.074332 
0.927273 136.000000 0.072727 
0.922995 144.000000 0.077005 
0.926738 137.000000 0.073262 
0.922995 144.000000 0.077005 
0.925134 140.000000 0.074866 
0.923529 143.000000 0.076471 
0.925134 140.000000 0.074866 
0.922995 144.000000 0.077005 
0.927273 136.000000 0.072727 
0.925134 140.000000 0.074866 
0.926203 138.000000 0.073797 
0.924599 141.000000 0.075401 
0.926738 137.000000 0.073262 
0.926738 137.000000 0.073262 
0.927807 135.000000 0.072193 
0.928342 134.000000 0.071658 
0.925668 139.000000 0.074332 
0.926203 138.000000 0.073797 
0.927273 136.000000 0.072727 
0.925134 140.000000 0.074866 
0.918717 152.000000 0.081283 
0.927273 136.000000 0.072727 
0.925668 139.000000 0.074332 
0.924064 142.000000 0.075936 
0.923529 143.000000 0.076471 
0.928877 133.000000 0.071123 
0.926203 138.000000 0.073797 
0.921390 147.000000 0.078610 
0.921390 147.000000 0.078610 
0.925668 139.000000 0.074332 
0.921390 147.000000 0.078610 
0.922995 144.000000 0.077005 
0.931551 128.000000 0.068449 
0.919786 150.000000 0.080214 
0.913904 161.000000 0.086096 
0.921390 147.000000 0.078610 
0.931016 129.000000 0.068984 
0.925668 139.000000 0.074332 
0.926738 137.000000 0.073262 
0.924064 142.000000 0.075936 
0.929947 131.000000 0.070053 
0.929412 132.000000 0.070588 
0.928342 134.000000 0.071658 
0.930481 130.000000 0.069519 
0.922460 145.000000 0.077540 
0.921390 147.000000 0.078610 
0.927273 136.000000 0.072727 
0.928877 133.000000 0.071123 
0.925668 139.000000 0.074332 
0.915508 158.000000 0.084492 
0.929947 131.000000 0.070053 
0.933155 125.000000 0.066845 
0.919251 151.000000 0.080749 
0.925134 140.000000 0.074866 
0.924064 142.000000 0.075936 
0.924064 142.000000 0.075936 
0.927807 135.000000 0.072193 
0.920321 149.000000 0.079679 
0.927273 136.000000 0.072727 
0.925668 139.000000 0.074332 
0.921925 146.000000 0.078075 
0.922995 144.000000 0.077005 
0.920856 148.000000 0.079144 
0.926203 138.000000 0.073797 
0.921925 146.000000 0.078075 
0.926738 137.000000 0.073262 
0.928342 134.000000 0.071658 
0.922995 144.000000 0.077005 
0.921925 146.000000 0.078075 
0.920321 149.000000 0.079679 
0.927273 136.000000 0.072727 
0.928342 134.000000 0.071658 
0.929947 131.000000 0.070053 
0.926738 137.000000 0.073262 
0.924599 141.000000 0.075401 
0.927273 136.000000 0.072727 
0.920856 148.000000 0.079144 
0.917647 154.000000 0.082353 
0.925668 139.000000 0.074332 
0.925134 140.000000 0.074866 
0.918717 152.000000 0.081283 
0.928877 133.000000 0.071123 
0.924599 141.000000 0.075401 
0.924064 142.000000 0.075936 
0.928342 134.000000 0.071658 
0.921390 147.000000 0.078610 
0.928342 134.000000 0.071658 
0.921390 147.000000 0.078610 
0.922995 144.000000 0.077005 
0.919251 151.000000 0.080749 
0.924599 141.000000 0.075401 
0.924599 141.000000 0.075401 
0.922995 144.000000 0.077005 
0.926203 138.000000 0.073797 
0.927273 136.000000 0.072727 
0.921390 147.000000 0.078610 
0.925668 139.000000 0.074332 
0.920856 148.000000 0.079144 
0.924064 142.000000 0.075936 
0.920856 148.000000 0.079144 
0.929412 132.000000 0.070588 
0.917647 154.000000 0.082353 
0.926203 138.000000 0.073797 
0.922995 144.000000 0.077005 
0.928342 134.000000 0.071658 
0.927273 136.000000 0.072727 
0.929412 132.000000 0.070588 
0.918182 153.000000 0.081818 
0.928342 134.000000 0.071658 
0.925134 140.000000 0.074866 
0.924064 142.000000 0.075936 
0.922995 144.000000 0.077005 
0.926203 138.000000 0.073797 
0.928877 133.000000 0.071123 
0.926738 137.000000 0.073262 
0.927807 135.000000 0.072193 
0.924599 141.000000 0.075401 
0.929412 132.000000 0.070588 
0.922460 145.000000 0.077540 
0.924064 142.000000 0.075936 
0.925668 139.000000 0.074332 
0.927807 135.000000 0.072193 
0.926738 137.000000 0.073262 
0.929412 132.000000 0.070588 
0.923529 143.000000 0.076471 
0.925668 139.000000 0.074332 
0.923529 143.000000 0.076471 
0.932086 127.000000 0.067914 
0.923529 143.000000 0.076471 
0.925668 139.000000 0.074332 
0.922460 145.000000 0.077540 
0.925134 140.000000 0.074866 
0.921390 147.000000 0.078610 
0.921925 146.000000 0.078075 
0.928877 133.000000 0.071123 
0.923529 143.000000 0.076471 
0.927807 135.000000 0.072193 
0.925668 139.000000 0.074332 
0.929412 132.000000 0.070588 
0.920856 148.000000 0.079144 
0.928342 134.000000 0.071658 
0.926203 138.000000 0.073797 
0.925134 140.000000 0.074866 
0.921390 147.000000 0.078610 
0.925134 140.000000 0.074866 
0.924064 142.000000 0.075936 
0.923529 143.000000 0.076471 
0.924599 141.000000 0.075401 
0.926203 138.000000 0.073797 
0.922995 144.000000 0.077005 
0.924064 142.000000 0.075936 
0.928877 133.000000 0.071123 
0.927273 136.000000 0.072727 
0.928342 134.000000 0.071658 
0.926203 138.000000 0.073797 
0.927807 135.000000 0.072193 
0.923529 143.000000 0.076471 
0.927807 135.000000 0.072193 
0.927807 135.000000 0.072193 
0.925134 140.000000 0.074866 
0.927273 136.000000 0.072727 
0.925668 139.000000 0.074332 
0.930481 130.000000 0.069519 
0.931016 129.000000 0.068984 
0.925668 139.000000 0.074332 
0.925668 139.000000 0.074332 
0.923529 143.000000 0.076471 
0.924064 142.000000 0.075936 
0.925668 139.000000 0.074332 
0.924064 142.000000 0.075936 
0.919786 150.000000 0.080214 
0.925134 140.000000 0.074866 
0.927273 136.000000 0.072727 
0.922995 144.000000 0.077005 
0.922995 144.000000 0.077005 
0.928877 133.000000 0.071123 
0.920321 149.000000 0.079679 
0.925668 139.000000 0.074332 
0.926738 137.000000 0.073262 
0.918717 152.000000 0.081283 
0.925134 140.000000 0.074866 
0.923529 143.000000 0.076471 
0.926738 137.000000 0.073262 
0.926203 138.000000 0.073797 
0.922460 145.000000 0.077540 
0.921390 147.000000 0.078610 
0.926738 137.000000 0.073262 
0.924599 141.000000 0.075401 
0.921390 147.000000 0.078610 
0.922995 144.000000 0.077005 
0.926203 138.000000 0.073797 
0.928342 134.000000 0.071658 
0.921390 147.000000 0.078610 
0.924599 141.000000 0.075401 
0.920321 149.000000 0.079679 
0.922995 144.000000 0.077005 
0.922995 144.000000 0.077005 
0.929947 131.000000 0.070053 
0.928342 134.000000 0.071658 
0.921925 146.000000 0.078075 
0.927807 135.000000 0.072193 
0.922460 145.000000 0.077540 
0.923529 143.000000 0.076471 
0.928877 133.000000 0.071123 
0.921390 147.000000 0.078610 
0.923529 143.000000 0.076471 
0.924599 141.000000 0.075401 
0.920321 149.000000 0.079679 
0.923529 143.000000 0.076471 
0.922460 145.000000 0.077540 
0.921390 147.000000 0.078610 
0.923529 143.000000 0.076471 
0.922460 145.000000 0.077540 
0.924064 142.000000 0.075936 
0.918717 152.000000 0.081283 
0.924064 142.000000 0.075936 
0.928877 133.000000 0.071123 
0.920321 149.000000 0.079679 
0.925134 140.000000 0.074866 
0.921925 146.000000 0.078075 
0.928877 133.000000 0.071123 
0.924064 142.000000 0.075936 
0.925134 140.000000 0.074866 
0.924064 142.000000 0.075936 
0.921390 147.000000 0.078610 
0.926738 137.000000 0.073262 
0.926738 137.000000 0.073262 
0.921390 147.000000 0.078610 
0.922460 145.000000 0.077540 
0.921925 146.000000 0.078075 
0.922460 145.000000 0.077540 
0.929412 132.000000 0.070588 
0.922460 145.000000 0.077540 
0.926738 137.000000 0.073262 
0.918717 152.000000 0.081283 
0.927807 135.000000 0.072193 
0.920321 149.000000 0.079679 
0.929947 131.000000 0.070053 
0.927273 136.000000 0.072727 
0.925134 140.000000 0.074866 
0.928877 133.000000 0.071123 
0.921390 147.000000 0.078610 
0.919251 151.000000 0.080749 
0.931016 129.000000 0.068984 
0.929412 132.000000 0.070588 
0.923529 143.000000 0.076471 
0.917112 155.000000 0.082888 
0.928342 134.000000 0.071658 
0.922995 144.000000 0.077005 
0.922460 145.000000 0.077540 
0.922995 144.000000 0.077005 
0.927807 135.000000 0.072193 
0.926738 137.000000 0.073262 
0.919251 151.000000 0.080749 
0.924599 141.000000 0.075401 
0.919786 150.000000 0.080214 
0.926738 137.000000 0.073262 
0.933155 125.000000 0.066845 
0.920856 148.000000 0.079144 
0.921925 146.000000 0.078075 
0.929947 131.000000 0.070053 
0.920321 149.000000 0.079679 
0.924599 141.000000 0.075401 
0.929412 132.000000 0.070588 
0.927273 136.000000 0.072727 
0.927807 135.000000 0.072193 
0.922995 144.000000 0.077005 
0.920856 148.000000 0.079144 
0.922995 144.000000 0.077005 
0.924064 142.000000 0.075936 
0.926203 138.000000 0.073797 
0.924599 141.000000 0.075401 
0.924599 141.000000 0.075401 
0.919786 150.000000 0.080214 
0.922460 145.000000 0.077540 
0.924599 141.000000 0.075401 
0.922460 145.000000 0.077540 
0.924599 141.000000 0.075401 
0.921390 147.000000 0.078610 
0.924599 141.000000 0.075401 
0.929412 132.000000 0.070588 
0.928342 134.000000 0.071658 
0.929947 131.000000 0.070053 
0.920856 148.000000 0.079144 
0.924064 142.000000 0.075936 
0.926738 137.000000 0.073262 
0.929947 131.000000 0.070053 
0.928877 133.000000 0.071123 
0.934225 123.000000 0.065775 
0.922995 144.000000 0.077005 
0.924064 142.000000 0.075936 
0.926738 137.000000 0.073262 
0.928342 134.000000 0.071658 
0.927807 135.000000 0.072193 
0.923529 143.000000 0.076471 
0.918182 153.000000 0.081818 
0.925668 139.000000 0.074332 
0.926203 138.000000 0.073797 
0.924599 141.000000 0.075401 
0.923529 143.000000 0.076471 
0.924599 141.000000 0.075401 
0.919251 151.000000 0.080749 
0.921925 146.000000 0.078075 
0.924599 141.000000 0.075401 
0.922995 144.000000 0.077005 
0.919251 151.000000 0.080749 
0.922995 144.000000 0.077005 
0.926738 137.000000 0.073262 
0.927807 135.000000 0.072193 
0.927273 136.000000 0.072727 
0.922995 144.000000 0.077005 
0.927273 136.000000 0.072727 
0.926203 138.000000 0.073797 
0.925134 140.000000 0.074866 
0.925668 139.000000 0.074332 
0.925668 139.000000 0.074332 
0.925134 140.000000 0.074866 
0.924599 141.000000 0.075401 
0.921925 146.000000 0.078075 
0.925134 140.000000 0.074866 
0.929412 132.000000 0.070588 
0.921390 147.000000 0.078610 
0.928877 133.000000 0.071123 
0.926203 138.000000 0.073797 
0.927273 136.000000 0.072727 
0.923529 143.000000 0.076471 
0.924064 142.000000 0.075936 
0.927273 136.000000 0.072727 
0.926203 138.000000 0.073797 
0.929947 131.000000 0.070053 
0.919251 151.000000 0.080749 
0.921925 146.000000 0.078075 
0.927273 136.000000 0.072727 
0.924599 141.000000 0.075401 
0.922995 144.000000 0.077005 
0.925668 139.000000 0.074332 
0.920856 148.000000 0.079144 
0.921925 146.000000 0.078075 
0.922460 145.000000 0.077540 
0.926738 137.000000 0.073262 
0.925668 139.000000 0.074332 
0.924599 141.000000 0.075401 
0.928342 134.000000 0.071658 
0.925134 140.000000 0.074866 
0.930481 130.000000 0.069519 
0.924064 142.000000 0.075936 
0.921390 147.000000 0.078610 
0.926738 137.000000 0.073262 
0.922995 144.000000 0.077005 
0.925134 140.000000 0.074866 
0.921925 146.000000 0.078075 
0.920856 148.000000 0.079144 
0.926203 138.000000 0.073797 
0.921925 146.000000 0.078075 
0.926203 138.000000 0.073797 
0.922995 144.000000 0.077005 
0.925668 139.000000 0.074332 
0.921390 147.000000 0.078610 
0.925134 140.000000 0.074866 
0.928877 133.000000 0.071123 
0.921390 147.000000 0.078610 
0.923529 143.000000 0.076471 
0.925134 140.000000 0.074866 
0.927273 136.000000 0.072727 
0.921925 146.000000 0.078075 
0.927807 135.000000 0.072193 
0.917647 154.000000 0.082353 
0.923529 143.000000 0.076471 
0.921925 146.000000 0.078075 
0.924064 142.000000 0.075936 
0.926203 138.000000 0.073797 
0.921925 146.000000 0.078075 
0.925134 140.000000 0.074866 
0.929947 131.000000 0.070053 
0.924599 141.000000 0.075401 
0.927807 135.000000 0.072193 
0.927807 135.000000 0.072193 
0.924064 142.000000 0.075936 
0.924599 141.000000 0.075401 
0.920321 149.000000 0.079679 
0.923529 143.000000 0.076471 
0.923529 143.000000 0.076471 
0.922460 145.000000 0.077540 
0.924599 141.000000 0.075401 
0.926738 137.000000 0.073262 
0.926738 137.000000 0.073262 
0.927807 135.000000 0.072193 
0.929947 131.000000 0.070053 
0.927807 135.000000 0.072193 
0.929947 131.000000 0.070053 
0.919786 150.000000 0.080214 
0.925668 139.000000 0.074332 
0.921390 147.000000 0.078610 
0.922460 145.000000 0.077540 
0.928877 133.000000 0.071123 
0.922995 144.000000 0.077005 
0.928877 133.000000 0.071123 
0.925134 140.000000 0.074866 
0.924064 142.000000 0.075936 
0.923529 143.000000 0.076471 
0.932086 127.000000 0.067914 
0.928342 134.000000 0.071658 
0.929412 132.000000 0.070588 
0.925134 140.000000 0.074866 
0.918182 153.000000 0.081818 
0.936364 119.000000 0.063636 
0.922460 145.000000 0.077540 
0.931016 129.000000 0.068984 
0.924599 141.000000 0.075401 
0.922460 145.000000 0.077540 
0.921390 147.000000 0.078610 
0.931016 129.000000 0.068984 
0.921925 146.000000 0.078075 
0.926203 138.000000 0.073797 
0.924599 141.000000 0.075401 
0.924064 142.000000 0.075936 
0.921390 147.000000 0.078610 
0.926738 137.000000 0.073262 
0.926203 138.000000 0.073797 
0.920856 148.000000 0.079144 
0.924599 141.000000 0.075401 
0.920321 149.000000 0.079679 
0.920856 148.000000 0.079144 
0.921390 147.000000 0.078610 
0.923529 143.000000 0.076471 
0.925134 140.000000 0.074866 
0.925668 139.000000 0.074332 
0.921390 147.000000 0.078610 
0.926738 137.000000 0.073262 
0.930481 130.000000 0.069519 
0.927807 135.000000 0.072193 
0.922995 144.000000 0.077005 
0.928342 134.000000 0.071658 
0.920856 148.000000 0.079144 
0.924599 141.000000 0.075401 
0.921925 146.000000 0.078075 
0.921390 147.000000 0.078610 
0.925668 139.000000 0.074332 
0.928342 134.000000 0.071658 
0.925134 140.000000 0.074866 
0.928342 134.000000 0.071658 
0.922460 145.000000 0.077540 
0.923529 143.000000 0.076471 
0.931551 128.000000 0.068449 
0.921390 147.000000 0.078610 
0.926203 138.000000 0.073797 
0.924064 142.000000 0.075936 
0.924599 141.000000 0.075401 
0.926738 137.000000 0.073262 
0.926738 137.000000 0.073262 
0.928877 133.000000 0.071123 
0.928877 133.000000 0.071123 
0.920856 148.000000 0.079144 
0.927273 136.000000 0.072727 
0.923529 143.000000 0.076471 
0.923529 143.000000 0.076471 
0.921390 147.000000 0.078610 
0.926738 137.000000 0.073262 
0.924064 142.000000 0.075936 
0.926203 138.000000 0.073797 
0.927273 136.000000 0.072727 
0.921925 146.000000 0.078075 
0.922995 144.000000 0.077005 
0.921390 147.000000 0.078610 
0.924599 141.000000 0.075401 
0.926738 137.000000 0.073262 
0.925668 139.000000 0.074332 
0.926203 138.000000 0.073797 
0.934759 122.000000 0.065241 
0.918717 152.000000 0.081283 
0.928877 133.000000 0.071123 
0.927273 136.000000 0.072727 
0.918717 152.000000 0.081283 
0.917112 155.000000 0.082888 
0.929412 132.000000 0.070588 
0.925668 139.000000 0.074332 
0.926203 138.000000 0.073797 
0.926203 138.000000 0.073797 
0.929412 132.000000 0.070588 
0.924064 142.000000 0.075936 
0.922995 144.000000 0.077005 
0.923529 143.000000 0.076471 
0.932620 126.000000 0.067380 
0.927807 135.000000 0.072193 
0.927807 135.000000 0.072193 
0.928877 133.000000 0.071123 
0.925134 140.000000 0.074866 
0.917112 155.000000 0.082888 
0.929947 131.000000 0.070053 
0.922995 144.000000 0.077005 
0.926738 137.000000 0.073262 
0.921925 146.000000 0.078075 
0.918182 153.000000 0.081818 
0.922995 144.000000 0.077005 
0.921390 147.000000 0.078610 
0.928342 134.000000 0.071658 
0.925134 140.000000 0.074866 
0.928877 133.000000 0.071123 
0.925668 139.000000 0.074332 
0.928877 133.000000 0.071123 
0.926738 137.000000 0.073262 
0.925668 139.000000 0.074332 
0.929947 131.000000 0.070053 
0.922995 144.000000 0.077005 
0.927807 135.000000 0.072193 
0.922460 145.000000 0.077540 
0.923529 143.000000 0.076471 
0.924599 141.000000 0.075401 
0.927807 135.000000 0.072193 
0.923529 143.000000 0.076471 
0.928877 133.000000 0.071123 
0.919786 150.000000 0.080214 
0.928877 133.000000 0.071123 
0.924064 142.000000 0.075936 
0.931551 128.000000 0.068449 
0.929412 132.000000 0.070588 
0.927273 136.000000 0.072727 
0.921925 146.000000 0.078075 
0.929412 132.000000 0.070588 
0.924064 142.000000 0.075936 
0.921390 147.000000 0.078610 
0.927807 135.000000 0.072193 
0.923529 143.000000 0.076471 
0.924599 141.000000 0.075401 
0.920856 148.000000 0.079144 
0.921925 146.000000 0.078075 
0.929412 132.000000 0.070588 
0.922460 145.000000 0.077540 
0.922460 145.000000 0.077540 
0.920321 149.000000 0.079679 
0.922995 144.000000 0.077005 
0.929947 131.000000 0.070053 
0.924064 142.000000 0.075936 
0.926738 137.000000 0.073262 
0.927273 136.000000 0.072727 
0.924064 142.000000 0.075936 
0.924599 141.000000 0.075401 
0.921925 146.000000 0.078075 
0.924599 141.000000 0.075401 
0.925134 140.000000 0.074866 
0.923529 143.000000 0.076471 
0.930481 130.000000 0.069519 
0.928342 134.000000 0.071658 
0.922460 145.000000 0.077540 
0.924599 141.000000 0.075401 
0.925668 139.000000 0.074332 
0.921925 146.000000 0.078075 
0.924599 141.000000 0.075401 
0.931551 128.000000 0.068449 
0.927273 136.000000 0.072727 
0.925668 139.000000 0.074332 
0.925668 139.000000 0.074332 
0.927273 136.000000 0.072727 
0.929412 132.000000 0.070588 
0.927273 136.000000 0.072727 
0.929947 131.000000 0.070053 
0.924064 142.000000 0.075936 
0.918717 152.000000 0.081283 
0.925668 139.000000 0.074332 
0.922460 145.000000 0.077540 
0.926203 138.000000 0.073797 
0.923529 143.000000 0.076471 
0.927273 136.000000 0.072727 
0.921925 146.000000 0.078075 
0.925134 140.000000 0.074866 
0.933690 124.000000 0.066310 
0.923529 143.000000 0.076471 
0.922460 145.000000 0.077540 
0.925668 139.000000 0.074332 
0.921390 147.000000 0.078610 
0.925134 140.000000 0.074866 
0.921925 146.000000 0.078075 
0.929412 132.000000 0.070588 
0.924064 142.000000 0.075936 
0.927273 136.000000 0.072727 
0.924064 142.000000 0.075936 
0.921925 146.000000 0.078075 
0.925668 139.000000 0.074332 
0.929412 132.000000 0.070588 
0.920856 148.000000 0.079144 
0.922995 144.000000 0.077005 
0.928342 134.000000 0.071658 
0.921925 146.000000 0.078075 
0.926738 137.000000 0.073262 
0.921925 146.000000 0.078075 
0.921390 147.000000 0.078610 
0.923529 143.000000 0.076471 
0.920321 149.000000 0.079679 
0.918182 153.000000 0.081818 
0.927807 135.000000 0.072193 
0.927807 135.000000 0.072193 
0.926203 138.000000 0.073797 
0.924599 141.000000 0.075401 
0.925668 139.000000 0.074332 
0.924599 141.000000 0.075401 
0.919251 151.000000 0.080749 
0.922460 145.000000 0.077540 
0.923529 143.000000 0.076471 
0.927273 136.000000 0.072727 
0.920856 148.000000 0.079144 
0.927273 136.000000 0.072727 
0.927273 136.000000 0.072727 
0.928342 134.000000 0.071658 
0.927807 135.000000 0.072193 
0.925668 139.000000 0.074332 
0.925134 140.000000 0.074866 
0.920856 148.000000 0.079144 
0.922460 145.000000 0.077540 
0.925134 140.000000 0.074866 
0.929412 132.000000 0.070588 
0.927273 136.000000 0.072727 
0.928877 133.000000 0.071123 
0.932086 127.000000 0.067914 
0.922995 144.000000 0.077005 
0.926738 137.000000 0.073262 
0.921925 146.000000 0.078075 
0.930481 130.000000 0.069519 
0.926203 138.000000 0.073797 
0.920856 148.000000 0.079144 
0.921925 146.000000 0.078075 
0.920856 148.000000 0.079144 
0.925134 140.000000 0.074866 
0.925668 139.000000 0.074332 
0.919786 150.000000 0.080214 
0.918182 153.000000 0.081818 
0.922460 145.000000 0.077540 
0.920321 149.000000 0.079679 
0.923529 143.000000 0.076471 
0.929412 132.000000 0.070588 
0.928877 133.000000 0.071123 
0.926738 137.000000 0.073262 
0.925668 139.000000 0.074332 
0.929412 132.000000 0.070588 
0.926203 138.000000 0.073797 
0.920856 148.000000 0.079144 
0.921925 146.000000 0.078075 
0.922995 144.000000 0.077005 
0.920856 148.000000 0.079144 
0.923529 143.000000 0.076471 
0.926738 137.000000 0.073262 
0.925134 140.000000 0.074866 
0.920856 148.000000 0.079144 
0.921390 147.000000 0.078610 
0.928342 134.000000 0.071658 
0.927273 136.000000 0.072727 
0.919251 151.000000 0.080749 
0.928877 133.000000 0.071123 
0.922995 144.000000 0.077005 
0.920856 148.000000 0.079144 
0.917112 155.000000 0.082888 
0.920321 149.000000 0.079679 
0.925668 139.000000 0.074332 
0.930481 130.000000 0.069519 
0.920321 149.000000 0.079679 
0.930481 130.000000 0.069519 
0.925668 139.000000 0.074332 
0.927807 135.000000 0.072193 
0.920856 148.000000 0.079144 
0.920321 149.000000 0.079679 
0.929947 131.000000 0.070053 
0.921390 147.000000 0.078610 
0.918717 152.000000 0.081283 
0.924064 142.000000 0.075936 
0.922995 144.000000 0.077005 
0.926203 138.000000 0.073797 
0.920856 148.000000 0.079144 
0.927807 135.000000 0.072193 
0.921925 146.000000 0.078075 
0.924599 141.000000 0.075401 
0.920321 149.000000 0.079679 
0.918182 153.000000 0.081818 
0.918717 152.000000 0.081283 
0.927273 136.000000 0.072727 
0.920856 148.000000 0.079144 
0.924599 141.000000 0.075401 
0.923529 143.000000 0.076471 
0.924064 142.000000 0.075936 
0.925668 139.000000 0.074332 
0.928342 134.000000 0.071658 
0.932086 127.000000 0.067914 
0.921925 146.000000 0.078075 
0.926203 138.000000 0.073797 
0.928877 133.000000 0.071123 
0.925134 140.000000 0.074866 
0.922460 145.000000 0.077540 
0.924599 141.000000 0.075401 
0.924064 142.000000 0.075936 
0.924064 142.000000 0.075936 
0.916578 156.000000 0.083422 
0.922995 144.000000 0.077005 
0.927273 136.000000 0.072727 
0.927807 135.000000 0.072193 
0.922460 145.000000 0.077540 
0.926738 137.000000 0.073262 
0.921390 147.000000 0.078610 
0.920856 148.000000 0.079144 
0.929947 131.000000 0.070053 
0.922460 145.000000 0.077540 
0.924599 141.000000 0.075401 
0.928877 133.000000 0.071123 
0.921390 147.000000 0.078610 
0.923529 143.000000 0.076471 
0.925134 140.000000 0.074866 
0.925668 139.000000 0.074332 
0.922460 145.000000 0.077540 
0.927807 135.000000 0.072193 
0.926203 138.000000 0.073797 
0.927807 135.000000 0.072193 
0.922460 145.000000 0.077540 
0.925134 140.000000 0.074866 
0.928342 134.000000 0.071658 
0.926738 137.000000 0.073262 
0.926203 138.000000 0.073797 
0.927807 135.000000 0.072193 
0.923529 143.000000 0.076471 
0.927273 136.000000 0.072727 
0.926738 137.000000 0.073262 
0.923529 143.000000 0.076471 
0.926203 138.000000 0.073797 
0.925668 139.000000 0.074332 
0.923529 143.000000 0.076471 
0.923529 143.000000 0.076471 
0.926203 138.000000 0.073797 
0.924599 141.000000 0.075401 
0.928342 134.000000 0.071658 
0.920321 149.000000 0.079679 
0.922995 144.000000 0.077005 
0.928342 134.000000 0.071658 
0.924064 142.000000 0.075936 
0.921390 147.000000 0.078610 
0.925668 139.000000 0.074332 
0.921925 146.000000 0.078075 
0.927807 135.000000 0.072193 
0.920856 148.000000 0.079144 
0.929947 131.000000 0.070053 
0.924599 141.000000 0.075401 
0.924599 141.000000 0.075401 
0.930481 130.000000 0.069519 
0.921925 146.000000 0.078075 
0.925134 140.000000 0.074866 
0.921390 147.000000 0.078610 
0.928342 134.000000 0.071658 
0.921390 147.000000 0.078610 
0.926738 137.000000 0.073262 
0.927273 136.000000 0.072727 
0.921390 147.000000 0.078610 
0.929412 132.000000 0.070588 
0.924064 142.000000 0.075936 
0.916043 157.000000 0.083957 
0.925134 140.000000 0.074866 
0.925668 139.000000 0.074332 
0.927273 136.000000 0.072727 
0.924599 141.000000 0.075401 
0.921390 147.000000 0.078610 
0.924064 142.000000 0.075936 
0.925134 140.000000 0.074866 
0.919786 150.000000 0.080214 
0.930481 130.000000 0.069519 
0.924599 141.000000 0.075401 
0.925134 140.000000 0.074866 
0.924064 142.000000 0.075936 
0.925668 139.000000 0.074332 
0.926203 138.000000 0.073797 
0.923529 143.000000 0.076471 
0.919786 150.000000 0.080214 
0.926738 137.000000 0.073262 
0.922995 144.000000 0.077005 
0.924599 141.000000 0.075401 
0.926203 138.000000 0.073797 
0.925668 139.000000 0.074332 
0.928877 133.000000 0.071123 
0.923529 143.000000 0.076471 
0.918182 153.000000 0.081818 
0.922995 144.000000 0.077005 
0.924064 142.000000 0.075936 
0.925668 139.000000 0.074332 
0.925134 140.000000 0.074866 
0.928342 134.000000 0.071658 
0.929412 132.000000 0.070588 
0.924599 141.000000 0.075401 
0.925134 140.000000 0.074866 
0.922995 144.000000 0.077005 
0.922995 144.000000 0.077005 
0.923529 143.000000 0.076471 
0.929412 132.000000 0.070588 
0.920321 149.000000 0.079679 
0.922995 144.000000 0.077005 
0.929947 131.000000 0.070053 
0.921390 147.000000 0.078610 
0.926203 138.000000 0.073797 
0.926203 138.000000 0.073797 
0.925134 140.000000 0.074866 
0.924064 142.000000 0.075936 
0.925134 140.000000 0.074866 
0.926738 137.000000 0.073262 
0.927807 135.000000 0.072193 
0.922995 144.000000 0.077005 
0.923529 143.000000 0.076471 
0.927273 136.000000 0.072727 
0.928877 133.000000 0.071123 
0.920856 148.000000 0.079144 
0.924599 141.000000 0.075401 
0.926738 137.000000 0.073262 
0.925134 140.000000 0.074866 
0.925668 139.000000 0.074332 
0.924599 141.000000 0.075401 
0.930481 130.000000 0.069519 
0.919251 151.000000 0.080749 
0.927273 136.000000 0.072727 
0.922460 145.000000 0.077540 
0.926203 138.000000 0.073797 
0.925134 140.000000 0.074866 
0.929947 131.000000 0.070053 
0.920321 149.000000 0.079679 
0.919251 151.000000 0.080749 
0.925668 139.000000 0.074332 
0.929947 131.000000 0.070053 
0.924599 141.000000 0.075401 
0.923529 143.000000 0.076471 
0.928877 133.000000 0.071123 
0.920321 149.000000 0.079679 
0.930481 130.000000 0.069519 
0.921390 147.000000 0.078610 
0.928342 134.000000 0.071658 
0.932620 126.000000 0.067380 
0.921925 146.000000 0.078075 
0.928877 133.000000 0.071123 
0.928877 133.000000 0.071123 
0.918182 153.000000 0.081818 
0.925668 139.000000 0.074332 
0.925134 140.000000 0.074866 
0.919786 150.000000 0.080214 
0.921390 147.000000 0.078610 
0.924599 141.000000 0.075401 
0.924064 142.000000 0.075936 
0.921925 146.000000 0.078075 
0.928877 133.000000 0.071123 
0.921390 147.000000 0.078610 
0.926738 137.000000 0.073262 
0.923529 143.000000 0.076471 
0.925134 140.000000 0.074866 
0.927273 136.000000 0.072727 
0.925668 139.000000 0.074332 
0.920321 149.000000 0.079679 
0.928342 134.000000 0.071658 
0.922995 144.000000 0.077005 
0.920856 148.000000 0.079144 
0.927273 136.000000 0.072727 
0.928877 133.000000 0.071123 
0.926738 137.000000 0.073262 
0.926203 138.000000 0.073797 
0.927273 136.000000 0.072727 
0.927273 136.000000 0.072727 
0.922995 144.000000 0.077005 
0.914973 159.000000 0.085027 
0.922460 145.000000 0.077540 
0.925668 139.000000 0.074332 
0.922995 144.000000 0.077005 
0.927273 136.000000 0.072727 
0.923529 143.000000 0.076471 
0.928877 133.000000 0.071123 
0.925134 140.000000 0.074866 
0.923529 143.000000 0.076471 
0.925668 139.000000 0.074332 
0.924599 141.000000 0.075401 
0.920856 148.000000 0.079144 
0.924599 141.000000 0.075401 
0.925134 140.000000 0.074866 
0.923529 143.000000 0.076471 
0.926203 138.000000 0.073797 
0.921925 146.000000 0.078075 
0.927273 136.000000 0.072727 
0.927273 136.000000 0.072727 
0.919786 150.000000 0.080214 
0.919251 151.000000 0.080749 
0.922995 144.000000 0.077005 
0.920856 148.000000 0.079144 
0.921390 147.000000 0.078610 
0.925134 140.000000 0.074866 
0.920321 149.000000 0.079679 
0.921925 146.000000 0.078075 
0.928877 133.000000 0.071123 
0.921925 146.000000 0.078075 
0.924064 142.000000 0.075936 
0.924599 141.000000 0.075401 
0.926203 138.000000 0.073797 
0.933690 124.000000 0.066310 
0.920321 149.000000 0.079679 
0.918182 153.000000 0.081818 
0.926738 137.000000 0.073262 
0.925134 140.000000 0.074866 
0.920321 149.000000 0.079679 
0.921925 146.000000 0.078075 
0.923529 143.000000 0.076471 
0.923529 143.000000 0.076471 
0.923529 143.000000 0.076471 
0.924599 141.000000 0.075401 
0.926203 138.000000 0.073797 
0.927273 136.000000 0.072727 
0.927273 136.000000 0.072727 
0.923529 143.000000 0.076471 
0.924064 142.000000 0.075936 
0.931016 129.000000 0.068984 
0.922995 144.000000 0.077005 
0.920856 148.000000 0.079144 
0.920321 149.000000 0.079679 
0.917647 154.000000 0.082353 
0.926738 137.000000 0.073262 
0.922995 144.000000 0.077005 
0.922460 145.000000 0.077540 
0.924064 142.000000 0.075936 
0.926203 138.000000 0.073797 
0.922995 144.000000 0.077005 
0.922995 144.000000 0.077005 
0.925668 139.000000 0.074332 
0.923529 143.000000 0.076471 
0.920321 149.000000 0.079679 
0.925668 139.000000 0.074332 
0.927807 135.000000 0.072193 
0.924599 141.000000 0.075401 
0.925668 139.000000 0.074332 
0.922460 145.000000 0.077540 
0.921925 146.000000 0.078075 
0.924599 141.000000 0.075401 
0.925134 140.000000 0.074866 
0.928877 133.000000 0.071123 
0.920856 148.000000 0.079144 
0.922995 144.000000 0.077005 
0.928877 133.000000 0.071123 
0.924599 141.000000 0.075401 
0.925668 139.000000 0.074332 
0.924064 142.000000 0.075936 
0.924599 141.000000 0.075401 
0.921925 146.000000 0.078075 
0.926203 138.000000 0.073797 
0.925668 139.000000 0.074332 
0.927273 136.000000 0.072727 
0.931551 128.000000 0.068449 
0.920321 149.000000 0.079679 
0.926738 137.000000 0.073262 
0.928342 134.000000 0.071658 
0.926738 137.000000 0.073262 
0.922460 145.000000 0.077540 
0.920321 149.000000 0.079679 
0.918182 153.000000 0.081818 
0.918182 153.000000 0.081818 
0.924064 142.000000 0.075936 
0.924599 141.000000 0.075401 
0.929947 131.000000 0.070053 
0.921390 147.000000 0.078610 
0.928877 133.000000 0.071123 
0.924064 142.000000 0.075936 
0.927807 135.000000 0.072193 
0.926738 137.000000 0.073262 
0.929947 131.000000 0.070053 
0.922460 145.000000 0.077540 
0.918182 153.000000 0.081818 
0.922460 145.000000 0.077540 
0.926738 137.000000 0.073262 
0.928877 133.000000 0.071123 
0.918717 152.000000 0.081283 
0.926738 137.000000 0.073262 
0.925668 139.000000 0.074332 
0.922460 145.000000 0.077540 
0.925668 139.000000 0.074332 
0.922460 145.000000 0.077540 
0.927273 136.000000 0.072727 
0.918717 152.000000 0.081283 
0.930481 130.000000 0.069519 
0.929947 131.000000 0.070053 
0.923529 143.000000 0.076471 
0.927807 135.000000 0.072193 
0.922995 144.000000 0.077005 
0.923529 143.000000 0.076471 
0.924064 142.000000 0.075936 
0.929412 132.000000 0.070588 
0.931551 128.000000 0.068449 
0.922995 144.000000 0.077005 
0.926203 138.000000 0.073797 
0.924599 141.000000 0.075401 
0.927807 135.000000 0.072193 
0.923529 143.000000 0.076471 
0.927273 136.000000 0.072727 
0.920321 149.000000 0.079679 
0.928877 133.000000 0.071123 
0.924064 142.000000 0.075936 
0.920856 148.000000 0.079144 
0.921925 146.000000 0.078075 
0.923529 143.000000 0.076471 
0.925134 140.000000 0.074866 
0.926738 137.000000 0.073262 
0.932620 126.000000 0.067380 
0.925134 140.000000 0.074866 
0.930481 130.000000 0.069519 
0.924064 142.000000 0.075936 
0.923529 143.000000 0.076471 
0.925134 140.000000 0.074866 
0.928342 134.000000 0.071658 
0.930481 130.000000 0.069519 
0.920856 148.000000 0.079144 
0.926203 138.000000 0.073797 
0.922995 144.000000 0.077005 
0.924599 141.000000 0.075401 
0.926738 137.000000 0.073262 
0.925668 139.000000 0.074332 
0.922995 144.000000 0.077005 
0.923529 143.000000 0.076471 
0.920321 149.000000 0.079679 
0.926738 137.000000 0.073262 
0.917647 154.000000 0.082353 
0.924064 142.000000 0.075936 
0.925668 139.000000 0.074332 
0.927807 135.000000 0.072193 
0.928877 133.000000 0.071123 
0.925134 140.000000 0.074866 
0.919251 151.000000 0.080749 
0.928877 133.000000 0.071123 
0.922995 144.000000 0.077005 
0.920321 149.000000 0.079679 
0.926738 137.000000 0.073262 
0.921390 147.000000 0.078610 
0.927273 136.000000 0.072727 
0.926203 138.000000 0.073797 
0.925668 139.000000 0.074332 
0.925668 139.000000 0.074332 
0.919786 150.000000 0.080214 
0.927807 135.000000 0.072193 
0.924599 141.000000 0.075401 
0.921925 146.000000 0.078075 
0.927273 136.000000 0.072727 
0.920321 149.000000 0.079679 
0.927273 136.000000 0.072727 
0.923529 143.000000 0.076471 
0.920856 148.000000 0.079144 
0.925668 139.000000 0.074332 
0.927807 135.000000 0.072193 
0.927807 135.000000 0.072193 
0.926738 137.000000 0.073262 
0.928877 133.000000 0.071123 
0.921390 147.000000 0.078610 
0.926203 138.000000 0.073797 
0.932086 127.000000 0.067914 
0.925668 139.000000 0.074332 
0.924599 141.000000 0.075401 
0.928877 133.000000 0.071123 
0.923529 143.000000 0.076471 
0.924064 142.000000 0.075936 
0.933690 124.000000 0.066310 
0.921390 147.000000 0.078610 
0.926203 138.000000 0.073797 
0.917112 155.000000 0.082888 
0.926203 138.000000 0.073797 
0.923529 143.000000 0.076471 
0.924064 142.000000 0.075936 
0.926203 138.000000 0.073797 
0.920321 149.000000 0.079679 
0.927273 136.000000 0.072727 
0.926203 138.000000 0.073797 
0.922995 144.000000 0.077005 
0.921925 146.000000 0.078075 
0.918717 152.000000 0.081283 
0.926738 137.000000 0.073262 
0.923529 143.000000 0.076471 
0.928877 133.000000 0.071123 
0.927273 136.000000 0.072727 
0.931016 129.000000 0.068984 
0.928877 133.000000 0.071123 
0.919786 150.000000 0.080214 
0.923529 143.000000 0.076471 
0.927273 136.000000 0.072727 
0.925134 140.000000 0.074866 
0.925134 140.000000 0.074866 
0.924064 142.000000 0.075936 
0.927807 135.000000 0.072193 
0.923529 143.000000 0.076471 
0.927807 135.000000 0.072193 
0.922995 144.000000 0.077005 
0.927273 136.000000 0.072727 
0.917112 155.000000 0.082888 
0.926203 138.000000 0.073797 
0.921925 146.000000 0.078075 
0.925134 140.000000 0.074866 
0.919251 151.000000 0.080749 
0.919786 150.000000 0.080214 
0.924599 141.000000 0.075401 
0.927273 136.000000 0.072727 
0.927807 135.000000 0.072193 
0.924064 142.000000 0.075936 
0.921925 146.000000 0.078075 
0.929947 131.000000 0.070053 
0.925668 139.000000 0.074332 
0.920321 149.000000 0.079679 
0.919786 150.000000 0.080214 
0.926203 138.000000 0.073797 
0.930481 130.000000 0.069519 
0.924599 141.000000 0.075401 
0.925668 139.000000 0.074332 
0.926738 137.000000 0.073262 
0.930481 130.000000 0.069519 
0.930481 130.000000 0.069519 
0.925668 139.000000 0.074332 
0.927807 135.000000 0.072193 
0.925668 139.000000 0.074332 
0.921925 146.000000 0.078075 
0.926738 137.000000 0.073262 
0.926738 137.000000 0.073262 
0.921390 147.000000 0.078610 
0.927807 135.000000 0.072193 
0.923529 143.000000 0.076471 
0.924064 142.000000 0.075936 
0.923529 143.000000 0.076471 
0.926203 138.000000 0.073797 
0.932086 127.000000 0.067914 
0.921390 147.000000 0.078610 
0.924064 142.000000 0.075936 
0.928877 133.000000 0.071123 
0.922995 144.000000 0.077005 
0.927807 135.000000 0.072193 
0.920321 149.000000 0.079679 
0.923529 143.000000 0.076471 
0.931551 128.000000 0.068449 
0.922460 145.000000 0.077540 
0.925134 140.000000 0.074866 
0.916043 157.000000 0.083957 
0.922995 144.000000 0.077005 
0.927807 135.000000 0.072193 
0.922995 144.000000 0.077005 
0.920856 148.000000 0.079144 
0.927807 135.000000 0.072193 
0.919786 150.000000 0.080214 
0.927807 135.000000 0.072193 
0.924064 142.000000 0.075936 
0.925134 140.000000 0.074866 
0.932086 127.000000 0.067914 
0.922995 144.000000 0.077005 
0.927807 135.000000 0.072193 
0.926203 138.000000 0.073797 
0.919786 150.000000 0.080214 
0.927273 136.000000 0.072727 
0.927807 135.000000 0.072193 
0.925134 140.000000 0.074866 
0.923529 143.000000 0.076471 
0.928877 133.000000 0.071123 
0.932086 127.000000 0.067914 
0.920321 149.000000 0.079679 
0.924599 141.000000 0.075401 
0.927273 136.000000 0.072727 
0.920856 148.000000 0.079144 
0.919786 150.000000 0.080214 
0.924599 141.000000 0.075401 
0.928342 134.000000 0.071658 
0.924064 142.000000 0.075936 
0.921390 147.000000 0.078610 
0.931016 129.000000 0.068984 
0.924599 141.000000 0.075401 
0.927273 136.000000 0.072727 
0.922460 145.000000 0.077540 
0.925134 140.000000 0.074866 
0.930481 130.000000 0.069519 
0.923529 143.000000 0.076471 
0.928342 134.000000 0.071658 
0.925668 139.000000 0.074332 
0.923529 143.000000 0.076471 
0.930481 130.000000 0.069519 
0.926203 138.000000 0.073797 
0.927273 136.000000 0.072727 
0.921390 147.000000 0.078610 
0.928342 134.000000 0.071658 
0.925134 140.000000 0.074866 
0.924064 142.000000 0.075936 
0.918717 152.000000 0.081283 
0.924064 142.000000 0.075936 
0.924599 141.000000 0.075401 
0.920856 148.000000 0.079144 
0.927807 135.000000 0.072193 
0.924064 142.000000 0.075936 
0.927273 136.000000 0.072727 
0.928877 133.000000 0.071123 
0.926203 138.000000 0.073797 
0.920856 148.000000 0.079144 
0.925668 139.000000 0.074332 
0.920856 148.000000 0.079144 
0.921925 146.000000 0.078075 
0.929412 132.000000 0.070588 
0.926738 137.000000 0.073262 
0.923529 143.000000 0.076471 
0.923529 143.000000 0.076471 
0.922460 145.000000 0.077540 
0.923529 143.000000 0.076471 
0.920856 148.000000 0.079144 
0.930481 130.000000 0.069519 
0.917112 155.000000 0.082888 
0.922460 145.000000 0.077540 
0.919786 150.000000 0.080214 
0.926203 138.000000 0.073797 
0.926738 137.000000 0.073262 
0.933690 124.000000 0.066310 
0.921925 146.000000 0.078075 
0.927807 135.000000 0.072193 
0.921390 147.000000 0.078610 
0.927273 136.000000 0.072727 
0.927273 136.000000 0.072727 
0.920856 148.000000 0.079144 
0.920321 149.000000 0.079679 
0.924599 141.000000 0.075401 
0.921925 146.000000 0.078075 
0.921390 147.000000 0.078610 
0.918182 153.000000 0.081818 
0.931551 128.000000 0.068449 
0.920856 148.000000 0.079144 
0.921390 147.000000 0.078610 
0.929412 132.000000 0.070588 
0.920856 148.000000 0.079144 
0.918717 152.000000 0.081283 
0.922995 144.000000 0.077005 
0.921390 147.000000 0.078610 
0.920321 149.000000 0.079679 
0.925134 140.000000 0.074866 
0.924599 141.000000 0.075401 
0.923529 143.000000 0.076471 
0.926738 137.000000 0.073262 
0.927273 136.000000 0.072727 
0.916043 157.000000 0.083957 
0.925668 139.000000 0.074332 
0.924599 141.000000 0.075401 
0.928342 134.000000 0.071658 
0.921925 146.000000 0.078075 
0.923529 143.000000 0.076471 
0.930481 130.000000 0.069519 
0.922995 144.000000 0.077005 
0.922460 145.000000 0.077540 
0.927273 136.000000 0.072727 
0.921925 146.000000 0.078075 
0.926738 137.000000 0.073262 
0.922460 145.000000 0.077540 
0.927273 136.000000 0.072727 
0.927807 135.000000 0.072193 
0.929412 132.000000 0.070588 
0.924599 141.000000 0.075401 
0.927273 136.000000 0.072727 
0.922460 145.000000 0.077540 
0.932620 126.000000 0.067380 
0.919786 150.000000 0.080214 
0.922460 145.000000 0.077540 
0.930481 130.000000 0.069519 
0.924599 141.000000 0.075401 
0.926738 137.000000 0.073262 
0.928877 133.000000 0.071123 
0.916578 156.000000 0.083422 
0.927807 135.000000 0.072193 
0.924064 142.000000 0.075936 
0.920856 148.000000 0.079144 
0.925134 140.000000 0.074866 
0.924064 142.000000 0.075936 
0.921925 146.000000 0.078075 
0.921925 146.000000 0.078075 
0.919786 150.000000 0.080214 
0.926738 137.000000 0.073262 
0.921925 146.000000 0.078075 
0.918182 153.000000 0.081818 
0.930481 130.000000 0.069519 
0.924064 142.000000 0.075936 
0.920856 148.000000 0.079144 
0.927807 135.000000 0.072193 
0.929947 131.000000 0.070053 
0.925668 139.000000 0.074332 
0.928342 134.000000 0.071658 
0.926203 138.000000 0.073797 
0.921925 146.000000 0.078075 
0.926738 137.000000 0.073262 
0.923529 143.000000 0.076471 
0.927807 135.000000 0.072193 
0.925134 140.000000 0.074866 
0.928877 133.000000 0.071123 
0.925668 139.000000 0.074332 
0.926738 137.000000 0.073262 
0.924064 142.000000 0.075936 
0.925668 139.000000 0.074332 
0.925134 140.000000 0.074866 
0.931551 128.000000 0.068449 
0.921925 146.000000 0.078075 
0.922995 144.000000 0.077005 
0.925668 139.000000 0.074332 
0.924064 142.000000 0.075936 
0.924599 141.000000 0.075401 
0.921390 147.000000 0.078610 
0.922995 144.000000 0.077005 
0.921390 147.000000 0.078610 
0.924064 142.000000 0.075936 
0.925668 139.000000 0.074332 
0.917647 154.000000 0.082353 
0.926203 138.000000 0.073797 
0.929412 132.000000 0.070588 
0.924599 141.000000 0.075401 
0.924599 141.000000 0.075401 
0.927273 136.000000 0.072727 
0.921925 146.000000 0.078075 
0.924064 142.000000 0.075936 
0.924064 142.000000 0.075936 
0.926738 137.000000 0.073262 
0.922460 145.000000 0.077540 
0.919786 150.000000 0.080214 
0.923529 143.000000 0.076471 
0.924599 141.000000 0.075401 
0.922995 144.000000 0.077005 
0.923529 143.000000 0.076471 
0.924599 141.000000 0.075401 
0.923529 143.000000 0.076471 
0.927807 135.000000 0.072193 
0.928877 133.000000 0.071123 
0.933690 124.000000 0.066310 
0.918717 152.000000 0.081283 
0.933155 125.000000 0.066845 
0.929947 131.000000 0.070053 
0.922995 144.000000 0.077005 
0.928342 134.000000 0.071658 
0.925134 140.000000 0.074866 
0.919251 151.000000 0.080749 
0.926738 137.000000 0.073262 
0.925134 140.000000 0.074866 
0.927273 136.000000 0.072727 
0.922460 145.000000 0.077540 
0.926203 138.000000 0.073797 
0.928877 133.000000 0.071123 
0.919251 151.000000 0.080749 
0.920856 148.000000 0.079144 
0.929412 132.000000 0.070588 
0.926203 138.000000 0.073797 
0.925668 139.000000 0.074332 
0.931551 128.000000 0.068449 
0.927273 136.000000 0.072727 
0.926738 137.000000 0.073262 
0.924599 141.000000 0.075401 
0.923529 143.000000 0.076471 
0.929947 131.000000 0.070053 
0.922460 145.000000 0.077540 
0.925668 139.000000 0.074332 
