0.085328 210.000000 0.249703 
0.084111 219.000000 0.260404 
0.084787 214.000000 0.254459 
0.087762 192.000000 0.228300 
0.085193 211.000000 0.250892 
0.085463 209.000000 0.248514 
0.086139 204.000000 0.242568 
0.086004 205.000000 0.243757 
0.085057 212.000000 0.252081 
0.084652 215.000000 0.255648 
0.084111 219.000000 0.260404 
0.085057 212.000000 0.252081 
0.082218 233.000000 0.277051 
0.083029 227.000000 0.269917 
0.084652 215.000000 0.255648 
0.083300 225.000000 0.267539 
0.086139 204.000000 0.242568 
0.084517 216.000000 0.256837 
0.085734 207.000000 0.246136 
0.085463 209.000000 0.248514 
0.086815 199.000000 0.236623 
0.088573 186.000000 0.221165 
0.083164 226.000000 0.268728 
0.087897 191.000000 0.227111 
0.084652 215.000000 0.255648 
0.083435 224.000000 0.266350 
0.086815 199.000000 0.236623 
0.086275 203.000000 0.241379 
0.084111 219.000000 0.260404 
0.084111 219.000000 0.260404 
0.086545 201.000000 0.239001 
0.082623 230.000000 0.273484 
0.085734 207.000000 0.246136 
0.084246 218.000000 0.259215 
0.086004 205.000000 0.243757 
0.083300 225.000000 0.267539 
0.084652 215.000000 0.255648 
0.083840 221.000000 0.262782 
0.085734 207.000000 0.246136 
0.085463 209.000000 0.248514 
0.086815 199.000000 0.236623 
0.086004 205.000000 0.243757 
0.083029 227.000000 0.269917 
0.086139 204.000000 0.242568 
0.085869 206.000000 0.244946 
0.083164 226.000000 0.268728 
0.086139 204.000000 0.242568 
0.088168 189.000000 0.224732 
0.083435 224.000000 0.266350 
0.088844 184.000000 0.218787 
0.084787 214.000000 0.254459 
0.086139 204.000000 0.242568 
0.085057 212.000000 0.252081 
0.083976 220.000000 0.261593 
0.084517 216.000000 0.256837 
0.085734 207.000000 0.246136 
0.084246 218.000000 0.259215 
0.082894 228.000000 0.271106 
0.086004 205.000000 0.243757 
0.085193 211.000000 0.250892 
0.083164 226.000000 0.268728 
0.085193 211.000000 0.250892 
0.086410 202.000000 0.240190 
0.086139 204.000000 0.242568 
0.084246 218.000000 0.259215 
0.087221 196.000000 0.233056 
0.084381 217.000000 0.258026 
0.081677 237.000000 0.281807 
0.085869 206.000000 0.244946 
0.086139 204.000000 0.242568 
0.089385 180.000000 0.214031 
0.084246 218.000000 0.259215 
0.086139 204.000000 0.242568 
0.083976 220.000000 0.261593 
0.086545 201.000000 0.239001 
0.085598 208.000000 0.247325 
0.084922 213.000000 0.253270 
0.085734 207.000000 0.246136 
0.084111 219.000000 0.260404 
0.082082 234.000000 0.278240 
0.081542 238.000000 0.282996 
0.084652 215.000000 0.255648 
0.082894 228.000000 0.271106 
0.086275 203.000000 0.241379 
0.086815 199.000000 0.236623 
0.086680 200.000000 0.237812 
0.083164 226.000000 0.268728 
0.083705 222.000000 0.263971 
0.086139 204.000000 0.242568 
0.086139 204.000000 0.242568 
0.085328 210.000000 0.249703 
0.086139 204.000000 0.242568 
0.084111 219.000000 0.260404 
0.086680 200.000000 0.237812 
0.085598 208.000000 0.247325 
0.084922 213.000000 0.253270 
0.088979 183.000000 0.217598 
0.088438 187.000000 0.222354 
0.086815 199.000000 0.236623 
0.085193 211.000000 0.250892 
0.084111 219.000000 0.260404 
0.086275 203.000000 0.241379 
0.085734 207.000000 0.246136 
0.085057 212.000000 0.252081 
0.084922 213.000000 0.253270 
0.084381 217.000000 0.258026 
0.086275 203.000000 0.241379 
0.084922 213.000000 0.253270 
0.085598 208.000000 0.247325 
0.084246 218.000000 0.259215 
0.087221 196.000000 0.233056 
0.085869 206.000000 0.244946 
0.084922 213.000000 0.253270 
0.084787 214.000000 0.254459 
0.084922 213.000000 0.253270 
0.086815 199.000000 0.236623 
0.084381 217.000000 0.258026 
0.084787 214.000000 0.254459 
0.083976 220.000000 0.261593 
0.085734 207.000000 0.246136 
0.085869 206.000000 0.244946 
0.082082 234.000000 0.278240 
0.088573 186.000000 0.221165 
0.089385 180.000000 0.214031 
0.083164 226.000000 0.268728 
0.086680 200.000000 0.237812 
0.083029 227.000000 0.269917 
0.082218 233.000000 0.277051 
0.086545 201.000000 0.239001 
0.086545 201.000000 0.239001 
0.087086 197.000000 0.234245 
0.086275 203.000000 0.241379 
0.084111 219.000000 0.260404 
0.084246 218.000000 0.259215 
0.086410 202.000000 0.240190 
0.087356 195.000000 0.231867 
0.087627 193.000000 0.229489 
0.086545 201.000000 0.239001 
0.086815 199.000000 0.236623 
0.085734 207.000000 0.246136 
0.083300 225.000000 0.267539 
0.086275 203.000000 0.241379 
0.082353 232.000000 0.275862 
0.083300 225.000000 0.267539 
0.084922 213.000000 0.253270 
0.085734 207.000000 0.246136 
0.084381 217.000000 0.258026 
0.085463 209.000000 0.248514 
0.084787 214.000000 0.254459 
0.085869 206.000000 0.244946 
0.088303 188.000000 0.223543 
0.085328 210.000000 0.249703 
0.083435 224.000000 0.266350 
0.083435 224.000000 0.266350 
0.083570 223.000000 0.265161 
0.083435 224.000000 0.266350 
0.083705 222.000000 0.263971 
0.088032 190.000000 0.225922 
0.083300 225.000000 0.267539 
0.086004 205.000000 0.243757 
0.086545 201.000000 0.239001 
0.087762 192.000000 0.228300 
0.087897 191.000000 0.227111 
0.083976 220.000000 0.261593 
0.084517 216.000000 0.256837 
0.085598 208.000000 0.247325 
0.081677 237.000000 0.281807 
0.085193 211.000000 0.250892 
0.083300 225.000000 0.267539 
0.089249 181.000000 0.215220 
0.086139 204.000000 0.242568 
0.085734 207.000000 0.246136 
0.086139 204.000000 0.242568 
0.086004 205.000000 0.243757 
0.089249 181.000000 0.215220 
0.084652 215.000000 0.255648 
0.083976 220.000000 0.261593 
0.083570 223.000000 0.265161 
0.085734 207.000000 0.246136 
0.086545 201.000000 0.239001 
0.085328 210.000000 0.249703 
0.086951 198.000000 0.235434 
0.086275 203.000000 0.241379 
0.083705 222.000000 0.263971 
0.082759 229.000000 0.272295 
0.087221 196.000000 0.233056 
0.087221 196.000000 0.233056 
0.086815 199.000000 0.236623 
0.085598 208.000000 0.247325 
0.084517 216.000000 0.256837 
0.087086 197.000000 0.234245 
0.086004 205.000000 0.243757 
0.085869 206.000000 0.244946 
0.083300 225.000000 0.267539 
0.083570 223.000000 0.265161 
0.087221 196.000000 0.233056 
0.083705 222.000000 0.263971 
0.084787 214.000000 0.254459 
0.085734 207.000000 0.246136 
0.086815 199.000000 0.236623 
0.086815 199.000000 0.236623 
0.084652 215.000000 0.255648 
0.086410 202.000000 0.240190 
0.083705 222.000000 0.263971 
0.085734 207.000000 0.246136 
0.084652 215.000000 0.255648 
0.082488 231.000000 0.274673 
0.088032 190.000000 0.225922 
0.083976 220.000000 0.261593 
0.082082 234.000000 0.278240 
0.084381 217.000000 0.258026 
0.086410 202.000000 0.240190 
0.086680 200.000000 0.237812 
0.084111 219.000000 0.260404 
0.085869 206.000000 0.244946 
0.084246 218.000000 0.259215 
0.088032 190.000000 0.225922 
0.084652 215.000000 0.255648 
0.083570 223.000000 0.265161 
0.084246 218.000000 0.259215 
0.086951 198.000000 0.235434 
0.085463 209.000000 0.248514 
0.084787 214.000000 0.254459 
0.087492 194.000000 0.230678 
0.085057 212.000000 0.252081 
0.085193 211.000000 0.250892 
0.090061 175.000000 0.208086 
0.085193 211.000000 0.250892 
0.086275 203.000000 0.241379 
0.084922 213.000000 0.253270 
0.083435 224.000000 0.266350 
0.085734 207.000000 0.246136 
0.085463 209.000000 0.248514 
0.084517 216.000000 0.256837 
0.086004 205.000000 0.243757 
0.083840 221.000000 0.262782 
0.085869 206.000000 0.244946 
0.086004 205.000000 0.243757 
0.083976 220.000000 0.261593 
0.084787 214.000000 0.254459 
0.084787 214.000000 0.254459 
0.083840 221.000000 0.262782 
0.086951 198.000000 0.235434 
0.086545 201.000000 0.239001 
0.086139 204.000000 0.242568 
0.081947 235.000000 0.279429 
0.087492 194.000000 0.230678 
0.083164 226.000000 0.268728 
0.081812 236.000000 0.280618 
0.086410 202.000000 0.240190 
0.085193 211.000000 0.250892 
0.085328 210.000000 0.249703 
0.087221 196.000000 0.233056 
0.085328 210.000000 0.249703 
0.084111 219.000000 0.260404 
0.085057 212.000000 0.252081 
0.084922 213.000000 0.253270 
0.085057 212.000000 0.252081 
0.087492 194.000000 0.230678 
0.086545 201.000000 0.239001 
0.084652 215.000000 0.255648 
0.083705 222.000000 0.263971 
0.086815 199.000000 0.236623 
0.084111 219.000000 0.260404 
0.083570 223.000000 0.265161 
0.083570 223.000000 0.265161 
0.085193 211.000000 0.250892 
0.085734 207.000000 0.246136 
0.085598 208.000000 0.247325 
0.085057 212.000000 0.252081 
0.087897 191.000000 0.227111 
0.083435 224.000000 0.266350 
0.086275 203.000000 0.241379 
0.082623 230.000000 0.273484 
0.088573 186.000000 0.221165 
0.084517 216.000000 0.256837 
0.084517 216.000000 0.256837 
0.083570 223.000000 0.265161 
0.084111 219.000000 0.260404 
0.083435 224.000000 0.266350 
0.082894 228.000000 0.271106 
0.085869 206.000000 0.244946 
0.086410 202.000000 0.240190 
0.084787 214.000000 0.254459 
0.084787 214.000000 0.254459 
0.085193 211.000000 0.250892 
0.081947 235.000000 0.279429 
0.085463 209.000000 0.248514 
0.088979 183.000000 0.217598 
0.082894 228.000000 0.271106 
0.086139 204.000000 0.242568 
0.086004 205.000000 0.243757 
0.086004 205.000000 0.243757 
0.085598 208.000000 0.247325 
0.084517 216.000000 0.256837 
0.085463 209.000000 0.248514 
0.086004 205.000000 0.243757 
0.083570 223.000000 0.265161 
0.082759 229.000000 0.272295 
0.085598 208.000000 0.247325 
0.084787 214.000000 0.254459 
0.086275 203.000000 0.241379 
0.086680 200.000000 0.237812 
0.085463 209.000000 0.248514 
0.082623 230.000000 0.273484 
0.087762 192.000000 0.228300 
0.085057 212.000000 0.252081 
0.086815 199.000000 0.236623 
0.087897 191.000000 0.227111 
0.084787 214.000000 0.254459 
0.086139 204.000000 0.242568 
0.084517 216.000000 0.256837 
0.087086 197.000000 0.234245 
0.085463 209.000000 0.248514 
0.087762 192.000000 0.228300 
0.084517 216.000000 0.256837 
0.085734 207.000000 0.246136 
0.083976 220.000000 0.261593 
0.087221 196.000000 0.233056 
0.083435 224.000000 0.266350 
0.084787 214.000000 0.254459 
0.085598 208.000000 0.247325 
0.082759 229.000000 0.272295 
0.082353 232.000000 0.275862 
0.083164 226.000000 0.268728 
0.085463 209.000000 0.248514 
0.085328 210.000000 0.249703 
0.083164 226.000000 0.268728 
0.087086 197.000000 0.234245 
0.085463 209.000000 0.248514 
0.084922 213.000000 0.253270 
0.088438 187.000000 0.222354 
0.087086 197.000000 0.234245 
0.085057 212.000000 0.252081 
0.085328 210.000000 0.249703 
0.087086 197.000000 0.234245 
0.086680 200.000000 0.237812 
0.086410 202.000000 0.240190 
0.086139 204.000000 0.242568 
0.085193 211.000000 0.250892 
0.083029 227.000000 0.269917 
0.084652 215.000000 0.255648 
0.085463 209.000000 0.248514 
0.085328 210.000000 0.249703 
0.085734 207.000000 0.246136 
0.083976 220.000000 0.261593 
0.085869 206.000000 0.244946 
0.085463 209.000000 0.248514 
0.081812 236.000000 0.280618 
0.082759 229.000000 0.272295 
0.087627 193.000000 0.229489 
0.086951 198.000000 0.235434 
0.084652 215.000000 0.255648 
0.085734 207.000000 0.246136 
0.087356 195.000000 0.231867 
0.084922 213.000000 0.253270 
0.084652 215.000000 0.255648 
0.084517 216.000000 0.256837 
0.085734 207.000000 0.246136 
0.086545 201.000000 0.239001 
0.084922 213.000000 0.253270 
0.089249 181.000000 0.215220 
0.084246 218.000000 0.259215 
0.082218 233.000000 0.277051 
0.086139 204.000000 0.242568 
0.084517 216.000000 0.256837 
0.088573 186.000000 0.221165 
0.084517 216.000000 0.256837 
0.081406 239.000000 0.284185 
0.087356 195.000000 0.231867 
0.084652 215.000000 0.255648 
0.085193 211.000000 0.250892 
0.086410 202.000000 0.240190 
0.087627 193.000000 0.229489 
0.086004 205.000000 0.243757 
0.086004 205.000000 0.243757 
0.086815 199.000000 0.236623 
0.081406 239.000000 0.284185 
0.084787 214.000000 0.254459 
0.084922 213.000000 0.253270 
0.087356 195.000000 0.231867 
0.084246 218.000000 0.259215 
0.086004 205.000000 0.243757 
0.087221 196.000000 0.233056 
0.084787 214.000000 0.254459 
0.084652 215.000000 0.255648 
0.086139 204.000000 0.242568 
0.084246 218.000000 0.259215 
0.084652 215.000000 0.255648 
0.086815 199.000000 0.236623 
0.084787 214.000000 0.254459 
0.088438 187.000000 0.222354 
0.086139 204.000000 0.242568 
0.086545 201.000000 0.239001 
0.084381 217.000000 0.258026 
0.085193 211.000000 0.250892 
0.087897 191.000000 0.227111 
0.084787 214.000000 0.254459 
0.088573 186.000000 0.221165 
0.084381 217.000000 0.258026 
0.086275 203.000000 0.241379 
0.087221 196.000000 0.233056 
0.085734 207.000000 0.246136 
0.085193 211.000000 0.250892 
0.085057 212.000000 0.252081 
0.086545 201.000000 0.239001 
0.086410 202.000000 0.240190 
0.084246 218.000000 0.259215 
0.086815 199.000000 0.236623 
0.088709 185.000000 0.219976 
0.086410 202.000000 0.240190 
0.083705 222.000000 0.263971 
0.084922 213.000000 0.253270 
0.081406 239.000000 0.284185 
0.083435 224.000000 0.266350 
0.085463 209.000000 0.248514 
0.085869 206.000000 0.244946 
0.086004 205.000000 0.243757 
0.086410 202.000000 0.240190 
0.085598 208.000000 0.247325 
0.085598 208.000000 0.247325 
0.086004 205.000000 0.243757 
0.084517 216.000000 0.256837 
0.086815 199.000000 0.236623 
0.086139 204.000000 0.242568 
0.085193 211.000000 0.250892 
0.084517 216.000000 0.256837 
0.084652 215.000000 0.255648 
0.082353 232.000000 0.275862 
0.085598 208.000000 0.247325 
0.086004 205.000000 0.243757 
0.086951 198.000000 0.235434 
0.084517 216.000000 0.256837 
0.084517 216.000000 0.256837 
0.086951 198.000000 0.235434 
0.085328 210.000000 0.249703 
0.085734 207.000000 0.246136 
0.084381 217.000000 0.258026 
0.086680 200.000000 0.237812 
0.085057 212.000000 0.252081 
0.084652 215.000000 0.255648 
0.084246 218.000000 0.259215 
0.088438 187.000000 0.222354 
0.084517 216.000000 0.256837 
0.086004 205.000000 0.243757 
0.084517 216.000000 0.256837 
0.082488 231.000000 0.274673 
0.081271 240.000000 0.285375 
0.084922 213.000000 0.253270 
0.085598 208.000000 0.247325 
0.081947 235.000000 0.279429 
0.084922 213.000000 0.253270 
0.084246 218.000000 0.259215 
0.085598 208.000000 0.247325 
0.086275 203.000000 0.241379 
0.083570 223.000000 0.265161 
0.085598 208.000000 0.247325 
0.084246 218.000000 0.259215 
0.086410 202.000000 0.240190 
0.085463 209.000000 0.248514 
0.084652 215.000000 0.255648 
0.084111 219.000000 0.260404 
0.086410 202.000000 0.240190 
0.087762 192.000000 0.228300 
0.087356 195.000000 0.231867 
0.083300 225.000000 0.267539 
0.086680 200.000000 0.237812 
0.085057 212.000000 0.252081 
0.086004 205.000000 0.243757 
0.085193 211.000000 0.250892 
0.085328 210.000000 0.249703 
0.087221 196.000000 0.233056 
0.083029 227.000000 0.269917 
0.083840 221.000000 0.262782 
0.084787 214.000000 0.254459 
0.084787 214.000000 0.254459 
0.084246 218.000000 0.259215 
0.082894 228.000000 0.271106 
0.084381 217.000000 0.258026 
0.083705 222.000000 0.263971 
0.088438 187.000000 0.222354 
0.083840 221.000000 0.262782 
0.087356 195.000000 0.231867 
0.084246 218.000000 0.259215 
0.085057 212.000000 0.252081 
0.085193 211.000000 0.250892 
0.085869 206.000000 0.244946 
0.083840 221.000000 0.262782 
0.084246 218.000000 0.259215 
0.087492 194.000000 0.230678 
0.086951 198.000000 0.235434 
0.085734 207.000000 0.246136 
0.085734 207.000000 0.246136 
0.088168 189.000000 0.224732 
0.084517 216.000000 0.256837 
0.082488 231.000000 0.274673 
0.081947 235.000000 0.279429 
0.084652 215.000000 0.255648 
0.084111 219.000000 0.260404 
0.084246 218.000000 0.259215 
0.085463 209.000000 0.248514 
0.082353 232.000000 0.275862 
0.085057 212.000000 0.252081 
0.085463 209.000000 0.248514 
0.085328 210.000000 0.249703 
0.086545 201.000000 0.239001 
0.086815 199.000000 0.236623 
0.085193 211.000000 0.250892 
0.086004 205.000000 0.243757 
0.084922 213.000000 0.253270 
0.086951 198.000000 0.235434 
0.088032 190.000000 0.225922 
0.082623 230.000000 0.273484 
0.085463 209.000000 0.248514 
0.083570 223.000000 0.265161 
0.086951 198.000000 0.235434 
0.086545 201.000000 0.239001 
0.083435 224.000000 0.266350 
0.088032 190.000000 0.225922 
0.085734 207.000000 0.246136 
0.083840 221.000000 0.262782 
0.082623 230.000000 0.273484 
0.086139 204.000000 0.242568 
0.086545 201.000000 0.239001 
0.085193 211.000000 0.250892 
0.086275 203.000000 0.241379 
0.085057 212.000000 0.252081 
0.084517 216.000000 0.256837 
0.085193 211.000000 0.250892 
0.085734 207.000000 0.246136 
0.084381 217.000000 0.258026 
0.085598 208.000000 0.247325 
0.084787 214.000000 0.254459 
0.083164 226.000000 0.268728 
0.084787 214.000000 0.254459 
0.088032 190.000000 0.225922 
0.084787 214.000000 0.254459 
0.086139 204.000000 0.242568 
0.085463 209.000000 0.248514 
0.084922 213.000000 0.253270 
0.088438 187.000000 0.222354 
0.084517 216.000000 0.256837 
0.085057 212.000000 0.252081 
0.083029 227.000000 0.269917 
0.088979 183.000000 0.217598 
0.086680 200.000000 0.237812 
0.084246 218.000000 0.259215 
0.085057 212.000000 0.252081 
0.086410 202.000000 0.240190 
0.083976 220.000000 0.261593 
0.083840 221.000000 0.262782 
0.083435 224.000000 0.266350 
0.084517 216.000000 0.256837 
0.084787 214.000000 0.254459 
0.085734 207.000000 0.246136 
0.084787 214.000000 0.254459 
0.084111 219.000000 0.260404 
0.083029 227.000000 0.269917 
0.086275 203.000000 0.241379 
0.086680 200.000000 0.237812 
0.087762 192.000000 0.228300 
0.082759 229.000000 0.272295 
0.082353 232.000000 0.275862 
0.084787 214.000000 0.254459 
0.085193 211.000000 0.250892 
0.084652 215.000000 0.255648 
0.086815 199.000000 0.236623 
0.083435 224.000000 0.266350 
0.083705 222.000000 0.263971 
0.085193 211.000000 0.250892 
0.085869 206.000000 0.244946 
0.083705 222.000000 0.263971 
0.084517 216.000000 0.256837 
0.083705 222.000000 0.263971 
0.085193 211.000000 0.250892 
0.086004 205.000000 0.243757 
0.084517 216.000000 0.256837 
0.085328 210.000000 0.249703 
0.086275 203.000000 0.241379 
0.086951 198.000000 0.235434 
0.086680 200.000000 0.237812 
0.084111 219.000000 0.260404 
0.086815 199.000000 0.236623 
0.085463 209.000000 0.248514 
0.086004 205.000000 0.243757 
0.085193 211.000000 0.250892 
0.084787 214.000000 0.254459 
0.086410 202.000000 0.240190 
0.086815 199.000000 0.236623 
0.090196 174.000000 0.206897 
0.087086 197.000000 0.234245 
0.086139 204.000000 0.242568 
0.085598 208.000000 0.247325 
0.083570 223.000000 0.265161 
0.087897 191.000000 0.227111 
0.082623 230.000000 0.273484 
0.088303 188.000000 0.223543 
0.084787 214.000000 0.254459 
0.086545 201.000000 0.239001 
0.084652 215.000000 0.255648 
0.084517 216.000000 0.256837 
0.082894 228.000000 0.271106 
0.083300 225.000000 0.267539 
0.087492 194.000000 0.230678 
0.085598 208.000000 0.247325 
0.087897 191.000000 0.227111 
0.085193 211.000000 0.250892 
0.088032 190.000000 0.225922 
0.084922 213.000000 0.253270 
0.086139 204.000000 0.242568 
0.085734 207.000000 0.246136 
0.085328 210.000000 0.249703 
0.085193 211.000000 0.250892 
0.084922 213.000000 0.253270 
0.084381 217.000000 0.258026 
0.083976 220.000000 0.261593 
0.085463 209.000000 0.248514 
0.087086 197.000000 0.234245 
0.084787 214.000000 0.254459 
0.086680 200.000000 0.237812 
0.085598 208.000000 0.247325 
0.087086 197.000000 0.234245 
0.084517 216.000000 0.256837 
0.086545 201.000000 0.239001 
0.081001 242.000000 0.287753 
0.085328 210.000000 0.249703 
0.085463 209.000000 0.248514 
0.085598 208.000000 0.247325 
0.084381 217.000000 0.258026 
0.084652 215.000000 0.255648 
0.086275 203.000000 0.241379 
0.083840 221.000000 0.262782 
0.086680 200.000000 0.237812 
0.084517 216.000000 0.256837 
0.085328 210.000000 0.249703 
0.084517 216.000000 0.256837 
0.084381 217.000000 0.258026 
0.085193 211.000000 0.250892 
0.086139 204.000000 0.242568 
0.083300 225.000000 0.267539 
0.084787 214.000000 0.254459 
0.086815 199.000000 0.236623 
0.085598 208.000000 0.247325 
0.087492 194.000000 0.230678 
0.081947 235.000000 0.279429 
0.084517 216.000000 0.256837 
0.086139 204.000000 0.242568 
0.084381 217.000000 0.258026 
0.084922 213.000000 0.253270 
0.085193 211.000000 0.250892 
0.084517 216.000000 0.256837 
0.086815 199.000000 0.236623 
0.083300 225.000000 0.267539 
0.083705 222.000000 0.263971 
0.086410 202.000000 0.240190 
0.082082 234.000000 0.278240 
0.083570 223.000000 0.265161 
0.084787 214.000000 0.254459 
0.086545 201.000000 0.239001 
0.085463 209.000000 0.248514 
0.082759 229.000000 0.272295 
0.083164 226.000000 0.268728 
0.086139 204.000000 0.242568 
0.083976 220.000000 0.261593 
0.086815 199.000000 0.236623 
0.084787 214.000000 0.254459 
0.084111 219.000000 0.260404 
0.082218 233.000000 0.277051 
0.083029 227.000000 0.269917 
0.087086 197.000000 0.234245 
0.086139 204.000000 0.242568 
0.086815 199.000000 0.236623 
0.084652 215.000000 0.255648 
0.086815 199.000000 0.236623 
0.085328 210.000000 0.249703 
0.086410 202.000000 0.240190 
0.085463 209.000000 0.248514 
0.087492 194.000000 0.230678 
0.084922 213.000000 0.253270 
0.086275 203.000000 0.241379 
0.087492 194.000000 0.230678 
0.086545 201.000000 0.239001 
0.088979 183.000000 0.217598 
0.085598 208.000000 0.247325 
0.085598 208.000000 0.247325 
0.086545 201.000000 0.239001 
0.085463 209.000000 0.248514 
0.084517 216.000000 0.256837 
0.088032 190.000000 0.225922 
0.084787 214.000000 0.254459 
0.084111 219.000000 0.260404 
0.084111 219.000000 0.260404 
0.085193 211.000000 0.250892 
0.084652 215.000000 0.255648 
0.084652 215.000000 0.255648 
0.085328 210.000000 0.249703 
0.084381 217.000000 0.258026 
0.087356 195.000000 0.231867 
0.086410 202.000000 0.240190 
0.085869 206.000000 0.244946 
0.082082 234.000000 0.278240 
0.083705 222.000000 0.263971 
0.081406 239.000000 0.284185 
0.084787 214.000000 0.254459 
0.087897 191.000000 0.227111 
0.085598 208.000000 0.247325 
0.083300 225.000000 0.267539 
0.086410 202.000000 0.240190 
0.085328 210.000000 0.249703 
0.084381 217.000000 0.258026 
0.087086 197.000000 0.234245 
0.086951 198.000000 0.235434 
0.083840 221.000000 0.262782 
0.086275 203.000000 0.241379 
0.083840 221.000000 0.262782 
0.086139 204.000000 0.242568 
0.083705 222.000000 0.263971 
0.088438 187.000000 0.222354 
0.085193 211.000000 0.250892 
0.089520 179.000000 0.212842 
0.086004 205.000000 0.243757 
0.087762 192.000000 0.228300 
0.083976 220.000000 0.261593 
0.084787 214.000000 0.254459 
0.082894 228.000000 0.271106 
0.085598 208.000000 0.247325 
0.085328 210.000000 0.249703 
0.084246 218.000000 0.259215 
0.084517 216.000000 0.256837 
0.083435 224.000000 0.266350 
0.087221 196.000000 0.233056 
0.082894 228.000000 0.271106 
0.083164 226.000000 0.268728 
0.086815 199.000000 0.236623 
0.083435 224.000000 0.266350 
0.082623 230.000000 0.273484 
0.084787 214.000000 0.254459 
0.086545 201.000000 0.239001 
0.087221 196.000000 0.233056 
0.086680 200.000000 0.237812 
0.083840 221.000000 0.262782 
0.085869 206.000000 0.244946 
0.086004 205.000000 0.243757 
0.083570 223.000000 0.265161 
0.083976 220.000000 0.261593 
0.087762 192.000000 0.228300 
0.085598 208.000000 0.247325 
0.087897 191.000000 0.227111 
0.083435 224.000000 0.266350 
0.086410 202.000000 0.240190 
0.085193 211.000000 0.250892 
0.084517 216.000000 0.256837 
0.086951 198.000000 0.235434 
0.084787 214.000000 0.254459 
0.086004 205.000000 0.243757 
0.082894 228.000000 0.271106 
0.086004 205.000000 0.243757 
0.083705 222.000000 0.263971 
0.087086 197.000000 0.234245 
0.082353 232.000000 0.275862 
0.085734 207.000000 0.246136 
0.085328 210.000000 0.249703 
0.088573 186.000000 0.221165 
0.085463 209.000000 0.248514 
0.083840 221.000000 0.262782 
0.085734 207.000000 0.246136 
0.084652 215.000000 0.255648 
0.083435 224.000000 0.266350 
0.086815 199.000000 0.236623 
0.083435 224.000000 0.266350 
0.087627 193.000000 0.229489 
0.085057 212.000000 0.252081 
0.085328 210.000000 0.249703 
0.086815 199.000000 0.236623 
0.084652 215.000000 0.255648 
0.086139 204.000000 0.242568 
0.084111 219.000000 0.260404 
0.085193 211.000000 0.250892 
0.085734 207.000000 0.246136 
0.086139 204.000000 0.242568 
0.086139 204.000000 0.242568 
0.086275 203.000000 0.241379 
0.085057 212.000000 0.252081 
0.085057 212.000000 0.252081 
0.086139 204.000000 0.242568 
0.084517 216.000000 0.256837 
0.088168 189.000000 0.224732 
0.081001 242.000000 0.287753 
0.083164 226.000000 0.268728 
0.086680 200.000000 0.237812 
0.086951 198.000000 0.235434 
0.084922 213.000000 0.253270 
0.086139 204.000000 0.242568 
0.084787 214.000000 0.254459 
0.083976 220.000000 0.261593 
0.085463 209.000000 0.248514 
0.087627 193.000000 0.229489 
0.082623 230.000000 0.273484 
0.085193 211.000000 0.250892 
0.085193 211.000000 0.250892 
0.086410 202.000000 0.240190 
0.085328 210.000000 0.249703 
0.083840 221.000000 0.262782 
0.085463 209.000000 0.248514 
0.086815 199.000000 0.236623 
0.084381 217.000000 0.258026 
0.083705 222.000000 0.263971 
0.085328 210.000000 0.249703 
0.086545 201.000000 0.239001 
0.083029 227.000000 0.269917 
0.087492 194.000000 0.230678 
0.084381 217.000000 0.258026 
0.087897 191.000000 0.227111 
0.084111 219.000000 0.260404 
0.081542 238.000000 0.282996 
0.083976 220.000000 0.261593 
0.083840 221.000000 0.262782 
0.088168 189.000000 0.224732 
0.086951 198.000000 0.235434 
0.083840 221.000000 0.262782 
0.087086 197.000000 0.234245 
0.085463 209.000000 0.248514 
0.085869 206.000000 0.244946 
0.083570 223.000000 0.265161 
0.084652 215.000000 0.255648 
0.085598 208.000000 0.247325 
0.085328 210.000000 0.249703 
0.085463 209.000000 0.248514 
0.086815 199.000000 0.236623 
0.086004 205.000000 0.243757 
0.087086 197.000000 0.234245 
0.084517 216.000000 0.256837 
0.083570 223.000000 0.265161 
0.086680 200.000000 0.237812 
0.085057 212.000000 0.252081 
0.086139 204.000000 0.242568 
0.084111 219.000000 0.260404 
0.082488 231.000000 0.274673 
0.086004 205.000000 0.243757 
0.085057 212.000000 0.252081 
0.083300 225.000000 0.267539 
0.085734 207.000000 0.246136 
0.085057 212.000000 0.252081 
0.089249 181.000000 0.215220 
0.085869 206.000000 0.244946 
0.088438 187.000000 0.222354 
0.085598 208.000000 0.247325 
0.085057 212.000000 0.252081 
0.083840 221.000000 0.262782 
0.084111 219.000000 0.260404 
0.082759 229.000000 0.272295 
0.082759 229.000000 0.272295 
0.088438 187.000000 0.222354 
0.084381 217.000000 0.258026 
0.083976 220.000000 0.261593 
0.087221 196.000000 0.233056 
0.083300 225.000000 0.267539 
0.085869 206.000000 0.244946 
0.086680 200.000000 0.237812 
0.087762 192.000000 0.228300 
0.083976 220.000000 0.261593 
0.084922 213.000000 0.253270 
0.084111 219.000000 0.260404 
0.086275 203.000000 0.241379 
0.085193 211.000000 0.250892 
0.085598 208.000000 0.247325 
0.085598 208.000000 0.247325 
0.084922 213.000000 0.253270 
0.086680 200.000000 0.237812 
0.086410 202.000000 0.240190 
0.085734 207.000000 0.246136 
0.087897 191.000000 0.227111 
0.085463 209.000000 0.248514 
0.087627 193.000000 0.229489 
0.086815 199.000000 0.236623 
0.083029 227.000000 0.269917 
0.087356 195.000000 0.231867 
0.084517 216.000000 0.256837 
0.088438 187.000000 0.222354 
0.088709 185.000000 0.219976 
0.083570 223.000000 0.265161 
0.085463 209.000000 0.248514 
0.087897 191.000000 0.227111 
0.083570 223.000000 0.265161 
0.085598 208.000000 0.247325 
0.082218 233.000000 0.277051 
0.084381 217.000000 0.258026 
0.083705 222.000000 0.263971 
0.087086 197.000000 0.234245 
0.082488 231.000000 0.274673 
0.081406 239.000000 0.284185 
0.084922 213.000000 0.253270 
0.086545 201.000000 0.239001 
0.087762 192.000000 0.228300 
0.082218 233.000000 0.277051 
0.084517 216.000000 0.256837 
0.086139 204.000000 0.242568 
0.084381 217.000000 0.258026 
0.087221 196.000000 0.233056 
0.086545 201.000000 0.239001 
0.084246 218.000000 0.259215 
0.083300 225.000000 0.267539 
0.083705 222.000000 0.263971 
0.083840 221.000000 0.262782 
0.086410 202.000000 0.240190 
0.088032 190.000000 0.225922 
0.085057 212.000000 0.252081 
0.084381 217.000000 0.258026 
0.089114 182.000000 0.216409 
0.086275 203.000000 0.241379 
0.083435 224.000000 0.266350 
0.085057 212.000000 0.252081 
0.085193 211.000000 0.250892 
0.084787 214.000000 0.254459 
0.085598 208.000000 0.247325 
0.088844 184.000000 0.218787 
0.084787 214.000000 0.254459 
0.084517 216.000000 0.256837 
0.082488 231.000000 0.274673 
0.083705 222.000000 0.263971 
0.081947 235.000000 0.279429 
0.086004 205.000000 0.243757 
0.084246 218.000000 0.259215 
0.082759 229.000000 0.272295 
0.086275 203.000000 0.241379 
0.088168 189.000000 0.224732 
0.087356 195.000000 0.231867 
0.083164 226.000000 0.268728 
0.085328 210.000000 0.249703 
0.086680 200.000000 0.237812 
0.083570 223.000000 0.265161 
0.083840 221.000000 0.262782 
0.086275 203.000000 0.241379 
0.084922 213.000000 0.253270 
0.086545 201.000000 0.239001 
0.085193 211.000000 0.250892 
0.086410 202.000000 0.240190 
0.085734 207.000000 0.246136 
0.083840 221.000000 0.262782 
0.086951 198.000000 0.235434 
0.087762 192.000000 0.228300 
0.086410 202.000000 0.240190 
0.083976 220.000000 0.261593 
0.085193 211.000000 0.250892 
0.085193 211.000000 0.250892 
0.087762 192.000000 0.228300 
0.085598 208.000000 0.247325 
0.083435 224.000000 0.266350 
0.085463 209.000000 0.248514 
0.083435 224.000000 0.266350 
0.086275 203.000000 0.241379 
0.087356 195.000000 0.231867 
0.085193 211.000000 0.250892 
0.087356 195.000000 0.231867 
0.087221 196.000000 0.233056 
0.086951 198.000000 0.235434 
0.083300 225.000000 0.267539 
0.083570 223.000000 0.265161 
0.085057 212.000000 0.252081 
0.083029 227.000000 0.269917 
0.085734 207.000000 0.246136 
0.085869 206.000000 0.244946 
0.085598 208.000000 0.247325 
0.081677 237.000000 0.281807 
0.083300 225.000000 0.267539 
0.086951 198.000000 0.235434 
0.085734 207.000000 0.246136 
0.086410 202.000000 0.240190 
0.083705 222.000000 0.263971 
0.084111 219.000000 0.260404 
0.085869 206.000000 0.244946 
0.086139 204.000000 0.242568 
0.085869 206.000000 0.244946 
0.087221 196.000000 0.233056 
0.082623 230.000000 0.273484 
0.081812 236.000000 0.280618 
0.084111 219.000000 0.260404 
0.085193 211.000000 0.250892 
0.083164 226.000000 0.268728 
0.087356 195.000000 0.231867 
0.084381 217.000000 0.258026 
0.083435 224.000000 0.266350 
0.085328 210.000000 0.249703 
0.084381 217.000000 0.258026 
0.085328 210.000000 0.249703 
0.084922 213.000000 0.253270 
0.084787 214.000000 0.254459 
0.086815 199.000000 0.236623 
0.088438 187.000000 0.222354 
0.084652 215.000000 0.255648 
0.084517 216.000000 0.256837 
0.082894 228.000000 0.271106 
0.085598 208.000000 0.247325 
0.086545 201.000000 0.239001 
0.086951 198.000000 0.235434 
0.086680 200.000000 0.237812 
0.084922 213.000000 0.253270 
0.082082 234.000000 0.278240 
0.082759 229.000000 0.272295 
0.086139 204.000000 0.242568 
0.085734 207.000000 0.246136 
0.084381 217.000000 0.258026 
0.086951 198.000000 0.235434 
0.084381 217.000000 0.258026 
0.085193 211.000000 0.250892 
0.084111 219.000000 0.260404 
0.089249 181.000000 0.215220 
0.083300 225.000000 0.267539 
0.086410 202.000000 0.240190 
0.082218 233.000000 0.277051 
0.086139 204.000000 0.242568 
0.085869 206.000000 0.244946 
0.084652 215.000000 0.255648 
0.083705 222.000000 0.263971 
0.086004 205.000000 0.243757 
0.086004 205.000000 0.243757 
0.086139 204.000000 0.242568 
0.087897 191.000000 0.227111 
0.082488 231.000000 0.274673 
0.086275 203.000000 0.241379 
0.088032 190.000000 0.225922 
0.084517 216.000000 0.256837 
0.086545 201.000000 0.239001 
0.082759 229.000000 0.272295 
0.085734 207.000000 0.246136 
0.084922 213.000000 0.253270 
0.086004 205.000000 0.243757 
0.086275 203.000000 0.241379 
0.083705 222.000000 0.263971 
0.085598 208.000000 0.247325 
0.085328 210.000000 0.249703 
0.082759 229.000000 0.272295 
0.086815 199.000000 0.236623 
0.084652 215.000000 0.255648 
0.085463 209.000000 0.248514 
0.085734 207.000000 0.246136 
0.086951 198.000000 0.235434 
0.084922 213.000000 0.253270 
0.085869 206.000000 0.244946 
0.086004 205.000000 0.243757 
0.084381 217.000000 0.258026 
0.083570 223.000000 0.265161 
0.084652 215.000000 0.255648 
0.086139 204.000000 0.242568 
0.085598 208.000000 0.247325 
0.085328 210.000000 0.249703 
0.086139 204.000000 0.242568 
0.082488 231.000000 0.274673 
0.086545 201.000000 0.239001 
0.085598 208.000000 0.247325 
0.083705 222.000000 0.263971 
0.083164 226.000000 0.268728 
0.086545 201.000000 0.239001 
0.080865 243.000000 0.288942 
0.083976 220.000000 0.261593 
0.086410 202.000000 0.240190 
0.083029 227.000000 0.269917 
0.084922 213.000000 0.253270 
0.085193 211.000000 0.250892 
0.086545 201.000000 0.239001 
0.086139 204.000000 0.242568 
0.086410 202.000000 0.240190 
0.085057 212.000000 0.252081 
0.083300 225.000000 0.267539 
0.083029 227.000000 0.269917 
0.084111 219.000000 0.260404 
0.085869 206.000000 0.244946 
0.085598 208.000000 0.247325 
0.083435 224.000000 0.266350 
0.085598 208.000000 0.247325 
0.088709 185.000000 0.219976 
0.083976 220.000000 0.261593 
0.086951 198.000000 0.235434 
0.085869 206.000000 0.244946 
0.084381 217.000000 0.258026 
0.085328 210.000000 0.249703 
0.086951 198.000000 0.235434 
0.085057 212.000000 0.252081 
0.085328 210.000000 0.249703 
0.083164 226.000000 0.268728 
0.086815 199.000000 0.236623 
0.085328 210.000000 0.249703 
0.085328 210.000000 0.249703 
0.085193 211.000000 0.250892 
0.084111 219.000000 0.260404 
0.086545 201.000000 0.239001 
0.087897 191.000000 0.227111 
0.085463 209.000000 0.248514 
0.086545 201.000000 0.239001 
0.085734 207.000000 0.246136 
0.086951 198.000000 0.235434 
0.082353 232.000000 0.275862 
0.086139 204.000000 0.242568 
0.085598 208.000000 0.247325 
0.082623 230.000000 0.273484 
0.085734 207.000000 0.246136 
0.084922 213.000000 0.253270 
0.084922 213.000000 0.253270 
0.085734 207.000000 0.246136 
0.087897 191.000000 0.227111 
0.088303 188.000000 0.223543 
0.086410 202.000000 0.240190 
0.086275 203.000000 0.241379 
0.085463 209.000000 0.248514 
0.084787 214.000000 0.254459 
0.087627 193.000000 0.229489 
0.084517 216.000000 0.256837 
0.084111 219.000000 0.260404 
0.082488 231.000000 0.274673 
0.082759 229.000000 0.272295 
0.085328 210.000000 0.249703 
0.086951 198.000000 0.235434 
0.086275 203.000000 0.241379 
0.087086 197.000000 0.234245 
0.085598 208.000000 0.247325 
0.084381 217.000000 0.258026 
0.088303 188.000000 0.223543 
0.084517 216.000000 0.256837 
0.083570 223.000000 0.265161 
0.086275 203.000000 0.241379 
0.086680 200.000000 0.237812 
0.085734 207.000000 0.246136 
0.085598 208.000000 0.247325 
0.083840 221.000000 0.262782 
0.085328 210.000000 0.249703 
0.086680 200.000000 0.237812 
0.085598 208.000000 0.247325 
0.085463 209.000000 0.248514 
0.086680 200.000000 0.237812 
0.085057 212.000000 0.252081 
0.087627 193.000000 0.229489 
0.085193 211.000000 0.250892 
0.087627 193.000000 0.229489 
0.087762 192.000000 0.228300 
0.083840 221.000000 0.262782 
0.087627 193.000000 0.229489 
0.084787 214.000000 0.254459 
0.085734 207.000000 0.246136 
0.082353 232.000000 0.275862 
0.085328 210.000000 0.249703 
0.084922 213.000000 0.253270 
0.081271 240.000000 0.285375 
0.086410 202.000000 0.240190 
0.083164 226.000000 0.268728 
0.085598 208.000000 0.247325 
0.085057 212.000000 0.252081 
0.086545 201.000000 0.239001 
0.085193 211.000000 0.250892 
0.082488 231.000000 0.274673 
0.086139 204.000000 0.242568 
0.084922 213.000000 0.253270 
0.085193 211.000000 0.250892 
0.084246 218.000000 0.259215 
0.082082 234.000000 0.278240 
0.083300 225.000000 0.267539 
0.084246 218.000000 0.259215 
0.086004 205.000000 0.243757 
0.086680 200.000000 0.237812 
0.085463 209.000000 0.248514 
0.088303 188.000000 0.223543 
0.086815 199.000000 0.236623 
0.084787 214.000000 0.254459 
0.085869 206.000000 0.244946 
0.086410 202.000000 0.240190 
0.085057 212.000000 0.252081 
0.083976 220.000000 0.261593 
0.085193 211.000000 0.250892 
0.087086 197.000000 0.234245 
0.086951 198.000000 0.235434 
0.087086 197.000000 0.234245 
0.088168 189.000000 0.224732 
0.085734 207.000000 0.246136 
0.083840 221.000000 0.262782 
0.086680 200.000000 0.237812 
0.082082 234.000000 0.278240 
0.083840 221.000000 0.262782 
0.085869 206.000000 0.244946 
0.086004 205.000000 0.243757 
0.086139 204.000000 0.242568 
0.085463 209.000000 0.248514 
0.087627 193.000000 0.229489 
0.082218 233.000000 0.277051 
0.085328 210.000000 0.249703 
0.084787 214.000000 0.254459 
0.085598 208.000000 0.247325 
0.088168 189.000000 0.224732 
0.083840 221.000000 0.262782 
0.086545 201.000000 0.239001 
0.085057 212.000000 0.252081 
0.084381 217.000000 0.258026 
0.086004 205.000000 0.243757 
0.082353 232.000000 0.275862 
0.084922 213.000000 0.253270 
0.086680 200.000000 0.237812 
0.087762 192.000000 0.228300 
0.085869 206.000000 0.244946 
0.084922 213.000000 0.253270 
0.087086 197.000000 0.234245 
0.085734 207.000000 0.246136 
0.084517 216.000000 0.256837 
0.087221 196.000000 0.233056 
0.081947 235.000000 0.279429 
0.084111 219.000000 0.260404 
0.087627 193.000000 0.229489 
0.086004 205.000000 0.243757 
0.083435 224.000000 0.266350 
0.087492 194.000000 0.230678 
0.084111 219.000000 0.260404 
0.085869 206.000000 0.244946 
0.085869 206.000000 0.244946 
0.086815 199.000000 0.236623 
0.086004 205.000000 0.243757 
0.085869 206.000000 0.244946 
0.083840 221.000000 0.262782 
0.086951 198.000000 0.235434 
0.086139 204.000000 0.242568 
0.085869 206.000000 0.244946 
0.082218 233.000000 0.277051 
0.084111 219.000000 0.260404 
0.084787 214.000000 0.254459 
0.081812 236.000000 0.280618 
0.085869 206.000000 0.244946 
0.085463 209.000000 0.248514 
0.085869 206.000000 0.244946 
0.086275 203.000000 0.241379 
0.084517 216.000000 0.256837 
0.082759 229.000000 0.272295 
0.083976 220.000000 0.261593 
0.084517 216.000000 0.256837 
0.086951 198.000000 0.235434 
0.086680 200.000000 0.237812 
0.085193 211.000000 0.250892 
0.084246 218.000000 0.259215 
0.085869 206.000000 0.244946 
0.085057 212.000000 0.252081 
0.086680 200.000000 0.237812 
0.086815 199.000000 0.236623 
0.088303 188.000000 0.223543 
0.081947 235.000000 0.279429 
0.088303 188.000000 0.223543 
0.084652 215.000000 0.255648 
0.085598 208.000000 0.247325 
0.086545 201.000000 0.239001 
0.086545 201.000000 0.239001 
0.086815 199.000000 0.236623 
0.084517 216.000000 0.256837 
0.086139 204.000000 0.242568 
0.085598 208.000000 0.247325 
0.086545 201.000000 0.239001 
0.084922 213.000000 0.253270 
0.085869 206.000000 0.244946 
0.084381 217.000000 0.258026 
0.082218 233.000000 0.277051 
0.084652 215.000000 0.255648 
0.085193 211.000000 0.250892 
0.083164 226.000000 0.268728 
0.084517 216.000000 0.256837 
0.085869 206.000000 0.244946 
0.086815 199.000000 0.236623 
0.083164 226.000000 0.268728 
0.086815 199.000000 0.236623 
0.083435 224.000000 0.266350 
0.086004 205.000000 0.243757 
0.081136 241.000000 0.286564 
0.085193 211.000000 0.250892 
0.085869 206.000000 0.244946 
0.083300 225.000000 0.267539 
0.085734 207.000000 0.246136 
0.084652 215.000000 0.255648 
0.085598 208.000000 0.247325 
0.087221 196.000000 0.233056 
0.081947 235.000000 0.279429 
0.080595 245.000000 0.291320 
0.086545 201.000000 0.239001 
0.085193 211.000000 0.250892 
0.083976 220.000000 0.261593 
0.084652 215.000000 0.255648 
0.084787 214.000000 0.254459 
0.087086 197.000000 0.234245 
0.086410 202.000000 0.240190 
0.087356 195.000000 0.231867 
0.084246 218.000000 0.259215 
0.085598 208.000000 0.247325 
0.085463 209.000000 0.248514 
0.087897 191.000000 0.227111 
0.085869 206.000000 0.244946 
0.086139 204.000000 0.242568 
0.086410 202.000000 0.240190 
0.087086 197.000000 0.234245 
0.084381 217.000000 0.258026 
0.087356 195.000000 0.231867 
0.083029 227.000000 0.269917 
0.088573 186.000000 0.221165 
0.084111 219.000000 0.260404 
0.086410 202.000000 0.240190 
0.085328 210.000000 0.249703 
0.084922 213.000000 0.253270 
0.083705 222.000000 0.263971 
0.083570 223.000000 0.265161 
0.085057 212.000000 0.252081 
0.084517 216.000000 0.256837 
0.084787 214.000000 0.254459 
0.085463 209.000000 0.248514 
0.082488 231.000000 0.274673 
0.084111 219.000000 0.260404 
0.085193 211.000000 0.250892 
0.085463 209.000000 0.248514 
0.084922 213.000000 0.253270 
0.084246 218.000000 0.259215 
0.087086 197.000000 0.234245 
0.087492 194.000000 0.230678 
0.085734 207.000000 0.246136 
0.084652 215.000000 0.255648 
0.085869 206.000000 0.244946 
0.085463 209.000000 0.248514 
0.086410 202.000000 0.240190 
0.084922 213.000000 0.253270 
0.082082 234.000000 0.278240 
0.084652 215.000000 0.255648 
0.087492 194.000000 0.230678 
0.084246 218.000000 0.259215 
0.086410 202.000000 0.240190 
0.088844 184.000000 0.218787 
0.086275 203.000000 0.241379 
0.087221 196.000000 0.233056 
0.084111 219.000000 0.260404 
0.085598 208.000000 0.247325 
0.086139 204.000000 0.242568 
0.085057 212.000000 0.252081 
0.089249 181.000000 0.215220 
0.082488 231.000000 0.274673 
0.087356 195.000000 0.231867 
0.084111 219.000000 0.260404 
0.081406 239.000000 0.284185 
0.086275 203.000000 0.241379 
0.085734 207.000000 0.246136 
0.083705 222.000000 0.263971 
0.084652 215.000000 0.255648 
0.085463 209.000000 0.248514 
0.082759 229.000000 0.272295 
0.085734 207.000000 0.246136 
0.084922 213.000000 0.253270 
0.086545 201.000000 0.239001 
0.085463 209.000000 0.248514 
0.088168 189.000000 0.224732 
0.083976 220.000000 0.261593 
0.084517 216.000000 0.256837 
0.085193 211.000000 0.250892 
0.086815 199.000000 0.236623 
0.087086 197.000000 0.234245 
0.085463 209.000000 0.248514 
0.086004 205.000000 0.243757 
0.084922 213.000000 0.253270 
0.084517 216.000000 0.256837 
0.082488 231.000000 0.274673 
0.085869 206.000000 0.244946 
0.084787 214.000000 0.254459 
0.086139 204.000000 0.242568 
0.085193 211.000000 0.250892 
0.085328 210.000000 0.249703 
0.085869 206.000000 0.244946 
0.084111 219.000000 0.260404 
0.085598 208.000000 0.247325 
0.081271 240.000000 0.285375 
0.084246 218.000000 0.259215 
0.084517 216.000000 0.256837 
0.081947 235.000000 0.279429 
0.085734 207.000000 0.246136 
0.088438 187.000000 0.222354 
0.084787 214.000000 0.254459 
0.086275 203.000000 0.241379 
0.085328 210.000000 0.249703 
0.083976 220.000000 0.261593 
0.086951 198.000000 0.235434 
0.085869 206.000000 0.244946 
0.085328 210.000000 0.249703 
0.084381 217.000000 0.258026 
0.083164 226.000000 0.268728 
0.086004 205.000000 0.243757 
0.085734 207.000000 0.246136 
0.085328 210.000000 0.249703 
0.085463 209.000000 0.248514 
0.087356 195.000000 0.231867 
0.085869 206.000000 0.244946 
0.083164 226.000000 0.268728 
0.084111 219.000000 0.260404 
0.085463 209.000000 0.248514 
0.082759 229.000000 0.272295 
0.085193 211.000000 0.250892 
0.085598 208.000000 0.247325 
0.086139 204.000000 0.242568 
0.085463 209.000000 0.248514 
0.086275 203.000000 0.241379 
0.088032 190.000000 0.225922 
0.087762 192.000000 0.228300 
0.085734 207.000000 0.246136 
0.086139 204.000000 0.242568 
0.086004 205.000000 0.243757 
0.085734 207.000000 0.246136 
0.085463 209.000000 0.248514 
0.085869 206.000000 0.244946 
0.083976 220.000000 0.261593 
0.084922 213.000000 0.253270 
0.084652 215.000000 0.255648 
0.086815 199.000000 0.236623 
0.083029 227.000000 0.269917 
0.084787 214.000000 0.254459 
0.082894 228.000000 0.271106 
0.086680 200.000000 0.237812 
0.083705 222.000000 0.263971 
0.084652 215.000000 0.255648 
0.086815 199.000000 0.236623 
0.084922 213.000000 0.253270 
0.082623 230.000000 0.273484 
0.085193 211.000000 0.250892 
0.084652 215.000000 0.255648 
0.088032 190.000000 0.225922 
0.085598 208.000000 0.247325 
0.086410 202.000000 0.240190 
0.086680 200.000000 0.237812 
0.086680 200.000000 0.237812 
0.085869 206.000000 0.244946 
0.084652 215.000000 0.255648 
0.088979 183.000000 0.217598 
0.085193 211.000000 0.250892 
0.084246 218.000000 0.259215 
0.085328 210.000000 0.249703 
0.086951 198.000000 0.235434 
0.085734 207.000000 0.246136 
0.085598 208.000000 0.247325 
0.084517 216.000000 0.256837 
0.084787 214.000000 0.254459 
0.083840 221.000000 0.262782 
0.085869 206.000000 0.244946 
0.083976 220.000000 0.261593 
0.086815 199.000000 0.236623 
0.088573 186.000000 0.221165 
0.087221 196.000000 0.233056 
0.087356 195.000000 0.231867 
0.085734 207.000000 0.246136 
0.086815 199.000000 0.236623 
0.086004 205.000000 0.243757 
0.084922 213.000000 0.253270 
0.084381 217.000000 0.258026 
0.085328 210.000000 0.249703 
0.085328 210.000000 0.249703 
0.084652 215.000000 0.255648 
0.084517 216.000000 0.256837 
0.084787 214.000000 0.254459 
0.086004 205.000000 0.243757 
0.084922 213.000000 0.253270 
0.083705 222.000000 0.263971 
0.084652 215.000000 0.255648 
0.086139 204.000000 0.242568 
0.086545 201.000000 0.239001 
0.087086 197.000000 0.234245 
0.083435 224.000000 0.266350 
0.086951 198.000000 0.235434 
0.086139 204.000000 0.242568 
0.086139 204.000000 0.242568 
0.084517 216.000000 0.256837 
0.085057 212.000000 0.252081 
0.087627 193.000000 0.229489 
0.083164 226.000000 0.268728 
0.086815 199.000000 0.236623 
0.086139 204.000000 0.242568 
0.084111 219.000000 0.260404 
0.088438 187.000000 0.222354 
0.088979 183.000000 0.217598 
0.087356 195.000000 0.231867 
0.085598 208.000000 0.247325 
0.085463 209.000000 0.248514 
0.085328 210.000000 0.249703 
0.086275 203.000000 0.241379 
0.084517 216.000000 0.256837 
0.085057 212.000000 0.252081 
0.080865 243.000000 0.288942 
0.084111 219.000000 0.260404 
0.084922 213.000000 0.253270 
0.084922 213.000000 0.253270 
0.083976 220.000000 0.261593 
0.083164 226.000000 0.268728 
0.086951 198.000000 0.235434 
0.087356 195.000000 0.231867 
0.086410 202.000000 0.240190 
0.084652 215.000000 0.255648 
0.086004 205.000000 0.243757 
0.082623 230.000000 0.273484 
0.083570 223.000000 0.265161 
0.087086 197.000000 0.234245 
0.087086 197.000000 0.234245 
0.084652 215.000000 0.255648 
0.088979 183.000000 0.217598 
0.086139 204.000000 0.242568 
0.087356 195.000000 0.231867 
0.086004 205.000000 0.243757 
0.085734 207.000000 0.246136 
0.086815 199.000000 0.236623 
0.084652 215.000000 0.255648 
0.083570 223.000000 0.265161 
0.085193 211.000000 0.250892 
0.086815 199.000000 0.236623 
0.085463 209.000000 0.248514 
0.084652 215.000000 0.255648 
0.084922 213.000000 0.253270 
0.086545 201.000000 0.239001 
0.085328 210.000000 0.249703 
0.084517 216.000000 0.256837 
0.086275 203.000000 0.241379 
0.083300 225.000000 0.267539 
0.085057 212.000000 0.252081 
0.083705 222.000000 0.263971 
0.085193 211.000000 0.250892 
0.082218 233.000000 0.277051 
0.085193 211.000000 0.250892 
0.087627 193.000000 0.229489 
0.088032 190.000000 0.225922 
0.086680 200.000000 0.237812 
0.085057 212.000000 0.252081 
0.088438 187.000000 0.222354 
0.084517 216.000000 0.256837 
0.084381 217.000000 0.258026 
0.088303 188.000000 0.223543 
0.087627 193.000000 0.229489 
0.090602 171.000000 0.203329 
0.087627 193.000000 0.229489 
0.086139 204.000000 0.242568 
0.083164 226.000000 0.268728 
0.084922 213.000000 0.253270 
0.085057 212.000000 0.252081 
0.087627 193.000000 0.229489 
0.084787 214.000000 0.254459 
0.087897 191.000000 0.227111 
0.085734 207.000000 0.246136 
0.083705 222.000000 0.263971 
0.084517 216.000000 0.256837 
0.086275 203.000000 0.241379 
0.085598 208.000000 0.247325 
0.083300 225.000000 0.267539 
0.085598 208.000000 0.247325 
0.088979 183.000000 0.217598 
0.087627 193.000000 0.229489 
0.082759 229.000000 0.272295 
0.085193 211.000000 0.250892 
0.086815 199.000000 0.236623 
0.084787 214.000000 0.254459 
0.086680 200.000000 0.237812 
0.084787 214.000000 0.254459 
0.084922 213.000000 0.253270 
0.085869 206.000000 0.244946 
0.085328 210.000000 0.249703 
0.085193 211.000000 0.250892 
0.085193 211.000000 0.250892 
0.086545 201.000000 0.239001 
0.084922 213.000000 0.253270 
0.083570 223.000000 0.265161 
0.086004 205.000000 0.243757 
0.084922 213.000000 0.253270 
0.084381 217.000000 0.258026 
0.088032 190.000000 0.225922 
0.086951 198.000000 0.235434 
0.088032 190.000000 0.225922 
0.086275 203.000000 0.241379 
0.086680 200.000000 0.237812 
0.087086 197.000000 0.234245 
0.082082 234.000000 0.278240 
0.086545 201.000000 0.239001 
0.084787 214.000000 0.254459 
0.087356 195.000000 0.231867 
0.085734 207.000000 0.246136 
0.084381 217.000000 0.258026 
0.084381 217.000000 0.258026 
0.086139 204.000000 0.242568 
0.088168 189.000000 0.224732 
0.087492 194.000000 0.230678 
0.084922 213.000000 0.253270 
0.086815 199.000000 0.236623 
0.084381 217.000000 0.258026 
0.084246 218.000000 0.259215 
0.083976 220.000000 0.261593 
0.084922 213.000000 0.253270 
0.085193 211.000000 0.250892 
0.086139 204.000000 0.242568 
0.084246 218.000000 0.259215 
0.085328 210.000000 0.249703 
0.084381 217.000000 0.258026 
0.084922 213.000000 0.253270 
0.084381 217.000000 0.258026 
0.088303 188.000000 0.223543 
0.085869 206.000000 0.244946 
0.083705 222.000000 0.263971 
0.087356 195.000000 0.231867 
0.086815 199.000000 0.236623 
0.086139 204.000000 0.242568 
0.086139 204.000000 0.242568 
0.087356 195.000000 0.231867 
0.085328 210.000000 0.249703 
0.083300 225.000000 0.267539 
0.084517 216.000000 0.256837 
0.087627 193.000000 0.229489 
0.082353 232.000000 0.275862 
0.087897 191.000000 0.227111 
0.085463 209.000000 0.248514 
0.085328 210.000000 0.249703 
0.085057 212.000000 0.252081 
0.084787 214.000000 0.254459 
0.085328 210.000000 0.249703 
0.086815 199.000000 0.236623 
0.084787 214.000000 0.254459 
0.084922 213.000000 0.253270 
0.084111 219.000000 0.260404 
0.082894 228.000000 0.271106 
0.086004 205.000000 0.243757 
0.086545 201.000000 0.239001 
0.083976 220.000000 0.261593 
0.082488 231.000000 0.274673 
0.084787 214.000000 0.254459 
0.084652 215.000000 0.255648 
0.085463 209.000000 0.248514 
0.082218 233.000000 0.277051 
0.085463 209.000000 0.248514 
0.084517 216.000000 0.256837 
0.088438 187.000000 0.222354 
0.083570 223.000000 0.265161 
0.085193 211.000000 0.250892 
0.084787 214.000000 0.254459 
0.085193 211.000000 0.250892 
0.087356 195.000000 0.231867 
0.084517 216.000000 0.256837 
0.084111 219.000000 0.260404 
0.085463 209.000000 0.248514 
0.086680 200.000000 0.237812 
0.088438 187.000000 0.222354 
0.083164 226.000000 0.268728 
0.083570 223.000000 0.265161 
0.087897 191.000000 0.227111 
0.083976 220.000000 0.261593 
0.087627 193.000000 0.229489 
0.085734 207.000000 0.246136 
0.086545 201.000000 0.239001 
0.086951 198.000000 0.235434 
0.084652 215.000000 0.255648 
0.083164 226.000000 0.268728 
0.087492 194.000000 0.230678 
0.082623 230.000000 0.273484 
0.085463 209.000000 0.248514 
0.083705 222.000000 0.263971 
0.085598 208.000000 0.247325 
0.086951 198.000000 0.235434 
0.086410 202.000000 0.240190 
0.087356 195.000000 0.231867 
0.086815 199.000000 0.236623 
0.085869 206.000000 0.244946 
0.088573 186.000000 0.221165 
0.087221 196.000000 0.233056 
0.085463 209.000000 0.248514 
0.083976 220.000000 0.261593 
0.084246 218.000000 0.259215 
0.083435 224.000000 0.266350 
0.086004 205.000000 0.243757 
0.085869 206.000000 0.244946 
0.087086 197.000000 0.234245 
0.084246 218.000000 0.259215 
0.083029 227.000000 0.269917 
0.084652 215.000000 0.255648 
0.087221 196.000000 0.233056 
0.082218 233.000000 0.277051 
0.085734 207.000000 0.246136 
0.082894 228.000000 0.271106 
0.083029 227.000000 0.269917 
0.086275 203.000000 0.241379 
0.083976 220.000000 0.261593 
0.085463 209.000000 0.248514 
0.085193 211.000000 0.250892 
0.087627 193.000000 0.229489 
0.087086 197.000000 0.234245 
0.083840 221.000000 0.262782 
0.087897 191.000000 0.227111 
0.085598 208.000000 0.247325 
0.085734 207.000000 0.246136 
0.083976 220.000000 0.261593 
0.087221 196.000000 0.233056 
0.088168 189.000000 0.224732 
0.085057 212.000000 0.252081 
0.087086 197.000000 0.234245 
0.084922 213.000000 0.253270 
0.084652 215.000000 0.255648 
0.083840 221.000000 0.262782 
0.085869 206.000000 0.244946 
0.083705 222.000000 0.263971 
0.086410 202.000000 0.240190 
0.086680 200.000000 0.237812 
0.083976 220.000000 0.261593 
0.084922 213.000000 0.253270 
0.084652 215.000000 0.255648 
0.087221 196.000000 0.233056 
0.083435 224.000000 0.266350 
0.083840 221.000000 0.262782 
0.086410 202.000000 0.240190 
0.087492 194.000000 0.230678 
0.085869 206.000000 0.244946 
0.083300 225.000000 0.267539 
0.085869 206.000000 0.244946 
0.086004 205.000000 0.243757 
0.086139 204.000000 0.242568 
0.085869 206.000000 0.244946 
0.085193 211.000000 0.250892 
0.086004 205.000000 0.243757 
0.086004 205.000000 0.243757 
0.083840 221.000000 0.262782 
0.089114 182.000000 0.216409 
0.083705 222.000000 0.263971 
0.085328 210.000000 0.249703 
0.083300 225.000000 0.267539 
0.085193 211.000000 0.250892 
0.084111 219.000000 0.260404 
0.083705 222.000000 0.263971 
0.085598 208.000000 0.247325 
0.084787 214.000000 0.254459 
0.084922 213.000000 0.253270 
0.086680 200.000000 0.237812 
0.084517 216.000000 0.256837 
0.083976 220.000000 0.261593 
0.082488 231.000000 0.274673 
0.085057 212.000000 0.252081 
0.084517 216.000000 0.256837 
0.085328 210.000000 0.249703 
0.085057 212.000000 0.252081 
0.082082 234.000000 0.278240 
0.084922 213.000000 0.253270 
0.087492 194.000000 0.230678 
0.082082 234.000000 0.278240 
0.081677 237.000000 0.281807 
0.081542 238.000000 0.282996 
0.084381 217.000000 0.258026 
0.084787 214.000000 0.254459 
0.084922 213.000000 0.253270 
0.084381 217.000000 0.258026 
0.086951 198.000000 0.235434 
0.084381 217.000000 0.258026 
0.088168 189.000000 0.224732 
0.084246 218.000000 0.259215 
0.086004 205.000000 0.243757 
0.084922 213.000000 0.253270 
0.083300 225.000000 0.267539 
0.081542 238.000000 0.282996 
0.085057 212.000000 0.252081 
0.084111 219.000000 0.260404 
0.084787 214.000000 0.254459 
0.086815 199.000000 0.236623 
0.084787 214.000000 0.254459 
0.084111 219.000000 0.260404 
0.086139 204.000000 0.242568 
0.083570 223.000000 0.265161 
0.083705 222.000000 0.263971 
0.084381 217.000000 0.258026 
0.085328 210.000000 0.249703 
0.084111 219.000000 0.260404 
0.083029 227.000000 0.269917 
0.085463 209.000000 0.248514 
0.083840 221.000000 0.262782 
0.083029 227.000000 0.269917 
0.086815 199.000000 0.236623 
0.083705 222.000000 0.263971 
0.084922 213.000000 0.253270 
0.082623 230.000000 0.273484 
0.084381 217.000000 0.258026 
0.086139 204.000000 0.242568 
0.085328 210.000000 0.249703 
0.083570 223.000000 0.265161 
0.089790 177.000000 0.210464 
0.082623 230.000000 0.273484 
0.085057 212.000000 0.252081 
0.084111 219.000000 0.260404 
0.086275 203.000000 0.241379 
0.086139 204.000000 0.242568 
0.086545 201.000000 0.239001 
0.084922 213.000000 0.253270 
0.087086 197.000000 0.234245 
0.084381 217.000000 0.258026 
0.083300 225.000000 0.267539 
0.086545 201.000000 0.239001 
0.083300 225.000000 0.267539 
0.086545 201.000000 0.239001 
0.082218 233.000000 0.277051 
0.086545 201.000000 0.239001 
0.085734 207.000000 0.246136 
0.084111 219.000000 0.260404 
0.086815 199.000000 0.236623 
0.087356 195.000000 0.231867 
0.085869 206.000000 0.244946 
0.085057 212.000000 0.252081 
0.087086 197.000000 0.234245 
0.083300 225.000000 0.267539 
0.083840 221.000000 0.262782 
0.084652 215.000000 0.255648 
0.083435 224.000000 0.266350 
0.085734 207.000000 0.246136 
0.084652 215.000000 0.255648 
0.086275 203.000000 0.241379 
0.084652 215.000000 0.255648 
0.084517 216.000000 0.256837 
0.083705 222.000000 0.263971 
0.086545 201.000000 0.239001 
0.084111 219.000000 0.260404 
0.086004 205.000000 0.243757 
0.085463 209.000000 0.248514 
0.084381 217.000000 0.258026 
0.085463 209.000000 0.248514 
0.083435 224.000000 0.266350 
0.085193 211.000000 0.250892 
0.084517 216.000000 0.256837 
0.086139 204.000000 0.242568 
0.084517 216.000000 0.256837 
0.086951 198.000000 0.235434 
0.085328 210.000000 0.249703 
0.084111 219.000000 0.260404 
0.086004 205.000000 0.243757 
0.082488 231.000000 0.274673 
0.083029 227.000000 0.269917 
0.086139 204.000000 0.242568 
0.085193 211.000000 0.250892 
0.083705 222.000000 0.263971 
0.084922 213.000000 0.253270 
0.085869 206.000000 0.244946 
0.086410 202.000000 0.240190 
0.084787 214.000000 0.254459 
0.086004 205.000000 0.243757 
0.087762 192.000000 0.228300 
0.085734 207.000000 0.246136 
0.083976 220.000000 0.261593 
0.082759 229.000000 0.272295 
0.083435 224.000000 0.266350 
0.082488 231.000000 0.274673 
0.085734 207.000000 0.246136 
0.085598 208.000000 0.247325 
0.086004 205.000000 0.243757 
0.084381 217.000000 0.258026 
0.085734 207.000000 0.246136 
0.084517 216.000000 0.256837 
0.086275 203.000000 0.241379 
0.082894 228.000000 0.271106 
0.085463 209.000000 0.248514 
0.086410 202.000000 0.240190 
0.084652 215.000000 0.255648 
0.086004 205.000000 0.243757 
0.086815 199.000000 0.236623 
0.086004 205.000000 0.243757 
0.085328 210.000000 0.249703 
0.085193 211.000000 0.250892 
0.083164 226.000000 0.268728 
0.086139 204.000000 0.242568 
0.085869 206.000000 0.244946 
0.085734 207.000000 0.246136 
0.083840 221.000000 0.262782 
0.085734 207.000000 0.246136 
0.082082 234.000000 0.278240 
0.082894 228.000000 0.271106 
0.083029 227.000000 0.269917 
0.085734 207.000000 0.246136 
0.083840 221.000000 0.262782 
0.087356 195.000000 0.231867 
0.084517 216.000000 0.256837 
0.088438 187.000000 0.222354 
0.084111 219.000000 0.260404 
0.085734 207.000000 0.246136 
0.084246 218.000000 0.259215 
0.085057 212.000000 0.252081 
0.085328 210.000000 0.249703 
0.083435 224.000000 0.266350 
0.088979 183.000000 0.217598 
0.081947 235.000000 0.279429 
0.087356 195.000000 0.231867 
0.083300 225.000000 0.267539 
0.084111 219.000000 0.260404 
0.086275 203.000000 0.241379 
0.086680 200.000000 0.237812 
0.085463 209.000000 0.248514 
0.087627 193.000000 0.229489 
0.084381 217.000000 0.258026 
0.086139 204.000000 0.242568 
0.084787 214.000000 0.254459 
0.083705 222.000000 0.263971 
0.084652 215.000000 0.255648 
0.085328 210.000000 0.249703 
0.081406 239.000000 0.284185 
0.085869 206.000000 0.244946 
0.087356 195.000000 0.231867 
0.081947 235.000000 0.279429 
0.083976 220.000000 0.261593 
0.084517 216.000000 0.256837 
0.085328 210.000000 0.249703 
0.086275 203.000000 0.241379 
0.083300 225.000000 0.267539 
0.086410 202.000000 0.240190 
0.085057 212.000000 0.252081 
0.085869 206.000000 0.244946 
0.083705 222.000000 0.263971 
0.087492 194.000000 0.230678 
0.086004 205.000000 0.243757 
0.087086 197.000000 0.234245 
0.088032 190.000000 0.225922 
0.082759 229.000000 0.272295 
0.082759 229.000000 0.272295 
0.084922 213.000000 0.253270 
0.083840 221.000000 0.262782 
0.085869 206.000000 0.244946 
0.084787 214.000000 0.254459 
0.088709 185.000000 0.219976 
0.083300 225.000000 0.267539 
0.084922 213.000000 0.253270 
0.088168 189.000000 0.224732 
0.088438 187.000000 0.222354 
0.085328 210.000000 0.249703 
0.086004 205.000000 0.243757 
0.087221 196.000000 0.233056 
0.087221 196.000000 0.233056 
0.085869 206.000000 0.244946 
0.083164 226.000000 0.268728 
0.085328 210.000000 0.249703 
0.088844 184.000000 0.218787 
0.083840 221.000000 0.262782 
0.083976 220.000000 0.261593 
0.087356 195.000000 0.231867 
0.084111 219.000000 0.260404 
0.085869 206.000000 0.244946 
0.086680 200.000000 0.237812 
0.088303 188.000000 0.223543 
0.084246 218.000000 0.259215 
0.086410 202.000000 0.240190 
0.083435 224.000000 0.266350 
0.085057 212.000000 0.252081 
0.090061 175.000000 0.208086 
0.082488 231.000000 0.274673 
0.086680 200.000000 0.237812 
0.087086 197.000000 0.234245 
0.084652 215.000000 0.255648 
0.085328 210.000000 0.249703 
0.088303 188.000000 0.223543 
0.086545 201.000000 0.239001 
0.083435 224.000000 0.266350 
0.083164 226.000000 0.268728 
0.086139 204.000000 0.242568 
0.088979 183.000000 0.217598 
0.083570 223.000000 0.265161 
0.084381 217.000000 0.258026 
0.086004 205.000000 0.243757 
0.085734 207.000000 0.246136 
0.084652 215.000000 0.255648 
0.083164 226.000000 0.268728 
0.086004 205.000000 0.243757 
0.082082 234.000000 0.278240 
0.086545 201.000000 0.239001 
0.085598 208.000000 0.247325 
0.086139 204.000000 0.242568 
0.086410 202.000000 0.240190 
0.083300 225.000000 0.267539 
0.084381 217.000000 0.258026 
0.086275 203.000000 0.241379 
0.085193 211.000000 0.250892 
0.086545 201.000000 0.239001 
0.088438 187.000000 0.222354 
0.083164 226.000000 0.268728 
0.086410 202.000000 0.240190 
0.086275 203.000000 0.241379 
0.083570 223.000000 0.265161 
0.085328 210.000000 0.249703 
0.085057 212.000000 0.252081 
0.083435 224.000000 0.266350 
0.086275 203.000000 0.241379 
0.085057 212.000000 0.252081 
0.083840 221.000000 0.262782 
0.084652 215.000000 0.255648 
0.085193 211.000000 0.250892 
0.086545 201.000000 0.239001 
0.083570 223.000000 0.265161 
0.084381 217.000000 0.258026 
0.083570 223.000000 0.265161 
0.087897 191.000000 0.227111 
0.085057 212.000000 0.252081 
0.085057 212.000000 0.252081 
0.086139 204.000000 0.242568 
0.086680 200.000000 0.237812 
0.085598 208.000000 0.247325 
0.086004 205.000000 0.243757 
0.084246 218.000000 0.259215 
0.082353 232.000000 0.275862 
0.085734 207.000000 0.246136 
0.086545 201.000000 0.239001 
0.084922 213.000000 0.253270 
0.086545 201.000000 0.239001 
0.085057 212.000000 0.252081 
0.084381 217.000000 0.258026 
0.084381 217.000000 0.258026 
0.086815 199.000000 0.236623 
0.085598 208.000000 0.247325 
0.083976 220.000000 0.261593 
0.085598 208.000000 0.247325 
0.085598 208.000000 0.247325 
0.082082 234.000000 0.278240 
0.088032 190.000000 0.225922 
