0.854198 191.000000 0.145802 
0.838168 212.000000 0.161832 
0.857252 187.000000 0.142748 
0.851145 195.000000 0.148855 
0.859542 184.000000 0.140458 
0.848092 199.000000 0.151908 
0.862595 180.000000 0.137405 
0.852672 193.000000 0.147328 
0.842748 206.000000 0.157252 
0.835878 215.000000 0.164122 
0.860305 183.000000 0.139695 
0.851145 195.000000 0.148855 
0.841985 207.000000 0.158015 
0.858015 186.000000 0.141985 
0.860305 183.000000 0.139695 
0.850382 196.000000 0.149618 
0.851908 194.000000 0.148092 
0.854962 190.000000 0.145038 
0.846565 201.000000 0.153435 
0.856489 188.000000 0.143511 
0.855725 189.000000 0.144275 
0.841221 208.000000 0.158779 
0.845802 202.000000 0.154198 
0.858015 186.000000 0.141985 
0.858779 185.000000 0.141221 
0.854962 190.000000 0.145038 
0.842748 206.000000 0.157252 
0.840458 209.000000 0.159542 
0.845038 203.000000 0.154962 
0.839695 210.000000 0.160305 
0.854962 190.000000 0.145038 
0.845802 202.000000 0.154198 
0.851145 195.000000 0.148855 
0.861069 182.000000 0.138931 
0.864885 177.000000 0.135115 
0.850382 196.000000 0.149618 
0.844275 204.000000 0.155725 
0.847328 200.000000 0.152672 
0.841221 208.000000 0.158779 
0.842748 206.000000 0.157252 
0.850382 196.000000 0.149618 
0.857252 187.000000 0.142748 
0.848092 199.000000 0.151908 
0.843511 205.000000 0.156489 
0.851908 194.000000 0.148092 
0.861069 182.000000 0.138931 
0.841221 208.000000 0.158779 
0.839695 210.000000 0.160305 
0.860305 183.000000 0.139695 
0.851908 194.000000 0.148092 
0.838168 212.000000 0.161832 
0.848092 199.000000 0.151908 
0.846565 201.000000 0.153435 
0.867176 174.000000 0.132824 
0.838931 211.000000 0.161069 
0.848855 198.000000 0.151145 
0.859542 184.000000 0.140458 
0.838168 212.000000 0.161832 
0.840458 209.000000 0.159542 
0.858779 185.000000 0.141221 
0.860305 183.000000 0.139695 
0.845802 202.000000 0.154198 
0.847328 200.000000 0.152672 
0.849618 197.000000 0.150382 
0.855725 189.000000 0.144275 
0.839695 210.000000 0.160305 
0.847328 200.000000 0.152672 
0.863359 179.000000 0.136641 
0.850382 196.000000 0.149618 
0.850382 196.000000 0.149618 
0.854198 191.000000 0.145802 
0.840458 209.000000 0.159542 
0.845038 203.000000 0.154962 
0.840458 209.000000 0.159542 
0.865649 176.000000 0.134351 
0.854962 190.000000 0.145038 
0.852672 193.000000 0.147328 
0.851908 194.000000 0.148092 
0.854962 190.000000 0.145038 
0.849618 197.000000 0.150382 
0.851908 194.000000 0.148092 
0.859542 184.000000 0.140458 
0.848855 198.000000 0.151145 
0.852672 193.000000 0.147328 
0.858015 186.000000 0.141985 
0.846565 201.000000 0.153435 
0.848855 198.000000 0.151145 
0.860305 183.000000 0.139695 
0.858015 186.000000 0.141985 
0.847328 200.000000 0.152672 
0.846565 201.000000 0.153435 
0.853435 192.000000 0.146565 
0.854198 191.000000 0.145802 
0.844275 204.000000 0.155725 
0.854962 190.000000 0.145038 
0.857252 187.000000 0.142748 
0.851908 194.000000 0.148092 
0.851145 195.000000 0.148855 
0.848855 198.000000 0.151145 
0.851145 195.000000 0.148855 
0.849618 197.000000 0.150382 
0.864885 177.000000 0.135115 
0.839695 210.000000 0.160305 
0.861069 182.000000 0.138931 
0.848855 198.000000 0.151145 
0.842748 206.000000 0.157252 
0.844275 204.000000 0.155725 
0.836641 214.000000 0.163359 
0.854198 191.000000 0.145802 
0.838931 211.000000 0.161069 
0.841985 207.000000 0.158015 
0.851908 194.000000 0.148092 
0.839695 210.000000 0.160305 
0.845802 202.000000 0.154198 
0.839695 210.000000 0.160305 
0.838931 211.000000 0.161069 
0.853435 192.000000 0.146565 
0.833588 218.000000 0.166412 
0.841221 208.000000 0.158779 
0.851908 194.000000 0.148092 
0.854198 191.000000 0.145802 
0.841221 208.000000 0.158779 
0.849618 197.000000 0.150382 
0.843511 205.000000 0.156489 
0.846565 201.000000 0.153435 
0.838168 212.000000 0.161832 
0.857252 187.000000 0.142748 
0.863359 179.000000 0.136641 
0.853435 192.000000 0.146565 
0.846565 201.000000 0.153435 
0.846565 201.000000 0.153435 
0.863359 179.000000 0.136641 
0.837405 213.000000 0.162595 
0.858015 186.000000 0.141985 
0.847328 200.000000 0.152672 
0.845038 203.000000 0.154962 
0.851145 195.000000 0.148855 
0.852672 193.000000 0.147328 
0.853435 192.000000 0.146565 
0.864122 178.000000 0.135878 
0.854198 191.000000 0.145802 
0.846565 201.000000 0.153435 
0.844275 204.000000 0.155725 
0.858779 185.000000 0.141221 
0.851145 195.000000 0.148855 
0.852672 193.000000 0.147328 
0.845038 203.000000 0.154962 
0.851145 195.000000 0.148855 
0.841985 207.000000 0.158015 
0.842748 206.000000 0.157252 
0.851145 195.000000 0.148855 
0.846565 201.000000 0.153435 
0.838931 211.000000 0.161069 
0.850382 196.000000 0.149618 
0.861069 182.000000 0.138931 
0.852672 193.000000 0.147328 
0.844275 204.000000 0.155725 
0.856489 188.000000 0.143511 
0.842748 206.000000 0.157252 
0.848855 198.000000 0.151145 
0.845802 202.000000 0.154198 
0.841221 208.000000 0.158779 
0.839695 210.000000 0.160305 
0.862595 180.000000 0.137405 
0.845802 202.000000 0.154198 
0.840458 209.000000 0.159542 
0.847328 200.000000 0.152672 
0.849618 197.000000 0.150382 
0.853435 192.000000 0.146565 
0.841221 208.000000 0.158779 
0.842748 206.000000 0.157252 
0.854962 190.000000 0.145038 
0.849618 197.000000 0.150382 
0.839695 210.000000 0.160305 
0.843511 205.000000 0.156489 
0.851908 194.000000 0.148092 
0.847328 200.000000 0.152672 
0.842748 206.000000 0.157252 
0.844275 204.000000 0.155725 
0.847328 200.000000 0.152672 
0.841221 208.000000 0.158779 
0.854962 190.000000 0.145038 
0.853435 192.000000 0.146565 
0.851908 194.000000 0.148092 
0.843511 205.000000 0.156489 
0.848092 199.000000 0.151908 
0.854198 191.000000 0.145802 
0.841985 207.000000 0.158015 
0.853435 192.000000 0.146565 
0.848092 199.000000 0.151908 
0.851908 194.000000 0.148092 
0.852672 193.000000 0.147328 
0.847328 200.000000 0.152672 
0.848092 199.000000 0.151908 
0.846565 201.000000 0.153435 
0.848855 198.000000 0.151145 
0.853435 192.000000 0.146565 
0.855725 189.000000 0.144275 
0.845802 202.000000 0.154198 
0.845038 203.000000 0.154962 
0.857252 187.000000 0.142748 
0.847328 200.000000 0.152672 
0.849618 197.000000 0.150382 
0.843511 205.000000 0.156489 
0.849618 197.000000 0.150382 
0.857252 187.000000 0.142748 
0.853435 192.000000 0.146565 
0.854962 190.000000 0.145038 
0.848855 198.000000 0.151145 
0.861069 182.000000 0.138931 
0.864885 177.000000 0.135115 
0.854962 190.000000 0.145038 
0.861069 182.000000 0.138931 
0.842748 206.000000 0.157252 
0.849618 197.000000 0.150382 
0.836641 214.000000 0.163359 
0.850382 196.000000 0.149618 
0.841985 207.000000 0.158015 
0.848092 199.000000 0.151908 
0.854198 191.000000 0.145802 
0.859542 184.000000 0.140458 
0.851145 195.000000 0.148855 
0.832061 220.000000 0.167939 
0.853435 192.000000 0.146565 
0.851145 195.000000 0.148855 
0.855725 189.000000 0.144275 
0.848092 199.000000 0.151908 
0.835115 216.000000 0.164885 
0.848092 199.000000 0.151908 
0.857252 187.000000 0.142748 
0.840458 209.000000 0.159542 
0.864885 177.000000 0.135115 
0.847328 200.000000 0.152672 
0.848092 199.000000 0.151908 
0.838931 211.000000 0.161069 
0.854198 191.000000 0.145802 
0.858015 186.000000 0.141985 
0.850382 196.000000 0.149618 
0.849618 197.000000 0.150382 
0.849618 197.000000 0.150382 
0.848855 198.000000 0.151145 
0.861069 182.000000 0.138931 
0.851145 195.000000 0.148855 
0.851145 195.000000 0.148855 
0.857252 187.000000 0.142748 
0.838168 212.000000 0.161832 
0.838931 211.000000 0.161069 
0.858015 186.000000 0.141985 
0.854198 191.000000 0.145802 
0.841985 207.000000 0.158015 
0.854198 191.000000 0.145802 
0.845038 203.000000 0.154962 
0.857252 187.000000 0.142748 
0.854198 191.000000 0.145802 
0.841221 208.000000 0.158779 
0.853435 192.000000 0.146565 
0.848855 198.000000 0.151145 
0.858015 186.000000 0.141985 
0.848855 198.000000 0.151145 
0.854198 191.000000 0.145802 
0.851145 195.000000 0.148855 
0.851908 194.000000 0.148092 
0.846565 201.000000 0.153435 
0.849618 197.000000 0.150382 
0.838168 212.000000 0.161832 
0.860305 183.000000 0.139695 
0.855725 189.000000 0.144275 
0.842748 206.000000 0.157252 
0.849618 197.000000 0.150382 
0.849618 197.000000 0.150382 
0.853435 192.000000 0.146565 
0.838931 211.000000 0.161069 
0.848092 199.000000 0.151908 
0.855725 189.000000 0.144275 
0.846565 201.000000 0.153435 
0.848855 198.000000 0.151145 
0.854198 191.000000 0.145802 
0.851145 195.000000 0.148855 
0.863359 179.000000 0.136641 
0.854962 190.000000 0.145038 
0.857252 187.000000 0.142748 
0.851908 194.000000 0.148092 
0.843511 205.000000 0.156489 
0.863359 179.000000 0.136641 
0.849618 197.000000 0.150382 
0.843511 205.000000 0.156489 
0.847328 200.000000 0.152672 
0.844275 204.000000 0.155725 
0.837405 213.000000 0.162595 
0.851145 195.000000 0.148855 
0.851145 195.000000 0.148855 
0.849618 197.000000 0.150382 
0.858779 185.000000 0.141221 
0.845802 202.000000 0.154198 
0.851145 195.000000 0.148855 
0.859542 184.000000 0.140458 
0.845038 203.000000 0.154962 
0.859542 184.000000 0.140458 
0.854962 190.000000 0.145038 
0.848092 199.000000 0.151908 
0.853435 192.000000 0.146565 
0.859542 184.000000 0.140458 
0.864122 178.000000 0.135878 
0.849618 197.000000 0.150382 
0.851908 194.000000 0.148092 
0.858015 186.000000 0.141985 
0.832061 220.000000 0.167939 
0.855725 189.000000 0.144275 
0.845802 202.000000 0.154198 
0.855725 189.000000 0.144275 
0.842748 206.000000 0.157252 
0.861069 182.000000 0.138931 
0.859542 184.000000 0.140458 
0.852672 193.000000 0.147328 
0.854198 191.000000 0.145802 
0.858779 185.000000 0.141221 
0.844275 204.000000 0.155725 
0.850382 196.000000 0.149618 
0.858015 186.000000 0.141985 
0.849618 197.000000 0.150382 
0.852672 193.000000 0.147328 
0.848092 199.000000 0.151908 
0.832061 220.000000 0.167939 
0.838931 211.000000 0.161069 
0.842748 206.000000 0.157252 
0.845802 202.000000 0.154198 
0.839695 210.000000 0.160305 
0.839695 210.000000 0.160305 
0.834351 217.000000 0.165649 
0.862595 180.000000 0.137405 
0.847328 200.000000 0.152672 
0.853435 192.000000 0.146565 
0.848855 198.000000 0.151145 
0.845802 202.000000 0.154198 
0.848092 199.000000 0.151908 
0.848092 199.000000 0.151908 
0.864885 177.000000 0.135115 
0.851145 195.000000 0.148855 
0.841985 207.000000 0.158015 
0.848855 198.000000 0.151145 
0.847328 200.000000 0.152672 
0.839695 210.000000 0.160305 
0.861832 181.000000 0.138168 
0.835115 216.000000 0.164885 
0.849618 197.000000 0.150382 
0.865649 176.000000 0.134351 
0.850382 196.000000 0.149618 
0.848092 199.000000 0.151908 
0.847328 200.000000 0.152672 
0.838168 212.000000 0.161832 
0.863359 179.000000 0.136641 
0.858015 186.000000 0.141985 
0.850382 196.000000 0.149618 
0.858779 185.000000 0.141221 
0.850382 196.000000 0.149618 
0.838168 212.000000 0.161832 
0.849618 197.000000 0.150382 
0.847328 200.000000 0.152672 
0.850382 196.000000 0.149618 
0.854198 191.000000 0.145802 
0.852672 193.000000 0.147328 
0.852672 193.000000 0.147328 
0.849618 197.000000 0.150382 
0.837405 213.000000 0.162595 
0.856489 188.000000 0.143511 
0.855725 189.000000 0.144275 
0.851145 195.000000 0.148855 
0.838168 212.000000 0.161832 
0.854198 191.000000 0.145802 
0.853435 192.000000 0.146565 
0.845802 202.000000 0.154198 
0.845038 203.000000 0.154962 
0.846565 201.000000 0.153435 
0.845038 203.000000 0.154962 
0.854198 191.000000 0.145802 
0.843511 205.000000 0.156489 
0.827481 226.000000 0.172519 
0.852672 193.000000 0.147328 
0.857252 187.000000 0.142748 
0.857252 187.000000 0.142748 
0.854198 191.000000 0.145802 
0.848855 198.000000 0.151145 
0.851145 195.000000 0.148855 
0.841985 207.000000 0.158015 
0.848855 198.000000 0.151145 
0.845802 202.000000 0.154198 
0.858015 186.000000 0.141985 
0.852672 193.000000 0.147328 
0.842748 206.000000 0.157252 
0.855725 189.000000 0.144275 
0.849618 197.000000 0.150382 
0.842748 206.000000 0.157252 
0.845802 202.000000 0.154198 
0.854198 191.000000 0.145802 
0.847328 200.000000 0.152672 
0.848092 199.000000 0.151908 
0.864885 177.000000 0.135115 
0.841221 208.000000 0.158779 
0.854962 190.000000 0.145038 
0.841221 208.000000 0.158779 
0.853435 192.000000 0.146565 
0.845802 202.000000 0.154198 
0.846565 201.000000 0.153435 
0.845038 203.000000 0.154962 
0.843511 205.000000 0.156489 
0.846565 201.000000 0.153435 
0.848092 199.000000 0.151908 
0.837405 213.000000 0.162595 
0.851145 195.000000 0.148855 
0.845038 203.000000 0.154962 
0.857252 187.000000 0.142748 
0.852672 193.000000 0.147328 
0.841985 207.000000 0.158015 
0.848855 198.000000 0.151145 
0.862595 180.000000 0.137405 
0.850382 196.000000 0.149618 
0.848092 199.000000 0.151908 
0.843511 205.000000 0.156489 
0.857252 187.000000 0.142748 
0.846565 201.000000 0.153435 
0.835115 216.000000 0.164885 
0.855725 189.000000 0.144275 
0.854962 190.000000 0.145038 
0.856489 188.000000 0.143511 
0.854962 190.000000 0.145038 
0.842748 206.000000 0.157252 
0.830534 222.000000 0.169466 
0.851145 195.000000 0.148855 
0.856489 188.000000 0.143511 
0.860305 183.000000 0.139695 
0.857252 187.000000 0.142748 
0.838168 212.000000 0.161832 
0.858015 186.000000 0.141985 
0.853435 192.000000 0.146565 
0.848855 198.000000 0.151145 
0.841985 207.000000 0.158015 
0.847328 200.000000 0.152672 
0.858015 186.000000 0.141985 
0.870992 169.000000 0.129008 
0.851145 195.000000 0.148855 
0.851908 194.000000 0.148092 
0.852672 193.000000 0.147328 
0.844275 204.000000 0.155725 
0.854962 190.000000 0.145038 
0.848855 198.000000 0.151145 
0.864885 177.000000 0.135115 
0.852672 193.000000 0.147328 
0.843511 205.000000 0.156489 
0.842748 206.000000 0.157252 
0.851145 195.000000 0.148855 
0.858779 185.000000 0.141221 
0.858779 185.000000 0.141221 
0.858015 186.000000 0.141985 
0.836641 214.000000 0.163359 
0.845802 202.000000 0.154198 
0.839695 210.000000 0.160305 
0.846565 201.000000 0.153435 
0.847328 200.000000 0.152672 
0.854198 191.000000 0.145802 
0.845038 203.000000 0.154962 
0.860305 183.000000 0.139695 
0.847328 200.000000 0.152672 
0.848855 198.000000 0.151145 
0.837405 213.000000 0.162595 
0.855725 189.000000 0.144275 
0.858779 185.000000 0.141221 
0.851908 194.000000 0.148092 
0.844275 204.000000 0.155725 
0.848855 198.000000 0.151145 
0.836641 214.000000 0.163359 
0.841985 207.000000 0.158015 
0.861069 182.000000 0.138931 
0.846565 201.000000 0.153435 
0.845038 203.000000 0.154962 
0.854962 190.000000 0.145038 
0.844275 204.000000 0.155725 
0.849618 197.000000 0.150382 
0.852672 193.000000 0.147328 
0.841985 207.000000 0.158015 
0.843511 205.000000 0.156489 
0.856489 188.000000 0.143511 
0.852672 193.000000 0.147328 
0.849618 197.000000 0.150382 
0.838931 211.000000 0.161069 
0.847328 200.000000 0.152672 
0.850382 196.000000 0.149618 
0.834351 217.000000 0.165649 
0.842748 206.000000 0.157252 
0.861832 181.000000 0.138168 
0.845802 202.000000 0.154198 
0.864122 178.000000 0.135878 
0.844275 204.000000 0.155725 
0.844275 204.000000 0.155725 
0.850382 196.000000 0.149618 
0.854198 191.000000 0.145802 
0.850382 196.000000 0.149618 
0.839695 210.000000 0.160305 
0.854962 190.000000 0.145038 
0.848855 198.000000 0.151145 
0.843511 205.000000 0.156489 
0.843511 205.000000 0.156489 
0.850382 196.000000 0.149618 
0.857252 187.000000 0.142748 
0.858015 186.000000 0.141985 
0.855725 189.000000 0.144275 
0.845038 203.000000 0.154962 
0.852672 193.000000 0.147328 
0.845802 202.000000 0.154198 
0.841985 207.000000 0.158015 
0.857252 187.000000 0.142748 
0.856489 188.000000 0.143511 
0.852672 193.000000 0.147328 
0.845802 202.000000 0.154198 
0.843511 205.000000 0.156489 
0.840458 209.000000 0.159542 
0.851145 195.000000 0.148855 
0.844275 204.000000 0.155725 
0.850382 196.000000 0.149618 
0.847328 200.000000 0.152672 
0.854962 190.000000 0.145038 
0.844275 204.000000 0.155725 
0.851145 195.000000 0.148855 
0.845038 203.000000 0.154962 
0.850382 196.000000 0.149618 
0.846565 201.000000 0.153435 
0.851145 195.000000 0.148855 
0.845038 203.000000 0.154962 
0.838168 212.000000 0.161832 
0.849618 197.000000 0.150382 
0.851908 194.000000 0.148092 
0.850382 196.000000 0.149618 
0.851145 195.000000 0.148855 
0.856489 188.000000 0.143511 
0.841221 208.000000 0.158779 
0.848092 199.000000 0.151908 
0.854198 191.000000 0.145802 
0.845802 202.000000 0.154198 
0.838931 211.000000 0.161069 
0.844275 204.000000 0.155725 
0.851145 195.000000 0.148855 
0.858779 185.000000 0.141221 
0.848092 199.000000 0.151908 
0.860305 183.000000 0.139695 
0.858015 186.000000 0.141985 
0.848855 198.000000 0.151145 
0.856489 188.000000 0.143511 
0.830534 222.000000 0.169466 
0.853435 192.000000 0.146565 
0.841221 208.000000 0.158779 
0.838931 211.000000 0.161069 
0.859542 184.000000 0.140458 
0.843511 205.000000 0.156489 
0.861069 182.000000 0.138931 
0.839695 210.000000 0.160305 
0.853435 192.000000 0.146565 
0.845038 203.000000 0.154962 
0.852672 193.000000 0.147328 
0.860305 183.000000 0.139695 
0.849618 197.000000 0.150382 
0.850382 196.000000 0.149618 
0.851908 194.000000 0.148092 
0.851145 195.000000 0.148855 
0.849618 197.000000 0.150382 
0.852672 193.000000 0.147328 
0.847328 200.000000 0.152672 
0.849618 197.000000 0.150382 
0.856489 188.000000 0.143511 
0.842748 206.000000 0.157252 
0.851145 195.000000 0.148855 
0.851145 195.000000 0.148855 
0.841221 208.000000 0.158779 
0.848092 199.000000 0.151908 
0.855725 189.000000 0.144275 
0.858779 185.000000 0.141221 
0.854962 190.000000 0.145038 
0.854962 190.000000 0.145038 
0.847328 200.000000 0.152672 
0.848092 199.000000 0.151908 
0.841985 207.000000 0.158015 
0.858015 186.000000 0.141985 
0.854962 190.000000 0.145038 
0.852672 193.000000 0.147328 
0.843511 205.000000 0.156489 
0.848092 199.000000 0.151908 
0.851908 194.000000 0.148092 
0.865649 176.000000 0.134351 
0.851908 194.000000 0.148092 
0.858779 185.000000 0.141221 
0.854198 191.000000 0.145802 
0.851908 194.000000 0.148092 
0.851145 195.000000 0.148855 
0.854962 190.000000 0.145038 
0.846565 201.000000 0.153435 
0.857252 187.000000 0.142748 
0.851145 195.000000 0.148855 
0.848092 199.000000 0.151908 
0.839695 210.000000 0.160305 
0.849618 197.000000 0.150382 
0.864885 177.000000 0.135115 
0.836641 214.000000 0.163359 
0.858779 185.000000 0.141221 
0.860305 183.000000 0.139695 
0.857252 187.000000 0.142748 
0.855725 189.000000 0.144275 
0.856489 188.000000 0.143511 
0.849618 197.000000 0.150382 
0.845038 203.000000 0.154962 
0.851908 194.000000 0.148092 
0.853435 192.000000 0.146565 
0.854962 190.000000 0.145038 
0.848092 199.000000 0.151908 
0.840458 209.000000 0.159542 
0.856489 188.000000 0.143511 
0.850382 196.000000 0.149618 
0.839695 210.000000 0.160305 
0.855725 189.000000 0.144275 
0.854962 190.000000 0.145038 
0.851908 194.000000 0.148092 
0.853435 192.000000 0.146565 
0.846565 201.000000 0.153435 
0.845802 202.000000 0.154198 
0.852672 193.000000 0.147328 
0.854962 190.000000 0.145038 
0.854198 191.000000 0.145802 
0.850382 196.000000 0.149618 
0.850382 196.000000 0.149618 
0.845038 203.000000 0.154962 
0.854962 190.000000 0.145038 
0.846565 201.000000 0.153435 
0.851908 194.000000 0.148092 
0.860305 183.000000 0.139695 
0.852672 193.000000 0.147328 
0.839695 210.000000 0.160305 
0.836641 214.000000 0.163359 
0.845038 203.000000 0.154962 
0.852672 193.000000 0.147328 
0.836641 214.000000 0.163359 
0.851145 195.000000 0.148855 
0.848855 198.000000 0.151145 
0.852672 193.000000 0.147328 
0.858015 186.000000 0.141985 
0.856489 188.000000 0.143511 
0.840458 209.000000 0.159542 
0.855725 189.000000 0.144275 
0.842748 206.000000 0.157252 
0.848092 199.000000 0.151908 
0.842748 206.000000 0.157252 
0.854962 190.000000 0.145038 
0.864885 177.000000 0.135115 
0.851145 195.000000 0.148855 
0.848092 199.000000 0.151908 
0.851908 194.000000 0.148092 
0.858015 186.000000 0.141985 
0.867176 174.000000 0.132824 
0.863359 179.000000 0.136641 
0.839695 210.000000 0.160305 
0.841221 208.000000 0.158779 
0.861069 182.000000 0.138931 
0.841985 207.000000 0.158015 
0.850382 196.000000 0.149618 
0.848092 199.000000 0.151908 
0.837405 213.000000 0.162595 
0.842748 206.000000 0.157252 
0.846565 201.000000 0.153435 
0.841985 207.000000 0.158015 
0.847328 200.000000 0.152672 
0.851145 195.000000 0.148855 
0.837405 213.000000 0.162595 
0.854198 191.000000 0.145802 
0.859542 184.000000 0.140458 
0.848855 198.000000 0.151145 
0.841985 207.000000 0.158015 
0.855725 189.000000 0.144275 
0.860305 183.000000 0.139695 
0.846565 201.000000 0.153435 
0.854198 191.000000 0.145802 
0.867176 174.000000 0.132824 
0.849618 197.000000 0.150382 
0.839695 210.000000 0.160305 
0.848092 199.000000 0.151908 
0.847328 200.000000 0.152672 
0.845802 202.000000 0.154198 
0.853435 192.000000 0.146565 
0.850382 196.000000 0.149618 
0.852672 193.000000 0.147328 
0.840458 209.000000 0.159542 
0.854962 190.000000 0.145038 
0.850382 196.000000 0.149618 
0.841985 207.000000 0.158015 
0.848092 199.000000 0.151908 
0.850382 196.000000 0.149618 
0.858015 186.000000 0.141985 
0.848092 199.000000 0.151908 
0.841985 207.000000 0.158015 
0.838931 211.000000 0.161069 
0.845802 202.000000 0.154198 
0.849618 197.000000 0.150382 
0.856489 188.000000 0.143511 
0.850382 196.000000 0.149618 
0.858015 186.000000 0.141985 
0.841985 207.000000 0.158015 
0.853435 192.000000 0.146565 
0.848092 199.000000 0.151908 
0.848855 198.000000 0.151145 
0.845038 203.000000 0.154962 
0.855725 189.000000 0.144275 
0.851908 194.000000 0.148092 
0.832824 219.000000 0.167176 
0.856489 188.000000 0.143511 
0.841985 207.000000 0.158015 
0.848855 198.000000 0.151145 
0.845038 203.000000 0.154962 
0.847328 200.000000 0.152672 
0.840458 209.000000 0.159542 
0.831298 221.000000 0.168702 
0.842748 206.000000 0.157252 
0.840458 209.000000 0.159542 
0.855725 189.000000 0.144275 
0.839695 210.000000 0.160305 
0.846565 201.000000 0.153435 
0.852672 193.000000 0.147328 
0.847328 200.000000 0.152672 
0.864122 178.000000 0.135878 
0.844275 204.000000 0.155725 
0.847328 200.000000 0.152672 
0.850382 196.000000 0.149618 
0.851908 194.000000 0.148092 
0.857252 187.000000 0.142748 
0.835115 216.000000 0.164885 
0.851145 195.000000 0.148855 
0.861832 181.000000 0.138168 
0.850382 196.000000 0.149618 
0.855725 189.000000 0.144275 
0.836641 214.000000 0.163359 
0.851908 194.000000 0.148092 
0.840458 209.000000 0.159542 
0.850382 196.000000 0.149618 
0.854962 190.000000 0.145038 
0.844275 204.000000 0.155725 
0.847328 200.000000 0.152672 
0.834351 217.000000 0.165649 
0.841985 207.000000 0.158015 
0.848855 198.000000 0.151145 
0.857252 187.000000 0.142748 
0.856489 188.000000 0.143511 
0.844275 204.000000 0.155725 
0.849618 197.000000 0.150382 
0.852672 193.000000 0.147328 
0.844275 204.000000 0.155725 
0.851908 194.000000 0.148092 
0.858015 186.000000 0.141985 
0.857252 187.000000 0.142748 
0.846565 201.000000 0.153435 
0.851145 195.000000 0.148855 
0.857252 187.000000 0.142748 
0.861832 181.000000 0.138168 
0.849618 197.000000 0.150382 
0.854962 190.000000 0.145038 
0.843511 205.000000 0.156489 
0.861832 181.000000 0.138168 
0.845802 202.000000 0.154198 
0.839695 210.000000 0.160305 
0.854962 190.000000 0.145038 
0.849618 197.000000 0.150382 
0.854198 191.000000 0.145802 
0.846565 201.000000 0.153435 
0.850382 196.000000 0.149618 
0.849618 197.000000 0.150382 
0.851145 195.000000 0.148855 
0.845038 203.000000 0.154962 
0.856489 188.000000 0.143511 
0.845802 202.000000 0.154198 
0.836641 214.000000 0.163359 
0.860305 183.000000 0.139695 
0.856489 188.000000 0.143511 
0.848092 199.000000 0.151908 
0.859542 184.000000 0.140458 
0.853435 192.000000 0.146565 
0.839695 210.000000 0.160305 
0.844275 204.000000 0.155725 
0.850382 196.000000 0.149618 
0.845038 203.000000 0.154962 
0.858779 185.000000 0.141221 
0.849618 197.000000 0.150382 
0.848855 198.000000 0.151145 
0.852672 193.000000 0.147328 
0.852672 193.000000 0.147328 
0.856489 188.000000 0.143511 
0.841221 208.000000 0.158779 
0.854962 190.000000 0.145038 
0.857252 187.000000 0.142748 
0.845038 203.000000 0.154962 
0.854962 190.000000 0.145038 
0.845038 203.000000 0.154962 
0.843511 205.000000 0.156489 
0.848855 198.000000 0.151145 
0.845038 203.000000 0.154962 
0.848092 199.000000 0.151908 
0.851908 194.000000 0.148092 
0.864885 177.000000 0.135115 
0.860305 183.000000 0.139695 
0.855725 189.000000 0.144275 
0.851908 194.000000 0.148092 
0.838931 211.000000 0.161069 
0.858015 186.000000 0.141985 
0.852672 193.000000 0.147328 
0.862595 180.000000 0.137405 
0.856489 188.000000 0.143511 
0.849618 197.000000 0.150382 
0.857252 187.000000 0.142748 
0.845802 202.000000 0.154198 
0.847328 200.000000 0.152672 
0.845038 203.000000 0.154962 
0.845802 202.000000 0.154198 
0.837405 213.000000 0.162595 
0.849618 197.000000 0.150382 
0.867176 174.000000 0.132824 
0.854198 191.000000 0.145802 
0.851145 195.000000 0.148855 
0.855725 189.000000 0.144275 
0.843511 205.000000 0.156489 
0.852672 193.000000 0.147328 
0.838931 211.000000 0.161069 
0.847328 200.000000 0.152672 
0.839695 210.000000 0.160305 
0.852672 193.000000 0.147328 
0.845802 202.000000 0.154198 
0.832824 219.000000 0.167176 
0.850382 196.000000 0.149618 
0.849618 197.000000 0.150382 
0.847328 200.000000 0.152672 
0.839695 210.000000 0.160305 
0.853435 192.000000 0.146565 
0.847328 200.000000 0.152672 
0.854962 190.000000 0.145038 
0.851908 194.000000 0.148092 
0.850382 196.000000 0.149618 
0.838168 212.000000 0.161832 
0.856489 188.000000 0.143511 
0.844275 204.000000 0.155725 
0.852672 193.000000 0.147328 
0.848855 198.000000 0.151145 
0.848092 199.000000 0.151908 
0.856489 188.000000 0.143511 
0.852672 193.000000 0.147328 
0.849618 197.000000 0.150382 
0.860305 183.000000 0.139695 
0.855725 189.000000 0.144275 
0.838931 211.000000 0.161069 
0.838931 211.000000 0.161069 
0.855725 189.000000 0.144275 
0.849618 197.000000 0.150382 
0.851908 194.000000 0.148092 
0.864122 178.000000 0.135878 
0.847328 200.000000 0.152672 
0.839695 210.000000 0.160305 
0.848855 198.000000 0.151145 
0.853435 192.000000 0.146565 
0.844275 204.000000 0.155725 
0.854198 191.000000 0.145802 
0.848855 198.000000 0.151145 
0.857252 187.000000 0.142748 
0.843511 205.000000 0.156489 
0.851908 194.000000 0.148092 
0.838931 211.000000 0.161069 
0.846565 201.000000 0.153435 
0.842748 206.000000 0.157252 
0.848092 199.000000 0.151908 
0.847328 200.000000 0.152672 
0.840458 209.000000 0.159542 
0.845038 203.000000 0.154962 
0.851908 194.000000 0.148092 
0.851145 195.000000 0.148855 
0.844275 204.000000 0.155725 
0.851908 194.000000 0.148092 
0.859542 184.000000 0.140458 
0.850382 196.000000 0.149618 
0.846565 201.000000 0.153435 
0.848092 199.000000 0.151908 
0.852672 193.000000 0.147328 
0.851908 194.000000 0.148092 
0.850382 196.000000 0.149618 
0.847328 200.000000 0.152672 
0.848092 199.000000 0.151908 
0.867939 173.000000 0.132061 
0.856489 188.000000 0.143511 
0.839695 210.000000 0.160305 
0.849618 197.000000 0.150382 
0.843511 205.000000 0.156489 
0.848855 198.000000 0.151145 
0.845038 203.000000 0.154962 
0.854962 190.000000 0.145038 
0.854962 190.000000 0.145038 
0.848092 199.000000 0.151908 
0.841985 207.000000 0.158015 
0.846565 201.000000 0.153435 
0.843511 205.000000 0.156489 
0.847328 200.000000 0.152672 
0.848855 198.000000 0.151145 
0.848092 199.000000 0.151908 
0.839695 210.000000 0.160305 
0.849618 197.000000 0.150382 
0.849618 197.000000 0.150382 
0.848855 198.000000 0.151145 
0.850382 196.000000 0.149618 
0.850382 196.000000 0.149618 
0.843511 205.000000 0.156489 
0.858779 185.000000 0.141221 
0.841985 207.000000 0.158015 
0.834351 217.000000 0.165649 
0.855725 189.000000 0.144275 
0.851908 194.000000 0.148092 
0.854962 190.000000 0.145038 
0.854962 190.000000 0.145038 
0.839695 210.000000 0.160305 
0.842748 206.000000 0.157252 
0.854962 190.000000 0.145038 
0.859542 184.000000 0.140458 
0.859542 184.000000 0.140458 
0.858779 185.000000 0.141221 
0.856489 188.000000 0.143511 
0.845802 202.000000 0.154198 
0.853435 192.000000 0.146565 
0.850382 196.000000 0.149618 
0.851908 194.000000 0.148092 
0.842748 206.000000 0.157252 
0.851908 194.000000 0.148092 
0.841221 208.000000 0.158779 
0.856489 188.000000 0.143511 
0.845802 202.000000 0.154198 
0.858015 186.000000 0.141985 
0.850382 196.000000 0.149618 
0.838168 212.000000 0.161832 
0.848855 198.000000 0.151145 
0.845802 202.000000 0.154198 
0.852672 193.000000 0.147328 
0.857252 187.000000 0.142748 
0.846565 201.000000 0.153435 
0.848855 198.000000 0.151145 
0.853435 192.000000 0.146565 
0.862595 180.000000 0.137405 
0.860305 183.000000 0.139695 
0.851145 195.000000 0.148855 
0.864885 177.000000 0.135115 
0.850382 196.000000 0.149618 
0.847328 200.000000 0.152672 
0.865649 176.000000 0.134351 
0.841221 208.000000 0.158779 
0.851145 195.000000 0.148855 
0.851145 195.000000 0.148855 
0.848855 198.000000 0.151145 
0.851908 194.000000 0.148092 
0.844275 204.000000 0.155725 
0.861069 182.000000 0.138931 
0.849618 197.000000 0.150382 
0.864885 177.000000 0.135115 
0.856489 188.000000 0.143511 
0.840458 209.000000 0.159542 
0.849618 197.000000 0.150382 
0.848092 199.000000 0.151908 
0.837405 213.000000 0.162595 
0.847328 200.000000 0.152672 
0.854198 191.000000 0.145802 
0.842748 206.000000 0.157252 
0.848092 199.000000 0.151908 
0.845802 202.000000 0.154198 
0.845038 203.000000 0.154962 
0.850382 196.000000 0.149618 
0.859542 184.000000 0.140458 
0.853435 192.000000 0.146565 
0.848092 199.000000 0.151908 
0.853435 192.000000 0.146565 
0.848855 198.000000 0.151145 
0.846565 201.000000 0.153435 
0.841221 208.000000 0.158779 
0.837405 213.000000 0.162595 
0.857252 187.000000 0.142748 
0.853435 192.000000 0.146565 
0.849618 197.000000 0.150382 
0.834351 217.000000 0.165649 
0.843511 205.000000 0.156489 
0.839695 210.000000 0.160305 
0.857252 187.000000 0.142748 
0.858015 186.000000 0.141985 
0.859542 184.000000 0.140458 
0.863359 179.000000 0.136641 
0.851908 194.000000 0.148092 
0.861832 181.000000 0.138168 
0.853435 192.000000 0.146565 
0.855725 189.000000 0.144275 
0.845802 202.000000 0.154198 
0.848092 199.000000 0.151908 
0.845038 203.000000 0.154962 
0.857252 187.000000 0.142748 
0.855725 189.000000 0.144275 
0.841985 207.000000 0.158015 
0.861069 182.000000 0.138931 
0.841985 207.000000 0.158015 
0.861832 181.000000 0.138168 
0.854198 191.000000 0.145802 
0.858779 185.000000 0.141221 
0.845802 202.000000 0.154198 
0.844275 204.000000 0.155725 
0.851908 194.000000 0.148092 
0.861832 181.000000 0.138168 
0.847328 200.000000 0.152672 
0.848855 198.000000 0.151145 
0.853435 192.000000 0.146565 
0.855725 189.000000 0.144275 
0.861069 182.000000 0.138931 
0.844275 204.000000 0.155725 
0.853435 192.000000 0.146565 
0.848092 199.000000 0.151908 
0.848092 199.000000 0.151908 
0.852672 193.000000 0.147328 
0.848855 198.000000 0.151145 
0.842748 206.000000 0.157252 
0.844275 204.000000 0.155725 
0.851908 194.000000 0.148092 
0.841985 207.000000 0.158015 
0.847328 200.000000 0.152672 
0.846565 201.000000 0.153435 
0.848092 199.000000 0.151908 
0.842748 206.000000 0.157252 
0.847328 200.000000 0.152672 
0.861069 182.000000 0.138931 
0.849618 197.000000 0.150382 
0.836641 214.000000 0.163359 
0.853435 192.000000 0.146565 
0.849618 197.000000 0.150382 
0.854962 190.000000 0.145038 
0.851908 194.000000 0.148092 
0.845038 203.000000 0.154962 
0.848092 199.000000 0.151908 
0.850382 196.000000 0.149618 
0.851908 194.000000 0.148092 
0.848855 198.000000 0.151145 
0.843511 205.000000 0.156489 
0.843511 205.000000 0.156489 
0.848855 198.000000 0.151145 
0.850382 196.000000 0.149618 
0.856489 188.000000 0.143511 
0.848855 198.000000 0.151145 
0.846565 201.000000 0.153435 
0.840458 209.000000 0.159542 
0.861832 181.000000 0.138168 
0.848092 199.000000 0.151908 
0.852672 193.000000 0.147328 
0.838931 211.000000 0.161069 
0.835878 215.000000 0.164122 
0.849618 197.000000 0.150382 
0.846565 201.000000 0.153435 
0.848855 198.000000 0.151145 
0.842748 206.000000 0.157252 
0.841221 208.000000 0.158779 
0.835878 215.000000 0.164122 
0.846565 201.000000 0.153435 
0.855725 189.000000 0.144275 
0.851908 194.000000 0.148092 
0.851908 194.000000 0.148092 
0.844275 204.000000 0.155725 
0.856489 188.000000 0.143511 
0.841985 207.000000 0.158015 
0.854198 191.000000 0.145802 
0.861832 181.000000 0.138168 
0.851908 194.000000 0.148092 
0.869466 171.000000 0.130534 
0.857252 187.000000 0.142748 
0.846565 201.000000 0.153435 
0.847328 200.000000 0.152672 
0.853435 192.000000 0.146565 
0.850382 196.000000 0.149618 
0.833588 218.000000 0.166412 
0.844275 204.000000 0.155725 
0.852672 193.000000 0.147328 
0.840458 209.000000 0.159542 
0.853435 192.000000 0.146565 
0.835878 215.000000 0.164122 
0.857252 187.000000 0.142748 
0.847328 200.000000 0.152672 
0.859542 184.000000 0.140458 
0.848092 199.000000 0.151908 
0.839695 210.000000 0.160305 
0.844275 204.000000 0.155725 
0.861069 182.000000 0.138931 
0.852672 193.000000 0.147328 
0.854198 191.000000 0.145802 
0.853435 192.000000 0.146565 
0.854198 191.000000 0.145802 
0.849618 197.000000 0.150382 
0.851145 195.000000 0.148855 
0.854198 191.000000 0.145802 
0.858015 186.000000 0.141985 
0.861069 182.000000 0.138931 
0.833588 218.000000 0.166412 
0.844275 204.000000 0.155725 
0.836641 214.000000 0.163359 
0.844275 204.000000 0.155725 
0.848092 199.000000 0.151908 
0.848092 199.000000 0.151908 
0.863359 179.000000 0.136641 
0.838931 211.000000 0.161069 
0.856489 188.000000 0.143511 
0.848855 198.000000 0.151145 
0.848092 199.000000 0.151908 
0.838168 212.000000 0.161832 
0.839695 210.000000 0.160305 
0.851145 195.000000 0.148855 
0.850382 196.000000 0.149618 
0.846565 201.000000 0.153435 
0.842748 206.000000 0.157252 
0.846565 201.000000 0.153435 
0.854962 190.000000 0.145038 
0.853435 192.000000 0.146565 
0.849618 197.000000 0.150382 
0.852672 193.000000 0.147328 
0.848855 198.000000 0.151145 
0.867176 174.000000 0.132824 
0.838168 212.000000 0.161832 
0.848855 198.000000 0.151145 
0.862595 180.000000 0.137405 
0.852672 193.000000 0.147328 
0.851145 195.000000 0.148855 
0.856489 188.000000 0.143511 
0.843511 205.000000 0.156489 
0.845802 202.000000 0.154198 
0.856489 188.000000 0.143511 
0.851145 195.000000 0.148855 
0.852672 193.000000 0.147328 
0.854198 191.000000 0.145802 
0.850382 196.000000 0.149618 
0.833588 218.000000 0.166412 
0.842748 206.000000 0.157252 
0.845038 203.000000 0.154962 
0.848855 198.000000 0.151145 
0.849618 197.000000 0.150382 
0.848855 198.000000 0.151145 
0.841985 207.000000 0.158015 
0.847328 200.000000 0.152672 
0.843511 205.000000 0.156489 
0.861069 182.000000 0.138931 
0.845038 203.000000 0.154962 
0.852672 193.000000 0.147328 
0.848855 198.000000 0.151145 
0.862595 180.000000 0.137405 
0.857252 187.000000 0.142748 
0.855725 189.000000 0.144275 
0.848092 199.000000 0.151908 
0.858779 185.000000 0.141221 
0.854962 190.000000 0.145038 
0.864122 178.000000 0.135878 
0.866412 175.000000 0.133588 
0.861832 181.000000 0.138168 
0.854198 191.000000 0.145802 
0.845038 203.000000 0.154962 
0.850382 196.000000 0.149618 
0.845802 202.000000 0.154198 
0.857252 187.000000 0.142748 
0.858779 185.000000 0.141221 
0.867176 174.000000 0.132824 
0.847328 200.000000 0.152672 
0.853435 192.000000 0.146565 
0.851908 194.000000 0.148092 
0.854198 191.000000 0.145802 
0.851145 195.000000 0.148855 
0.840458 209.000000 0.159542 
0.848855 198.000000 0.151145 
0.864122 178.000000 0.135878 
0.869466 171.000000 0.130534 
0.856489 188.000000 0.143511 
0.856489 188.000000 0.143511 
0.858779 185.000000 0.141221 
0.849618 197.000000 0.150382 
0.845802 202.000000 0.154198 
0.841221 208.000000 0.158779 
0.841221 208.000000 0.158779 
0.847328 200.000000 0.152672 
0.842748 206.000000 0.157252 
0.845802 202.000000 0.154198 
0.851908 194.000000 0.148092 
0.859542 184.000000 0.140458 
0.854962 190.000000 0.145038 
0.848092 199.000000 0.151908 
0.840458 209.000000 0.159542 
0.859542 184.000000 0.140458 
0.852672 193.000000 0.147328 
0.853435 192.000000 0.146565 
0.848092 199.000000 0.151908 
0.854962 190.000000 0.145038 
0.845038 203.000000 0.154962 
0.845038 203.000000 0.154962 
0.846565 201.000000 0.153435 
0.841221 208.000000 0.158779 
0.844275 204.000000 0.155725 
0.852672 193.000000 0.147328 
0.836641 214.000000 0.163359 
0.856489 188.000000 0.143511 
0.846565 201.000000 0.153435 
0.860305 183.000000 0.139695 
0.850382 196.000000 0.149618 
0.851908 194.000000 0.148092 
0.851908 194.000000 0.148092 
0.849618 197.000000 0.150382 
0.849618 197.000000 0.150382 
0.842748 206.000000 0.157252 
0.851908 194.000000 0.148092 
0.840458 209.000000 0.159542 
0.855725 189.000000 0.144275 
0.860305 183.000000 0.139695 
0.851908 194.000000 0.148092 
0.841985 207.000000 0.158015 
0.840458 209.000000 0.159542 
0.841985 207.000000 0.158015 
0.853435 192.000000 0.146565 
0.847328 200.000000 0.152672 
0.842748 206.000000 0.157252 
0.858779 185.000000 0.141221 
0.854962 190.000000 0.145038 
0.838168 212.000000 0.161832 
0.848092 199.000000 0.151908 
0.842748 206.000000 0.157252 
0.845038 203.000000 0.154962 
0.847328 200.000000 0.152672 
0.851145 195.000000 0.148855 
0.854962 190.000000 0.145038 
0.856489 188.000000 0.143511 
0.854962 190.000000 0.145038 
0.852672 193.000000 0.147328 
0.838168 212.000000 0.161832 
0.847328 200.000000 0.152672 
0.853435 192.000000 0.146565 
0.856489 188.000000 0.143511 
0.847328 200.000000 0.152672 
0.846565 201.000000 0.153435 
0.854962 190.000000 0.145038 
0.846565 201.000000 0.153435 
0.841985 207.000000 0.158015 
0.854962 190.000000 0.145038 
0.838931 211.000000 0.161069 
0.851908 194.000000 0.148092 
0.854962 190.000000 0.145038 
0.850382 196.000000 0.149618 
0.854198 191.000000 0.145802 
0.841985 207.000000 0.158015 
0.852672 193.000000 0.147328 
0.857252 187.000000 0.142748 
0.855725 189.000000 0.144275 
0.852672 193.000000 0.147328 
0.840458 209.000000 0.159542 
0.864122 178.000000 0.135878 
0.848855 198.000000 0.151145 
0.857252 187.000000 0.142748 
0.858015 186.000000 0.141985 
0.857252 187.000000 0.142748 
0.845802 202.000000 0.154198 
0.849618 197.000000 0.150382 
0.844275 204.000000 0.155725 
0.847328 200.000000 0.152672 
0.861832 181.000000 0.138168 
0.858015 186.000000 0.141985 
0.849618 197.000000 0.150382 
0.853435 192.000000 0.146565 
0.852672 193.000000 0.147328 
0.854962 190.000000 0.145038 
0.841985 207.000000 0.158015 
0.845038 203.000000 0.154962 
0.854962 190.000000 0.145038 
0.851145 195.000000 0.148855 
0.854962 190.000000 0.145038 
0.859542 184.000000 0.140458 
0.845038 203.000000 0.154962 
0.841985 207.000000 0.158015 
0.852672 193.000000 0.147328 
0.854198 191.000000 0.145802 
0.846565 201.000000 0.153435 
0.848855 198.000000 0.151145 
0.838931 211.000000 0.161069 
0.870229 170.000000 0.129771 
0.839695 210.000000 0.160305 
0.846565 201.000000 0.153435 
0.855725 189.000000 0.144275 
0.856489 188.000000 0.143511 
0.857252 187.000000 0.142748 
0.844275 204.000000 0.155725 
0.848855 198.000000 0.151145 
0.845038 203.000000 0.154962 
0.839695 210.000000 0.160305 
0.858779 185.000000 0.141221 
0.857252 187.000000 0.142748 
0.856489 188.000000 0.143511 
0.856489 188.000000 0.143511 
0.854962 190.000000 0.145038 
0.850382 196.000000 0.149618 
0.868702 172.000000 0.131298 
0.846565 201.000000 0.153435 
0.852672 193.000000 0.147328 
0.838931 211.000000 0.161069 
0.856489 188.000000 0.143511 
0.848855 198.000000 0.151145 
0.864885 177.000000 0.135115 
0.856489 188.000000 0.143511 
0.845802 202.000000 0.154198 
0.845038 203.000000 0.154962 
0.859542 184.000000 0.140458 
0.839695 210.000000 0.160305 
0.861832 181.000000 0.138168 
0.840458 209.000000 0.159542 
0.847328 200.000000 0.152672 
0.856489 188.000000 0.143511 
0.854198 191.000000 0.145802 
0.843511 205.000000 0.156489 
0.847328 200.000000 0.152672 
0.848092 199.000000 0.151908 
0.851908 194.000000 0.148092 
0.843511 205.000000 0.156489 
0.836641 214.000000 0.163359 
0.851145 195.000000 0.148855 
0.853435 192.000000 0.146565 
0.852672 193.000000 0.147328 
0.850382 196.000000 0.149618 
0.846565 201.000000 0.153435 
0.849618 197.000000 0.150382 
0.853435 192.000000 0.146565 
0.842748 206.000000 0.157252 
0.853435 192.000000 0.146565 
0.845802 202.000000 0.154198 
0.854198 191.000000 0.145802 
0.856489 188.000000 0.143511 
0.854198 191.000000 0.145802 
0.848855 198.000000 0.151145 
0.851908 194.000000 0.148092 
0.853435 192.000000 0.146565 
0.846565 201.000000 0.153435 
0.841985 207.000000 0.158015 
0.852672 193.000000 0.147328 
0.849618 197.000000 0.150382 
0.856489 188.000000 0.143511 
0.835878 215.000000 0.164122 
0.841985 207.000000 0.158015 
0.857252 187.000000 0.142748 
0.841221 208.000000 0.158779 
0.851908 194.000000 0.148092 
0.848092 199.000000 0.151908 
0.839695 210.000000 0.160305 
0.851145 195.000000 0.148855 
0.845802 202.000000 0.154198 
0.857252 187.000000 0.142748 
0.845802 202.000000 0.154198 
0.846565 201.000000 0.153435 
0.846565 201.000000 0.153435 
0.847328 200.000000 0.152672 
0.848092 199.000000 0.151908 
0.867939 173.000000 0.132061 
0.854198 191.000000 0.145802 
0.850382 196.000000 0.149618 
0.843511 205.000000 0.156489 
0.841221 208.000000 0.158779 
0.847328 200.000000 0.152672 
0.854198 191.000000 0.145802 
0.847328 200.000000 0.152672 
0.844275 204.000000 0.155725 
0.849618 197.000000 0.150382 
0.849618 197.000000 0.150382 
0.847328 200.000000 0.152672 
0.850382 196.000000 0.149618 
0.848855 198.000000 0.151145 
0.841221 208.000000 0.158779 
0.854962 190.000000 0.145038 
0.850382 196.000000 0.149618 
0.848092 199.000000 0.151908 
0.845038 203.000000 0.154962 
0.847328 200.000000 0.152672 
0.838931 211.000000 0.161069 
0.839695 210.000000 0.160305 
0.848092 199.000000 0.151908 
0.861832 181.000000 0.138168 
0.854198 191.000000 0.145802 
0.858779 185.000000 0.141221 
0.845038 203.000000 0.154962 
0.845802 202.000000 0.154198 
0.847328 200.000000 0.152672 
0.845038 203.000000 0.154962 
0.850382 196.000000 0.149618 
0.869466 171.000000 0.130534 
0.847328 200.000000 0.152672 
0.852672 193.000000 0.147328 
0.845038 203.000000 0.154962 
0.850382 196.000000 0.149618 
0.841221 208.000000 0.158779 
0.855725 189.000000 0.144275 
0.839695 210.000000 0.160305 
0.854198 191.000000 0.145802 
0.850382 196.000000 0.149618 
0.854198 191.000000 0.145802 
0.848092 199.000000 0.151908 
0.850382 196.000000 0.149618 
0.851908 194.000000 0.148092 
0.848092 199.000000 0.151908 
0.850382 196.000000 0.149618 
0.852672 193.000000 0.147328 
0.852672 193.000000 0.147328 
0.852672 193.000000 0.147328 
0.846565 201.000000 0.153435 
0.849618 197.000000 0.150382 
0.851908 194.000000 0.148092 
0.854962 190.000000 0.145038 
0.858779 185.000000 0.141221 
0.843511 205.000000 0.156489 
0.851145 195.000000 0.148855 
0.848855 198.000000 0.151145 
0.854198 191.000000 0.145802 
0.852672 193.000000 0.147328 
0.851908 194.000000 0.148092 
0.859542 184.000000 0.140458 
0.840458 209.000000 0.159542 
0.846565 201.000000 0.153435 
0.854198 191.000000 0.145802 
0.865649 176.000000 0.134351 
0.844275 204.000000 0.155725 
0.853435 192.000000 0.146565 
0.841985 207.000000 0.158015 
0.841985 207.000000 0.158015 
0.862595 180.000000 0.137405 
0.841985 207.000000 0.158015 
0.856489 188.000000 0.143511 
0.851145 195.000000 0.148855 
0.838931 211.000000 0.161069 
0.849618 197.000000 0.150382 
0.846565 201.000000 0.153435 
0.848855 198.000000 0.151145 
0.848855 198.000000 0.151145 
0.847328 200.000000 0.152672 
0.842748 206.000000 0.157252 
0.857252 187.000000 0.142748 
0.858779 185.000000 0.141221 
0.852672 193.000000 0.147328 
0.851145 195.000000 0.148855 
0.841985 207.000000 0.158015 
0.849618 197.000000 0.150382 
0.846565 201.000000 0.153435 
0.850382 196.000000 0.149618 
0.854962 190.000000 0.145038 
0.850382 196.000000 0.149618 
0.845038 203.000000 0.154962 
0.843511 205.000000 0.156489 
0.834351 217.000000 0.165649 
0.848092 199.000000 0.151908 
0.841221 208.000000 0.158779 
0.859542 184.000000 0.140458 
0.851908 194.000000 0.148092 
0.846565 201.000000 0.153435 
0.847328 200.000000 0.152672 
0.842748 206.000000 0.157252 
0.843511 205.000000 0.156489 
0.854198 191.000000 0.145802 
0.845038 203.000000 0.154962 
0.851145 195.000000 0.148855 
0.841221 208.000000 0.158779 
0.858015 186.000000 0.141985 
0.855725 189.000000 0.144275 
0.837405 213.000000 0.162595 
0.844275 204.000000 0.155725 
0.844275 204.000000 0.155725 
0.845802 202.000000 0.154198 
0.863359 179.000000 0.136641 
0.852672 193.000000 0.147328 
0.841985 207.000000 0.158015 
0.853435 192.000000 0.146565 
0.845038 203.000000 0.154962 
0.850382 196.000000 0.149618 
0.848092 199.000000 0.151908 
0.854962 190.000000 0.145038 
0.849618 197.000000 0.150382 
0.854198 191.000000 0.145802 
0.845038 203.000000 0.154962 
0.847328 200.000000 0.152672 
0.850382 196.000000 0.149618 
0.849618 197.000000 0.150382 
0.844275 204.000000 0.155725 
0.851908 194.000000 0.148092 
0.854198 191.000000 0.145802 
0.860305 183.000000 0.139695 
0.854198 191.000000 0.145802 
0.848855 198.000000 0.151145 
0.842748 206.000000 0.157252 
0.838931 211.000000 0.161069 
0.845802 202.000000 0.154198 
0.866412 175.000000 0.133588 
0.845802 202.000000 0.154198 
0.851908 194.000000 0.148092 
0.841985 207.000000 0.158015 
0.837405 213.000000 0.162595 
0.845038 203.000000 0.154962 
0.844275 204.000000 0.155725 
0.858779 185.000000 0.141221 
0.846565 201.000000 0.153435 
0.861069 182.000000 0.138931 
0.841985 207.000000 0.158015 
0.841221 208.000000 0.158779 
0.841221 208.000000 0.158779 
0.858779 185.000000 0.141221 
0.856489 188.000000 0.143511 
0.854198 191.000000 0.145802 
0.860305 183.000000 0.139695 
0.843511 205.000000 0.156489 
0.851145 195.000000 0.148855 
0.845038 203.000000 0.154962 
0.843511 205.000000 0.156489 
0.848855 198.000000 0.151145 
0.848855 198.000000 0.151145 
0.839695 210.000000 0.160305 
0.846565 201.000000 0.153435 
0.853435 192.000000 0.146565 
0.842748 206.000000 0.157252 
0.852672 193.000000 0.147328 
0.840458 209.000000 0.159542 
0.861069 182.000000 0.138931 
0.857252 187.000000 0.142748 
0.847328 200.000000 0.152672 
0.850382 196.000000 0.149618 
0.843511 205.000000 0.156489 
0.858779 185.000000 0.141221 
0.845802 202.000000 0.154198 
0.845038 203.000000 0.154962 
0.846565 201.000000 0.153435 
0.842748 206.000000 0.157252 
0.852672 193.000000 0.147328 
0.852672 193.000000 0.147328 
0.848855 198.000000 0.151145 
0.847328 200.000000 0.152672 
0.858015 186.000000 0.141985 
0.841221 208.000000 0.158779 
0.842748 206.000000 0.157252 
0.849618 197.000000 0.150382 
0.843511 205.000000 0.156489 
0.848855 198.000000 0.151145 
0.845038 203.000000 0.154962 
0.845802 202.000000 0.154198 
0.851908 194.000000 0.148092 
0.842748 206.000000 0.157252 
0.855725 189.000000 0.144275 
0.845802 202.000000 0.154198 
0.850382 196.000000 0.149618 
0.845802 202.000000 0.154198 
0.854198 191.000000 0.145802 
0.859542 184.000000 0.140458 
0.842748 206.000000 0.157252 
0.848855 198.000000 0.151145 
0.854962 190.000000 0.145038 
0.855725 189.000000 0.144275 
0.842748 206.000000 0.157252 
0.848855 198.000000 0.151145 
0.864122 178.000000 0.135878 
0.836641 214.000000 0.163359 
0.854198 191.000000 0.145802 
0.846565 201.000000 0.153435 
0.841985 207.000000 0.158015 
0.864122 178.000000 0.135878 
0.848092 199.000000 0.151908 
0.845038 203.000000 0.154962 
0.845802 202.000000 0.154198 
0.846565 201.000000 0.153435 
0.859542 184.000000 0.140458 
0.861069 182.000000 0.138931 
0.843511 205.000000 0.156489 
0.864122 178.000000 0.135878 
0.841221 208.000000 0.158779 
0.851145 195.000000 0.148855 
0.845802 202.000000 0.154198 
0.861832 181.000000 0.138168 
0.849618 197.000000 0.150382 
0.845038 203.000000 0.154962 
0.863359 179.000000 0.136641 
0.861069 182.000000 0.138931 
0.854198 191.000000 0.145802 
0.854962 190.000000 0.145038 
0.850382 196.000000 0.149618 
0.856489 188.000000 0.143511 
0.835878 215.000000 0.164122 
0.846565 201.000000 0.153435 
0.849618 197.000000 0.150382 
0.846565 201.000000 0.153435 
0.845038 203.000000 0.154962 
0.845038 203.000000 0.154962 
0.848855 198.000000 0.151145 
0.851908 194.000000 0.148092 
0.840458 209.000000 0.159542 
0.853435 192.000000 0.146565 
0.850382 196.000000 0.149618 
0.848855 198.000000 0.151145 
0.832061 220.000000 0.167939 
0.845802 202.000000 0.154198 
0.848855 198.000000 0.151145 
0.852672 193.000000 0.147328 
0.854198 191.000000 0.145802 
0.851908 194.000000 0.148092 
0.851908 194.000000 0.148092 
0.845802 202.000000 0.154198 
0.848092 199.000000 0.151908 
0.848855 198.000000 0.151145 
0.837405 213.000000 0.162595 
0.843511 205.000000 0.156489 
0.849618 197.000000 0.150382 
0.832061 220.000000 0.167939 
0.854198 191.000000 0.145802 
0.848855 198.000000 0.151145 
0.858015 186.000000 0.141985 
0.858779 185.000000 0.141221 
0.855725 189.000000 0.144275 
0.853435 192.000000 0.146565 
0.848092 199.000000 0.151908 
0.846565 201.000000 0.153435 
0.854198 191.000000 0.145802 
0.845038 203.000000 0.154962 
0.864885 177.000000 0.135115 
0.842748 206.000000 0.157252 
0.848855 198.000000 0.151145 
0.852672 193.000000 0.147328 
0.859542 184.000000 0.140458 
0.836641 214.000000 0.163359 
0.861832 181.000000 0.138168 
0.854962 190.000000 0.145038 
0.846565 201.000000 0.153435 
0.845802 202.000000 0.154198 
0.843511 205.000000 0.156489 
0.855725 189.000000 0.144275 
0.862595 180.000000 0.137405 
0.848092 199.000000 0.151908 
0.848855 198.000000 0.151145 
0.856489 188.000000 0.143511 
0.837405 213.000000 0.162595 
0.848092 199.000000 0.151908 
0.857252 187.000000 0.142748 
0.856489 188.000000 0.143511 
0.831298 221.000000 0.168702 
0.852672 193.000000 0.147328 
0.856489 188.000000 0.143511 
0.856489 188.000000 0.143511 
0.861069 182.000000 0.138931 
0.853435 192.000000 0.146565 
0.851908 194.000000 0.148092 
0.845038 203.000000 0.154962 
0.845802 202.000000 0.154198 
0.849618 197.000000 0.150382 
0.841985 207.000000 0.158015 
0.846565 201.000000 0.153435 
0.844275 204.000000 0.155725 
0.854962 190.000000 0.145038 
0.847328 200.000000 0.152672 
0.843511 205.000000 0.156489 
0.842748 206.000000 0.157252 
0.849618 197.000000 0.150382 
0.859542 184.000000 0.140458 
0.858779 185.000000 0.141221 
0.838168 212.000000 0.161832 
0.848092 199.000000 0.151908 
0.846565 201.000000 0.153435 
0.838931 211.000000 0.161069 
0.853435 192.000000 0.146565 
0.849618 197.000000 0.150382 
0.845038 203.000000 0.154962 
0.854962 190.000000 0.145038 
0.845802 202.000000 0.154198 
0.850382 196.000000 0.149618 
0.845802 202.000000 0.154198 
0.845802 202.000000 0.154198 
0.851908 194.000000 0.148092 
0.841221 208.000000 0.158779 
0.857252 187.000000 0.142748 
0.848092 199.000000 0.151908 
0.850382 196.000000 0.149618 
0.852672 193.000000 0.147328 
0.848855 198.000000 0.151145 
0.856489 188.000000 0.143511 
0.851145 195.000000 0.148855 
0.854962 190.000000 0.145038 
0.851908 194.000000 0.148092 
0.860305 183.000000 0.139695 
0.846565 201.000000 0.153435 
0.843511 205.000000 0.156489 
0.856489 188.000000 0.143511 
0.854198 191.000000 0.145802 
0.851908 194.000000 0.148092 
0.841221 208.000000 0.158779 
0.836641 214.000000 0.163359 
0.845038 203.000000 0.154962 
0.858015 186.000000 0.141985 
0.839695 210.000000 0.160305 
0.841221 208.000000 0.158779 
0.848855 198.000000 0.151145 
0.858015 186.000000 0.141985 
0.848855 198.000000 0.151145 
0.846565 201.000000 0.153435 
0.858015 186.000000 0.141985 
0.845802 202.000000 0.154198 
0.850382 196.000000 0.149618 
0.838168 212.000000 0.161832 
0.845038 203.000000 0.154962 
0.848092 199.000000 0.151908 
0.845802 202.000000 0.154198 
0.857252 187.000000 0.142748 
0.852672 193.000000 0.147328 
0.848092 199.000000 0.151908 
0.848092 199.000000 0.151908 
0.853435 192.000000 0.146565 
0.864122 178.000000 0.135878 
0.856489 188.000000 0.143511 
0.841985 207.000000 0.158015 
0.841221 208.000000 0.158779 
0.848855 198.000000 0.151145 
0.854198 191.000000 0.145802 
0.849618 197.000000 0.150382 
0.857252 187.000000 0.142748 
0.848092 199.000000 0.151908 
0.852672 193.000000 0.147328 
0.841221 208.000000 0.158779 
0.863359 179.000000 0.136641 
0.850382 196.000000 0.149618 
0.858779 185.000000 0.141221 
0.854962 190.000000 0.145038 
0.852672 193.000000 0.147328 
0.851145 195.000000 0.148855 
0.855725 189.000000 0.144275 
0.851145 195.000000 0.148855 
0.851145 195.000000 0.148855 
0.855725 189.000000 0.144275 
0.851908 194.000000 0.148092 
0.859542 184.000000 0.140458 
0.853435 192.000000 0.146565 
0.855725 189.000000 0.144275 
0.845802 202.000000 0.154198 
0.844275 204.000000 0.155725 
0.854198 191.000000 0.145802 
0.841985 207.000000 0.158015 
0.838931 211.000000 0.161069 
0.848092 199.000000 0.151908 
0.853435 192.000000 0.146565 
0.854962 190.000000 0.145038 
0.838931 211.000000 0.161069 
0.848092 199.000000 0.151908 
0.859542 184.000000 0.140458 
0.848092 199.000000 0.151908 
0.851145 195.000000 0.148855 
0.855725 189.000000 0.144275 
0.854962 190.000000 0.145038 
0.854962 190.000000 0.145038 
0.850382 196.000000 0.149618 
0.854962 190.000000 0.145038 
0.852672 193.000000 0.147328 
0.848092 199.000000 0.151908 
0.852672 193.000000 0.147328 
0.841221 208.000000 0.158779 
0.844275 204.000000 0.155725 
0.848092 199.000000 0.151908 
0.858015 186.000000 0.141985 
0.834351 217.000000 0.165649 
0.849618 197.000000 0.150382 
0.851145 195.000000 0.148855 
0.858779 185.000000 0.141221 
0.864122 178.000000 0.135878 
0.856489 188.000000 0.143511 
0.846565 201.000000 0.153435 
0.855725 189.000000 0.144275 
0.853435 192.000000 0.146565 
0.861069 182.000000 0.138931 
0.861832 181.000000 0.138168 
0.841221 208.000000 0.158779 
0.857252 187.000000 0.142748 
0.834351 217.000000 0.165649 
0.848855 198.000000 0.151145 
0.842748 206.000000 0.157252 
0.846565 201.000000 0.153435 
0.851908 194.000000 0.148092 
0.842748 206.000000 0.157252 
0.845038 203.000000 0.154962 
0.839695 210.000000 0.160305 
0.854198 191.000000 0.145802 
0.854198 191.000000 0.145802 
0.856489 188.000000 0.143511 
0.845038 203.000000 0.154962 
0.849618 197.000000 0.150382 
0.864885 177.000000 0.135115 
0.841221 208.000000 0.158779 
0.855725 189.000000 0.144275 
0.851145 195.000000 0.148855 
0.852672 193.000000 0.147328 
0.846565 201.000000 0.153435 
0.848092 199.000000 0.151908 
0.845802 202.000000 0.154198 
0.857252 187.000000 0.142748 
0.846565 201.000000 0.153435 
0.848855 198.000000 0.151145 
0.838168 212.000000 0.161832 
0.849618 197.000000 0.150382 
0.850382 196.000000 0.149618 
0.848092 199.000000 0.151908 
0.851908 194.000000 0.148092 
0.850382 196.000000 0.149618 
0.854962 190.000000 0.145038 
0.854198 191.000000 0.145802 
0.851145 195.000000 0.148855 
0.850382 196.000000 0.149618 
0.854962 190.000000 0.145038 
0.852672 193.000000 0.147328 
0.859542 184.000000 0.140458 
0.854962 190.000000 0.145038 
0.848855 198.000000 0.151145 
0.863359 179.000000 0.136641 
0.854198 191.000000 0.145802 
0.869466 171.000000 0.130534 
0.856489 188.000000 0.143511 
0.836641 214.000000 0.163359 
0.848855 198.000000 0.151145 
0.852672 193.000000 0.147328 
0.861069 182.000000 0.138931 
0.838931 211.000000 0.161069 
0.864122 178.000000 0.135878 
0.848855 198.000000 0.151145 
0.869466 171.000000 0.130534 
0.838931 211.000000 0.161069 
0.849618 197.000000 0.150382 
0.854962 190.000000 0.145038 
0.850382 196.000000 0.149618 
0.851908 194.000000 0.148092 
0.855725 189.000000 0.144275 
0.850382 196.000000 0.149618 
0.847328 200.000000 0.152672 
0.849618 197.000000 0.150382 
0.848855 198.000000 0.151145 
0.848855 198.000000 0.151145 
0.845802 202.000000 0.154198 
0.844275 204.000000 0.155725 
0.847328 200.000000 0.152672 
0.848855 198.000000 0.151145 
0.857252 187.000000 0.142748 
0.844275 204.000000 0.155725 
0.851145 195.000000 0.148855 
0.840458 209.000000 0.159542 
0.854198 191.000000 0.145802 
0.854962 190.000000 0.145038 
0.857252 187.000000 0.142748 
0.858779 185.000000 0.141221 
0.851908 194.000000 0.148092 
0.849618 197.000000 0.150382 
0.848092 199.000000 0.151908 
0.841221 208.000000 0.158779 
0.851145 195.000000 0.148855 
0.854198 191.000000 0.145802 
0.838931 211.000000 0.161069 
0.846565 201.000000 0.153435 
0.855725 189.000000 0.144275 
0.855725 189.000000 0.144275 
0.855725 189.000000 0.144275 
0.850382 196.000000 0.149618 
0.860305 183.000000 0.139695 
0.854198 191.000000 0.145802 
0.853435 192.000000 0.146565 
0.853435 192.000000 0.146565 
0.845802 202.000000 0.154198 
0.854198 191.000000 0.145802 
0.846565 201.000000 0.153435 
0.848092 199.000000 0.151908 
0.846565 201.000000 0.153435 
0.852672 193.000000 0.147328 
0.847328 200.000000 0.152672 
0.851145 195.000000 0.148855 
0.844275 204.000000 0.155725 
0.841221 208.000000 0.158779 
0.848855 198.000000 0.151145 
0.851145 195.000000 0.148855 
0.851908 194.000000 0.148092 
0.838931 211.000000 0.161069 
0.851908 194.000000 0.148092 
0.854962 190.000000 0.145038 
0.850382 196.000000 0.149618 
0.855725 189.000000 0.144275 
0.848092 199.000000 0.151908 
0.856489 188.000000 0.143511 
0.861069 182.000000 0.138931 
0.861832 181.000000 0.138168 
0.845802 202.000000 0.154198 
0.859542 184.000000 0.140458 
0.853435 192.000000 0.146565 
0.851145 195.000000 0.148855 
0.848092 199.000000 0.151908 
0.847328 200.000000 0.152672 
0.846565 201.000000 0.153435 
0.854962 190.000000 0.145038 
0.839695 210.000000 0.160305 
0.847328 200.000000 0.152672 
0.852672 193.000000 0.147328 
0.846565 201.000000 0.153435 
0.842748 206.000000 0.157252 
0.854198 191.000000 0.145802 
0.847328 200.000000 0.152672 
0.852672 193.000000 0.147328 
0.847328 200.000000 0.152672 
0.850382 196.000000 0.149618 
0.849618 197.000000 0.150382 
0.855725 189.000000 0.144275 
0.848855 198.000000 0.151145 
0.839695 210.000000 0.160305 
0.863359 179.000000 0.136641 
0.852672 193.000000 0.147328 
0.856489 188.000000 0.143511 
0.858779 185.000000 0.141221 
0.846565 201.000000 0.153435 
0.835115 216.000000 0.164885 
0.842748 206.000000 0.157252 
0.848092 199.000000 0.151908 
0.841985 207.000000 0.158015 
0.853435 192.000000 0.146565 
0.848855 198.000000 0.151145 
0.855725 189.000000 0.144275 
0.849618 197.000000 0.150382 
0.858779 185.000000 0.141221 
0.845038 203.000000 0.154962 
0.858779 185.000000 0.141221 
0.852672 193.000000 0.147328 
0.858779 185.000000 0.141221 
0.853435 192.000000 0.146565 
0.846565 201.000000 0.153435 
0.839695 210.000000 0.160305 
0.841221 208.000000 0.158779 
0.852672 193.000000 0.147328 
0.848092 199.000000 0.151908 
0.851908 194.000000 0.148092 
0.851908 194.000000 0.148092 
0.850382 196.000000 0.149618 
0.863359 179.000000 0.136641 
0.848092 199.000000 0.151908 
0.847328 200.000000 0.152672 
0.846565 201.000000 0.153435 
0.855725 189.000000 0.144275 
0.844275 204.000000 0.155725 
0.854962 190.000000 0.145038 
0.838931 211.000000 0.161069 
0.864122 178.000000 0.135878 
0.844275 204.000000 0.155725 
0.860305 183.000000 0.139695 
0.856489 188.000000 0.143511 
0.861832 181.000000 0.138168 
0.848092 199.000000 0.151908 
0.843511 205.000000 0.156489 
0.855725 189.000000 0.144275 
0.857252 187.000000 0.142748 
0.846565 201.000000 0.153435 
0.854962 190.000000 0.145038 
0.849618 197.000000 0.150382 
0.851908 194.000000 0.148092 
0.850382 196.000000 0.149618 
0.845038 203.000000 0.154962 
0.851145 195.000000 0.148855 
0.854962 190.000000 0.145038 
0.845802 202.000000 0.154198 
0.845802 202.000000 0.154198 
0.848092 199.000000 0.151908 
0.846565 201.000000 0.153435 
0.847328 200.000000 0.152672 
0.847328 200.000000 0.152672 
0.841985 207.000000 0.158015 
0.851908 194.000000 0.148092 
0.853435 192.000000 0.146565 
0.855725 189.000000 0.144275 
0.843511 205.000000 0.156489 
0.849618 197.000000 0.150382 
0.844275 204.000000 0.155725 
0.846565 201.000000 0.153435 
0.857252 187.000000 0.142748 
0.845802 202.000000 0.154198 
0.857252 187.000000 0.142748 
0.846565 201.000000 0.153435 
0.847328 200.000000 0.152672 
0.843511 205.000000 0.156489 
0.847328 200.000000 0.152672 
0.846565 201.000000 0.153435 
0.848092 199.000000 0.151908 
0.848855 198.000000 0.151145 
0.852672 193.000000 0.147328 
0.854198 191.000000 0.145802 
0.861069 182.000000 0.138931 
0.838931 211.000000 0.161069 
0.847328 200.000000 0.152672 
0.858015 186.000000 0.141985 
0.851145 195.000000 0.148855 
0.857252 187.000000 0.142748 
0.845802 202.000000 0.154198 
0.851145 195.000000 0.148855 
0.851145 195.000000 0.148855 
0.846565 201.000000 0.153435 
0.841221 208.000000 0.158779 
0.840458 209.000000 0.159542 
0.839695 210.000000 0.160305 
0.848092 199.000000 0.151908 
0.844275 204.000000 0.155725 
0.849618 197.000000 0.150382 
0.852672 193.000000 0.147328 
0.841221 208.000000 0.158779 
0.856489 188.000000 0.143511 
0.854962 190.000000 0.145038 
0.855725 189.000000 0.144275 
