0.318967 431.000000 0.109167 
0.318800 436.000000 0.109267 
0.319667 410.000000 0.110133 
0.318233 453.000000 0.109033 
0.318000 460.000000 0.108400 
0.319133 426.000000 0.109467 
0.319433 417.000000 0.109900 
0.318500 445.000000 0.108967 
0.318733 438.000000 0.109267 
0.319500 415.000000 0.110033 
0.318567 443.000000 0.108633 
0.318800 436.000000 0.109133 
0.318833 435.000000 0.109233 
0.319733 408.000000 0.110533 
0.319367 419.000000 0.109833 
0.319367 419.000000 0.109367 
0.319667 410.000000 0.110533 
0.319533 414.000000 0.110333 
0.319300 421.000000 0.109500 
0.319100 427.000000 0.108967 
0.320300 391.000000 0.110967 
0.319733 408.000000 0.110533 
0.319300 421.000000 0.109567 
0.319567 413.000000 0.109700 
0.318967 431.000000 0.109700 
0.319767 407.000000 0.110633 
0.319900 403.000000 0.109967 
0.318267 452.000000 0.108000 
0.318300 451.000000 0.108700 
0.318933 432.000000 0.109667 
0.319300 421.000000 0.109500 
0.318867 434.000000 0.108867 
0.319400 418.000000 0.109333 
0.318000 460.000000 0.107800 
0.319000 430.000000 0.109600 
0.319667 410.000000 0.110133 
0.318233 453.000000 0.108500 
0.319467 416.000000 0.109333 
0.319833 405.000000 0.110700 
0.318067 458.000000 0.108600 
0.319133 426.000000 0.109467 
0.319000 430.000000 0.109600 
0.319200 424.000000 0.109800 
0.319033 429.000000 0.109633 
0.318400 448.000000 0.108667 
0.319300 421.000000 0.109367 
0.319333 420.000000 0.109200 
0.318000 460.000000 0.108533 
0.319900 403.000000 0.110500 
0.319300 421.000000 0.109767 
0.318867 434.000000 0.109200 
0.319367 419.000000 0.109167 
0.319400 418.000000 0.110000 
0.319300 421.000000 0.109433 
0.319000 430.000000 0.109533 
0.319467 416.000000 0.109467 
0.319167 425.000000 0.109833 
0.318667 440.000000 0.108467 
0.318667 440.000000 0.109333 
0.318667 440.000000 0.109000 
0.319700 409.000000 0.109833 
0.318033 459.000000 0.108100 
0.319500 415.000000 0.110433 
0.318633 441.000000 0.108700 
0.318733 438.000000 0.109333 
0.318500 445.000000 0.108833 
0.318133 456.000000 0.108600 
0.319933 402.000000 0.110267 
0.318767 437.000000 0.109167 
0.318533 444.000000 0.108800 
0.319067 428.000000 0.109133 
0.318933 432.000000 0.109667 
0.319100 427.000000 0.109367 
0.318800 436.000000 0.109067 
0.318667 440.000000 0.109267 
0.318300 451.000000 0.108300 
0.319433 417.000000 0.109500 
0.319233 423.000000 0.109833 
0.319300 421.000000 0.109833 
0.318967 431.000000 0.109433 
0.319500 415.000000 0.109767 
0.318367 449.000000 0.108633 
0.318433 447.000000 0.109100 
0.318533 444.000000 0.109800 
0.318233 453.000000 0.108900 
0.319533 414.000000 0.110267 
0.318967 431.000000 0.109033 
0.318567 443.000000 0.109167 
0.319833 405.000000 0.110300 
0.319100 427.000000 0.109700 
0.317933 462.000000 0.108467 
0.318833 435.000000 0.109300 
0.318567 443.000000 0.109100 
0.318167 455.000000 0.108367 
0.319467 416.000000 0.109133 
0.319033 429.000000 0.109233 
0.319233 423.000000 0.109633 
0.319833 405.000000 0.110100 
0.318233 453.000000 0.108567 
0.319467 416.000000 0.109600 
0.318400 448.000000 0.108267 
0.318767 437.000000 0.109433 
0.319433 417.000000 0.108833 
0.319633 411.000000 0.109500 
0.318533 444.000000 0.109333 
0.318300 451.000000 0.108633 
0.319667 410.000000 0.110333 
0.318800 436.000000 0.109467 
0.318967 431.000000 0.108967 
0.319133 426.000000 0.109667 
0.319133 426.000000 0.109267 
0.318700 439.000000 0.109167 
0.319533 414.000000 0.110067 
0.319467 416.000000 0.109533 
0.319033 429.000000 0.109100 
0.318900 433.000000 0.109500 
0.320100 397.000000 0.110700 
0.318733 438.000000 0.109267 
0.318633 441.000000 0.108767 
0.318700 439.000000 0.109033 
0.318900 433.000000 0.109500 
0.320000 400.000000 0.110133 
0.319133 426.000000 0.109800 
0.320100 397.000000 0.110567 
0.319533 414.000000 0.109600 
0.318200 454.000000 0.108467 
0.318767 437.000000 0.108967 
0.318667 440.000000 0.108933 
0.318500 445.000000 0.108633 
0.318800 436.000000 0.109467 
0.318833 435.000000 0.108900 
0.319533 414.000000 0.109467 
0.319233 423.000000 0.109833 
0.318300 451.000000 0.108633 
0.319567 413.000000 0.110167 
0.319567 413.000000 0.110167 
0.318700 439.000000 0.108967 
0.319367 419.000000 0.109433 
0.318633 441.000000 0.109433 
0.318600 442.000000 0.108733 
0.318733 438.000000 0.109200 
0.318633 441.000000 0.108700 
0.318900 433.000000 0.108700 
0.318367 449.000000 0.109033 
0.318467 446.000000 0.108933 
0.318400 448.000000 0.108667 
0.319133 426.000000 0.108733 
0.319667 410.000000 0.109933 
0.319567 413.000000 0.109433 
0.318300 451.000000 0.108767 
0.318400 448.000000 0.108400 
0.319533 414.000000 0.110533 
0.318600 442.000000 0.109267 
0.318767 437.000000 0.109300 
0.318600 442.000000 0.109267 
0.319700 409.000000 0.109833 
0.318600 442.000000 0.108600 
0.319000 430.000000 0.109267 
0.319367 419.000000 0.109900 
0.317933 462.000000 0.108267 
0.319300 421.000000 0.109567 
0.318833 435.000000 0.109233 
0.319200 424.000000 0.109467 
0.318167 455.000000 0.108700 
0.319033 429.000000 0.109100 
0.319367 419.000000 0.109633 
0.318100 457.000000 0.108100 
0.318667 440.000000 0.108867 
0.318267 452.000000 0.108200 
0.319767 407.000000 0.110567 
0.319400 418.000000 0.110067 
0.317933 462.000000 0.107933 
0.319500 415.000000 0.109367 
0.319200 424.000000 0.109200 
0.319267 422.000000 0.109400 
0.319367 419.000000 0.109900 
0.318633 441.000000 0.109300 
0.319400 418.000000 0.109800 
0.318933 432.000000 0.109867 
0.319067 428.000000 0.109467 
0.318867 434.000000 0.109400 
0.318500 445.000000 0.108833 
0.319500 415.000000 0.110500 
0.319267 422.000000 0.109667 
0.319633 411.000000 0.109700 
0.318667 440.000000 0.108933 
0.320300 391.000000 0.110633 
0.319700 409.000000 0.110233 
0.318467 446.000000 0.108533 
0.319200 424.000000 0.109333 
0.318600 442.000000 0.109133 
0.318767 437.000000 0.109367 
0.319100 427.000000 0.109233 
0.318867 434.000000 0.109200 
0.319567 413.000000 0.110033 
0.320233 393.000000 0.110500 
0.318700 439.000000 0.108700 
0.318933 432.000000 0.109067 
0.318800 436.000000 0.109133 
0.318367 449.000000 0.108633 
0.318967 431.000000 0.109300 
0.319233 423.000000 0.109900 
0.318867 434.000000 0.108667 
0.319867 404.000000 0.110200 
0.319133 426.000000 0.109467 
0.319633 411.000000 0.109767 
0.319033 429.000000 0.109500 
0.319233 423.000000 0.109033 
0.318600 442.000000 0.109000 
0.319533 414.000000 0.109933 
0.318300 451.000000 0.108767 
0.318833 435.000000 0.109367 
0.319500 415.000000 0.109700 
0.318667 440.000000 0.109000 
0.319433 417.000000 0.109767 
0.319067 428.000000 0.109200 
0.319233 423.000000 0.109900 
0.319200 424.000000 0.109733 
0.319133 426.000000 0.109267 
0.318300 451.000000 0.108767 
0.318633 441.000000 0.108900 
0.319033 429.000000 0.109367 
0.318400 448.000000 0.108933 
0.318800 436.000000 0.108667 
0.318533 444.000000 0.108800 
0.319033 429.000000 0.109700 
0.318167 455.000000 0.108367 
0.318967 431.000000 0.109367 
0.318467 446.000000 0.108733 
0.320300 391.000000 0.110900 
0.319100 427.000000 0.109633 
0.319567 413.000000 0.109700 
0.318900 433.000000 0.109233 
0.318900 433.000000 0.108500 
0.319333 420.000000 0.110133 
0.318167 455.000000 0.108500 
0.318833 435.000000 0.109367 
0.319500 415.000000 0.109833 
0.320033 399.000000 0.110633 
0.318667 440.000000 0.109200 
0.319533 414.000000 0.109933 
0.319533 414.000000 0.110200 
0.319300 421.000000 0.110167 
0.318833 435.000000 0.109367 
0.319533 414.000000 0.109400 
0.318467 446.000000 0.108333 
0.319133 426.000000 0.109600 
0.318800 436.000000 0.109000 
0.318400 448.000000 0.108133 
0.318533 444.000000 0.109400 
0.319333 420.000000 0.110267 
0.319100 427.000000 0.109700 
0.319233 423.000000 0.109367 
0.318167 455.000000 0.108300 
0.318733 438.000000 0.109200 
0.318600 442.000000 0.108667 
0.320267 392.000000 0.110867 
0.319567 413.000000 0.109900 
0.320133 396.000000 0.110333 
0.319133 426.000000 0.109467 
0.319633 411.000000 0.110433 
0.318367 449.000000 0.108633 
0.319033 429.000000 0.108967 
0.319000 430.000000 0.109200 
0.318833 435.000000 0.108833 
0.319367 419.000000 0.109833 
0.318733 438.000000 0.109000 
0.319433 417.000000 0.110033 
0.318700 439.000000 0.109167 
0.319200 424.000000 0.109000 
0.318367 449.000000 0.108500 
0.318733 438.000000 0.108800 
0.319400 418.000000 0.110067 
0.319433 417.000000 0.110233 
0.319367 419.000000 0.109633 
0.318200 454.000000 0.108467 
0.318667 440.000000 0.109000 
0.319233 423.000000 0.109433 
0.318633 441.000000 0.108700 
0.318200 454.000000 0.108333 
0.318900 433.000000 0.109433 
0.319633 411.000000 0.110100 
0.319000 430.000000 0.109133 
0.319867 404.000000 0.109933 
0.319067 428.000000 0.109533 
0.319067 428.000000 0.109600 
0.319533 414.000000 0.110000 
0.320333 390.000000 0.110800 
0.319267 422.000000 0.108933 
0.318900 433.000000 0.109233 
0.319333 420.000000 0.109000 
0.320067 398.000000 0.110467 
0.319800 406.000000 0.110000 
0.318033 459.000000 0.108433 
0.318700 439.000000 0.109500 
0.320133 396.000000 0.110467 
0.319367 419.000000 0.109767 
0.319300 421.000000 0.109833 
0.319200 424.000000 0.110000 
0.319567 413.000000 0.109300 
0.318700 439.000000 0.109167 
0.318767 437.000000 0.109367 
0.320000 400.000000 0.110600 
0.319533 414.000000 0.109667 
0.318467 446.000000 0.109000 
0.318833 435.000000 0.109433 
0.319000 430.000000 0.109600 
0.319733 408.000000 0.110133 
0.318667 440.000000 0.108867 
0.318667 440.000000 0.109200 
0.318733 438.000000 0.109000 
0.319433 417.000000 0.109833 
0.319900 403.000000 0.110433 
0.320300 391.000000 0.110833 
0.318467 446.000000 0.108533 
0.318933 432.000000 0.109200 
0.318767 437.000000 0.109300 
0.319033 429.000000 0.109633 
0.319233 423.000000 0.110033 
0.319367 419.000000 0.110033 
0.319533 414.000000 0.110000 
0.319000 430.000000 0.109267 
0.318200 454.000000 0.108733 
0.318867 434.000000 0.109267 
0.319267 422.000000 0.109800 
0.319233 423.000000 0.109833 
0.319033 429.000000 0.109633 
0.318067 458.000000 0.108333 
0.318800 436.000000 0.109067 
0.319233 423.000000 0.109500 
0.319333 420.000000 0.109467 
0.319367 419.000000 0.109833 
0.318700 439.000000 0.108900 
0.318133 456.000000 0.108800 
0.318967 431.000000 0.109500 
0.317900 463.000000 0.108567 
0.318900 433.000000 0.109367 
0.318867 434.000000 0.109400 
0.318833 435.000000 0.108967 
0.319400 418.000000 0.109800 
0.319067 428.000000 0.109600 
0.318300 451.000000 0.108967 
0.317567 473.000000 0.107433 
0.319333 420.000000 0.109467 
0.318400 448.000000 0.108867 
0.318733 438.000000 0.109067 
0.318933 432.000000 0.109333 
0.319533 414.000000 0.109267 
0.319667 410.000000 0.109733 
0.318867 434.000000 0.109600 
0.318500 445.000000 0.109033 
0.319700 409.000000 0.110167 
0.318667 440.000000 0.109200 
0.318467 446.000000 0.108933 
0.318567 443.000000 0.108833 
0.320000 400.000000 0.110800 
0.318667 440.000000 0.108933 
0.318967 431.000000 0.109633 
0.318767 437.000000 0.108700 
0.319233 423.000000 0.109567 
0.318933 432.000000 0.109000 
0.319133 426.000000 0.109000 
0.319633 411.000000 0.110233 
0.319467 416.000000 0.109933 
0.319133 426.000000 0.109467 
0.319167 425.000000 0.108767 
0.318700 439.000000 0.108300 
0.317733 468.000000 0.108267 
0.318367 449.000000 0.108900 
0.319233 423.000000 0.109300 
0.318600 442.000000 0.108600 
0.319967 401.000000 0.110500 
0.317867 464.000000 0.108000 
0.319733 408.000000 0.110600 
0.318467 446.000000 0.108867 
0.319567 413.000000 0.109633 
0.319367 419.000000 0.109833 
0.319900 403.000000 0.110167 
0.319100 427.000000 0.109100 
0.318333 450.000000 0.109000 
0.319467 416.000000 0.110133 
0.318467 446.000000 0.108800 
0.318133 456.000000 0.108333 
0.318633 441.000000 0.108567 
0.318200 454.000000 0.108200 
0.319433 417.000000 0.110100 
0.319500 415.000000 0.109833 
0.318400 448.000000 0.109000 
0.318800 436.000000 0.109133 
0.319800 406.000000 0.110400 
0.319233 423.000000 0.109567 
0.318900 433.000000 0.109367 
0.319133 426.000000 0.109667 
0.319733 408.000000 0.110133 
0.318567 443.000000 0.109033 
0.319633 411.000000 0.109900 
0.318633 441.000000 0.108633 
0.319367 419.000000 0.109900 
0.318633 441.000000 0.108767 
0.319533 414.000000 0.110067 
0.319100 427.000000 0.109567 
0.318833 435.000000 0.109033 
0.319667 410.000000 0.109733 
0.319500 415.000000 0.110100 
0.318933 432.000000 0.109200 
0.318667 440.000000 0.108867 
0.319233 423.000000 0.110100 
0.318667 440.000000 0.109000 
0.318133 456.000000 0.108533 
0.318933 432.000000 0.109600 
0.318967 431.000000 0.109300 
0.320167 395.000000 0.110633 
0.319433 417.000000 0.109700 
0.319400 418.000000 0.109800 
0.319333 420.000000 0.109400 
0.318967 431.000000 0.109033 
0.318467 446.000000 0.108933 
0.318067 458.000000 0.108333 
0.318933 432.000000 0.108867 
0.319133 426.000000 0.109467 
0.319167 425.000000 0.109500 
0.319733 408.000000 0.109800 
0.318867 434.000000 0.109333 
0.320000 400.000000 0.110467 
0.318367 449.000000 0.108833 
0.319567 413.000000 0.109900 
0.318900 433.000000 0.109233 
0.319000 430.000000 0.109333 
0.319067 428.000000 0.109067 
0.318700 439.000000 0.108567 
0.319000 430.000000 0.109400 
0.318533 444.000000 0.108733 
0.319300 421.000000 0.109967 
0.318233 453.000000 0.108633 
0.319300 421.000000 0.109833 
0.319400 418.000000 0.109867 
0.319800 406.000000 0.110467 
0.318767 437.000000 0.108500 
0.319533 414.000000 0.110200 
0.319600 412.000000 0.109400 
0.318433 447.000000 0.108433 
0.318567 443.000000 0.109033 
0.318900 433.000000 0.109367 
0.319233 423.000000 0.109900 
0.319033 429.000000 0.109367 
0.319367 419.000000 0.109700 
0.320233 393.000000 0.111100 
0.319567 413.000000 0.109967 
0.319333 420.000000 0.109733 
0.318567 443.000000 0.109100 
0.320100 397.000000 0.111033 
0.319800 406.000000 0.110067 
0.319400 418.000000 0.109600 
0.319100 427.000000 0.109100 
0.318133 456.000000 0.107933 
0.319033 429.000000 0.109433 
0.319700 409.000000 0.110300 
0.319033 429.000000 0.109567 
0.318900 433.000000 0.109367 
0.319133 426.000000 0.109733 
0.319767 407.000000 0.110233 
0.319867 404.000000 0.110600 
0.320067 398.000000 0.110467 
0.320167 395.000000 0.110500 
0.319967 401.000000 0.110567 
0.319467 416.000000 0.109533 
0.319467 416.000000 0.110267 
0.318533 444.000000 0.109400 
0.318967 431.000000 0.108767 
0.319600 412.000000 0.110200 
0.319267 422.000000 0.109733 
0.318933 432.000000 0.109000 
0.318733 438.000000 0.108733 
0.318867 434.000000 0.109133 
0.319333 420.000000 0.109533 
0.319667 410.000000 0.110200 
0.319200 424.000000 0.109800 
0.318633 441.000000 0.109100 
0.319133 426.000000 0.109133 
0.319033 429.000000 0.109500 
0.319133 426.000000 0.109533 
0.318967 431.000000 0.109167 
0.318667 440.000000 0.108533 
0.318933 432.000000 0.109200 
0.318867 434.000000 0.109200 
0.318433 447.000000 0.108633 
0.319300 421.000000 0.109700 
0.318533 444.000000 0.108467 
0.318967 431.000000 0.109100 
0.319933 402.000000 0.110267 
0.319100 427.000000 0.108500 
0.318967 431.000000 0.109767 
0.319300 421.000000 0.110100 
0.319167 425.000000 0.110033 
0.319733 408.000000 0.110267 
0.319767 407.000000 0.110633 
0.320400 388.000000 0.111000 
0.318367 449.000000 0.108967 
0.319400 418.000000 0.109400 
0.318667 440.000000 0.109200 
0.318333 450.000000 0.108667 
0.319400 418.000000 0.109800 
0.318700 439.000000 0.109300 
0.319200 424.000000 0.109667 
0.319200 424.000000 0.109133 
0.318967 431.000000 0.109433 
0.319200 424.000000 0.109667 
0.319000 430.000000 0.109267 
0.319900 403.000000 0.110567 
0.318800 436.000000 0.108933 
0.318733 438.000000 0.108667 
0.318333 450.000000 0.108733 
0.319167 425.000000 0.109567 
0.319200 424.000000 0.109867 
0.317400 478.000000 0.107733 
0.319133 426.000000 0.109800 
0.318500 445.000000 0.108633 
0.318067 458.000000 0.108467 
0.319367 419.000000 0.109100 
0.318967 431.000000 0.109033 
0.318667 440.000000 0.109000 
0.318967 431.000000 0.109633 
0.319333 420.000000 0.110267 
0.319867 404.000000 0.109933 
0.319933 402.000000 0.109733 
0.318900 433.000000 0.109167 
0.318900 433.000000 0.109767 
0.319700 409.000000 0.109367 
0.318867 434.000000 0.108733 
0.319433 417.000000 0.109567 
0.319733 408.000000 0.109867 
0.318067 458.000000 0.108333 
0.318533 444.000000 0.108400 
0.319100 427.000000 0.109100 
0.318300 451.000000 0.109500 
0.319133 426.000000 0.109533 
0.319100 427.000000 0.109700 
0.319500 415.000000 0.110233 
0.319067 428.000000 0.109267 
0.319567 413.000000 0.110700 
0.318167 455.000000 0.108767 
0.318067 458.000000 0.108800 
0.318400 448.000000 0.108867 
0.318033 459.000000 0.108433 
0.318700 439.000000 0.109300 
0.319500 415.000000 0.110233 
0.319367 419.000000 0.109833 
0.318567 443.000000 0.108633 
0.319733 408.000000 0.110267 
0.319367 419.000000 0.109900 
0.319200 424.000000 0.110067 
0.319300 421.000000 0.109700 
0.318867 434.000000 0.109333 
0.318767 437.000000 0.108833 
0.318433 447.000000 0.108567 
0.319000 430.000000 0.109333 
0.318567 443.000000 0.109033 
0.318833 435.000000 0.108833 
0.318400 448.000000 0.109467 
0.318933 432.000000 0.108933 
0.318500 445.000000 0.108300 
0.319400 418.000000 0.109467 
0.318900 433.000000 0.109433 
0.319067 428.000000 0.109600 
0.318600 442.000000 0.109333 
0.318100 457.000000 0.108633 
0.319667 410.000000 0.110400 
0.318167 455.000000 0.108767 
0.319000 430.000000 0.108800 
0.317800 466.000000 0.108000 
0.318400 448.000000 0.108867 
0.318900 433.000000 0.109100 
0.318300 451.000000 0.109100 
0.318633 441.000000 0.108367 
0.319367 419.000000 0.109833 
0.319633 411.000000 0.109967 
0.319400 418.000000 0.110133 
0.320067 398.000000 0.110933 
0.318233 453.000000 0.108233 
0.318667 440.000000 0.108933 
0.319433 417.000000 0.109767 
0.319500 415.000000 0.109567 
0.319600 412.000000 0.110200 
0.318567 443.000000 0.108700 
0.318667 440.000000 0.108867 
0.318467 446.000000 0.109133 
0.319667 410.000000 0.110467 
0.319567 413.000000 0.109833 
0.319367 419.000000 0.109500 
0.319700 409.000000 0.109633 
0.318933 432.000000 0.109267 
0.318867 434.000000 0.109133 
0.318467 446.000000 0.108467 
0.318633 441.000000 0.108833 
0.319267 422.000000 0.109600 
0.319133 426.000000 0.110000 
0.319333 420.000000 0.109333 
0.319767 407.000000 0.110100 
0.319667 410.000000 0.110400 
0.319067 428.000000 0.109600 
0.319733 408.000000 0.110333 
0.318900 433.000000 0.109167 
0.319567 413.000000 0.110233 
0.319033 429.000000 0.109367 
0.318800 436.000000 0.109000 
0.319133 426.000000 0.109533 
0.318533 444.000000 0.108867 
0.319533 414.000000 0.109200 
0.318533 444.000000 0.108867 
0.319733 408.000000 0.109867 
0.320200 394.000000 0.110667 
0.318467 446.000000 0.108933 
0.320200 394.000000 0.110400 
0.318767 437.000000 0.109167 
0.319033 429.000000 0.109500 
0.318400 448.000000 0.108533 
0.318933 432.000000 0.109200 
0.319567 413.000000 0.109967 
0.319133 426.000000 0.109733 
0.318133 456.000000 0.108800 
0.318500 445.000000 0.108900 
0.318967 431.000000 0.109500 
0.320300 391.000000 0.110233 
0.319833 405.000000 0.109700 
0.318933 432.000000 0.109200 
0.318667 440.000000 0.108400 
0.318967 431.000000 0.108767 
0.319200 424.000000 0.109133 
0.318133 456.000000 0.108733 
0.318500 445.000000 0.109300 
0.319067 428.000000 0.109067 
0.318967 431.000000 0.109167 
0.319167 425.000000 0.109900 
0.319500 415.000000 0.109700 
0.320267 392.000000 0.110667 
0.319367 419.000000 0.110367 
0.318867 434.000000 0.109200 
0.318633 441.000000 0.108700 
0.319300 421.000000 0.109967 
0.319500 415.000000 0.109700 
0.318833 435.000000 0.109433 
0.319100 427.000000 0.109033 
0.318800 436.000000 0.109400 
0.318900 433.000000 0.109433 
0.318467 446.000000 0.109400 
0.319033 429.000000 0.109433 
0.318467 446.000000 0.108533 
0.319133 426.000000 0.109933 
0.319233 423.000000 0.110100 
0.318667 440.000000 0.108800 
0.319067 428.000000 0.109933 
0.319067 428.000000 0.109200 
0.318700 439.000000 0.108433 
0.319067 428.000000 0.109000 
0.318567 443.000000 0.109033 
0.317900 463.000000 0.107967 
0.318700 439.000000 0.108700 
0.318500 445.000000 0.108900 
0.319833 405.000000 0.110033 
0.318000 460.000000 0.108200 
0.319233 423.000000 0.110167 
0.318767 437.000000 0.108700 
0.319433 417.000000 0.109967 
0.319300 421.000000 0.109833 
0.319200 424.000000 0.109467 
0.318333 450.000000 0.108667 
0.319200 424.000000 0.109533 
0.320000 400.000000 0.110400 
0.319867 404.000000 0.110533 
0.319867 404.000000 0.110133 
0.318967 431.000000 0.109700 
0.318067 458.000000 0.108533 
0.319567 413.000000 0.109500 
0.318733 438.000000 0.108533 
0.318700 439.000000 0.108833 
0.318533 444.000000 0.108400 
0.319033 429.000000 0.109567 
0.318767 437.000000 0.109433 
0.318600 442.000000 0.108800 
0.318433 447.000000 0.108367 
0.320133 396.000000 0.111067 
0.319300 421.000000 0.109767 
0.319067 428.000000 0.109400 
0.319933 402.000000 0.110667 
0.319967 401.000000 0.110700 
0.318833 435.000000 0.109567 
0.318967 431.000000 0.109700 
0.319233 423.000000 0.109833 
0.319300 421.000000 0.109633 
0.318433 447.000000 0.108567 
0.318267 452.000000 0.108533 
0.319567 413.000000 0.110167 
0.318400 448.000000 0.108667 
0.318833 435.000000 0.109100 
0.318933 432.000000 0.109667 
0.318900 433.000000 0.109300 
0.317900 463.000000 0.107900 
0.318300 451.000000 0.107900 
0.318267 452.000000 0.109000 
0.318467 446.000000 0.108533 
0.319467 416.000000 0.109867 
0.318800 436.000000 0.109133 
0.319100 427.000000 0.109033 
0.318533 444.000000 0.108400 
0.317967 461.000000 0.108300 
0.318467 446.000000 0.109067 
0.318567 443.000000 0.108967 
0.319433 417.000000 0.110033 
0.318667 440.000000 0.109067 
0.318933 432.000000 0.109533 
0.319300 421.000000 0.109967 
0.319533 414.000000 0.110200 
0.318733 438.000000 0.109400 
0.320333 390.000000 0.110667 
0.319267 422.000000 0.109600 
0.319067 428.000000 0.109467 
0.318533 444.000000 0.109000 
0.318833 435.000000 0.109633 
0.319167 425.000000 0.109233 
0.318533 444.000000 0.109267 
0.318833 435.000000 0.109633 
0.318900 433.000000 0.108900 
0.319600 412.000000 0.110067 
0.320200 394.000000 0.110533 
0.319300 421.000000 0.109767 
0.319367 419.000000 0.109633 
0.318633 441.000000 0.109233 
0.318500 445.000000 0.109233 
0.319433 417.000000 0.109700 
0.319667 410.000000 0.110467 
0.320033 399.000000 0.110967 
0.318400 448.000000 0.108867 
0.319600 412.000000 0.110200 
0.319467 416.000000 0.109800 
0.319000 430.000000 0.109800 
0.319267 422.000000 0.109667 
0.319400 418.000000 0.109600 
0.318567 443.000000 0.108567 
0.318833 435.000000 0.109233 
0.318567 443.000000 0.108433 
0.318633 441.000000 0.109367 
0.320000 400.000000 0.110333 
0.318533 444.000000 0.108867 
0.319567 413.000000 0.109567 
0.318933 432.000000 0.108867 
0.318867 434.000000 0.109533 
0.319000 430.000000 0.109200 
0.318733 438.000000 0.109267 
0.318500 445.000000 0.109100 
0.319300 421.000000 0.110100 
0.318433 447.000000 0.108700 
0.318100 457.000000 0.108500 
0.320500 385.000000 0.111367 
0.318533 444.000000 0.108867 
0.319033 429.000000 0.108833 
0.319733 408.000000 0.109867 
0.318800 436.000000 0.108333 
0.320200 394.000000 0.110400 
0.319200 424.000000 0.109733 
0.319333 420.000000 0.109667 
0.319100 427.000000 0.109233 
0.318933 432.000000 0.109933 
0.319167 425.000000 0.109900 
0.320467 386.000000 0.111133 
0.319333 420.000000 0.109733 
0.318533 444.000000 0.108733 
0.318333 450.000000 0.108733 
0.318733 438.000000 0.108667 
0.319067 428.000000 0.108800 
0.319133 426.000000 0.109067 
0.319100 427.000000 0.109100 
0.318933 432.000000 0.108867 
0.318800 436.000000 0.108800 
0.318600 442.000000 0.109067 
0.318067 458.000000 0.108400 
0.319267 422.000000 0.109333 
0.319067 428.000000 0.109133 
0.318567 443.000000 0.108700 
0.319000 430.000000 0.109467 
0.318833 435.000000 0.108900 
0.319200 424.000000 0.109933 
0.318833 435.000000 0.109500 
0.319267 422.000000 0.109400 
0.319867 404.000000 0.110733 
0.319167 425.000000 0.109300 
0.318700 439.000000 0.109033 
0.318833 435.000000 0.109700 
0.319033 429.000000 0.109300 
0.319533 414.000000 0.110000 
0.318867 434.000000 0.109267 
0.318667 440.000000 0.108600 
0.319500 415.000000 0.109900 
0.318167 455.000000 0.108700 
0.319567 413.000000 0.109967 
0.319800 406.000000 0.110667 
0.317733 468.000000 0.107933 
0.318367 449.000000 0.108567 
0.319733 408.000000 0.109933 
0.319500 415.000000 0.110433 
0.318367 449.000000 0.108900 
0.319200 424.000000 0.109267 
0.319567 413.000000 0.109633 
0.318200 454.000000 0.108133 
0.318733 438.000000 0.109067 
0.319533 414.000000 0.110133 
0.318033 459.000000 0.108433 
0.319033 429.000000 0.109300 
0.319033 429.000000 0.109367 
0.319233 423.000000 0.109700 
0.318967 431.000000 0.109100 
0.319133 426.000000 0.109333 
0.319167 425.000000 0.109767 
0.318733 438.000000 0.109000 
0.319267 422.000000 0.109467 
0.319267 422.000000 0.109867 
0.318100 457.000000 0.108233 
0.318333 450.000000 0.108867 
0.319367 419.000000 0.110033 
0.319467 416.000000 0.110200 
0.319200 424.000000 0.109933 
0.317767 467.000000 0.108167 
0.319267 422.000000 0.109133 
0.318800 436.000000 0.109267 
0.319300 421.000000 0.109633 
0.318600 442.000000 0.108933 
0.319600 412.000000 0.109867 
0.318233 453.000000 0.108567 
0.319100 427.000000 0.109433 
0.318567 443.000000 0.108367 
0.319133 426.000000 0.109867 
0.318667 440.000000 0.109000 
0.319900 403.000000 0.110633 
0.318567 443.000000 0.108633 
0.319133 426.000000 0.109733 
0.319700 409.000000 0.110233 
0.319600 412.000000 0.110000 
0.319167 425.000000 0.109767 
0.320000 400.000000 0.111000 
0.317467 476.000000 0.107200 
0.318533 444.000000 0.108867 
0.318800 436.000000 0.109000 
0.319900 403.000000 0.109900 
0.319633 411.000000 0.109633 
0.318000 460.000000 0.108867 
0.318767 437.000000 0.109233 
0.317633 471.000000 0.107767 
0.319167 425.000000 0.109967 
0.319133 426.000000 0.110067 
0.319100 427.000000 0.109900 
0.318500 445.000000 0.108700 
0.319167 425.000000 0.108767 
0.319567 413.000000 0.110300 
0.318567 443.000000 0.108367 
0.318467 446.000000 0.109067 
0.319000 430.000000 0.109200 
0.317967 461.000000 0.108633 
0.318967 431.000000 0.109433 
0.318633 441.000000 0.108500 
0.318433 447.000000 0.108767 
0.319400 418.000000 0.110000 
0.319000 430.000000 0.109333 
0.318833 435.000000 0.109367 
0.319467 416.000000 0.109467 
0.318933 432.000000 0.109467 
0.319067 428.000000 0.109533 
0.319367 419.000000 0.109967 
0.319000 430.000000 0.109667 
0.319200 424.000000 0.110067 
0.318900 433.000000 0.109500 
0.318433 447.000000 0.108633 
0.318633 441.000000 0.108700 
0.318333 450.000000 0.108533 
0.318367 449.000000 0.108833 
0.319367 419.000000 0.109900 
0.318700 439.000000 0.109167 
0.318000 460.000000 0.108333 
0.318433 447.000000 0.108500 
0.318800 436.000000 0.108800 
0.318967 431.000000 0.109833 
0.320233 393.000000 0.111100 
0.318467 446.000000 0.109200 
0.319500 415.000000 0.109833 
0.319433 417.000000 0.109700 
0.318500 445.000000 0.109167 
0.319367 419.000000 0.109567 
0.319167 425.000000 0.109433 
0.318333 450.000000 0.108400 
0.318200 454.000000 0.108200 
0.318833 435.000000 0.109033 
0.319533 414.000000 0.110133 
0.318800 436.000000 0.108933 
0.319467 416.000000 0.109667 
0.318400 448.000000 0.108333 
0.318800 436.000000 0.109200 
0.319367 419.000000 0.110167 
0.319400 418.000000 0.109667 
0.319833 405.000000 0.110433 
0.319000 430.000000 0.109400 
0.319067 428.000000 0.109600 
0.318833 435.000000 0.108633 
0.318100 457.000000 0.108033 
0.319967 401.000000 0.110900 
0.319667 410.000000 0.109933 
0.318900 433.000000 0.109300 
0.319900 403.000000 0.110500 
0.318967 431.000000 0.109500 
0.318533 444.000000 0.109267 
0.318900 433.000000 0.109367 
0.318933 432.000000 0.109400 
0.319333 420.000000 0.110067 
0.318433 447.000000 0.108700 
0.318767 437.000000 0.109233 
0.319567 413.000000 0.110300 
0.318933 432.000000 0.109000 
0.319767 407.000000 0.110233 
0.319467 416.000000 0.109867 
0.319000 430.000000 0.109600 
0.318867 434.000000 0.109533 
0.318633 441.000000 0.108900 
0.319633 411.000000 0.109833 
0.318300 451.000000 0.108967 
0.319867 404.000000 0.109867 
0.318867 434.000000 0.109533 
0.319600 412.000000 0.110200 
0.319167 425.000000 0.109833 
0.318400 448.000000 0.108067 
0.319033 429.000000 0.109100 
0.318800 436.000000 0.109333 
0.319800 406.000000 0.110133 
0.319700 409.000000 0.110367 
0.318833 435.000000 0.109233 
0.319167 425.000000 0.109633 
0.319500 415.000000 0.109500 
0.319933 402.000000 0.110667 
0.319167 425.000000 0.109433 
0.319733 408.000000 0.110200 
0.318967 431.000000 0.109567 
0.318533 444.000000 0.109333 
0.320433 387.000000 0.110967 
0.318600 442.000000 0.109000 
0.319100 427.000000 0.109433 
0.317633 471.000000 0.108100 
0.319300 421.000000 0.109500 
0.319267 422.000000 0.109533 
0.319333 420.000000 0.109800 
0.319933 402.000000 0.110333 
0.319733 408.000000 0.109933 
0.318967 431.000000 0.109500 
0.319067 428.000000 0.109800 
0.319067 428.000000 0.109600 
0.319333 420.000000 0.109067 
0.319433 417.000000 0.109900 
0.319300 421.000000 0.109633 
0.318767 437.000000 0.108833 
0.318667 440.000000 0.108667 
0.318367 449.000000 0.108967 
0.319100 427.000000 0.109500 
0.320000 400.000000 0.110400 
0.319933 402.000000 0.110267 
0.318867 434.000000 0.109267 
0.319967 401.000000 0.110233 
0.319133 426.000000 0.109267 
0.319567 413.000000 0.110233 
0.319467 416.000000 0.110267 
0.318867 434.000000 0.109467 
0.319200 424.000000 0.109867 
0.319600 412.000000 0.109733 
0.318267 452.000000 0.108400 
0.319400 418.000000 0.109933 
0.317867 464.000000 0.108067 
0.319067 428.000000 0.108933 
0.319800 406.000000 0.110467 
0.319133 426.000000 0.109467 
0.318300 451.000000 0.108567 
0.319433 417.000000 0.109967 
0.318467 446.000000 0.108600 
0.319200 424.000000 0.109600 
0.318533 444.000000 0.108800 
0.319000 430.000000 0.108800 
0.319100 427.000000 0.109367 
0.319767 407.000000 0.110433 
0.319100 427.000000 0.109300 
0.318900 433.000000 0.109100 
0.319600 412.000000 0.110333 
0.318900 433.000000 0.109500 
0.318800 436.000000 0.109133 
0.318333 450.000000 0.108733 
0.319500 415.000000 0.109967 
0.317967 461.000000 0.108300 
0.318700 439.000000 0.109233 
0.318267 452.000000 0.108600 
0.318733 438.000000 0.109000 
0.319300 421.000000 0.109433 
0.319300 421.000000 0.109633 
0.318533 444.000000 0.109133 
0.318833 435.000000 0.109167 
0.319167 425.000000 0.110033 
0.318733 438.000000 0.108467 
0.318633 441.000000 0.109167 
0.319700 409.000000 0.110233 
0.318933 432.000000 0.109267 
0.318533 444.000000 0.108733 
0.318767 437.000000 0.108767 
0.317967 461.000000 0.108100 
0.319733 408.000000 0.110267 
0.319500 415.000000 0.109833 
0.318433 447.000000 0.109233 
0.318167 455.000000 0.108700 
0.318833 435.000000 0.108833 
0.318000 460.000000 0.108133 
0.318300 451.000000 0.108367 
0.318533 444.000000 0.109067 
0.318967 431.000000 0.109300 
0.318500 445.000000 0.108967 
0.318833 435.000000 0.108500 
0.319733 408.000000 0.110933 
0.319600 412.000000 0.109667 
0.319167 425.000000 0.109233 
0.319800 406.000000 0.109800 
0.319433 417.000000 0.109833 
0.318400 448.000000 0.108200 
0.319300 421.000000 0.109967 
0.319133 426.000000 0.109600 
0.318867 434.000000 0.109600 
0.319600 412.000000 0.109600 
0.319000 430.000000 0.109267 
0.319333 420.000000 0.110333 
0.318733 438.000000 0.109067 
0.318900 433.000000 0.109233 
0.318500 445.000000 0.108967 
0.318467 446.000000 0.108533 
0.318767 437.000000 0.109100 
0.318900 433.000000 0.109300 
0.319700 409.000000 0.109700 
0.318700 439.000000 0.109567 
0.319367 419.000000 0.109633 
0.318933 432.000000 0.109333 
0.318200 454.000000 0.108533 
0.318900 433.000000 0.109233 
0.320067 398.000000 0.110467 
0.318867 434.000000 0.109133 
0.319500 415.000000 0.109500 
0.318967 431.000000 0.109633 
0.319267 422.000000 0.109800 
0.320067 398.000000 0.110333 
0.319000 430.000000 0.109267 
0.318900 433.000000 0.109300 
0.318367 449.000000 0.108700 
0.319100 427.000000 0.109167 
0.319167 425.000000 0.109433 
0.318133 456.000000 0.108533 
0.319033 429.000000 0.109633 
0.318800 436.000000 0.109133 
0.318333 450.000000 0.108867 
0.318000 460.000000 0.107933 
0.319400 418.000000 0.109533 
0.319167 425.000000 0.109567 
0.318067 458.000000 0.108467 
0.318933 432.000000 0.108867 
0.319033 429.000000 0.109233 
0.319400 418.000000 0.109400 
0.318900 433.000000 0.108700 
0.318767 437.000000 0.108500 
0.318700 439.000000 0.109100 
0.318900 433.000000 0.109233 
0.319133 426.000000 0.109933 
0.319067 428.000000 0.109267 
0.318000 460.000000 0.108933 
0.319667 410.000000 0.110267 
0.319633 411.000000 0.110033 
0.319200 424.000000 0.109333 
0.319433 417.000000 0.110167 
0.318900 433.000000 0.109633 
0.319433 417.000000 0.109700 
0.319000 430.000000 0.109533 
0.319167 425.000000 0.109767 
0.319800 406.000000 0.109667 
0.319400 418.000000 0.109933 
0.319400 418.000000 0.109933 
0.319167 425.000000 0.109767 
0.318800 436.000000 0.109200 
0.319500 415.000000 0.109833 
0.318133 456.000000 0.108800 
0.318333 450.000000 0.108800 
0.318333 450.000000 0.108400 
0.318467 446.000000 0.109267 
0.319667 410.000000 0.110400 
0.318833 435.000000 0.108900 
0.318933 432.000000 0.109267 
0.317900 463.000000 0.108033 
0.318067 458.000000 0.108533 
0.319700 409.000000 0.110100 
0.318700 439.000000 0.108900 
0.318967 431.000000 0.109967 
0.319000 430.000000 0.108800 
0.319300 421.000000 0.109700 
0.318633 441.000000 0.108833 
0.318367 449.000000 0.108967 
0.319033 429.000000 0.109233 
0.319100 427.000000 0.110033 
0.318700 439.000000 0.109100 
0.318100 457.000000 0.108700 
0.320233 393.000000 0.110567 
0.319533 414.000000 0.110133 
0.318833 435.000000 0.109033 
0.319833 405.000000 0.110567 
0.319100 427.000000 0.109433 
0.318333 450.000000 0.108800 
0.318267 452.000000 0.108133 
0.320100 397.000000 0.110300 
0.319700 409.000000 0.109900 
0.318333 450.000000 0.109067 
0.319600 412.000000 0.109867 
0.319867 404.000000 0.109800 
0.319433 417.000000 0.110033 
0.318867 434.000000 0.109800 
0.318800 436.000000 0.109333 
0.318600 442.000000 0.108733 
0.319500 415.000000 0.109567 
0.318800 436.000000 0.108933 
0.318467 446.000000 0.108133 
0.319600 412.000000 0.110000 
0.319033 429.000000 0.109833 
0.319733 408.000000 0.109800 
0.319000 430.000000 0.109067 
0.319067 428.000000 0.109067 
0.318133 456.000000 0.108467 
0.319500 415.000000 0.110100 
0.318967 431.000000 0.109767 
0.318633 441.000000 0.108367 
0.319233 423.000000 0.109633 
0.320100 397.000000 0.110700 
0.318767 437.000000 0.109167 
0.319133 426.000000 0.109200 
0.319367 419.000000 0.109633 
0.318700 439.000000 0.109100 
0.318300 451.000000 0.108567 
0.318633 441.000000 0.108967 
0.318767 437.000000 0.108567 
0.319400 418.000000 0.110133 
0.318967 431.000000 0.109300 
0.319533 414.000000 0.109867 
0.318100 457.000000 0.108300 
0.319000 430.000000 0.109667 
0.318900 433.000000 0.108767 
0.320167 395.000000 0.110833 
0.319167 425.000000 0.110100 
0.318800 436.000000 0.108933 
0.318633 441.000000 0.108900 
0.318633 441.000000 0.108967 
0.319333 420.000000 0.109867 
0.320133 396.000000 0.110467 
0.319000 430.000000 0.109733 
0.319433 417.000000 0.109433 
0.318567 443.000000 0.108833 
0.319500 415.000000 0.110300 
0.319533 414.000000 0.110000 
0.319967 401.000000 0.110233 
0.318267 452.000000 0.108467 
0.319433 417.000000 0.109500 
0.319167 425.000000 0.109233 
0.318400 448.000000 0.108600 
0.318833 435.000000 0.109367 
0.317967 461.000000 0.108367 
0.319533 414.000000 0.110467 
0.319967 401.000000 0.110167 
0.319000 430.000000 0.109067 
0.319633 411.000000 0.110433 
0.319367 419.000000 0.109767 
0.319167 425.000000 0.109300 
0.318200 454.000000 0.108067 
0.319400 418.000000 0.109600 
0.319233 423.000000 0.109900 
0.318900 433.000000 0.109033 
0.319200 424.000000 0.109400 
0.318733 438.000000 0.109133 
0.318400 448.000000 0.108733 
0.318900 433.000000 0.108833 
0.319333 420.000000 0.109533 
0.318600 442.000000 0.109067 
0.319600 412.000000 0.109867 
0.318067 458.000000 0.108800 
0.318233 453.000000 0.108967 
0.319600 412.000000 0.109733 
0.320167 395.000000 0.110167 
0.318967 431.000000 0.108967 
0.318767 437.000000 0.109233 
0.319133 426.000000 0.109067 
0.318267 452.000000 0.108733 
0.319100 427.000000 0.109567 
0.319767 407.000000 0.110300 
0.319633 411.000000 0.110033 
0.319133 426.000000 0.109600 
0.319700 409.000000 0.110100 
0.319333 420.000000 0.109733 
0.319567 413.000000 0.110567 
0.318567 443.000000 0.109033 
0.318733 438.000000 0.109200 
0.319900 403.000000 0.110567 
0.319100 427.000000 0.109633 
0.318400 448.000000 0.109133 
0.319133 426.000000 0.109533 
0.318567 443.000000 0.108833 
0.319333 420.000000 0.109533 
0.318833 435.000000 0.108700 
0.319467 416.000000 0.109867 
0.319100 427.000000 0.109633 
0.318733 438.000000 0.109600 
0.318700 439.000000 0.108967 
0.318767 437.000000 0.109300 
0.319000 430.000000 0.109533 
0.318900 433.000000 0.109433 
0.319800 406.000000 0.110133 
0.319267 422.000000 0.109800 
0.318700 439.000000 0.108700 
0.319333 420.000000 0.109400 
0.318967 431.000000 0.108833 
0.319000 430.000000 0.109267 
0.319567 413.000000 0.110567 
0.318867 434.000000 0.109067 
0.318567 443.000000 0.108900 
0.318533 444.000000 0.108533 
0.319100 427.000000 0.109233 
0.319333 420.000000 0.110133 
0.319100 427.000000 0.109167 
0.318600 442.000000 0.109133 
0.318833 435.000000 0.109433 
0.318633 441.000000 0.108700 
0.318233 453.000000 0.108900 
0.319700 409.000000 0.109633 
0.318833 435.000000 0.109367 
0.319700 409.000000 0.110167 
0.319600 412.000000 0.109933 
0.319167 425.000000 0.109633 
0.318433 447.000000 0.108767 
0.319167 425.000000 0.109567 
0.319533 414.000000 0.109733 
0.318600 442.000000 0.109267 
0.319433 417.000000 0.109367 
0.318833 435.000000 0.108967 
0.319433 417.000000 0.109500 
0.318400 448.000000 0.108867 
0.319867 404.000000 0.110133 
0.318100 457.000000 0.108167 
0.319000 430.000000 0.109400 
0.318833 435.000000 0.108433 
0.320100 397.000000 0.110567 
0.318567 443.000000 0.109433 
0.318867 434.000000 0.108867 
0.318800 436.000000 0.108533 
0.318600 442.000000 0.108467 
0.318833 435.000000 0.109100 
0.319067 428.000000 0.109600 
0.319433 417.000000 0.110167 
0.319267 422.000000 0.109333 
0.319433 417.000000 0.109633 
0.319800 406.000000 0.110267 
0.319500 415.000000 0.109700 
0.319300 421.000000 0.109700 
0.318933 432.000000 0.109133 
0.319400 418.000000 0.110333 
0.319533 414.000000 0.109933 
0.318433 447.000000 0.108967 
0.319200 424.000000 0.110133 
0.319067 428.000000 0.109533 
0.318567 443.000000 0.109033 
0.319233 423.000000 0.109767 
0.319200 424.000000 0.110067 
0.319367 419.000000 0.109633 
0.318700 439.000000 0.108900 
0.319033 429.000000 0.109500 
0.320333 390.000000 0.111133 
0.318367 449.000000 0.108633 
0.318767 437.000000 0.109033 
0.318233 453.000000 0.108500 
0.319567 413.000000 0.109567 
0.319400 418.000000 0.109733 
0.319333 420.000000 0.109933 
0.318733 438.000000 0.109333 
0.318900 433.000000 0.108767 
0.319367 419.000000 0.110167 
0.319233 423.000000 0.108967 
0.318200 454.000000 0.108133 
0.319333 420.000000 0.110000 
0.319067 428.000000 0.109533 
0.319300 421.000000 0.110033 
0.318533 444.000000 0.108933 
0.317733 468.000000 0.107933 
0.319467 416.000000 0.109733 
0.318800 436.000000 0.108933 
0.318200 454.000000 0.108267 
0.318300 451.000000 0.109167 
0.318433 447.000000 0.108967 
0.319200 424.000000 0.109867 
0.319467 416.000000 0.110200 
0.319500 415.000000 0.109900 
0.318367 449.000000 0.108500 
0.318133 456.000000 0.108533 
0.319533 414.000000 0.110067 
0.319467 416.000000 0.110000 
0.319500 415.000000 0.110033 
0.319533 414.000000 0.109933 
0.319300 421.000000 0.109967 
0.318000 460.000000 0.108533 
0.318367 449.000000 0.108900 
0.319467 416.000000 0.110067 
0.319500 415.000000 0.110300 
0.319700 409.000000 0.109967 
0.318267 452.000000 0.108600 
0.318900 433.000000 0.109700 
0.319300 421.000000 0.109767 
0.318900 433.000000 0.109167 
0.318800 436.000000 0.109333 
0.319000 430.000000 0.109533 
0.318633 441.000000 0.108967 
0.318767 437.000000 0.108967 
0.318933 432.000000 0.108867 
0.319167 425.000000 0.109033 
0.319233 423.000000 0.109433 
0.318967 431.000000 0.109033 
0.319300 421.000000 0.109700 
0.317967 461.000000 0.108033 
0.319133 426.000000 0.109333 
0.318167 455.000000 0.108367 
0.318567 443.000000 0.109033 
0.319233 423.000000 0.109100 
0.319233 423.000000 0.109833 
0.319033 429.000000 0.109567 
0.318833 435.000000 0.108967 
0.319133 426.000000 0.109800 
0.318033 459.000000 0.107833 
0.318367 449.000000 0.108633 
0.318133 456.000000 0.109067 
0.318700 439.000000 0.108767 
0.319767 407.000000 0.110433 
0.318300 451.000000 0.108967 
0.318467 446.000000 0.108333 
0.318567 443.000000 0.108767 
0.319800 406.000000 0.110400 
0.319133 426.000000 0.109867 
0.318733 438.000000 0.108600 
0.319200 424.000000 0.109600 
0.318767 437.000000 0.108900 
0.318000 460.000000 0.108133 
0.318700 439.000000 0.109367 
0.318300 451.000000 0.108633 
0.318633 441.000000 0.108833 
0.318633 441.000000 0.108500 
0.318800 436.000000 0.109067 
0.318933 432.000000 0.109267 
0.318900 433.000000 0.109367 
0.319167 425.000000 0.109300 
0.318900 433.000000 0.109233 
0.319533 414.000000 0.109667 
0.319167 425.000000 0.108967 
0.319367 419.000000 0.109900 
0.319067 428.000000 0.109133 
0.318633 441.000000 0.108633 
0.319067 428.000000 0.109267 
0.319500 415.000000 0.110300 
0.319167 425.000000 0.109567 
0.318233 453.000000 0.108967 
0.319333 420.000000 0.110067 
0.318667 440.000000 0.108467 
0.319733 408.000000 0.110600 
0.319667 410.000000 0.109867 
0.318233 453.000000 0.108367 
0.319933 402.000000 0.110400 
0.319033 429.000000 0.109033 
0.319100 427.000000 0.109500 
0.318367 449.000000 0.109367 
0.318567 443.000000 0.109167 
0.318433 447.000000 0.108367 
0.318667 440.000000 0.109533 
0.319433 417.000000 0.110500 
0.319467 416.000000 0.110067 
0.318933 432.000000 0.109867 
0.318700 439.000000 0.109100 
0.318700 439.000000 0.109100 
0.319167 425.000000 0.109633 
0.319333 420.000000 0.109733 
0.319433 417.000000 0.109967 
0.319233 423.000000 0.110233 
0.319633 411.000000 0.109633 
0.319067 428.000000 0.109800 
0.319133 426.000000 0.109667 
0.318900 433.000000 0.109033 
0.318833 435.000000 0.109567 
0.318133 456.000000 0.108600 
0.319333 420.000000 0.109667 
0.319000 430.000000 0.109067 
0.319167 425.000000 0.109567 
0.319800 406.000000 0.110533 
0.318800 436.000000 0.109333 
0.318933 432.000000 0.108733 
0.319433 417.000000 0.109300 
0.318933 432.000000 0.109467 
0.319567 413.000000 0.109767 
0.318267 452.000000 0.108867 
0.318867 434.000000 0.109000 
0.319433 417.000000 0.109767 
0.319267 422.000000 0.109333 
0.318800 436.000000 0.109267 
0.318800 436.000000 0.109600 
0.318733 438.000000 0.109067 
0.319133 426.000000 0.109533 
0.318767 437.000000 0.108900 
0.318500 445.000000 0.109167 
0.318967 431.000000 0.109100 
0.318567 443.000000 0.108700 
0.317633 471.000000 0.107833 
0.320067 398.000000 0.110933 
0.319233 423.000000 0.109767 
0.319200 424.000000 0.109733 
0.318933 432.000000 0.109200 
0.319400 418.000000 0.109800 
0.319067 428.000000 0.109667 
0.318667 440.000000 0.109067 
0.319500 415.000000 0.109967 
0.319667 410.000000 0.109933 
0.319133 426.000000 0.109400 
0.318700 439.000000 0.109233 
0.318233 453.000000 0.108367 
0.319467 416.000000 0.109733 
0.319300 421.000000 0.109833 
0.318500 445.000000 0.108900 
0.318267 452.000000 0.108867 
0.318200 454.000000 0.108667 
0.318767 437.000000 0.108967 
0.320133 396.000000 0.110400 
0.318700 439.000000 0.109100 
0.317433 477.000000 0.107967 
0.319000 430.000000 0.109400 
0.319467 416.000000 0.109933 
0.319433 417.000000 0.109567 
0.319233 423.000000 0.109567 
0.319833 405.000000 0.110233 
0.318167 455.000000 0.108633 
0.319467 416.000000 0.110200 
0.318833 435.000000 0.108900 
0.319567 413.000000 0.110167 
0.319833 405.000000 0.110500 
0.320167 395.000000 0.110500 
0.319100 427.000000 0.109100 
0.318567 443.000000 0.108567 
0.318667 440.000000 0.109133 
0.319800 406.000000 0.110600 
0.318467 446.000000 0.108667 
0.319067 428.000000 0.109267 
0.319367 419.000000 0.109633 
0.318067 458.000000 0.108600 
0.319233 423.000000 0.110167 
0.318900 433.000000 0.109433 
0.319000 430.000000 0.109667 
0.319800 406.000000 0.109867 
0.319433 417.000000 0.109967 
0.320000 400.000000 0.110133 
0.319067 428.000000 0.109200 
0.319033 429.000000 0.109033 
0.319167 425.000000 0.109900 
0.318967 431.000000 0.109433 
0.318800 436.000000 0.109067 
0.318433 447.000000 0.108567 
0.318900 433.000000 0.109100 
0.319267 422.000000 0.109467 
0.318133 456.000000 0.108533 
0.319100 427.000000 0.109500 
0.319133 426.000000 0.109933 
0.318467 446.000000 0.108867 
0.319000 430.000000 0.109333 
0.319233 423.000000 0.109700 
0.318800 436.000000 0.109467 
0.318867 434.000000 0.108800 
0.318800 436.000000 0.108733 
0.318233 453.000000 0.108433 
0.319500 415.000000 0.110033 
0.318700 439.000000 0.109433 
0.318767 437.000000 0.108900 
0.318133 456.000000 0.108733 
0.318167 455.000000 0.107833 
0.319100 427.000000 0.109967 
0.318267 452.000000 0.108267 
0.318967 431.000000 0.108767 
0.319900 403.000000 0.110367 
0.319333 420.000000 0.109467 
0.318333 450.000000 0.108467 
0.319033 429.000000 0.109100 
0.318867 434.000000 0.108800 
0.318600 442.000000 0.108867 
0.318733 438.000000 0.109200 
0.319300 421.000000 0.109500 
0.318267 452.000000 0.109067 
0.319100 427.000000 0.109567 
0.320033 399.000000 0.110367 
0.318833 435.000000 0.109033 
0.317900 463.000000 0.108300 
0.319067 428.000000 0.109067 
0.319967 401.000000 0.110100 
0.319200 424.000000 0.109733 
0.319100 427.000000 0.109633 
0.319300 421.000000 0.109700 
0.318567 443.000000 0.108567 
0.318467 446.000000 0.108000 
0.318833 435.000000 0.108900 
0.319767 407.000000 0.109367 
0.319533 414.000000 0.110067 
0.318600 442.000000 0.109267 
0.318733 438.000000 0.109067 
0.319000 430.000000 0.108800 
0.318400 448.000000 0.109067 
0.318467 446.000000 0.108600 
0.318600 442.000000 0.108867 
0.319233 423.000000 0.110100 
0.318867 434.000000 0.108600 
0.319800 406.000000 0.110067 
0.319333 420.000000 0.109800 
0.319600 412.000000 0.110133 
0.319200 424.000000 0.109533 
0.319800 406.000000 0.109867 
0.318500 445.000000 0.108700 
0.319567 413.000000 0.109833 
0.318967 431.000000 0.109633 
0.319067 428.000000 0.109267 
0.319067 428.000000 0.109467 
0.319800 406.000000 0.110067 
0.318933 432.000000 0.109533 
0.318667 440.000000 0.108733 
0.318000 460.000000 0.108267 
0.318500 445.000000 0.109233 
0.319900 403.000000 0.110767 
0.318967 431.000000 0.109033 
0.318267 452.000000 0.108933 
0.318833 435.000000 0.109233 
0.320100 397.000000 0.110567 
0.319033 429.000000 0.109433 
0.320133 396.000000 0.110533 
0.318900 433.000000 0.109767 
0.318567 443.000000 0.109233 
0.318967 431.000000 0.109367 
0.318767 437.000000 0.108767 
0.319500 415.000000 0.110167 
0.319200 424.000000 0.109267 
0.318667 440.000000 0.109400 
0.319433 417.000000 0.109567 
0.318967 431.000000 0.109300 
0.319067 428.000000 0.109400 
0.318300 451.000000 0.108433 
0.318833 435.000000 0.108967 
0.319400 418.000000 0.109533 
0.319067 428.000000 0.109000 
0.318467 446.000000 0.108933 
0.318400 448.000000 0.108667 
0.318900 433.000000 0.109567 
0.319100 427.000000 0.109500 
0.319067 428.000000 0.109333 
0.318167 455.000000 0.108767 
0.318167 455.000000 0.108300 
0.319000 430.000000 0.109200 
0.318267 452.000000 0.108533 
0.318833 435.000000 0.109567 
0.319467 416.000000 0.109667 
0.319167 425.000000 0.109500 
0.319067 428.000000 0.109867 
0.319633 411.000000 0.110367 
0.319200 424.000000 0.109733 
0.319167 425.000000 0.109633 
0.319467 416.000000 0.110000 
0.319033 429.000000 0.109300 
0.319800 406.000000 0.110267 
0.319200 424.000000 0.109400 
0.319000 430.000000 0.109133 
0.318467 446.000000 0.109400 
0.319633 411.000000 0.110500 
0.319167 425.000000 0.109300 
0.318533 444.000000 0.109067 
0.318667 440.000000 0.108867 
0.319067 428.000000 0.108733 
0.318433 447.000000 0.108433 
0.318267 452.000000 0.108467 
0.318933 432.000000 0.109067 
0.318000 460.000000 0.108400 
0.318933 432.000000 0.109467 
0.319400 418.000000 0.109733 
0.319667 410.000000 0.110000 
0.318767 437.000000 0.109167 
0.319333 420.000000 0.110000 
0.319900 403.000000 0.110300 
0.317933 462.000000 0.108400 
0.318600 442.000000 0.108933 
0.319233 423.000000 0.109300 
0.318300 451.000000 0.108900 
0.319933 402.000000 0.109933 
0.319267 422.000000 0.109533 
0.318267 452.000000 0.108933 
0.319800 406.000000 0.110467 
0.318667 440.000000 0.108533 
0.318800 436.000000 0.109333 
0.318200 454.000000 0.108533 
0.318467 446.000000 0.109267 
0.319067 428.000000 0.109867 
0.318667 440.000000 0.108800 
0.318733 438.000000 0.109133 
0.318767 437.000000 0.109367 
0.319567 413.000000 0.109900 
0.318100 457.000000 0.108300 
0.318833 435.000000 0.108500 
0.318733 438.000000 0.109467 
0.319100 427.000000 0.109300 
0.318733 438.000000 0.108933 
0.318233 453.000000 0.109233 
0.318867 434.000000 0.109333 
0.319067 428.000000 0.109333 
0.319233 423.000000 0.109567 
0.318933 432.000000 0.109467 
0.318933 432.000000 0.109533 
0.318700 439.000000 0.108900 
0.318933 432.000000 0.109133 
0.319100 427.000000 0.109633 
0.319400 418.000000 0.110067 
0.318567 443.000000 0.108900 
0.318667 440.000000 0.109267 
0.319000 430.000000 0.109200 
0.318733 438.000000 0.109400 
0.318733 438.000000 0.109400 
0.319333 420.000000 0.110200 
0.320200 394.000000 0.110333 
0.319533 414.000000 0.109733 
0.318033 459.000000 0.108367 
0.319800 406.000000 0.109933 
0.318633 441.000000 0.109300 
0.318700 439.000000 0.108433 
0.318800 436.000000 0.108733 
0.318800 436.000000 0.109133 
0.319933 402.000000 0.111000 
0.319367 419.000000 0.109700 
0.318300 451.000000 0.107967 
0.319100 427.000000 0.109500 
0.319400 418.000000 0.109867 
0.318933 432.000000 0.109467 
0.318233 453.000000 0.108500 
0.318700 439.000000 0.109300 
0.319367 419.000000 0.109833 
0.318500 445.000000 0.108767 
0.318967 431.000000 0.109833 
0.319533 414.000000 0.109533 
0.319033 429.000000 0.108900 
0.319600 412.000000 0.109667 
0.318733 438.000000 0.109467 
0.318933 432.000000 0.109400 
0.318833 435.000000 0.109033 
0.319267 422.000000 0.109800 
0.318900 433.000000 0.109433 
0.319133 426.000000 0.109133 
0.319233 423.000000 0.109900 
0.319167 425.000000 0.109500 
0.319867 404.000000 0.110667 
0.319467 416.000000 0.109800 
0.319533 414.000000 0.109600 
0.319133 426.000000 0.109200 
0.319300 421.000000 0.110033 
0.318800 436.000000 0.109133 
0.320133 396.000000 0.111267 
0.318400 448.000000 0.108667 
0.319000 430.000000 0.109200 
0.318833 435.000000 0.109233 
0.318267 452.000000 0.108600 
0.319100 427.000000 0.109833 
0.320100 397.000000 0.110433 
0.318367 449.000000 0.108633 
0.319433 417.000000 0.109567 
0.319633 411.000000 0.110167 
0.318433 447.000000 0.108900 
0.319267 422.000000 0.109733 
0.319300 421.000000 0.109567 
0.319200 424.000000 0.109733 
0.318433 447.000000 0.108767 
0.319733 408.000000 0.110333 
0.317333 480.000000 0.107467 
0.318700 439.000000 0.109033 
0.319067 428.000000 0.109667 
0.319267 422.000000 0.110000 
0.319700 409.000000 0.110300 
0.319200 424.000000 0.109667 
0.318900 433.000000 0.109100 
0.319433 417.000000 0.109300 
0.320000 400.000000 0.110467 
0.319933 402.000000 0.110267 
0.319700 409.000000 0.110233 
0.318167 455.000000 0.108433 
0.319033 429.000000 0.109033 
0.319100 427.000000 0.109300 
0.318933 432.000000 0.108600 
0.318800 436.000000 0.108467 
0.318033 459.000000 0.108567 
0.318633 441.000000 0.108900 
0.318300 451.000000 0.108767 
0.320033 399.000000 0.110700 
0.318467 446.000000 0.108733 
0.318700 439.000000 0.109167 
0.319033 429.000000 0.109700 
0.319100 427.000000 0.109767 
0.320167 395.000000 0.110167 
0.318733 438.000000 0.109200 
0.319133 426.000000 0.109667 
0.318800 436.000000 0.109067 
0.318800 436.000000 0.108733 
0.319767 407.000000 0.109767 
0.319333 420.000000 0.109533 
0.318633 441.000000 0.109300 
0.319100 427.000000 0.109300 
0.319533 414.000000 0.109733 
0.318633 441.000000 0.108900 
0.319200 424.000000 0.109333 
0.318867 434.000000 0.109733 
0.318333 450.000000 0.109200 
0.318500 445.000000 0.108767 
0.319133 426.000000 0.109533 
0.319133 426.000000 0.108800 
0.319333 420.000000 0.110067 
0.320133 396.000000 0.110800 
0.318700 439.000000 0.109367 
0.318500 445.000000 0.108567 
0.319000 430.000000 0.109067 
0.319800 406.000000 0.110267 
0.318467 446.000000 0.109000 
0.319700 409.000000 0.109967 
0.319333 420.000000 0.109800 
0.318767 437.000000 0.109033 
0.318300 451.000000 0.108767 
0.319467 416.000000 0.110000 
0.318433 447.000000 0.108367 
0.319933 402.000000 0.110200 
0.318900 433.000000 0.109833 
0.319267 422.000000 0.109467 
0.317967 461.000000 0.108567 
0.319033 429.000000 0.109433 
0.318133 456.000000 0.108067 
0.319133 426.000000 0.109600 
0.318300 451.000000 0.108633 
0.319400 418.000000 0.109333 
0.320067 398.000000 0.110600 
0.318767 437.000000 0.108767 
0.318367 449.000000 0.108500 
0.318167 455.000000 0.108500 
0.319800 406.000000 0.110333 
0.318600 442.000000 0.109400 
0.318900 433.000000 0.109633 
0.319233 423.000000 0.109833 
0.318833 435.000000 0.108833 
0.319467 416.000000 0.110333 
0.319400 418.000000 0.109667 
0.318767 437.000000 0.108967 
0.318733 438.000000 0.109067 
0.318667 440.000000 0.108867 
0.317767 467.000000 0.107567 
0.318900 433.000000 0.109567 
0.319000 430.000000 0.109867 
0.319100 427.000000 0.109700 
0.317767 467.000000 0.108033 
0.319600 412.000000 0.109667 
0.318933 432.000000 0.109467 
0.319600 412.000000 0.109533 
0.319467 416.000000 0.109867 
0.318733 438.000000 0.108600 
0.318700 439.000000 0.108700 
0.318867 434.000000 0.108800 
0.319000 430.000000 0.109800 
0.318600 442.000000 0.109467 
0.318533 444.000000 0.108467 
0.320300 391.000000 0.111033 
0.318767 437.000000 0.109633 
0.319100 427.000000 0.109100 
0.319667 410.000000 0.110067 
0.319733 408.000000 0.110467 
0.318833 435.000000 0.109033 
0.318967 431.000000 0.109367 
0.318500 445.000000 0.109033 
0.318533 444.000000 0.109133 
0.319400 418.000000 0.109600 
0.318967 431.000000 0.109367 
0.319267 422.000000 0.110200 
0.319500 415.000000 0.109700 
0.318233 453.000000 0.108633 
0.319567 413.000000 0.110033 
0.319033 429.000000 0.109167 
0.319000 430.000000 0.109200 
0.319233 423.000000 0.109367 
0.319033 429.000000 0.109433 
0.318767 437.000000 0.109300 
0.319767 407.000000 0.109833 
0.319333 420.000000 0.109667 
0.317933 462.000000 0.107867 
0.319867 404.000000 0.110467 
0.318667 440.000000 0.108800 
0.318900 433.000000 0.109100 
0.319133 426.000000 0.109600 
0.319133 426.000000 0.109867 
0.319133 426.000000 0.109400 
0.317233 483.000000 0.107700 
0.319533 414.000000 0.110133 
0.319267 422.000000 0.109533 
0.319100 427.000000 0.109567 
0.319033 429.000000 0.108967 
0.318600 442.000000 0.109067 
0.318300 451.000000 0.108167 
0.318967 431.000000 0.110233 
0.319833 405.000000 0.110633 
0.319000 430.000000 0.108667 
0.319233 423.000000 0.109700 
0.318700 439.000000 0.109033 
0.319500 415.000000 0.109567 
0.318500 445.000000 0.108633 
0.319033 429.000000 0.109633 
0.319233 423.000000 0.109567 
0.319933 402.000000 0.110333 
0.318433 447.000000 0.108633 
0.319167 425.000000 0.109700 
0.318433 447.000000 0.108433 
0.319500 415.000000 0.110033 
0.319733 408.000000 0.110467 
0.319867 404.000000 0.110200 
0.318633 441.000000 0.109100 
0.319267 422.000000 0.109133 
0.317667 470.000000 0.107733 
0.318233 453.000000 0.108367 
0.318367 449.000000 0.109100 
0.318667 440.000000 0.109000 
0.319433 417.000000 0.109233 
0.318700 439.000000 0.109233 
0.319167 425.000000 0.109633 
0.319367 419.000000 0.110033 
0.318867 434.000000 0.109800 
0.318767 437.000000 0.109233 
0.318867 434.000000 0.109400 
0.318433 447.000000 0.108633 
0.319200 424.000000 0.109933 
0.319067 428.000000 0.109000 
0.319800 406.000000 0.109333 
0.319400 418.000000 0.109600 
0.318200 454.000000 0.107933 
0.318633 441.000000 0.109033 
0.318633 441.000000 0.109033 
0.319500 415.000000 0.109833 
0.319967 401.000000 0.110367 
0.318267 452.000000 0.108600 
0.317900 463.000000 0.108567 
0.319167 425.000000 0.109500 
0.318700 439.000000 0.108567 
0.319733 408.000000 0.110200 
0.319533 414.000000 0.110133 
0.320000 400.000000 0.110467 
0.318300 451.000000 0.108633 
0.318467 446.000000 0.108733 
0.318700 439.000000 0.108633 
0.319100 427.000000 0.109967 
0.318200 454.000000 0.108333 
0.319300 421.000000 0.109500 
0.318867 434.000000 0.109200 
0.317567 473.000000 0.107833 
0.319433 417.000000 0.110300 
0.318533 444.000000 0.109067 
0.320367 389.000000 0.111100 
0.319233 423.000000 0.109167 
0.319200 424.000000 0.109933 
0.319200 424.000000 0.109267 
0.318967 431.000000 0.109833 
0.319133 426.000000 0.109533 
0.319500 415.000000 0.110367 
0.318833 435.000000 0.109767 
0.319500 415.000000 0.110033 
0.318133 456.000000 0.108800 
0.319100 427.000000 0.109300 
0.318133 456.000000 0.108400 
0.319900 403.000000 0.109967 
0.318733 438.000000 0.109467 
0.317767 467.000000 0.107633 
0.318233 453.000000 0.108167 
0.319467 416.000000 0.109400 
0.319033 429.000000 0.109633 
0.318367 449.000000 0.108633 
0.319400 418.000000 0.109667 
0.319067 428.000000 0.109400 
0.318633 441.000000 0.109167 
0.318400 448.000000 0.108400 
0.319533 414.000000 0.109067 
0.318600 442.000000 0.108867 
0.319233 423.000000 0.109300 
0.319400 418.000000 0.109267 
0.318033 459.000000 0.108167 
0.319400 418.000000 0.109267 
0.318600 442.000000 0.109333 
0.320267 392.000000 0.110667 
0.318233 453.000000 0.108367 
0.319100 427.000000 0.108700 
0.318400 448.000000 0.109067 
0.319267 422.000000 0.109333 
0.319067 428.000000 0.108600 
0.318833 435.000000 0.109967 
0.319267 422.000000 0.109800 
0.319267 422.000000 0.109333 
0.319467 416.000000 0.110000 
0.318967 431.000000 0.109767 
0.319567 413.000000 0.110033 
0.319567 413.000000 0.110367 
0.318633 441.000000 0.108900 
0.319333 420.000000 0.109400 
0.318933 432.000000 0.109200 
0.319567 413.000000 0.110367 
0.319233 423.000000 0.109767 
0.318467 446.000000 0.108600 
0.319567 413.000000 0.110167 
0.318500 445.000000 0.108767 
0.318900 433.000000 0.109833 
0.319400 418.000000 0.109933 
0.319133 426.000000 0.109667 
0.317500 475.000000 0.108033 
0.318633 441.000000 0.108967 
0.318167 455.000000 0.108900 
0.319000 430.000000 0.109467 
0.319733 408.000000 0.110200 
0.319133 426.000000 0.109200 
0.319533 414.000000 0.110133 
0.320867 374.000000 0.111267 
0.319033 429.000000 0.109500 
0.319467 416.000000 0.109933 
0.319833 405.000000 0.110033 
0.318833 435.000000 0.108567 
0.318900 433.000000 0.108833 
0.318533 444.000000 0.109000 
0.318800 436.000000 0.109067 
0.319300 421.000000 0.109633 
0.318533 444.000000 0.109067 
0.319267 422.000000 0.109067 
0.319100 427.000000 0.108633 
0.318733 438.000000 0.109733 
0.319333 420.000000 0.109667 
0.319167 425.000000 0.109900 
0.318900 433.000000 0.109300 
0.319667 410.000000 0.109800 
0.318933 432.000000 0.109133 
0.320933 372.000000 0.111267 
0.318233 453.000000 0.108633 
0.318567 443.000000 0.108833 
0.318467 446.000000 0.109133 
0.320033 399.000000 0.110567 
0.318900 433.000000 0.109567 
0.318867 434.000000 0.109333 
0.319667 410.000000 0.109933 
0.318867 434.000000 0.109333 
0.318767 437.000000 0.109300 
0.319300 421.000000 0.109500 
0.319833 405.000000 0.110500 
0.317800 466.000000 0.107867 
0.318900 433.000000 0.109233 
0.319233 423.000000 0.109767 
0.319567 413.000000 0.110167 
0.319400 418.000000 0.109733 
0.318633 441.000000 0.108967 
0.318967 431.000000 0.109633 
0.317867 464.000000 0.107533 
0.319300 421.000000 0.109833 
0.318567 443.000000 0.108833 
0.319533 414.000000 0.109533 
0.319133 426.000000 0.109533 
0.319667 410.000000 0.110333 
0.319733 408.000000 0.110133 
0.318733 438.000000 0.109333 
0.318967 431.000000 0.108633 
0.319433 417.000000 0.109767 
0.318800 436.000000 0.109267 
0.318733 438.000000 0.109333 
0.319467 416.000000 0.109867 
0.319133 426.000000 0.109400 
0.318800 436.000000 0.108800 
0.318700 439.000000 0.109300 
0.317833 465.000000 0.107967 
0.319533 414.000000 0.110067 
0.319967 401.000000 0.110100 
0.319433 417.000000 0.109633 
0.318267 452.000000 0.108800 
0.318967 431.000000 0.109033 
0.318700 439.000000 0.109033 
0.319633 411.000000 0.110567 
0.319167 425.000000 0.109767 
0.319833 405.000000 0.109833 
0.318667 440.000000 0.108867 
0.317433 477.000000 0.108167 
0.318733 438.000000 0.109667 
0.319133 426.000000 0.109533 
0.319033 429.000000 0.109367 
0.318700 439.000000 0.108500 
0.319400 418.000000 0.109600 
0.319200 424.000000 0.109667 
0.318900 433.000000 0.109500 
0.319200 424.000000 0.110067 
0.318467 446.000000 0.109067 
0.318900 433.000000 0.109300 
0.318733 438.000000 0.109133 
0.317867 464.000000 0.108267 
0.319200 424.000000 0.109800 
