0.797571 500.000000 0.202429 
0.799190 496.000000 0.200810 
0.795142 506.000000 0.204858 
0.797166 501.000000 0.202834 
0.795547 505.000000 0.204453 
0.797976 499.000000 0.202024 
0.797166 501.000000 0.202834 
0.795142 506.000000 0.204858 
0.794737 507.000000 0.205263 
0.797976 499.000000 0.202024 
0.797571 500.000000 0.202429 
0.801619 490.000000 0.198381 
0.797976 499.000000 0.202024 
0.800000 494.000000 0.200000 
0.795142 506.000000 0.204858 
0.798381 498.000000 0.201619 
0.797571 500.000000 0.202429 
0.797976 499.000000 0.202024 
0.795951 504.000000 0.204049 
0.796761 502.000000 0.203239 
0.793927 509.000000 0.206073 
0.800000 494.000000 0.200000 
0.801215 491.000000 0.198785 
0.796761 502.000000 0.203239 
0.793927 509.000000 0.206073 
0.795547 505.000000 0.204453 
0.797571 500.000000 0.202429 
0.800405 493.000000 0.199595 
0.796761 502.000000 0.203239 
0.797976 499.000000 0.202024 
0.797571 500.000000 0.202429 
0.797976 499.000000 0.202024 
0.801619 490.000000 0.198381 
0.800405 493.000000 0.199595 
0.798785 497.000000 0.201215 
0.795142 506.000000 0.204858 
0.797571 500.000000 0.202429 
0.797976 499.000000 0.202024 
0.795951 504.000000 0.204049 
0.797166 501.000000 0.202834 
0.797571 500.000000 0.202429 
0.797166 501.000000 0.202834 
0.799595 495.000000 0.200405 
0.801619 490.000000 0.198381 
0.795951 504.000000 0.204049 
0.796761 502.000000 0.203239 
0.798785 497.000000 0.201215 
0.797976 499.000000 0.202024 
0.794332 508.000000 0.205668 
0.801215 491.000000 0.198785 
0.795547 505.000000 0.204453 
0.800810 492.000000 0.199190 
0.795951 504.000000 0.204049 
0.796761 502.000000 0.203239 
0.795951 504.000000 0.204049 
0.796761 502.000000 0.203239 
0.797976 499.000000 0.202024 
0.799190 496.000000 0.200810 
0.796761 502.000000 0.203239 
0.800405 493.000000 0.199595 
0.796356 503.000000 0.203644 
0.797976 499.000000 0.202024 
0.798785 497.000000 0.201215 
0.802024 489.000000 0.197976 
0.797166 501.000000 0.202834 
0.795951 504.000000 0.204049 
0.797976 499.000000 0.202024 
0.796761 502.000000 0.203239 
0.799595 495.000000 0.200405 
0.797976 499.000000 0.202024 
0.797976 499.000000 0.202024 
0.796761 502.000000 0.203239 
0.797976 499.000000 0.202024 
0.798785 497.000000 0.201215 
0.799190 496.000000 0.200810 
0.799190 496.000000 0.200810 
0.795547 505.000000 0.204453 
0.796356 503.000000 0.203644 
0.796761 502.000000 0.203239 
0.793927 509.000000 0.206073 
0.801619 490.000000 0.198381 
0.797571 500.000000 0.202429 
0.796356 503.000000 0.203644 
0.796356 503.000000 0.203644 
0.794737 507.000000 0.205263 
0.797976 499.000000 0.202024 
0.795142 506.000000 0.204858 
0.795951 504.000000 0.204049 
0.794737 507.000000 0.205263 
0.797976 499.000000 0.202024 
0.797571 500.000000 0.202429 
0.798785 497.000000 0.201215 
0.797571 500.000000 0.202429 
0.797571 500.000000 0.202429 
0.799595 495.000000 0.200405 
0.796761 502.000000 0.203239 
0.794332 508.000000 0.205668 
0.798785 497.000000 0.201215 
0.797166 501.000000 0.202834 
0.797976 499.000000 0.202024 
0.799595 495.000000 0.200405 
0.798785 497.000000 0.201215 
0.795951 504.000000 0.204049 
0.797166 501.000000 0.202834 
0.799595 495.000000 0.200405 
0.800000 494.000000 0.200000 
0.800405 493.000000 0.199595 
0.798785 497.000000 0.201215 
0.799190 496.000000 0.200810 
0.800405 493.000000 0.199595 
0.800000 494.000000 0.200000 
0.796761 502.000000 0.203239 
0.799190 496.000000 0.200810 
0.798785 497.000000 0.201215 
0.796761 502.000000 0.203239 
0.795951 504.000000 0.204049 
0.797571 500.000000 0.202429 
0.800000 494.000000 0.200000 
0.797571 500.000000 0.202429 
0.798381 498.000000 0.201619 
0.800810 492.000000 0.199190 
0.795547 505.000000 0.204453 
0.797166 501.000000 0.202834 
0.798381 498.000000 0.201619 
0.795951 504.000000 0.204049 
0.798785 497.000000 0.201215 
0.797976 499.000000 0.202024 
0.797166 501.000000 0.202834 
0.797571 500.000000 0.202429 
0.795951 504.000000 0.204049 
0.797976 499.000000 0.202024 
0.801619 490.000000 0.198381 
0.797976 499.000000 0.202024 
0.796761 502.000000 0.203239 
0.797166 501.000000 0.202834 
0.797571 500.000000 0.202429 
0.795547 505.000000 0.204453 
0.799595 495.000000 0.200405 
0.800000 494.000000 0.200000 
0.795951 504.000000 0.204049 
0.801215 491.000000 0.198785 
0.795547 505.000000 0.204453 
0.797976 499.000000 0.202024 
0.797976 499.000000 0.202024 
0.795951 504.000000 0.204049 
0.796761 502.000000 0.203239 
0.795547 505.000000 0.204453 
0.797571 500.000000 0.202429 
0.796761 502.000000 0.203239 
0.797166 501.000000 0.202834 
0.797571 500.000000 0.202429 
0.797571 500.000000 0.202429 
0.795951 504.000000 0.204049 
0.798381 498.000000 0.201619 
0.797166 501.000000 0.202834 
0.796761 502.000000 0.203239 
0.797571 500.000000 0.202429 
0.798785 497.000000 0.201215 
0.798381 498.000000 0.201619 
0.796761 502.000000 0.203239 
0.799190 496.000000 0.200810 
0.796761 502.000000 0.203239 
0.800000 494.000000 0.200000 
0.800810 492.000000 0.199190 
0.798785 497.000000 0.201215 
0.796356 503.000000 0.203644 
0.796761 502.000000 0.203239 
0.795142 506.000000 0.204858 
0.796761 502.000000 0.203239 
0.796761 502.000000 0.203239 
0.796356 503.000000 0.203644 
0.799190 496.000000 0.200810 
0.801215 491.000000 0.198785 
0.796761 502.000000 0.203239 
0.798785 497.000000 0.201215 
0.797571 500.000000 0.202429 
0.795951 504.000000 0.204049 
0.797571 500.000000 0.202429 
0.798785 497.000000 0.201215 
0.798381 498.000000 0.201619 
0.793117 511.000000 0.206883 
0.797166 501.000000 0.202834 
0.801215 491.000000 0.198785 
0.795951 504.000000 0.204049 
0.796761 502.000000 0.203239 
0.795547 505.000000 0.204453 
0.801619 490.000000 0.198381 
0.794737 507.000000 0.205263 
0.798381 498.000000 0.201619 
0.797166 501.000000 0.202834 
0.801619 490.000000 0.198381 
0.797166 501.000000 0.202834 
0.798381 498.000000 0.201619 
0.798785 497.000000 0.201215 
0.795951 504.000000 0.204049 
0.797976 499.000000 0.202024 
0.797166 501.000000 0.202834 
0.799595 495.000000 0.200405 
0.799595 495.000000 0.200405 
0.795547 505.000000 0.204453 
0.796356 503.000000 0.203644 
0.798381 498.000000 0.201619 
0.797571 500.000000 0.202429 
0.797571 500.000000 0.202429 
0.800000 494.000000 0.200000 
0.797166 501.000000 0.202834 
0.795547 505.000000 0.204453 
0.798785 497.000000 0.201215 
0.797976 499.000000 0.202024 
0.800000 494.000000 0.200000 
0.796356 503.000000 0.203644 
0.800000 494.000000 0.200000 
0.797166 501.000000 0.202834 
0.797166 501.000000 0.202834 
0.796761 502.000000 0.203239 
0.800405 493.000000 0.199595 
0.796356 503.000000 0.203644 
0.797166 501.000000 0.202834 
0.797166 501.000000 0.202834 
0.797166 501.000000 0.202834 
0.800810 492.000000 0.199190 
0.796761 502.000000 0.203239 
0.798785 497.000000 0.201215 
0.797571 500.000000 0.202429 
0.796761 502.000000 0.203239 
0.800405 493.000000 0.199595 
0.802429 488.000000 0.197571 
0.798381 498.000000 0.201619 
0.796761 502.000000 0.203239 
0.798381 498.000000 0.201619 
0.798785 497.000000 0.201215 
0.797166 501.000000 0.202834 
0.800000 494.000000 0.200000 
0.801215 491.000000 0.198785 
0.800405 493.000000 0.199595 
0.795951 504.000000 0.204049 
0.798785 497.000000 0.201215 
0.796761 502.000000 0.203239 
0.800000 494.000000 0.200000 
0.797976 499.000000 0.202024 
0.797571 500.000000 0.202429 
0.799595 495.000000 0.200405 
0.798381 498.000000 0.201619 
0.797571 500.000000 0.202429 
0.796761 502.000000 0.203239 
0.800405 493.000000 0.199595 
0.798381 498.000000 0.201619 
0.796356 503.000000 0.203644 
0.794737 507.000000 0.205263 
0.797166 501.000000 0.202834 
0.801215 491.000000 0.198785 
0.794737 507.000000 0.205263 
0.799190 496.000000 0.200810 
0.797976 499.000000 0.202024 
0.798381 498.000000 0.201619 
0.795951 504.000000 0.204049 
0.794332 508.000000 0.205668 
0.799595 495.000000 0.200405 
0.795547 505.000000 0.204453 
0.795951 504.000000 0.204049 
0.798785 497.000000 0.201215 
0.799595 495.000000 0.200405 
0.797976 499.000000 0.202024 
0.795142 506.000000 0.204858 
0.796761 502.000000 0.203239 
0.794737 507.000000 0.205263 
0.796761 502.000000 0.203239 
0.796761 502.000000 0.203239 
0.797571 500.000000 0.202429 
0.798785 497.000000 0.201215 
0.793927 509.000000 0.206073 
0.800405 493.000000 0.199595 
0.793927 509.000000 0.206073 
0.796761 502.000000 0.203239 
0.795951 504.000000 0.204049 
0.797571 500.000000 0.202429 
0.796356 503.000000 0.203644 
0.798381 498.000000 0.201619 
0.796356 503.000000 0.203644 
0.793927 509.000000 0.206073 
0.799595 495.000000 0.200405 
0.797166 501.000000 0.202834 
0.798785 497.000000 0.201215 
0.795951 504.000000 0.204049 
0.796356 503.000000 0.203644 
0.799190 496.000000 0.200810 
0.799190 496.000000 0.200810 
0.795951 504.000000 0.204049 
0.797976 499.000000 0.202024 
0.797166 501.000000 0.202834 
0.798381 498.000000 0.201619 
0.800810 492.000000 0.199190 
0.798785 497.000000 0.201215 
0.797976 499.000000 0.202024 
0.797571 500.000000 0.202429 
0.796356 503.000000 0.203644 
0.798381 498.000000 0.201619 
0.797976 499.000000 0.202024 
0.799190 496.000000 0.200810 
0.797166 501.000000 0.202834 
0.797166 501.000000 0.202834 
0.797571 500.000000 0.202429 
0.798785 497.000000 0.201215 
0.795547 505.000000 0.204453 
0.798381 498.000000 0.201619 
0.797571 500.000000 0.202429 
0.799190 496.000000 0.200810 
0.797976 499.000000 0.202024 
0.796356 503.000000 0.203644 
0.793927 509.000000 0.206073 
0.795951 504.000000 0.204049 
0.797571 500.000000 0.202429 
0.797571 500.000000 0.202429 
0.795547 505.000000 0.204453 
0.795951 504.000000 0.204049 
0.797166 501.000000 0.202834 
0.794332 508.000000 0.205668 
0.795951 504.000000 0.204049 
0.798785 497.000000 0.201215 
0.798381 498.000000 0.201619 
0.798785 497.000000 0.201215 
0.800405 493.000000 0.199595 
0.794332 508.000000 0.205668 
0.795142 506.000000 0.204858 
0.798381 498.000000 0.201619 
0.798785 497.000000 0.201215 
0.796761 502.000000 0.203239 
0.799595 495.000000 0.200405 
0.796761 502.000000 0.203239 
0.797976 499.000000 0.202024 
0.798785 497.000000 0.201215 
0.798381 498.000000 0.201619 
0.796356 503.000000 0.203644 
0.797976 499.000000 0.202024 
0.798785 497.000000 0.201215 
0.800000 494.000000 0.200000 
0.797571 500.000000 0.202429 
0.796356 503.000000 0.203644 
0.799190 496.000000 0.200810 
0.800810 492.000000 0.199190 
0.795547 505.000000 0.204453 
0.799190 496.000000 0.200810 
0.799595 495.000000 0.200405 
0.797976 499.000000 0.202024 
0.793927 509.000000 0.206073 
0.795951 504.000000 0.204049 
0.799190 496.000000 0.200810 
0.794332 508.000000 0.205668 
0.795951 504.000000 0.204049 
0.798381 498.000000 0.201619 
0.795547 505.000000 0.204453 
0.799190 496.000000 0.200810 
0.798785 497.000000 0.201215 
0.799595 495.000000 0.200405 
0.795951 504.000000 0.204049 
0.796761 502.000000 0.203239 
0.796356 503.000000 0.203644 
0.798381 498.000000 0.201619 
0.797976 499.000000 0.202024 
0.797571 500.000000 0.202429 
0.795547 505.000000 0.204453 
0.797976 499.000000 0.202024 
0.798785 497.000000 0.201215 
0.797571 500.000000 0.202429 
0.797166 501.000000 0.202834 
0.798785 497.000000 0.201215 
0.796356 503.000000 0.203644 
0.796761 502.000000 0.203239 
0.798381 498.000000 0.201619 
0.795547 505.000000 0.204453 
0.796761 502.000000 0.203239 
0.797166 501.000000 0.202834 
0.797571 500.000000 0.202429 
0.798785 497.000000 0.201215 
0.801215 491.000000 0.198785 
0.797976 499.000000 0.202024 
0.797166 501.000000 0.202834 
0.798381 498.000000 0.201619 
0.795951 504.000000 0.204049 
0.797976 499.000000 0.202024 
0.793117 511.000000 0.206883 
0.799190 496.000000 0.200810 
0.802024 489.000000 0.197976 
0.798381 498.000000 0.201619 
0.799190 496.000000 0.200810 
0.797571 500.000000 0.202429 
0.797571 500.000000 0.202429 
0.799595 495.000000 0.200405 
0.798785 497.000000 0.201215 
0.795951 504.000000 0.204049 
0.798785 497.000000 0.201215 
0.798785 497.000000 0.201215 
0.796761 502.000000 0.203239 
0.800405 493.000000 0.199595 
0.796761 502.000000 0.203239 
0.798381 498.000000 0.201619 
0.795547 505.000000 0.204453 
0.795547 505.000000 0.204453 
0.793522 510.000000 0.206478 
0.798381 498.000000 0.201619 
0.792713 512.000000 0.207287 
0.796761 502.000000 0.203239 
0.800000 494.000000 0.200000 
0.794737 507.000000 0.205263 
0.798785 497.000000 0.201215 
0.797976 499.000000 0.202024 
0.793117 511.000000 0.206883 
0.798381 498.000000 0.201619 
0.795142 506.000000 0.204858 
0.797166 501.000000 0.202834 
0.797976 499.000000 0.202024 
0.799595 495.000000 0.200405 
0.798381 498.000000 0.201619 
0.796761 502.000000 0.203239 
0.799190 496.000000 0.200810 
0.794737 507.000000 0.205263 
0.799595 495.000000 0.200405 
0.795547 505.000000 0.204453 
0.800000 494.000000 0.200000 
0.800405 493.000000 0.199595 
0.798381 498.000000 0.201619 
0.794737 507.000000 0.205263 
0.794737 507.000000 0.205263 
0.797166 501.000000 0.202834 
0.797976 499.000000 0.202024 
0.796761 502.000000 0.203239 
0.794737 507.000000 0.205263 
0.798785 497.000000 0.201215 
0.799190 496.000000 0.200810 
0.797976 499.000000 0.202024 
0.796356 503.000000 0.203644 
0.800405 493.000000 0.199595 
0.795951 504.000000 0.204049 
0.796761 502.000000 0.203239 
0.797571 500.000000 0.202429 
0.795951 504.000000 0.204049 
0.800810 492.000000 0.199190 
0.797976 499.000000 0.202024 
0.796356 503.000000 0.203644 
0.798381 498.000000 0.201619 
0.795547 505.000000 0.204453 
0.795547 505.000000 0.204453 
0.799190 496.000000 0.200810 
0.800405 493.000000 0.199595 
0.800405 493.000000 0.199595 
0.796356 503.000000 0.203644 
0.795547 505.000000 0.204453 
0.797571 500.000000 0.202429 
0.797571 500.000000 0.202429 
0.795547 505.000000 0.204453 
0.800000 494.000000 0.200000 
0.798785 497.000000 0.201215 
0.795951 504.000000 0.204049 
0.795547 505.000000 0.204453 
0.795951 504.000000 0.204049 
0.798381 498.000000 0.201619 
0.800000 494.000000 0.200000 
0.796356 503.000000 0.203644 
0.796356 503.000000 0.203644 
0.795142 506.000000 0.204858 
0.799190 496.000000 0.200810 
0.796356 503.000000 0.203644 
0.796356 503.000000 0.203644 
0.797976 499.000000 0.202024 
0.797976 499.000000 0.202024 
0.797571 500.000000 0.202429 
0.794737 507.000000 0.205263 
0.799190 496.000000 0.200810 
0.799595 495.000000 0.200405 
0.798381 498.000000 0.201619 
0.797976 499.000000 0.202024 
0.799190 496.000000 0.200810 
0.797976 499.000000 0.202024 
0.799190 496.000000 0.200810 
0.794737 507.000000 0.205263 
0.798381 498.000000 0.201619 
0.800810 492.000000 0.199190 
0.797976 499.000000 0.202024 
0.800810 492.000000 0.199190 
0.799595 495.000000 0.200405 
0.797976 499.000000 0.202024 
0.797976 499.000000 0.202024 
0.798381 498.000000 0.201619 
0.796356 503.000000 0.203644 
0.799595 495.000000 0.200405 
0.800405 493.000000 0.199595 
0.798381 498.000000 0.201619 
0.798785 497.000000 0.201215 
0.796356 503.000000 0.203644 
0.797166 501.000000 0.202834 
0.797571 500.000000 0.202429 
0.795547 505.000000 0.204453 
0.800000 494.000000 0.200000 
0.797976 499.000000 0.202024 
0.798381 498.000000 0.201619 
0.797166 501.000000 0.202834 
0.797166 501.000000 0.202834 
0.795142 506.000000 0.204858 
0.793522 510.000000 0.206478 
0.797571 500.000000 0.202429 
0.796761 502.000000 0.203239 
0.794737 507.000000 0.205263 
0.799190 496.000000 0.200810 
