5000.000000 0.500000 0.254467 
5000.000000 0.500000 0.251267 
5000.000000 0.500000 0.250667 
5000.000000 0.500000 0.248800 
5000.000000 0.500000 0.252467 
5000.000000 0.500000 0.252400 
5000.000000 0.500000 0.246600 
5000.000000 0.500000 0.251267 
5000.000000 0.500000 0.251200 
5000.000000 0.500000 0.249467 
5000.000000 0.500000 0.248800 
5000.000000 0.500000 0.251467 
5000.000000 0.500000 0.252133 
5000.000000 0.500000 0.245933 
5000.000000 0.500000 0.249333 
5000.000000 0.500000 0.249133 
5000.000000 0.500000 0.249333 
5000.000000 0.500000 0.248933 
5000.000000 0.500000 0.251933 
5000.000000 0.500000 0.250400 
5000.000000 0.500000 0.248600 
5000.000000 0.500000 0.246800 
5000.000000 0.500000 0.250133 
5000.000000 0.500000 0.250867 
5000.000000 0.500000 0.253267 
5000.000000 0.500000 0.248733 
5000.000000 0.500000 0.247933 
5000.000000 0.500000 0.248467 
5000.000000 0.500000 0.249067 
5000.000000 0.500000 0.251133 
5000.000000 0.500000 0.249600 
5000.000000 0.500000 0.249600 
5000.000000 0.500000 0.247933 
5000.000000 0.500000 0.250467 
5000.000000 0.500000 0.250733 
5000.000000 0.500000 0.251867 
5000.000000 0.500000 0.248867 
5000.000000 0.500000 0.250333 
5000.000000 0.500000 0.253333 
5000.000000 0.500000 0.251933 
5000.000000 0.500000 0.249333 
5000.000000 0.500000 0.250000 
5000.000000 0.500000 0.251133 
5000.000000 0.500000 0.250267 
5000.000000 0.500000 0.248800 
5000.000000 0.500000 0.252133 
5000.000000 0.500000 0.251200 
5000.000000 0.500000 0.248733 
5000.000000 0.500000 0.250400 
5000.000000 0.500000 0.249400 
5000.000000 0.500000 0.252800 
5000.000000 0.500000 0.249667 
5000.000000 0.500000 0.249867 
5000.000000 0.500000 0.253333 
5000.000000 0.500000 0.248400 
5000.000000 0.500000 0.248067 
5000.000000 0.500000 0.251067 
5000.000000 0.500000 0.250467 
5000.000000 0.500000 0.251133 
5000.000000 0.500000 0.245333 
5000.000000 0.500000 0.248533 
5000.000000 0.500000 0.251200 
5000.000000 0.500000 0.245800 
5000.000000 0.500000 0.250267 
5000.000000 0.500000 0.247600 
5000.000000 0.500000 0.249600 
5000.000000 0.500000 0.248467 
5000.000000 0.500000 0.253133 
5000.000000 0.500000 0.249533 
5000.000000 0.500000 0.250333 
5000.000000 0.500000 0.250000 
5000.000000 0.500000 0.250333 
5000.000000 0.500000 0.251400 
5000.000000 0.500000 0.248333 
5000.000000 0.500000 0.251600 
5000.000000 0.500000 0.250800 
5000.000000 0.500000 0.249067 
5000.000000 0.500000 0.250800 
5000.000000 0.500000 0.251667 
5000.000000 0.500000 0.246933 
5000.000000 0.500000 0.247733 
5000.000000 0.500000 0.253000 
5000.000000 0.500000 0.251533 
5000.000000 0.500000 0.250133 
5000.000000 0.500000 0.247800 
5000.000000 0.500000 0.251600 
5000.000000 0.500000 0.251000 
5000.000000 0.500000 0.252400 
5000.000000 0.500000 0.248800 
5000.000000 0.500000 0.248200 
5000.000000 0.500000 0.249133 
5000.000000 0.500000 0.251333 
5000.000000 0.500000 0.250200 
5000.000000 0.500000 0.247467 
5000.000000 0.500000 0.250400 
5000.000000 0.500000 0.253267 
5000.000000 0.500000 0.251867 
5000.000000 0.500000 0.248600 
5000.000000 0.500000 0.248400 
5000.000000 0.500000 0.246533 
5000.000000 0.500000 0.246467 
5000.000000 0.500000 0.252600 
5000.000000 0.500000 0.248600 
5000.000000 0.500000 0.249800 
5000.000000 0.500000 0.251267 
5000.000000 0.500000 0.251600 
5000.000000 0.500000 0.248200 
5000.000000 0.500000 0.248933 
5000.000000 0.500000 0.249333 
5000.000000 0.500000 0.248600 
5000.000000 0.500000 0.248267 
5000.000000 0.500000 0.249600 
5000.000000 0.500000 0.253200 
5000.000000 0.500000 0.251600 
5000.000000 0.500000 0.253000 
5000.000000 0.500000 0.254200 
5000.000000 0.500000 0.248667 
5000.000000 0.500000 0.250067 
5000.000000 0.500000 0.250600 
5000.000000 0.500000 0.250467 
5000.000000 0.500000 0.250000 
5000.000000 0.500000 0.249133 
5000.000000 0.500000 0.250600 
5000.000000 0.500000 0.249800 
5000.000000 0.500000 0.248733 
5000.000000 0.500000 0.250267 
5000.000000 0.500000 0.249600 
5000.000000 0.500000 0.250333 
5000.000000 0.500000 0.248067 
5000.000000 0.500000 0.248200 
5000.000000 0.500000 0.248533 
5000.000000 0.500000 0.248933 
5000.000000 0.500000 0.250000 
5000.000000 0.500000 0.248867 
5000.000000 0.500000 0.249600 
5000.000000 0.500000 0.249000 
5000.000000 0.500000 0.251600 
5000.000000 0.500000 0.247933 
5000.000000 0.500000 0.252000 
5000.000000 0.500000 0.249733 
5000.000000 0.500000 0.251667 
5000.000000 0.500000 0.253400 
5000.000000 0.500000 0.250000 
5000.000000 0.500000 0.248200 
5000.000000 0.500000 0.250467 
5000.000000 0.500000 0.248933 
5000.000000 0.500000 0.248533 
5000.000000 0.500000 0.252333 
5000.000000 0.500000 0.249267 
5000.000000 0.500000 0.249533 
5000.000000 0.500000 0.247867 
5000.000000 0.500000 0.250133 
5000.000000 0.500000 0.251267 
5000.000000 0.500000 0.250733 
5000.000000 0.500000 0.247800 
5000.000000 0.500000 0.251533 
5000.000000 0.500000 0.249533 
5000.000000 0.500000 0.247733 
5000.000000 0.500000 0.251000 
5000.000000 0.500000 0.248867 
5000.000000 0.500000 0.250333 
5000.000000 0.500000 0.250133 
5000.000000 0.500000 0.251333 
5000.000000 0.500000 0.250600 
5000.000000 0.500000 0.249333 
5000.000000 0.500000 0.247333 
5000.000000 0.500000 0.250133 
5000.000000 0.500000 0.248933 
5000.000000 0.500000 0.250467 
5000.000000 0.500000 0.251133 
5000.000000 0.500000 0.250067 
5000.000000 0.500000 0.251267 
5000.000000 0.500000 0.248733 
5000.000000 0.500000 0.254000 
5000.000000 0.500000 0.252133 
5000.000000 0.500000 0.246933 
5000.000000 0.500000 0.248400 
5000.000000 0.500000 0.249600 
5000.000000 0.500000 0.245133 
5000.000000 0.500000 0.248267 
5000.000000 0.500000 0.255333 
5000.000000 0.500000 0.249467 
5000.000000 0.500000 0.250600 
5000.000000 0.500000 0.252267 
5000.000000 0.500000 0.247733 
5000.000000 0.500000 0.249000 
5000.000000 0.500000 0.255733 
5000.000000 0.500000 0.250733 
5000.000000 0.500000 0.249533 
5000.000000 0.500000 0.249000 
5000.000000 0.500000 0.249133 
5000.000000 0.500000 0.251600 
5000.000000 0.500000 0.249867 
5000.000000 0.500000 0.249400 
5000.000000 0.500000 0.248067 
5000.000000 0.500000 0.250267 
5000.000000 0.500000 0.251733 
5000.000000 0.500000 0.247133 
5000.000000 0.500000 0.247267 
5000.000000 0.500000 0.250800 
5000.000000 0.500000 0.250067 
5000.000000 0.500000 0.253067 
5000.000000 0.500000 0.252733 
5000.000000 0.500000 0.252933 
5000.000000 0.500000 0.249267 
5000.000000 0.500000 0.248933 
5000.000000 0.500000 0.250267 
5000.000000 0.500000 0.249267 
5000.000000 0.500000 0.251133 
5000.000000 0.500000 0.247867 
5000.000000 0.500000 0.254333 
5000.000000 0.500000 0.250200 
5000.000000 0.500000 0.252133 
5000.000000 0.500000 0.248333 
5000.000000 0.500000 0.249600 
5000.000000 0.500000 0.249600 
5000.000000 0.500000 0.252133 
5000.000000 0.500000 0.249467 
5000.000000 0.500000 0.246067 
5000.000000 0.500000 0.252000 
5000.000000 0.500000 0.247733 
5000.000000 0.500000 0.251000 
5000.000000 0.500000 0.249800 
5000.000000 0.500000 0.254400 
5000.000000 0.500000 0.252733 
5000.000000 0.500000 0.249867 
5000.000000 0.500000 0.245400 
5000.000000 0.500000 0.251800 
5000.000000 0.500000 0.250867 
5000.000000 0.500000 0.246067 
5000.000000 0.500000 0.250533 
5000.000000 0.500000 0.248867 
5000.000000 0.500000 0.246933 
5000.000000 0.500000 0.250133 
5000.000000 0.500000 0.251467 
5000.000000 0.500000 0.247333 
5000.000000 0.500000 0.250733 
5000.000000 0.500000 0.253600 
5000.000000 0.500000 0.249200 
5000.000000 0.500000 0.252800 
5000.000000 0.500000 0.251467 
5000.000000 0.500000 0.248933 
5000.000000 0.500000 0.248333 
5000.000000 0.500000 0.248800 
5000.000000 0.500000 0.251467 
5000.000000 0.500000 0.250400 
5000.000000 0.500000 0.250467 
5000.000000 0.500000 0.249533 
5000.000000 0.500000 0.252600 
5000.000000 0.500000 0.247000 
5000.000000 0.500000 0.250467 
5000.000000 0.500000 0.251467 
5000.000000 0.500000 0.249333 
5000.000000 0.500000 0.251800 
5000.000000 0.500000 0.252933 
5000.000000 0.500000 0.251800 
5000.000000 0.500000 0.248933 
5000.000000 0.500000 0.248133 
5000.000000 0.500000 0.252933 
5000.000000 0.500000 0.249000 
5000.000000 0.500000 0.248733 
5000.000000 0.500000 0.250467 
5000.000000 0.500000 0.247933 
5000.000000 0.500000 0.248000 
5000.000000 0.500000 0.252133 
5000.000000 0.500000 0.251133 
5000.000000 0.500000 0.250267 
5000.000000 0.500000 0.249933 
5000.000000 0.500000 0.249000 
5000.000000 0.500000 0.248333 
5000.000000 0.500000 0.248400 
5000.000000 0.500000 0.249267 
5000.000000 0.500000 0.249333 
5000.000000 0.500000 0.250533 
5000.000000 0.500000 0.251467 
5000.000000 0.500000 0.251867 
5000.000000 0.500000 0.251067 
5000.000000 0.500000 0.249867 
5000.000000 0.500000 0.252733 
5000.000000 0.500000 0.249000 
5000.000000 0.500000 0.248400 
5000.000000 0.500000 0.244733 
5000.000000 0.500000 0.250533 
5000.000000 0.500000 0.248200 
5000.000000 0.500000 0.251667 
5000.000000 0.500000 0.249000 
5000.000000 0.500000 0.249333 
5000.000000 0.500000 0.252933 
5000.000000 0.500000 0.248600 
5000.000000 0.500000 0.252667 
5000.000000 0.500000 0.249200 
5000.000000 0.500000 0.249667 
5000.000000 0.500000 0.251133 
5000.000000 0.500000 0.245400 
5000.000000 0.500000 0.251133 
5000.000000 0.500000 0.248800 
5000.000000 0.500000 0.250533 
5000.000000 0.500000 0.250133 
5000.000000 0.500000 0.253400 
5000.000000 0.500000 0.246733 
5000.000000 0.500000 0.248600 
5000.000000 0.500000 0.251467 
5000.000000 0.500000 0.250200 
5000.000000 0.500000 0.250333 
5000.000000 0.500000 0.250533 
5000.000000 0.500000 0.248600 
5000.000000 0.500000 0.251800 
5000.000000 0.500000 0.248533 
5000.000000 0.500000 0.248667 
5000.000000 0.500000 0.247533 
5000.000000 0.500000 0.253200 
5000.000000 0.500000 0.251733 
5000.000000 0.500000 0.249267 
5000.000000 0.500000 0.247933 
5000.000000 0.500000 0.250200 
5000.000000 0.500000 0.247867 
5000.000000 0.500000 0.248267 
5000.000000 0.500000 0.250400 
5000.000000 0.500000 0.248067 
5000.000000 0.500000 0.249067 
5000.000000 0.500000 0.250200 
5000.000000 0.500000 0.251533 
5000.000000 0.500000 0.248133 
5000.000000 0.500000 0.248400 
5000.000000 0.500000 0.251467 
5000.000000 0.500000 0.250600 
5000.000000 0.500000 0.247867 
5000.000000 0.500000 0.247133 
5000.000000 0.500000 0.249133 
5000.000000 0.500000 0.248933 
5000.000000 0.500000 0.251800 
5000.000000 0.500000 0.248800 
5000.000000 0.500000 0.246867 
5000.000000 0.500000 0.250067 
5000.000000 0.500000 0.248067 
5000.000000 0.500000 0.249467 
5000.000000 0.500000 0.250533 
5000.000000 0.500000 0.249267 
5000.000000 0.500000 0.248800 
5000.000000 0.500000 0.251000 
5000.000000 0.500000 0.250467 
5000.000000 0.500000 0.253400 
5000.000000 0.500000 0.250333 
5000.000000 0.500000 0.252400 
5000.000000 0.500000 0.248467 
5000.000000 0.500000 0.249067 
5000.000000 0.500000 0.248667 
5000.000000 0.500000 0.249000 
5000.000000 0.500000 0.251200 
5000.000000 0.500000 0.251533 
5000.000000 0.500000 0.248867 
5000.000000 0.500000 0.251867 
5000.000000 0.500000 0.247800 
5000.000000 0.500000 0.247467 
5000.000000 0.500000 0.247933 
5000.000000 0.500000 0.245600 
5000.000000 0.500000 0.250067 
5000.000000 0.500000 0.249067 
5000.000000 0.500000 0.247600 
5000.000000 0.500000 0.249067 
5000.000000 0.500000 0.251067 
5000.000000 0.500000 0.249467 
5000.000000 0.500000 0.249933 
5000.000000 0.500000 0.251667 
5000.000000 0.500000 0.250267 
5000.000000 0.500000 0.253867 
5000.000000 0.500000 0.251333 
5000.000000 0.500000 0.251067 
5000.000000 0.500000 0.249467 
5000.000000 0.500000 0.246333 
5000.000000 0.500000 0.252067 
5000.000000 0.500000 0.249667 
5000.000000 0.500000 0.251200 
5000.000000 0.500000 0.247333 
5000.000000 0.500000 0.248800 
5000.000000 0.500000 0.251133 
5000.000000 0.500000 0.245267 
5000.000000 0.500000 0.250667 
5000.000000 0.500000 0.252400 
5000.000000 0.500000 0.251267 
5000.000000 0.500000 0.250200 
5000.000000 0.500000 0.252000 
5000.000000 0.500000 0.250267 
5000.000000 0.500000 0.249267 
5000.000000 0.500000 0.249467 
5000.000000 0.500000 0.251067 
5000.000000 0.500000 0.249733 
5000.000000 0.500000 0.252000 
5000.000000 0.500000 0.249667 
5000.000000 0.500000 0.247933 
5000.000000 0.500000 0.250133 
5000.000000 0.500000 0.251600 
5000.000000 0.500000 0.249333 
5000.000000 0.500000 0.248000 
5000.000000 0.500000 0.248067 
5000.000000 0.500000 0.253400 
5000.000000 0.500000 0.254333 
5000.000000 0.500000 0.250600 
5000.000000 0.500000 0.246267 
5000.000000 0.500000 0.247800 
5000.000000 0.500000 0.247933 
5000.000000 0.500000 0.246400 
5000.000000 0.500000 0.250067 
5000.000000 0.500000 0.250067 
5000.000000 0.500000 0.246200 
5000.000000 0.500000 0.250067 
5000.000000 0.500000 0.250800 
5000.000000 0.500000 0.251133 
5000.000000 0.500000 0.246867 
5000.000000 0.500000 0.251867 
5000.000000 0.500000 0.249333 
5000.000000 0.500000 0.248733 
5000.000000 0.500000 0.254667 
5000.000000 0.500000 0.251467 
5000.000000 0.500000 0.250267 
5000.000000 0.500000 0.254067 
5000.000000 0.500000 0.249533 
5000.000000 0.500000 0.245867 
5000.000000 0.500000 0.252067 
5000.000000 0.500000 0.250933 
5000.000000 0.500000 0.249133 
5000.000000 0.500000 0.252133 
5000.000000 0.500000 0.248400 
5000.000000 0.500000 0.251267 
5000.000000 0.500000 0.248867 
5000.000000 0.500000 0.250667 
5000.000000 0.500000 0.247867 
5000.000000 0.500000 0.249133 
5000.000000 0.500000 0.248733 
5000.000000 0.500000 0.248800 
5000.000000 0.500000 0.245133 
5000.000000 0.500000 0.249000 
5000.000000 0.500000 0.248733 
5000.000000 0.500000 0.249067 
5000.000000 0.500000 0.248400 
5000.000000 0.500000 0.250067 
5000.000000 0.500000 0.249933 
5000.000000 0.500000 0.253933 
5000.000000 0.500000 0.248933 
5000.000000 0.500000 0.247600 
5000.000000 0.500000 0.247533 
5000.000000 0.500000 0.248200 
5000.000000 0.500000 0.250467 
5000.000000 0.500000 0.248933 
5000.000000 0.500000 0.247667 
5000.000000 0.500000 0.250467 
5000.000000 0.500000 0.250933 
5000.000000 0.500000 0.248600 
5000.000000 0.500000 0.247000 
5000.000000 0.500000 0.252867 
5000.000000 0.500000 0.247000 
5000.000000 0.500000 0.249400 
5000.000000 0.500000 0.250333 
5000.000000 0.500000 0.251667 
5000.000000 0.500000 0.249267 
5000.000000 0.500000 0.252133 
5000.000000 0.500000 0.252333 
5000.000000 0.500000 0.253200 
5000.000000 0.500000 0.250067 
5000.000000 0.500000 0.251733 
5000.000000 0.500000 0.249733 
5000.000000 0.500000 0.252800 
5000.000000 0.500000 0.250000 
5000.000000 0.500000 0.249333 
5000.000000 0.500000 0.249667 
5000.000000 0.500000 0.250467 
5000.000000 0.500000 0.249467 
5000.000000 0.500000 0.250133 
5000.000000 0.500000 0.250000 
5000.000000 0.500000 0.247733 
5000.000000 0.500000 0.251467 
5000.000000 0.500000 0.251600 
5000.000000 0.500000 0.251600 
5000.000000 0.500000 0.249067 
5000.000000 0.500000 0.244733 
5000.000000 0.500000 0.251600 
5000.000000 0.500000 0.248667 
5000.000000 0.500000 0.248800 
5000.000000 0.500000 0.250200 
5000.000000 0.500000 0.251667 
5000.000000 0.500000 0.250667 
5000.000000 0.500000 0.248133 
5000.000000 0.500000 0.250467 
5000.000000 0.500000 0.245133 
5000.000000 0.500000 0.251600 
5000.000000 0.500000 0.250733 
5000.000000 0.500000 0.247067 
5000.000000 0.500000 0.250333 
5000.000000 0.500000 0.250133 
5000.000000 0.500000 0.248000 
5000.000000 0.500000 0.251267 
5000.000000 0.500000 0.249933 
5000.000000 0.500000 0.251667 
5000.000000 0.500000 0.249467 
5000.000000 0.500000 0.247133 
5000.000000 0.500000 0.249000 
5000.000000 0.500000 0.250400 
5000.000000 0.500000 0.250467 
5000.000000 0.500000 0.251267 
5000.000000 0.500000 0.250333 
5000.000000 0.500000 0.252133 
5000.000000 0.500000 0.248333 
5000.000000 0.500000 0.248400 
5000.000000 0.500000 0.248533 
5000.000000 0.500000 0.251200 
5000.000000 0.500000 0.247800 
5000.000000 0.500000 0.247933 
5000.000000 0.500000 0.253933 
5000.000000 0.500000 0.249533 
5000.000000 0.500000 0.252133 
5000.000000 0.500000 0.248267 
5000.000000 0.500000 0.247933 
5000.000000 0.500000 0.249600 
5000.000000 0.500000 0.248667 
5000.000000 0.500000 0.248467 
5000.000000 0.500000 0.249467 
5000.000000 0.500000 0.253267 
5000.000000 0.500000 0.245400 
5000.000000 0.500000 0.251067 
5000.000000 0.500000 0.251467 
5000.000000 0.500000 0.251067 
5000.000000 0.500000 0.248667 
5000.000000 0.500000 0.247333 
5000.000000 0.500000 0.250133 
5000.000000 0.500000 0.248733 
5000.000000 0.500000 0.247267 
5000.000000 0.500000 0.253600 
5000.000000 0.500000 0.252800 
5000.000000 0.500000 0.249600 
5000.000000 0.500000 0.248467 
5000.000000 0.500000 0.247133 
5000.000000 0.500000 0.248067 
5000.000000 0.500000 0.253733 
5000.000000 0.500000 0.253600 
5000.000000 0.500000 0.246933 
5000.000000 0.500000 0.249000 
5000.000000 0.500000 0.250333 
5000.000000 0.500000 0.250933 
5000.000000 0.500000 0.249000 
5000.000000 0.500000 0.248667 
5000.000000 0.500000 0.252200 
5000.000000 0.500000 0.248267 
5000.000000 0.500000 0.245733 
5000.000000 0.500000 0.251333 
5000.000000 0.500000 0.251800 
5000.000000 0.500000 0.251133 
5000.000000 0.500000 0.248733 
5000.000000 0.500000 0.246400 
5000.000000 0.500000 0.252800 
5000.000000 0.500000 0.249333 
5000.000000 0.500000 0.250400 
5000.000000 0.500000 0.251800 
5000.000000 0.500000 0.252267 
5000.000000 0.500000 0.246867 
5000.000000 0.500000 0.249133 
5000.000000 0.500000 0.250733 
5000.000000 0.500000 0.248733 
5000.000000 0.500000 0.253800 
5000.000000 0.500000 0.247933 
5000.000000 0.500000 0.249267 
5000.000000 0.500000 0.248067 
5000.000000 0.500000 0.250067 
5000.000000 0.500000 0.249333 
5000.000000 0.500000 0.251600 
5000.000000 0.500000 0.252667 
5000.000000 0.500000 0.252133 
5000.000000 0.500000 0.246667 
5000.000000 0.500000 0.248467 
5000.000000 0.500000 0.248800 
5000.000000 0.500000 0.251533 
5000.000000 0.500000 0.249733 
5000.000000 0.500000 0.249400 
5000.000000 0.500000 0.253467 
5000.000000 0.500000 0.249600 
5000.000000 0.500000 0.253933 
5000.000000 0.500000 0.250267 
5000.000000 0.500000 0.250933 
5000.000000 0.500000 0.249733 
5000.000000 0.500000 0.249600 
5000.000000 0.500000 0.250600 
5000.000000 0.500000 0.250467 
5000.000000 0.500000 0.251333 
5000.000000 0.500000 0.249000 
5000.000000 0.500000 0.252333 
5000.000000 0.500000 0.255733 
5000.000000 0.500000 0.249800 
5000.000000 0.500000 0.251067 
5000.000000 0.500000 0.249933 
5000.000000 0.500000 0.248533 
5000.000000 0.500000 0.245600 
5000.000000 0.500000 0.249667 
5000.000000 0.500000 0.249533 
5000.000000 0.500000 0.249733 
5000.000000 0.500000 0.249467 
5000.000000 0.500000 0.252200 
5000.000000 0.500000 0.249400 
5000.000000 0.500000 0.249733 
5000.000000 0.500000 0.248733 
5000.000000 0.500000 0.250400 
5000.000000 0.500000 0.248000 
5000.000000 0.500000 0.248000 
5000.000000 0.500000 0.246933 
5000.000000 0.500000 0.250333 
5000.000000 0.500000 0.249533 
5000.000000 0.500000 0.250533 
5000.000000 0.500000 0.251000 
5000.000000 0.500000 0.252867 
5000.000000 0.500000 0.248267 
5000.000000 0.500000 0.249400 
5000.000000 0.500000 0.246800 
5000.000000 0.500000 0.251733 
5000.000000 0.500000 0.252267 
5000.000000 0.500000 0.252467 
5000.000000 0.500000 0.249333 
5000.000000 0.500000 0.250933 
5000.000000 0.500000 0.249733 
5000.000000 0.500000 0.247200 
5000.000000 0.500000 0.246667 
5000.000000 0.500000 0.251533 
5000.000000 0.500000 0.247000 
5000.000000 0.500000 0.248333 
5000.000000 0.500000 0.251467 
5000.000000 0.500000 0.248600 
5000.000000 0.500000 0.249067 
5000.000000 0.500000 0.250200 
5000.000000 0.500000 0.249933 
5000.000000 0.500000 0.249933 
5000.000000 0.500000 0.249600 
5000.000000 0.500000 0.249733 
5000.000000 0.500000 0.248200 
5000.000000 0.500000 0.247933 
5000.000000 0.500000 0.250667 
5000.000000 0.500000 0.248333 
5000.000000 0.500000 0.249067 
5000.000000 0.500000 0.250600 
5000.000000 0.500000 0.253400 
5000.000000 0.500000 0.250733 
5000.000000 0.500000 0.254267 
5000.000000 0.500000 0.250200 
5000.000000 0.500000 0.250267 
5000.000000 0.500000 0.252067 
5000.000000 0.500000 0.248733 
5000.000000 0.500000 0.251800 
5000.000000 0.500000 0.250267 
5000.000000 0.500000 0.249667 
5000.000000 0.500000 0.251133 
5000.000000 0.500000 0.249867 
5000.000000 0.500000 0.249867 
5000.000000 0.500000 0.252333 
5000.000000 0.500000 0.246400 
5000.000000 0.500000 0.252933 
5000.000000 0.500000 0.250600 
5000.000000 0.500000 0.250800 
5000.000000 0.500000 0.250333 
5000.000000 0.500000 0.252533 
5000.000000 0.500000 0.250667 
5000.000000 0.500000 0.249733 
5000.000000 0.500000 0.251400 
5000.000000 0.500000 0.244667 
5000.000000 0.500000 0.250733 
5000.000000 0.500000 0.249467 
5000.000000 0.500000 0.251000 
5000.000000 0.500000 0.247267 
5000.000000 0.500000 0.251333 
5000.000000 0.500000 0.251667 
5000.000000 0.500000 0.251133 
5000.000000 0.500000 0.251933 
5000.000000 0.500000 0.249467 
5000.000000 0.500000 0.250533 
5000.000000 0.500000 0.250800 
5000.000000 0.500000 0.247867 
5000.000000 0.500000 0.249667 
5000.000000 0.500000 0.249133 
5000.000000 0.500000 0.252400 
5000.000000 0.500000 0.253867 
5000.000000 0.500000 0.250000 
5000.000000 0.500000 0.248600 
5000.000000 0.500000 0.247733 
5000.000000 0.500000 0.248867 
5000.000000 0.500000 0.249467 
5000.000000 0.500000 0.248467 
5000.000000 0.500000 0.252133 
5000.000000 0.500000 0.248667 
5000.000000 0.500000 0.248867 
5000.000000 0.500000 0.249400 
5000.000000 0.500000 0.250467 
5000.000000 0.500000 0.254733 
5000.000000 0.500000 0.251467 
5000.000000 0.500000 0.249267 
5000.000000 0.500000 0.249800 
5000.000000 0.500000 0.252200 
5000.000000 0.500000 0.251600 
5000.000000 0.500000 0.249600 
5000.000000 0.500000 0.248400 
5000.000000 0.500000 0.246267 
5000.000000 0.500000 0.252800 
5000.000000 0.500000 0.249733 
5000.000000 0.500000 0.253200 
5000.000000 0.500000 0.252000 
5000.000000 0.500000 0.250267 
5000.000000 0.500000 0.249267 
5000.000000 0.500000 0.247467 
5000.000000 0.500000 0.249733 
5000.000000 0.500000 0.251067 
5000.000000 0.500000 0.248733 
5000.000000 0.500000 0.251333 
5000.000000 0.500000 0.251000 
5000.000000 0.500000 0.253867 
5000.000000 0.500000 0.248333 
5000.000000 0.500000 0.247667 
5000.000000 0.500000 0.249933 
5000.000000 0.500000 0.251867 
5000.000000 0.500000 0.252733 
5000.000000 0.500000 0.251267 
5000.000000 0.500000 0.245600 
5000.000000 0.500000 0.250000 
5000.000000 0.500000 0.254667 
5000.000000 0.500000 0.252867 
5000.000000 0.500000 0.250133 
5000.000000 0.500000 0.248067 
5000.000000 0.500000 0.247467 
5000.000000 0.500000 0.249067 
5000.000000 0.500000 0.246333 
5000.000000 0.500000 0.247867 
5000.000000 0.500000 0.247733 
5000.000000 0.500000 0.250667 
5000.000000 0.500000 0.252200 
5000.000000 0.500000 0.250400 
5000.000000 0.500000 0.252733 
5000.000000 0.500000 0.253000 
5000.000000 0.500000 0.251600 
5000.000000 0.500000 0.251733 
5000.000000 0.500000 0.248200 
5000.000000 0.500000 0.252067 
5000.000000 0.500000 0.250533 
5000.000000 0.500000 0.253400 
5000.000000 0.500000 0.247800 
5000.000000 0.500000 0.250267 
5000.000000 0.500000 0.249000 
5000.000000 0.500000 0.251533 
5000.000000 0.500000 0.252400 
5000.000000 0.500000 0.251600 
5000.000000 0.500000 0.250333 
5000.000000 0.500000 0.249267 
5000.000000 0.500000 0.253600 
5000.000000 0.500000 0.252667 
5000.000000 0.500000 0.248067 
5000.000000 0.500000 0.252733 
5000.000000 0.500000 0.253667 
5000.000000 0.500000 0.248733 
5000.000000 0.500000 0.252600 
5000.000000 0.500000 0.248000 
5000.000000 0.500000 0.251067 
5000.000000 0.500000 0.249267 
5000.000000 0.500000 0.251600 
5000.000000 0.500000 0.249800 
5000.000000 0.500000 0.248200 
5000.000000 0.500000 0.251067 
5000.000000 0.500000 0.250733 
5000.000000 0.500000 0.250600 
5000.000000 0.500000 0.249200 
5000.000000 0.500000 0.253200 
5000.000000 0.500000 0.252867 
5000.000000 0.500000 0.252733 
5000.000000 0.500000 0.247133 
5000.000000 0.500000 0.249267 
5000.000000 0.500000 0.252600 
5000.000000 0.500000 0.249000 
5000.000000 0.500000 0.246933 
5000.000000 0.500000 0.251067 
5000.000000 0.500000 0.251867 
5000.000000 0.500000 0.247267 
5000.000000 0.500000 0.250867 
5000.000000 0.500000 0.247667 
5000.000000 0.500000 0.249200 
5000.000000 0.500000 0.250733 
5000.000000 0.500000 0.250600 
5000.000000 0.500000 0.246533 
5000.000000 0.500000 0.247400 
5000.000000 0.500000 0.251733 
5000.000000 0.500000 0.251800 
5000.000000 0.500000 0.249800 
5000.000000 0.500000 0.250667 
5000.000000 0.500000 0.248200 
5000.000000 0.500000 0.252333 
5000.000000 0.500000 0.250067 
5000.000000 0.500000 0.248600 
5000.000000 0.500000 0.248400 
5000.000000 0.500000 0.249933 
5000.000000 0.500000 0.249667 
5000.000000 0.500000 0.251467 
5000.000000 0.500000 0.253333 
5000.000000 0.500000 0.255333 
5000.000000 0.500000 0.252800 
5000.000000 0.500000 0.248867 
5000.000000 0.500000 0.248800 
5000.000000 0.500000 0.250000 
5000.000000 0.500000 0.247000 
5000.000000 0.500000 0.251267 
5000.000000 0.500000 0.249533 
5000.000000 0.500000 0.254533 
5000.000000 0.500000 0.248933 
5000.000000 0.500000 0.249733 
5000.000000 0.500000 0.253667 
5000.000000 0.500000 0.250400 
5000.000000 0.500000 0.252200 
5000.000000 0.500000 0.249533 
5000.000000 0.500000 0.251867 
5000.000000 0.500000 0.251533 
5000.000000 0.500000 0.251733 
5000.000000 0.500000 0.249333 
5000.000000 0.500000 0.250867 
5000.000000 0.500000 0.252067 
5000.000000 0.500000 0.250067 
5000.000000 0.500000 0.254000 
5000.000000 0.500000 0.247467 
5000.000000 0.500000 0.250667 
5000.000000 0.500000 0.253533 
5000.000000 0.500000 0.249533 
5000.000000 0.500000 0.252467 
5000.000000 0.500000 0.248600 
5000.000000 0.500000 0.249400 
5000.000000 0.500000 0.245933 
5000.000000 0.500000 0.252133 
5000.000000 0.500000 0.250800 
5000.000000 0.500000 0.249933 
5000.000000 0.500000 0.248333 
5000.000000 0.500000 0.251133 
5000.000000 0.500000 0.250667 
5000.000000 0.500000 0.251067 
5000.000000 0.500000 0.250600 
5000.000000 0.500000 0.249800 
5000.000000 0.500000 0.251400 
5000.000000 0.500000 0.248133 
5000.000000 0.500000 0.248200 
5000.000000 0.500000 0.249867 
5000.000000 0.500000 0.249467 
5000.000000 0.500000 0.253933 
5000.000000 0.500000 0.249000 
5000.000000 0.500000 0.248667 
5000.000000 0.500000 0.250467 
5000.000000 0.500000 0.250267 
5000.000000 0.500000 0.252333 
5000.000000 0.500000 0.246733 
5000.000000 0.500000 0.252200 
5000.000000 0.500000 0.253200 
5000.000000 0.500000 0.250067 
5000.000000 0.500000 0.249467 
5000.000000 0.500000 0.252267 
5000.000000 0.500000 0.249533 
5000.000000 0.500000 0.250133 
5000.000000 0.500000 0.247533 
5000.000000 0.500000 0.249533 
5000.000000 0.500000 0.249200 
5000.000000 0.500000 0.252333 
5000.000000 0.500000 0.248667 
5000.000000 0.500000 0.252267 
5000.000000 0.500000 0.247067 
5000.000000 0.500000 0.247333 
5000.000000 0.500000 0.251467 
5000.000000 0.500000 0.250067 
5000.000000 0.500000 0.251800 
5000.000000 0.500000 0.254000 
5000.000000 0.500000 0.252800 
5000.000000 0.500000 0.247733 
5000.000000 0.500000 0.248133 
5000.000000 0.500000 0.249000 
5000.000000 0.500000 0.251200 
5000.000000 0.500000 0.249467 
5000.000000 0.500000 0.252467 
5000.000000 0.500000 0.251267 
5000.000000 0.500000 0.254067 
5000.000000 0.500000 0.252933 
5000.000000 0.500000 0.255200 
5000.000000 0.500000 0.253933 
5000.000000 0.500000 0.250400 
5000.000000 0.500000 0.250867 
5000.000000 0.500000 0.248133 
5000.000000 0.500000 0.249000 
5000.000000 0.500000 0.255533 
5000.000000 0.500000 0.248200 
5000.000000 0.500000 0.253733 
5000.000000 0.500000 0.245533 
5000.000000 0.500000 0.249867 
5000.000000 0.500000 0.249867 
5000.000000 0.500000 0.251400 
5000.000000 0.500000 0.250467 
5000.000000 0.500000 0.251467 
5000.000000 0.500000 0.251733 
5000.000000 0.500000 0.254800 
5000.000000 0.500000 0.253200 
5000.000000 0.500000 0.248733 
5000.000000 0.500000 0.249333 
5000.000000 0.500000 0.249000 
5000.000000 0.500000 0.248000 
5000.000000 0.500000 0.250733 
5000.000000 0.500000 0.250067 
5000.000000 0.500000 0.252067 
5000.000000 0.500000 0.246733 
5000.000000 0.500000 0.249000 
5000.000000 0.500000 0.250733 
5000.000000 0.500000 0.253067 
5000.000000 0.500000 0.247667 
5000.000000 0.500000 0.247133 
5000.000000 0.500000 0.249467 
5000.000000 0.500000 0.247000 
5000.000000 0.500000 0.249133 
5000.000000 0.500000 0.247067 
5000.000000 0.500000 0.250000 
5000.000000 0.500000 0.250467 
5000.000000 0.500000 0.246533 
5000.000000 0.500000 0.249467 
5000.000000 0.500000 0.250800 
5000.000000 0.500000 0.247600 
5000.000000 0.500000 0.250467 
5000.000000 0.500000 0.251933 
5000.000000 0.500000 0.249667 
5000.000000 0.500000 0.252333 
5000.000000 0.500000 0.248800 
5000.000000 0.500000 0.252200 
5000.000000 0.500000 0.248067 
5000.000000 0.500000 0.252667 
5000.000000 0.500000 0.250133 
5000.000000 0.500000 0.248067 
5000.000000 0.500000 0.251067 
5000.000000 0.500000 0.250267 
5000.000000 0.500000 0.249933 
5000.000000 0.500000 0.249400 
5000.000000 0.500000 0.251800 
5000.000000 0.500000 0.251867 
5000.000000 0.500000 0.250933 
5000.000000 0.500000 0.251000 
5000.000000 0.500000 0.250333 
5000.000000 0.500000 0.251267 
5000.000000 0.500000 0.249400 
5000.000000 0.500000 0.246933 
5000.000000 0.500000 0.253733 
5000.000000 0.500000 0.252667 
5000.000000 0.500000 0.246400 
5000.000000 0.500000 0.251200 
5000.000000 0.500000 0.251200 
5000.000000 0.500000 0.251933 
5000.000000 0.500000 0.249000 
5000.000000 0.500000 0.250933 
5000.000000 0.500000 0.249733 
5000.000000 0.500000 0.251267 
5000.000000 0.500000 0.249800 
5000.000000 0.500000 0.249600 
5000.000000 0.500000 0.250533 
5000.000000 0.500000 0.248133 
5000.000000 0.500000 0.251733 
5000.000000 0.500000 0.249933 
5000.000000 0.500000 0.251333 
5000.000000 0.500000 0.254667 
5000.000000 0.500000 0.251800 
5000.000000 0.500000 0.247067 
5000.000000 0.500000 0.249467 
5000.000000 0.500000 0.252467 
5000.000000 0.500000 0.248333 
5000.000000 0.500000 0.246533 
5000.000000 0.500000 0.252467 
5000.000000 0.500000 0.252200 
5000.000000 0.500000 0.253867 
5000.000000 0.500000 0.252667 
5000.000000 0.500000 0.250600 
5000.000000 0.500000 0.252600 
5000.000000 0.500000 0.250467 
5000.000000 0.500000 0.250133 
5000.000000 0.500000 0.244867 
5000.000000 0.500000 0.251467 
5000.000000 0.500000 0.248400 
5000.000000 0.500000 0.250867 
5000.000000 0.500000 0.252000 
5000.000000 0.500000 0.248467 
5000.000000 0.500000 0.250933 
5000.000000 0.500000 0.250133 
5000.000000 0.500000 0.250200 
5000.000000 0.500000 0.247733 
5000.000000 0.500000 0.252200 
5000.000000 0.500000 0.248200 
5000.000000 0.500000 0.248333 
5000.000000 0.500000 0.251867 
5000.000000 0.500000 0.251000 
5000.000000 0.500000 0.249133 
5000.000000 0.500000 0.250067 
5000.000000 0.500000 0.250067 
5000.000000 0.500000 0.248867 
5000.000000 0.500000 0.251533 
5000.000000 0.500000 0.249000 
5000.000000 0.500000 0.247867 
5000.000000 0.500000 0.251867 
5000.000000 0.500000 0.251133 
5000.000000 0.500000 0.250267 
5000.000000 0.500000 0.250867 
5000.000000 0.500000 0.249400 
5000.000000 0.500000 0.247533 
5000.000000 0.500000 0.251533 
5000.000000 0.500000 0.249267 
5000.000000 0.500000 0.250933 
5000.000000 0.500000 0.250733 
