0.623236 5250.000000 0.150133 
0.624536 5188.000000 0.148360 
0.623026 5260.000000 0.150419 
0.624557 5187.000000 0.148331 
0.622334 5293.000000 0.151363 
0.622858 5268.000000 0.150648 
0.623613 5232.000000 0.149618 
0.622565 5282.000000 0.151048 
0.622858 5268.000000 0.150648 
0.624578 5186.000000 0.148303 
0.623550 5235.000000 0.149704 
0.624662 5182.000000 0.148188 
0.623634 5231.000000 0.149590 
0.622879 5267.000000 0.150619 
0.622774 5272.000000 0.150762 
0.625060 5163.000000 0.147645 
0.623928 5217.000000 0.149189 
0.621957 5311.000000 0.151877 
0.623613 5232.000000 0.149618 
0.623571 5234.000000 0.149675 
0.623194 5252.000000 0.150190 
0.623425 5241.000000 0.149876 
0.622376 5291.000000 0.151305 
0.622334 5293.000000 0.151363 
0.623215 5251.000000 0.150162 
0.623341 5245.000000 0.149990 
0.622292 5295.000000 0.151420 
0.623676 5229.000000 0.149532 
0.624242 5202.000000 0.148760 
0.623383 5243.000000 0.149933 
0.623970 5215.000000 0.149132 
0.622544 5283.000000 0.151077 
0.623320 5246.000000 0.150019 
0.623299 5247.000000 0.150047 
0.622544 5283.000000 0.151077 
0.623257 5249.000000 0.150104 
0.623613 5232.000000 0.149618 
0.622292 5295.000000 0.151420 
0.623991 5214.000000 0.149103 
0.622082 5305.000000 0.151706 
0.622984 5262.000000 0.150476 
0.622523 5284.000000 0.151105 
0.622858 5268.000000 0.150648 
0.623949 5216.000000 0.149161 
0.624200 5204.000000 0.148818 
0.623592 5233.000000 0.149647 
0.623760 5225.000000 0.149418 
0.621495 5333.000000 0.152507 
0.623634 5231.000000 0.149590 
0.622460 5287.000000 0.151191 
0.624305 5199.000000 0.148675 
0.624452 5192.000000 0.148474 
0.622753 5273.000000 0.150791 
0.624012 5213.000000 0.149075 
0.624138 5207.000000 0.148903 
0.622145 5302.000000 0.151620 
0.622900 5266.000000 0.150591 
0.622208 5299.000000 0.151534 
0.623173 5253.000000 0.150219 
0.622670 5277.000000 0.150905 
0.623299 5247.000000 0.150047 
0.623781 5224.000000 0.149389 
0.623341 5245.000000 0.149990 
0.623886 5219.000000 0.149246 
0.623844 5221.000000 0.149304 
0.623110 5256.000000 0.150305 
0.624934 5169.000000 0.147817 
0.623823 5222.000000 0.149332 
0.622733 5274.000000 0.150819 
0.624138 5207.000000 0.148903 
0.624431 5193.000000 0.148503 
0.623928 5217.000000 0.149189 
0.623466 5239.000000 0.149818 
0.624536 5188.000000 0.148360 
0.622166 5301.000000 0.151591 
0.622733 5274.000000 0.150819 
0.622124 5303.000000 0.151649 
0.623110 5256.000000 0.150305 
0.622774 5272.000000 0.150762 
0.622481 5286.000000 0.151162 
0.621663 5325.000000 0.152278 
0.624096 5209.000000 0.148961 
0.623215 5251.000000 0.150162 
0.623152 5254.000000 0.150247 
0.624096 5209.000000 0.148961 
0.622523 5284.000000 0.151105 
0.622733 5274.000000 0.150819 
0.623089 5257.000000 0.150333 
0.624431 5193.000000 0.148503 
0.622376 5291.000000 0.151305 
0.624326 5198.000000 0.148646 
0.622649 5278.000000 0.150934 
0.623865 5220.000000 0.149275 
0.625039 5164.000000 0.147674 
0.622103 5304.000000 0.151677 
0.623571 5234.000000 0.149675 
0.623571 5234.000000 0.149675 
0.624096 5209.000000 0.148961 
0.623487 5238.000000 0.149790 
0.623970 5215.000000 0.149132 
0.623257 5249.000000 0.150104 
0.623005 5261.000000 0.150448 
0.622376 5291.000000 0.151305 
0.623152 5254.000000 0.150247 
0.621999 5309.000000 0.151820 
0.621852 5316.000000 0.152020 
0.621831 5317.000000 0.152049 
0.622334 5293.000000 0.151363 
0.622565 5282.000000 0.151048 
0.622774 5272.000000 0.150762 
0.624180 5205.000000 0.148846 
0.622649 5278.000000 0.150934 
0.622145 5302.000000 0.151620 
0.623739 5226.000000 0.149447 
0.623320 5246.000000 0.150019 
0.622187 5300.000000 0.151563 
0.623446 5240.000000 0.149847 
0.622544 5283.000000 0.151077 
0.624200 5204.000000 0.148818 
0.623760 5225.000000 0.149418 
0.622439 5288.000000 0.151220 
0.623404 5242.000000 0.149904 
0.622963 5263.000000 0.150505 
0.621537 5331.000000 0.152449 
0.624305 5199.000000 0.148675 
0.622900 5266.000000 0.150591 
0.624494 5190.000000 0.148417 
0.623550 5235.000000 0.149704 
0.623320 5246.000000 0.150019 
0.624012 5213.000000 0.149075 
0.623026 5260.000000 0.150419 
0.622082 5305.000000 0.151706 
0.623865 5220.000000 0.149275 
0.623404 5242.000000 0.149904 
0.624033 5212.000000 0.149046 
0.622712 5275.000000 0.150848 
0.624012 5213.000000 0.149075 
0.623928 5217.000000 0.149189 
0.623152 5254.000000 0.150247 
0.623257 5249.000000 0.150104 
0.622900 5266.000000 0.150591 
0.622795 5271.000000 0.150734 
0.623655 5230.000000 0.149561 
0.622921 5265.000000 0.150562 
0.623173 5253.000000 0.150219 
0.622858 5268.000000 0.150648 
0.623089 5257.000000 0.150333 
0.623529 5236.000000 0.149733 
0.625060 5163.000000 0.147645 
0.625144 5159.000000 0.147531 
0.624012 5213.000000 0.149075 
0.622963 5263.000000 0.150505 
0.622313 5294.000000 0.151391 
0.623529 5236.000000 0.149733 
0.623781 5224.000000 0.149389 
0.623655 5230.000000 0.149561 
0.623865 5220.000000 0.149275 
0.624452 5192.000000 0.148474 
0.624159 5206.000000 0.148875 
0.623529 5236.000000 0.149733 
0.623047 5259.000000 0.150390 
0.622502 5285.000000 0.151134 
0.623236 5250.000000 0.150133 
0.623970 5215.000000 0.149132 
0.623131 5255.000000 0.150276 
0.623508 5237.000000 0.149761 
0.623425 5241.000000 0.149876 
0.624536 5188.000000 0.148360 
0.622670 5277.000000 0.150905 
0.623760 5225.000000 0.149418 
0.623739 5226.000000 0.149447 
0.623991 5214.000000 0.149103 
0.623383 5243.000000 0.149933 
0.623047 5259.000000 0.150390 
0.623466 5239.000000 0.149818 
0.623718 5227.000000 0.149475 
0.622774 5272.000000 0.150762 
0.622879 5267.000000 0.150619 
0.623278 5248.000000 0.150076 
0.623026 5260.000000 0.150419 
0.623592 5233.000000 0.149647 
0.623592 5233.000000 0.149647 
0.621768 5320.000000 0.152135 
0.622795 5271.000000 0.150734 
0.623404 5242.000000 0.149904 
0.623508 5237.000000 0.149761 
0.622712 5275.000000 0.150848 
0.623907 5218.000000 0.149218 
0.623592 5233.000000 0.149647 
0.623508 5237.000000 0.149761 
0.623739 5226.000000 0.149447 
0.622984 5262.000000 0.150476 
0.623739 5226.000000 0.149447 
0.624012 5213.000000 0.149075 
0.622795 5271.000000 0.150734 
0.623592 5233.000000 0.149647 
0.622963 5263.000000 0.150505 
0.622544 5283.000000 0.151077 
0.623487 5238.000000 0.149790 
0.622753 5273.000000 0.150791 
0.623718 5227.000000 0.149475 
0.623907 5218.000000 0.149218 
0.623592 5233.000000 0.149647 
0.623152 5254.000000 0.150247 
0.623550 5235.000000 0.149704 
0.622586 5281.000000 0.151019 
0.623257 5249.000000 0.150104 
0.622879 5267.000000 0.150619 
0.623152 5254.000000 0.150247 
0.623886 5219.000000 0.149246 
0.624033 5212.000000 0.149046 
0.624557 5187.000000 0.148331 
0.624117 5208.000000 0.148932 
0.623844 5221.000000 0.149304 
0.622649 5278.000000 0.150934 
0.622334 5293.000000 0.151363 
0.623299 5247.000000 0.150047 
0.622984 5262.000000 0.150476 
0.622774 5272.000000 0.150762 
0.624075 5210.000000 0.148989 
0.622712 5275.000000 0.150848 
0.622208 5299.000000 0.151534 
0.622355 5292.000000 0.151334 
0.622544 5283.000000 0.151077 
0.624284 5200.000000 0.148703 
0.623802 5223.000000 0.149361 
0.623571 5234.000000 0.149675 
0.622250 5297.000000 0.151477 
0.622565 5282.000000 0.151048 
0.622523 5284.000000 0.151105 
0.623844 5221.000000 0.149304 
0.622082 5305.000000 0.151706 
0.623257 5249.000000 0.150104 
0.623068 5258.000000 0.150362 
0.623152 5254.000000 0.150247 
0.623383 5243.000000 0.149933 
0.623718 5227.000000 0.149475 
0.623844 5221.000000 0.149304 
0.623676 5229.000000 0.149532 
0.623991 5214.000000 0.149103 
0.623299 5247.000000 0.150047 
0.623760 5225.000000 0.149418 
0.624117 5208.000000 0.148932 
0.623907 5218.000000 0.149218 
0.623215 5251.000000 0.150162 
0.624180 5205.000000 0.148846 
0.623970 5215.000000 0.149132 
0.622900 5266.000000 0.150591 
0.623278 5248.000000 0.150076 
0.622628 5279.000000 0.150962 
0.623760 5225.000000 0.149418 
0.623425 5241.000000 0.149876 
0.625060 5163.000000 0.147645 
0.623425 5241.000000 0.149876 
0.622795 5271.000000 0.150734 
0.623110 5256.000000 0.150305 
0.622271 5296.000000 0.151448 
0.623928 5217.000000 0.149189 
0.623970 5215.000000 0.149132 
0.622963 5263.000000 0.150505 
0.623110 5256.000000 0.150305 
0.623949 5216.000000 0.149161 
0.623215 5251.000000 0.150162 
0.622691 5276.000000 0.150876 
0.623257 5249.000000 0.150104 
0.622355 5292.000000 0.151334 
0.624075 5210.000000 0.148989 
0.624200 5204.000000 0.148818 
0.622103 5304.000000 0.151677 
0.623257 5249.000000 0.150104 
0.622795 5271.000000 0.150734 
0.623257 5249.000000 0.150104 
0.624473 5191.000000 0.148446 
0.623571 5234.000000 0.149675 
0.623760 5225.000000 0.149418 
0.623425 5241.000000 0.149876 
0.623487 5238.000000 0.149790 
0.623089 5257.000000 0.150333 
0.624368 5196.000000 0.148589 
0.624746 5178.000000 0.148074 
0.622712 5275.000000 0.150848 
0.623026 5260.000000 0.150419 
0.624452 5192.000000 0.148474 
0.624096 5209.000000 0.148961 
0.622628 5279.000000 0.150962 
0.623383 5243.000000 0.149933 
0.622712 5275.000000 0.150848 
0.624200 5204.000000 0.148818 
0.622879 5267.000000 0.150619 
0.623194 5252.000000 0.150190 
0.622753 5273.000000 0.150791 
0.623215 5251.000000 0.150162 
0.622523 5284.000000 0.151105 
0.623676 5229.000000 0.149532 
0.623005 5261.000000 0.150448 
0.624096 5209.000000 0.148961 
0.623823 5222.000000 0.149332 
0.623278 5248.000000 0.150076 
0.623152 5254.000000 0.150247 
0.623320 5246.000000 0.150019 
0.622753 5273.000000 0.150791 
0.623173 5253.000000 0.150219 
0.622628 5279.000000 0.150962 
0.623508 5237.000000 0.149761 
0.622942 5264.000000 0.150533 
0.622921 5265.000000 0.150562 
0.623194 5252.000000 0.150190 
0.622816 5270.000000 0.150705 
0.623613 5232.000000 0.149618 
0.623404 5242.000000 0.149904 
0.621936 5312.000000 0.151906 
0.623005 5261.000000 0.150448 
0.622460 5287.000000 0.151191 
0.623844 5221.000000 0.149304 
0.621600 5328.000000 0.152364 
0.623697 5228.000000 0.149504 
0.625291 5152.000000 0.147330 
0.623865 5220.000000 0.149275 
0.623760 5225.000000 0.149418 
0.623089 5257.000000 0.150333 
0.623550 5235.000000 0.149704 
0.623089 5257.000000 0.150333 
0.623613 5232.000000 0.149618 
0.623844 5221.000000 0.149304 
0.623404 5242.000000 0.149904 
0.623383 5243.000000 0.149933 
0.622691 5276.000000 0.150876 
0.623089 5257.000000 0.150333 
0.623425 5241.000000 0.149876 
0.623550 5235.000000 0.149704 
0.622900 5266.000000 0.150591 
0.622837 5269.000000 0.150676 
0.622879 5267.000000 0.150619 
0.623152 5254.000000 0.150247 
0.624620 5184.000000 0.148246 
0.623383 5243.000000 0.149933 
0.623802 5223.000000 0.149361 
0.623697 5228.000000 0.149504 
0.623131 5255.000000 0.150276 
0.623571 5234.000000 0.149675 
0.622166 5301.000000 0.151591 
0.623844 5221.000000 0.149304 
0.623173 5253.000000 0.150219 
0.623215 5251.000000 0.150162 
0.623173 5253.000000 0.150219 
0.623508 5237.000000 0.149761 
0.623131 5255.000000 0.150276 
0.624389 5195.000000 0.148560 
0.623320 5246.000000 0.150019 
0.622586 5281.000000 0.151019 
0.623802 5223.000000 0.149361 
0.623320 5246.000000 0.150019 
0.623026 5260.000000 0.150419 
0.622250 5297.000000 0.151477 
0.623068 5258.000000 0.150362 
0.622733 5274.000000 0.150819 
0.623844 5221.000000 0.149304 
0.624494 5190.000000 0.148417 
0.622712 5275.000000 0.150848 
0.624200 5204.000000 0.148818 
0.623655 5230.000000 0.149561 
0.623886 5219.000000 0.149246 
0.622460 5287.000000 0.151191 
0.623991 5214.000000 0.149103 
0.623970 5215.000000 0.149132 
0.624242 5202.000000 0.148760 
0.623697 5228.000000 0.149504 
0.624326 5198.000000 0.148646 
0.621873 5315.000000 0.151992 
0.623739 5226.000000 0.149447 
0.623949 5216.000000 0.149161 
0.624159 5206.000000 0.148875 
0.623739 5226.000000 0.149447 
0.623425 5241.000000 0.149876 
0.622691 5276.000000 0.150876 
0.624515 5189.000000 0.148389 
0.623739 5226.000000 0.149447 
0.623026 5260.000000 0.150419 
0.623592 5233.000000 0.149647 
0.621810 5318.000000 0.152078 
0.624389 5195.000000 0.148560 
0.623383 5243.000000 0.149933 
0.623047 5259.000000 0.150390 
0.623446 5240.000000 0.149847 
0.624284 5200.000000 0.148703 
0.623299 5247.000000 0.150047 
0.622250 5297.000000 0.151477 
0.623991 5214.000000 0.149103 
0.624704 5180.000000 0.148131 
0.623487 5238.000000 0.149790 
0.623781 5224.000000 0.149389 
0.624389 5195.000000 0.148560 
0.622733 5274.000000 0.150819 
0.623886 5219.000000 0.149246 
0.623425 5241.000000 0.149876 
0.623404 5242.000000 0.149904 
0.624578 5186.000000 0.148303 
0.624494 5190.000000 0.148417 
0.623089 5257.000000 0.150333 
0.622774 5272.000000 0.150762 
0.623760 5225.000000 0.149418 
0.625689 5133.000000 0.146787 
0.624494 5190.000000 0.148417 
0.623991 5214.000000 0.149103 
0.625375 5148.000000 0.147216 
0.624620 5184.000000 0.148246 
0.624557 5187.000000 0.148331 
0.623802 5223.000000 0.149361 
0.622124 5303.000000 0.151649 
0.622963 5263.000000 0.150505 
0.624033 5212.000000 0.149046 
0.624284 5200.000000 0.148703 
0.623550 5235.000000 0.149704 
0.623152 5254.000000 0.150247 
0.622753 5273.000000 0.150791 
0.624767 5177.000000 0.148045 
0.622649 5278.000000 0.150934 
0.623844 5221.000000 0.149304 
0.623655 5230.000000 0.149561 
0.623760 5225.000000 0.149418 
0.623844 5221.000000 0.149304 
0.624033 5212.000000 0.149046 
0.623487 5238.000000 0.149790 
0.623760 5225.000000 0.149418 
0.623949 5216.000000 0.149161 
0.623550 5235.000000 0.149704 
0.625291 5152.000000 0.147330 
0.623571 5234.000000 0.149675 
0.624410 5194.000000 0.148532 
0.623026 5260.000000 0.150419 
0.623823 5222.000000 0.149332 
0.621768 5320.000000 0.152135 
0.622250 5297.000000 0.151477 
0.622670 5277.000000 0.150905 
0.623173 5253.000000 0.150219 
0.623571 5234.000000 0.149675 
0.622481 5286.000000 0.151162 
0.623278 5248.000000 0.150076 
0.623592 5233.000000 0.149647 
0.624012 5213.000000 0.149075 
0.624033 5212.000000 0.149046 
0.624494 5190.000000 0.148417 
0.623655 5230.000000 0.149561 
0.623362 5244.000000 0.149961 
0.622795 5271.000000 0.150734 
0.622145 5302.000000 0.151620 
0.622900 5266.000000 0.150591 
0.623278 5248.000000 0.150076 
0.623152 5254.000000 0.150247 
0.622523 5284.000000 0.151105 
0.623215 5251.000000 0.150162 
0.623760 5225.000000 0.149418 
0.623362 5244.000000 0.149961 
0.623928 5217.000000 0.149189 
0.623299 5247.000000 0.150047 
0.622397 5290.000000 0.151277 
0.623907 5218.000000 0.149218 
0.622712 5275.000000 0.150848 
0.623068 5258.000000 0.150362 
0.623194 5252.000000 0.150190 
0.623446 5240.000000 0.149847 
0.623425 5241.000000 0.149876 
0.623571 5234.000000 0.149675 
0.623446 5240.000000 0.149847 
0.623991 5214.000000 0.149103 
0.624180 5205.000000 0.148846 
0.623865 5220.000000 0.149275 
0.625060 5163.000000 0.147645 
0.624012 5213.000000 0.149075 
0.623886 5219.000000 0.149246 
0.622502 5285.000000 0.151134 
0.623446 5240.000000 0.149847 
0.623970 5215.000000 0.149132 
0.623697 5228.000000 0.149504 
0.624242 5202.000000 0.148760 
0.624117 5208.000000 0.148932 
0.623550 5235.000000 0.149704 
0.622292 5295.000000 0.151420 
0.622858 5268.000000 0.150648 
0.625270 5153.000000 0.147359 
0.624075 5210.000000 0.148989 
0.624305 5199.000000 0.148675 
0.622753 5273.000000 0.150791 
0.622523 5284.000000 0.151105 
0.622397 5290.000000 0.151277 
0.623341 5245.000000 0.149990 
0.623907 5218.000000 0.149218 
0.624893 5171.000000 0.147874 
0.624473 5191.000000 0.148446 
0.623068 5258.000000 0.150362 
0.622481 5286.000000 0.151162 
0.623194 5252.000000 0.150190 
0.622124 5303.000000 0.151649 
0.623257 5249.000000 0.150104 
0.622816 5270.000000 0.150705 
0.623655 5230.000000 0.149561 
0.624242 5202.000000 0.148760 
0.622124 5303.000000 0.151649 
0.623634 5231.000000 0.149590 
0.623152 5254.000000 0.150247 
0.623425 5241.000000 0.149876 
