0.404706 278.000000 0.212214 
0.394118 305.000000 0.232824 
0.400784 288.000000 0.219847 
0.398824 293.000000 0.223664 
0.399216 292.000000 0.222901 
0.394118 305.000000 0.232824 
0.400784 288.000000 0.219847 
0.392941 308.000000 0.235115 
0.403922 280.000000 0.213740 
0.400392 289.000000 0.220611 
0.396078 300.000000 0.229008 
0.402745 283.000000 0.216031 
0.392941 308.000000 0.235115 
0.398431 294.000000 0.224427 
0.399608 291.000000 0.222137 
0.401569 286.000000 0.218321 
0.395294 302.000000 0.230534 
0.398039 295.000000 0.225191 
0.402745 283.000000 0.216031 
0.400392 289.000000 0.220611 
0.392941 308.000000 0.235115 
0.390588 314.000000 0.239695 
0.404706 278.000000 0.212214 
0.398039 295.000000 0.225191 
0.394510 304.000000 0.232061 
0.399216 292.000000 0.222901 
0.396863 298.000000 0.227481 
0.399608 291.000000 0.222137 
0.396471 299.000000 0.228244 
0.395294 302.000000 0.230534 
0.396863 298.000000 0.227481 
0.400000 290.000000 0.221374 
0.398824 293.000000 0.223664 
0.391765 311.000000 0.237405 
0.395686 301.000000 0.229771 
0.390588 314.000000 0.239695 
0.398431 294.000000 0.224427 
0.396078 300.000000 0.229008 
0.392549 309.000000 0.235878 
0.401569 286.000000 0.218321 
0.402745 283.000000 0.216031 
0.398431 294.000000 0.224427 
0.401569 286.000000 0.218321 
0.399216 292.000000 0.222901 
0.400392 289.000000 0.220611 
0.396471 299.000000 0.228244 
0.398431 294.000000 0.224427 
0.398824 293.000000 0.223664 
0.401176 287.000000 0.219084 
0.395294 302.000000 0.230534 
0.397255 297.000000 0.226718 
0.395294 302.000000 0.230534 
0.399608 291.000000 0.222137 
0.398039 295.000000 0.225191 
0.394902 303.000000 0.231298 
0.399216 292.000000 0.222901 
0.398431 294.000000 0.224427 
0.398431 294.000000 0.224427 
0.398824 293.000000 0.223664 
0.395686 301.000000 0.229771 
0.396863 298.000000 0.227481 
0.396863 298.000000 0.227481 
0.399608 291.000000 0.222137 
0.397255 297.000000 0.226718 
0.395294 302.000000 0.230534 
0.394902 303.000000 0.231298 
0.401569 286.000000 0.218321 
0.401176 287.000000 0.219084 
0.396471 299.000000 0.228244 
0.398039 295.000000 0.225191 
0.404314 279.000000 0.212977 
0.401961 285.000000 0.217557 
0.395294 302.000000 0.230534 
0.401569 286.000000 0.218321 
0.399608 291.000000 0.222137 
0.399216 292.000000 0.222901 
0.394902 303.000000 0.231298 
0.410196 264.000000 0.201527 
0.398431 294.000000 0.224427 
0.391765 311.000000 0.237405 
0.391765 311.000000 0.237405 
0.390980 313.000000 0.238931 
0.395686 301.000000 0.229771 
0.397255 297.000000 0.226718 
0.393725 306.000000 0.233588 
0.404706 278.000000 0.212214 
0.400784 288.000000 0.219847 
0.396863 298.000000 0.227481 
0.396863 298.000000 0.227481 
0.401176 287.000000 0.219084 
0.394510 304.000000 0.232061 
0.395294 302.000000 0.230534 
0.396863 298.000000 0.227481 
0.404706 278.000000 0.212214 
0.394118 305.000000 0.232824 
0.400784 288.000000 0.219847 
0.400784 288.000000 0.219847 
0.397255 297.000000 0.226718 
0.402353 284.000000 0.216794 
0.400784 288.000000 0.219847 
0.404706 278.000000 0.212214 
0.393333 307.000000 0.234351 
0.406275 274.000000 0.209160 
0.392941 308.000000 0.235115 
0.401176 287.000000 0.219084 
0.400392 289.000000 0.220611 
0.398824 293.000000 0.223664 
0.400000 290.000000 0.221374 
0.394118 305.000000 0.232824 
0.388627 319.000000 0.243511 
0.400000 290.000000 0.221374 
0.403922 280.000000 0.213740 
0.400392 289.000000 0.220611 
0.397647 296.000000 0.225954 
0.396078 300.000000 0.229008 
0.400000 290.000000 0.221374 
0.396863 298.000000 0.227481 
0.398039 295.000000 0.225191 
0.398824 293.000000 0.223664 
0.398824 293.000000 0.223664 
0.407843 270.000000 0.206107 
0.395294 302.000000 0.230534 
0.389804 316.000000 0.241221 
0.399216 292.000000 0.222901 
0.398431 294.000000 0.224427 
0.400784 288.000000 0.219847 
0.404314 279.000000 0.212977 
0.392941 308.000000 0.235115 
0.396471 299.000000 0.228244 
0.404706 278.000000 0.212214 
0.392941 308.000000 0.235115 
0.401961 285.000000 0.217557 
0.400784 288.000000 0.219847 
0.400784 288.000000 0.219847 
0.396863 298.000000 0.227481 
0.395686 301.000000 0.229771 
0.400392 289.000000 0.220611 
0.400392 289.000000 0.220611 
0.402745 283.000000 0.216031 
0.400784 288.000000 0.219847 
0.403922 280.000000 0.213740 
0.401569 286.000000 0.218321 
0.395294 302.000000 0.230534 
0.400000 290.000000 0.221374 
0.400392 289.000000 0.220611 
0.398824 293.000000 0.223664 
0.403137 282.000000 0.215267 
0.396078 300.000000 0.229008 
0.396471 299.000000 0.228244 
0.398039 295.000000 0.225191 
0.394902 303.000000 0.231298 
0.401569 286.000000 0.218321 
0.398039 295.000000 0.225191 
0.398039 295.000000 0.225191 
0.401961 285.000000 0.217557 
0.401961 285.000000 0.217557 
0.405882 275.000000 0.209924 
0.403137 282.000000 0.215267 
0.389804 316.000000 0.241221 
0.394118 305.000000 0.232824 
0.395686 301.000000 0.229771 
0.400784 288.000000 0.219847 
0.394118 305.000000 0.232824 
0.400784 288.000000 0.219847 
0.395294 302.000000 0.230534 
0.398039 295.000000 0.225191 
0.389412 317.000000 0.241985 
0.394902 303.000000 0.231298 
0.390196 315.000000 0.240458 
0.404314 279.000000 0.212977 
0.394118 305.000000 0.232824 
0.400784 288.000000 0.219847 
0.398039 295.000000 0.225191 
0.397647 296.000000 0.225954 
0.399608 291.000000 0.222137 
0.400000 290.000000 0.221374 
0.394510 304.000000 0.232061 
0.401961 285.000000 0.217557 
0.396078 300.000000 0.229008 
0.396863 298.000000 0.227481 
0.405490 276.000000 0.210687 
0.400000 290.000000 0.221374 
0.406667 273.000000 0.208397 
0.403137 282.000000 0.215267 
0.401176 287.000000 0.219084 
0.408627 268.000000 0.204580 
0.397255 297.000000 0.226718 
0.400000 290.000000 0.221374 
0.394510 304.000000 0.232061 
0.398824 293.000000 0.223664 
0.403529 281.000000 0.214504 
0.391765 311.000000 0.237405 
0.400784 288.000000 0.219847 
0.392549 309.000000 0.235878 
0.396863 298.000000 0.227481 
0.412941 257.000000 0.196183 
0.399216 292.000000 0.222901 
0.398039 295.000000 0.225191 
0.405490 276.000000 0.210687 
0.404706 278.000000 0.212214 
0.401569 286.000000 0.218321 
0.403137 282.000000 0.215267 
0.392549 309.000000 0.235878 
0.392549 309.000000 0.235878 
0.397647 296.000000 0.225954 
0.396471 299.000000 0.228244 
0.396078 300.000000 0.229008 
0.392157 310.000000 0.236641 
0.400392 289.000000 0.220611 
0.406275 274.000000 0.209160 
0.399608 291.000000 0.222137 
0.398431 294.000000 0.224427 
0.405098 277.000000 0.211450 
0.394118 305.000000 0.232824 
0.399608 291.000000 0.222137 
0.394510 304.000000 0.232061 
0.401569 286.000000 0.218321 
0.398431 294.000000 0.224427 
0.401176 287.000000 0.219084 
0.393725 306.000000 0.233588 
0.397255 297.000000 0.226718 
0.409804 265.000000 0.202290 
0.396863 298.000000 0.227481 
0.403922 280.000000 0.213740 
0.392549 309.000000 0.235878 
0.391765 311.000000 0.237405 
0.396863 298.000000 0.227481 
0.403922 280.000000 0.213740 
0.400000 290.000000 0.221374 
0.396863 298.000000 0.227481 
0.393725 306.000000 0.233588 
0.406275 274.000000 0.209160 
0.395686 301.000000 0.229771 
0.395686 301.000000 0.229771 
0.400000 290.000000 0.221374 
0.400784 288.000000 0.219847 
0.396863 298.000000 0.227481 
0.400392 289.000000 0.220611 
0.395294 302.000000 0.230534 
0.406275 274.000000 0.209160 
0.396471 299.000000 0.228244 
0.396863 298.000000 0.227481 
0.403922 280.000000 0.213740 
0.398431 294.000000 0.224427 
0.402353 284.000000 0.216794 
0.394510 304.000000 0.232061 
0.400000 290.000000 0.221374 
0.394902 303.000000 0.231298 
0.393333 307.000000 0.234351 
0.397255 297.000000 0.226718 
0.400392 289.000000 0.220611 
0.399608 291.000000 0.222137 
0.399216 292.000000 0.222901 
0.398039 295.000000 0.225191 
0.395294 302.000000 0.230534 
0.402745 283.000000 0.216031 
0.397255 297.000000 0.226718 
0.398039 295.000000 0.225191 
0.400392 289.000000 0.220611 
0.395686 301.000000 0.229771 
0.397255 297.000000 0.226718 
0.402745 283.000000 0.216031 
0.402745 283.000000 0.216031 
0.395294 302.000000 0.230534 
0.395294 302.000000 0.230534 
0.396863 298.000000 0.227481 
0.401176 287.000000 0.219084 
0.398431 294.000000 0.224427 
0.401961 285.000000 0.217557 
0.393725 306.000000 0.233588 
0.401961 285.000000 0.217557 
0.394118 305.000000 0.232824 
0.393333 307.000000 0.234351 
0.398039 295.000000 0.225191 
0.401176 287.000000 0.219084 
0.401569 286.000000 0.218321 
0.403529 281.000000 0.214504 
0.398431 294.000000 0.224427 
0.400392 289.000000 0.220611 
0.394510 304.000000 0.232061 
0.392157 310.000000 0.236641 
0.391373 312.000000 0.238168 
0.401176 287.000000 0.219084 
0.395294 302.000000 0.230534 
0.390196 315.000000 0.240458 
0.394118 305.000000 0.232824 
0.403137 282.000000 0.215267 
0.403137 282.000000 0.215267 
0.400784 288.000000 0.219847 
0.402745 283.000000 0.216031 
0.400392 289.000000 0.220611 
0.391765 311.000000 0.237405 
0.396078 300.000000 0.229008 
0.400784 288.000000 0.219847 
0.397255 297.000000 0.226718 
0.396863 298.000000 0.227481 
0.394510 304.000000 0.232061 
0.402353 284.000000 0.216794 
0.401569 286.000000 0.218321 
0.400000 290.000000 0.221374 
0.400784 288.000000 0.219847 
0.396863 298.000000 0.227481 
0.395294 302.000000 0.230534 
0.398039 295.000000 0.225191 
0.399216 292.000000 0.222901 
0.399608 291.000000 0.222137 
0.398431 294.000000 0.224427 
0.403922 280.000000 0.213740 
0.395294 302.000000 0.230534 
0.395294 302.000000 0.230534 
0.399216 292.000000 0.222901 
0.395294 302.000000 0.230534 
0.396471 299.000000 0.228244 
0.397255 297.000000 0.226718 
0.395294 302.000000 0.230534 
0.390196 315.000000 0.240458 
0.397255 297.000000 0.226718 
0.397647 296.000000 0.225954 
0.400000 290.000000 0.221374 
0.398431 294.000000 0.224427 
0.401176 287.000000 0.219084 
0.398824 293.000000 0.223664 
0.403137 282.000000 0.215267 
0.405882 275.000000 0.209924 
0.401961 285.000000 0.217557 
0.393333 307.000000 0.234351 
0.395686 301.000000 0.229771 
0.397647 296.000000 0.225954 
0.401569 286.000000 0.218321 
0.390196 315.000000 0.240458 
0.395294 302.000000 0.230534 
0.394510 304.000000 0.232061 
0.398431 294.000000 0.224427 
0.390588 314.000000 0.239695 
0.402353 284.000000 0.216794 
0.402745 283.000000 0.216031 
0.398039 295.000000 0.225191 
0.403137 282.000000 0.215267 
0.396863 298.000000 0.227481 
0.398824 293.000000 0.223664 
0.402745 283.000000 0.216031 
0.409020 267.000000 0.203817 
0.398824 293.000000 0.223664 
0.398039 295.000000 0.225191 
0.396863 298.000000 0.227481 
0.394902 303.000000 0.231298 
0.393725 306.000000 0.233588 
0.394118 305.000000 0.232824 
0.400784 288.000000 0.219847 
0.392941 308.000000 0.235115 
0.400392 289.000000 0.220611 
0.394902 303.000000 0.231298 
0.391765 311.000000 0.237405 
0.399608 291.000000 0.222137 
0.395686 301.000000 0.229771 
0.398039 295.000000 0.225191 
0.397255 297.000000 0.226718 
0.394902 303.000000 0.231298 
0.402745 283.000000 0.216031 
0.400784 288.000000 0.219847 
0.399608 291.000000 0.222137 
0.402745 283.000000 0.216031 
0.399608 291.000000 0.222137 
0.388235 320.000000 0.244275 
0.402745 283.000000 0.216031 
0.398824 293.000000 0.223664 
0.393725 306.000000 0.233588 
0.389412 317.000000 0.241985 
0.400784 288.000000 0.219847 
0.393725 306.000000 0.233588 
0.401176 287.000000 0.219084 
0.395686 301.000000 0.229771 
0.397647 296.000000 0.225954 
0.403529 281.000000 0.214504 
0.402745 283.000000 0.216031 
0.392941 308.000000 0.235115 
0.400784 288.000000 0.219847 
0.403529 281.000000 0.214504 
0.397647 296.000000 0.225954 
0.395294 302.000000 0.230534 
0.399216 292.000000 0.222901 
0.396078 300.000000 0.229008 
0.394118 305.000000 0.232824 
0.405882 275.000000 0.209924 
0.395294 302.000000 0.230534 
0.405098 277.000000 0.211450 
0.399608 291.000000 0.222137 
0.400784 288.000000 0.219847 
0.388627 319.000000 0.243511 
0.398039 295.000000 0.225191 
0.400000 290.000000 0.221374 
0.394902 303.000000 0.231298 
0.398039 295.000000 0.225191 
0.396078 300.000000 0.229008 
0.398431 294.000000 0.224427 
0.396863 298.000000 0.227481 
0.397647 296.000000 0.225954 
0.402745 283.000000 0.216031 
0.404314 279.000000 0.212977 
0.393333 307.000000 0.234351 
0.405490 276.000000 0.210687 
0.401961 285.000000 0.217557 
0.399608 291.000000 0.222137 
0.398039 295.000000 0.225191 
0.396863 298.000000 0.227481 
0.396471 299.000000 0.228244 
0.400392 289.000000 0.220611 
0.389412 317.000000 0.241985 
0.393333 307.000000 0.234351 
0.403529 281.000000 0.214504 
0.404314 279.000000 0.212977 
0.388235 320.000000 0.244275 
0.395294 302.000000 0.230534 
0.392549 309.000000 0.235878 
0.397647 296.000000 0.225954 
0.392549 309.000000 0.235878 
0.399608 291.000000 0.222137 
0.397255 297.000000 0.226718 
0.398824 293.000000 0.223664 
0.400392 289.000000 0.220611 
0.403922 280.000000 0.213740 
0.401176 287.000000 0.219084 
0.393333 307.000000 0.234351 
0.394118 305.000000 0.232824 
0.405882 275.000000 0.209924 
0.400784 288.000000 0.219847 
0.392157 310.000000 0.236641 
0.399216 292.000000 0.222901 
0.397647 296.000000 0.225954 
0.398431 294.000000 0.224427 
0.394902 303.000000 0.231298 
0.396078 300.000000 0.229008 
0.394902 303.000000 0.231298 
0.394510 304.000000 0.232061 
0.393725 306.000000 0.233588 
0.400000 290.000000 0.221374 
0.394902 303.000000 0.231298 
0.401961 285.000000 0.217557 
0.396863 298.000000 0.227481 
0.395686 301.000000 0.229771 
0.396863 298.000000 0.227481 
0.401569 286.000000 0.218321 
0.401961 285.000000 0.217557 
0.401176 287.000000 0.219084 
0.396863 298.000000 0.227481 
0.390980 313.000000 0.238931 
0.398431 294.000000 0.224427 
0.403137 282.000000 0.215267 
0.396078 300.000000 0.229008 
0.396863 298.000000 0.227481 
0.403922 280.000000 0.213740 
0.403529 281.000000 0.214504 
0.391765 311.000000 0.237405 
0.400392 289.000000 0.220611 
0.396863 298.000000 0.227481 
0.397647 296.000000 0.225954 
0.398824 293.000000 0.223664 
0.395686 301.000000 0.229771 
0.400000 290.000000 0.221374 
0.402353 284.000000 0.216794 
0.395294 302.000000 0.230534 
0.397647 296.000000 0.225954 
0.395294 302.000000 0.230534 
0.396863 298.000000 0.227481 
0.389412 317.000000 0.241985 
0.399216 292.000000 0.222901 
0.394118 305.000000 0.232824 
0.399608 291.000000 0.222137 
0.395686 301.000000 0.229771 
0.397647 296.000000 0.225954 
0.391765 311.000000 0.237405 
0.389804 316.000000 0.241221 
0.400000 290.000000 0.221374 
0.394118 305.000000 0.232824 
0.403922 280.000000 0.213740 
0.392941 308.000000 0.235115 
0.393725 306.000000 0.233588 
0.401176 287.000000 0.219084 
0.394510 304.000000 0.232061 
0.389804 316.000000 0.241221 
0.399216 292.000000 0.222901 
0.402353 284.000000 0.216794 
0.399216 292.000000 0.222901 
0.392157 310.000000 0.236641 
0.401176 287.000000 0.219084 
0.399608 291.000000 0.222137 
0.396471 299.000000 0.228244 
0.390980 313.000000 0.238931 
0.399216 292.000000 0.222901 
0.400000 290.000000 0.221374 
0.397647 296.000000 0.225954 
0.391765 311.000000 0.237405 
0.394118 305.000000 0.232824 
0.400392 289.000000 0.220611 
0.401569 286.000000 0.218321 
0.400000 290.000000 0.221374 
0.390588 314.000000 0.239695 
0.400392 289.000000 0.220611 
0.394902 303.000000 0.231298 
0.400784 288.000000 0.219847 
0.399216 292.000000 0.222901 
0.401569 286.000000 0.218321 
0.395686 301.000000 0.229771 
0.393725 306.000000 0.233588 
0.394510 304.000000 0.232061 
0.398824 293.000000 0.223664 
0.396471 299.000000 0.228244 
0.398431 294.000000 0.224427 
0.396078 300.000000 0.229008 
0.393333 307.000000 0.234351 
0.392549 309.000000 0.235878 
0.395686 301.000000 0.229771 
0.396078 300.000000 0.229008 
0.408627 268.000000 0.204580 
0.400392 289.000000 0.220611 
0.403529 281.000000 0.214504 
0.399608 291.000000 0.222137 
0.398431 294.000000 0.224427 
0.397647 296.000000 0.225954 
0.397647 296.000000 0.225954 
0.394118 305.000000 0.232824 
0.406275 274.000000 0.209160 
0.394510 304.000000 0.232061 
0.389412 317.000000 0.241985 
0.403922 280.000000 0.213740 
0.402745 283.000000 0.216031 
0.388235 320.000000 0.244275 
0.400000 290.000000 0.221374 
0.394118 305.000000 0.232824 
0.396863 298.000000 0.227481 
0.398824 293.000000 0.223664 
0.395294 302.000000 0.230534 
0.398039 295.000000 0.225191 
0.403137 282.000000 0.215267 
0.395294 302.000000 0.230534 
0.400392 289.000000 0.220611 
0.399216 292.000000 0.222901 
0.402745 283.000000 0.216031 
0.399216 292.000000 0.222901 
0.401569 286.000000 0.218321 
0.396863 298.000000 0.227481 
0.399216 292.000000 0.222901 
0.400784 288.000000 0.219847 
0.396471 299.000000 0.228244 
0.405490 276.000000 0.210687 
0.398824 293.000000 0.223664 
0.400000 290.000000 0.221374 
0.394118 305.000000 0.232824 
0.405098 277.000000 0.211450 
0.398824 293.000000 0.223664 
0.393333 307.000000 0.234351 
0.398824 293.000000 0.223664 
0.400392 289.000000 0.220611 
0.389020 318.000000 0.242748 
0.396471 299.000000 0.228244 
0.400392 289.000000 0.220611 
0.398824 293.000000 0.223664 
0.401176 287.000000 0.219084 
0.397647 296.000000 0.225954 
0.400784 288.000000 0.219847 
0.394902 303.000000 0.231298 
0.401569 286.000000 0.218321 
0.394118 305.000000 0.232824 
0.396863 298.000000 0.227481 
0.401176 287.000000 0.219084 
0.399216 292.000000 0.222901 
0.397647 296.000000 0.225954 
0.398431 294.000000 0.224427 
0.395686 301.000000 0.229771 
0.394510 304.000000 0.232061 
0.403529 281.000000 0.214504 
0.401176 287.000000 0.219084 
0.401961 285.000000 0.217557 
0.396471 299.000000 0.228244 
0.398039 295.000000 0.225191 
0.393725 306.000000 0.233588 
0.398039 295.000000 0.225191 
0.400392 289.000000 0.220611 
0.396471 299.000000 0.228244 
0.403529 281.000000 0.214504 
0.404314 279.000000 0.212977 
0.403922 280.000000 0.213740 
0.391765 311.000000 0.237405 
0.396078 300.000000 0.229008 
0.394118 305.000000 0.232824 
0.400000 290.000000 0.221374 
0.396078 300.000000 0.229008 
0.398039 295.000000 0.225191 
0.394902 303.000000 0.231298 
0.400392 289.000000 0.220611 
0.395294 302.000000 0.230534 
0.391765 311.000000 0.237405 
0.400000 290.000000 0.221374 
0.393333 307.000000 0.234351 
0.399608 291.000000 0.222137 
0.396471 299.000000 0.228244 
0.393725 306.000000 0.233588 
0.408627 268.000000 0.204580 
0.398039 295.000000 0.225191 
0.396863 298.000000 0.227481 
0.401569 286.000000 0.218321 
0.404314 279.000000 0.212977 
0.400392 289.000000 0.220611 
0.398431 294.000000 0.224427 
0.395686 301.000000 0.229771 
0.391373 312.000000 0.238168 
0.392941 308.000000 0.235115 
0.398824 293.000000 0.223664 
0.395294 302.000000 0.230534 
0.404314 279.000000 0.212977 
0.400000 290.000000 0.221374 
0.390588 314.000000 0.239695 
0.399216 292.000000 0.222901 
0.398824 293.000000 0.223664 
0.399216 292.000000 0.222901 
0.400784 288.000000 0.219847 
0.399216 292.000000 0.222901 
0.381569 337.000000 0.257252 
0.395294 302.000000 0.230534 
0.399216 292.000000 0.222901 
0.398431 294.000000 0.224427 
0.390588 314.000000 0.239695 
0.396078 300.000000 0.229008 
0.403922 280.000000 0.213740 
0.395686 301.000000 0.229771 
0.396863 298.000000 0.227481 
0.399216 292.000000 0.222901 
0.404706 278.000000 0.212214 
0.397255 297.000000 0.226718 
0.396078 300.000000 0.229008 
0.392157 310.000000 0.236641 
0.396863 298.000000 0.227481 
0.401176 287.000000 0.219084 
0.405098 277.000000 0.211450 
0.390980 313.000000 0.238931 
0.392941 308.000000 0.235115 
0.391373 312.000000 0.238168 
0.395294 302.000000 0.230534 
0.401569 286.000000 0.218321 
0.399608 291.000000 0.222137 
0.400000 290.000000 0.221374 
0.393725 306.000000 0.233588 
0.394510 304.000000 0.232061 
0.398431 294.000000 0.224427 
0.395294 302.000000 0.230534 
0.402745 283.000000 0.216031 
0.407451 271.000000 0.206870 
0.412157 259.000000 0.197710 
0.396863 298.000000 0.227481 
0.397647 296.000000 0.225954 
0.396863 298.000000 0.227481 
0.396863 298.000000 0.227481 
0.391765 311.000000 0.237405 
0.396078 300.000000 0.229008 
0.395294 302.000000 0.230534 
0.396471 299.000000 0.228244 
0.395686 301.000000 0.229771 
0.397255 297.000000 0.226718 
0.398431 294.000000 0.224427 
0.395294 302.000000 0.230534 
0.402353 284.000000 0.216794 
0.395686 301.000000 0.229771 
0.403529 281.000000 0.214504 
0.392157 310.000000 0.236641 
0.400784 288.000000 0.219847 
0.395294 302.000000 0.230534 
0.390588 314.000000 0.239695 
0.403137 282.000000 0.215267 
0.403137 282.000000 0.215267 
0.396471 299.000000 0.228244 
0.397647 296.000000 0.225954 
0.390588 314.000000 0.239695 
0.398431 294.000000 0.224427 
0.398824 293.000000 0.223664 
0.391765 311.000000 0.237405 
0.401961 285.000000 0.217557 
0.395686 301.000000 0.229771 
0.399216 292.000000 0.222901 
0.396471 299.000000 0.228244 
0.409412 266.000000 0.203053 
0.399608 291.000000 0.222137 
0.401961 285.000000 0.217557 
0.399216 292.000000 0.222901 
0.393333 307.000000 0.234351 
0.392549 309.000000 0.235878 
0.398039 295.000000 0.225191 
0.398431 294.000000 0.224427 
0.396078 300.000000 0.229008 
0.393725 306.000000 0.233588 
0.396471 299.000000 0.228244 
0.398431 294.000000 0.224427 
0.396078 300.000000 0.229008 
0.408627 268.000000 0.204580 
0.394902 303.000000 0.231298 
0.397647 296.000000 0.225954 
0.393333 307.000000 0.234351 
0.399608 291.000000 0.222137 
0.401176 287.000000 0.219084 
0.396863 298.000000 0.227481 
0.399216 292.000000 0.222901 
0.394510 304.000000 0.232061 
0.390196 315.000000 0.240458 
0.394510 304.000000 0.232061 
0.395294 302.000000 0.230534 
0.406275 274.000000 0.209160 
0.405882 275.000000 0.209924 
0.391765 311.000000 0.237405 
0.401961 285.000000 0.217557 
0.398039 295.000000 0.225191 
0.395686 301.000000 0.229771 
0.404706 278.000000 0.212214 
0.399216 292.000000 0.222901 
0.390980 313.000000 0.238931 
0.398824 293.000000 0.223664 
0.399216 292.000000 0.222901 
0.398039 295.000000 0.225191 
0.403529 281.000000 0.214504 
0.402745 283.000000 0.216031 
0.400392 289.000000 0.220611 
0.400392 289.000000 0.220611 
0.399216 292.000000 0.222901 
0.396078 300.000000 0.229008 
0.400784 288.000000 0.219847 
0.393725 306.000000 0.233588 
0.401569 286.000000 0.218321 
0.398824 293.000000 0.223664 
0.390980 313.000000 0.238931 
0.407059 272.000000 0.207634 
0.398431 294.000000 0.224427 
0.397647 296.000000 0.225954 
0.398431 294.000000 0.224427 
0.393333 307.000000 0.234351 
0.407843 270.000000 0.206107 
0.399216 292.000000 0.222901 
0.396078 300.000000 0.229008 
0.398039 295.000000 0.225191 
0.398824 293.000000 0.223664 
0.393333 307.000000 0.234351 
0.400000 290.000000 0.221374 
0.401569 286.000000 0.218321 
0.395686 301.000000 0.229771 
0.390980 313.000000 0.238931 
0.401961 285.000000 0.217557 
0.398039 295.000000 0.225191 
0.392549 309.000000 0.235878 
0.396078 300.000000 0.229008 
0.403137 282.000000 0.215267 
0.397255 297.000000 0.226718 
0.401961 285.000000 0.217557 
0.393725 306.000000 0.233588 
0.394510 304.000000 0.232061 
0.409412 266.000000 0.203053 
0.397647 296.000000 0.225954 
0.390980 313.000000 0.238931 
0.396863 298.000000 0.227481 
0.401176 287.000000 0.219084 
0.394118 305.000000 0.232824 
0.391373 312.000000 0.238168 
0.405098 277.000000 0.211450 
0.392941 308.000000 0.235115 
0.398431 294.000000 0.224427 
0.402745 283.000000 0.216031 
0.398431 294.000000 0.224427 
0.394902 303.000000 0.231298 
0.393333 307.000000 0.234351 
0.397647 296.000000 0.225954 
0.398431 294.000000 0.224427 
0.405490 276.000000 0.210687 
0.402353 284.000000 0.216794 
0.399608 291.000000 0.222137 
0.404706 278.000000 0.212214 
0.391373 312.000000 0.238168 
0.395686 301.000000 0.229771 
0.402745 283.000000 0.216031 
0.394902 303.000000 0.231298 
0.395294 302.000000 0.230534 
0.398824 293.000000 0.223664 
0.398039 295.000000 0.225191 
0.390588 314.000000 0.239695 
0.392549 309.000000 0.235878 
0.398824 293.000000 0.223664 
0.403137 282.000000 0.215267 
0.398431 294.000000 0.224427 
0.391373 312.000000 0.238168 
0.400000 290.000000 0.221374 
0.404706 278.000000 0.212214 
0.393725 306.000000 0.233588 
0.397647 296.000000 0.225954 
0.390980 313.000000 0.238931 
0.397255 297.000000 0.226718 
0.398431 294.000000 0.224427 
0.402745 283.000000 0.216031 
0.396863 298.000000 0.227481 
0.401569 286.000000 0.218321 
0.397255 297.000000 0.226718 
0.392549 309.000000 0.235878 
0.402745 283.000000 0.216031 
0.402745 283.000000 0.216031 
0.396863 298.000000 0.227481 
0.397255 297.000000 0.226718 
0.396863 298.000000 0.227481 
0.398039 295.000000 0.225191 
0.397647 296.000000 0.225954 
0.400392 289.000000 0.220611 
0.398431 294.000000 0.224427 
0.390980 313.000000 0.238931 
0.398039 295.000000 0.225191 
0.398824 293.000000 0.223664 
0.401176 287.000000 0.219084 
0.397647 296.000000 0.225954 
0.393333 307.000000 0.234351 
0.395294 302.000000 0.230534 
0.394118 305.000000 0.232824 
0.398039 295.000000 0.225191 
0.400784 288.000000 0.219847 
0.400392 289.000000 0.220611 
0.397255 297.000000 0.226718 
0.395294 302.000000 0.230534 
0.388235 320.000000 0.244275 
0.396471 299.000000 0.228244 
0.400392 289.000000 0.220611 
0.405490 276.000000 0.210687 
0.395294 302.000000 0.230534 
0.395686 301.000000 0.229771 
0.400784 288.000000 0.219847 
0.399216 292.000000 0.222901 
0.394118 305.000000 0.232824 
0.399216 292.000000 0.222901 
0.395686 301.000000 0.229771 
0.408235 269.000000 0.205344 
0.397255 297.000000 0.226718 
0.400784 288.000000 0.219847 
0.393333 307.000000 0.234351 
0.397255 297.000000 0.226718 
0.398431 294.000000 0.224427 
0.398824 293.000000 0.223664 
0.403922 280.000000 0.213740 
0.401961 285.000000 0.217557 
0.404314 279.000000 0.212977 
0.400392 289.000000 0.220611 
0.397255 297.000000 0.226718 
0.408235 269.000000 0.205344 
0.392941 308.000000 0.235115 
0.393333 307.000000 0.234351 
0.391765 311.000000 0.237405 
0.395294 302.000000 0.230534 
0.400784 288.000000 0.219847 
0.396471 299.000000 0.228244 
0.396471 299.000000 0.228244 
0.402353 284.000000 0.216794 
0.394118 305.000000 0.232824 
0.402353 284.000000 0.216794 
0.396078 300.000000 0.229008 
0.397647 296.000000 0.225954 
0.390588 314.000000 0.239695 
0.403529 281.000000 0.214504 
0.398824 293.000000 0.223664 
0.396471 299.000000 0.228244 
0.396471 299.000000 0.228244 
0.391765 311.000000 0.237405 
0.393333 307.000000 0.234351 
0.398824 293.000000 0.223664 
0.400392 289.000000 0.220611 
0.394902 303.000000 0.231298 
0.406275 274.000000 0.209160 
0.392549 309.000000 0.235878 
0.395294 302.000000 0.230534 
0.393333 307.000000 0.234351 
0.398824 293.000000 0.223664 
0.395294 302.000000 0.230534 
0.400392 289.000000 0.220611 
0.399216 292.000000 0.222901 
0.396471 299.000000 0.228244 
0.396078 300.000000 0.229008 
0.393333 307.000000 0.234351 
0.396078 300.000000 0.229008 
0.397647 296.000000 0.225954 
0.397647 296.000000 0.225954 
0.394118 305.000000 0.232824 
0.399608 291.000000 0.222137 
0.405490 276.000000 0.210687 
0.398824 293.000000 0.223664 
0.401961 285.000000 0.217557 
0.399216 292.000000 0.222901 
0.401569 286.000000 0.218321 
0.399216 292.000000 0.222901 
0.394118 305.000000 0.232824 
0.397647 296.000000 0.225954 
0.392549 309.000000 0.235878 
0.396078 300.000000 0.229008 
0.399216 292.000000 0.222901 
0.402353 284.000000 0.216794 
0.396471 299.000000 0.228244 
0.403922 280.000000 0.213740 
0.392941 308.000000 0.235115 
0.399216 292.000000 0.222901 
0.395294 302.000000 0.230534 
0.400392 289.000000 0.220611 
0.396471 299.000000 0.228244 
0.400784 288.000000 0.219847 
0.396863 298.000000 0.227481 
0.398824 293.000000 0.223664 
0.401176 287.000000 0.219084 
0.405098 277.000000 0.211450 
0.393333 307.000000 0.234351 
0.396078 300.000000 0.229008 
0.398431 294.000000 0.224427 
0.405098 277.000000 0.211450 
0.401569 286.000000 0.218321 
0.396471 299.000000 0.228244 
0.395686 301.000000 0.229771 
0.395294 302.000000 0.230534 
0.394510 304.000000 0.232061 
0.391373 312.000000 0.238168 
0.400784 288.000000 0.219847 
0.403529 281.000000 0.214504 
0.395686 301.000000 0.229771 
0.391765 311.000000 0.237405 
0.399608 291.000000 0.222137 
0.400000 290.000000 0.221374 
0.400000 290.000000 0.221374 
0.401569 286.000000 0.218321 
0.383922 331.000000 0.252672 
0.400784 288.000000 0.219847 
0.402353 284.000000 0.216794 
0.405490 276.000000 0.210687 
0.405098 277.000000 0.211450 
0.394902 303.000000 0.231298 
0.401961 285.000000 0.217557 
0.390196 315.000000 0.240458 
0.400784 288.000000 0.219847 
0.395294 302.000000 0.230534 
0.401176 287.000000 0.219084 
0.398431 294.000000 0.224427 
0.400784 288.000000 0.219847 
0.389412 317.000000 0.241985 
0.402745 283.000000 0.216031 
0.405098 277.000000 0.211450 
0.399608 291.000000 0.222137 
0.403137 282.000000 0.215267 
0.399216 292.000000 0.222901 
0.403922 280.000000 0.213740 
0.391765 311.000000 0.237405 
0.389412 317.000000 0.241985 
0.403529 281.000000 0.214504 
0.391765 311.000000 0.237405 
0.396471 299.000000 0.228244 
0.401176 287.000000 0.219084 
0.394902 303.000000 0.231298 
0.391373 312.000000 0.238168 
0.401176 287.000000 0.219084 
0.392549 309.000000 0.235878 
0.398431 294.000000 0.224427 
0.394902 303.000000 0.231298 
0.392549 309.000000 0.235878 
0.392941 308.000000 0.235115 
0.396078 300.000000 0.229008 
0.396471 299.000000 0.228244 
0.405490 276.000000 0.210687 
0.395294 302.000000 0.230534 
0.392549 309.000000 0.235878 
0.406275 274.000000 0.209160 
0.401569 286.000000 0.218321 
0.391373 312.000000 0.238168 
0.396078 300.000000 0.229008 
0.395294 302.000000 0.230534 
0.396863 298.000000 0.227481 
0.408627 268.000000 0.204580 
0.400392 289.000000 0.220611 
0.400784 288.000000 0.219847 
0.398824 293.000000 0.223664 
0.402353 284.000000 0.216794 
0.395686 301.000000 0.229771 
0.406667 273.000000 0.208397 
0.396863 298.000000 0.227481 
0.403137 282.000000 0.215267 
0.394902 303.000000 0.231298 
0.400000 290.000000 0.221374 
0.397647 296.000000 0.225954 
0.403137 282.000000 0.215267 
0.401569 286.000000 0.218321 
0.401176 287.000000 0.219084 
0.400392 289.000000 0.220611 
0.397647 296.000000 0.225954 
0.400392 289.000000 0.220611 
0.403529 281.000000 0.214504 
0.400392 289.000000 0.220611 
0.401569 286.000000 0.218321 
0.400000 290.000000 0.221374 
0.398824 293.000000 0.223664 
0.401961 285.000000 0.217557 
0.399216 292.000000 0.222901 
0.400784 288.000000 0.219847 
0.391373 312.000000 0.238168 
0.399216 292.000000 0.222901 
0.399608 291.000000 0.222137 
0.394510 304.000000 0.232061 
0.400392 289.000000 0.220611 
0.394510 304.000000 0.232061 
0.398431 294.000000 0.224427 
0.393725 306.000000 0.233588 
0.395686 301.000000 0.229771 
0.404314 279.000000 0.212977 
0.398824 293.000000 0.223664 
0.397647 296.000000 0.225954 
0.397647 296.000000 0.225954 
0.396863 298.000000 0.227481 
0.398431 294.000000 0.224427 
0.399608 291.000000 0.222137 
0.396471 299.000000 0.228244 
0.402745 283.000000 0.216031 
0.400784 288.000000 0.219847 
0.400784 288.000000 0.219847 
0.400000 290.000000 0.221374 
0.394118 305.000000 0.232824 
0.400392 289.000000 0.220611 
0.391373 312.000000 0.238168 
0.396863 298.000000 0.227481 
0.398824 293.000000 0.223664 
0.396471 299.000000 0.228244 
0.404314 279.000000 0.212977 
0.394510 304.000000 0.232061 
0.400000 290.000000 0.221374 
0.402745 283.000000 0.216031 
0.401176 287.000000 0.219084 
0.397647 296.000000 0.225954 
0.401961 285.000000 0.217557 
0.395686 301.000000 0.229771 
0.396471 299.000000 0.228244 
0.401569 286.000000 0.218321 
0.397255 297.000000 0.226718 
0.398039 295.000000 0.225191 
0.403529 281.000000 0.214504 
0.390196 315.000000 0.240458 
0.397647 296.000000 0.225954 
0.399608 291.000000 0.222137 
0.402745 283.000000 0.216031 
0.400392 289.000000 0.220611 
0.396078 300.000000 0.229008 
0.390196 315.000000 0.240458 
0.399608 291.000000 0.222137 
0.396078 300.000000 0.229008 
0.401176 287.000000 0.219084 
0.397647 296.000000 0.225954 
0.399216 292.000000 0.222901 
0.394510 304.000000 0.232061 
0.398824 293.000000 0.223664 
0.399216 292.000000 0.222901 
0.394510 304.000000 0.232061 
0.400392 289.000000 0.220611 
0.398431 294.000000 0.224427 
0.393333 307.000000 0.234351 
0.405490 276.000000 0.210687 
0.393725 306.000000 0.233588 
0.396078 300.000000 0.229008 
0.400000 290.000000 0.221374 
0.396863 298.000000 0.227481 
0.392549 309.000000 0.235878 
0.405490 276.000000 0.210687 
0.392157 310.000000 0.236641 
0.402745 283.000000 0.216031 
0.390588 314.000000 0.239695 
0.400000 290.000000 0.221374 
0.392157 310.000000 0.236641 
0.401176 287.000000 0.219084 
0.397647 296.000000 0.225954 
0.396078 300.000000 0.229008 
0.404314 279.000000 0.212977 
0.392549 309.000000 0.235878 
0.397647 296.000000 0.225954 
0.394510 304.000000 0.232061 
0.399608 291.000000 0.222137 
0.406667 273.000000 0.208397 
0.396078 300.000000 0.229008 
0.401961 285.000000 0.217557 
0.400784 288.000000 0.219847 
0.398039 295.000000 0.225191 
0.395686 301.000000 0.229771 
0.395686 301.000000 0.229771 
0.394510 304.000000 0.232061 
0.394118 305.000000 0.232824 
0.394510 304.000000 0.232061 
0.399608 291.000000 0.222137 
0.405098 277.000000 0.211450 
0.399216 292.000000 0.222901 
0.393333 307.000000 0.234351 
0.405098 277.000000 0.211450 
0.397255 297.000000 0.226718 
0.400784 288.000000 0.219847 
0.403137 282.000000 0.215267 
0.400784 288.000000 0.219847 
0.397255 297.000000 0.226718 
0.398431 294.000000 0.224427 
0.400392 289.000000 0.220611 
0.409804 265.000000 0.202290 
0.404706 278.000000 0.212214 
0.401961 285.000000 0.217557 
0.392941 308.000000 0.235115 
0.393333 307.000000 0.234351 
0.392941 308.000000 0.235115 
0.392549 309.000000 0.235878 
0.403137 282.000000 0.215267 
0.404314 279.000000 0.212977 
0.397255 297.000000 0.226718 
0.397647 296.000000 0.225954 
0.392549 309.000000 0.235878 
0.392941 308.000000 0.235115 
0.405882 275.000000 0.209924 
0.399216 292.000000 0.222901 
0.397255 297.000000 0.226718 
0.403137 282.000000 0.215267 
0.398431 294.000000 0.224427 
0.387843 321.000000 0.245038 
0.400000 290.000000 0.221374 
0.395294 302.000000 0.230534 
0.398824 293.000000 0.223664 
0.406275 274.000000 0.209160 
0.405882 275.000000 0.209924 
0.395294 302.000000 0.230534 
0.402353 284.000000 0.216794 
0.394902 303.000000 0.231298 
0.396078 300.000000 0.229008 
0.404314 279.000000 0.212977 
0.402353 284.000000 0.216794 
0.402353 284.000000 0.216794 
0.399216 292.000000 0.222901 
0.398431 294.000000 0.224427 
0.400000 290.000000 0.221374 
0.394902 303.000000 0.231298 
0.393333 307.000000 0.234351 
0.390980 313.000000 0.238931 
0.397647 296.000000 0.225954 
0.400000 290.000000 0.221374 
0.402353 284.000000 0.216794 
0.390196 315.000000 0.240458 
0.403137 282.000000 0.215267 
0.404314 279.000000 0.212977 
0.390196 315.000000 0.240458 
0.400000 290.000000 0.221374 
0.397255 297.000000 0.226718 
0.403137 282.000000 0.215267 
0.396471 299.000000 0.228244 
0.391373 312.000000 0.238168 
0.398824 293.000000 0.223664 
0.404706 278.000000 0.212214 
0.395686 301.000000 0.229771 
0.395686 301.000000 0.229771 
0.399216 292.000000 0.222901 
0.398039 295.000000 0.225191 
0.395686 301.000000 0.229771 
0.400392 289.000000 0.220611 
0.407451 271.000000 0.206870 
0.403922 280.000000 0.213740 
0.399608 291.000000 0.222137 
0.406667 273.000000 0.208397 
0.405882 275.000000 0.209924 
0.408235 269.000000 0.205344 
0.399216 292.000000 0.222901 
0.390980 313.000000 0.238931 
0.396471 299.000000 0.228244 
0.392941 308.000000 0.235115 
0.399216 292.000000 0.222901 
0.397647 296.000000 0.225954 
0.400000 290.000000 0.221374 
0.396078 300.000000 0.229008 
0.399608 291.000000 0.222137 
0.401961 285.000000 0.217557 
0.395686 301.000000 0.229771 
0.403922 280.000000 0.213740 
0.406275 274.000000 0.209160 
0.396863 298.000000 0.227481 
0.395294 302.000000 0.230534 
0.396471 299.000000 0.228244 
0.401961 285.000000 0.217557 
0.400784 288.000000 0.219847 
0.399216 292.000000 0.222901 
0.406275 274.000000 0.209160 
0.400392 289.000000 0.220611 
0.395294 302.000000 0.230534 
0.399216 292.000000 0.222901 
0.406667 273.000000 0.208397 
0.393333 307.000000 0.234351 
0.400392 289.000000 0.220611 
0.392157 310.000000 0.236641 
0.401176 287.000000 0.219084 
0.397255 297.000000 0.226718 
0.409412 266.000000 0.203053 
0.394118 305.000000 0.232824 
0.390196 315.000000 0.240458 
0.398824 293.000000 0.223664 
0.397255 297.000000 0.226718 
0.394510 304.000000 0.232061 
0.401176 287.000000 0.219084 
0.405882 275.000000 0.209924 
0.401569 286.000000 0.218321 
0.397647 296.000000 0.225954 
0.400784 288.000000 0.219847 
0.393725 306.000000 0.233588 
0.386275 325.000000 0.248092 
0.393333 307.000000 0.234351 
0.401961 285.000000 0.217557 
0.394118 305.000000 0.232824 
0.401569 286.000000 0.218321 
0.399216 292.000000 0.222901 
0.395294 302.000000 0.230534 
0.397255 297.000000 0.226718 
0.400392 289.000000 0.220611 
0.398431 294.000000 0.224427 
0.400000 290.000000 0.221374 
0.396863 298.000000 0.227481 
0.400000 290.000000 0.221374 
0.392549 309.000000 0.235878 
0.392941 308.000000 0.235115 
0.396471 299.000000 0.228244 
0.401569 286.000000 0.218321 
0.398824 293.000000 0.223664 
0.399608 291.000000 0.222137 
0.391765 311.000000 0.237405 
0.391765 311.000000 0.237405 
0.390980 313.000000 0.238931 
0.394118 305.000000 0.232824 
0.397255 297.000000 0.226718 
0.398824 293.000000 0.223664 
0.401961 285.000000 0.217557 
0.392549 309.000000 0.235878 
0.397255 297.000000 0.226718 
0.390980 313.000000 0.238931 
0.395294 302.000000 0.230534 
0.400392 289.000000 0.220611 
0.395294 302.000000 0.230534 
0.396471 299.000000 0.228244 
0.389412 317.000000 0.241985 
0.400392 289.000000 0.220611 
0.393725 306.000000 0.233588 
0.399216 292.000000 0.222901 
0.396863 298.000000 0.227481 
0.396078 300.000000 0.229008 
0.394510 304.000000 0.232061 
0.398824 293.000000 0.223664 
0.401961 285.000000 0.217557 
0.396471 299.000000 0.228244 
0.401961 285.000000 0.217557 
0.391765 311.000000 0.237405 
0.401176 287.000000 0.219084 
0.401176 287.000000 0.219084 
0.392549 309.000000 0.235878 
0.397255 297.000000 0.226718 
0.391373 312.000000 0.238168 
0.395294 302.000000 0.230534 
0.394510 304.000000 0.232061 
0.399608 291.000000 0.222137 
0.400784 288.000000 0.219847 
0.396863 298.000000 0.227481 
0.402745 283.000000 0.216031 
0.399608 291.000000 0.222137 
0.392157 310.000000 0.236641 
0.397255 297.000000 0.226718 
0.393725 306.000000 0.233588 
0.407451 271.000000 0.206870 
0.401569 286.000000 0.218321 
0.396078 300.000000 0.229008 
0.400000 290.000000 0.221374 
0.397647 296.000000 0.225954 
0.397647 296.000000 0.225954 
0.401176 287.000000 0.219084 
0.407843 270.000000 0.206107 
0.406275 274.000000 0.209160 
0.400784 288.000000 0.219847 
0.409412 266.000000 0.203053 
0.403529 281.000000 0.214504 
0.400784 288.000000 0.219847 
0.398824 293.000000 0.223664 
0.398431 294.000000 0.224427 
0.405490 276.000000 0.210687 
0.396471 299.000000 0.228244 
0.392941 308.000000 0.235115 
0.399608 291.000000 0.222137 
0.396078 300.000000 0.229008 
0.395294 302.000000 0.230534 
0.401176 287.000000 0.219084 
0.403922 280.000000 0.213740 
0.392549 309.000000 0.235878 
0.399216 292.000000 0.222901 
0.398824 293.000000 0.223664 
0.397255 297.000000 0.226718 
0.396471 299.000000 0.228244 
0.394902 303.000000 0.231298 
0.396078 300.000000 0.229008 
0.403137 282.000000 0.215267 
0.394902 303.000000 0.231298 
0.392549 309.000000 0.235878 
0.393725 306.000000 0.233588 
0.394902 303.000000 0.231298 
0.395294 302.000000 0.230534 
0.394510 304.000000 0.232061 
0.393725 306.000000 0.233588 
0.398039 295.000000 0.225191 
0.401569 286.000000 0.218321 
0.403922 280.000000 0.213740 
0.405098 277.000000 0.211450 
0.400000 290.000000 0.221374 
0.405098 277.000000 0.211450 
0.397255 297.000000 0.226718 
0.401961 285.000000 0.217557 
0.401176 287.000000 0.219084 
0.397647 296.000000 0.225954 
0.400392 289.000000 0.220611 
0.400000 290.000000 0.221374 
0.396471 299.000000 0.228244 
0.398039 295.000000 0.225191 
0.401176 287.000000 0.219084 
0.393333 307.000000 0.234351 
0.403137 282.000000 0.215267 
0.400000 290.000000 0.221374 
0.393333 307.000000 0.234351 
0.394902 303.000000 0.231298 
0.397255 297.000000 0.226718 
0.400784 288.000000 0.219847 
0.401569 286.000000 0.218321 
0.396863 298.000000 0.227481 
0.401569 286.000000 0.218321 
0.388235 320.000000 0.244275 
0.390588 314.000000 0.239695 
0.400392 289.000000 0.220611 
0.400392 289.000000 0.220611 
0.397255 297.000000 0.226718 
0.401569 286.000000 0.218321 
0.399608 291.000000 0.222137 
0.407059 272.000000 0.207634 
0.392549 309.000000 0.235878 
0.399608 291.000000 0.222137 
0.392549 309.000000 0.235878 
0.399216 292.000000 0.222901 
0.400392 289.000000 0.220611 
0.398039 295.000000 0.225191 
0.402745 283.000000 0.216031 
0.391765 311.000000 0.237405 
0.397647 296.000000 0.225954 
0.396863 298.000000 0.227481 
0.401176 287.000000 0.219084 
0.388627 319.000000 0.243511 
0.398824 293.000000 0.223664 
0.394902 303.000000 0.231298 
0.398039 295.000000 0.225191 
0.401569 286.000000 0.218321 
0.404706 278.000000 0.212214 
0.399216 292.000000 0.222901 
0.400392 289.000000 0.220611 
0.398039 295.000000 0.225191 
0.389020 318.000000 0.242748 
0.400784 288.000000 0.219847 
0.394510 304.000000 0.232061 
0.405490 276.000000 0.210687 
0.390588 314.000000 0.239695 
0.389412 317.000000 0.241985 
0.398039 295.000000 0.225191 
0.394118 305.000000 0.232824 
0.402745 283.000000 0.216031 
0.394510 304.000000 0.232061 
0.397647 296.000000 0.225954 
0.397647 296.000000 0.225954 
0.393333 307.000000 0.234351 
0.397647 296.000000 0.225954 
0.397647 296.000000 0.225954 
0.390588 314.000000 0.239695 
0.397647 296.000000 0.225954 
0.401176 287.000000 0.219084 
0.404706 278.000000 0.212214 
0.389804 316.000000 0.241221 
0.392549 309.000000 0.235878 
0.399608 291.000000 0.222137 
0.403922 280.000000 0.213740 
0.393333 307.000000 0.234351 
0.397255 297.000000 0.226718 
0.405098 277.000000 0.211450 
0.400000 290.000000 0.221374 
0.409020 267.000000 0.203817 
0.401569 286.000000 0.218321 
0.395686 301.000000 0.229771 
0.401176 287.000000 0.219084 
0.398824 293.000000 0.223664 
0.400784 288.000000 0.219847 
0.397255 297.000000 0.226718 
0.397647 296.000000 0.225954 
0.399608 291.000000 0.222137 
0.398824 293.000000 0.223664 
0.389412 317.000000 0.241985 
0.395686 301.000000 0.229771 
0.402745 283.000000 0.216031 
0.400392 289.000000 0.220611 
0.395294 302.000000 0.230534 
0.397647 296.000000 0.225954 
0.392549 309.000000 0.235878 
0.400000 290.000000 0.221374 
0.396863 298.000000 0.227481 
0.402745 283.000000 0.216031 
0.396471 299.000000 0.228244 
0.405098 277.000000 0.211450 
0.401961 285.000000 0.217557 
0.400000 290.000000 0.221374 
0.399608 291.000000 0.222137 
0.394902 303.000000 0.231298 
0.396863 298.000000 0.227481 
0.397647 296.000000 0.225954 
0.401569 286.000000 0.218321 
0.396471 299.000000 0.228244 
0.398039 295.000000 0.225191 
0.392549 309.000000 0.235878 
0.393725 306.000000 0.233588 
0.393333 307.000000 0.234351 
0.404314 279.000000 0.212977 
0.404706 278.000000 0.212214 
0.404314 279.000000 0.212977 
0.398824 293.000000 0.223664 
0.396863 298.000000 0.227481 
0.393725 306.000000 0.233588 
0.394510 304.000000 0.232061 
0.400784 288.000000 0.219847 
0.395686 301.000000 0.229771 
0.403529 281.000000 0.214504 
0.396078 300.000000 0.229008 
0.400392 289.000000 0.220611 
0.397647 296.000000 0.225954 
0.396863 298.000000 0.227481 
0.398824 293.000000 0.223664 
0.393333 307.000000 0.234351 
0.397647 296.000000 0.225954 
0.397647 296.000000 0.225954 
0.399608 291.000000 0.222137 
0.401176 287.000000 0.219084 
0.400000 290.000000 0.221374 
0.399216 292.000000 0.222901 
0.392157 310.000000 0.236641 
0.405882 275.000000 0.209924 
0.400784 288.000000 0.219847 
0.396863 298.000000 0.227481 
0.401961 285.000000 0.217557 
0.402353 284.000000 0.216794 
0.404314 279.000000 0.212977 
0.400392 289.000000 0.220611 
0.400000 290.000000 0.221374 
0.398431 294.000000 0.224427 
0.402745 283.000000 0.216031 
0.392549 309.000000 0.235878 
0.398039 295.000000 0.225191 
0.399608 291.000000 0.222137 
0.405882 275.000000 0.209924 
0.392941 308.000000 0.235115 
0.393333 307.000000 0.234351 
0.393333 307.000000 0.234351 
0.401176 287.000000 0.219084 
0.392157 310.000000 0.236641 
0.402745 283.000000 0.216031 
0.399216 292.000000 0.222901 
0.398824 293.000000 0.223664 
0.399216 292.000000 0.222901 
0.391373 312.000000 0.238168 
0.396863 298.000000 0.227481 
0.399216 292.000000 0.222901 
0.405882 275.000000 0.209924 
0.395294 302.000000 0.230534 
0.395686 301.000000 0.229771 
0.399608 291.000000 0.222137 
0.403529 281.000000 0.214504 
0.401961 285.000000 0.217557 
0.400784 288.000000 0.219847 
0.398824 293.000000 0.223664 
0.396863 298.000000 0.227481 
0.402353 284.000000 0.216794 
0.400392 289.000000 0.220611 
0.400000 290.000000 0.221374 
0.403922 280.000000 0.213740 
0.387059 323.000000 0.246565 
0.396078 300.000000 0.229008 
0.395686 301.000000 0.229771 
0.403922 280.000000 0.213740 
0.396471 299.000000 0.228244 
0.398824 293.000000 0.223664 
0.405098 277.000000 0.211450 
0.390196 315.000000 0.240458 
0.402745 283.000000 0.216031 
0.403529 281.000000 0.214504 
0.396471 299.000000 0.228244 
0.402745 283.000000 0.216031 
0.401569 286.000000 0.218321 
0.398039 295.000000 0.225191 
0.394118 305.000000 0.232824 
0.401569 286.000000 0.218321 
0.393333 307.000000 0.234351 
0.391373 312.000000 0.238168 
0.404706 278.000000 0.212214 
0.400392 289.000000 0.220611 
0.394510 304.000000 0.232061 
0.398039 295.000000 0.225191 
0.391765 311.000000 0.237405 
0.394118 305.000000 0.232824 
0.399608 291.000000 0.222137 
0.398824 293.000000 0.223664 
0.399216 292.000000 0.222901 
0.398824 293.000000 0.223664 
0.398039 295.000000 0.225191 
0.392549 309.000000 0.235878 
0.397255 297.000000 0.226718 
0.403529 281.000000 0.214504 
0.393333 307.000000 0.234351 
0.401569 286.000000 0.218321 
0.407451 271.000000 0.206870 
0.398824 293.000000 0.223664 
0.394118 305.000000 0.232824 
0.394118 305.000000 0.232824 
0.400392 289.000000 0.220611 
0.400000 290.000000 0.221374 
0.400000 290.000000 0.221374 
0.392157 310.000000 0.236641 
0.403922 280.000000 0.213740 
0.398431 294.000000 0.224427 
0.397647 296.000000 0.225954 
0.402353 284.000000 0.216794 
0.396078 300.000000 0.229008 
0.394510 304.000000 0.232061 
0.396078 300.000000 0.229008 
0.394118 305.000000 0.232824 
0.392549 309.000000 0.235878 
0.404706 278.000000 0.212214 
0.401176 287.000000 0.219084 
0.390196 315.000000 0.240458 
0.394902 303.000000 0.231298 
0.398039 295.000000 0.225191 
0.393725 306.000000 0.233588 
0.395294 302.000000 0.230534 
0.397255 297.000000 0.226718 
0.401176 287.000000 0.219084 
0.396863 298.000000 0.227481 
0.398431 294.000000 0.224427 
0.397255 297.000000 0.226718 
0.399608 291.000000 0.222137 
0.398039 295.000000 0.225191 
0.394902 303.000000 0.231298 
0.405490 276.000000 0.210687 
0.399216 292.000000 0.222901 
0.395294 302.000000 0.230534 
0.392157 310.000000 0.236641 
0.398431 294.000000 0.224427 
0.395686 301.000000 0.229771 
0.387843 321.000000 0.245038 
0.396863 298.000000 0.227481 
0.394902 303.000000 0.231298 
0.399216 292.000000 0.222901 
0.399608 291.000000 0.222137 
0.400392 289.000000 0.220611 
0.399608 291.000000 0.222137 
0.400784 288.000000 0.219847 
0.397255 297.000000 0.226718 
0.400000 290.000000 0.221374 
0.395686 301.000000 0.229771 
0.393725 306.000000 0.233588 
0.398431 294.000000 0.224427 
0.396078 300.000000 0.229008 
0.396078 300.000000 0.229008 
0.396471 299.000000 0.228244 
0.399608 291.000000 0.222137 
0.401961 285.000000 0.217557 
0.397255 297.000000 0.226718 
0.403922 280.000000 0.213740 
0.390980 313.000000 0.238931 
0.401176 287.000000 0.219084 
0.396078 300.000000 0.229008 
0.398039 295.000000 0.225191 
0.400000 290.000000 0.221374 
0.398039 295.000000 0.225191 
0.398824 293.000000 0.223664 
0.403529 281.000000 0.214504 
0.392549 309.000000 0.235878 
0.394118 305.000000 0.232824 
0.396078 300.000000 0.229008 
0.400392 289.000000 0.220611 
0.402745 283.000000 0.216031 
0.398039 295.000000 0.225191 
0.398824 293.000000 0.223664 
0.393333 307.000000 0.234351 
0.405490 276.000000 0.210687 
0.399216 292.000000 0.222901 
0.393725 306.000000 0.233588 
0.401569 286.000000 0.218321 
0.399216 292.000000 0.222901 
0.396078 300.000000 0.229008 
0.392157 310.000000 0.236641 
0.396863 298.000000 0.227481 
0.392941 308.000000 0.235115 
0.400392 289.000000 0.220611 
0.396078 300.000000 0.229008 
0.399608 291.000000 0.222137 
0.398431 294.000000 0.224427 
0.392941 308.000000 0.235115 
0.384706 329.000000 0.251145 
0.400392 289.000000 0.220611 
0.398824 293.000000 0.223664 
0.398824 293.000000 0.223664 
0.389804 316.000000 0.241221 
0.400000 290.000000 0.221374 
0.393333 307.000000 0.234351 
0.401176 287.000000 0.219084 
0.396471 299.000000 0.228244 
0.396078 300.000000 0.229008 
0.395686 301.000000 0.229771 
0.405098 277.000000 0.211450 
0.394118 305.000000 0.232824 
0.399216 292.000000 0.222901 
0.403137 282.000000 0.215267 
0.402353 284.000000 0.216794 
0.392549 309.000000 0.235878 
0.399608 291.000000 0.222137 
0.393725 306.000000 0.233588 
0.395294 302.000000 0.230534 
0.394118 305.000000 0.232824 
0.398039 295.000000 0.225191 
0.394510 304.000000 0.232061 
0.396078 300.000000 0.229008 
0.400000 290.000000 0.221374 
0.397255 297.000000 0.226718 
0.408627 268.000000 0.204580 
0.394510 304.000000 0.232061 
0.394510 304.000000 0.232061 
0.405098 277.000000 0.211450 
0.391373 312.000000 0.238168 
0.405098 277.000000 0.211450 
0.407451 271.000000 0.206870 
0.399608 291.000000 0.222137 
0.401961 285.000000 0.217557 
0.395294 302.000000 0.230534 
0.403529 281.000000 0.214504 
0.399216 292.000000 0.222901 
0.394902 303.000000 0.231298 
0.392549 309.000000 0.235878 
0.394510 304.000000 0.232061 
0.400000 290.000000 0.221374 
0.396863 298.000000 0.227481 
0.396078 300.000000 0.229008 
0.393725 306.000000 0.233588 
0.401961 285.000000 0.217557 
0.390980 313.000000 0.238931 
0.402353 284.000000 0.216794 
0.397647 296.000000 0.225954 
0.393333 307.000000 0.234351 
0.400000 290.000000 0.221374 
0.397647 296.000000 0.225954 
0.396078 300.000000 0.229008 
0.398039 295.000000 0.225191 
0.394118 305.000000 0.232824 
0.386275 325.000000 0.248092 
0.401961 285.000000 0.217557 
0.397647 296.000000 0.225954 
0.400000 290.000000 0.221374 
0.403529 281.000000 0.214504 
0.389412 317.000000 0.241985 
0.394510 304.000000 0.232061 
0.402353 284.000000 0.216794 
0.390980 313.000000 0.238931 
0.399608 291.000000 0.222137 
0.393725 306.000000 0.233588 
0.402745 283.000000 0.216031 
0.399216 292.000000 0.222901 
0.403922 280.000000 0.213740 
0.396078 300.000000 0.229008 
0.393333 307.000000 0.234351 
0.399608 291.000000 0.222137 
0.394118 305.000000 0.232824 
0.390588 314.000000 0.239695 
0.395686 301.000000 0.229771 
0.401961 285.000000 0.217557 
0.388235 320.000000 0.244275 
0.394118 305.000000 0.232824 
0.402745 283.000000 0.216031 
0.398039 295.000000 0.225191 
0.399216 292.000000 0.222901 
0.400784 288.000000 0.219847 
0.395294 302.000000 0.230534 
0.400000 290.000000 0.221374 
0.402353 284.000000 0.216794 
0.401176 287.000000 0.219084 
0.403922 280.000000 0.213740 
0.402353 284.000000 0.216794 
0.400392 289.000000 0.220611 
0.398824 293.000000 0.223664 
0.398039 295.000000 0.225191 
0.397255 297.000000 0.226718 
0.401961 285.000000 0.217557 
0.402745 283.000000 0.216031 
0.402353 284.000000 0.216794 
0.400784 288.000000 0.219847 
0.402745 283.000000 0.216031 
0.390980 313.000000 0.238931 
0.402353 284.000000 0.216794 
0.399608 291.000000 0.222137 
0.400784 288.000000 0.219847 
0.394902 303.000000 0.231298 
0.394118 305.000000 0.232824 
0.401569 286.000000 0.218321 
0.399608 291.000000 0.222137 
0.399216 292.000000 0.222901 
0.390588 314.000000 0.239695 
0.401569 286.000000 0.218321 
0.402353 284.000000 0.216794 
0.396863 298.000000 0.227481 
0.405098 277.000000 0.211450 
0.393725 306.000000 0.233588 
0.401961 285.000000 0.217557 
0.401569 286.000000 0.218321 
0.398824 293.000000 0.223664 
0.398431 294.000000 0.224427 
0.402745 283.000000 0.216031 
0.397647 296.000000 0.225954 
0.403137 282.000000 0.215267 
0.396471 299.000000 0.228244 
0.398039 295.000000 0.225191 
0.398824 293.000000 0.223664 
0.402353 284.000000 0.216794 
0.391373 312.000000 0.238168 
0.398039 295.000000 0.225191 
0.394118 305.000000 0.232824 
0.400000 290.000000 0.221374 
0.401961 285.000000 0.217557 
0.399216 292.000000 0.222901 
0.393333 307.000000 0.234351 
0.400000 290.000000 0.221374 
0.398039 295.000000 0.225191 
0.398824 293.000000 0.223664 
0.400000 290.000000 0.221374 
0.392941 308.000000 0.235115 
0.394118 305.000000 0.232824 
0.401961 285.000000 0.217557 
0.396471 299.000000 0.228244 
0.399216 292.000000 0.222901 
0.397647 296.000000 0.225954 
0.401176 287.000000 0.219084 
0.398824 293.000000 0.223664 
0.399216 292.000000 0.222901 
0.400784 288.000000 0.219847 
0.398039 295.000000 0.225191 
0.396863 298.000000 0.227481 
0.397255 297.000000 0.226718 
0.399608 291.000000 0.222137 
0.401569 286.000000 0.218321 
0.394902 303.000000 0.231298 
0.403137 282.000000 0.215267 
0.397255 297.000000 0.226718 
0.392941 308.000000 0.235115 
0.398824 293.000000 0.223664 
0.398039 295.000000 0.225191 
0.396863 298.000000 0.227481 
0.408235 269.000000 0.205344 
0.400392 289.000000 0.220611 
0.389804 316.000000 0.241221 
0.391765 311.000000 0.237405 
0.392157 310.000000 0.236641 
0.395686 301.000000 0.229771 
0.392941 308.000000 0.235115 
0.392549 309.000000 0.235878 
0.389020 318.000000 0.242748 
0.403529 281.000000 0.214504 
0.396078 300.000000 0.229008 
0.390980 313.000000 0.238931 
0.406667 273.000000 0.208397 
0.398039 295.000000 0.225191 
0.396863 298.000000 0.227481 
0.392549 309.000000 0.235878 
0.395686 301.000000 0.229771 
0.400784 288.000000 0.219847 
0.401961 285.000000 0.217557 
0.401569 286.000000 0.218321 
0.396078 300.000000 0.229008 
0.397255 297.000000 0.226718 
0.398824 293.000000 0.223664 
0.403529 281.000000 0.214504 
0.401961 285.000000 0.217557 
0.404314 279.000000 0.212977 
0.399608 291.000000 0.222137 
0.401961 285.000000 0.217557 
0.399216 292.000000 0.222901 
0.401176 287.000000 0.219084 
0.398039 295.000000 0.225191 
0.394510 304.000000 0.232061 
0.398039 295.000000 0.225191 
0.396863 298.000000 0.227481 
0.398431 294.000000 0.224427 
0.401176 287.000000 0.219084 
0.401961 285.000000 0.217557 
0.392941 308.000000 0.235115 
0.401569 286.000000 0.218321 
0.395686 301.000000 0.229771 
0.395686 301.000000 0.229771 
0.398039 295.000000 0.225191 
0.395294 302.000000 0.230534 
0.399216 292.000000 0.222901 
0.395686 301.000000 0.229771 
0.398431 294.000000 0.224427 
0.395294 302.000000 0.230534 
0.397255 297.000000 0.226718 
0.394118 305.000000 0.232824 
0.391765 311.000000 0.237405 
0.397255 297.000000 0.226718 
0.397255 297.000000 0.226718 
0.398824 293.000000 0.223664 
0.394902 303.000000 0.231298 
0.395686 301.000000 0.229771 
0.394118 305.000000 0.232824 
0.394902 303.000000 0.231298 
0.399216 292.000000 0.222901 
0.402353 284.000000 0.216794 
0.402353 284.000000 0.216794 
0.396471 299.000000 0.228244 
0.404706 278.000000 0.212214 
0.391373 312.000000 0.238168 
0.407451 271.000000 0.206870 
0.400392 289.000000 0.220611 
0.398431 294.000000 0.224427 
0.401569 286.000000 0.218321 
0.394510 304.000000 0.232061 
0.399608 291.000000 0.222137 
0.396863 298.000000 0.227481 
0.395294 302.000000 0.230534 
0.401961 285.000000 0.217557 
0.392549 309.000000 0.235878 
0.392549 309.000000 0.235878 
0.398431 294.000000 0.224427 
0.401176 287.000000 0.219084 
0.394902 303.000000 0.231298 
0.407843 270.000000 0.206107 
0.394118 305.000000 0.232824 
0.400784 288.000000 0.219847 
0.400000 290.000000 0.221374 
0.401176 287.000000 0.219084 
0.394118 305.000000 0.232824 
0.401569 286.000000 0.218321 
0.402745 283.000000 0.216031 
0.400392 289.000000 0.220611 
0.401176 287.000000 0.219084 
0.407059 272.000000 0.207634 
0.400392 289.000000 0.220611 
0.391765 311.000000 0.237405 
0.391765 311.000000 0.237405 
0.393725 306.000000 0.233588 
0.401961 285.000000 0.217557 
0.398039 295.000000 0.225191 
0.401569 286.000000 0.218321 
0.393725 306.000000 0.233588 
0.398431 294.000000 0.224427 
0.405490 276.000000 0.210687 
0.392549 309.000000 0.235878 
0.402745 283.000000 0.216031 
0.394118 305.000000 0.232824 
0.395294 302.000000 0.230534 
0.400392 289.000000 0.220611 
0.401569 286.000000 0.218321 
0.396078 300.000000 0.229008 
0.397647 296.000000 0.225954 
0.401569 286.000000 0.218321 
0.400392 289.000000 0.220611 
0.397647 296.000000 0.225954 
0.404706 278.000000 0.212214 
0.401569 286.000000 0.218321 
0.395294 302.000000 0.230534 
0.404314 279.000000 0.212977 
0.398039 295.000000 0.225191 
0.392941 308.000000 0.235115 
0.400392 289.000000 0.220611 
0.392941 308.000000 0.235115 
0.400000 290.000000 0.221374 
0.398824 293.000000 0.223664 
0.398039 295.000000 0.225191 
0.401569 286.000000 0.218321 
0.405490 276.000000 0.210687 
0.397255 297.000000 0.226718 
0.394118 305.000000 0.232824 
0.392157 310.000000 0.236641 
0.398431 294.000000 0.224427 
0.396863 298.000000 0.227481 
0.401569 286.000000 0.218321 
0.394510 304.000000 0.232061 
0.395686 301.000000 0.229771 
0.393333 307.000000 0.234351 
0.395686 301.000000 0.229771 
0.404706 278.000000 0.212214 
0.397255 297.000000 0.226718 
0.392941 308.000000 0.235115 
0.394118 305.000000 0.232824 
0.396471 299.000000 0.228244 
0.400000 290.000000 0.221374 
0.390196 315.000000 0.240458 
0.396078 300.000000 0.229008 
0.393725 306.000000 0.233588 
0.402745 283.000000 0.216031 
0.404314 279.000000 0.212977 
0.405098 277.000000 0.211450 
0.398039 295.000000 0.225191 
0.401961 285.000000 0.217557 
0.399216 292.000000 0.222901 
0.396471 299.000000 0.228244 
0.403137 282.000000 0.215267 
0.401176 287.000000 0.219084 
0.397647 296.000000 0.225954 
0.403137 282.000000 0.215267 
0.393725 306.000000 0.233588 
0.392157 310.000000 0.236641 
0.394510 304.000000 0.232061 
0.401176 287.000000 0.219084 
0.401961 285.000000 0.217557 
0.390980 313.000000 0.238931 
0.398039 295.000000 0.225191 
0.398039 295.000000 0.225191 
0.396863 298.000000 0.227481 
0.401961 285.000000 0.217557 
0.396471 299.000000 0.228244 
0.400000 290.000000 0.221374 
0.396471 299.000000 0.228244 
0.394510 304.000000 0.232061 
0.390980 313.000000 0.238931 
0.401176 287.000000 0.219084 
0.401961 285.000000 0.217557 
0.396078 300.000000 0.229008 
0.398824 293.000000 0.223664 
0.395294 302.000000 0.230534 
0.393725 306.000000 0.233588 
0.403137 282.000000 0.215267 
0.387843 321.000000 0.245038 
0.401961 285.000000 0.217557 
0.400392 289.000000 0.220611 
0.402745 283.000000 0.216031 
0.400000 290.000000 0.221374 
0.392941 308.000000 0.235115 
0.395294 302.000000 0.230534 
0.392157 310.000000 0.236641 
0.397647 296.000000 0.225954 
0.398824 293.000000 0.223664 
0.392157 310.000000 0.236641 
0.393725 306.000000 0.233588 
0.400784 288.000000 0.219847 
0.398824 293.000000 0.223664 
0.403529 281.000000 0.214504 
0.396471 299.000000 0.228244 
0.395294 302.000000 0.230534 
0.402353 284.000000 0.216794 
0.389020 318.000000 0.242748 
0.397647 296.000000 0.225954 
0.394902 303.000000 0.231298 
0.392157 310.000000 0.236641 
0.392157 310.000000 0.236641 
0.399608 291.000000 0.222137 
0.399608 291.000000 0.222137 
0.394118 305.000000 0.232824 
0.398039 295.000000 0.225191 
0.394510 304.000000 0.232061 
0.398431 294.000000 0.224427 
0.400000 290.000000 0.221374 
0.394510 304.000000 0.232061 
0.402745 283.000000 0.216031 
0.398824 293.000000 0.223664 
0.393333 307.000000 0.234351 
0.391765 311.000000 0.237405 
0.400784 288.000000 0.219847 
0.398824 293.000000 0.223664 
0.398431 294.000000 0.224427 
0.398824 293.000000 0.223664 
0.395294 302.000000 0.230534 
0.400784 288.000000 0.219847 
0.388627 319.000000 0.243511 
0.397255 297.000000 0.226718 
0.400000 290.000000 0.221374 
0.402745 283.000000 0.216031 
0.398431 294.000000 0.224427 
0.397255 297.000000 0.226718 
0.394902 303.000000 0.231298 
0.389412 317.000000 0.241985 
0.400392 289.000000 0.220611 
0.399216 292.000000 0.222901 
0.397647 296.000000 0.225954 
0.393333 307.000000 0.234351 
0.403529 281.000000 0.214504 
0.401176 287.000000 0.219084 
0.398039 295.000000 0.225191 
0.397647 296.000000 0.225954 
0.394510 304.000000 0.232061 
0.406667 273.000000 0.208397 
0.403529 281.000000 0.214504 
0.396863 298.000000 0.227481 
0.399216 292.000000 0.222901 
0.398431 294.000000 0.224427 
0.396863 298.000000 0.227481 
0.398431 294.000000 0.224427 
0.391373 312.000000 0.238168 
0.394510 304.000000 0.232061 
0.407451 271.000000 0.206870 
0.400784 288.000000 0.219847 
0.398039 295.000000 0.225191 
0.404314 279.000000 0.212977 
0.396078 300.000000 0.229008 
0.396863 298.000000 0.227481 
0.400000 290.000000 0.221374 
0.392941 308.000000 0.235115 
0.392941 308.000000 0.235115 
0.403529 281.000000 0.214504 
