0.413725 255.000000 0.194656 
0.417255 246.000000 0.187786 
0.414510 253.000000 0.193130 
0.415686 250.000000 0.190840 
0.414902 252.000000 0.192366 
0.412941 257.000000 0.196183 
0.406275 274.000000 0.209160 
0.411373 261.000000 0.199237 
0.407451 271.000000 0.206870 
0.416863 247.000000 0.188550 
0.419608 240.000000 0.183206 
0.412157 259.000000 0.197710 
0.412549 258.000000 0.196947 
0.409804 265.000000 0.202290 
0.410980 262.000000 0.200000 
0.408627 268.000000 0.204580 
0.410588 263.000000 0.200763 
0.407059 272.000000 0.207634 
0.414902 252.000000 0.192366 
0.399608 291.000000 0.222137 
0.406275 274.000000 0.209160 
0.406667 273.000000 0.208397 
0.415294 251.000000 0.191603 
0.415294 251.000000 0.191603 
0.410588 263.000000 0.200763 
0.406667 273.000000 0.208397 
0.408235 269.000000 0.205344 
0.414118 254.000000 0.193893 
0.406667 273.000000 0.208397 
0.407451 271.000000 0.206870 
0.419216 241.000000 0.183969 
0.408235 269.000000 0.205344 
0.412157 259.000000 0.197710 
0.410196 264.000000 0.201527 
0.413333 256.000000 0.195420 
0.416863 247.000000 0.188550 
0.412549 258.000000 0.196947 
0.409020 267.000000 0.203817 
0.406667 273.000000 0.208397 
0.421961 234.000000 0.178626 
0.409020 267.000000 0.203817 
0.410196 264.000000 0.201527 
0.414118 254.000000 0.193893 
0.410980 262.000000 0.200000 
0.403922 280.000000 0.213740 
0.410196 264.000000 0.201527 
0.412549 258.000000 0.196947 
0.408627 268.000000 0.204580 
0.409020 267.000000 0.203817 
0.411765 260.000000 0.198473 
0.404314 279.000000 0.212977 
0.416078 249.000000 0.190076 
0.414510 253.000000 0.193130 
0.412549 258.000000 0.196947 
0.407843 270.000000 0.206107 
0.412157 259.000000 0.197710 
0.413333 256.000000 0.195420 
0.410980 262.000000 0.200000 
0.409020 267.000000 0.203817 
0.412941 257.000000 0.196183 
0.406275 274.000000 0.209160 
0.409020 267.000000 0.203817 
0.410980 262.000000 0.200000 
0.416078 249.000000 0.190076 
0.418824 242.000000 0.184733 
0.412941 257.000000 0.196183 
0.402353 284.000000 0.216794 
0.409804 265.000000 0.202290 
0.413333 256.000000 0.195420 
0.412941 257.000000 0.196183 
0.414902 252.000000 0.192366 
0.416471 248.000000 0.189313 
0.411373 261.000000 0.199237 
0.412941 257.000000 0.196183 
0.411373 261.000000 0.199237 
0.412157 259.000000 0.197710 
0.417647 245.000000 0.187023 
0.408235 269.000000 0.205344 
0.408627 268.000000 0.204580 
0.411765 260.000000 0.198473 
0.407843 270.000000 0.206107 
0.406667 273.000000 0.208397 
0.410980 262.000000 0.200000 
0.409804 265.000000 0.202290 
0.413725 255.000000 0.194656 
0.411373 261.000000 0.199237 
0.407451 271.000000 0.206870 
0.412549 258.000000 0.196947 
0.408627 268.000000 0.204580 
0.412549 258.000000 0.196947 
0.416863 247.000000 0.188550 
0.414118 254.000000 0.193893 
0.412157 259.000000 0.197710 
0.407451 271.000000 0.206870 
0.403922 280.000000 0.213740 
0.405490 276.000000 0.210687 
0.407451 271.000000 0.206870 
0.410588 263.000000 0.200763 
0.406667 273.000000 0.208397 
0.411373 261.000000 0.199237 
0.410980 262.000000 0.200000 
0.410980 262.000000 0.200000 
0.401961 285.000000 0.217557 
0.406275 274.000000 0.209160 
0.407843 270.000000 0.206107 
0.410980 262.000000 0.200000 
0.409804 265.000000 0.202290 
0.410196 264.000000 0.201527 
0.410196 264.000000 0.201527 
0.413725 255.000000 0.194656 
0.410196 264.000000 0.201527 
0.410588 263.000000 0.200763 
0.409804 265.000000 0.202290 
0.415686 250.000000 0.190840 
0.407059 272.000000 0.207634 
0.414902 252.000000 0.192366 
0.406667 273.000000 0.208397 
0.411765 260.000000 0.198473 
0.417647 245.000000 0.187023 
0.414510 253.000000 0.193130 
0.410196 264.000000 0.201527 
0.416078 249.000000 0.190076 
0.414118 254.000000 0.193893 
0.406275 274.000000 0.209160 
0.413333 256.000000 0.195420 
0.407059 272.000000 0.207634 
0.413333 256.000000 0.195420 
0.419608 240.000000 0.183206 
0.409412 266.000000 0.203053 
0.413333 256.000000 0.195420 
0.407059 272.000000 0.207634 
0.408627 268.000000 0.204580 
0.412157 259.000000 0.197710 
0.401961 285.000000 0.217557 
0.410196 264.000000 0.201527 
0.407451 271.000000 0.206870 
0.408235 269.000000 0.205344 
0.409412 266.000000 0.203053 
0.410588 263.000000 0.200763 
0.411765 260.000000 0.198473 
0.412941 257.000000 0.196183 
0.409020 267.000000 0.203817 
0.411373 261.000000 0.199237 
0.415686 250.000000 0.190840 
0.405098 277.000000 0.211450 
0.412941 257.000000 0.196183 
0.411765 260.000000 0.198473 
0.409804 265.000000 0.202290 
0.409020 267.000000 0.203817 
0.409804 265.000000 0.202290 
0.415686 250.000000 0.190840 
0.409412 266.000000 0.203053 
0.410980 262.000000 0.200000 
0.410980 262.000000 0.200000 
0.409020 267.000000 0.203817 
0.416863 247.000000 0.188550 
0.416078 249.000000 0.190076 
0.409020 267.000000 0.203817 
0.413333 256.000000 0.195420 
0.409020 267.000000 0.203817 
0.414510 253.000000 0.193130 
0.411373 261.000000 0.199237 
0.419608 240.000000 0.183206 
0.405098 277.000000 0.211450 
0.412549 258.000000 0.196947 
0.410588 263.000000 0.200763 
0.414118 254.000000 0.193893 
0.414118 254.000000 0.193893 
0.410196 264.000000 0.201527 
0.412157 259.000000 0.197710 
0.412549 258.000000 0.196947 
0.417255 246.000000 0.187786 
0.409804 265.000000 0.202290 
0.411373 261.000000 0.199237 
0.414902 252.000000 0.192366 
0.415686 250.000000 0.190840 
0.412549 258.000000 0.196947 
0.407843 270.000000 0.206107 
0.418039 244.000000 0.186260 
0.407059 272.000000 0.207634 
0.414510 253.000000 0.193130 
0.408627 268.000000 0.204580 
0.412549 258.000000 0.196947 
0.414902 252.000000 0.192366 
0.412157 259.000000 0.197710 
0.407451 271.000000 0.206870 
0.413725 255.000000 0.194656 
0.409020 267.000000 0.203817 
0.405490 276.000000 0.210687 
0.411765 260.000000 0.198473 
0.412941 257.000000 0.196183 
0.412549 258.000000 0.196947 
0.410196 264.000000 0.201527 
0.413725 255.000000 0.194656 
0.412941 257.000000 0.196183 
0.410196 264.000000 0.201527 
0.411765 260.000000 0.198473 
0.400784 288.000000 0.219847 
0.410980 262.000000 0.200000 
0.416471 248.000000 0.189313 
0.415686 250.000000 0.190840 
0.409412 266.000000 0.203053 
0.413725 255.000000 0.194656 
0.410588 263.000000 0.200763 
0.403529 281.000000 0.214504 
0.412549 258.000000 0.196947 
0.405098 277.000000 0.211450 
0.413333 256.000000 0.195420 
0.408627 268.000000 0.204580 
0.413725 255.000000 0.194656 
0.412157 259.000000 0.197710 
0.414902 252.000000 0.192366 
0.413725 255.000000 0.194656 
0.409804 265.000000 0.202290 
0.409804 265.000000 0.202290 
0.420784 237.000000 0.180916 
0.416863 247.000000 0.188550 
0.412157 259.000000 0.197710 
0.407059 272.000000 0.207634 
0.405882 275.000000 0.209924 
0.420392 238.000000 0.181679 
0.415686 250.000000 0.190840 
0.411765 260.000000 0.198473 
0.413333 256.000000 0.195420 
0.412549 258.000000 0.196947 
0.419608 240.000000 0.183206 
0.416078 249.000000 0.190076 
0.415686 250.000000 0.190840 
0.409412 266.000000 0.203053 
0.409412 266.000000 0.203053 
0.409412 266.000000 0.203053 
0.412157 259.000000 0.197710 
0.409804 265.000000 0.202290 
0.411765 260.000000 0.198473 
0.418431 243.000000 0.185496 
0.409020 267.000000 0.203817 
0.415686 250.000000 0.190840 
0.410980 262.000000 0.200000 
0.411373 261.000000 0.199237 
0.408235 269.000000 0.205344 
0.410980 262.000000 0.200000 
0.414902 252.000000 0.192366 
0.409412 266.000000 0.203053 
0.409020 267.000000 0.203817 
0.410196 264.000000 0.201527 
0.414118 254.000000 0.193893 
0.409020 267.000000 0.203817 
0.412549 258.000000 0.196947 
0.403529 281.000000 0.214504 
0.412941 257.000000 0.196183 
0.414510 253.000000 0.193130 
0.410980 262.000000 0.200000 
0.410196 264.000000 0.201527 
0.405098 277.000000 0.211450 
0.408627 268.000000 0.204580 
0.417647 245.000000 0.187023 
0.412157 259.000000 0.197710 
0.413333 256.000000 0.195420 
0.410980 262.000000 0.200000 
0.407059 272.000000 0.207634 
0.410196 264.000000 0.201527 
0.412549 258.000000 0.196947 
0.401961 285.000000 0.217557 
0.412941 257.000000 0.196183 
0.413333 256.000000 0.195420 
0.410588 263.000000 0.200763 
0.408235 269.000000 0.205344 
0.417647 245.000000 0.187023 
0.408235 269.000000 0.205344 
0.412941 257.000000 0.196183 
0.415294 251.000000 0.191603 
0.412157 259.000000 0.197710 
0.407451 271.000000 0.206870 
0.411373 261.000000 0.199237 
0.414118 254.000000 0.193893 
0.412549 258.000000 0.196947 
0.415686 250.000000 0.190840 
0.413333 256.000000 0.195420 
0.412157 259.000000 0.197710 
0.415294 251.000000 0.191603 
0.415294 251.000000 0.191603 
0.407451 271.000000 0.206870 
0.409804 265.000000 0.202290 
0.414510 253.000000 0.193130 
0.415686 250.000000 0.190840 
0.412941 257.000000 0.196183 
0.417255 246.000000 0.187786 
0.413333 256.000000 0.195420 
0.410980 262.000000 0.200000 
0.415294 251.000000 0.191603 
0.413333 256.000000 0.195420 
0.413725 255.000000 0.194656 
0.412941 257.000000 0.196183 
0.410588 263.000000 0.200763 
0.404706 278.000000 0.212214 
0.417255 246.000000 0.187786 
0.402745 283.000000 0.216031 
0.405490 276.000000 0.210687 
0.409412 266.000000 0.203053 
0.409804 265.000000 0.202290 
0.411765 260.000000 0.198473 
0.407451 271.000000 0.206870 
0.412157 259.000000 0.197710 
0.413333 256.000000 0.195420 
0.416863 247.000000 0.188550 
0.417647 245.000000 0.187023 
0.408627 268.000000 0.204580 
0.407451 271.000000 0.206870 
0.410588 263.000000 0.200763 
0.418431 243.000000 0.185496 
0.411765 260.000000 0.198473 
0.404706 278.000000 0.212214 
0.406275 274.000000 0.209160 
0.409804 265.000000 0.202290 
0.411373 261.000000 0.199237 
0.413333 256.000000 0.195420 
0.416471 248.000000 0.189313 
0.412549 258.000000 0.196947 
0.408627 268.000000 0.204580 
0.408235 269.000000 0.205344 
0.409804 265.000000 0.202290 
0.420392 238.000000 0.181679 
0.410196 264.000000 0.201527 
0.410588 263.000000 0.200763 
0.408235 269.000000 0.205344 
0.410980 262.000000 0.200000 
0.414510 253.000000 0.193130 
0.416078 249.000000 0.190076 
0.402353 284.000000 0.216794 
0.420784 237.000000 0.180916 
0.409412 266.000000 0.203053 
0.414510 253.000000 0.193130 
0.405490 276.000000 0.210687 
0.411373 261.000000 0.199237 
0.410980 262.000000 0.200000 
0.413725 255.000000 0.194656 
0.416471 248.000000 0.189313 
0.414510 253.000000 0.193130 
0.413725 255.000000 0.194656 
0.410196 264.000000 0.201527 
0.412157 259.000000 0.197710 
0.407451 271.000000 0.206870 
0.407059 272.000000 0.207634 
0.412157 259.000000 0.197710 
0.412157 259.000000 0.197710 
0.411373 261.000000 0.199237 
0.408235 269.000000 0.205344 
0.407451 271.000000 0.206870 
0.405098 277.000000 0.211450 
0.403922 280.000000 0.213740 
0.411765 260.000000 0.198473 
0.409804 265.000000 0.202290 
0.413725 255.000000 0.194656 
0.412157 259.000000 0.197710 
0.409412 266.000000 0.203053 
0.405882 275.000000 0.209924 
0.404706 278.000000 0.212214 
0.413725 255.000000 0.194656 
0.412549 258.000000 0.196947 
0.405098 277.000000 0.211450 
0.407451 271.000000 0.206870 
0.410980 262.000000 0.200000 
0.402353 284.000000 0.216794 
0.405098 277.000000 0.211450 
0.405490 276.000000 0.210687 
0.410588 263.000000 0.200763 
0.414902 252.000000 0.192366 
0.400392 289.000000 0.220611 
0.407059 272.000000 0.207634 
0.407843 270.000000 0.206107 
0.413333 256.000000 0.195420 
0.414510 253.000000 0.193130 
0.410980 262.000000 0.200000 
0.413333 256.000000 0.195420 
0.405882 275.000000 0.209924 
0.405098 277.000000 0.211450 
0.412549 258.000000 0.196947 
0.410980 262.000000 0.200000 
0.416863 247.000000 0.188550 
0.407059 272.000000 0.207634 
0.408235 269.000000 0.205344 
0.408235 269.000000 0.205344 
0.415294 251.000000 0.191603 
0.410980 262.000000 0.200000 
0.410588 263.000000 0.200763 
0.418039 244.000000 0.186260 
0.405882 275.000000 0.209924 
0.413725 255.000000 0.194656 
0.418039 244.000000 0.186260 
0.414510 253.000000 0.193130 
0.407059 272.000000 0.207634 
0.416863 247.000000 0.188550 
0.409020 267.000000 0.203817 
0.403529 281.000000 0.214504 
0.410980 262.000000 0.200000 
0.408235 269.000000 0.205344 
0.417647 245.000000 0.187023 
0.416078 249.000000 0.190076 
0.412941 257.000000 0.196183 
0.407451 271.000000 0.206870 
0.404706 278.000000 0.212214 
0.410588 263.000000 0.200763 
0.413725 255.000000 0.194656 
0.412941 257.000000 0.196183 
0.407451 271.000000 0.206870 
0.410980 262.000000 0.200000 
0.408627 268.000000 0.204580 
0.407843 270.000000 0.206107 
0.414510 253.000000 0.193130 
0.402745 283.000000 0.216031 
0.410196 264.000000 0.201527 
0.406275 274.000000 0.209160 
0.405098 277.000000 0.211450 
0.412157 259.000000 0.197710 
0.403922 280.000000 0.213740 
0.406275 274.000000 0.209160 
0.415294 251.000000 0.191603 
0.410588 263.000000 0.200763 
0.408235 269.000000 0.205344 
0.411765 260.000000 0.198473 
0.410980 262.000000 0.200000 
0.409020 267.000000 0.203817 
0.418824 242.000000 0.184733 
0.411765 260.000000 0.198473 
0.411373 261.000000 0.199237 
0.410588 263.000000 0.200763 
0.413333 256.000000 0.195420 
0.409804 265.000000 0.202290 
0.411373 261.000000 0.199237 
0.411373 261.000000 0.199237 
0.403529 281.000000 0.214504 
0.413333 256.000000 0.195420 
0.408235 269.000000 0.205344 
0.412157 259.000000 0.197710 
0.412157 259.000000 0.197710 
0.407451 271.000000 0.206870 
0.411765 260.000000 0.198473 
0.401961 285.000000 0.217557 
0.412157 259.000000 0.197710 
0.414902 252.000000 0.192366 
0.412549 258.000000 0.196947 
0.400784 288.000000 0.219847 
0.410196 264.000000 0.201527 
0.410196 264.000000 0.201527 
0.420000 239.000000 0.182443 
0.409020 267.000000 0.203817 
0.404314 279.000000 0.212977 
0.408627 268.000000 0.204580 
0.410588 263.000000 0.200763 
0.407843 270.000000 0.206107 
0.410588 263.000000 0.200763 
0.413333 256.000000 0.195420 
0.412549 258.000000 0.196947 
0.414510 253.000000 0.193130 
0.415686 250.000000 0.190840 
0.405882 275.000000 0.209924 
0.408235 269.000000 0.205344 
0.410588 263.000000 0.200763 
0.412157 259.000000 0.197710 
0.413333 256.000000 0.195420 
0.402745 283.000000 0.216031 
0.411765 260.000000 0.198473 
0.412549 258.000000 0.196947 
0.408627 268.000000 0.204580 
0.411373 261.000000 0.199237 
0.411373 261.000000 0.199237 
0.411373 261.000000 0.199237 
0.414510 253.000000 0.193130 
0.409412 266.000000 0.203053 
0.416471 248.000000 0.189313 
0.415686 250.000000 0.190840 
0.412941 257.000000 0.196183 
0.416078 249.000000 0.190076 
0.407843 270.000000 0.206107 
0.407451 271.000000 0.206870 
0.406275 274.000000 0.209160 
0.415686 250.000000 0.190840 
0.409412 266.000000 0.203053 
0.416471 248.000000 0.189313 
0.413333 256.000000 0.195420 
0.412549 258.000000 0.196947 
0.409804 265.000000 0.202290 
0.413333 256.000000 0.195420 
0.412157 259.000000 0.197710 
0.409020 267.000000 0.203817 
0.407843 270.000000 0.206107 
0.414902 252.000000 0.192366 
0.409804 265.000000 0.202290 
0.407843 270.000000 0.206107 
0.414510 253.000000 0.193130 
0.412157 259.000000 0.197710 
0.413333 256.000000 0.195420 
0.409804 265.000000 0.202290 
0.413333 256.000000 0.195420 
0.419216 241.000000 0.183969 
0.410980 262.000000 0.200000 
0.409412 266.000000 0.203053 
0.416863 247.000000 0.188550 
0.406667 273.000000 0.208397 
0.405882 275.000000 0.209924 
0.423137 231.000000 0.176336 
0.406275 274.000000 0.209160 
0.407059 272.000000 0.207634 
0.410980 262.000000 0.200000 
0.411765 260.000000 0.198473 
0.409412 266.000000 0.203053 
0.410980 262.000000 0.200000 
0.414118 254.000000 0.193893 
0.407843 270.000000 0.206107 
0.414902 252.000000 0.192366 
0.419216 241.000000 0.183969 
0.407843 270.000000 0.206107 
0.410588 263.000000 0.200763 
0.408235 269.000000 0.205344 
0.414510 253.000000 0.193130 
0.412941 257.000000 0.196183 
0.409020 267.000000 0.203817 
0.408627 268.000000 0.204580 
0.405882 275.000000 0.209924 
0.415686 250.000000 0.190840 
0.416078 249.000000 0.190076 
0.414902 252.000000 0.192366 
0.409412 266.000000 0.203053 
0.412549 258.000000 0.196947 
0.408235 269.000000 0.205344 
0.410196 264.000000 0.201527 
0.407451 271.000000 0.206870 
0.405882 275.000000 0.209924 
0.411373 261.000000 0.199237 
0.416078 249.000000 0.190076 
0.413725 255.000000 0.194656 
0.406275 274.000000 0.209160 
0.418039 244.000000 0.186260 
0.411373 261.000000 0.199237 
0.409804 265.000000 0.202290 
0.407843 270.000000 0.206107 
0.409804 265.000000 0.202290 
0.414510 253.000000 0.193130 
0.415686 250.000000 0.190840 
0.415686 250.000000 0.190840 
0.403137 282.000000 0.215267 
0.408627 268.000000 0.204580 
0.414118 254.000000 0.193893 
0.407451 271.000000 0.206870 
0.406275 274.000000 0.209160 
0.408627 268.000000 0.204580 
0.410588 263.000000 0.200763 
0.410196 264.000000 0.201527 
0.416471 248.000000 0.189313 
0.415294 251.000000 0.191603 
0.405882 275.000000 0.209924 
0.413333 256.000000 0.195420 
0.410196 264.000000 0.201527 
0.405882 275.000000 0.209924 
0.409412 266.000000 0.203053 
0.408627 268.000000 0.204580 
0.416078 249.000000 0.190076 
0.412941 257.000000 0.196183 
0.408235 269.000000 0.205344 
0.412941 257.000000 0.196183 
0.413725 255.000000 0.194656 
0.414902 252.000000 0.192366 
0.416471 248.000000 0.189313 
0.413725 255.000000 0.194656 
0.410196 264.000000 0.201527 
0.412157 259.000000 0.197710 
0.409412 266.000000 0.203053 
0.401176 287.000000 0.219084 
0.415294 251.000000 0.191603 
0.412157 259.000000 0.197710 
0.410196 264.000000 0.201527 
0.400000 290.000000 0.221374 
0.409412 266.000000 0.203053 
0.417255 246.000000 0.187786 
0.407843 270.000000 0.206107 
0.419608 240.000000 0.183206 
0.408235 269.000000 0.205344 
0.413725 255.000000 0.194656 
0.408627 268.000000 0.204580 
0.414510 253.000000 0.193130 
0.415686 250.000000 0.190840 
0.411765 260.000000 0.198473 
0.415294 251.000000 0.191603 
0.411373 261.000000 0.199237 
0.409804 265.000000 0.202290 
0.413333 256.000000 0.195420 
0.407451 271.000000 0.206870 
0.404314 279.000000 0.212977 
0.413725 255.000000 0.194656 
0.411765 260.000000 0.198473 
0.412549 258.000000 0.196947 
0.414510 253.000000 0.193130 
0.416078 249.000000 0.190076 
0.409020 267.000000 0.203817 
0.412941 257.000000 0.196183 
0.410196 264.000000 0.201527 
0.413725 255.000000 0.194656 
0.409804 265.000000 0.202290 
0.408235 269.000000 0.205344 
0.410196 264.000000 0.201527 
0.412157 259.000000 0.197710 
0.403529 281.000000 0.214504 
0.412157 259.000000 0.197710 
0.409412 266.000000 0.203053 
0.405098 277.000000 0.211450 
0.406667 273.000000 0.208397 
0.414510 253.000000 0.193130 
0.412941 257.000000 0.196183 
0.414902 252.000000 0.192366 
0.406667 273.000000 0.208397 
0.410588 263.000000 0.200763 
0.411373 261.000000 0.199237 
0.408235 269.000000 0.205344 
0.414902 252.000000 0.192366 
0.409804 265.000000 0.202290 
0.418824 242.000000 0.184733 
0.407843 270.000000 0.206107 
0.417647 245.000000 0.187023 
0.412157 259.000000 0.197710 
0.412157 259.000000 0.197710 
0.413725 255.000000 0.194656 
0.402745 283.000000 0.216031 
0.413725 255.000000 0.194656 
0.413725 255.000000 0.194656 
0.403137 282.000000 0.215267 
0.409412 266.000000 0.203053 
0.415686 250.000000 0.190840 
0.412549 258.000000 0.196947 
0.409804 265.000000 0.202290 
0.413333 256.000000 0.195420 
0.404706 278.000000 0.212214 
0.416863 247.000000 0.188550 
0.421176 236.000000 0.180153 
0.402353 284.000000 0.216794 
0.412549 258.000000 0.196947 
0.414510 253.000000 0.193130 
0.407843 270.000000 0.206107 
0.411373 261.000000 0.199237 
0.408627 268.000000 0.204580 
0.412157 259.000000 0.197710 
0.416863 247.000000 0.188550 
0.416471 248.000000 0.189313 
0.407059 272.000000 0.207634 
0.407843 270.000000 0.206107 
0.411373 261.000000 0.199237 
0.420392 238.000000 0.181679 
0.413333 256.000000 0.195420 
0.405098 277.000000 0.211450 
0.408627 268.000000 0.204580 
0.409412 266.000000 0.203053 
0.406667 273.000000 0.208397 
0.408627 268.000000 0.204580 
0.414118 254.000000 0.193893 
0.405490 276.000000 0.210687 
0.408235 269.000000 0.205344 
0.410196 264.000000 0.201527 
0.407059 272.000000 0.207634 
0.412941 257.000000 0.196183 
0.412549 258.000000 0.196947 
0.416078 249.000000 0.190076 
0.412941 257.000000 0.196183 
0.416863 247.000000 0.188550 
0.411373 261.000000 0.199237 
0.409020 267.000000 0.203817 
0.412157 259.000000 0.197710 
0.416863 247.000000 0.188550 
0.416471 248.000000 0.189313 
0.410588 263.000000 0.200763 
0.410196 264.000000 0.201527 
0.415294 251.000000 0.191603 
0.409804 265.000000 0.202290 
0.409412 266.000000 0.203053 
0.403529 281.000000 0.214504 
0.406667 273.000000 0.208397 
0.414510 253.000000 0.193130 
0.414902 252.000000 0.192366 
0.412549 258.000000 0.196947 
0.411765 260.000000 0.198473 
0.416471 248.000000 0.189313 
0.405098 277.000000 0.211450 
0.408627 268.000000 0.204580 
0.414902 252.000000 0.192366 
0.409412 266.000000 0.203053 
0.411373 261.000000 0.199237 
0.408235 269.000000 0.205344 
0.417255 246.000000 0.187786 
0.411765 260.000000 0.198473 
0.412549 258.000000 0.196947 
0.411373 261.000000 0.199237 
0.415686 250.000000 0.190840 
0.415686 250.000000 0.190840 
0.403529 281.000000 0.214504 
0.415686 250.000000 0.190840 
0.414902 252.000000 0.192366 
0.415686 250.000000 0.190840 
0.413725 255.000000 0.194656 
0.414902 252.000000 0.192366 
0.407451 271.000000 0.206870 
0.412941 257.000000 0.196183 
0.415686 250.000000 0.190840 
0.412157 259.000000 0.197710 
0.409412 266.000000 0.203053 
0.414510 253.000000 0.193130 
0.415294 251.000000 0.191603 
0.416078 249.000000 0.190076 
0.408235 269.000000 0.205344 
0.408235 269.000000 0.205344 
0.410588 263.000000 0.200763 
0.406275 274.000000 0.209160 
0.403529 281.000000 0.214504 
0.408235 269.000000 0.205344 
0.408235 269.000000 0.205344 
0.411765 260.000000 0.198473 
0.406275 274.000000 0.209160 
0.417255 246.000000 0.187786 
0.413333 256.000000 0.195420 
0.410980 262.000000 0.200000 
0.412549 258.000000 0.196947 
0.407059 272.000000 0.207634 
0.412157 259.000000 0.197710 
0.405490 276.000000 0.210687 
0.404314 279.000000 0.212977 
0.413333 256.000000 0.195420 
0.413333 256.000000 0.195420 
0.416078 249.000000 0.190076 
0.413333 256.000000 0.195420 
0.403529 281.000000 0.214504 
0.414902 252.000000 0.192366 
0.410980 262.000000 0.200000 
0.409804 265.000000 0.202290 
0.408627 268.000000 0.204580 
0.414902 252.000000 0.192366 
0.410980 262.000000 0.200000 
0.413333 256.000000 0.195420 
0.412157 259.000000 0.197710 
0.415294 251.000000 0.191603 
0.417647 245.000000 0.187023 
0.411373 261.000000 0.199237 
0.412549 258.000000 0.196947 
0.408235 269.000000 0.205344 
0.403137 282.000000 0.215267 
0.412549 258.000000 0.196947 
0.416078 249.000000 0.190076 
0.410980 262.000000 0.200000 
0.408627 268.000000 0.204580 
0.412549 258.000000 0.196947 
0.410980 262.000000 0.200000 
0.412941 257.000000 0.196183 
0.407843 270.000000 0.206107 
0.412157 259.000000 0.197710 
0.413333 256.000000 0.195420 
0.421569 235.000000 0.179389 
0.416471 248.000000 0.189313 
0.406667 273.000000 0.208397 
0.409412 266.000000 0.203053 
0.412941 257.000000 0.196183 
0.404314 279.000000 0.212977 
0.413333 256.000000 0.195420 
0.410196 264.000000 0.201527 
0.411373 261.000000 0.199237 
0.413333 256.000000 0.195420 
0.416471 248.000000 0.189313 
0.412941 257.000000 0.196183 
0.417647 245.000000 0.187023 
0.416078 249.000000 0.190076 
0.414118 254.000000 0.193893 
0.411373 261.000000 0.199237 
0.410588 263.000000 0.200763 
0.416471 248.000000 0.189313 
0.413333 256.000000 0.195420 
0.403137 282.000000 0.215267 
0.418039 244.000000 0.186260 
0.405098 277.000000 0.211450 
0.407059 272.000000 0.207634 
0.410588 263.000000 0.200763 
0.414902 252.000000 0.192366 
0.410588 263.000000 0.200763 
0.417647 245.000000 0.187023 
0.409412 266.000000 0.203053 
0.410980 262.000000 0.200000 
0.410196 264.000000 0.201527 
0.414118 254.000000 0.193893 
0.403529 281.000000 0.214504 
0.412941 257.000000 0.196183 
0.411765 260.000000 0.198473 
0.416078 249.000000 0.190076 
0.410980 262.000000 0.200000 
0.416078 249.000000 0.190076 
0.407451 271.000000 0.206870 
0.412549 258.000000 0.196947 
0.412157 259.000000 0.197710 
0.405490 276.000000 0.210687 
0.412157 259.000000 0.197710 
0.415294 251.000000 0.191603 
0.413333 256.000000 0.195420 
0.403922 280.000000 0.213740 
0.404314 279.000000 0.212977 
0.410588 263.000000 0.200763 
0.408627 268.000000 0.204580 
0.412549 258.000000 0.196947 
0.402745 283.000000 0.216031 
0.408627 268.000000 0.204580 
0.414510 253.000000 0.193130 
0.410588 263.000000 0.200763 
0.407843 270.000000 0.206107 
0.409412 266.000000 0.203053 
0.410196 264.000000 0.201527 
0.407843 270.000000 0.206107 
0.418431 243.000000 0.185496 
0.409020 267.000000 0.203817 
0.416078 249.000000 0.190076 
0.412549 258.000000 0.196947 
0.414118 254.000000 0.193893 
0.405098 277.000000 0.211450 
0.412941 257.000000 0.196183 
0.412549 258.000000 0.196947 
0.411765 260.000000 0.198473 
0.411373 261.000000 0.199237 
0.407451 271.000000 0.206870 
0.414902 252.000000 0.192366 
0.414118 254.000000 0.193893 
0.410196 264.000000 0.201527 
0.408235 269.000000 0.205344 
0.413725 255.000000 0.194656 
0.413725 255.000000 0.194656 
0.410196 264.000000 0.201527 
0.417255 246.000000 0.187786 
0.412549 258.000000 0.196947 
0.412941 257.000000 0.196183 
0.416863 247.000000 0.188550 
0.414118 254.000000 0.193893 
0.404706 278.000000 0.212214 
0.410588 263.000000 0.200763 
0.412941 257.000000 0.196183 
0.410980 262.000000 0.200000 
0.409804 265.000000 0.202290 
0.407451 271.000000 0.206870 
0.414510 253.000000 0.193130 
0.407843 270.000000 0.206107 
0.413725 255.000000 0.194656 
0.414510 253.000000 0.193130 
0.410196 264.000000 0.201527 
0.406667 273.000000 0.208397 
0.410196 264.000000 0.201527 
0.409804 265.000000 0.202290 
0.407451 271.000000 0.206870 
0.406275 274.000000 0.209160 
0.413333 256.000000 0.195420 
0.409804 265.000000 0.202290 
0.417255 246.000000 0.187786 
0.411765 260.000000 0.198473 
0.411765 260.000000 0.198473 
0.409412 266.000000 0.203053 
0.414118 254.000000 0.193893 
0.406667 273.000000 0.208397 
0.412549 258.000000 0.196947 
0.413333 256.000000 0.195420 
0.416078 249.000000 0.190076 
0.409412 266.000000 0.203053 
0.410588 263.000000 0.200763 
0.404314 279.000000 0.212977 
0.409804 265.000000 0.202290 
0.412157 259.000000 0.197710 
0.412941 257.000000 0.196183 
0.409804 265.000000 0.202290 
0.412157 259.000000 0.197710 
0.408627 268.000000 0.204580 
0.412549 258.000000 0.196947 
0.411373 261.000000 0.199237 
0.410588 263.000000 0.200763 
0.407843 270.000000 0.206107 
0.415686 250.000000 0.190840 
0.415686 250.000000 0.190840 
0.409412 266.000000 0.203053 
0.407059 272.000000 0.207634 
0.414510 253.000000 0.193130 
0.412941 257.000000 0.196183 
0.411765 260.000000 0.198473 
0.412157 259.000000 0.197710 
0.409412 266.000000 0.203053 
0.414902 252.000000 0.192366 
0.409412 266.000000 0.203053 
0.414118 254.000000 0.193893 
0.410980 262.000000 0.200000 
0.410196 264.000000 0.201527 
0.405098 277.000000 0.211450 
0.414510 253.000000 0.193130 
0.408235 269.000000 0.205344 
0.407451 271.000000 0.206870 
0.412941 257.000000 0.196183 
0.411373 261.000000 0.199237 
0.413725 255.000000 0.194656 
0.416471 248.000000 0.189313 
0.410980 262.000000 0.200000 
0.412941 257.000000 0.196183 
0.412941 257.000000 0.196183 
0.407843 270.000000 0.206107 
0.408627 268.000000 0.204580 
0.405882 275.000000 0.209924 
0.411765 260.000000 0.198473 
0.414902 252.000000 0.192366 
0.410588 263.000000 0.200763 
0.420000 239.000000 0.182443 
0.416471 248.000000 0.189313 
0.414510 253.000000 0.193130 
0.408627 268.000000 0.204580 
0.409020 267.000000 0.203817 
0.408235 269.000000 0.205344 
0.410196 264.000000 0.201527 
0.409412 266.000000 0.203053 
0.410588 263.000000 0.200763 
0.405098 277.000000 0.211450 
0.415294 251.000000 0.191603 
0.411373 261.000000 0.199237 
0.420000 239.000000 0.182443 
0.412549 258.000000 0.196947 
0.412157 259.000000 0.197710 
0.414902 252.000000 0.192366 
0.412941 257.000000 0.196183 
0.415686 250.000000 0.190840 
0.412549 258.000000 0.196947 
0.406667 273.000000 0.208397 
0.409804 265.000000 0.202290 
0.407451 271.000000 0.206870 
0.412549 258.000000 0.196947 
0.415294 251.000000 0.191603 
0.407451 271.000000 0.206870 
0.412941 257.000000 0.196183 
0.418431 243.000000 0.185496 
0.410588 263.000000 0.200763 
0.411765 260.000000 0.198473 
0.417647 245.000000 0.187023 
0.409412 266.000000 0.203053 
0.409412 266.000000 0.203053 
0.411373 261.000000 0.199237 
0.410196 264.000000 0.201527 
0.412549 258.000000 0.196947 
0.409804 265.000000 0.202290 
0.413333 256.000000 0.195420 
0.407059 272.000000 0.207634 
0.408627 268.000000 0.204580 
0.414902 252.000000 0.192366 
0.409412 266.000000 0.203053 
0.409412 266.000000 0.203053 
0.409020 267.000000 0.203817 
0.410980 262.000000 0.200000 
0.416078 249.000000 0.190076 
0.413333 256.000000 0.195420 
0.411373 261.000000 0.199237 
0.410196 264.000000 0.201527 
0.409020 267.000000 0.203817 
0.408235 269.000000 0.205344 
0.411765 260.000000 0.198473 
0.409020 267.000000 0.203817 
0.410980 262.000000 0.200000 
0.409020 267.000000 0.203817 
0.403529 281.000000 0.214504 
0.411765 260.000000 0.198473 
0.409804 265.000000 0.202290 
0.408627 268.000000 0.204580 
0.405882 275.000000 0.209924 
0.414118 254.000000 0.193893 
0.408627 268.000000 0.204580 
0.410588 263.000000 0.200763 
0.408627 268.000000 0.204580 
0.405882 275.000000 0.209924 
0.419608 240.000000 0.183206 
0.409804 265.000000 0.202290 
0.414510 253.000000 0.193130 
0.413725 255.000000 0.194656 
0.413333 256.000000 0.195420 
0.414118 254.000000 0.193893 
0.415686 250.000000 0.190840 
0.407451 271.000000 0.206870 
0.414510 253.000000 0.193130 
0.419216 241.000000 0.183969 
0.409412 266.000000 0.203053 
0.409804 265.000000 0.202290 
0.403137 282.000000 0.215267 
0.414510 253.000000 0.193130 
0.421176 236.000000 0.180153 
0.408235 269.000000 0.205344 
0.417647 245.000000 0.187023 
0.409020 267.000000 0.203817 
0.411765 260.000000 0.198473 
0.403137 282.000000 0.215267 
0.416078 249.000000 0.190076 
0.408627 268.000000 0.204580 
0.414118 254.000000 0.193893 
0.414118 254.000000 0.193893 
0.411765 260.000000 0.198473 
0.410980 262.000000 0.200000 
0.410980 262.000000 0.200000 
0.410588 263.000000 0.200763 
0.410980 262.000000 0.200000 
0.409412 266.000000 0.203053 
0.407451 271.000000 0.206870 
0.407451 271.000000 0.206870 
0.412941 257.000000 0.196183 
0.410980 262.000000 0.200000 
0.413725 255.000000 0.194656 
0.408627 268.000000 0.204580 
0.420392 238.000000 0.181679 
0.415686 250.000000 0.190840 
0.412549 258.000000 0.196947 
0.412157 259.000000 0.197710 
0.422353 233.000000 0.177863 
0.413333 256.000000 0.195420 
0.409804 265.000000 0.202290 
0.414118 254.000000 0.193893 
0.412157 259.000000 0.197710 
0.412157 259.000000 0.197710 
0.414510 253.000000 0.193130 
0.403922 280.000000 0.213740 
0.417255 246.000000 0.187786 
0.414510 253.000000 0.193130 
0.409020 267.000000 0.203817 
0.417255 246.000000 0.187786 
0.409412 266.000000 0.203053 
0.408627 268.000000 0.204580 
0.418824 242.000000 0.184733 
0.415686 250.000000 0.190840 
0.406275 274.000000 0.209160 
0.405882 275.000000 0.209924 
0.412157 259.000000 0.197710 
0.404314 279.000000 0.212977 
0.413725 255.000000 0.194656 
0.409412 266.000000 0.203053 
0.412941 257.000000 0.196183 
0.411373 261.000000 0.199237 
0.406275 274.000000 0.209160 
0.412157 259.000000 0.197710 
0.414118 254.000000 0.193893 
0.415686 250.000000 0.190840 
0.409020 267.000000 0.203817 
0.405490 276.000000 0.210687 
0.414118 254.000000 0.193893 
0.414902 252.000000 0.192366 
0.408627 268.000000 0.204580 
0.409412 266.000000 0.203053 
0.407843 270.000000 0.206107 
0.417255 246.000000 0.187786 
0.405882 275.000000 0.209924 
0.405098 277.000000 0.211450 
0.412549 258.000000 0.196947 
0.409804 265.000000 0.202290 
0.403137 282.000000 0.215267 
0.412157 259.000000 0.197710 
0.417255 246.000000 0.187786 
0.410980 262.000000 0.200000 
0.412157 259.000000 0.197710 
0.416078 249.000000 0.190076 
0.410588 263.000000 0.200763 
0.411373 261.000000 0.199237 
0.416078 249.000000 0.190076 
0.415294 251.000000 0.191603 
0.413333 256.000000 0.195420 
0.409412 266.000000 0.203053 
0.406667 273.000000 0.208397 
0.404706 278.000000 0.212214 
0.420392 238.000000 0.181679 
0.407843 270.000000 0.206107 
0.412157 259.000000 0.197710 
0.412549 258.000000 0.196947 
0.409804 265.000000 0.202290 
0.412549 258.000000 0.196947 
0.412549 258.000000 0.196947 
0.409412 266.000000 0.203053 
0.411373 261.000000 0.199237 
0.407843 270.000000 0.206107 
0.415686 250.000000 0.190840 
0.406667 273.000000 0.208397 
0.413333 256.000000 0.195420 
0.402745 283.000000 0.216031 
0.411765 260.000000 0.198473 
0.412157 259.000000 0.197710 
0.412941 257.000000 0.196183 
0.408627 268.000000 0.204580 
0.410588 263.000000 0.200763 
0.410980 262.000000 0.200000 
0.418824 242.000000 0.184733 
0.411373 261.000000 0.199237 
0.406667 273.000000 0.208397 
0.413333 256.000000 0.195420 
0.413333 256.000000 0.195420 
0.408235 269.000000 0.205344 
0.412549 258.000000 0.196947 
0.413333 256.000000 0.195420 
0.407059 272.000000 0.207634 
0.409804 265.000000 0.202290 
0.413333 256.000000 0.195420 
0.409804 265.000000 0.202290 
0.407451 271.000000 0.206870 
0.405098 277.000000 0.211450 
0.419608 240.000000 0.183206 
0.407451 271.000000 0.206870 
0.407451 271.000000 0.206870 
0.416863 247.000000 0.188550 
0.408235 269.000000 0.205344 
0.410196 264.000000 0.201527 
0.411373 261.000000 0.199237 
0.410196 264.000000 0.201527 
0.411765 260.000000 0.198473 
0.414118 254.000000 0.193893 
0.407059 272.000000 0.207634 
0.416078 249.000000 0.190076 
0.410588 263.000000 0.200763 
0.405490 276.000000 0.210687 
0.409412 266.000000 0.203053 
0.410980 262.000000 0.200000 
0.412941 257.000000 0.196183 
0.412157 259.000000 0.197710 
0.415686 250.000000 0.190840 
0.410588 263.000000 0.200763 
0.412941 257.000000 0.196183 
0.412157 259.000000 0.197710 
0.408235 269.000000 0.205344 
0.407451 271.000000 0.206870 
0.414510 253.000000 0.193130 
0.410196 264.000000 0.201527 
0.414902 252.000000 0.192366 
0.414118 254.000000 0.193893 
0.403922 280.000000 0.213740 
0.406667 273.000000 0.208397 
0.411765 260.000000 0.198473 
0.411765 260.000000 0.198473 
0.406667 273.000000 0.208397 
0.412941 257.000000 0.196183 
0.407451 271.000000 0.206870 
0.414510 253.000000 0.193130 
0.410980 262.000000 0.200000 
0.412549 258.000000 0.196947 
0.407451 271.000000 0.206870 
0.408235 269.000000 0.205344 
0.406275 274.000000 0.209160 
0.406275 274.000000 0.209160 
0.412157 259.000000 0.197710 
0.413333 256.000000 0.195420 
0.418039 244.000000 0.186260 
0.412549 258.000000 0.196947 
0.409804 265.000000 0.202290 
0.411373 261.000000 0.199237 
0.412941 257.000000 0.196183 
0.413725 255.000000 0.194656 
0.417255 246.000000 0.187786 
0.419216 241.000000 0.183969 
0.410196 264.000000 0.201527 
0.414902 252.000000 0.192366 
0.411765 260.000000 0.198473 
0.410980 262.000000 0.200000 
0.408627 268.000000 0.204580 
0.407059 272.000000 0.207634 
0.410588 263.000000 0.200763 
0.416471 248.000000 0.189313 
0.408235 269.000000 0.205344 
0.414118 254.000000 0.193893 
0.407451 271.000000 0.206870 
0.408235 269.000000 0.205344 
0.416471 248.000000 0.189313 
0.409020 267.000000 0.203817 
0.408627 268.000000 0.204580 
0.412549 258.000000 0.196947 
0.413333 256.000000 0.195420 
0.410980 262.000000 0.200000 
0.414902 252.000000 0.192366 
0.410980 262.000000 0.200000 
0.414118 254.000000 0.193893 
0.409804 265.000000 0.202290 
0.409020 267.000000 0.203817 
0.414118 254.000000 0.193893 
0.412549 258.000000 0.196947 
0.411765 260.000000 0.198473 
0.409020 267.000000 0.203817 
0.420000 239.000000 0.182443 
0.409412 266.000000 0.203053 
0.399608 291.000000 0.222137 
0.406275 274.000000 0.209160 
0.410196 264.000000 0.201527 
0.412549 258.000000 0.196947 
0.413333 256.000000 0.195420 
0.414902 252.000000 0.192366 
0.411373 261.000000 0.199237 
0.403137 282.000000 0.215267 
0.404706 278.000000 0.212214 
0.411765 260.000000 0.198473 
0.409020 267.000000 0.203817 
0.407451 271.000000 0.206870 
0.410980 262.000000 0.200000 
0.416471 248.000000 0.189313 
0.408627 268.000000 0.204580 
0.421176 236.000000 0.180153 
0.413333 256.000000 0.195420 
0.407843 270.000000 0.206107 
0.402745 283.000000 0.216031 
0.405490 276.000000 0.210687 
0.407059 272.000000 0.207634 
0.409412 266.000000 0.203053 
0.411373 261.000000 0.199237 
0.414118 254.000000 0.193893 
0.411373 261.000000 0.199237 
0.416078 249.000000 0.190076 
0.409804 265.000000 0.202290 
0.404706 278.000000 0.212214 
0.409020 267.000000 0.203817 
0.409020 267.000000 0.203817 
0.412549 258.000000 0.196947 
0.413333 256.000000 0.195420 
0.412157 259.000000 0.197710 
0.405098 277.000000 0.211450 
0.411373 261.000000 0.199237 
0.416863 247.000000 0.188550 
0.410980 262.000000 0.200000 
0.409412 266.000000 0.203053 
0.418431 243.000000 0.185496 
0.413725 255.000000 0.194656 
0.407451 271.000000 0.206870 
0.415686 250.000000 0.190840 
0.414510 253.000000 0.193130 
0.411765 260.000000 0.198473 
0.405882 275.000000 0.209924 
0.414902 252.000000 0.192366 
0.407451 271.000000 0.206870 
0.412941 257.000000 0.196183 
0.416471 248.000000 0.189313 
0.408235 269.000000 0.205344 
0.412157 259.000000 0.197710 
0.412941 257.000000 0.196183 
0.405882 275.000000 0.209924 
0.413725 255.000000 0.194656 
0.413725 255.000000 0.194656 
0.408627 268.000000 0.204580 
0.412157 259.000000 0.197710 
0.412549 258.000000 0.196947 
0.409804 265.000000 0.202290 
0.413333 256.000000 0.195420 
0.410588 263.000000 0.200763 
0.410588 263.000000 0.200763 
0.414510 253.000000 0.193130 
0.403922 280.000000 0.213740 
0.410588 263.000000 0.200763 
0.415294 251.000000 0.191603 
0.414118 254.000000 0.193893 
0.419608 240.000000 0.183206 
0.413725 255.000000 0.194656 
0.410980 262.000000 0.200000 
0.412941 257.000000 0.196183 
0.413333 256.000000 0.195420 
0.412157 259.000000 0.197710 
0.412549 258.000000 0.196947 
0.410980 262.000000 0.200000 
0.413333 256.000000 0.195420 
0.417255 246.000000 0.187786 
0.408235 269.000000 0.205344 
0.407843 270.000000 0.206107 
0.408235 269.000000 0.205344 
0.407843 270.000000 0.206107 
0.410980 262.000000 0.200000 
0.410196 264.000000 0.201527 
0.412941 257.000000 0.196183 
0.404706 278.000000 0.212214 
0.415686 250.000000 0.190840 
0.414118 254.000000 0.193893 
0.407843 270.000000 0.206107 
0.410588 263.000000 0.200763 
0.410196 264.000000 0.201527 
0.416863 247.000000 0.188550 
0.403922 280.000000 0.213740 
0.408235 269.000000 0.205344 
0.414510 253.000000 0.193130 
0.413725 255.000000 0.194656 
0.407843 270.000000 0.206107 
0.418039 244.000000 0.186260 
0.405490 276.000000 0.210687 
0.406275 274.000000 0.209160 
0.416471 248.000000 0.189313 
0.416078 249.000000 0.190076 
0.420784 237.000000 0.180916 
0.410588 263.000000 0.200763 
0.415294 251.000000 0.191603 
0.407843 270.000000 0.206107 
0.406667 273.000000 0.208397 
0.410588 263.000000 0.200763 
0.408235 269.000000 0.205344 
0.410588 263.000000 0.200763 
0.412941 257.000000 0.196183 
0.412941 257.000000 0.196183 
0.410980 262.000000 0.200000 
0.415294 251.000000 0.191603 
0.416471 248.000000 0.189313 
0.411373 261.000000 0.199237 
0.405882 275.000000 0.209924 
0.410196 264.000000 0.201527 
0.412941 257.000000 0.196183 
0.409412 266.000000 0.203053 
0.407451 271.000000 0.206870 
0.400784 288.000000 0.219847 
0.409412 266.000000 0.203053 
0.412157 259.000000 0.197710 
0.415686 250.000000 0.190840 
0.412549 258.000000 0.196947 
0.409020 267.000000 0.203817 
0.407843 270.000000 0.206107 
0.410980 262.000000 0.200000 
0.407843 270.000000 0.206107 
0.407843 270.000000 0.206107 
0.407843 270.000000 0.206107 
0.413333 256.000000 0.195420 
0.411765 260.000000 0.198473 
0.413725 255.000000 0.194656 
0.403529 281.000000 0.214504 
0.417647 245.000000 0.187023 
0.407059 272.000000 0.207634 
0.422353 233.000000 0.177863 
0.407059 272.000000 0.207634 
0.409020 267.000000 0.203817 
0.410980 262.000000 0.200000 
0.412157 259.000000 0.197710 
0.410980 262.000000 0.200000 
0.416863 247.000000 0.188550 
0.413725 255.000000 0.194656 
0.416863 247.000000 0.188550 
0.402353 284.000000 0.216794 
0.405882 275.000000 0.209924 
0.410588 263.000000 0.200763 
0.414118 254.000000 0.193893 
0.406275 274.000000 0.209160 
0.410588 263.000000 0.200763 
0.416863 247.000000 0.188550 
0.413333 256.000000 0.195420 
0.405490 276.000000 0.210687 
0.415686 250.000000 0.190840 
0.403137 282.000000 0.215267 
0.410980 262.000000 0.200000 
0.407451 271.000000 0.206870 
0.418824 242.000000 0.184733 
0.410196 264.000000 0.201527 
0.413725 255.000000 0.194656 
0.414510 253.000000 0.193130 
0.406667 273.000000 0.208397 
0.409804 265.000000 0.202290 
0.413333 256.000000 0.195420 
0.404314 279.000000 0.212977 
0.409020 267.000000 0.203817 
0.409412 266.000000 0.203053 
0.410196 264.000000 0.201527 
0.410980 262.000000 0.200000 
0.406667 273.000000 0.208397 
0.410196 264.000000 0.201527 
0.410196 264.000000 0.201527 
0.414510 253.000000 0.193130 
0.408627 268.000000 0.204580 
0.413333 256.000000 0.195420 
0.418039 244.000000 0.186260 
0.411373 261.000000 0.199237 
0.410196 264.000000 0.201527 
0.410980 262.000000 0.200000 
0.416471 248.000000 0.189313 
0.406667 273.000000 0.208397 
0.410588 263.000000 0.200763 
0.414510 253.000000 0.193130 
0.408235 269.000000 0.205344 
0.412157 259.000000 0.197710 
0.408627 268.000000 0.204580 
0.410196 264.000000 0.201527 
0.414510 253.000000 0.193130 
0.413333 256.000000 0.195420 
0.403137 282.000000 0.215267 
0.420000 239.000000 0.182443 
0.412549 258.000000 0.196947 
0.407843 270.000000 0.206107 
0.409020 267.000000 0.203817 
0.414510 253.000000 0.193130 
0.411765 260.000000 0.198473 
0.411373 261.000000 0.199237 
0.412549 258.000000 0.196947 
0.403137 282.000000 0.215267 
0.416078 249.000000 0.190076 
0.415294 251.000000 0.191603 
0.409412 266.000000 0.203053 
0.416078 249.000000 0.190076 
0.403922 280.000000 0.213740 
0.409412 266.000000 0.203053 
0.414510 253.000000 0.193130 
0.411373 261.000000 0.199237 
0.414118 254.000000 0.193893 
0.413333 256.000000 0.195420 
0.414118 254.000000 0.193893 
0.410588 263.000000 0.200763 
0.406275 274.000000 0.209160 
0.414118 254.000000 0.193893 
0.407843 270.000000 0.206107 
0.410196 264.000000 0.201527 
0.416078 249.000000 0.190076 
0.420784 237.000000 0.180916 
0.409804 265.000000 0.202290 
0.408627 268.000000 0.204580 
0.418039 244.000000 0.186260 
0.410588 263.000000 0.200763 
0.410588 263.000000 0.200763 
0.411373 261.000000 0.199237 
0.414510 253.000000 0.193130 
0.414510 253.000000 0.193130 
0.411373 261.000000 0.199237 
0.414902 252.000000 0.192366 
0.409020 267.000000 0.203817 
0.409412 266.000000 0.203053 
0.413725 255.000000 0.194656 
0.420000 239.000000 0.182443 
0.408627 268.000000 0.204580 
0.412549 258.000000 0.196947 
0.407059 272.000000 0.207634 
0.410196 264.000000 0.201527 
0.411765 260.000000 0.198473 
0.405882 275.000000 0.209924 
0.409020 267.000000 0.203817 
0.414118 254.000000 0.193893 
0.418824 242.000000 0.184733 
0.413725 255.000000 0.194656 
0.414118 254.000000 0.193893 
0.413725 255.000000 0.194656 
0.414902 252.000000 0.192366 
0.410196 264.000000 0.201527 
0.407059 272.000000 0.207634 
0.413725 255.000000 0.194656 
0.409020 267.000000 0.203817 
0.407059 272.000000 0.207634 
0.406667 273.000000 0.208397 
0.412549 258.000000 0.196947 
0.413333 256.000000 0.195420 
0.410196 264.000000 0.201527 
0.414902 252.000000 0.192366 
0.409412 266.000000 0.203053 
0.413725 255.000000 0.194656 
0.410196 264.000000 0.201527 
0.414902 252.000000 0.192366 
0.410980 262.000000 0.200000 
0.417647 245.000000 0.187023 
0.405098 277.000000 0.211450 
0.415294 251.000000 0.191603 
0.409412 266.000000 0.203053 
0.410588 263.000000 0.200763 
0.415294 251.000000 0.191603 
0.409804 265.000000 0.202290 
0.408627 268.000000 0.204580 
0.412549 258.000000 0.196947 
0.403137 282.000000 0.215267 
0.418039 244.000000 0.186260 
0.413333 256.000000 0.195420 
0.412549 258.000000 0.196947 
0.409804 265.000000 0.202290 
0.409804 265.000000 0.202290 
0.419216 241.000000 0.183969 
0.411765 260.000000 0.198473 
0.406667 273.000000 0.208397 
0.411765 260.000000 0.198473 
0.418824 242.000000 0.184733 
0.412157 259.000000 0.197710 
0.410588 263.000000 0.200763 
0.409020 267.000000 0.203817 
0.404706 278.000000 0.212214 
0.403922 280.000000 0.213740 
0.412549 258.000000 0.196947 
0.415686 250.000000 0.190840 
0.412941 257.000000 0.196183 
0.407843 270.000000 0.206107 
0.409412 266.000000 0.203053 
0.409804 265.000000 0.202290 
0.410980 262.000000 0.200000 
0.412157 259.000000 0.197710 
0.416863 247.000000 0.188550 
0.415294 251.000000 0.191603 
0.408627 268.000000 0.204580 
0.411373 261.000000 0.199237 
0.409804 265.000000 0.202290 
0.416863 247.000000 0.188550 
0.417647 245.000000 0.187023 
0.411765 260.000000 0.198473 
0.412941 257.000000 0.196183 
0.410588 263.000000 0.200763 
0.408235 269.000000 0.205344 
0.414902 252.000000 0.192366 
0.414510 253.000000 0.193130 
0.410980 262.000000 0.200000 
0.411765 260.000000 0.198473 
0.415686 250.000000 0.190840 
0.407843 270.000000 0.206107 
0.409020 267.000000 0.203817 
0.411765 260.000000 0.198473 
0.408627 268.000000 0.204580 
0.405098 277.000000 0.211450 
0.412157 259.000000 0.197710 
0.407843 270.000000 0.206107 
0.410196 264.000000 0.201527 
0.406275 274.000000 0.209160 
0.411765 260.000000 0.198473 
0.413333 256.000000 0.195420 
0.409804 265.000000 0.202290 
0.411373 261.000000 0.199237 
0.414510 253.000000 0.193130 
0.408235 269.000000 0.205344 
0.414902 252.000000 0.192366 
0.415294 251.000000 0.191603 
0.414510 253.000000 0.193130 
0.409804 265.000000 0.202290 
0.409020 267.000000 0.203817 
0.405882 275.000000 0.209924 
0.409412 266.000000 0.203053 
0.415686 250.000000 0.190840 
0.415686 250.000000 0.190840 
0.413333 256.000000 0.195420 
0.409412 266.000000 0.203053 
0.412549 258.000000 0.196947 
0.405098 277.000000 0.211450 
0.414510 253.000000 0.193130 
0.408627 268.000000 0.204580 
0.404314 279.000000 0.212977 
0.408627 268.000000 0.204580 
0.412941 257.000000 0.196183 
0.411373 261.000000 0.199237 
0.412157 259.000000 0.197710 
0.417255 246.000000 0.187786 
0.409804 265.000000 0.202290 
0.411373 261.000000 0.199237 
0.412549 258.000000 0.196947 
0.413333 256.000000 0.195420 
0.410980 262.000000 0.200000 
0.406667 273.000000 0.208397 
0.404706 278.000000 0.212214 
0.406667 273.000000 0.208397 
0.416078 249.000000 0.190076 
0.405882 275.000000 0.209924 
0.414510 253.000000 0.193130 
0.410196 264.000000 0.201527 
0.409412 266.000000 0.203053 
0.402745 283.000000 0.216031 
0.413333 256.000000 0.195420 
0.408235 269.000000 0.205344 
0.410980 262.000000 0.200000 
0.414510 253.000000 0.193130 
0.412941 257.000000 0.196183 
0.415686 250.000000 0.190840 
0.407843 270.000000 0.206107 
0.414118 254.000000 0.193893 
0.407059 272.000000 0.207634 
0.407059 272.000000 0.207634 
0.415294 251.000000 0.191603 
0.408627 268.000000 0.204580 
0.414118 254.000000 0.193893 
0.409020 267.000000 0.203817 
0.413333 256.000000 0.195420 
0.413333 256.000000 0.195420 
0.412549 258.000000 0.196947 
0.412941 257.000000 0.196183 
0.416471 248.000000 0.189313 
0.411765 260.000000 0.198473 
0.407451 271.000000 0.206870 
0.407843 270.000000 0.206107 
0.409804 265.000000 0.202290 
0.416078 249.000000 0.190076 
0.410588 263.000000 0.200763 
0.416863 247.000000 0.188550 
0.411765 260.000000 0.198473 
0.415294 251.000000 0.191603 
0.410196 264.000000 0.201527 
0.398824 293.000000 0.223664 
0.408235 269.000000 0.205344 
0.406667 273.000000 0.208397 
0.408235 269.000000 0.205344 
0.409020 267.000000 0.203817 
0.409804 265.000000 0.202290 
0.410196 264.000000 0.201527 
0.409412 266.000000 0.203053 
0.416078 249.000000 0.190076 
0.412549 258.000000 0.196947 
0.415686 250.000000 0.190840 
0.416863 247.000000 0.188550 
0.410196 264.000000 0.201527 
0.405490 276.000000 0.210687 
0.407059 272.000000 0.207634 
0.412549 258.000000 0.196947 
0.406667 273.000000 0.208397 
0.410196 264.000000 0.201527 
0.407451 271.000000 0.206870 
0.418431 243.000000 0.185496 
0.415686 250.000000 0.190840 
0.418824 242.000000 0.184733 
0.410588 263.000000 0.200763 
0.414902 252.000000 0.192366 
0.406275 274.000000 0.209160 
0.409412 266.000000 0.203053 
0.414118 254.000000 0.193893 
0.412941 257.000000 0.196183 
0.403922 280.000000 0.213740 
0.408235 269.000000 0.205344 
0.402353 284.000000 0.216794 
0.412941 257.000000 0.196183 
0.411765 260.000000 0.198473 
0.404706 278.000000 0.212214 
0.414510 253.000000 0.193130 
0.415294 251.000000 0.191603 
0.411765 260.000000 0.198473 
0.417647 245.000000 0.187023 
0.414510 253.000000 0.193130 
0.411373 261.000000 0.199237 
0.412941 257.000000 0.196183 
0.412157 259.000000 0.197710 
0.408235 269.000000 0.205344 
0.410980 262.000000 0.200000 
0.408627 268.000000 0.204580 
0.412157 259.000000 0.197710 
0.405490 276.000000 0.210687 
0.410980 262.000000 0.200000 
0.412549 258.000000 0.196947 
0.401176 287.000000 0.219084 
0.412157 259.000000 0.197710 
0.409412 266.000000 0.203053 
0.407059 272.000000 0.207634 
0.411765 260.000000 0.198473 
0.420000 239.000000 0.182443 
0.410196 264.000000 0.201527 
0.411373 261.000000 0.199237 
0.414902 252.000000 0.192366 
0.413725 255.000000 0.194656 
0.412157 259.000000 0.197710 
0.413725 255.000000 0.194656 
0.408627 268.000000 0.204580 
0.412157 259.000000 0.197710 
0.409020 267.000000 0.203817 
0.416863 247.000000 0.188550 
0.415294 251.000000 0.191603 
0.411373 261.000000 0.199237 
0.408627 268.000000 0.204580 
0.403529 281.000000 0.214504 
0.412157 259.000000 0.197710 
0.412549 258.000000 0.196947 
0.409804 265.000000 0.202290 
0.407843 270.000000 0.206107 
0.414510 253.000000 0.193130 
0.416471 248.000000 0.189313 
0.413725 255.000000 0.194656 
0.407451 271.000000 0.206870 
0.403922 280.000000 0.213740 
0.410196 264.000000 0.201527 
0.405490 276.000000 0.210687 
0.407843 270.000000 0.206107 
0.412549 258.000000 0.196947 
0.409804 265.000000 0.202290 
0.411765 260.000000 0.198473 
0.411765 260.000000 0.198473 
0.417647 245.000000 0.187023 
0.414118 254.000000 0.193893 
0.418039 244.000000 0.186260 
0.407451 271.000000 0.206870 
0.411373 261.000000 0.199237 
0.406667 273.000000 0.208397 
0.419608 240.000000 0.183206 
0.400392 289.000000 0.220611 
0.412549 258.000000 0.196947 
0.415686 250.000000 0.190840 
0.414118 254.000000 0.193893 
0.412941 257.000000 0.196183 
0.405882 275.000000 0.209924 
0.416078 249.000000 0.190076 
0.409412 266.000000 0.203053 
0.410588 263.000000 0.200763 
0.405098 277.000000 0.211450 
0.418039 244.000000 0.186260 
0.416078 249.000000 0.190076 
0.417647 245.000000 0.187023 
0.407059 272.000000 0.207634 
0.405882 275.000000 0.209924 
0.408235 269.000000 0.205344 
0.410980 262.000000 0.200000 
0.413333 256.000000 0.195420 
0.410980 262.000000 0.200000 
0.410196 264.000000 0.201527 
0.405490 276.000000 0.210687 
0.412941 257.000000 0.196183 
0.408627 268.000000 0.204580 
0.417255 246.000000 0.187786 
0.410588 263.000000 0.200763 
0.412941 257.000000 0.196183 
0.407059 272.000000 0.207634 
0.410588 263.000000 0.200763 
0.413333 256.000000 0.195420 
0.404314 279.000000 0.212977 
0.410196 264.000000 0.201527 
0.409412 266.000000 0.203053 
0.411373 261.000000 0.199237 
0.404314 279.000000 0.212977 
0.409804 265.000000 0.202290 
0.405490 276.000000 0.210687 
0.410980 262.000000 0.200000 
0.401176 287.000000 0.219084 
0.413725 255.000000 0.194656 
0.415686 250.000000 0.190840 
0.407843 270.000000 0.206107 
0.410980 262.000000 0.200000 
0.409804 265.000000 0.202290 
0.413333 256.000000 0.195420 
0.406667 273.000000 0.208397 
0.412157 259.000000 0.197710 
0.407843 270.000000 0.206107 
0.409020 267.000000 0.203817 
0.413333 256.000000 0.195420 
0.413333 256.000000 0.195420 
0.410980 262.000000 0.200000 
0.409804 265.000000 0.202290 
0.413333 256.000000 0.195420 
0.410588 263.000000 0.200763 
0.406275 274.000000 0.209160 
0.416471 248.000000 0.189313 
0.416078 249.000000 0.190076 
0.415686 250.000000 0.190840 
0.415686 250.000000 0.190840 
0.403922 280.000000 0.213740 
0.411765 260.000000 0.198473 
0.410588 263.000000 0.200763 
0.405098 277.000000 0.211450 
0.407451 271.000000 0.206870 
0.411373 261.000000 0.199237 
0.406275 274.000000 0.209160 
0.412941 257.000000 0.196183 
0.405490 276.000000 0.210687 
0.417255 246.000000 0.187786 
0.407059 272.000000 0.207634 
0.407843 270.000000 0.206107 
0.412549 258.000000 0.196947 
0.413725 255.000000 0.194656 
0.415686 250.000000 0.190840 
0.411765 260.000000 0.198473 
0.410196 264.000000 0.201527 
0.409804 265.000000 0.202290 
0.405490 276.000000 0.210687 
0.407843 270.000000 0.206107 
0.404314 279.000000 0.212977 
0.411373 261.000000 0.199237 
0.413725 255.000000 0.194656 
0.414118 254.000000 0.193893 
0.412157 259.000000 0.197710 
0.412157 259.000000 0.197710 
0.408627 268.000000 0.204580 
0.410196 264.000000 0.201527 
0.410588 263.000000 0.200763 
0.406275 274.000000 0.209160 
0.414118 254.000000 0.193893 
0.412157 259.000000 0.197710 
0.409804 265.000000 0.202290 
0.412941 257.000000 0.196183 
0.407059 272.000000 0.207634 
0.407451 271.000000 0.206870 
0.418824 242.000000 0.184733 
0.417647 245.000000 0.187023 
0.417647 245.000000 0.187023 
0.414902 252.000000 0.192366 
0.416471 248.000000 0.189313 
0.418039 244.000000 0.186260 
0.413333 256.000000 0.195420 
0.408627 268.000000 0.204580 
0.411373 261.000000 0.199237 
0.410980 262.000000 0.200000 
0.409804 265.000000 0.202290 
0.409412 266.000000 0.203053 
0.417255 246.000000 0.187786 
0.413333 256.000000 0.195420 
0.405098 277.000000 0.211450 
0.420000 239.000000 0.182443 
0.418824 242.000000 0.184733 
0.414118 254.000000 0.193893 
0.405882 275.000000 0.209924 
0.410196 264.000000 0.201527 
0.409412 266.000000 0.203053 
0.410588 263.000000 0.200763 
0.411373 261.000000 0.199237 
0.412549 258.000000 0.196947 
0.415686 250.000000 0.190840 
0.416863 247.000000 0.188550 
0.412157 259.000000 0.197710 
0.409804 265.000000 0.202290 
0.408627 268.000000 0.204580 
0.408627 268.000000 0.204580 
0.408627 268.000000 0.204580 
0.407843 270.000000 0.206107 
0.414510 253.000000 0.193130 
0.416471 248.000000 0.189313 
0.421176 236.000000 0.180153 
0.406275 274.000000 0.209160 
0.401176 287.000000 0.219084 
0.415294 251.000000 0.191603 
0.407451 271.000000 0.206870 
0.409804 265.000000 0.202290 
0.414118 254.000000 0.193893 
0.415686 250.000000 0.190840 
0.414118 254.000000 0.193893 
0.414118 254.000000 0.193893 
0.410588 263.000000 0.200763 
0.410196 264.000000 0.201527 
0.417647 245.000000 0.187023 
0.413333 256.000000 0.195420 
0.410588 263.000000 0.200763 
0.413333 256.000000 0.195420 
0.403137 282.000000 0.215267 
0.413333 256.000000 0.195420 
0.410980 262.000000 0.200000 
0.416078 249.000000 0.190076 
0.410196 264.000000 0.201527 
0.403922 280.000000 0.213740 
0.407843 270.000000 0.206107 
0.415686 250.000000 0.190840 
0.410980 262.000000 0.200000 
0.411373 261.000000 0.199237 
0.405098 277.000000 0.211450 
0.406275 274.000000 0.209160 
0.417255 246.000000 0.187786 
0.410588 263.000000 0.200763 
0.414902 252.000000 0.192366 
0.411765 260.000000 0.198473 
0.409020 267.000000 0.203817 
0.410196 264.000000 0.201527 
0.423529 230.000000 0.175573 
0.410196 264.000000 0.201527 
0.408235 269.000000 0.205344 
0.416863 247.000000 0.188550 
0.412549 258.000000 0.196947 
0.410588 263.000000 0.200763 
0.410588 263.000000 0.200763 
0.416863 247.000000 0.188550 
0.413725 255.000000 0.194656 
0.412549 258.000000 0.196947 
0.402745 283.000000 0.216031 
0.413333 256.000000 0.195420 
0.406275 274.000000 0.209160 
0.412941 257.000000 0.196183 
0.413725 255.000000 0.194656 
0.413725 255.000000 0.194656 
0.414118 254.000000 0.193893 
0.407451 271.000000 0.206870 
0.412549 258.000000 0.196947 
0.407059 272.000000 0.207634 
0.409020 267.000000 0.203817 
0.409020 267.000000 0.203817 
0.409804 265.000000 0.202290 
0.410588 263.000000 0.200763 
0.407451 271.000000 0.206870 
0.414902 252.000000 0.192366 
0.406667 273.000000 0.208397 
0.416863 247.000000 0.188550 
0.413333 256.000000 0.195420 
0.410588 263.000000 0.200763 
0.409804 265.000000 0.202290 
0.407451 271.000000 0.206870 
0.406275 274.000000 0.209160 
0.414510 253.000000 0.193130 
0.405882 275.000000 0.209924 
0.406667 273.000000 0.208397 
0.412941 257.000000 0.196183 
0.403922 280.000000 0.213740 
0.400784 288.000000 0.219847 
0.408235 269.000000 0.205344 
0.412549 258.000000 0.196947 
0.406275 274.000000 0.209160 
0.407451 271.000000 0.206870 
0.403529 281.000000 0.214504 
0.408235 269.000000 0.205344 
0.404314 279.000000 0.212977 
0.408627 268.000000 0.204580 
0.407059 272.000000 0.207634 
0.410980 262.000000 0.200000 
0.412549 258.000000 0.196947 
0.416078 249.000000 0.190076 
0.410196 264.000000 0.201527 
0.411373 261.000000 0.199237 
0.403922 280.000000 0.213740 
0.403137 282.000000 0.215267 
0.410588 263.000000 0.200763 
0.417647 245.000000 0.187023 
0.409412 266.000000 0.203053 
0.421961 234.000000 0.178626 
0.407451 271.000000 0.206870 
0.412157 259.000000 0.197710 
0.409412 266.000000 0.203053 
0.416078 249.000000 0.190076 
0.412941 257.000000 0.196183 
0.406667 273.000000 0.208397 
0.410980 262.000000 0.200000 
0.409412 266.000000 0.203053 
0.405490 276.000000 0.210687 
0.411373 261.000000 0.199237 
0.414118 254.000000 0.193893 
0.414118 254.000000 0.193893 
0.408627 268.000000 0.204580 
0.410196 264.000000 0.201527 
0.412157 259.000000 0.197710 
0.407059 272.000000 0.207634 
0.406275 274.000000 0.209160 
0.410980 262.000000 0.200000 
0.408627 268.000000 0.204580 
0.412157 259.000000 0.197710 
0.413725 255.000000 0.194656 
0.405490 276.000000 0.210687 
0.407451 271.000000 0.206870 
0.404706 278.000000 0.212214 
0.420000 239.000000 0.182443 
0.408235 269.000000 0.205344 
0.411373 261.000000 0.199237 
0.414118 254.000000 0.193893 
0.418824 242.000000 0.184733 
0.412549 258.000000 0.196947 
0.417647 245.000000 0.187023 
0.412549 258.000000 0.196947 
0.404706 278.000000 0.212214 
0.408627 268.000000 0.204580 
0.410196 264.000000 0.201527 
0.412157 259.000000 0.197710 
0.410588 263.000000 0.200763 
0.405098 277.000000 0.211450 
0.410588 263.000000 0.200763 
0.412157 259.000000 0.197710 
0.416471 248.000000 0.189313 
0.413333 256.000000 0.195420 
0.411373 261.000000 0.199237 
0.409020 267.000000 0.203817 
0.414510 253.000000 0.193130 
0.414118 254.000000 0.193893 
0.407451 271.000000 0.206870 
0.410588 263.000000 0.200763 
0.412157 259.000000 0.197710 
0.408627 268.000000 0.204580 
0.405882 275.000000 0.209924 
0.410196 264.000000 0.201527 
0.410588 263.000000 0.200763 
0.407059 272.000000 0.207634 
0.410980 262.000000 0.200000 
0.417647 245.000000 0.187023 
0.412549 258.000000 0.196947 
0.411765 260.000000 0.198473 
0.412941 257.000000 0.196183 
0.412157 259.000000 0.197710 
0.410980 262.000000 0.200000 
0.409412 266.000000 0.203053 
0.415294 251.000000 0.191603 
0.412157 259.000000 0.197710 
0.409020 267.000000 0.203817 
0.411373 261.000000 0.199237 
0.407059 272.000000 0.207634 
0.410980 262.000000 0.200000 
0.415294 251.000000 0.191603 
0.405098 277.000000 0.211450 
0.418824 242.000000 0.184733 
0.403922 280.000000 0.213740 
0.406667 273.000000 0.208397 
0.407059 272.000000 0.207634 
0.406275 274.000000 0.209160 
0.414510 253.000000 0.193130 
0.414510 253.000000 0.193130 
0.403529 281.000000 0.214504 
0.410980 262.000000 0.200000 
0.401961 285.000000 0.217557 
0.410196 264.000000 0.201527 
0.410196 264.000000 0.201527 
0.413333 256.000000 0.195420 
0.415686 250.000000 0.190840 
0.411373 261.000000 0.199237 
0.414118 254.000000 0.193893 
0.410588 263.000000 0.200763 
0.407843 270.000000 0.206107 
0.410980 262.000000 0.200000 
0.414902 252.000000 0.192366 
0.409412 266.000000 0.203053 
0.412941 257.000000 0.196183 
0.412549 258.000000 0.196947 
0.412157 259.000000 0.197710 
0.409412 266.000000 0.203053 
0.405882 275.000000 0.209924 
0.416078 249.000000 0.190076 
0.414510 253.000000 0.193130 
0.414118 254.000000 0.193893 
0.413333 256.000000 0.195420 
0.414118 254.000000 0.193893 
0.415686 250.000000 0.190840 
0.411373 261.000000 0.199237 
0.411373 261.000000 0.199237 
0.417255 246.000000 0.187786 
0.413333 256.000000 0.195420 
0.418039 244.000000 0.186260 
0.410196 264.000000 0.201527 
0.411765 260.000000 0.198473 
0.405098 277.000000 0.211450 
0.409804 265.000000 0.202290 
0.410588 263.000000 0.200763 
0.409804 265.000000 0.202290 
0.406667 273.000000 0.208397 
0.414510 253.000000 0.193130 
0.405098 277.000000 0.211450 
0.410196 264.000000 0.201527 
0.413333 256.000000 0.195420 
0.410588 263.000000 0.200763 
0.411765 260.000000 0.198473 
0.411765 260.000000 0.198473 
0.414510 253.000000 0.193130 
0.407451 271.000000 0.206870 
