0.465098 124.000000 0.094656 
0.461961 132.000000 0.100763 
0.462745 130.000000 0.099237 
0.465098 124.000000 0.094656 
0.460000 137.000000 0.104580 
0.469412 113.000000 0.086260 
0.459608 138.000000 0.105344 
0.466667 120.000000 0.091603 
0.460392 136.000000 0.103817 
0.465098 124.000000 0.094656 
0.465882 122.000000 0.093130 
0.471765 107.000000 0.081679 
0.472549 105.000000 0.080153 
0.465882 122.000000 0.093130 
0.466275 121.000000 0.092366 
0.462353 131.000000 0.100000 
0.464314 126.000000 0.096183 
0.463922 127.000000 0.096947 
0.462353 131.000000 0.100000 
0.465098 124.000000 0.094656 
0.461569 133.000000 0.101527 
0.466667 120.000000 0.091603 
0.460784 135.000000 0.103053 
0.465882 122.000000 0.093130 
0.457647 143.000000 0.109160 
0.467451 118.000000 0.090076 
0.459608 138.000000 0.105344 
0.463529 128.000000 0.097710 
0.463922 127.000000 0.096947 
0.470196 111.000000 0.084733 
0.467059 119.000000 0.090840 
0.465098 124.000000 0.094656 
0.468235 116.000000 0.088550 
0.461569 133.000000 0.101527 
0.463922 127.000000 0.096947 
0.465098 124.000000 0.094656 
0.462745 130.000000 0.099237 
0.458824 140.000000 0.106870 
0.465882 122.000000 0.093130 
0.461961 132.000000 0.100763 
0.461961 132.000000 0.100763 
0.463922 127.000000 0.096947 
0.466667 120.000000 0.091603 
0.463137 129.000000 0.098473 
0.461569 133.000000 0.101527 
0.469020 114.000000 0.087023 
0.462353 131.000000 0.100000 
0.465490 123.000000 0.093893 
0.462353 131.000000 0.100000 
0.460392 136.000000 0.103817 
0.464314 126.000000 0.096183 
0.462353 131.000000 0.100000 
0.461569 133.000000 0.101527 
0.460000 137.000000 0.104580 
0.465490 123.000000 0.093893 
0.462745 130.000000 0.099237 
0.458431 141.000000 0.107634 
0.459216 139.000000 0.106107 
0.463529 128.000000 0.097710 
0.463922 127.000000 0.096947 
0.472549 105.000000 0.080153 
0.455294 149.000000 0.113740 
0.461961 132.000000 0.100763 
0.466275 121.000000 0.092366 
0.468627 115.000000 0.087786 
0.469412 113.000000 0.086260 
0.463922 127.000000 0.096947 
0.458824 140.000000 0.106870 
0.470196 111.000000 0.084733 
0.463922 127.000000 0.096947 
0.460000 137.000000 0.104580 
0.463137 129.000000 0.098473 
0.470196 111.000000 0.084733 
0.459608 138.000000 0.105344 
0.462353 131.000000 0.100000 
0.468627 115.000000 0.087786 
0.466275 121.000000 0.092366 
0.462353 131.000000 0.100000 
0.461569 133.000000 0.101527 
0.468235 116.000000 0.088550 
0.470196 111.000000 0.084733 
0.457255 144.000000 0.109924 
0.469412 113.000000 0.086260 
0.465882 122.000000 0.093130 
0.473725 102.000000 0.077863 
0.464706 125.000000 0.095420 
0.467059 119.000000 0.090840 
0.466275 121.000000 0.092366 
0.461569 133.000000 0.101527 
0.468235 116.000000 0.088550 
0.463529 128.000000 0.097710 
0.464314 126.000000 0.096183 
0.463137 129.000000 0.098473 
0.456471 146.000000 0.111450 
0.470196 111.000000 0.084733 
0.461961 132.000000 0.100763 
0.463922 127.000000 0.096947 
0.461176 134.000000 0.102290 
0.467451 118.000000 0.090076 
0.460392 136.000000 0.103817 
0.469804 112.000000 0.085496 
0.465490 123.000000 0.093893 
0.462353 131.000000 0.100000 
0.459608 138.000000 0.105344 
0.463922 127.000000 0.096947 
0.459608 138.000000 0.105344 
0.453725 153.000000 0.116794 
0.460392 136.000000 0.103817 
0.461961 132.000000 0.100763 
0.462745 130.000000 0.099237 
0.458824 140.000000 0.106870 
0.470980 109.000000 0.083206 
0.463137 129.000000 0.098473 
0.463529 128.000000 0.097710 
0.464706 125.000000 0.095420 
0.462353 131.000000 0.100000 
0.464706 125.000000 0.095420 
0.463137 129.000000 0.098473 
0.464706 125.000000 0.095420 
0.455686 148.000000 0.112977 
0.461961 132.000000 0.100763 
0.461569 133.000000 0.101527 
0.460392 136.000000 0.103817 
0.458039 142.000000 0.108397 
0.460000 137.000000 0.104580 
0.458824 140.000000 0.106870 
0.465490 123.000000 0.093893 
0.464706 125.000000 0.095420 
0.465490 123.000000 0.093893 
0.465882 122.000000 0.093130 
0.473333 103.000000 0.078626 
0.460784 135.000000 0.103053 
0.474902 99.000000 0.075573 
0.466275 121.000000 0.092366 
0.464314 126.000000 0.096183 
0.466667 120.000000 0.091603 
0.469020 114.000000 0.087023 
0.463529 128.000000 0.097710 
0.466275 121.000000 0.092366 
0.459608 138.000000 0.105344 
0.457255 144.000000 0.109924 
0.469804 112.000000 0.085496 
0.461569 133.000000 0.101527 
0.459216 139.000000 0.106107 
0.464706 125.000000 0.095420 
0.462353 131.000000 0.100000 
0.463922 127.000000 0.096947 
0.460784 135.000000 0.103053 
0.469412 113.000000 0.086260 
0.465882 122.000000 0.093130 
0.465882 122.000000 0.093130 
0.466275 121.000000 0.092366 
0.460000 137.000000 0.104580 
0.468627 115.000000 0.087786 
0.457647 143.000000 0.109160 
0.473725 102.000000 0.077863 
0.460392 136.000000 0.103817 
0.461569 133.000000 0.101527 
0.464706 125.000000 0.095420 
0.467843 117.000000 0.089313 
0.457647 143.000000 0.109160 
0.473725 102.000000 0.077863 
0.461176 134.000000 0.102290 
0.465882 122.000000 0.093130 
0.456863 145.000000 0.110687 
0.463137 129.000000 0.098473 
0.468235 116.000000 0.088550 
0.468235 116.000000 0.088550 
0.469020 114.000000 0.087023 
0.461176 134.000000 0.102290 
0.463137 129.000000 0.098473 
0.463137 129.000000 0.098473 
0.460392 136.000000 0.103817 
0.464706 125.000000 0.095420 
0.462353 131.000000 0.100000 
0.460392 136.000000 0.103817 
0.470588 110.000000 0.083969 
0.461569 133.000000 0.101527 
0.463137 129.000000 0.098473 
0.461176 134.000000 0.102290 
0.466275 121.000000 0.092366 
0.459608 138.000000 0.105344 
0.463922 127.000000 0.096947 
0.468627 115.000000 0.087786 
0.461176 134.000000 0.102290 
0.468235 116.000000 0.088550 
0.460392 136.000000 0.103817 
0.465882 122.000000 0.093130 
0.465098 124.000000 0.094656 
0.465098 124.000000 0.094656 
0.470196 111.000000 0.084733 
0.461569 133.000000 0.101527 
0.456078 147.000000 0.112214 
0.465098 124.000000 0.094656 
0.457647 143.000000 0.109160 
0.465490 123.000000 0.093893 
0.463529 128.000000 0.097710 
0.461961 132.000000 0.100763 
0.468235 116.000000 0.088550 
0.461961 132.000000 0.100763 
0.467059 119.000000 0.090840 
0.470588 110.000000 0.083969 
0.458824 140.000000 0.106870 
0.458431 141.000000 0.107634 
0.467451 118.000000 0.090076 
0.467451 118.000000 0.090076 
0.461176 134.000000 0.102290 
0.462745 130.000000 0.099237 
0.463922 127.000000 0.096947 
0.467451 118.000000 0.090076 
0.458431 141.000000 0.107634 
0.456863 145.000000 0.110687 
0.463922 127.000000 0.096947 
0.459216 139.000000 0.106107 
0.466275 121.000000 0.092366 
0.463922 127.000000 0.096947 
0.463529 128.000000 0.097710 
0.466275 121.000000 0.092366 
0.465882 122.000000 0.093130 
0.464706 125.000000 0.095420 
0.465490 123.000000 0.093893 
0.469020 114.000000 0.087023 
0.466275 121.000000 0.092366 
0.471373 108.000000 0.082443 
0.463529 128.000000 0.097710 
0.468235 116.000000 0.088550 
0.454902 150.000000 0.114504 
0.465098 124.000000 0.094656 
0.460000 137.000000 0.104580 
0.467451 118.000000 0.090076 
0.461961 132.000000 0.100763 
0.460392 136.000000 0.103817 
0.462353 131.000000 0.100000 
0.463137 129.000000 0.098473 
0.468627 115.000000 0.087786 
0.470196 111.000000 0.084733 
0.462353 131.000000 0.100000 
0.462745 130.000000 0.099237 
0.452941 155.000000 0.118321 
0.467843 117.000000 0.089313 
0.469804 112.000000 0.085496 
0.471373 108.000000 0.082443 
0.463529 128.000000 0.097710 
0.458039 142.000000 0.108397 
0.463922 127.000000 0.096947 
0.465098 124.000000 0.094656 
0.462745 130.000000 0.099237 
0.463922 127.000000 0.096947 
0.468235 116.000000 0.088550 
0.461176 134.000000 0.102290 
0.467843 117.000000 0.089313 
0.469804 112.000000 0.085496 
0.467451 118.000000 0.090076 
0.464314 126.000000 0.096183 
0.460784 135.000000 0.103053 
0.462745 130.000000 0.099237 
0.463137 129.000000 0.098473 
0.457647 143.000000 0.109160 
0.459608 138.000000 0.105344 
0.465882 122.000000 0.093130 
0.461961 132.000000 0.100763 
0.467059 119.000000 0.090840 
0.463922 127.000000 0.096947 
0.463529 128.000000 0.097710 
0.466667 120.000000 0.091603 
0.466667 120.000000 0.091603 
0.473333 103.000000 0.078626 
0.459608 138.000000 0.105344 
0.462745 130.000000 0.099237 
0.464706 125.000000 0.095420 
0.456471 146.000000 0.111450 
0.467451 118.000000 0.090076 
0.471765 107.000000 0.081679 
0.469804 112.000000 0.085496 
0.462745 130.000000 0.099237 
0.465490 123.000000 0.093893 
0.459608 138.000000 0.105344 
0.470980 109.000000 0.083206 
0.465882 122.000000 0.093130 
0.463137 129.000000 0.098473 
0.459608 138.000000 0.105344 
0.463137 129.000000 0.098473 
0.462745 130.000000 0.099237 
0.460392 136.000000 0.103817 
0.465882 122.000000 0.093130 
0.469412 113.000000 0.086260 
0.470196 111.000000 0.084733 
0.464314 126.000000 0.096183 
0.464314 126.000000 0.096183 
0.465098 124.000000 0.094656 
0.462745 130.000000 0.099237 
0.460000 137.000000 0.104580 
0.460784 135.000000 0.103053 
0.462745 130.000000 0.099237 
0.463137 129.000000 0.098473 
0.464314 126.000000 0.096183 
0.460000 137.000000 0.104580 
0.458039 142.000000 0.108397 
0.467059 119.000000 0.090840 
0.465882 122.000000 0.093130 
0.466667 120.000000 0.091603 
0.469020 114.000000 0.087023 
0.464314 126.000000 0.096183 
0.465490 123.000000 0.093893 
0.461176 134.000000 0.102290 
0.463137 129.000000 0.098473 
0.463922 127.000000 0.096947 
0.470588 110.000000 0.083969 
0.462353 131.000000 0.100000 
0.463922 127.000000 0.096947 
0.464314 126.000000 0.096183 
0.461176 134.000000 0.102290 
0.461176 134.000000 0.102290 
0.464706 125.000000 0.095420 
0.469020 114.000000 0.087023 
0.461176 134.000000 0.102290 
0.461176 134.000000 0.102290 
0.462353 131.000000 0.100000 
0.464314 126.000000 0.096183 
0.463529 128.000000 0.097710 
0.466275 121.000000 0.092366 
0.461569 133.000000 0.101527 
0.459216 139.000000 0.106107 
0.465098 124.000000 0.094656 
0.467451 118.000000 0.090076 
0.463922 127.000000 0.096947 
0.470980 109.000000 0.083206 
0.461569 133.000000 0.101527 
0.460000 137.000000 0.104580 
0.467843 117.000000 0.089313 
0.463529 128.000000 0.097710 
0.461176 134.000000 0.102290 
0.461961 132.000000 0.100763 
0.459216 139.000000 0.106107 
0.459216 139.000000 0.106107 
0.460000 137.000000 0.104580 
0.461569 133.000000 0.101527 
0.459608 138.000000 0.105344 
0.460784 135.000000 0.103053 
0.468235 116.000000 0.088550 
0.470980 109.000000 0.083206 
0.464314 126.000000 0.096183 
0.462353 131.000000 0.100000 
0.463922 127.000000 0.096947 
0.463137 129.000000 0.098473 
0.459608 138.000000 0.105344 
0.475686 97.000000 0.074046 
0.467843 117.000000 0.089313 
0.460392 136.000000 0.103817 
0.465490 123.000000 0.093893 
0.467451 118.000000 0.090076 
0.461569 133.000000 0.101527 
0.463529 128.000000 0.097710 
0.468235 116.000000 0.088550 
0.462745 130.000000 0.099237 
0.466275 121.000000 0.092366 
0.463529 128.000000 0.097710 
0.461176 134.000000 0.102290 
0.463529 128.000000 0.097710 
0.465490 123.000000 0.093893 
0.460784 135.000000 0.103053 
0.461569 133.000000 0.101527 
0.469804 112.000000 0.085496 
0.465882 122.000000 0.093130 
0.464314 126.000000 0.096183 
0.461961 132.000000 0.100763 
0.463137 129.000000 0.098473 
0.458431 141.000000 0.107634 
0.463922 127.000000 0.096947 
0.468235 116.000000 0.088550 
0.465490 123.000000 0.093893 
0.463137 129.000000 0.098473 
0.465882 122.000000 0.093130 
0.465098 124.000000 0.094656 
0.466275 121.000000 0.092366 
0.465882 122.000000 0.093130 
0.473333 103.000000 0.078626 
0.463137 129.000000 0.098473 
0.465882 122.000000 0.093130 
0.473333 103.000000 0.078626 
0.467843 117.000000 0.089313 
0.467451 118.000000 0.090076 
0.462745 130.000000 0.099237 
0.467059 119.000000 0.090840 
0.471373 108.000000 0.082443 
0.461961 132.000000 0.100763 
0.463137 129.000000 0.098473 
0.461961 132.000000 0.100763 
0.465882 122.000000 0.093130 
0.461176 134.000000 0.102290 
0.463137 129.000000 0.098473 
0.470980 109.000000 0.083206 
0.462745 130.000000 0.099237 
0.461961 132.000000 0.100763 
0.469412 113.000000 0.086260 
0.468235 116.000000 0.088550 
0.460392 136.000000 0.103817 
0.459608 138.000000 0.105344 
0.467451 118.000000 0.090076 
0.460000 137.000000 0.104580 
0.467451 118.000000 0.090076 
0.472549 105.000000 0.080153 
0.463529 128.000000 0.097710 
0.463529 128.000000 0.097710 
0.465882 122.000000 0.093130 
0.465490 123.000000 0.093893 
0.460784 135.000000 0.103053 
0.461961 132.000000 0.100763 
0.460784 135.000000 0.103053 
0.462745 130.000000 0.099237 
0.463529 128.000000 0.097710 
0.465098 124.000000 0.094656 
0.464314 126.000000 0.096183 
0.463922 127.000000 0.096947 
0.465882 122.000000 0.093130 
0.463529 128.000000 0.097710 
0.464314 126.000000 0.096183 
0.462745 130.000000 0.099237 
0.467843 117.000000 0.089313 
0.463922 127.000000 0.096947 
0.462353 131.000000 0.100000 
0.461961 132.000000 0.100763 
0.460392 136.000000 0.103817 
0.465490 123.000000 0.093893 
0.468627 115.000000 0.087786 
0.467843 117.000000 0.089313 
0.467843 117.000000 0.089313 
0.461569 133.000000 0.101527 
0.460784 135.000000 0.103053 
0.463922 127.000000 0.096947 
0.464314 126.000000 0.096183 
0.456471 146.000000 0.111450 
0.466275 121.000000 0.092366 
0.461176 134.000000 0.102290 
0.467843 117.000000 0.089313 
0.463529 128.000000 0.097710 
0.465490 123.000000 0.093893 
0.461961 132.000000 0.100763 
0.461569 133.000000 0.101527 
0.460784 135.000000 0.103053 
0.468627 115.000000 0.087786 
0.470980 109.000000 0.083206 
0.464706 125.000000 0.095420 
0.469020 114.000000 0.087023 
0.458824 140.000000 0.106870 
0.468235 116.000000 0.088550 
0.462353 131.000000 0.100000 
0.464706 125.000000 0.095420 
0.467451 118.000000 0.090076 
0.465490 123.000000 0.093893 
0.457647 143.000000 0.109160 
0.462745 130.000000 0.099237 
0.466667 120.000000 0.091603 
0.461961 132.000000 0.100763 
0.464706 125.000000 0.095420 
0.459216 139.000000 0.106107 
0.463529 128.000000 0.097710 
0.463922 127.000000 0.096947 
0.464706 125.000000 0.095420 
0.461961 132.000000 0.100763 
0.461569 133.000000 0.101527 
0.459216 139.000000 0.106107 
0.464314 126.000000 0.096183 
0.470588 110.000000 0.083969 
0.458431 141.000000 0.107634 
0.467451 118.000000 0.090076 
0.469804 112.000000 0.085496 
0.472157 106.000000 0.080916 
0.461176 134.000000 0.102290 
0.465490 123.000000 0.093893 
0.466667 120.000000 0.091603 
0.458039 142.000000 0.108397 
0.465882 122.000000 0.093130 
0.461176 134.000000 0.102290 
0.463529 128.000000 0.097710 
0.466667 120.000000 0.091603 
0.463922 127.000000 0.096947 
0.465098 124.000000 0.094656 
0.469020 114.000000 0.087023 
0.469804 112.000000 0.085496 
0.461176 134.000000 0.102290 
0.462745 130.000000 0.099237 
0.460392 136.000000 0.103817 
0.465098 124.000000 0.094656 
0.463922 127.000000 0.096947 
0.469020 114.000000 0.087023 
0.460784 135.000000 0.103053 
0.466667 120.000000 0.091603 
0.465098 124.000000 0.094656 
0.464314 126.000000 0.096183 
0.463922 127.000000 0.096947 
0.465882 122.000000 0.093130 
0.466667 120.000000 0.091603 
0.463922 127.000000 0.096947 
0.464706 125.000000 0.095420 
0.469804 112.000000 0.085496 
0.462353 131.000000 0.100000 
0.465098 124.000000 0.094656 
0.463529 128.000000 0.097710 
0.463137 129.000000 0.098473 
0.464706 125.000000 0.095420 
0.467059 119.000000 0.090840 
0.465098 124.000000 0.094656 
0.460000 137.000000 0.104580 
0.467843 117.000000 0.089313 
0.466275 121.000000 0.092366 
0.462745 130.000000 0.099237 
0.461961 132.000000 0.100763 
0.462353 131.000000 0.100000 
0.464314 126.000000 0.096183 
0.459216 139.000000 0.106107 
0.461961 132.000000 0.100763 
0.462745 130.000000 0.099237 
0.468235 116.000000 0.088550 
0.467451 118.000000 0.090076 
0.464314 126.000000 0.096183 
0.470980 109.000000 0.083206 
0.456863 145.000000 0.110687 
0.472157 106.000000 0.080916 
0.458431 141.000000 0.107634 
0.465490 123.000000 0.093893 
0.463529 128.000000 0.097710 
0.464314 126.000000 0.096183 
0.467843 117.000000 0.089313 
0.463137 129.000000 0.098473 
0.463529 128.000000 0.097710 
0.460000 137.000000 0.104580 
0.466667 120.000000 0.091603 
0.461961 132.000000 0.100763 
0.457255 144.000000 0.109924 
0.465490 123.000000 0.093893 
0.469020 114.000000 0.087023 
0.465882 122.000000 0.093130 
0.467843 117.000000 0.089313 
0.468627 115.000000 0.087786 
0.461961 132.000000 0.100763 
0.462353 131.000000 0.100000 
0.463137 129.000000 0.098473 
0.460784 135.000000 0.103053 
0.462745 130.000000 0.099237 
0.465098 124.000000 0.094656 
0.461961 132.000000 0.100763 
0.463529 128.000000 0.097710 
0.460000 137.000000 0.104580 
0.464706 125.000000 0.095420 
0.458824 140.000000 0.106870 
0.461569 133.000000 0.101527 
0.465490 123.000000 0.093893 
0.461176 134.000000 0.102290 
0.461961 132.000000 0.100763 
0.467059 119.000000 0.090840 
0.461961 132.000000 0.100763 
0.459216 139.000000 0.106107 
0.464314 126.000000 0.096183 
0.465098 124.000000 0.094656 
0.463922 127.000000 0.096947 
0.465098 124.000000 0.094656 
0.463137 129.000000 0.098473 
0.466275 121.000000 0.092366 
0.463137 129.000000 0.098473 
0.463529 128.000000 0.097710 
0.465882 122.000000 0.093130 
0.459608 138.000000 0.105344 
0.461569 133.000000 0.101527 
0.468627 115.000000 0.087786 
0.470588 110.000000 0.083969 
0.467843 117.000000 0.089313 
0.468235 116.000000 0.088550 
0.465098 124.000000 0.094656 
0.465882 122.000000 0.093130 
0.462745 130.000000 0.099237 
0.462745 130.000000 0.099237 
0.464314 126.000000 0.096183 
0.465098 124.000000 0.094656 
0.467843 117.000000 0.089313 
0.465882 122.000000 0.093130 
0.466275 121.000000 0.092366 
0.458039 142.000000 0.108397 
0.463529 128.000000 0.097710 
0.463137 129.000000 0.098473 
0.460000 137.000000 0.104580 
0.467843 117.000000 0.089313 
0.463529 128.000000 0.097710 
0.467059 119.000000 0.090840 
0.461961 132.000000 0.100763 
0.458431 141.000000 0.107634 
0.464706 125.000000 0.095420 
0.462353 131.000000 0.100000 
0.465490 123.000000 0.093893 
0.467843 117.000000 0.089313 
0.461569 133.000000 0.101527 
0.465490 123.000000 0.093893 
0.466667 120.000000 0.091603 
0.466667 120.000000 0.091603 
0.464706 125.000000 0.095420 
0.463137 129.000000 0.098473 
0.461569 133.000000 0.101527 
0.462745 130.000000 0.099237 
0.460000 137.000000 0.104580 
0.468235 116.000000 0.088550 
0.460392 136.000000 0.103817 
0.462745 130.000000 0.099237 
0.465098 124.000000 0.094656 
0.466667 120.000000 0.091603 
0.459216 139.000000 0.106107 
0.457255 144.000000 0.109924 
0.466667 120.000000 0.091603 
0.466275 121.000000 0.092366 
0.460392 136.000000 0.103817 
0.463529 128.000000 0.097710 
0.458431 141.000000 0.107634 
0.459216 139.000000 0.106107 
0.464314 126.000000 0.096183 
0.462745 130.000000 0.099237 
0.465098 124.000000 0.094656 
0.470196 111.000000 0.084733 
0.460000 137.000000 0.104580 
0.460000 137.000000 0.104580 
0.463137 129.000000 0.098473 
0.470588 110.000000 0.083969 
0.460784 135.000000 0.103053 
0.453333 154.000000 0.117557 
0.468627 115.000000 0.087786 
0.463137 129.000000 0.098473 
0.463529 128.000000 0.097710 
0.464314 126.000000 0.096183 
0.464314 126.000000 0.096183 
0.464706 125.000000 0.095420 
0.463137 129.000000 0.098473 
0.462353 131.000000 0.100000 
0.459216 139.000000 0.106107 
0.457255 144.000000 0.109924 
0.461569 133.000000 0.101527 
0.464706 125.000000 0.095420 
0.465882 122.000000 0.093130 
0.461961 132.000000 0.100763 
0.462745 130.000000 0.099237 
0.463922 127.000000 0.096947 
0.457255 144.000000 0.109924 
0.465882 122.000000 0.093130 
0.470196 111.000000 0.084733 
0.462353 131.000000 0.100000 
0.465098 124.000000 0.094656 
0.465882 122.000000 0.093130 
0.465098 124.000000 0.094656 
0.459608 138.000000 0.105344 
0.469020 114.000000 0.087023 
0.461569 133.000000 0.101527 
0.462353 131.000000 0.100000 
0.460000 137.000000 0.104580 
0.463529 128.000000 0.097710 
0.465098 124.000000 0.094656 
0.457255 144.000000 0.109924 
0.464706 125.000000 0.095420 
0.463922 127.000000 0.096947 
0.469804 112.000000 0.085496 
0.463922 127.000000 0.096947 
0.466667 120.000000 0.091603 
0.465490 123.000000 0.093893 
0.456863 145.000000 0.110687 
0.466667 120.000000 0.091603 
0.459608 138.000000 0.105344 
0.465882 122.000000 0.093130 
0.465098 124.000000 0.094656 
0.464706 125.000000 0.095420 
0.471765 107.000000 0.081679 
0.466667 120.000000 0.091603 
0.463922 127.000000 0.096947 
0.460000 137.000000 0.104580 
0.460784 135.000000 0.103053 
0.461569 133.000000 0.101527 
0.465490 123.000000 0.093893 
0.458431 141.000000 0.107634 
0.467843 117.000000 0.089313 
0.457255 144.000000 0.109924 
0.463137 129.000000 0.098473 
0.469412 113.000000 0.086260 
0.459608 138.000000 0.105344 
0.459216 139.000000 0.106107 
0.464314 126.000000 0.096183 
0.462745 130.000000 0.099237 
0.460000 137.000000 0.104580 
0.467059 119.000000 0.090840 
0.463922 127.000000 0.096947 
0.465490 123.000000 0.093893 
0.464314 126.000000 0.096183 
0.469020 114.000000 0.087023 
0.466275 121.000000 0.092366 
0.461961 132.000000 0.100763 
0.464314 126.000000 0.096183 
0.467451 118.000000 0.090076 
0.465490 123.000000 0.093893 
0.463922 127.000000 0.096947 
0.467451 118.000000 0.090076 
0.460392 136.000000 0.103817 
0.467059 119.000000 0.090840 
0.463529 128.000000 0.097710 
0.465490 123.000000 0.093893 
0.466275 121.000000 0.092366 
0.464706 125.000000 0.095420 
0.469804 112.000000 0.085496 
0.464314 126.000000 0.096183 
0.461176 134.000000 0.102290 
0.459216 139.000000 0.106107 
0.465098 124.000000 0.094656 
0.467843 117.000000 0.089313 
0.467059 119.000000 0.090840 
0.461176 134.000000 0.102290 
0.460392 136.000000 0.103817 
0.463137 129.000000 0.098473 
0.460392 136.000000 0.103817 
0.467059 119.000000 0.090840 
0.463529 128.000000 0.097710 
0.465490 123.000000 0.093893 
0.462745 130.000000 0.099237 
0.466275 121.000000 0.092366 
0.466275 121.000000 0.092366 
0.466275 121.000000 0.092366 
0.463922 127.000000 0.096947 
0.458824 140.000000 0.106870 
0.458431 141.000000 0.107634 
0.465098 124.000000 0.094656 
0.463529 128.000000 0.097710 
0.460000 137.000000 0.104580 
0.463529 128.000000 0.097710 
0.457255 144.000000 0.109924 
0.460784 135.000000 0.103053 
0.460784 135.000000 0.103053 
0.463922 127.000000 0.096947 
0.470196 111.000000 0.084733 
0.468235 116.000000 0.088550 
0.467843 117.000000 0.089313 
0.458039 142.000000 0.108397 
0.461961 132.000000 0.100763 
0.465490 123.000000 0.093893 
0.465098 124.000000 0.094656 
0.461176 134.000000 0.102290 
0.460392 136.000000 0.103817 
0.464706 125.000000 0.095420 
0.467451 118.000000 0.090076 
0.465098 124.000000 0.094656 
0.466667 120.000000 0.091603 
0.463922 127.000000 0.096947 
0.463137 129.000000 0.098473 
0.457647 143.000000 0.109160 
0.465098 124.000000 0.094656 
0.459608 138.000000 0.105344 
0.465882 122.000000 0.093130 
0.460392 136.000000 0.103817 
0.463529 128.000000 0.097710 
0.460784 135.000000 0.103053 
0.465098 124.000000 0.094656 
0.463137 129.000000 0.098473 
0.464706 125.000000 0.095420 
0.465098 124.000000 0.094656 
0.463529 128.000000 0.097710 
0.470588 110.000000 0.083969 
0.456471 146.000000 0.111450 
0.463529 128.000000 0.097710 
0.461176 134.000000 0.102290 
0.455686 148.000000 0.112977 
0.460392 136.000000 0.103817 
0.465098 124.000000 0.094656 
0.460392 136.000000 0.103817 
0.463529 128.000000 0.097710 
0.466667 120.000000 0.091603 
0.465490 123.000000 0.093893 
0.461569 133.000000 0.101527 
0.460000 137.000000 0.104580 
0.464706 125.000000 0.095420 
0.460784 135.000000 0.103053 
0.460784 135.000000 0.103053 
0.465490 123.000000 0.093893 
0.461176 134.000000 0.102290 
0.463529 128.000000 0.097710 
0.472941 104.000000 0.079389 
0.472157 106.000000 0.080916 
0.463137 129.000000 0.098473 
0.459608 138.000000 0.105344 
0.461569 133.000000 0.101527 
0.463137 129.000000 0.098473 
0.465098 124.000000 0.094656 
0.470980 109.000000 0.083206 
0.464314 126.000000 0.096183 
0.458824 140.000000 0.106870 
0.459216 139.000000 0.106107 
0.460392 136.000000 0.103817 
0.462745 130.000000 0.099237 
0.465490 123.000000 0.093893 
0.472941 104.000000 0.079389 
0.470588 110.000000 0.083969 
0.463137 129.000000 0.098473 
0.467059 119.000000 0.090840 
0.458431 141.000000 0.107634 
0.470588 110.000000 0.083969 
0.465882 122.000000 0.093130 
0.458431 141.000000 0.107634 
0.471373 108.000000 0.082443 
0.458824 140.000000 0.106870 
0.462745 130.000000 0.099237 
0.467843 117.000000 0.089313 
0.464706 125.000000 0.095420 
0.459608 138.000000 0.105344 
0.466275 121.000000 0.092366 
0.460392 136.000000 0.103817 
0.461569 133.000000 0.101527 
0.460784 135.000000 0.103053 
0.467451 118.000000 0.090076 
0.454510 151.000000 0.115267 
0.462353 131.000000 0.100000 
0.465098 124.000000 0.094656 
0.463922 127.000000 0.096947 
0.469804 112.000000 0.085496 
0.463922 127.000000 0.096947 
0.462745 130.000000 0.099237 
0.471373 108.000000 0.082443 
0.469804 112.000000 0.085496 
0.468235 116.000000 0.088550 
0.465098 124.000000 0.094656 
0.461569 133.000000 0.101527 
0.466275 121.000000 0.092366 
0.467451 118.000000 0.090076 
0.457255 144.000000 0.109924 
0.463529 128.000000 0.097710 
0.459608 138.000000 0.105344 
0.464706 125.000000 0.095420 
0.465882 122.000000 0.093130 
0.460392 136.000000 0.103817 
0.460784 135.000000 0.103053 
0.465098 124.000000 0.094656 
0.468235 116.000000 0.088550 
0.469412 113.000000 0.086260 
0.463529 128.000000 0.097710 
0.466275 121.000000 0.092366 
0.468235 116.000000 0.088550 
0.458824 140.000000 0.106870 
0.467451 118.000000 0.090076 
0.464314 126.000000 0.096183 
0.467451 118.000000 0.090076 
0.461961 132.000000 0.100763 
0.465490 123.000000 0.093893 
0.473725 102.000000 0.077863 
0.460784 135.000000 0.103053 
0.461961 132.000000 0.100763 
0.459608 138.000000 0.105344 
0.459216 139.000000 0.106107 
0.465098 124.000000 0.094656 
0.467059 119.000000 0.090840 
0.466667 120.000000 0.091603 
0.463137 129.000000 0.098473 
0.461961 132.000000 0.100763 
0.461961 132.000000 0.100763 
0.461569 133.000000 0.101527 
0.474902 99.000000 0.075573 
0.463529 128.000000 0.097710 
0.463137 129.000000 0.098473 
0.464706 125.000000 0.095420 
0.470980 109.000000 0.083206 
0.461176 134.000000 0.102290 
0.466275 121.000000 0.092366 
0.457647 143.000000 0.109160 
0.463922 127.000000 0.096947 
0.462745 130.000000 0.099237 
0.460392 136.000000 0.103817 
0.467843 117.000000 0.089313 
0.461961 132.000000 0.100763 
0.468627 115.000000 0.087786 
0.463922 127.000000 0.096947 
0.465490 123.000000 0.093893 
0.467451 118.000000 0.090076 
0.462353 131.000000 0.100000 
0.458431 141.000000 0.107634 
0.467059 119.000000 0.090840 
0.455686 148.000000 0.112977 
0.465098 124.000000 0.094656 
0.466275 121.000000 0.092366 
0.464314 126.000000 0.096183 
0.466275 121.000000 0.092366 
0.461569 133.000000 0.101527 
0.466667 120.000000 0.091603 
0.464314 126.000000 0.096183 
0.469412 113.000000 0.086260 
0.472157 106.000000 0.080916 
0.456471 146.000000 0.111450 
0.460000 137.000000 0.104580 
0.467451 118.000000 0.090076 
0.465098 124.000000 0.094656 
0.465490 123.000000 0.093893 
0.459608 138.000000 0.105344 
0.460784 135.000000 0.103053 
0.466275 121.000000 0.092366 
0.458431 141.000000 0.107634 
0.462353 131.000000 0.100000 
0.460392 136.000000 0.103817 
0.459216 139.000000 0.106107 
0.466275 121.000000 0.092366 
0.460392 136.000000 0.103817 
0.466667 120.000000 0.091603 
0.469412 113.000000 0.086260 
0.461569 133.000000 0.101527 
0.460000 137.000000 0.104580 
0.459608 138.000000 0.105344 
0.462745 130.000000 0.099237 
0.464314 126.000000 0.096183 
0.465098 124.000000 0.094656 
0.461176 134.000000 0.102290 
0.463137 129.000000 0.098473 
0.467451 118.000000 0.090076 
0.459608 138.000000 0.105344 
0.466667 120.000000 0.091603 
0.461961 132.000000 0.100763 
0.460000 137.000000 0.104580 
0.460784 135.000000 0.103053 
0.461961 132.000000 0.100763 
0.468627 115.000000 0.087786 
0.458824 140.000000 0.106870 
0.460784 135.000000 0.103053 
0.465098 124.000000 0.094656 
0.464314 126.000000 0.096183 
0.457647 143.000000 0.109160 
0.456078 147.000000 0.112214 
0.463137 129.000000 0.098473 
0.464706 125.000000 0.095420 
0.459608 138.000000 0.105344 
0.468235 116.000000 0.088550 
0.458039 142.000000 0.108397 
0.462745 130.000000 0.099237 
0.471373 108.000000 0.082443 
0.461569 133.000000 0.101527 
0.469020 114.000000 0.087023 
0.464706 125.000000 0.095420 
0.461176 134.000000 0.102290 
0.466667 120.000000 0.091603 
0.459608 138.000000 0.105344 
0.471373 108.000000 0.082443 
0.462745 130.000000 0.099237 
0.463137 129.000000 0.098473 
0.462353 131.000000 0.100000 
0.464314 126.000000 0.096183 
0.457647 143.000000 0.109160 
0.466275 121.000000 0.092366 
0.460000 137.000000 0.104580 
0.463529 128.000000 0.097710 
0.465098 124.000000 0.094656 
0.465882 122.000000 0.093130 
0.461961 132.000000 0.100763 
0.461961 132.000000 0.100763 
0.461961 132.000000 0.100763 
0.464706 125.000000 0.095420 
0.464314 126.000000 0.096183 
0.458824 140.000000 0.106870 
0.461961 132.000000 0.100763 
0.461176 134.000000 0.102290 
0.469020 114.000000 0.087023 
0.458039 142.000000 0.108397 
0.462353 131.000000 0.100000 
0.462745 130.000000 0.099237 
0.459216 139.000000 0.106107 
0.465490 123.000000 0.093893 
0.461569 133.000000 0.101527 
0.469412 113.000000 0.086260 
0.458431 141.000000 0.107634 
0.471765 107.000000 0.081679 
0.468235 116.000000 0.088550 
0.471373 108.000000 0.082443 
0.465490 123.000000 0.093893 
0.470980 109.000000 0.083206 
0.465098 124.000000 0.094656 
0.461569 133.000000 0.101527 
0.454510 151.000000 0.115267 
0.462745 130.000000 0.099237 
0.465490 123.000000 0.093893 
0.459608 138.000000 0.105344 
0.458431 141.000000 0.107634 
0.468235 116.000000 0.088550 
0.460784 135.000000 0.103053 
0.462353 131.000000 0.100000 
0.465098 124.000000 0.094656 
0.461176 134.000000 0.102290 
0.463529 128.000000 0.097710 
0.470588 110.000000 0.083969 
0.469412 113.000000 0.086260 
0.459216 139.000000 0.106107 
0.467843 117.000000 0.089313 
0.465490 123.000000 0.093893 
0.456471 146.000000 0.111450 
0.463922 127.000000 0.096947 
0.463137 129.000000 0.098473 
0.458039 142.000000 0.108397 
0.470980 109.000000 0.083206 
0.463137 129.000000 0.098473 
0.463922 127.000000 0.096947 
0.467059 119.000000 0.090840 
0.469804 112.000000 0.085496 
0.463529 128.000000 0.097710 
0.468235 116.000000 0.088550 
0.463137 129.000000 0.098473 
0.462353 131.000000 0.100000 
0.467059 119.000000 0.090840 
0.464706 125.000000 0.095420 
0.463137 129.000000 0.098473 
0.460392 136.000000 0.103817 
0.464314 126.000000 0.096183 
0.467451 118.000000 0.090076 
0.470196 111.000000 0.084733 
0.465098 124.000000 0.094656 
0.463137 129.000000 0.098473 
0.460784 135.000000 0.103053 
0.469412 113.000000 0.086260 
0.461569 133.000000 0.101527 
0.461961 132.000000 0.100763 
0.470588 110.000000 0.083969 
0.465490 123.000000 0.093893 
0.465882 122.000000 0.093130 
0.464314 126.000000 0.096183 
0.464706 125.000000 0.095420 
0.460392 136.000000 0.103817 
0.462745 130.000000 0.099237 
0.466275 121.000000 0.092366 
0.461569 133.000000 0.101527 
0.467451 118.000000 0.090076 
0.465098 124.000000 0.094656 
0.472157 106.000000 0.080916 
0.461961 132.000000 0.100763 
0.469020 114.000000 0.087023 
0.467059 119.000000 0.090840 
0.461961 132.000000 0.100763 
0.461961 132.000000 0.100763 
0.461961 132.000000 0.100763 
0.462353 131.000000 0.100000 
0.463922 127.000000 0.096947 
0.465098 124.000000 0.094656 
0.465098 124.000000 0.094656 
0.460784 135.000000 0.103053 
0.458039 142.000000 0.108397 
0.474510 100.000000 0.076336 
0.463922 127.000000 0.096947 
0.469020 114.000000 0.087023 
0.460000 137.000000 0.104580 
0.463922 127.000000 0.096947 
0.468627 115.000000 0.087786 
0.464314 126.000000 0.096183 
0.463137 129.000000 0.098473 
0.468627 115.000000 0.087786 
0.467843 117.000000 0.089313 
0.465882 122.000000 0.093130 
0.467451 118.000000 0.090076 
0.465490 123.000000 0.093893 
0.463529 128.000000 0.097710 
0.464314 126.000000 0.096183 
0.463529 128.000000 0.097710 
0.461176 134.000000 0.102290 
0.465098 124.000000 0.094656 
0.466275 121.000000 0.092366 
0.462745 130.000000 0.099237 
0.461961 132.000000 0.100763 
0.465098 124.000000 0.094656 
0.467451 118.000000 0.090076 
0.465882 122.000000 0.093130 
0.456078 147.000000 0.112214 
0.466275 121.000000 0.092366 
0.472549 105.000000 0.080153 
0.473333 103.000000 0.078626 
0.463529 128.000000 0.097710 
0.464314 126.000000 0.096183 
0.463529 128.000000 0.097710 
0.463922 127.000000 0.096947 
0.466667 120.000000 0.091603 
0.465490 123.000000 0.093893 
0.469804 112.000000 0.085496 
0.465882 122.000000 0.093130 
0.456863 145.000000 0.110687 
0.464314 126.000000 0.096183 
0.464706 125.000000 0.095420 
0.460000 137.000000 0.104580 
0.467843 117.000000 0.089313 
0.460000 137.000000 0.104580 
0.462353 131.000000 0.100000 
0.466667 120.000000 0.091603 
0.460000 137.000000 0.104580 
0.462745 130.000000 0.099237 
0.467451 118.000000 0.090076 
0.463137 129.000000 0.098473 
0.461176 134.000000 0.102290 
0.466275 121.000000 0.092366 
0.465098 124.000000 0.094656 
0.472941 104.000000 0.079389 
0.469020 114.000000 0.087023 
0.462745 130.000000 0.099237 
0.463922 127.000000 0.096947 
0.464706 125.000000 0.095420 
0.462353 131.000000 0.100000 
0.461176 134.000000 0.102290 
0.465490 123.000000 0.093893 
0.461569 133.000000 0.101527 
0.465490 123.000000 0.093893 
0.463137 129.000000 0.098473 
0.464314 126.000000 0.096183 
0.464314 126.000000 0.096183 
0.463922 127.000000 0.096947 
0.469804 112.000000 0.085496 
0.465098 124.000000 0.094656 
0.467059 119.000000 0.090840 
0.468627 115.000000 0.087786 
0.469020 114.000000 0.087023 
0.460000 137.000000 0.104580 
0.465490 123.000000 0.093893 
0.464314 126.000000 0.096183 
0.466667 120.000000 0.091603 
0.468235 116.000000 0.088550 
0.463137 129.000000 0.098473 
0.463529 128.000000 0.097710 
0.461569 133.000000 0.101527 
0.458824 140.000000 0.106870 
0.455686 148.000000 0.112977 
0.466667 120.000000 0.091603 
0.467059 119.000000 0.090840 
0.461176 134.000000 0.102290 
0.464706 125.000000 0.095420 
0.468235 116.000000 0.088550 
0.469020 114.000000 0.087023 
0.465882 122.000000 0.093130 
0.460784 135.000000 0.103053 
0.461961 132.000000 0.100763 
0.465882 122.000000 0.093130 
0.464706 125.000000 0.095420 
0.462353 131.000000 0.100000 
0.457647 143.000000 0.109160 
0.456471 146.000000 0.111450 
0.462353 131.000000 0.100000 
0.458039 142.000000 0.108397 
0.462745 130.000000 0.099237 
0.468235 116.000000 0.088550 
0.461569 133.000000 0.101527 
0.472549 105.000000 0.080153 
0.462745 130.000000 0.099237 
0.458431 141.000000 0.107634 
0.462745 130.000000 0.099237 
0.470196 111.000000 0.084733 
0.464706 125.000000 0.095420 
0.468235 116.000000 0.088550 
0.460392 136.000000 0.103817 
0.462745 130.000000 0.099237 
0.461961 132.000000 0.100763 
0.467843 117.000000 0.089313 
0.468235 116.000000 0.088550 
0.469412 113.000000 0.086260 
0.461569 133.000000 0.101527 
0.461176 134.000000 0.102290 
0.461569 133.000000 0.101527 
0.460000 137.000000 0.104580 
0.465882 122.000000 0.093130 
0.461176 134.000000 0.102290 
0.456863 145.000000 0.110687 
0.460784 135.000000 0.103053 
0.461961 132.000000 0.100763 
0.459216 139.000000 0.106107 
0.465490 123.000000 0.093893 
0.457255 144.000000 0.109924 
0.458824 140.000000 0.106870 
0.466667 120.000000 0.091603 
0.462353 131.000000 0.100000 
0.470196 111.000000 0.084733 
0.467059 119.000000 0.090840 
0.466667 120.000000 0.091603 
0.460392 136.000000 0.103817 
0.460784 135.000000 0.103053 
0.473725 102.000000 0.077863 
0.465882 122.000000 0.093130 
0.468235 116.000000 0.088550 
0.462745 130.000000 0.099237 
0.464314 126.000000 0.096183 
0.461569 133.000000 0.101527 
0.463137 129.000000 0.098473 
0.459216 139.000000 0.106107 
0.461569 133.000000 0.101527 
0.461569 133.000000 0.101527 
0.464314 126.000000 0.096183 
0.462745 130.000000 0.099237 
0.462745 130.000000 0.099237 
0.467843 117.000000 0.089313 
0.464706 125.000000 0.095420 
0.463529 128.000000 0.097710 
0.461176 134.000000 0.102290 
0.465098 124.000000 0.094656 
0.458431 141.000000 0.107634 
0.459608 138.000000 0.105344 
0.464706 125.000000 0.095420 
0.463922 127.000000 0.096947 
0.465882 122.000000 0.093130 
0.463137 129.000000 0.098473 
0.467059 119.000000 0.090840 
0.467059 119.000000 0.090840 
0.465490 123.000000 0.093893 
0.461569 133.000000 0.101527 
0.467843 117.000000 0.089313 
0.463529 128.000000 0.097710 
0.463529 128.000000 0.097710 
0.471373 108.000000 0.082443 
0.464706 125.000000 0.095420 
0.467451 118.000000 0.090076 
0.463529 128.000000 0.097710 
0.466667 120.000000 0.091603 
0.470196 111.000000 0.084733 
0.467843 117.000000 0.089313 
0.469804 112.000000 0.085496 
0.465882 122.000000 0.093130 
0.463529 128.000000 0.097710 
0.467059 119.000000 0.090840 
0.466667 120.000000 0.091603 
0.469020 114.000000 0.087023 
0.462745 130.000000 0.099237 
0.457647 143.000000 0.109160 
0.454118 152.000000 0.116031 
0.461961 132.000000 0.100763 
0.459216 139.000000 0.106107 
0.466667 120.000000 0.091603 
0.468235 116.000000 0.088550 
0.471373 108.000000 0.082443 
0.460392 136.000000 0.103817 
0.462353 131.000000 0.100000 
0.465490 123.000000 0.093893 
0.461961 132.000000 0.100763 
0.462353 131.000000 0.100000 
0.462745 130.000000 0.099237 
0.462745 130.000000 0.099237 
0.463137 129.000000 0.098473 
0.457647 143.000000 0.109160 
0.467843 117.000000 0.089313 
0.459608 138.000000 0.105344 
0.465490 123.000000 0.093893 
0.461569 133.000000 0.101527 
0.463529 128.000000 0.097710 
0.465490 123.000000 0.093893 
0.464314 126.000000 0.096183 
0.467059 119.000000 0.090840 
0.463922 127.000000 0.096947 
0.459216 139.000000 0.106107 
0.459608 138.000000 0.105344 
0.464706 125.000000 0.095420 
0.469020 114.000000 0.087023 
0.464314 126.000000 0.096183 
0.461176 134.000000 0.102290 
0.458431 141.000000 0.107634 
0.461569 133.000000 0.101527 
0.465098 124.000000 0.094656 
0.464314 126.000000 0.096183 
0.467843 117.000000 0.089313 
0.463922 127.000000 0.096947 
0.463137 129.000000 0.098473 
0.464314 126.000000 0.096183 
0.465490 123.000000 0.093893 
0.459216 139.000000 0.106107 
0.458431 141.000000 0.107634 
0.467843 117.000000 0.089313 
0.461176 134.000000 0.102290 
0.464314 126.000000 0.096183 
0.462745 130.000000 0.099237 
0.458431 141.000000 0.107634 
0.469412 113.000000 0.086260 
0.469020 114.000000 0.087023 
0.459608 138.000000 0.105344 
0.461569 133.000000 0.101527 
0.461569 133.000000 0.101527 
0.461176 134.000000 0.102290 
0.467843 117.000000 0.089313 
0.467843 117.000000 0.089313 
0.465098 124.000000 0.094656 
0.465098 124.000000 0.094656 
0.462745 130.000000 0.099237 
0.466667 120.000000 0.091603 
0.465490 123.000000 0.093893 
0.466275 121.000000 0.092366 
0.460784 135.000000 0.103053 
0.467451 118.000000 0.090076 
0.467843 117.000000 0.089313 
0.461176 134.000000 0.102290 
0.460784 135.000000 0.103053 
0.461176 134.000000 0.102290 
0.460784 135.000000 0.103053 
0.465490 123.000000 0.093893 
0.460392 136.000000 0.103817 
0.464706 125.000000 0.095420 
0.459216 139.000000 0.106107 
0.464706 125.000000 0.095420 
0.469412 113.000000 0.086260 
0.460000 137.000000 0.104580 
0.467451 118.000000 0.090076 
0.463922 127.000000 0.096947 
0.460000 137.000000 0.104580 
0.469412 113.000000 0.086260 
0.462745 130.000000 0.099237 
0.463137 129.000000 0.098473 
0.460392 136.000000 0.103817 
0.467843 117.000000 0.089313 
0.465490 123.000000 0.093893 
0.467843 117.000000 0.089313 
0.461569 133.000000 0.101527 
0.462353 131.000000 0.100000 
0.465882 122.000000 0.093130 
0.464314 126.000000 0.096183 
0.462745 130.000000 0.099237 
0.466275 121.000000 0.092366 
0.460784 135.000000 0.103053 
0.463137 129.000000 0.098473 
0.471765 107.000000 0.081679 
0.465882 122.000000 0.093130 
0.464706 125.000000 0.095420 
0.463137 129.000000 0.098473 
0.469020 114.000000 0.087023 
0.466667 120.000000 0.091603 
0.459608 138.000000 0.105344 
0.462353 131.000000 0.100000 
0.458824 140.000000 0.106870 
0.460000 137.000000 0.104580 
0.461569 133.000000 0.101527 
0.458039 142.000000 0.108397 
0.462353 131.000000 0.100000 
0.465490 123.000000 0.093893 
0.464314 126.000000 0.096183 
0.466667 120.000000 0.091603 
0.459608 138.000000 0.105344 
0.458039 142.000000 0.108397 
0.463137 129.000000 0.098473 
0.474902 99.000000 0.075573 
0.466275 121.000000 0.092366 
0.463922 127.000000 0.096947 
0.464706 125.000000 0.095420 
0.458824 140.000000 0.106870 
0.461569 133.000000 0.101527 
0.467059 119.000000 0.090840 
0.470196 111.000000 0.084733 
0.463137 129.000000 0.098473 
0.463137 129.000000 0.098473 
0.466275 121.000000 0.092366 
0.471765 107.000000 0.081679 
0.464314 126.000000 0.096183 
0.467451 118.000000 0.090076 
0.461961 132.000000 0.100763 
0.467843 117.000000 0.089313 
0.467451 118.000000 0.090076 
0.466275 121.000000 0.092366 
0.467451 118.000000 0.090076 
0.463922 127.000000 0.096947 
0.459608 138.000000 0.105344 
0.461961 132.000000 0.100763 
0.462353 131.000000 0.100000 
0.470196 111.000000 0.084733 
0.454118 152.000000 0.116031 
0.467451 118.000000 0.090076 
0.465098 124.000000 0.094656 
0.460784 135.000000 0.103053 
0.466275 121.000000 0.092366 
0.461176 134.000000 0.102290 
0.465490 123.000000 0.093893 
0.463529 128.000000 0.097710 
0.460784 135.000000 0.103053 
0.465882 122.000000 0.093130 
0.459608 138.000000 0.105344 
0.467059 119.000000 0.090840 
0.467451 118.000000 0.090076 
0.472549 105.000000 0.080153 
0.460000 137.000000 0.104580 
0.462745 130.000000 0.099237 
0.465882 122.000000 0.093130 
0.461569 133.000000 0.101527 
0.460000 137.000000 0.104580 
0.465882 122.000000 0.093130 
0.464314 126.000000 0.096183 
0.465882 122.000000 0.093130 
0.461961 132.000000 0.100763 
0.467059 119.000000 0.090840 
0.461961 132.000000 0.100763 
0.466275 121.000000 0.092366 
0.464314 126.000000 0.096183 
0.461961 132.000000 0.100763 
0.462353 131.000000 0.100000 
0.459608 138.000000 0.105344 
0.465490 123.000000 0.093893 
0.465882 122.000000 0.093130 
0.466275 121.000000 0.092366 
0.460392 136.000000 0.103817 
0.463529 128.000000 0.097710 
0.458431 141.000000 0.107634 
0.463137 129.000000 0.098473 
0.459216 139.000000 0.106107 
0.464706 125.000000 0.095420 
0.460000 137.000000 0.104580 
0.470196 111.000000 0.084733 
0.461569 133.000000 0.101527 
0.464706 125.000000 0.095420 
0.464706 125.000000 0.095420 
0.463137 129.000000 0.098473 
0.463529 128.000000 0.097710 
0.469020 114.000000 0.087023 
0.467843 117.000000 0.089313 
0.468627 115.000000 0.087786 
0.462745 130.000000 0.099237 
0.463529 128.000000 0.097710 
0.464706 125.000000 0.095420 
0.464706 125.000000 0.095420 
0.468627 115.000000 0.087786 
0.466667 120.000000 0.091603 
0.468235 116.000000 0.088550 
0.461569 133.000000 0.101527 
0.463529 128.000000 0.097710 
0.460784 135.000000 0.103053 
0.469804 112.000000 0.085496 
0.469804 112.000000 0.085496 
0.458431 141.000000 0.107634 
0.465882 122.000000 0.093130 
0.462745 130.000000 0.099237 
0.463529 128.000000 0.097710 
0.466667 120.000000 0.091603 
0.465490 123.000000 0.093893 
0.468627 115.000000 0.087786 
0.460392 136.000000 0.103817 
0.462745 130.000000 0.099237 
0.470196 111.000000 0.084733 
0.463922 127.000000 0.096947 
0.471373 108.000000 0.082443 
0.461569 133.000000 0.101527 
0.467451 118.000000 0.090076 
0.464314 126.000000 0.096183 
0.470196 111.000000 0.084733 
0.463137 129.000000 0.098473 
0.468627 115.000000 0.087786 
0.469412 113.000000 0.086260 
0.458431 141.000000 0.107634 
0.461176 134.000000 0.102290 
0.466275 121.000000 0.092366 
0.459216 139.000000 0.106107 
0.465490 123.000000 0.093893 
0.458039 142.000000 0.108397 
0.470196 111.000000 0.084733 
0.465098 124.000000 0.094656 
0.472549 105.000000 0.080153 
0.460392 136.000000 0.103817 
0.458431 141.000000 0.107634 
0.461961 132.000000 0.100763 
0.467843 117.000000 0.089313 
0.467843 117.000000 0.089313 
0.459608 138.000000 0.105344 
0.458431 141.000000 0.107634 
0.464314 126.000000 0.096183 
0.458431 141.000000 0.107634 
0.461569 133.000000 0.101527 
0.460784 135.000000 0.103053 
0.468627 115.000000 0.087786 
0.462745 130.000000 0.099237 
0.467451 118.000000 0.090076 
0.463137 129.000000 0.098473 
0.460392 136.000000 0.103817 
0.468627 115.000000 0.087786 
0.470980 109.000000 0.083206 
0.460392 136.000000 0.103817 
0.463529 128.000000 0.097710 
0.463529 128.000000 0.097710 
0.462745 130.000000 0.099237 
0.464706 125.000000 0.095420 
0.461569 133.000000 0.101527 
0.460784 135.000000 0.103053 
0.461569 133.000000 0.101527 
0.468235 116.000000 0.088550 
0.465098 124.000000 0.094656 
0.464314 126.000000 0.096183 
0.457255 144.000000 0.109924 
0.461569 133.000000 0.101527 
0.461176 134.000000 0.102290 
0.465490 123.000000 0.093893 
0.465098 124.000000 0.094656 
0.458431 141.000000 0.107634 
0.460000 137.000000 0.104580 
0.464314 126.000000 0.096183 
0.463137 129.000000 0.098473 
0.467059 119.000000 0.090840 
0.463529 128.000000 0.097710 
0.458431 141.000000 0.107634 
0.463529 128.000000 0.097710 
0.463922 127.000000 0.096947 
0.465882 122.000000 0.093130 
0.463137 129.000000 0.098473 
0.466667 120.000000 0.091603 
0.464706 125.000000 0.095420 
0.470980 109.000000 0.083206 
0.462745 130.000000 0.099237 
0.464706 125.000000 0.095420 
0.458039 142.000000 0.108397 
0.465098 124.000000 0.094656 
0.462353 131.000000 0.100000 
0.467059 119.000000 0.090840 
0.458039 142.000000 0.108397 
0.459216 139.000000 0.106107 
0.463529 128.000000 0.097710 
0.460392 136.000000 0.103817 
0.461176 134.000000 0.102290 
0.465882 122.000000 0.093130 
0.465490 123.000000 0.093893 
0.465098 124.000000 0.094656 
0.467059 119.000000 0.090840 
0.464314 126.000000 0.096183 
0.466275 121.000000 0.092366 
0.467451 118.000000 0.090076 
0.460000 137.000000 0.104580 
0.471765 107.000000 0.081679 
0.465490 123.000000 0.093893 
0.467843 117.000000 0.089313 
0.462745 130.000000 0.099237 
0.463529 128.000000 0.097710 
0.460000 137.000000 0.104580 
0.459216 139.000000 0.106107 
0.458824 140.000000 0.106870 
0.466667 120.000000 0.091603 
0.464706 125.000000 0.095420 
0.465882 122.000000 0.093130 
0.465882 122.000000 0.093130 
0.461176 134.000000 0.102290 
0.463529 128.000000 0.097710 
0.469020 114.000000 0.087023 
0.467059 119.000000 0.090840 
0.469804 112.000000 0.085496 
0.467059 119.000000 0.090840 
0.461569 133.000000 0.101527 
0.458824 140.000000 0.106870 
0.465098 124.000000 0.094656 
0.458824 140.000000 0.106870 
0.465882 122.000000 0.093130 
0.463137 129.000000 0.098473 
0.469412 113.000000 0.086260 
0.463529 128.000000 0.097710 
0.468235 116.000000 0.088550 
0.464706 125.000000 0.095420 
0.464706 125.000000 0.095420 
0.465490 123.000000 0.093893 
0.461961 132.000000 0.100763 
0.465098 124.000000 0.094656 
0.466275 121.000000 0.092366 
0.467451 118.000000 0.090076 
0.460000 137.000000 0.104580 
0.464706 125.000000 0.095420 
0.457255 144.000000 0.109924 
0.464706 125.000000 0.095420 
0.464314 126.000000 0.096183 
0.465490 123.000000 0.093893 
0.470588 110.000000 0.083969 
0.465490 123.000000 0.093893 
0.470588 110.000000 0.083969 
0.463529 128.000000 0.097710 
0.467451 118.000000 0.090076 
0.463922 127.000000 0.096947 
0.465098 124.000000 0.094656 
0.466667 120.000000 0.091603 
0.471373 108.000000 0.082443 
0.469804 112.000000 0.085496 
0.468627 115.000000 0.087786 
0.460000 137.000000 0.104580 
0.460784 135.000000 0.103053 
0.461569 133.000000 0.101527 
0.462353 131.000000 0.100000 
0.463529 128.000000 0.097710 
0.464314 126.000000 0.096183 
0.463137 129.000000 0.098473 
0.467451 118.000000 0.090076 
0.462353 131.000000 0.100000 
0.465882 122.000000 0.093130 
0.467059 119.000000 0.090840 
0.457647 143.000000 0.109160 
0.461961 132.000000 0.100763 
0.466667 120.000000 0.091603 
0.459216 139.000000 0.106107 
0.465098 124.000000 0.094656 
0.465490 123.000000 0.093893 
0.462745 130.000000 0.099237 
0.467843 117.000000 0.089313 
0.461176 134.000000 0.102290 
0.463137 129.000000 0.098473 
0.460000 137.000000 0.104580 
0.464314 126.000000 0.096183 
0.460392 136.000000 0.103817 
0.467059 119.000000 0.090840 
0.461961 132.000000 0.100763 
0.465098 124.000000 0.094656 
0.464706 125.000000 0.095420 
0.466275 121.000000 0.092366 
0.459216 139.000000 0.106107 
0.459216 139.000000 0.106107 
0.469412 113.000000 0.086260 
0.467451 118.000000 0.090076 
0.464706 125.000000 0.095420 
0.463529 128.000000 0.097710 
0.465098 124.000000 0.094656 
0.463922 127.000000 0.096947 
0.463529 128.000000 0.097710 
0.461961 132.000000 0.100763 
0.469020 114.000000 0.087023 
0.461176 134.000000 0.102290 
0.466275 121.000000 0.092366 
0.456471 146.000000 0.111450 
0.460392 136.000000 0.103817 
0.458824 140.000000 0.106870 
0.462353 131.000000 0.100000 
0.460784 135.000000 0.103053 
0.459608 138.000000 0.105344 
0.462353 131.000000 0.100000 
0.456863 145.000000 0.110687 
0.462745 130.000000 0.099237 
0.462745 130.000000 0.099237 
0.469412 113.000000 0.086260 
0.462745 130.000000 0.099237 
0.472549 105.000000 0.080153 
0.461569 133.000000 0.101527 
0.462353 131.000000 0.100000 
0.461961 132.000000 0.100763 
0.470588 110.000000 0.083969 
0.461961 132.000000 0.100763 
0.465098 124.000000 0.094656 
0.467059 119.000000 0.090840 
0.467451 118.000000 0.090076 
0.461961 132.000000 0.100763 
0.464706 125.000000 0.095420 
0.461569 133.000000 0.101527 
0.465490 123.000000 0.093893 
0.467059 119.000000 0.090840 
0.469020 114.000000 0.087023 
0.465882 122.000000 0.093130 
0.477647 92.000000 0.070229 
0.461569 133.000000 0.101527 
0.461569 133.000000 0.101527 
0.461569 133.000000 0.101527 
0.463137 129.000000 0.098473 
0.464706 125.000000 0.095420 
0.460784 135.000000 0.103053 
0.464314 126.000000 0.096183 
0.462353 131.000000 0.100000 
0.460392 136.000000 0.103817 
0.462745 130.000000 0.099237 
0.463137 129.000000 0.098473 
0.469804 112.000000 0.085496 
0.458824 140.000000 0.106870 
0.467059 119.000000 0.090840 
0.466275 121.000000 0.092366 
0.463137 129.000000 0.098473 
0.459608 138.000000 0.105344 
0.456471 146.000000 0.111450 
0.470980 109.000000 0.083206 
0.461961 132.000000 0.100763 
0.461961 132.000000 0.100763 
0.465882 122.000000 0.093130 
0.469020 114.000000 0.087023 
0.463922 127.000000 0.096947 
0.466667 120.000000 0.091603 
0.461569 133.000000 0.101527 
0.463529 128.000000 0.097710 
0.467059 119.000000 0.090840 
0.458431 141.000000 0.107634 
0.468235 116.000000 0.088550 
0.462745 130.000000 0.099237 
0.465098 124.000000 0.094656 
0.466275 121.000000 0.092366 
0.463922 127.000000 0.096947 
0.460784 135.000000 0.103053 
0.463137 129.000000 0.098473 
0.462745 130.000000 0.099237 
0.461569 133.000000 0.101527 
0.465098 124.000000 0.094656 
0.461569 133.000000 0.101527 
0.461176 134.000000 0.102290 
0.465098 124.000000 0.094656 
0.467843 117.000000 0.089313 
0.465882 122.000000 0.093130 
0.470588 110.000000 0.083969 
0.467843 117.000000 0.089313 
0.473333 103.000000 0.078626 
0.462745 130.000000 0.099237 
0.458824 140.000000 0.106870 
0.465882 122.000000 0.093130 
0.462353 131.000000 0.100000 
0.461961 132.000000 0.100763 
0.466275 121.000000 0.092366 
0.472157 106.000000 0.080916 
0.470588 110.000000 0.083969 
0.462353 131.000000 0.100000 
0.460000 137.000000 0.104580 
0.461176 134.000000 0.102290 
0.464706 125.000000 0.095420 
0.458039 142.000000 0.108397 
0.459608 138.000000 0.105344 
0.463137 129.000000 0.098473 
0.462745 130.000000 0.099237 
0.466275 121.000000 0.092366 
0.461176 134.000000 0.102290 
0.456863 145.000000 0.110687 
0.470980 109.000000 0.083206 
0.465098 124.000000 0.094656 
0.461961 132.000000 0.100763 
0.460784 135.000000 0.103053 
0.466667 120.000000 0.091603 
0.462745 130.000000 0.099237 
0.460000 137.000000 0.104580 
0.466275 121.000000 0.092366 
0.463137 129.000000 0.098473 
0.467451 118.000000 0.090076 
0.465098 124.000000 0.094656 
0.464706 125.000000 0.095420 
0.463137 129.000000 0.098473 
0.466275 121.000000 0.092366 
0.460784 135.000000 0.103053 
0.469020 114.000000 0.087023 
0.459216 139.000000 0.106107 
0.468235 116.000000 0.088550 
0.468235 116.000000 0.088550 
0.468627 115.000000 0.087786 
0.472941 104.000000 0.079389 
0.474510 100.000000 0.076336 
0.467451 118.000000 0.090076 
0.468235 116.000000 0.088550 
0.465490 123.000000 0.093893 
0.461569 133.000000 0.101527 
0.469804 112.000000 0.085496 
0.464706 125.000000 0.095420 
0.459608 138.000000 0.105344 
0.467059 119.000000 0.090840 
0.461961 132.000000 0.100763 
0.469020 114.000000 0.087023 
0.463529 128.000000 0.097710 
0.465490 123.000000 0.093893 
0.465490 123.000000 0.093893 
0.461961 132.000000 0.100763 
0.470980 109.000000 0.083206 
0.462353 131.000000 0.100000 
0.463922 127.000000 0.096947 
0.467451 118.000000 0.090076 
0.459216 139.000000 0.106107 
0.473725 102.000000 0.077863 
0.462353 131.000000 0.100000 
0.461961 132.000000 0.100763 
0.465490 123.000000 0.093893 
0.462353 131.000000 0.100000 
0.470588 110.000000 0.083969 
0.461961 132.000000 0.100763 
0.467843 117.000000 0.089313 
0.462353 131.000000 0.100000 
0.463922 127.000000 0.096947 
0.467059 119.000000 0.090840 
0.464706 125.000000 0.095420 
0.468235 116.000000 0.088550 
0.459216 139.000000 0.106107 
0.460392 136.000000 0.103817 
0.465490 123.000000 0.093893 
0.463529 128.000000 0.097710 
0.464314 126.000000 0.096183 
0.464706 125.000000 0.095420 
0.464706 125.000000 0.095420 
0.465882 122.000000 0.093130 
0.467451 118.000000 0.090076 
0.468235 116.000000 0.088550 
0.465098 124.000000 0.094656 
0.458431 141.000000 0.107634 
0.465098 124.000000 0.094656 
0.463922 127.000000 0.096947 
0.465098 124.000000 0.094656 
0.459216 139.000000 0.106107 
0.465098 124.000000 0.094656 
0.458039 142.000000 0.108397 
0.465490 123.000000 0.093893 
0.458824 140.000000 0.106870 
0.461961 132.000000 0.100763 
0.469804 112.000000 0.085496 
0.460392 136.000000 0.103817 
0.466275 121.000000 0.092366 
0.461961 132.000000 0.100763 
0.459608 138.000000 0.105344 
0.464706 125.000000 0.095420 
0.465882 122.000000 0.093130 
0.465882 122.000000 0.093130 
0.467059 119.000000 0.090840 
0.459608 138.000000 0.105344 
0.461176 134.000000 0.102290 
0.463922 127.000000 0.096947 
0.462353 131.000000 0.100000 
0.471765 107.000000 0.081679 
0.465490 123.000000 0.093893 
0.462353 131.000000 0.100000 
0.467451 118.000000 0.090076 
0.460392 136.000000 0.103817 
0.458039 142.000000 0.108397 
0.463922 127.000000 0.096947 
0.468627 115.000000 0.087786 
0.461961 132.000000 0.100763 
0.465490 123.000000 0.093893 
0.469020 114.000000 0.087023 
0.462353 131.000000 0.100000 
0.467059 119.000000 0.090840 
0.461176 134.000000 0.102290 
0.463529 128.000000 0.097710 
0.470196 111.000000 0.084733 
0.460000 137.000000 0.104580 
0.463137 129.000000 0.098473 
0.463137 129.000000 0.098473 
0.464314 126.000000 0.096183 
0.461176 134.000000 0.102290 
0.463922 127.000000 0.096947 
0.464314 126.000000 0.096183 
0.467059 119.000000 0.090840 
0.465490 123.000000 0.093893 
0.464706 125.000000 0.095420 
0.462353 131.000000 0.100000 
0.472549 105.000000 0.080153 
0.463529 128.000000 0.097710 
0.462353 131.000000 0.100000 
0.465098 124.000000 0.094656 
0.469020 114.000000 0.087023 
0.461176 134.000000 0.102290 
0.457647 143.000000 0.109160 
0.467843 117.000000 0.089313 
0.465882 122.000000 0.093130 
0.464314 126.000000 0.096183 
0.462353 131.000000 0.100000 
0.462353 131.000000 0.100000 
0.463529 128.000000 0.097710 
0.459608 138.000000 0.105344 
0.464706 125.000000 0.095420 
0.463922 127.000000 0.096947 
0.467451 118.000000 0.090076 
0.467059 119.000000 0.090840 
0.462745 130.000000 0.099237 
0.463529 128.000000 0.097710 
0.465882 122.000000 0.093130 
0.460000 137.000000 0.104580 
0.467451 118.000000 0.090076 
0.468235 116.000000 0.088550 
0.460784 135.000000 0.103053 
0.470196 111.000000 0.084733 
0.465490 123.000000 0.093893 
0.461569 133.000000 0.101527 
0.461569 133.000000 0.101527 
0.473725 102.000000 0.077863 
0.463529 128.000000 0.097710 
0.468235 116.000000 0.088550 
0.460392 136.000000 0.103817 
0.456471 146.000000 0.111450 
0.465098 124.000000 0.094656 
0.465098 124.000000 0.094656 
0.467059 119.000000 0.090840 
0.466275 121.000000 0.092366 
0.461569 133.000000 0.101527 
0.464706 125.000000 0.095420 
0.459216 139.000000 0.106107 
0.464706 125.000000 0.095420 
0.453725 153.000000 0.116794 
0.467843 117.000000 0.089313 
0.463529 128.000000 0.097710 
0.463137 129.000000 0.098473 
0.463137 129.000000 0.098473 
0.461961 132.000000 0.100763 
0.457647 143.000000 0.109160 
0.462353 131.000000 0.100000 
0.470980 109.000000 0.083206 
0.463137 129.000000 0.098473 
0.463922 127.000000 0.096947 
0.466667 120.000000 0.091603 
0.461961 132.000000 0.100763 
0.465490 123.000000 0.093893 
0.462745 130.000000 0.099237 
0.467843 117.000000 0.089313 
0.464314 126.000000 0.096183 
0.467059 119.000000 0.090840 
0.463137 129.000000 0.098473 
0.465098 124.000000 0.094656 
0.464706 125.000000 0.095420 
0.461961 132.000000 0.100763 
0.463137 129.000000 0.098473 
0.467451 118.000000 0.090076 
0.464314 126.000000 0.096183 
0.463529 128.000000 0.097710 
0.463922 127.000000 0.096947 
0.461176 134.000000 0.102290 
0.462745 130.000000 0.099237 
0.468627 115.000000 0.087786 
0.469412 113.000000 0.086260 
0.465490 123.000000 0.093893 
0.466667 120.000000 0.091603 
0.462745 130.000000 0.099237 
0.459216 139.000000 0.106107 
0.462745 130.000000 0.099237 
0.461176 134.000000 0.102290 
0.469412 113.000000 0.086260 
0.469020 114.000000 0.087023 
0.463922 127.000000 0.096947 
0.461569 133.000000 0.101527 
0.463137 129.000000 0.098473 
0.456863 145.000000 0.110687 
0.455686 148.000000 0.112977 
0.458431 141.000000 0.107634 
0.467843 117.000000 0.089313 
0.461569 133.000000 0.101527 
0.462745 130.000000 0.099237 
0.459608 138.000000 0.105344 
0.464314 126.000000 0.096183 
0.467059 119.000000 0.090840 
0.466275 121.000000 0.092366 
0.458824 140.000000 0.106870 
0.466667 120.000000 0.091603 
0.465098 124.000000 0.094656 
0.465098 124.000000 0.094656 
0.461176 134.000000 0.102290 
0.460000 137.000000 0.104580 
0.460392 136.000000 0.103817 
0.456078 147.000000 0.112214 
0.464706 125.000000 0.095420 
0.476471 95.000000 0.072519 
0.462745 130.000000 0.099237 
0.465490 123.000000 0.093893 
0.469412 113.000000 0.086260 
0.457255 144.000000 0.109924 
0.461569 133.000000 0.101527 
0.463137 129.000000 0.098473 
0.463137 129.000000 0.098473 
0.471373 108.000000 0.082443 
0.464706 125.000000 0.095420 
0.461569 133.000000 0.101527 
0.459608 138.000000 0.105344 
0.469412 113.000000 0.086260 
0.463137 129.000000 0.098473 
0.460000 137.000000 0.104580 
0.461569 133.000000 0.101527 
0.468627 115.000000 0.087786 
0.472157 106.000000 0.080916 
0.463529 128.000000 0.097710 
0.463529 128.000000 0.097710 
0.464314 126.000000 0.096183 
0.463137 129.000000 0.098473 
0.463529 128.000000 0.097710 
0.460784 135.000000 0.103053 
0.466275 121.000000 0.092366 
0.463922 127.000000 0.096947 
0.464706 125.000000 0.095420 
0.466667 120.000000 0.091603 
0.459216 139.000000 0.106107 
0.460784 135.000000 0.103053 
0.461961 132.000000 0.100763 
0.467451 118.000000 0.090076 
0.469804 112.000000 0.085496 
0.465490 123.000000 0.093893 
0.469412 113.000000 0.086260 
0.464706 125.000000 0.095420 
0.468627 115.000000 0.087786 
0.459608 138.000000 0.105344 
0.468627 115.000000 0.087786 
0.462353 131.000000 0.100000 
0.462745 130.000000 0.099237 
0.465490 123.000000 0.093893 
0.463137 129.000000 0.098473 
0.458824 140.000000 0.106870 
0.468627 115.000000 0.087786 
0.466275 121.000000 0.092366 
0.467451 118.000000 0.090076 
0.463529 128.000000 0.097710 
0.461569 133.000000 0.101527 
0.468235 116.000000 0.088550 
0.458824 140.000000 0.106870 
0.469412 113.000000 0.086260 
0.469020 114.000000 0.087023 
0.466275 121.000000 0.092366 
0.470196 111.000000 0.084733 
0.467451 118.000000 0.090076 
0.470196 111.000000 0.084733 
0.464706 125.000000 0.095420 
0.470588 110.000000 0.083969 
0.460784 135.000000 0.103053 
0.465490 123.000000 0.093893 
0.458039 142.000000 0.108397 
0.476863 94.000000 0.071756 
0.464314 126.000000 0.096183 
0.468235 116.000000 0.088550 
0.472941 104.000000 0.079389 
0.469412 113.000000 0.086260 
0.464706 125.000000 0.095420 
0.466667 120.000000 0.091603 
0.463529 128.000000 0.097710 
0.461176 134.000000 0.102290 
0.471373 108.000000 0.082443 
0.472549 105.000000 0.080153 
0.467451 118.000000 0.090076 
0.469412 113.000000 0.086260 
0.463137 129.000000 0.098473 
0.467059 119.000000 0.090840 
0.465490 123.000000 0.093893 
0.467843 117.000000 0.089313 
0.461176 134.000000 0.102290 
0.461176 134.000000 0.102290 
0.461961 132.000000 0.100763 
0.463922 127.000000 0.096947 
0.469412 113.000000 0.086260 
0.465490 123.000000 0.093893 
0.464706 125.000000 0.095420 
0.468235 116.000000 0.088550 
0.462745 130.000000 0.099237 
0.459216 139.000000 0.106107 
0.463529 128.000000 0.097710 
0.461569 133.000000 0.101527 
