0.368627 370.000000 0.282443 
0.368627 370.000000 0.282443 
0.376078 351.000000 0.267939 
0.370196 366.000000 0.279389 
0.363922 382.000000 0.291603 
0.370980 364.000000 0.277863 
0.370980 364.000000 0.277863 
0.366667 375.000000 0.286260 
0.366275 376.000000 0.287023 
0.366667 375.000000 0.286260 
0.379608 342.000000 0.261069 
0.372549 360.000000 0.274809 
0.369804 367.000000 0.280153 
0.357255 399.000000 0.304580 
0.368235 371.000000 0.283206 
0.370196 366.000000 0.279389 
0.367059 374.000000 0.285496 
0.377647 347.000000 0.264885 
0.372549 360.000000 0.274809 
0.377255 348.000000 0.265649 
0.377255 348.000000 0.265649 
0.369412 368.000000 0.280916 
0.369020 369.000000 0.281679 
0.371765 362.000000 0.276336 
0.377255 348.000000 0.265649 
0.372549 360.000000 0.274809 
0.371765 362.000000 0.276336 
0.372157 361.000000 0.275573 
0.369020 369.000000 0.281679 
0.368235 371.000000 0.283206 
0.372941 359.000000 0.274046 
0.372157 361.000000 0.275573 
0.376078 351.000000 0.267939 
0.362745 385.000000 0.293893 
0.370980 364.000000 0.277863 
0.372549 360.000000 0.274809 
0.372941 359.000000 0.274046 
0.364706 380.000000 0.290076 
0.371373 363.000000 0.277099 
0.367059 374.000000 0.285496 
0.377647 347.000000 0.264885 
0.368627 370.000000 0.282443 
0.365098 379.000000 0.289313 
0.374510 355.000000 0.270992 
0.374118 356.000000 0.271756 
0.372157 361.000000 0.275573 
0.377255 348.000000 0.265649 
0.365098 379.000000 0.289313 
0.383137 333.000000 0.254198 
0.371373 363.000000 0.277099 
0.373333 358.000000 0.273282 
0.367059 374.000000 0.285496 
0.380392 340.000000 0.259542 
0.374510 355.000000 0.270992 
0.376863 349.000000 0.266412 
0.374510 355.000000 0.270992 
0.365490 378.000000 0.288550 
0.368627 370.000000 0.282443 
0.376471 350.000000 0.267176 
0.381569 337.000000 0.257252 
0.368627 370.000000 0.282443 
0.368627 370.000000 0.282443 
0.372941 359.000000 0.274046 
0.368627 370.000000 0.282443 
0.372549 360.000000 0.274809 
0.368235 371.000000 0.283206 
0.370588 365.000000 0.278626 
0.377647 347.000000 0.264885 
0.375686 352.000000 0.268702 
0.370980 364.000000 0.277863 
0.371373 363.000000 0.277099 
0.369804 367.000000 0.280153 
0.379216 343.000000 0.261832 
0.371765 362.000000 0.276336 
0.370588 365.000000 0.278626 
0.365882 377.000000 0.287786 
0.369020 369.000000 0.281679 
0.378431 345.000000 0.263359 
0.373725 357.000000 0.272519 
0.369804 367.000000 0.280153 
0.372549 360.000000 0.274809 
0.369804 367.000000 0.280153 
0.374118 356.000000 0.271756 
0.374902 354.000000 0.270229 
0.370196 366.000000 0.279389 
0.364314 381.000000 0.290840 
0.375294 353.000000 0.269466 
0.366275 376.000000 0.287023 
0.370980 364.000000 0.277863 
0.372941 359.000000 0.274046 
0.368235 371.000000 0.283206 
0.376078 351.000000 0.267939 
0.368627 370.000000 0.282443 
0.377647 347.000000 0.264885 
0.371765 362.000000 0.276336 
0.365882 377.000000 0.287786 
0.370588 365.000000 0.278626 
0.375294 353.000000 0.269466 
0.378039 346.000000 0.264122 
0.372549 360.000000 0.274809 
0.373333 358.000000 0.273282 
0.372157 361.000000 0.275573 
0.376078 351.000000 0.267939 
0.371373 363.000000 0.277099 
0.365882 377.000000 0.287786 
0.369412 368.000000 0.280916 
0.369412 368.000000 0.280916 
0.372941 359.000000 0.274046 
0.370196 366.000000 0.279389 
0.377255 348.000000 0.265649 
0.371765 362.000000 0.276336 
0.365882 377.000000 0.287786 
0.375686 352.000000 0.268702 
0.364706 380.000000 0.290076 
0.370588 365.000000 0.278626 
0.375294 353.000000 0.269466 
0.376863 349.000000 0.266412 
0.369804 367.000000 0.280153 
0.370196 366.000000 0.279389 
0.376863 349.000000 0.266412 
0.374902 354.000000 0.270229 
0.373333 358.000000 0.273282 
0.367451 373.000000 0.284733 
0.366275 376.000000 0.287023 
0.366275 376.000000 0.287023 
0.380392 340.000000 0.259542 
0.370980 364.000000 0.277863 
0.367843 372.000000 0.283969 
0.374902 354.000000 0.270229 
0.370980 364.000000 0.277863 
0.373725 357.000000 0.272519 
0.365882 377.000000 0.287786 
0.377255 348.000000 0.265649 
0.370196 366.000000 0.279389 
0.366275 376.000000 0.287023 
0.366667 375.000000 0.286260 
0.373725 357.000000 0.272519 
0.373333 358.000000 0.273282 
0.370980 364.000000 0.277863 
0.376078 351.000000 0.267939 
0.374510 355.000000 0.270992 
0.370196 366.000000 0.279389 
0.376078 351.000000 0.267939 
0.366667 375.000000 0.286260 
0.377647 347.000000 0.264885 
0.370196 366.000000 0.279389 
0.370196 366.000000 0.279389 
0.367451 373.000000 0.284733 
0.372157 361.000000 0.275573 
0.375686 352.000000 0.268702 
0.367451 373.000000 0.284733 
0.370196 366.000000 0.279389 
0.375686 352.000000 0.268702 
0.374510 355.000000 0.270992 
0.368235 371.000000 0.283206 
0.368627 370.000000 0.282443 
0.367059 374.000000 0.285496 
0.377255 348.000000 0.265649 
0.382353 335.000000 0.255725 
0.367059 374.000000 0.285496 
0.381176 338.000000 0.258015 
0.373725 357.000000 0.272519 
0.378824 344.000000 0.262595 
0.376863 349.000000 0.266412 
0.369804 367.000000 0.280153 
0.380392 340.000000 0.259542 
0.372157 361.000000 0.275573 
0.374902 354.000000 0.270229 
0.367451 373.000000 0.284733 
0.370980 364.000000 0.277863 
0.375294 353.000000 0.269466 
0.364706 380.000000 0.290076 
0.370980 364.000000 0.277863 
0.371373 363.000000 0.277099 
0.372549 360.000000 0.274809 
0.370980 364.000000 0.277863 
0.385882 326.000000 0.248855 
0.374510 355.000000 0.270992 
0.380000 341.000000 0.260305 
0.371765 362.000000 0.276336 
0.372941 359.000000 0.274046 
0.373333 358.000000 0.273282 
0.367451 373.000000 0.284733 
0.371765 362.000000 0.276336 
0.370588 365.000000 0.278626 
0.368627 370.000000 0.282443 
0.376078 351.000000 0.267939 
0.364706 380.000000 0.290076 
0.373725 357.000000 0.272519 
0.371373 363.000000 0.277099 
0.363922 382.000000 0.291603 
0.371765 362.000000 0.276336 
0.376863 349.000000 0.266412 
0.372941 359.000000 0.274046 
0.370980 364.000000 0.277863 
0.374118 356.000000 0.271756 
0.372157 361.000000 0.275573 
0.371373 363.000000 0.277099 
0.376863 349.000000 0.266412 
0.373333 358.000000 0.273282 
0.369020 369.000000 0.281679 
0.380784 339.000000 0.258779 
0.374902 354.000000 0.270229 
0.372549 360.000000 0.274809 
0.376471 350.000000 0.267176 
0.377255 348.000000 0.265649 
0.374510 355.000000 0.270992 
0.372941 359.000000 0.274046 
0.366275 376.000000 0.287023 
0.371373 363.000000 0.277099 
0.361569 388.000000 0.296183 
0.374902 354.000000 0.270229 
0.375686 352.000000 0.268702 
0.365882 377.000000 0.287786 
0.374902 354.000000 0.270229 
0.369020 369.000000 0.281679 
0.367059 374.000000 0.285496 
0.372157 361.000000 0.275573 
0.370196 366.000000 0.279389 
0.374510 355.000000 0.270992 
0.369020 369.000000 0.281679 
0.371373 363.000000 0.277099 
0.370196 366.000000 0.279389 
0.376078 351.000000 0.267939 
0.373333 358.000000 0.273282 
0.380392 340.000000 0.259542 
0.372549 360.000000 0.274809 
0.372549 360.000000 0.274809 
0.372157 361.000000 0.275573 
0.370196 366.000000 0.279389 
0.374118 356.000000 0.271756 
0.372941 359.000000 0.274046 
0.372157 361.000000 0.275573 
0.379608 342.000000 0.261069 
0.364314 381.000000 0.290840 
0.371373 363.000000 0.277099 
0.372941 359.000000 0.274046 
0.369020 369.000000 0.281679 
0.372549 360.000000 0.274809 
0.372941 359.000000 0.274046 
0.373725 357.000000 0.272519 
0.376078 351.000000 0.267939 
0.367843 372.000000 0.283969 
0.369020 369.000000 0.281679 
0.363529 383.000000 0.292366 
0.369804 367.000000 0.280153 
0.367059 374.000000 0.285496 
0.367059 374.000000 0.285496 
0.378039 346.000000 0.264122 
0.372549 360.000000 0.274809 
0.378039 346.000000 0.264122 
0.371765 362.000000 0.276336 
0.372941 359.000000 0.274046 
0.378431 345.000000 0.263359 
0.373333 358.000000 0.273282 
0.370980 364.000000 0.277863 
0.367451 373.000000 0.284733 
0.365098 379.000000 0.289313 
0.374510 355.000000 0.270992 
0.379216 343.000000 0.261832 
0.382745 334.000000 0.254962 
0.372941 359.000000 0.274046 
0.377647 347.000000 0.264885 
0.365098 379.000000 0.289313 
0.367843 372.000000 0.283969 
0.375294 353.000000 0.269466 
0.378824 344.000000 0.262595 
0.374510 355.000000 0.270992 
0.369804 367.000000 0.280153 
0.369412 368.000000 0.280916 
0.371373 363.000000 0.277099 
0.372549 360.000000 0.274809 
0.380784 339.000000 0.258779 
0.370980 364.000000 0.277863 
0.369804 367.000000 0.280153 
0.366275 376.000000 0.287023 
0.378431 345.000000 0.263359 
0.375294 353.000000 0.269466 
0.375686 352.000000 0.268702 
0.378824 344.000000 0.262595 
0.372941 359.000000 0.274046 
0.373333 358.000000 0.273282 
0.379216 343.000000 0.261832 
0.374510 355.000000 0.270992 
0.369020 369.000000 0.281679 
0.368627 370.000000 0.282443 
0.363922 382.000000 0.291603 
0.369412 368.000000 0.280916 
0.374902 354.000000 0.270229 
0.380000 341.000000 0.260305 
0.378039 346.000000 0.264122 
0.371765 362.000000 0.276336 
0.374118 356.000000 0.271756 
0.374510 355.000000 0.270992 
0.365098 379.000000 0.289313 
0.365882 377.000000 0.287786 
0.372549 360.000000 0.274809 
0.366667 375.000000 0.286260 
0.369804 367.000000 0.280153 
0.378039 346.000000 0.264122 
0.372157 361.000000 0.275573 
0.373725 357.000000 0.272519 
0.380392 340.000000 0.259542 
0.378824 344.000000 0.262595 
0.385882 326.000000 0.248855 
0.377255 348.000000 0.265649 
0.369804 367.000000 0.280153 
0.369020 369.000000 0.281679 
0.377255 348.000000 0.265649 
0.373333 358.000000 0.273282 
0.373333 358.000000 0.273282 
0.363922 382.000000 0.291603 
0.378431 345.000000 0.263359 
0.374510 355.000000 0.270992 
0.376471 350.000000 0.267176 
0.375294 353.000000 0.269466 
0.376078 351.000000 0.267939 
0.372549 360.000000 0.274809 
0.377647 347.000000 0.264885 
0.363137 384.000000 0.293130 
0.367843 372.000000 0.283969 
0.374902 354.000000 0.270229 
0.360784 390.000000 0.297710 
0.373333 358.000000 0.273282 
0.365098 379.000000 0.289313 
0.374510 355.000000 0.270992 
0.374510 355.000000 0.270992 
0.374902 354.000000 0.270229 
0.364314 381.000000 0.290840 
0.369412 368.000000 0.280916 
0.375686 352.000000 0.268702 
0.372157 361.000000 0.275573 
0.367843 372.000000 0.283969 
0.370196 366.000000 0.279389 
0.374510 355.000000 0.270992 
0.374902 354.000000 0.270229 
0.372157 361.000000 0.275573 
0.378039 346.000000 0.264122 
0.378431 345.000000 0.263359 
0.374902 354.000000 0.270229 
0.376863 349.000000 0.266412 
0.371765 362.000000 0.276336 
0.371373 363.000000 0.277099 
0.379216 343.000000 0.261832 
0.368235 371.000000 0.283206 
0.370588 365.000000 0.278626 
0.370980 364.000000 0.277863 
0.370588 365.000000 0.278626 
0.376471 350.000000 0.267176 
0.365098 379.000000 0.289313 
0.368235 371.000000 0.283206 
0.363137 384.000000 0.293130 
0.367843 372.000000 0.283969 
0.369412 368.000000 0.280916 
0.361176 389.000000 0.296947 
0.371373 363.000000 0.277099 
0.369804 367.000000 0.280153 
0.363529 383.000000 0.292366 
0.372941 359.000000 0.274046 
0.372157 361.000000 0.275573 
0.379216 343.000000 0.261832 
0.381176 338.000000 0.258015 
0.372157 361.000000 0.275573 
0.372549 360.000000 0.274809 
0.374510 355.000000 0.270992 
0.371765 362.000000 0.276336 
0.373333 358.000000 0.273282 
0.370588 365.000000 0.278626 
0.373725 357.000000 0.272519 
0.370588 365.000000 0.278626 
0.375294 353.000000 0.269466 
0.372157 361.000000 0.275573 
0.363922 382.000000 0.291603 
0.374510 355.000000 0.270992 
0.368627 370.000000 0.282443 
0.372941 359.000000 0.274046 
0.378431 345.000000 0.263359 
0.375294 353.000000 0.269466 
0.371373 363.000000 0.277099 
0.367059 374.000000 0.285496 
0.379608 342.000000 0.261069 
0.374902 354.000000 0.270229 
0.376078 351.000000 0.267939 
0.363529 383.000000 0.292366 
0.376471 350.000000 0.267176 
0.365490 378.000000 0.288550 
0.365490 378.000000 0.288550 
0.376863 349.000000 0.266412 
0.380000 341.000000 0.260305 
0.384706 329.000000 0.251145 
0.367451 373.000000 0.284733 
0.375686 352.000000 0.268702 
0.376078 351.000000 0.267939 
0.373725 357.000000 0.272519 
0.372549 360.000000 0.274809 
0.376471 350.000000 0.267176 
0.370588 365.000000 0.278626 
0.372549 360.000000 0.274809 
0.372549 360.000000 0.274809 
0.369804 367.000000 0.280153 
0.368627 370.000000 0.282443 
0.369020 369.000000 0.281679 
0.372549 360.000000 0.274809 
0.367843 372.000000 0.283969 
0.374118 356.000000 0.271756 
0.365098 379.000000 0.289313 
0.372549 360.000000 0.274809 
0.370588 365.000000 0.278626 
0.374902 354.000000 0.270229 
0.369804 367.000000 0.280153 
0.369412 368.000000 0.280916 
0.374510 355.000000 0.270992 
0.370588 365.000000 0.278626 
0.369412 368.000000 0.280916 
0.379216 343.000000 0.261832 
0.374902 354.000000 0.270229 
0.366667 375.000000 0.286260 
0.372941 359.000000 0.274046 
0.382745 334.000000 0.254962 
0.374118 356.000000 0.271756 
0.376863 349.000000 0.266412 
0.372941 359.000000 0.274046 
0.378431 345.000000 0.263359 
0.372157 361.000000 0.275573 
0.376078 351.000000 0.267939 
0.369804 367.000000 0.280153 
0.372549 360.000000 0.274809 
0.374118 356.000000 0.271756 
0.372941 359.000000 0.274046 
0.369804 367.000000 0.280153 
0.371373 363.000000 0.277099 
0.374510 355.000000 0.270992 
0.370588 365.000000 0.278626 
0.369020 369.000000 0.281679 
0.368627 370.000000 0.282443 
0.372157 361.000000 0.275573 
0.377647 347.000000 0.264885 
0.375294 353.000000 0.269466 
0.374510 355.000000 0.270992 
0.364706 380.000000 0.290076 
0.376863 349.000000 0.266412 
0.370980 364.000000 0.277863 
0.374118 356.000000 0.271756 
0.361961 387.000000 0.295420 
0.369804 367.000000 0.280153 
0.369020 369.000000 0.281679 
0.367059 374.000000 0.285496 
0.370588 365.000000 0.278626 
0.378431 345.000000 0.263359 
0.377255 348.000000 0.265649 
0.369804 367.000000 0.280153 
0.374510 355.000000 0.270992 
0.375686 352.000000 0.268702 
0.372157 361.000000 0.275573 
0.363529 383.000000 0.292366 
0.370196 366.000000 0.279389 
0.370980 364.000000 0.277863 
0.372549 360.000000 0.274809 
0.370980 364.000000 0.277863 
0.377647 347.000000 0.264885 
0.380000 341.000000 0.260305 
0.373333 358.000000 0.273282 
0.369020 369.000000 0.281679 
0.371765 362.000000 0.276336 
0.367059 374.000000 0.285496 
0.374118 356.000000 0.271756 
0.382745 334.000000 0.254962 
0.381176 338.000000 0.258015 
0.374902 354.000000 0.270229 
0.368627 370.000000 0.282443 
0.365098 379.000000 0.289313 
0.378039 346.000000 0.264122 
0.370980 364.000000 0.277863 
0.379608 342.000000 0.261069 
0.374510 355.000000 0.270992 
0.370196 366.000000 0.279389 
0.369412 368.000000 0.280916 
0.374118 356.000000 0.271756 
0.377255 348.000000 0.265649 
0.369020 369.000000 0.281679 
0.374510 355.000000 0.270992 
0.373333 358.000000 0.273282 
0.376078 351.000000 0.267939 
0.369020 369.000000 0.281679 
0.367059 374.000000 0.285496 
0.369804 367.000000 0.280153 
0.372157 361.000000 0.275573 
0.369020 369.000000 0.281679 
0.370196 366.000000 0.279389 
0.364314 381.000000 0.290840 
0.368627 370.000000 0.282443 
0.372157 361.000000 0.275573 
0.371373 363.000000 0.277099 
0.380000 341.000000 0.260305 
0.373725 357.000000 0.272519 
0.373725 357.000000 0.272519 
0.386667 324.000000 0.247328 
0.370980 364.000000 0.277863 
0.369020 369.000000 0.281679 
0.359608 393.000000 0.300000 
0.379608 342.000000 0.261069 
0.366275 376.000000 0.287023 
0.378824 344.000000 0.262595 
0.372549 360.000000 0.274809 
0.374118 356.000000 0.271756 
0.376078 351.000000 0.267939 
0.372549 360.000000 0.274809 
0.374510 355.000000 0.270992 
0.367451 373.000000 0.284733 
0.373725 357.000000 0.272519 
0.367451 373.000000 0.284733 
0.370980 364.000000 0.277863 
0.365882 377.000000 0.287786 
0.367059 374.000000 0.285496 
0.376471 350.000000 0.267176 
0.370196 366.000000 0.279389 
0.369412 368.000000 0.280916 
0.374118 356.000000 0.271756 
0.370196 366.000000 0.279389 
0.362353 386.000000 0.294656 
0.372549 360.000000 0.274809 
0.375686 352.000000 0.268702 
0.365098 379.000000 0.289313 
0.369020 369.000000 0.281679 
0.372157 361.000000 0.275573 
0.371765 362.000000 0.276336 
0.373725 357.000000 0.272519 
0.371765 362.000000 0.276336 
0.373333 358.000000 0.273282 
0.367843 372.000000 0.283969 
0.365490 378.000000 0.288550 
0.370196 366.000000 0.279389 
0.369412 368.000000 0.280916 
0.370588 365.000000 0.278626 
0.374118 356.000000 0.271756 
0.374118 356.000000 0.271756 
0.376471 350.000000 0.267176 
0.376471 350.000000 0.267176 
0.372941 359.000000 0.274046 
0.373725 357.000000 0.272519 
0.370980 364.000000 0.277863 
0.369412 368.000000 0.280916 
0.378824 344.000000 0.262595 
0.376078 351.000000 0.267939 
0.374510 355.000000 0.270992 
0.374510 355.000000 0.270992 
0.371373 363.000000 0.277099 
0.369020 369.000000 0.281679 
0.364314 381.000000 0.290840 
0.373725 357.000000 0.272519 
0.376471 350.000000 0.267176 
0.374118 356.000000 0.271756 
0.369020 369.000000 0.281679 
0.371373 363.000000 0.277099 
0.366667 375.000000 0.286260 
0.373333 358.000000 0.273282 
0.374118 356.000000 0.271756 
0.373333 358.000000 0.273282 
0.371765 362.000000 0.276336 
0.374902 354.000000 0.270229 
0.373725 357.000000 0.272519 
0.371765 362.000000 0.276336 
0.367843 372.000000 0.283969 
0.370588 365.000000 0.278626 
0.368235 371.000000 0.283206 
0.373725 357.000000 0.272519 
0.370980 364.000000 0.277863 
0.372549 360.000000 0.274809 
0.374510 355.000000 0.270992 
0.370980 364.000000 0.277863 
0.369020 369.000000 0.281679 
0.382353 335.000000 0.255725 
0.370588 365.000000 0.278626 
0.368235 371.000000 0.283206 
0.367451 373.000000 0.284733 
0.378824 344.000000 0.262595 
0.372157 361.000000 0.275573 
0.366275 376.000000 0.287023 
0.374118 356.000000 0.271756 
0.372549 360.000000 0.274809 
0.370588 365.000000 0.278626 
0.367451 373.000000 0.284733 
0.370980 364.000000 0.277863 
0.365882 377.000000 0.287786 
0.369804 367.000000 0.280153 
0.379608 342.000000 0.261069 
0.376471 350.000000 0.267176 
0.376863 349.000000 0.266412 
0.380392 340.000000 0.259542 
0.375686 352.000000 0.268702 
0.375686 352.000000 0.268702 
0.378431 345.000000 0.263359 
0.370196 366.000000 0.279389 
0.371765 362.000000 0.276336 
0.372941 359.000000 0.274046 
0.367451 373.000000 0.284733 
0.371373 363.000000 0.277099 
0.376078 351.000000 0.267939 
0.367059 374.000000 0.285496 
0.371373 363.000000 0.277099 
0.372941 359.000000 0.274046 
0.371765 362.000000 0.276336 
0.365098 379.000000 0.289313 
0.361961 387.000000 0.295420 
0.373333 358.000000 0.273282 
0.367843 372.000000 0.283969 
0.365098 379.000000 0.289313 
0.364706 380.000000 0.290076 
0.372549 360.000000 0.274809 
0.372941 359.000000 0.274046 
0.371373 363.000000 0.277099 
0.372941 359.000000 0.274046 
0.363529 383.000000 0.292366 
0.376471 350.000000 0.267176 
0.372157 361.000000 0.275573 
0.375686 352.000000 0.268702 
0.369020 369.000000 0.281679 
0.376863 349.000000 0.266412 
0.377255 348.000000 0.265649 
0.377255 348.000000 0.265649 
0.372157 361.000000 0.275573 
0.363137 384.000000 0.293130 
0.374118 356.000000 0.271756 
0.380392 340.000000 0.259542 
0.376471 350.000000 0.267176 
0.380392 340.000000 0.259542 
0.376863 349.000000 0.266412 
0.371765 362.000000 0.276336 
0.373333 358.000000 0.273282 
0.374510 355.000000 0.270992 
0.373333 358.000000 0.273282 
0.373725 357.000000 0.272519 
0.369020 369.000000 0.281679 
0.375294 353.000000 0.269466 
0.374118 356.000000 0.271756 
0.374902 354.000000 0.270229 
0.376078 351.000000 0.267939 
0.377255 348.000000 0.265649 
0.370980 364.000000 0.277863 
0.374118 356.000000 0.271756 
0.375294 353.000000 0.269466 
0.378039 346.000000 0.264122 
0.370588 365.000000 0.278626 
0.374118 356.000000 0.271756 
0.374902 354.000000 0.270229 
0.375294 353.000000 0.269466 
0.377647 347.000000 0.264885 
0.372549 360.000000 0.274809 
0.374510 355.000000 0.270992 
0.374118 356.000000 0.271756 
0.380000 341.000000 0.260305 
0.370980 364.000000 0.277863 
0.377647 347.000000 0.264885 
0.369804 367.000000 0.280153 
0.373333 358.000000 0.273282 
0.370588 365.000000 0.278626 
0.365882 377.000000 0.287786 
0.376471 350.000000 0.267176 
0.372157 361.000000 0.275573 
0.367059 374.000000 0.285496 
0.377255 348.000000 0.265649 
0.365882 377.000000 0.287786 
0.375294 353.000000 0.269466 
0.371373 363.000000 0.277099 
0.371765 362.000000 0.276336 
0.373725 357.000000 0.272519 
0.374510 355.000000 0.270992 
0.369412 368.000000 0.280916 
0.374510 355.000000 0.270992 
0.376078 351.000000 0.267939 
0.369412 368.000000 0.280916 
0.377255 348.000000 0.265649 
0.376863 349.000000 0.266412 
0.376471 350.000000 0.267176 
0.375686 352.000000 0.268702 
0.361569 388.000000 0.296183 
0.381569 337.000000 0.257252 
0.376078 351.000000 0.267939 
0.364314 381.000000 0.290840 
0.374902 354.000000 0.270229 
0.373725 357.000000 0.272519 
0.372941 359.000000 0.274046 
0.376863 349.000000 0.266412 
0.371373 363.000000 0.277099 
0.366275 376.000000 0.287023 
0.364314 381.000000 0.290840 
0.372941 359.000000 0.274046 
0.367059 374.000000 0.285496 
0.376863 349.000000 0.266412 
0.370980 364.000000 0.277863 
0.372941 359.000000 0.274046 
0.370980 364.000000 0.277863 
0.372157 361.000000 0.275573 
0.370588 365.000000 0.278626 
0.375686 352.000000 0.268702 
0.368627 370.000000 0.282443 
0.370980 364.000000 0.277863 
0.371373 363.000000 0.277099 
0.366275 376.000000 0.287023 
0.372157 361.000000 0.275573 
0.374118 356.000000 0.271756 
0.375294 353.000000 0.269466 
0.378824 344.000000 0.262595 
0.370980 364.000000 0.277863 
0.373333 358.000000 0.273282 
0.365882 377.000000 0.287786 
0.372157 361.000000 0.275573 
0.368627 370.000000 0.282443 
0.367451 373.000000 0.284733 
0.370980 364.000000 0.277863 
0.375686 352.000000 0.268702 
0.372157 361.000000 0.275573 
0.373333 358.000000 0.273282 
0.367843 372.000000 0.283969 
0.374118 356.000000 0.271756 
0.374902 354.000000 0.270229 
0.376078 351.000000 0.267939 
0.368627 370.000000 0.282443 
0.367843 372.000000 0.283969 
0.368235 371.000000 0.283206 
0.371765 362.000000 0.276336 
0.373333 358.000000 0.273282 
0.367059 374.000000 0.285496 
0.370196 366.000000 0.279389 
0.369412 368.000000 0.280916 
0.372941 359.000000 0.274046 
0.363137 384.000000 0.293130 
0.378824 344.000000 0.262595 
0.373333 358.000000 0.273282 
0.365490 378.000000 0.288550 
0.380392 340.000000 0.259542 
0.374902 354.000000 0.270229 
0.371373 363.000000 0.277099 
0.370196 366.000000 0.279389 
0.378824 344.000000 0.262595 
0.367843 372.000000 0.283969 
0.371373 363.000000 0.277099 
0.373725 357.000000 0.272519 
0.371373 363.000000 0.277099 
0.370980 364.000000 0.277863 
0.378039 346.000000 0.264122 
0.369020 369.000000 0.281679 
0.363922 382.000000 0.291603 
0.371373 363.000000 0.277099 
0.372549 360.000000 0.274809 
0.377255 348.000000 0.265649 
0.372941 359.000000 0.274046 
0.369804 367.000000 0.280153 
0.370980 364.000000 0.277863 
0.371373 363.000000 0.277099 
0.368235 371.000000 0.283206 
0.374510 355.000000 0.270992 
0.367451 373.000000 0.284733 
0.372941 359.000000 0.274046 
0.371765 362.000000 0.276336 
0.361176 389.000000 0.296947 
0.379608 342.000000 0.261069 
0.367059 374.000000 0.285496 
0.368627 370.000000 0.282443 
0.378824 344.000000 0.262595 
0.371765 362.000000 0.276336 
0.363922 382.000000 0.291603 
0.369412 368.000000 0.280916 
0.375686 352.000000 0.268702 
0.374118 356.000000 0.271756 
0.376471 350.000000 0.267176 
0.379608 342.000000 0.261069 
0.377255 348.000000 0.265649 
0.370980 364.000000 0.277863 
0.366667 375.000000 0.286260 
0.377255 348.000000 0.265649 
0.360392 391.000000 0.298473 
0.372549 360.000000 0.274809 
0.381569 337.000000 0.257252 
0.371373 363.000000 0.277099 
0.374902 354.000000 0.270229 
0.383529 332.000000 0.253435 
0.374902 354.000000 0.270229 
0.370980 364.000000 0.277863 
0.372157 361.000000 0.275573 
0.378431 345.000000 0.263359 
0.377255 348.000000 0.265649 
0.371765 362.000000 0.276336 
0.370588 365.000000 0.278626 
0.372941 359.000000 0.274046 
0.374902 354.000000 0.270229 
0.370196 366.000000 0.279389 
0.372941 359.000000 0.274046 
0.378824 344.000000 0.262595 
0.367059 374.000000 0.285496 
0.370980 364.000000 0.277863 
0.364706 380.000000 0.290076 
0.370588 365.000000 0.278626 
0.375686 352.000000 0.268702 
0.373725 357.000000 0.272519 
0.375686 352.000000 0.268702 
0.366667 375.000000 0.286260 
0.371373 363.000000 0.277099 
0.377255 348.000000 0.265649 
0.370196 366.000000 0.279389 
0.378431 345.000000 0.263359 
0.369020 369.000000 0.281679 
0.374118 356.000000 0.271756 
0.378039 346.000000 0.264122 
0.380000 341.000000 0.260305 
0.369804 367.000000 0.280153 
0.376471 350.000000 0.267176 
0.369020 369.000000 0.281679 
0.376078 351.000000 0.267939 
0.365882 377.000000 0.287786 
0.371373 363.000000 0.277099 
0.374902 354.000000 0.270229 
0.368627 370.000000 0.282443 
0.372549 360.000000 0.274809 
0.371765 362.000000 0.276336 
0.371765 362.000000 0.276336 
0.371765 362.000000 0.276336 
0.369804 367.000000 0.280153 
0.369020 369.000000 0.281679 
0.371765 362.000000 0.276336 
0.362745 385.000000 0.293893 
0.374118 356.000000 0.271756 
0.375686 352.000000 0.268702 
0.366667 375.000000 0.286260 
0.362745 385.000000 0.293893 
0.375686 352.000000 0.268702 
0.366667 375.000000 0.286260 
0.371373 363.000000 0.277099 
0.377255 348.000000 0.265649 
0.371373 363.000000 0.277099 
0.380784 339.000000 0.258779 
0.368235 371.000000 0.283206 
0.371765 362.000000 0.276336 
0.374510 355.000000 0.270992 
0.374902 354.000000 0.270229 
0.360392 391.000000 0.298473 
0.363529 383.000000 0.292366 
0.370588 365.000000 0.278626 
0.370980 364.000000 0.277863 
0.371373 363.000000 0.277099 
0.372157 361.000000 0.275573 
0.362745 385.000000 0.293893 
0.369020 369.000000 0.281679 
0.372941 359.000000 0.274046 
0.372941 359.000000 0.274046 
0.368627 370.000000 0.282443 
0.369020 369.000000 0.281679 
0.371765 362.000000 0.276336 
0.365490 378.000000 0.288550 
0.378824 344.000000 0.262595 
0.376471 350.000000 0.267176 
0.372549 360.000000 0.274809 
0.370980 364.000000 0.277863 
0.372157 361.000000 0.275573 
0.369412 368.000000 0.280916 
0.366667 375.000000 0.286260 
0.372549 360.000000 0.274809 
0.362745 385.000000 0.293893 
0.379608 342.000000 0.261069 
0.364706 380.000000 0.290076 
0.374118 356.000000 0.271756 
0.376863 349.000000 0.266412 
0.359216 394.000000 0.300763 
0.376863 349.000000 0.266412 
0.372549 360.000000 0.274809 
0.367843 372.000000 0.283969 
0.368235 371.000000 0.283206 
0.365882 377.000000 0.287786 
0.371373 363.000000 0.277099 
0.370196 366.000000 0.279389 
0.373333 358.000000 0.273282 
0.372941 359.000000 0.274046 
0.368627 370.000000 0.282443 
0.367451 373.000000 0.284733 
0.373333 358.000000 0.273282 
0.372941 359.000000 0.274046 
0.369804 367.000000 0.280153 
0.370196 366.000000 0.279389 
0.373333 358.000000 0.273282 
0.374510 355.000000 0.270992 
0.373725 357.000000 0.272519 
0.371765 362.000000 0.276336 
0.375686 352.000000 0.268702 
0.382353 335.000000 0.255725 
0.380392 340.000000 0.259542 
0.371765 362.000000 0.276336 
0.372157 361.000000 0.275573 
0.379216 343.000000 0.261832 
0.377647 347.000000 0.264885 
0.370980 364.000000 0.277863 
0.376471 350.000000 0.267176 
0.375294 353.000000 0.269466 
0.369412 368.000000 0.280916 
0.371765 362.000000 0.276336 
0.370980 364.000000 0.277863 
0.373333 358.000000 0.273282 
0.371373 363.000000 0.277099 
0.373333 358.000000 0.273282 
0.370196 366.000000 0.279389 
0.369412 368.000000 0.280916 
0.371373 363.000000 0.277099 
0.376471 350.000000 0.267176 
0.376863 349.000000 0.266412 
0.367059 374.000000 0.285496 
0.371765 362.000000 0.276336 
0.371373 363.000000 0.277099 
0.377647 347.000000 0.264885 
0.369804 367.000000 0.280153 
0.380784 339.000000 0.258779 
0.370196 366.000000 0.279389 
0.371373 363.000000 0.277099 
0.378824 344.000000 0.262595 
0.371765 362.000000 0.276336 
0.369020 369.000000 0.281679 
0.376471 350.000000 0.267176 
0.379216 343.000000 0.261832 
0.365882 377.000000 0.287786 
0.378039 346.000000 0.264122 
0.371765 362.000000 0.276336 
0.378431 345.000000 0.263359 
0.366275 376.000000 0.287023 
0.372941 359.000000 0.274046 
0.373725 357.000000 0.272519 
0.365882 377.000000 0.287786 
0.373725 357.000000 0.272519 
0.375686 352.000000 0.268702 
0.374118 356.000000 0.271756 
0.376863 349.000000 0.266412 
0.376863 349.000000 0.266412 
0.371765 362.000000 0.276336 
0.363529 383.000000 0.292366 
0.375686 352.000000 0.268702 
0.369412 368.000000 0.280916 
0.372549 360.000000 0.274809 
0.370980 364.000000 0.277863 
0.373725 357.000000 0.272519 
0.374510 355.000000 0.270992 
0.372941 359.000000 0.274046 
0.378431 345.000000 0.263359 
0.374902 354.000000 0.270229 
0.369020 369.000000 0.281679 
0.378039 346.000000 0.264122 
0.376471 350.000000 0.267176 
0.369412 368.000000 0.280916 
0.376863 349.000000 0.266412 
0.376078 351.000000 0.267939 
0.377647 347.000000 0.264885 
0.376471 350.000000 0.267176 
0.371765 362.000000 0.276336 
0.367843 372.000000 0.283969 
0.371765 362.000000 0.276336 
0.377255 348.000000 0.265649 
0.368627 370.000000 0.282443 
0.371765 362.000000 0.276336 
0.376078 351.000000 0.267939 
0.379216 343.000000 0.261832 
0.381176 338.000000 0.258015 
0.377647 347.000000 0.264885 
0.378824 344.000000 0.262595 
0.367059 374.000000 0.285496 
0.370196 366.000000 0.279389 
0.371765 362.000000 0.276336 
0.378824 344.000000 0.262595 
0.369412 368.000000 0.280916 
0.377255 348.000000 0.265649 
0.377647 347.000000 0.264885 
0.374902 354.000000 0.270229 
0.376863 349.000000 0.266412 
0.371373 363.000000 0.277099 
0.380784 339.000000 0.258779 
0.378431 345.000000 0.263359 
0.376078 351.000000 0.267939 
0.376078 351.000000 0.267939 
0.373725 357.000000 0.272519 
0.377255 348.000000 0.265649 
0.367059 374.000000 0.285496 
0.370196 366.000000 0.279389 
0.374118 356.000000 0.271756 
0.366667 375.000000 0.286260 
0.369412 368.000000 0.280916 
0.371373 363.000000 0.277099 
0.370196 366.000000 0.279389 
0.363137 384.000000 0.293130 
0.372549 360.000000 0.274809 
0.373333 358.000000 0.273282 
0.363529 383.000000 0.292366 
0.368235 371.000000 0.283206 
0.370980 364.000000 0.277863 
0.369804 367.000000 0.280153 
0.369020 369.000000 0.281679 
0.366667 375.000000 0.286260 
0.367843 372.000000 0.283969 
0.375294 353.000000 0.269466 
0.372549 360.000000 0.274809 
0.376863 349.000000 0.266412 
0.370980 364.000000 0.277863 
0.373725 357.000000 0.272519 
0.375294 353.000000 0.269466 
0.370196 366.000000 0.279389 
0.366275 376.000000 0.287023 
0.372941 359.000000 0.274046 
0.369412 368.000000 0.280916 
0.376078 351.000000 0.267939 
0.365490 378.000000 0.288550 
0.370588 365.000000 0.278626 
0.373725 357.000000 0.272519 
0.370980 364.000000 0.277863 
0.370196 366.000000 0.279389 
0.367059 374.000000 0.285496 
0.369804 367.000000 0.280153 
0.365490 378.000000 0.288550 
0.378039 346.000000 0.264122 
0.373725 357.000000 0.272519 
0.374902 354.000000 0.270229 
0.378431 345.000000 0.263359 
0.370980 364.000000 0.277863 
0.379216 343.000000 0.261832 
0.369020 369.000000 0.281679 
0.370980 364.000000 0.277863 
0.375294 353.000000 0.269466 
0.372549 360.000000 0.274809 
0.369020 369.000000 0.281679 
0.374118 356.000000 0.271756 
0.368627 370.000000 0.282443 
0.375686 352.000000 0.268702 
0.374902 354.000000 0.270229 
0.371765 362.000000 0.276336 
0.368235 371.000000 0.283206 
0.370588 365.000000 0.278626 
0.375294 353.000000 0.269466 
0.369804 367.000000 0.280153 
0.372549 360.000000 0.274809 
0.372157 361.000000 0.275573 
0.374902 354.000000 0.270229 
0.369804 367.000000 0.280153 
0.379216 343.000000 0.261832 
0.369020 369.000000 0.281679 
0.372549 360.000000 0.274809 
0.371373 363.000000 0.277099 
0.369412 368.000000 0.280916 
0.376863 349.000000 0.266412 
0.378431 345.000000 0.263359 
0.378039 346.000000 0.264122 
0.381569 337.000000 0.257252 
0.367451 373.000000 0.284733 
0.367059 374.000000 0.285496 
0.372941 359.000000 0.274046 
0.368235 371.000000 0.283206 
0.370588 365.000000 0.278626 
0.372157 361.000000 0.275573 
0.369804 367.000000 0.280153 
0.371373 363.000000 0.277099 
0.369412 368.000000 0.280916 
0.369412 368.000000 0.280916 
0.363137 384.000000 0.293130 
0.378431 345.000000 0.263359 
0.368627 370.000000 0.282443 
0.363529 383.000000 0.292366 
0.370588 365.000000 0.278626 
0.370588 365.000000 0.278626 
0.376078 351.000000 0.267939 
0.377647 347.000000 0.264885 
0.374510 355.000000 0.270992 
0.375294 353.000000 0.269466 
0.370588 365.000000 0.278626 
0.376078 351.000000 0.267939 
0.370196 366.000000 0.279389 
0.372941 359.000000 0.274046 
0.371765 362.000000 0.276336 
0.374510 355.000000 0.270992 
0.373333 358.000000 0.273282 
0.375294 353.000000 0.269466 
0.375686 352.000000 0.268702 
0.370980 364.000000 0.277863 
0.374510 355.000000 0.270992 
0.381569 337.000000 0.257252 
0.368627 370.000000 0.282443 
0.373333 358.000000 0.273282 
0.362353 386.000000 0.294656 
0.375686 352.000000 0.268702 
0.368627 370.000000 0.282443 
0.375686 352.000000 0.268702 
0.374118 356.000000 0.271756 
0.368627 370.000000 0.282443 
0.379216 343.000000 0.261832 
0.375686 352.000000 0.268702 
0.372941 359.000000 0.274046 
0.367843 372.000000 0.283969 
0.373333 358.000000 0.273282 
0.374902 354.000000 0.270229 
0.364314 381.000000 0.290840 
0.366667 375.000000 0.286260 
0.372941 359.000000 0.274046 
0.377647 347.000000 0.264885 
0.374118 356.000000 0.271756 
0.374902 354.000000 0.270229 
0.374118 356.000000 0.271756 
0.374118 356.000000 0.271756 
0.370980 364.000000 0.277863 
0.375294 353.000000 0.269466 
0.371765 362.000000 0.276336 
0.378039 346.000000 0.264122 
0.369020 369.000000 0.281679 
0.368627 370.000000 0.282443 
0.363529 383.000000 0.292366 
0.369412 368.000000 0.280916 
0.362353 386.000000 0.294656 
0.376471 350.000000 0.267176 
0.369020 369.000000 0.281679 
0.362745 385.000000 0.293893 
0.362745 385.000000 0.293893 
0.373725 357.000000 0.272519 
0.367843 372.000000 0.283969 
0.369020 369.000000 0.281679 
0.373725 357.000000 0.272519 
0.373333 358.000000 0.273282 
0.382745 334.000000 0.254962 
0.371765 362.000000 0.276336 
0.370196 366.000000 0.279389 
0.381569 337.000000 0.257252 
0.366667 375.000000 0.286260 
0.366667 375.000000 0.286260 
0.375686 352.000000 0.268702 
0.377255 348.000000 0.265649 
0.374510 355.000000 0.270992 
0.370980 364.000000 0.277863 
0.370980 364.000000 0.277863 
0.372157 361.000000 0.275573 
0.371765 362.000000 0.276336 
0.372549 360.000000 0.274809 
0.370588 365.000000 0.278626 
0.363137 384.000000 0.293130 
0.363529 383.000000 0.292366 
0.363529 383.000000 0.292366 
0.374118 356.000000 0.271756 
0.385098 328.000000 0.250382 
0.366275 376.000000 0.287023 
0.365882 377.000000 0.287786 
0.378824 344.000000 0.262595 
0.370588 365.000000 0.278626 
0.376078 351.000000 0.267939 
0.373725 357.000000 0.272519 
0.374118 356.000000 0.271756 
0.365882 377.000000 0.287786 
0.375294 353.000000 0.269466 
0.374118 356.000000 0.271756 
0.376863 349.000000 0.266412 
0.369412 368.000000 0.280916 
0.364706 380.000000 0.290076 
0.370588 365.000000 0.278626 
0.372941 359.000000 0.274046 
0.370196 366.000000 0.279389 
0.370980 364.000000 0.277863 
0.367843 372.000000 0.283969 
0.365490 378.000000 0.288550 
0.370196 366.000000 0.279389 
0.364314 381.000000 0.290840 
0.370588 365.000000 0.278626 
0.369020 369.000000 0.281679 
0.375686 352.000000 0.268702 
0.371765 362.000000 0.276336 
0.378431 345.000000 0.263359 
0.373333 358.000000 0.273282 
0.372549 360.000000 0.274809 
0.374118 356.000000 0.271756 
0.371373 363.000000 0.277099 
0.365490 378.000000 0.288550 
0.374902 354.000000 0.270229 
0.369412 368.000000 0.280916 
0.373725 357.000000 0.272519 
0.371765 362.000000 0.276336 
0.370196 366.000000 0.279389 
0.375686 352.000000 0.268702 
0.370196 366.000000 0.279389 
0.368627 370.000000 0.282443 
0.369804 367.000000 0.280153 
0.366275 376.000000 0.287023 
0.373725 357.000000 0.272519 
0.372941 359.000000 0.274046 
0.379216 343.000000 0.261832 
0.369804 367.000000 0.280153 
0.372941 359.000000 0.274046 
0.367059 374.000000 0.285496 
0.374510 355.000000 0.270992 
0.377647 347.000000 0.264885 
0.374118 356.000000 0.271756 
0.379216 343.000000 0.261832 
0.374902 354.000000 0.270229 
0.362353 386.000000 0.294656 
0.376863 349.000000 0.266412 
0.367451 373.000000 0.284733 
0.376863 349.000000 0.266412 
0.370196 366.000000 0.279389 
0.374902 354.000000 0.270229 
0.368235 371.000000 0.283206 
0.373725 357.000000 0.272519 
0.372941 359.000000 0.274046 
0.369412 368.000000 0.280916 
0.371765 362.000000 0.276336 
0.374510 355.000000 0.270992 
0.370196 366.000000 0.279389 
0.371765 362.000000 0.276336 
0.369804 367.000000 0.280153 
0.374510 355.000000 0.270992 
0.367451 373.000000 0.284733 
0.374118 356.000000 0.271756 
0.373725 357.000000 0.272519 
0.373725 357.000000 0.272519 
0.363529 383.000000 0.292366 
0.372941 359.000000 0.274046 
0.380784 339.000000 0.258779 
0.367843 372.000000 0.283969 
0.376471 350.000000 0.267176 
0.377255 348.000000 0.265649 
0.370196 366.000000 0.279389 
0.370588 365.000000 0.278626 
0.374118 356.000000 0.271756 
0.368627 370.000000 0.282443 
0.380784 339.000000 0.258779 
0.366275 376.000000 0.287023 
0.378824 344.000000 0.262595 
0.373725 357.000000 0.272519 
0.374510 355.000000 0.270992 
0.363529 383.000000 0.292366 
0.378431 345.000000 0.263359 
0.367843 372.000000 0.283969 
0.372941 359.000000 0.274046 
0.374510 355.000000 0.270992 
0.372941 359.000000 0.274046 
0.373725 357.000000 0.272519 
0.369412 368.000000 0.280916 
0.363529 383.000000 0.292366 
0.363137 384.000000 0.293130 
0.375686 352.000000 0.268702 
0.372157 361.000000 0.275573 
0.374510 355.000000 0.270992 
0.371765 362.000000 0.276336 
0.367451 373.000000 0.284733 
0.374902 354.000000 0.270229 
0.374902 354.000000 0.270229 
0.373333 358.000000 0.273282 
0.368235 371.000000 0.283206 
0.378824 344.000000 0.262595 
0.367843 372.000000 0.283969 
0.376471 350.000000 0.267176 
0.373725 357.000000 0.272519 
0.377647 347.000000 0.264885 
0.375294 353.000000 0.269466 
0.362353 386.000000 0.294656 
0.378039 346.000000 0.264122 
0.369412 368.000000 0.280916 
0.365882 377.000000 0.287786 
0.377647 347.000000 0.264885 
0.373333 358.000000 0.273282 
0.373725 357.000000 0.272519 
0.374118 356.000000 0.271756 
0.373725 357.000000 0.272519 
0.370588 365.000000 0.278626 
0.373725 357.000000 0.272519 
0.374902 354.000000 0.270229 
0.372549 360.000000 0.274809 
0.372549 360.000000 0.274809 
0.373725 357.000000 0.272519 
0.368627 370.000000 0.282443 
0.363137 384.000000 0.293130 
0.375294 353.000000 0.269466 
0.376078 351.000000 0.267939 
0.366667 375.000000 0.286260 
0.368627 370.000000 0.282443 
0.374510 355.000000 0.270992 
0.373725 357.000000 0.272519 
0.360784 390.000000 0.297710 
0.370980 364.000000 0.277863 
0.372157 361.000000 0.275573 
0.382353 335.000000 0.255725 
0.372157 361.000000 0.275573 
0.367451 373.000000 0.284733 
0.368235 371.000000 0.283206 
0.366667 375.000000 0.286260 
0.367059 374.000000 0.285496 
0.366667 375.000000 0.286260 
0.372549 360.000000 0.274809 
0.376471 350.000000 0.267176 
0.373333 358.000000 0.273282 
0.365098 379.000000 0.289313 
0.375294 353.000000 0.269466 
0.368235 371.000000 0.283206 
0.372941 359.000000 0.274046 
0.372549 360.000000 0.274809 
0.383529 332.000000 0.253435 
0.369412 368.000000 0.280916 
0.371765 362.000000 0.276336 
0.370980 364.000000 0.277863 
0.376078 351.000000 0.267939 
0.376471 350.000000 0.267176 
0.369804 367.000000 0.280153 
0.374118 356.000000 0.271756 
0.373725 357.000000 0.272519 
0.372157 361.000000 0.275573 
0.368235 371.000000 0.283206 
0.370588 365.000000 0.278626 
0.367843 372.000000 0.283969 
0.367059 374.000000 0.285496 
0.365882 377.000000 0.287786 
0.376863 349.000000 0.266412 
0.370980 364.000000 0.277863 
0.368627 370.000000 0.282443 
0.372941 359.000000 0.274046 
0.373333 358.000000 0.273282 
0.379216 343.000000 0.261832 
0.367059 374.000000 0.285496 
0.373333 358.000000 0.273282 
0.372157 361.000000 0.275573 
0.371373 363.000000 0.277099 
0.369804 367.000000 0.280153 
0.374118 356.000000 0.271756 
0.376471 350.000000 0.267176 
0.372157 361.000000 0.275573 
0.376471 350.000000 0.267176 
0.371765 362.000000 0.276336 
0.379608 342.000000 0.261069 
0.369804 367.000000 0.280153 
0.372549 360.000000 0.274809 
0.367451 373.000000 0.284733 
0.373333 358.000000 0.273282 
0.371765 362.000000 0.276336 
0.378431 345.000000 0.263359 
0.369804 367.000000 0.280153 
0.367059 374.000000 0.285496 
0.374510 355.000000 0.270992 
0.374118 356.000000 0.271756 
0.379216 343.000000 0.261832 
0.372941 359.000000 0.274046 
0.369804 367.000000 0.280153 
0.372157 361.000000 0.275573 
0.368627 370.000000 0.282443 
0.378039 346.000000 0.264122 
0.372549 360.000000 0.274809 
0.372941 359.000000 0.274046 
0.376078 351.000000 0.267939 
0.368235 371.000000 0.283206 
0.374118 356.000000 0.271756 
0.370196 366.000000 0.279389 
0.369412 368.000000 0.280916 
0.362745 385.000000 0.293893 
0.368235 371.000000 0.283206 
0.375294 353.000000 0.269466 
0.375294 353.000000 0.269466 
0.362353 386.000000 0.294656 
0.373333 358.000000 0.273282 
0.375294 353.000000 0.269466 
0.367059 374.000000 0.285496 
0.362353 386.000000 0.294656 
0.374118 356.000000 0.271756 
0.369020 369.000000 0.281679 
0.374118 356.000000 0.271756 
0.372157 361.000000 0.275573 
0.370588 365.000000 0.278626 
0.372157 361.000000 0.275573 
0.373333 358.000000 0.273282 
0.372157 361.000000 0.275573 
0.366275 376.000000 0.287023 
0.365098 379.000000 0.289313 
0.364314 381.000000 0.290840 
0.366275 376.000000 0.287023 
0.379216 343.000000 0.261832 
0.371765 362.000000 0.276336 
0.365098 379.000000 0.289313 
0.377255 348.000000 0.265649 
0.365882 377.000000 0.287786 
0.372941 359.000000 0.274046 
0.376471 350.000000 0.267176 
0.370196 366.000000 0.279389 
0.368627 370.000000 0.282443 
0.370196 366.000000 0.279389 
0.366275 376.000000 0.287023 
0.364314 381.000000 0.290840 
0.371765 362.000000 0.276336 
0.369412 368.000000 0.280916 
0.376471 350.000000 0.267176 
0.367059 374.000000 0.285496 
0.376863 349.000000 0.266412 
0.372941 359.000000 0.274046 
0.368627 370.000000 0.282443 
0.381569 337.000000 0.257252 
0.367451 373.000000 0.284733 
0.367451 373.000000 0.284733 
0.370980 364.000000 0.277863 
0.370980 364.000000 0.277863 
0.370196 366.000000 0.279389 
0.367843 372.000000 0.283969 
0.372157 361.000000 0.275573 
0.363922 382.000000 0.291603 
0.375294 353.000000 0.269466 
0.373333 358.000000 0.273282 
0.374118 356.000000 0.271756 
0.370588 365.000000 0.278626 
0.370588 365.000000 0.278626 
0.374118 356.000000 0.271756 
0.374902 354.000000 0.270229 
0.375686 352.000000 0.268702 
0.369412 368.000000 0.280916 
0.364314 381.000000 0.290840 
0.376078 351.000000 0.267939 
0.375294 353.000000 0.269466 
0.372549 360.000000 0.274809 
0.372549 360.000000 0.274809 
0.379216 343.000000 0.261832 
0.369412 368.000000 0.280916 
0.371373 363.000000 0.277099 
0.376078 351.000000 0.267939 
0.369412 368.000000 0.280916 
0.374118 356.000000 0.271756 
0.363137 384.000000 0.293130 
0.368235 371.000000 0.283206 
0.369804 367.000000 0.280153 
0.377255 348.000000 0.265649 
0.369020 369.000000 0.281679 
0.372549 360.000000 0.274809 
0.375294 353.000000 0.269466 
0.369804 367.000000 0.280153 
0.376863 349.000000 0.266412 
0.375294 353.000000 0.269466 
0.376078 351.000000 0.267939 
0.369020 369.000000 0.281679 
0.372941 359.000000 0.274046 
0.378039 346.000000 0.264122 
0.374902 354.000000 0.270229 
0.372549 360.000000 0.274809 
0.374510 355.000000 0.270992 
0.374510 355.000000 0.270992 
0.372549 360.000000 0.274809 
0.371765 362.000000 0.276336 
0.367843 372.000000 0.283969 
0.384314 330.000000 0.251908 
0.376863 349.000000 0.266412 
0.370980 364.000000 0.277863 
0.372941 359.000000 0.274046 
0.377647 347.000000 0.264885 
0.373725 357.000000 0.272519 
0.374118 356.000000 0.271756 
0.367451 373.000000 0.284733 
0.369804 367.000000 0.280153 
0.372549 360.000000 0.274809 
0.364706 380.000000 0.290076 
0.374510 355.000000 0.270992 
0.373333 358.000000 0.273282 
0.369020 369.000000 0.281679 
0.372941 359.000000 0.274046 
0.383529 332.000000 0.253435 
0.366667 375.000000 0.286260 
0.366667 375.000000 0.286260 
0.366275 376.000000 0.287023 
0.372549 360.000000 0.274809 
0.372157 361.000000 0.275573 
0.373333 358.000000 0.273282 
0.371765 362.000000 0.276336 
0.367843 372.000000 0.283969 
0.369804 367.000000 0.280153 
0.370980 364.000000 0.277863 
0.365882 377.000000 0.287786 
0.372157 361.000000 0.275573 
0.373725 357.000000 0.272519 
0.361176 389.000000 0.296947 
0.365098 379.000000 0.289313 
0.379608 342.000000 0.261069 
0.383922 331.000000 0.252672 
0.369412 368.000000 0.280916 
0.372549 360.000000 0.274809 
0.377255 348.000000 0.265649 
0.372157 361.000000 0.275573 
0.369412 368.000000 0.280916 
0.372549 360.000000 0.274809 
0.374118 356.000000 0.271756 
0.369020 369.000000 0.281679 
0.378431 345.000000 0.263359 
0.363137 384.000000 0.293130 
0.370196 366.000000 0.279389 
0.375294 353.000000 0.269466 
0.364706 380.000000 0.290076 
0.379216 343.000000 0.261832 
0.377255 348.000000 0.265649 
0.370980 364.000000 0.277863 
0.370196 366.000000 0.279389 
0.372941 359.000000 0.274046 
0.374510 355.000000 0.270992 
0.363529 383.000000 0.292366 
0.377255 348.000000 0.265649 
0.370588 365.000000 0.278626 
0.367843 372.000000 0.283969 
0.371765 362.000000 0.276336 
0.376863 349.000000 0.266412 
0.375294 353.000000 0.269466 
0.367059 374.000000 0.285496 
0.365490 378.000000 0.288550 
0.365882 377.000000 0.287786 
0.370588 365.000000 0.278626 
0.376471 350.000000 0.267176 
0.370588 365.000000 0.278626 
0.372549 360.000000 0.274809 
0.372157 361.000000 0.275573 
0.371373 363.000000 0.277099 
0.374118 356.000000 0.271756 
0.363529 383.000000 0.292366 
0.364706 380.000000 0.290076 
0.370980 364.000000 0.277863 
0.376078 351.000000 0.267939 
0.372941 359.000000 0.274046 
0.385882 326.000000 0.248855 
0.371373 363.000000 0.277099 
0.378431 345.000000 0.263359 
0.382745 334.000000 0.254962 
0.372941 359.000000 0.274046 
0.367451 373.000000 0.284733 
0.375686 352.000000 0.268702 
0.370196 366.000000 0.279389 
0.372157 361.000000 0.275573 
0.374118 356.000000 0.271756 
0.369804 367.000000 0.280153 
0.377255 348.000000 0.265649 
0.371373 363.000000 0.277099 
0.370588 365.000000 0.278626 
0.374902 354.000000 0.270229 
0.367843 372.000000 0.283969 
0.367843 372.000000 0.283969 
0.371373 363.000000 0.277099 
0.373725 357.000000 0.272519 
0.371765 362.000000 0.276336 
0.374902 354.000000 0.270229 
0.373333 358.000000 0.273282 
0.373333 358.000000 0.273282 
0.371765 362.000000 0.276336 
0.376471 350.000000 0.267176 
0.371765 362.000000 0.276336 
0.369804 367.000000 0.280153 
0.370588 365.000000 0.278626 
0.372549 360.000000 0.274809 
0.373333 358.000000 0.273282 
0.372157 361.000000 0.275573 
0.373725 357.000000 0.272519 
0.366667 375.000000 0.286260 
0.371765 362.000000 0.276336 
0.379216 343.000000 0.261832 
0.368235 371.000000 0.283206 
0.372941 359.000000 0.274046 
0.377647 347.000000 0.264885 
0.369412 368.000000 0.280916 
0.374118 356.000000 0.271756 
0.367843 372.000000 0.283969 
0.378039 346.000000 0.264122 
0.368235 371.000000 0.283206 
0.367451 373.000000 0.284733 
0.376078 351.000000 0.267939 
0.374118 356.000000 0.271756 
0.361176 389.000000 0.296947 
0.376863 349.000000 0.266412 
0.367451 373.000000 0.284733 
0.380392 340.000000 0.259542 
0.378824 344.000000 0.262595 
0.373333 358.000000 0.273282 
0.376078 351.000000 0.267939 
0.376471 350.000000 0.267176 
0.376863 349.000000 0.266412 
0.369412 368.000000 0.280916 
0.367451 373.000000 0.284733 
0.379216 343.000000 0.261832 
0.373725 357.000000 0.272519 
0.369412 368.000000 0.280916 
0.372549 360.000000 0.274809 
0.369412 368.000000 0.280916 
0.369804 367.000000 0.280153 
0.375294 353.000000 0.269466 
0.370588 365.000000 0.278626 
0.367059 374.000000 0.285496 
0.372157 361.000000 0.275573 
0.371765 362.000000 0.276336 
0.368235 371.000000 0.283206 
0.379608 342.000000 0.261069 
0.372549 360.000000 0.274809 
0.373725 357.000000 0.272519 
0.370588 365.000000 0.278626 
0.376471 350.000000 0.267176 
0.365098 379.000000 0.289313 
0.376863 349.000000 0.266412 
0.369020 369.000000 0.281679 
0.372157 361.000000 0.275573 
0.368627 370.000000 0.282443 
0.368627 370.000000 0.282443 
0.370588 365.000000 0.278626 
0.378039 346.000000 0.264122 
0.376863 349.000000 0.266412 
0.367451 373.000000 0.284733 
0.374118 356.000000 0.271756 
0.368627 370.000000 0.282443 
0.376863 349.000000 0.266412 
0.369020 369.000000 0.281679 
0.374902 354.000000 0.270229 
0.370196 366.000000 0.279389 
0.370588 365.000000 0.278626 
0.364706 380.000000 0.290076 
0.370196 366.000000 0.279389 
0.375294 353.000000 0.269466 
0.371765 362.000000 0.276336 
0.375686 352.000000 0.268702 
0.374118 356.000000 0.271756 
0.368235 371.000000 0.283206 
0.374510 355.000000 0.270992 
0.377647 347.000000 0.264885 
0.377647 347.000000 0.264885 
0.378824 344.000000 0.262595 
0.375686 352.000000 0.268702 
0.365490 378.000000 0.288550 
0.370588 365.000000 0.278626 
0.382745 334.000000 0.254962 
0.370980 364.000000 0.277863 
0.382353 335.000000 0.255725 
0.364706 380.000000 0.290076 
0.375686 352.000000 0.268702 
0.373725 357.000000 0.272519 
0.370980 364.000000 0.277863 
0.372549 360.000000 0.274809 
0.366275 376.000000 0.287023 
0.370980 364.000000 0.277863 
0.376863 349.000000 0.266412 
0.370980 364.000000 0.277863 
0.370588 365.000000 0.278626 
0.374902 354.000000 0.270229 
0.369804 367.000000 0.280153 
0.372157 361.000000 0.275573 
0.373725 357.000000 0.272519 
0.370196 366.000000 0.279389 
0.373333 358.000000 0.273282 
0.376078 351.000000 0.267939 
0.372549 360.000000 0.274809 
0.374118 356.000000 0.271756 
0.372549 360.000000 0.274809 
0.375294 353.000000 0.269466 
0.378824 344.000000 0.262595 
0.374118 356.000000 0.271756 
0.370980 364.000000 0.277863 
0.371765 362.000000 0.276336 
0.372157 361.000000 0.275573 
0.376863 349.000000 0.266412 
0.369804 367.000000 0.280153 
0.366667 375.000000 0.286260 
0.373333 358.000000 0.273282 
0.365490 378.000000 0.288550 
0.368235 371.000000 0.283206 
0.370588 365.000000 0.278626 
0.372157 361.000000 0.275573 
0.374510 355.000000 0.270992 
0.380000 341.000000 0.260305 
0.378824 344.000000 0.262595 
0.367059 374.000000 0.285496 
0.376078 351.000000 0.267939 
0.364706 380.000000 0.290076 
0.371765 362.000000 0.276336 
0.369412 368.000000 0.280916 
0.376471 350.000000 0.267176 
0.372941 359.000000 0.274046 
0.372157 361.000000 0.275573 
0.369020 369.000000 0.281679 
0.369020 369.000000 0.281679 
0.377255 348.000000 0.265649 
0.376078 351.000000 0.267939 
0.380000 341.000000 0.260305 
0.373725 357.000000 0.272519 
0.362353 386.000000 0.294656 
0.374118 356.000000 0.271756 
0.374118 356.000000 0.271756 
0.373333 358.000000 0.273282 
0.376471 350.000000 0.267176 
0.377255 348.000000 0.265649 
0.363529 383.000000 0.292366 
0.370196 366.000000 0.279389 
0.369804 367.000000 0.280153 
0.370588 365.000000 0.278626 
0.371373 363.000000 0.277099 
0.375294 353.000000 0.269466 
0.371373 363.000000 0.277099 
0.368627 370.000000 0.282443 
0.374510 355.000000 0.270992 
0.374902 354.000000 0.270229 
0.370196 366.000000 0.279389 
0.372549 360.000000 0.274809 
0.372941 359.000000 0.274046 
0.373333 358.000000 0.273282 
0.370980 364.000000 0.277863 
0.374902 354.000000 0.270229 
0.371373 363.000000 0.277099 
0.373333 358.000000 0.273282 
0.380392 340.000000 0.259542 
0.378039 346.000000 0.264122 
0.370588 365.000000 0.278626 
0.371373 363.000000 0.277099 
0.378039 346.000000 0.264122 
0.369412 368.000000 0.280916 
0.369804 367.000000 0.280153 
0.373333 358.000000 0.273282 
0.374510 355.000000 0.270992 
0.370980 364.000000 0.277863 
0.374510 355.000000 0.270992 
0.378039 346.000000 0.264122 
0.374118 356.000000 0.271756 
0.368627 370.000000 0.282443 
0.370196 366.000000 0.279389 
0.367451 373.000000 0.284733 
0.380784 339.000000 0.258779 
0.372157 361.000000 0.275573 
0.375294 353.000000 0.269466 
0.373725 357.000000 0.272519 
0.374510 355.000000 0.270992 
0.367843 372.000000 0.283969 
0.374902 354.000000 0.270229 
0.372157 361.000000 0.275573 
0.374118 356.000000 0.271756 
0.369412 368.000000 0.280916 
0.372157 361.000000 0.275573 
0.371765 362.000000 0.276336 
0.371765 362.000000 0.276336 
0.373333 358.000000 0.273282 
0.368235 371.000000 0.283206 
0.376078 351.000000 0.267939 
0.365882 377.000000 0.287786 
0.376863 349.000000 0.266412 
0.360392 391.000000 0.298473 
0.370588 365.000000 0.278626 
0.364314 381.000000 0.290840 
0.368235 371.000000 0.283206 
0.369020 369.000000 0.281679 
0.377255 348.000000 0.265649 
0.373725 357.000000 0.272519 
0.369804 367.000000 0.280153 
0.375294 353.000000 0.269466 
0.370588 365.000000 0.278626 
0.362353 386.000000 0.294656 
0.373725 357.000000 0.272519 
0.376078 351.000000 0.267939 
0.374510 355.000000 0.270992 
0.380784 339.000000 0.258779 
0.381176 338.000000 0.258015 
0.376471 350.000000 0.267176 
0.377255 348.000000 0.265649 
0.372549 360.000000 0.274809 
0.369020 369.000000 0.281679 
0.374902 354.000000 0.270229 
0.369020 369.000000 0.281679 
0.378039 346.000000 0.264122 
0.374902 354.000000 0.270229 
0.370588 365.000000 0.278626 
0.372941 359.000000 0.274046 
0.374118 356.000000 0.271756 
0.375294 353.000000 0.269466 
0.374902 354.000000 0.270229 
0.365882 377.000000 0.287786 
0.367451 373.000000 0.284733 
0.370196 366.000000 0.279389 
0.368235 371.000000 0.283206 
0.369804 367.000000 0.280153 
0.369804 367.000000 0.280153 
0.364706 380.000000 0.290076 
0.374902 354.000000 0.270229 
0.365098 379.000000 0.289313 
0.373725 357.000000 0.272519 
0.367451 373.000000 0.284733 
0.371765 362.000000 0.276336 
0.372157 361.000000 0.275573 
0.378039 346.000000 0.264122 
0.372157 361.000000 0.275573 
0.363529 383.000000 0.292366 
0.377255 348.000000 0.265649 
0.377255 348.000000 0.265649 
0.366275 376.000000 0.287023 
0.371373 363.000000 0.277099 
0.383137 333.000000 0.254198 
0.371373 363.000000 0.277099 
0.371765 362.000000 0.276336 
0.374510 355.000000 0.270992 
0.370588 365.000000 0.278626 
0.371765 362.000000 0.276336 
0.374902 354.000000 0.270229 
0.368627 370.000000 0.282443 
0.374510 355.000000 0.270992 
0.367843 372.000000 0.283969 
0.371765 362.000000 0.276336 
0.369412 368.000000 0.280916 
0.374902 354.000000 0.270229 
0.368627 370.000000 0.282443 
0.377255 348.000000 0.265649 
0.369804 367.000000 0.280153 
0.366275 376.000000 0.287023 
0.372157 361.000000 0.275573 
0.363529 383.000000 0.292366 
0.373333 358.000000 0.273282 
0.371765 362.000000 0.276336 
0.374118 356.000000 0.271756 
0.367451 373.000000 0.284733 
0.370196 366.000000 0.279389 
0.372157 361.000000 0.275573 
0.370588 365.000000 0.278626 
0.367451 373.000000 0.284733 
0.367059 374.000000 0.285496 
0.365490 378.000000 0.288550 
0.375294 353.000000 0.269466 
0.380000 341.000000 0.260305 
0.376078 351.000000 0.267939 
0.376078 351.000000 0.267939 
0.370588 365.000000 0.278626 
0.374118 356.000000 0.271756 
0.372549 360.000000 0.274809 
0.373333 358.000000 0.273282 
0.368235 371.000000 0.283206 
0.373333 358.000000 0.273282 
0.376078 351.000000 0.267939 
0.379608 342.000000 0.261069 
0.372549 360.000000 0.274809 
0.364314 381.000000 0.290840 
0.370196 366.000000 0.279389 
0.370980 364.000000 0.277863 
0.376471 350.000000 0.267176 
0.369804 367.000000 0.280153 
0.372941 359.000000 0.274046 
0.372941 359.000000 0.274046 
0.372157 361.000000 0.275573 
0.365098 379.000000 0.289313 
0.389020 318.000000 0.242748 
0.369020 369.000000 0.281679 
0.374118 356.000000 0.271756 
0.376471 350.000000 0.267176 
0.372157 361.000000 0.275573 
0.370980 364.000000 0.277863 
0.386275 325.000000 0.248092 
0.371373 363.000000 0.277099 
0.369020 369.000000 0.281679 
0.375294 353.000000 0.269466 
0.378039 346.000000 0.264122 
0.367059 374.000000 0.285496 
0.374118 356.000000 0.271756 
0.370980 364.000000 0.277863 
0.376863 349.000000 0.266412 
0.374510 355.000000 0.270992 
0.369804 367.000000 0.280153 
0.372941 359.000000 0.274046 
0.369804 367.000000 0.280153 
0.370980 364.000000 0.277863 
0.370588 365.000000 0.278626 
0.363922 382.000000 0.291603 
0.380000 341.000000 0.260305 
0.367059 374.000000 0.285496 
0.373333 358.000000 0.273282 
0.368627 370.000000 0.282443 
0.372941 359.000000 0.274046 
0.365098 379.000000 0.289313 
0.371373 363.000000 0.277099 
0.372941 359.000000 0.274046 
0.369412 368.000000 0.280916 
0.367451 373.000000 0.284733 
0.377255 348.000000 0.265649 
0.365882 377.000000 0.287786 
0.370588 365.000000 0.278626 
0.361176 389.000000 0.296947 
0.374902 354.000000 0.270229 
0.378039 346.000000 0.264122 
0.370980 364.000000 0.277863 
0.374510 355.000000 0.270992 
0.379216 343.000000 0.261832 
0.374118 356.000000 0.271756 
0.366667 375.000000 0.286260 
0.368627 370.000000 0.282443 
0.372157 361.000000 0.275573 
0.374118 356.000000 0.271756 
0.371765 362.000000 0.276336 
0.369412 368.000000 0.280916 
0.381961 336.000000 0.256489 
0.375686 352.000000 0.268702 
0.366667 375.000000 0.286260 
0.361961 387.000000 0.295420 
0.374510 355.000000 0.270992 
0.367843 372.000000 0.283969 
0.375294 353.000000 0.269466 
0.377255 348.000000 0.265649 
0.367843 372.000000 0.283969 
0.378824 344.000000 0.262595 
0.374510 355.000000 0.270992 
0.369020 369.000000 0.281679 
0.370588 365.000000 0.278626 
0.373333 358.000000 0.273282 
0.372157 361.000000 0.275573 
0.376863 349.000000 0.266412 
0.369804 367.000000 0.280153 
0.369412 368.000000 0.280916 
0.375686 352.000000 0.268702 
0.376863 349.000000 0.266412 
0.368235 371.000000 0.283206 
0.375294 353.000000 0.269466 
0.375294 353.000000 0.269466 
0.376078 351.000000 0.267939 
0.371765 362.000000 0.276336 
0.370980 364.000000 0.277863 
0.370588 365.000000 0.278626 
0.372941 359.000000 0.274046 
0.366275 376.000000 0.287023 
0.380784 339.000000 0.258779 
0.370980 364.000000 0.277863 
0.373725 357.000000 0.272519 
0.370588 365.000000 0.278626 
0.372941 359.000000 0.274046 
0.369412 368.000000 0.280916 
0.365882 377.000000 0.287786 
0.374902 354.000000 0.270229 
0.361176 389.000000 0.296947 
0.365490 378.000000 0.288550 
0.374510 355.000000 0.270992 
0.369020 369.000000 0.281679 
0.374902 354.000000 0.270229 
0.369412 368.000000 0.280916 
0.371765 362.000000 0.276336 
0.383137 333.000000 0.254198 
0.374510 355.000000 0.270992 
0.380000 341.000000 0.260305 
0.368627 370.000000 0.282443 
0.370980 364.000000 0.277863 
0.373725 357.000000 0.272519 
0.370196 366.000000 0.279389 
0.369804 367.000000 0.280153 
0.377255 348.000000 0.265649 
0.367451 373.000000 0.284733 
0.370588 365.000000 0.278626 
0.376471 350.000000 0.267176 
0.379216 343.000000 0.261832 
0.373333 358.000000 0.273282 
0.376471 350.000000 0.267176 
0.370980 364.000000 0.277863 
0.371765 362.000000 0.276336 
0.372157 361.000000 0.275573 
0.367843 372.000000 0.283969 
0.371765 362.000000 0.276336 
0.372549 360.000000 0.274809 
0.378039 346.000000 0.264122 
0.367059 374.000000 0.285496 
0.369020 369.000000 0.281679 
0.369020 369.000000 0.281679 
0.376471 350.000000 0.267176 
0.370980 364.000000 0.277863 
0.376078 351.000000 0.267939 
0.371765 362.000000 0.276336 
0.370980 364.000000 0.277863 
0.370196 366.000000 0.279389 
0.376471 350.000000 0.267176 
0.369020 369.000000 0.281679 
0.368235 371.000000 0.283206 
0.378824 344.000000 0.262595 
0.372549 360.000000 0.274809 
0.370196 366.000000 0.279389 
0.372549 360.000000 0.274809 
0.374902 354.000000 0.270229 
0.369020 369.000000 0.281679 
0.380784 339.000000 0.258779 
0.374118 356.000000 0.271756 
0.378431 345.000000 0.263359 
0.367451 373.000000 0.284733 
0.376471 350.000000 0.267176 
0.373333 358.000000 0.273282 
0.374118 356.000000 0.271756 
0.376078 351.000000 0.267939 
0.371765 362.000000 0.276336 
0.374118 356.000000 0.271756 
0.364706 380.000000 0.290076 
0.377647 347.000000 0.264885 
0.382353 335.000000 0.255725 
0.376078 351.000000 0.267939 
0.372157 361.000000 0.275573 
0.378039 346.000000 0.264122 
0.369804 367.000000 0.280153 
0.374510 355.000000 0.270992 
0.372157 361.000000 0.275573 
0.375686 352.000000 0.268702 
0.373333 358.000000 0.273282 
0.374118 356.000000 0.271756 
0.363922 382.000000 0.291603 
0.374118 356.000000 0.271756 
0.376863 349.000000 0.266412 
0.370196 366.000000 0.279389 
0.374902 354.000000 0.270229 
0.376863 349.000000 0.266412 
0.371373 363.000000 0.277099 
0.369020 369.000000 0.281679 
0.372157 361.000000 0.275573 
0.369804 367.000000 0.280153 
0.375686 352.000000 0.268702 
0.371765 362.000000 0.276336 
0.367451 373.000000 0.284733 
0.371765 362.000000 0.276336 
0.379216 343.000000 0.261832 
0.374118 356.000000 0.271756 
0.367843 372.000000 0.283969 
0.370588 365.000000 0.278626 
0.375686 352.000000 0.268702 
0.370196 366.000000 0.279389 
0.371765 362.000000 0.276336 
0.374902 354.000000 0.270229 
