0.581961 386.000000 0.206417 
0.585882 376.000000 0.201070 
0.581569 387.000000 0.206952 
0.583137 383.000000 0.204813 
0.589020 368.000000 0.196791 
0.583529 382.000000 0.204278 
0.581569 387.000000 0.206952 
0.585882 376.000000 0.201070 
0.586275 375.000000 0.200535 
0.587451 372.000000 0.198930 
0.585882 376.000000 0.201070 
0.583137 383.000000 0.204813 
0.583529 382.000000 0.204278 
0.585882 376.000000 0.201070 
0.585882 376.000000 0.201070 
0.592941 358.000000 0.191444 
0.585098 378.000000 0.202139 
0.591373 362.000000 0.193583 
0.587843 371.000000 0.198396 
0.588235 370.000000 0.197861 
0.584314 380.000000 0.203209 
0.590196 365.000000 0.195187 
0.584706 379.000000 0.202674 
0.583529 382.000000 0.204278 
0.585882 376.000000 0.201070 
0.583529 382.000000 0.204278 
0.579608 392.000000 0.209626 
0.583529 382.000000 0.204278 
0.585098 378.000000 0.202139 
0.581176 388.000000 0.207487 
0.584314 380.000000 0.203209 
0.591373 362.000000 0.193583 
0.585882 376.000000 0.201070 
0.583922 381.000000 0.203743 
0.579216 393.000000 0.210160 
0.592941 358.000000 0.191444 
0.587451 372.000000 0.198930 
0.585882 376.000000 0.201070 
0.587843 371.000000 0.198396 
0.591765 361.000000 0.193048 
0.579608 392.000000 0.209626 
0.581176 388.000000 0.207487 
0.585098 378.000000 0.202139 
0.585882 376.000000 0.201070 
0.584706 379.000000 0.202674 
0.582745 384.000000 0.205348 
0.578824 394.000000 0.210695 
0.589020 368.000000 0.196791 
0.578431 395.000000 0.211230 
0.586275 375.000000 0.200535 
0.586275 375.000000 0.200535 
0.585882 376.000000 0.201070 
0.581961 386.000000 0.206417 
0.589020 368.000000 0.196791 
0.585490 377.000000 0.201604 
0.587451 372.000000 0.198930 
0.583529 382.000000 0.204278 
0.594118 355.000000 0.189840 
0.589020 368.000000 0.196791 
0.591373 362.000000 0.193583 
0.582353 385.000000 0.205882 
0.586667 374.000000 0.200000 
0.583922 381.000000 0.203743 
0.581569 387.000000 0.206952 
0.581961 386.000000 0.206417 
0.583529 382.000000 0.204278 
0.584706 379.000000 0.202674 
0.585490 377.000000 0.201604 
0.585490 377.000000 0.201604 
0.590980 363.000000 0.194118 
0.592941 358.000000 0.191444 
0.593333 357.000000 0.190909 
0.581961 386.000000 0.206417 
0.581176 388.000000 0.207487 
0.584706 379.000000 0.202674 
0.589804 366.000000 0.195722 
0.592549 359.000000 0.191979 
0.587451 372.000000 0.198930 
0.581569 387.000000 0.206952 
0.590196 365.000000 0.195187 
0.590196 365.000000 0.195187 
0.591765 361.000000 0.193048 
0.591373 362.000000 0.193583 
0.593725 356.000000 0.190374 
0.587843 371.000000 0.198396 
0.590196 365.000000 0.195187 
0.580000 391.000000 0.209091 
0.583137 383.000000 0.204813 
0.588235 370.000000 0.197861 
0.592549 359.000000 0.191979 
0.589020 368.000000 0.196791 
0.585882 376.000000 0.201070 
0.589412 367.000000 0.196257 
0.580000 391.000000 0.209091 
0.583529 382.000000 0.204278 
0.583529 382.000000 0.204278 
0.596471 349.000000 0.186631 
0.590196 365.000000 0.195187 
0.587451 372.000000 0.198930 
0.587059 373.000000 0.199465 
0.585098 378.000000 0.202139 
0.592549 359.000000 0.191979 
0.577647 397.000000 0.212299 
0.582353 385.000000 0.205882 
0.588627 369.000000 0.197326 
0.589020 368.000000 0.196791 
0.586667 374.000000 0.200000 
0.589412 367.000000 0.196257 
0.584314 380.000000 0.203209 
0.587451 372.000000 0.198930 
0.589804 366.000000 0.195722 
0.587451 372.000000 0.198930 
0.588235 370.000000 0.197861 
0.586275 375.000000 0.200535 
0.588235 370.000000 0.197861 
0.586275 375.000000 0.200535 
0.580000 391.000000 0.209091 
0.584314 380.000000 0.203209 
0.582745 384.000000 0.205348 
0.596078 350.000000 0.187166 
0.589804 366.000000 0.195722 
0.586667 374.000000 0.200000 
0.582353 385.000000 0.205882 
0.586275 375.000000 0.200535 
0.589804 366.000000 0.195722 
0.585098 378.000000 0.202139 
0.586667 374.000000 0.200000 
0.590980 363.000000 0.194118 
0.587451 372.000000 0.198930 
0.581569 387.000000 0.206952 
0.584314 380.000000 0.203209 
0.586667 374.000000 0.200000 
0.585490 377.000000 0.201604 
0.585490 377.000000 0.201604 
0.579216 393.000000 0.210160 
0.587843 371.000000 0.198396 
0.585490 377.000000 0.201604 
0.583529 382.000000 0.204278 
0.582745 384.000000 0.205348 
0.587059 373.000000 0.199465 
0.586275 375.000000 0.200535 
0.586667 374.000000 0.200000 
0.583922 381.000000 0.203743 
0.591765 361.000000 0.193048 
0.586275 375.000000 0.200535 
0.583922 381.000000 0.203743 
0.583922 381.000000 0.203743 
0.585882 376.000000 0.201070 
0.584706 379.000000 0.202674 
0.580000 391.000000 0.209091 
0.586275 375.000000 0.200535 
0.584314 380.000000 0.203209 
0.583137 383.000000 0.204813 
0.586275 375.000000 0.200535 
0.590196 365.000000 0.195187 
0.581961 386.000000 0.206417 
0.589020 368.000000 0.196791 
0.588627 369.000000 0.197326 
0.584314 380.000000 0.203209 
0.580392 390.000000 0.208556 
0.578824 394.000000 0.210695 
0.587451 372.000000 0.198930 
0.585882 376.000000 0.201070 
0.592157 360.000000 0.192513 
0.591765 361.000000 0.193048 
0.586275 375.000000 0.200535 
0.590588 364.000000 0.194652 
0.589020 368.000000 0.196791 
0.582353 385.000000 0.205882 
0.589804 366.000000 0.195722 
0.585490 377.000000 0.201604 
0.587059 373.000000 0.199465 
0.584314 380.000000 0.203209 
0.590980 363.000000 0.194118 
0.587451 372.000000 0.198930 
0.587059 373.000000 0.199465 
0.583137 383.000000 0.204813 
0.587059 373.000000 0.199465 
0.585490 377.000000 0.201604 
0.587843 371.000000 0.198396 
0.581569 387.000000 0.206952 
0.580784 389.000000 0.208021 
0.585882 376.000000 0.201070 
0.590588 364.000000 0.194652 
0.583137 383.000000 0.204813 
0.584314 380.000000 0.203209 
0.587843 371.000000 0.198396 
0.585098 378.000000 0.202139 
0.587059 373.000000 0.199465 
0.589020 368.000000 0.196791 
0.590588 364.000000 0.194652 
0.580392 390.000000 0.208556 
0.586275 375.000000 0.200535 
0.586667 374.000000 0.200000 
0.579608 392.000000 0.209626 
0.584314 380.000000 0.203209 
0.585882 376.000000 0.201070 
0.587451 372.000000 0.198930 
0.588627 369.000000 0.197326 
0.585882 376.000000 0.201070 
0.584314 380.000000 0.203209 
0.584706 379.000000 0.202674 
0.585490 377.000000 0.201604 
0.587059 373.000000 0.199465 
0.590980 363.000000 0.194118 
0.587451 372.000000 0.198930 
0.592157 360.000000 0.192513 
0.582745 384.000000 0.205348 
0.587451 372.000000 0.198930 
0.584314 380.000000 0.203209 
0.585882 376.000000 0.201070 
0.589020 368.000000 0.196791 
0.583529 382.000000 0.204278 
0.577255 398.000000 0.212834 
0.584706 379.000000 0.202674 
0.583137 383.000000 0.204813 
0.587059 373.000000 0.199465 
0.580392 390.000000 0.208556 
0.587843 371.000000 0.198396 
0.584706 379.000000 0.202674 
0.587843 371.000000 0.198396 
0.583529 382.000000 0.204278 
0.585098 378.000000 0.202139 
0.591765 361.000000 0.193048 
0.585882 376.000000 0.201070 
0.587843 371.000000 0.198396 
0.587843 371.000000 0.198396 
0.587059 373.000000 0.199465 
0.582353 385.000000 0.205882 
0.590980 363.000000 0.194118 
0.590980 363.000000 0.194118 
0.588235 370.000000 0.197861 
0.592157 360.000000 0.192513 
0.587059 373.000000 0.199465 
0.584706 379.000000 0.202674 
0.581961 386.000000 0.206417 
0.584314 380.000000 0.203209 
0.584314 380.000000 0.203209 
0.588627 369.000000 0.197326 
0.592549 359.000000 0.191979 
0.583137 383.000000 0.204813 
0.585490 377.000000 0.201604 
0.587059 373.000000 0.199465 
0.592157 360.000000 0.192513 
0.586667 374.000000 0.200000 
0.585490 377.000000 0.201604 
0.592549 359.000000 0.191979 
0.582745 384.000000 0.205348 
0.586275 375.000000 0.200535 
0.588627 369.000000 0.197326 
0.590980 363.000000 0.194118 
0.584706 379.000000 0.202674 
0.587451 372.000000 0.198930 
0.582353 385.000000 0.205882 
0.583137 383.000000 0.204813 
0.595294 352.000000 0.188235 
0.583137 383.000000 0.204813 
0.590588 364.000000 0.194652 
0.586667 374.000000 0.200000 
0.592941 358.000000 0.191444 
0.582353 385.000000 0.205882 
0.583137 383.000000 0.204813 
0.582745 384.000000 0.205348 
0.585098 378.000000 0.202139 
0.585490 377.000000 0.201604 
0.589412 367.000000 0.196257 
0.590980 363.000000 0.194118 
0.582745 384.000000 0.205348 
0.591765 361.000000 0.193048 
0.587059 373.000000 0.199465 
0.584706 379.000000 0.202674 
0.573725 407.000000 0.217647 
0.586667 374.000000 0.200000 
0.591765 361.000000 0.193048 
0.590588 364.000000 0.194652 
0.582745 384.000000 0.205348 
0.585098 378.000000 0.202139 
0.585490 377.000000 0.201604 
0.586667 374.000000 0.200000 
0.587059 373.000000 0.199465 
0.590588 364.000000 0.194652 
0.582353 385.000000 0.205882 
0.589020 368.000000 0.196791 
0.592549 359.000000 0.191979 
0.583922 381.000000 0.203743 
0.596471 349.000000 0.186631 
0.586667 374.000000 0.200000 
0.591373 362.000000 0.193583 
0.589412 367.000000 0.196257 
0.586667 374.000000 0.200000 
0.584706 379.000000 0.202674 
0.584706 379.000000 0.202674 
0.594902 353.000000 0.188770 
0.583137 383.000000 0.204813 
0.592549 359.000000 0.191979 
0.588627 369.000000 0.197326 
0.589020 368.000000 0.196791 
0.587843 371.000000 0.198396 
0.591765 361.000000 0.193048 
0.585490 377.000000 0.201604 
0.588235 370.000000 0.197861 
0.588235 370.000000 0.197861 
0.587843 371.000000 0.198396 
0.586275 375.000000 0.200535 
0.592941 358.000000 0.191444 
0.590196 365.000000 0.195187 
0.584314 380.000000 0.203209 
0.587059 373.000000 0.199465 
0.590588 364.000000 0.194652 
0.581176 388.000000 0.207487 
0.585882 376.000000 0.201070 
0.591765 361.000000 0.193048 
0.589020 368.000000 0.196791 
0.585490 377.000000 0.201604 
0.585882 376.000000 0.201070 
0.585490 377.000000 0.201604 
0.584706 379.000000 0.202674 
0.587843 371.000000 0.198396 
0.586667 374.000000 0.200000 
0.589804 366.000000 0.195722 
0.582745 384.000000 0.205348 
0.589804 366.000000 0.195722 
0.585490 377.000000 0.201604 
0.583529 382.000000 0.204278 
0.584706 379.000000 0.202674 
0.585882 376.000000 0.201070 
0.584314 380.000000 0.203209 
0.583922 381.000000 0.203743 
0.587451 372.000000 0.198930 
0.584314 380.000000 0.203209 
0.592941 358.000000 0.191444 
0.586667 374.000000 0.200000 
0.590980 363.000000 0.194118 
0.593333 357.000000 0.190909 
0.583137 383.000000 0.204813 
0.588627 369.000000 0.197326 
0.585882 376.000000 0.201070 
0.591765 361.000000 0.193048 
0.583922 381.000000 0.203743 
0.578824 394.000000 0.210695 
0.588235 370.000000 0.197861 
0.592549 359.000000 0.191979 
0.582353 385.000000 0.205882 
0.583529 382.000000 0.204278 
0.590196 365.000000 0.195187 
0.590196 365.000000 0.195187 
0.588627 369.000000 0.197326 
0.590980 363.000000 0.194118 
0.579216 393.000000 0.210160 
0.588235 370.000000 0.197861 
0.587451 372.000000 0.198930 
0.590588 364.000000 0.194652 
0.583137 383.000000 0.204813 
0.588235 370.000000 0.197861 
0.588235 370.000000 0.197861 
0.586275 375.000000 0.200535 
0.589412 367.000000 0.196257 
0.588627 369.000000 0.197326 
0.588235 370.000000 0.197861 
0.584706 379.000000 0.202674 
0.586275 375.000000 0.200535 
0.583529 382.000000 0.204278 
0.585490 377.000000 0.201604 
0.584706 379.000000 0.202674 
0.587059 373.000000 0.199465 
0.588235 370.000000 0.197861 
0.580392 390.000000 0.208556 
0.592941 358.000000 0.191444 
0.583529 382.000000 0.204278 
0.587451 372.000000 0.198930 
0.585490 377.000000 0.201604 
0.584706 379.000000 0.202674 
0.585882 376.000000 0.201070 
0.587059 373.000000 0.199465 
0.581569 387.000000 0.206952 
0.590980 363.000000 0.194118 
0.585490 377.000000 0.201604 
0.584314 380.000000 0.203209 
0.585490 377.000000 0.201604 
0.587451 372.000000 0.198930 
0.582745 384.000000 0.205348 
0.588235 370.000000 0.197861 
0.579608 392.000000 0.209626 
0.585490 377.000000 0.201604 
0.587059 373.000000 0.199465 
0.590980 363.000000 0.194118 
0.585490 377.000000 0.201604 
0.585490 377.000000 0.201604 
0.588627 369.000000 0.197326 
0.587451 372.000000 0.198930 
0.586667 374.000000 0.200000 
0.587451 372.000000 0.198930 
0.582353 385.000000 0.205882 
0.590588 364.000000 0.194652 
0.590196 365.000000 0.195187 
0.584314 380.000000 0.203209 
0.584706 379.000000 0.202674 
0.589020 368.000000 0.196791 
0.583137 383.000000 0.204813 
0.586667 374.000000 0.200000 
0.580000 391.000000 0.209091 
0.586667 374.000000 0.200000 
0.581176 388.000000 0.207487 
0.588235 370.000000 0.197861 
0.585098 378.000000 0.202139 
0.587059 373.000000 0.199465 
0.586275 375.000000 0.200535 
0.580784 389.000000 0.208021 
0.583922 381.000000 0.203743 
0.589412 367.000000 0.196257 
0.595294 352.000000 0.188235 
0.581961 386.000000 0.206417 
0.583529 382.000000 0.204278 
0.583529 382.000000 0.204278 
0.583922 381.000000 0.203743 
0.581569 387.000000 0.206952 
0.589020 368.000000 0.196791 
0.579608 392.000000 0.209626 
0.584706 379.000000 0.202674 
0.578431 395.000000 0.211230 
0.591765 361.000000 0.193048 
0.583529 382.000000 0.204278 
0.589804 366.000000 0.195722 
0.585098 378.000000 0.202139 
0.587451 372.000000 0.198930 
0.585098 378.000000 0.202139 
0.583137 383.000000 0.204813 
0.586667 374.000000 0.200000 
0.589412 367.000000 0.196257 
0.588235 370.000000 0.197861 
0.590196 365.000000 0.195187 
0.588235 370.000000 0.197861 
0.588627 369.000000 0.197326 
0.583922 381.000000 0.203743 
0.587451 372.000000 0.198930 
0.585882 376.000000 0.201070 
0.583922 381.000000 0.203743 
0.589412 367.000000 0.196257 
0.585490 377.000000 0.201604 
0.587059 373.000000 0.199465 
0.582353 385.000000 0.205882 
0.585098 378.000000 0.202139 
0.585490 377.000000 0.201604 
0.584706 379.000000 0.202674 
0.582353 385.000000 0.205882 
0.584706 379.000000 0.202674 
0.592157 360.000000 0.192513 
0.592941 358.000000 0.191444 
0.582353 385.000000 0.205882 
0.581176 388.000000 0.207487 
0.587843 371.000000 0.198396 
0.590980 363.000000 0.194118 
0.593333 357.000000 0.190909 
0.591765 361.000000 0.193048 
0.578039 396.000000 0.211765 
0.585490 377.000000 0.201604 
0.587451 372.000000 0.198930 
0.587843 371.000000 0.198396 
0.584314 380.000000 0.203209 
0.585098 378.000000 0.202139 
0.592157 360.000000 0.192513 
0.589804 366.000000 0.195722 
0.593333 357.000000 0.190909 
0.587059 373.000000 0.199465 
0.583529 382.000000 0.204278 
0.587843 371.000000 0.198396 
0.585882 376.000000 0.201070 
0.586275 375.000000 0.200535 
0.584706 379.000000 0.202674 
0.589020 368.000000 0.196791 
0.583137 383.000000 0.204813 
0.584706 379.000000 0.202674 
0.589412 367.000000 0.196257 
0.580000 391.000000 0.209091 
0.588235 370.000000 0.197861 
0.582745 384.000000 0.205348 
0.582745 384.000000 0.205348 
0.596078 350.000000 0.187166 
0.592549 359.000000 0.191979 
0.579216 393.000000 0.210160 
0.583529 382.000000 0.204278 
0.585490 377.000000 0.201604 
0.587843 371.000000 0.198396 
0.583529 382.000000 0.204278 
0.594118 355.000000 0.189840 
0.582353 385.000000 0.205882 
0.580000 391.000000 0.209091 
0.587843 371.000000 0.198396 
0.588627 369.000000 0.197326 
0.583137 383.000000 0.204813 
0.585882 376.000000 0.201070 
0.587843 371.000000 0.198396 
0.587843 371.000000 0.198396 
0.588627 369.000000 0.197326 
0.585882 376.000000 0.201070 
0.583922 381.000000 0.203743 
0.581961 386.000000 0.206417 
0.581176 388.000000 0.207487 
0.581569 387.000000 0.206952 
0.585098 378.000000 0.202139 
0.585490 377.000000 0.201604 
0.580392 390.000000 0.208556 
0.583137 383.000000 0.204813 
0.591765 361.000000 0.193048 
0.582353 385.000000 0.205882 
0.582745 384.000000 0.205348 
0.586667 374.000000 0.200000 
0.585098 378.000000 0.202139 
0.588235 370.000000 0.197861 
0.586667 374.000000 0.200000 
0.584706 379.000000 0.202674 
0.590588 364.000000 0.194652 
0.585098 378.000000 0.202139 
0.582353 385.000000 0.205882 
0.590980 363.000000 0.194118 
0.583922 381.000000 0.203743 
0.585882 376.000000 0.201070 
0.584314 380.000000 0.203209 
0.596078 350.000000 0.187166 
0.581961 386.000000 0.206417 
0.584706 379.000000 0.202674 
0.582745 384.000000 0.205348 
0.585882 376.000000 0.201070 
0.588235 370.000000 0.197861 
0.585490 377.000000 0.201604 
0.586667 374.000000 0.200000 
0.590196 365.000000 0.195187 
0.586667 374.000000 0.200000 
0.582353 385.000000 0.205882 
0.580392 390.000000 0.208556 
0.590196 365.000000 0.195187 
0.592157 360.000000 0.192513 
0.594510 354.000000 0.189305 
0.589804 366.000000 0.195722 
0.591765 361.000000 0.193048 
0.588627 369.000000 0.197326 
0.585882 376.000000 0.201070 
0.589020 368.000000 0.196791 
0.587451 372.000000 0.198930 
0.586667 374.000000 0.200000 
0.592157 360.000000 0.192513 
0.587451 372.000000 0.198930 
0.593333 357.000000 0.190909 
0.587451 372.000000 0.198930 
0.589020 368.000000 0.196791 
0.592941 358.000000 0.191444 
0.589412 367.000000 0.196257 
0.582353 385.000000 0.205882 
0.589020 368.000000 0.196791 
0.585098 378.000000 0.202139 
0.589412 367.000000 0.196257 
0.583137 383.000000 0.204813 
0.588235 370.000000 0.197861 
0.585490 377.000000 0.201604 
0.592549 359.000000 0.191979 
0.582745 384.000000 0.205348 
0.581176 388.000000 0.207487 
0.587451 372.000000 0.198930 
0.585098 378.000000 0.202139 
0.590196 365.000000 0.195187 
0.587451 372.000000 0.198930 
0.588235 370.000000 0.197861 
0.589804 366.000000 0.195722 
0.586275 375.000000 0.200535 
0.589020 368.000000 0.196791 
0.587843 371.000000 0.198396 
0.579216 393.000000 0.210160 
0.585882 376.000000 0.201070 
0.586275 375.000000 0.200535 
0.589412 367.000000 0.196257 
0.594510 354.000000 0.189305 
0.585882 376.000000 0.201070 
0.585098 378.000000 0.202139 
0.592941 358.000000 0.191444 
0.588627 369.000000 0.197326 
0.582353 385.000000 0.205882 
0.591373 362.000000 0.193583 
0.589412 367.000000 0.196257 
0.581961 386.000000 0.206417 
0.583529 382.000000 0.204278 
0.585882 376.000000 0.201070 
0.583137 383.000000 0.204813 
0.590588 364.000000 0.194652 
0.585882 376.000000 0.201070 
0.587059 373.000000 0.199465 
0.589020 368.000000 0.196791 
0.585098 378.000000 0.202139 
0.587843 371.000000 0.198396 
0.589412 367.000000 0.196257 
0.587059 373.000000 0.199465 
0.581176 388.000000 0.207487 
0.588627 369.000000 0.197326 
0.587451 372.000000 0.198930 
0.582745 384.000000 0.205348 
0.585098 378.000000 0.202139 
0.584706 379.000000 0.202674 
0.585490 377.000000 0.201604 
0.590196 365.000000 0.195187 
0.586275 375.000000 0.200535 
0.584706 379.000000 0.202674 
0.580784 389.000000 0.208021 
0.583137 383.000000 0.204813 
0.589020 368.000000 0.196791 
0.590588 364.000000 0.194652 
0.595686 351.000000 0.187701 
0.580784 389.000000 0.208021 
0.587059 373.000000 0.199465 
0.583137 383.000000 0.204813 
0.597255 347.000000 0.185561 
0.586275 375.000000 0.200535 
0.588235 370.000000 0.197861 
0.587451 372.000000 0.198930 
0.584314 380.000000 0.203209 
0.587059 373.000000 0.199465 
0.586275 375.000000 0.200535 
0.577647 397.000000 0.212299 
0.587451 372.000000 0.198930 
0.588627 369.000000 0.197326 
0.593333 357.000000 0.190909 
0.582745 384.000000 0.205348 
0.586667 374.000000 0.200000 
0.587843 371.000000 0.198396 
0.592157 360.000000 0.192513 
0.589804 366.000000 0.195722 
0.582745 384.000000 0.205348 
0.581961 386.000000 0.206417 
0.584706 379.000000 0.202674 
0.588627 369.000000 0.197326 
0.590980 363.000000 0.194118 
0.591765 361.000000 0.193048 
0.581176 388.000000 0.207487 
0.581961 386.000000 0.206417 
0.585490 377.000000 0.201604 
0.585098 378.000000 0.202139 
0.578431 395.000000 0.211230 
0.587059 373.000000 0.199465 
0.582353 385.000000 0.205882 
0.592941 358.000000 0.191444 
0.580000 391.000000 0.209091 
0.586667 374.000000 0.200000 
0.589412 367.000000 0.196257 
0.592941 358.000000 0.191444 
0.586275 375.000000 0.200535 
0.584706 379.000000 0.202674 
0.587843 371.000000 0.198396 
0.590196 365.000000 0.195187 
0.583922 381.000000 0.203743 
0.581569 387.000000 0.206952 
0.588235 370.000000 0.197861 
0.589020 368.000000 0.196791 
0.585490 377.000000 0.201604 
0.584706 379.000000 0.202674 
0.593725 356.000000 0.190374 
0.587059 373.000000 0.199465 
0.586275 375.000000 0.200535 
0.583137 383.000000 0.204813 
0.589020 368.000000 0.196791 
0.587059 373.000000 0.199465 
0.586275 375.000000 0.200535 
0.589804 366.000000 0.195722 
0.581569 387.000000 0.206952 
0.589412 367.000000 0.196257 
0.582353 385.000000 0.205882 
0.587059 373.000000 0.199465 
0.587451 372.000000 0.198930 
0.587843 371.000000 0.198396 
0.582745 384.000000 0.205348 
0.587451 372.000000 0.198930 
0.587059 373.000000 0.199465 
0.592157 360.000000 0.192513 
0.584706 379.000000 0.202674 
0.587059 373.000000 0.199465 
0.587451 372.000000 0.198930 
0.583137 383.000000 0.204813 
0.581569 387.000000 0.206952 
0.589804 366.000000 0.195722 
0.585490 377.000000 0.201604 
0.583529 382.000000 0.204278 
0.589412 367.000000 0.196257 
0.591765 361.000000 0.193048 
0.583922 381.000000 0.203743 
0.578431 395.000000 0.211230 
0.591373 362.000000 0.193583 
0.587843 371.000000 0.198396 
0.583137 383.000000 0.204813 
0.588235 370.000000 0.197861 
0.588235 370.000000 0.197861 
0.581961 386.000000 0.206417 
0.588235 370.000000 0.197861 
0.582745 384.000000 0.205348 
0.586275 375.000000 0.200535 
0.587059 373.000000 0.199465 
0.587451 372.000000 0.198930 
0.585490 377.000000 0.201604 
0.587059 373.000000 0.199465 
0.587451 372.000000 0.198930 
0.585098 378.000000 0.202139 
0.588627 369.000000 0.197326 
0.591765 361.000000 0.193048 
0.586667 374.000000 0.200000 
0.586667 374.000000 0.200000 
0.589804 366.000000 0.195722 
0.577255 398.000000 0.212834 
0.578824 394.000000 0.210695 
0.583922 381.000000 0.203743 
0.574902 404.000000 0.216043 
0.586275 375.000000 0.200535 
0.586275 375.000000 0.200535 
0.592549 359.000000 0.191979 
0.589412 367.000000 0.196257 
0.591373 362.000000 0.193583 
0.583137 383.000000 0.204813 
0.588627 369.000000 0.197326 
0.585882 376.000000 0.201070 
0.590980 363.000000 0.194118 
0.581961 386.000000 0.206417 
0.585882 376.000000 0.201070 
0.590588 364.000000 0.194652 
0.583922 381.000000 0.203743 
0.592941 358.000000 0.191444 
0.587843 371.000000 0.198396 
0.586275 375.000000 0.200535 
0.588235 370.000000 0.197861 
0.585882 376.000000 0.201070 
0.587059 373.000000 0.199465 
0.587843 371.000000 0.198396 
0.583137 383.000000 0.204813 
0.583529 382.000000 0.204278 
0.589412 367.000000 0.196257 
0.587451 372.000000 0.198930 
0.583529 382.000000 0.204278 
0.585490 377.000000 0.201604 
0.594118 355.000000 0.189840 
0.589020 368.000000 0.196791 
0.587451 372.000000 0.198930 
0.585098 378.000000 0.202139 
0.590588 364.000000 0.194652 
0.592549 359.000000 0.191979 
0.590196 365.000000 0.195187 
0.584706 379.000000 0.202674 
0.583922 381.000000 0.203743 
0.581569 387.000000 0.206952 
0.584314 380.000000 0.203209 
0.590588 364.000000 0.194652 
0.583529 382.000000 0.204278 
0.584706 379.000000 0.202674 
0.586275 375.000000 0.200535 
0.582353 385.000000 0.205882 
0.590980 363.000000 0.194118 
0.585490 377.000000 0.201604 
0.586275 375.000000 0.200535 
0.590196 365.000000 0.195187 
0.583137 383.000000 0.204813 
0.589020 368.000000 0.196791 
0.585882 376.000000 0.201070 
0.584314 380.000000 0.203209 
0.587843 371.000000 0.198396 
0.585882 376.000000 0.201070 
0.586667 374.000000 0.200000 
0.588235 370.000000 0.197861 
0.591373 362.000000 0.193583 
0.587059 373.000000 0.199465 
0.586667 374.000000 0.200000 
0.583137 383.000000 0.204813 
0.591373 362.000000 0.193583 
0.581961 386.000000 0.206417 
0.583922 381.000000 0.203743 
0.588235 370.000000 0.197861 
0.586275 375.000000 0.200535 
0.585490 377.000000 0.201604 
0.588235 370.000000 0.197861 
0.589020 368.000000 0.196791 
0.591765 361.000000 0.193048 
0.577255 398.000000 0.212834 
0.583529 382.000000 0.204278 
0.585098 378.000000 0.202139 
0.587059 373.000000 0.199465 
0.590196 365.000000 0.195187 
0.578039 396.000000 0.211765 
0.587843 371.000000 0.198396 
0.581176 388.000000 0.207487 
0.591373 362.000000 0.193583 
0.590196 365.000000 0.195187 
0.589020 368.000000 0.196791 
0.590980 363.000000 0.194118 
0.585882 376.000000 0.201070 
0.585490 377.000000 0.201604 
0.583137 383.000000 0.204813 
0.583529 382.000000 0.204278 
0.584706 379.000000 0.202674 
0.589020 368.000000 0.196791 
0.584314 380.000000 0.203209 
0.595686 351.000000 0.187701 
0.586667 374.000000 0.200000 
0.587843 371.000000 0.198396 
0.590196 365.000000 0.195187 
0.589804 366.000000 0.195722 
0.588235 370.000000 0.197861 
0.589412 367.000000 0.196257 
0.586275 375.000000 0.200535 
0.587843 371.000000 0.198396 
0.579608 392.000000 0.209626 
0.578431 395.000000 0.211230 
0.587451 372.000000 0.198930 
0.583529 382.000000 0.204278 
0.585098 378.000000 0.202139 
0.584706 379.000000 0.202674 
0.583137 383.000000 0.204813 
0.582745 384.000000 0.205348 
0.586275 375.000000 0.200535 
0.586667 374.000000 0.200000 
0.583529 382.000000 0.204278 
0.591373 362.000000 0.193583 
0.588627 369.000000 0.197326 
0.587059 373.000000 0.199465 
0.586275 375.000000 0.200535 
0.585490 377.000000 0.201604 
0.587843 371.000000 0.198396 
0.584314 380.000000 0.203209 
0.580392 390.000000 0.208556 
0.592549 359.000000 0.191979 
0.584314 380.000000 0.203209 
0.590588 364.000000 0.194652 
0.583529 382.000000 0.204278 
0.583922 381.000000 0.203743 
0.587451 372.000000 0.198930 
0.585098 378.000000 0.202139 
0.582353 385.000000 0.205882 
0.584314 380.000000 0.203209 
0.591765 361.000000 0.193048 
0.587059 373.000000 0.199465 
0.587059 373.000000 0.199465 
0.583922 381.000000 0.203743 
0.586275 375.000000 0.200535 
0.584706 379.000000 0.202674 
0.587843 371.000000 0.198396 
0.584706 379.000000 0.202674 
0.591373 362.000000 0.193583 
0.584314 380.000000 0.203209 
0.585882 376.000000 0.201070 
0.588627 369.000000 0.197326 
0.592549 359.000000 0.191979 
0.586275 375.000000 0.200535 
0.580784 389.000000 0.208021 
0.585882 376.000000 0.201070 
0.583137 383.000000 0.204813 
0.587059 373.000000 0.199465 
0.585098 378.000000 0.202139 
0.587451 372.000000 0.198930 
0.585490 377.000000 0.201604 
0.584314 380.000000 0.203209 
0.581961 386.000000 0.206417 
0.591373 362.000000 0.193583 
0.581961 386.000000 0.206417 
0.584706 379.000000 0.202674 
0.593333 357.000000 0.190909 
0.581961 386.000000 0.206417 
0.588235 370.000000 0.197861 
0.589804 366.000000 0.195722 
0.586275 375.000000 0.200535 
0.589412 367.000000 0.196257 
0.585098 378.000000 0.202139 
0.592157 360.000000 0.192513 
0.590588 364.000000 0.194652 
0.589020 368.000000 0.196791 
0.586275 375.000000 0.200535 
0.582745 384.000000 0.205348 
0.587451 372.000000 0.198930 
0.587451 372.000000 0.198930 
0.588235 370.000000 0.197861 
0.582353 385.000000 0.205882 
0.581961 386.000000 0.206417 
0.587059 373.000000 0.199465 
0.589804 366.000000 0.195722 
0.585490 377.000000 0.201604 
0.588627 369.000000 0.197326 
0.588627 369.000000 0.197326 
0.589020 368.000000 0.196791 
0.586667 374.000000 0.200000 
0.583529 382.000000 0.204278 
0.582353 385.000000 0.205882 
0.586667 374.000000 0.200000 
0.588235 370.000000 0.197861 
0.592549 359.000000 0.191979 
0.583529 382.000000 0.204278 
0.582745 384.000000 0.205348 
0.589020 368.000000 0.196791 
0.589020 368.000000 0.196791 
0.584706 379.000000 0.202674 
0.580784 389.000000 0.208021 
0.584706 379.000000 0.202674 
0.589412 367.000000 0.196257 
0.581961 386.000000 0.206417 
0.590588 364.000000 0.194652 
0.582745 384.000000 0.205348 
0.589412 367.000000 0.196257 
0.590588 364.000000 0.194652 
0.584706 379.000000 0.202674 
0.581961 386.000000 0.206417 
0.590196 365.000000 0.195187 
0.583529 382.000000 0.204278 
0.584314 380.000000 0.203209 
0.578824 394.000000 0.210695 
0.585882 376.000000 0.201070 
0.590980 363.000000 0.194118 
0.587451 372.000000 0.198930 
0.585490 377.000000 0.201604 
0.588235 370.000000 0.197861 
0.581961 386.000000 0.206417 
0.584314 380.000000 0.203209 
0.586275 375.000000 0.200535 
0.587059 373.000000 0.199465 
0.583529 382.000000 0.204278 
0.590196 365.000000 0.195187 
0.586275 375.000000 0.200535 
0.588235 370.000000 0.197861 
0.583529 382.000000 0.204278 
0.583922 381.000000 0.203743 
0.589412 367.000000 0.196257 
0.581961 386.000000 0.206417 
0.580784 389.000000 0.208021 
0.581176 388.000000 0.207487 
0.584706 379.000000 0.202674 
0.585882 376.000000 0.201070 
0.582745 384.000000 0.205348 
0.587451 372.000000 0.198930 
0.586667 374.000000 0.200000 
0.583529 382.000000 0.204278 
0.587059 373.000000 0.199465 
0.586667 374.000000 0.200000 
0.587843 371.000000 0.198396 
0.585098 378.000000 0.202139 
0.582353 385.000000 0.205882 
0.587059 373.000000 0.199465 
0.581176 388.000000 0.207487 
0.589020 368.000000 0.196791 
0.580392 390.000000 0.208556 
0.586667 374.000000 0.200000 
0.581961 386.000000 0.206417 
0.588235 370.000000 0.197861 
0.582353 385.000000 0.205882 
0.581569 387.000000 0.206952 
0.588235 370.000000 0.197861 
0.583137 383.000000 0.204813 
0.591373 362.000000 0.193583 
0.587451 372.000000 0.198930 
0.583922 381.000000 0.203743 
0.588627 369.000000 0.197326 
0.588627 369.000000 0.197326 
0.584314 380.000000 0.203209 
0.584706 379.000000 0.202674 
0.589804 366.000000 0.195722 
0.587451 372.000000 0.198930 
0.586667 374.000000 0.200000 
0.585490 377.000000 0.201604 
0.587843 371.000000 0.198396 
0.587059 373.000000 0.199465 
0.591373 362.000000 0.193583 
0.587843 371.000000 0.198396 
0.586275 375.000000 0.200535 
0.595294 352.000000 0.188235 
0.589020 368.000000 0.196791 
0.590196 365.000000 0.195187 
0.586667 374.000000 0.200000 
0.594118 355.000000 0.189840 
0.583529 382.000000 0.204278 
0.579216 393.000000 0.210160 
0.577255 398.000000 0.212834 
0.583922 381.000000 0.203743 
0.591373 362.000000 0.193583 
0.586275 375.000000 0.200535 
0.581961 386.000000 0.206417 
0.581961 386.000000 0.206417 
0.586667 374.000000 0.200000 
0.593725 356.000000 0.190374 
0.586667 374.000000 0.200000 
0.581569 387.000000 0.206952 
0.595294 352.000000 0.188235 
0.587059 373.000000 0.199465 
0.589804 366.000000 0.195722 
0.582745 384.000000 0.205348 
0.593333 357.000000 0.190909 
0.594510 354.000000 0.189305 
0.592549 359.000000 0.191979 
0.582353 385.000000 0.205882 
0.587843 371.000000 0.198396 
0.586275 375.000000 0.200535 
0.588235 370.000000 0.197861 
0.589804 366.000000 0.195722 
0.587843 371.000000 0.198396 
0.584314 380.000000 0.203209 
0.594902 353.000000 0.188770 
0.582353 385.000000 0.205882 
0.580000 391.000000 0.209091 
0.584314 380.000000 0.203209 
0.589020 368.000000 0.196791 
0.584706 379.000000 0.202674 
0.588235 370.000000 0.197861 
0.583529 382.000000 0.204278 
0.585098 378.000000 0.202139 
0.587059 373.000000 0.199465 
0.593725 356.000000 0.190374 
0.584314 380.000000 0.203209 
0.586275 375.000000 0.200535 
0.585098 378.000000 0.202139 
0.585882 376.000000 0.201070 
0.585490 377.000000 0.201604 
0.581569 387.000000 0.206952 
0.590980 363.000000 0.194118 
0.580784 389.000000 0.208021 
0.591373 362.000000 0.193583 
0.588627 369.000000 0.197326 
0.585882 376.000000 0.201070 
0.583922 381.000000 0.203743 
0.586275 375.000000 0.200535 
0.587059 373.000000 0.199465 
0.589020 368.000000 0.196791 
0.590196 365.000000 0.195187 
0.588627 369.000000 0.197326 
0.589412 367.000000 0.196257 
0.587451 372.000000 0.198930 
0.591373 362.000000 0.193583 
0.589020 368.000000 0.196791 
0.584706 379.000000 0.202674 
0.593333 357.000000 0.190909 
0.589804 366.000000 0.195722 
0.587451 372.000000 0.198930 
0.585882 376.000000 0.201070 
0.587059 373.000000 0.199465 
0.581569 387.000000 0.206952 
0.581176 388.000000 0.207487 
0.588627 369.000000 0.197326 
0.586275 375.000000 0.200535 
0.587059 373.000000 0.199465 
0.583529 382.000000 0.204278 
0.589804 366.000000 0.195722 
0.585490 377.000000 0.201604 
0.588627 369.000000 0.197326 
0.580784 389.000000 0.208021 
0.584706 379.000000 0.202674 
0.588627 369.000000 0.197326 
0.582745 384.000000 0.205348 
0.588235 370.000000 0.197861 
0.581961 386.000000 0.206417 
0.583529 382.000000 0.204278 
0.591373 362.000000 0.193583 
0.587451 372.000000 0.198930 
0.582745 384.000000 0.205348 
0.585490 377.000000 0.201604 
0.582745 384.000000 0.205348 
0.579608 392.000000 0.209626 
0.581569 387.000000 0.206952 
0.589804 366.000000 0.195722 
0.583922 381.000000 0.203743 
0.587059 373.000000 0.199465 
0.582745 384.000000 0.205348 
0.593333 357.000000 0.190909 
0.582353 385.000000 0.205882 
0.585882 376.000000 0.201070 
0.590588 364.000000 0.194652 
0.595294 352.000000 0.188235 
0.585490 377.000000 0.201604 
0.584706 379.000000 0.202674 
0.580000 391.000000 0.209091 
0.594510 354.000000 0.189305 
0.585098 378.000000 0.202139 
0.582745 384.000000 0.205348 
0.591373 362.000000 0.193583 
0.580000 391.000000 0.209091 
0.586667 374.000000 0.200000 
0.585882 376.000000 0.201070 
0.583529 382.000000 0.204278 
0.582353 385.000000 0.205882 
0.582745 384.000000 0.205348 
0.592549 359.000000 0.191979 
0.587059 373.000000 0.199465 
0.588235 370.000000 0.197861 
0.585882 376.000000 0.201070 
0.582353 385.000000 0.205882 
0.588627 369.000000 0.197326 
0.585882 376.000000 0.201070 
0.581569 387.000000 0.206952 
0.585098 378.000000 0.202139 
0.588627 369.000000 0.197326 
0.584314 380.000000 0.203209 
0.585098 378.000000 0.202139 
0.584706 379.000000 0.202674 
0.587843 371.000000 0.198396 
0.587451 372.000000 0.198930 
0.584706 379.000000 0.202674 
0.584706 379.000000 0.202674 
0.588235 370.000000 0.197861 
0.586275 375.000000 0.200535 
0.582353 385.000000 0.205882 
0.586275 375.000000 0.200535 
0.582353 385.000000 0.205882 
0.582353 385.000000 0.205882 
0.590196 365.000000 0.195187 
0.592941 358.000000 0.191444 
0.584706 379.000000 0.202674 
0.583137 383.000000 0.204813 
0.584314 380.000000 0.203209 
0.583922 381.000000 0.203743 
0.588235 370.000000 0.197861 
0.585882 376.000000 0.201070 
0.586667 374.000000 0.200000 
0.581176 388.000000 0.207487 
0.586667 374.000000 0.200000 
0.589412 367.000000 0.196257 
0.587059 373.000000 0.199465 
0.583529 382.000000 0.204278 
0.587451 372.000000 0.198930 
0.584314 380.000000 0.203209 
0.588627 369.000000 0.197326 
0.586275 375.000000 0.200535 
0.585882 376.000000 0.201070 
0.589412 367.000000 0.196257 
0.583922 381.000000 0.203743 
0.592157 360.000000 0.192513 
0.586667 374.000000 0.200000 
0.589412 367.000000 0.196257 
0.581176 388.000000 0.207487 
0.591373 362.000000 0.193583 
0.585882 376.000000 0.201070 
0.581569 387.000000 0.206952 
0.587059 373.000000 0.199465 
0.592549 359.000000 0.191979 
0.591765 361.000000 0.193048 
0.589804 366.000000 0.195722 
0.587451 372.000000 0.198930 
0.585490 377.000000 0.201604 
0.585490 377.000000 0.201604 
0.586275 375.000000 0.200535 
0.584314 380.000000 0.203209 
0.585490 377.000000 0.201604 
0.583137 383.000000 0.204813 
0.585882 376.000000 0.201070 
0.593725 356.000000 0.190374 
0.582745 384.000000 0.205348 
0.589804 366.000000 0.195722 
0.582353 385.000000 0.205882 
0.585490 377.000000 0.201604 
0.588235 370.000000 0.197861 
0.587451 372.000000 0.198930 
0.587843 371.000000 0.198396 
0.585882 376.000000 0.201070 
0.591373 362.000000 0.193583 
0.590196 365.000000 0.195187 
0.587451 372.000000 0.198930 
0.584706 379.000000 0.202674 
0.586275 375.000000 0.200535 
0.584706 379.000000 0.202674 
0.581961 386.000000 0.206417 
0.594902 353.000000 0.188770 
0.590980 363.000000 0.194118 
0.594510 354.000000 0.189305 
0.584314 380.000000 0.203209 
0.582353 385.000000 0.205882 
0.589804 366.000000 0.195722 
0.589020 368.000000 0.196791 
0.586275 375.000000 0.200535 
0.587843 371.000000 0.198396 
0.584706 379.000000 0.202674 
0.588627 369.000000 0.197326 
0.585098 378.000000 0.202139 
0.593333 357.000000 0.190909 
0.585490 377.000000 0.201604 
0.590196 365.000000 0.195187 
0.586667 374.000000 0.200000 
0.585882 376.000000 0.201070 
0.591765 361.000000 0.193048 
0.587059 373.000000 0.199465 
0.581569 387.000000 0.206952 
0.589020 368.000000 0.196791 
0.586275 375.000000 0.200535 
0.594510 354.000000 0.189305 
0.588235 370.000000 0.197861 
0.582745 384.000000 0.205348 
0.587843 371.000000 0.198396 
0.587059 373.000000 0.199465 
0.585098 378.000000 0.202139 
0.587843 371.000000 0.198396 
0.586667 374.000000 0.200000 
0.580784 389.000000 0.208021 
0.587059 373.000000 0.199465 
0.581569 387.000000 0.206952 
0.586667 374.000000 0.200000 
0.585882 376.000000 0.201070 
0.590196 365.000000 0.195187 
0.590980 363.000000 0.194118 
0.592549 359.000000 0.191979 
0.583922 381.000000 0.203743 
0.589020 368.000000 0.196791 
0.584706 379.000000 0.202674 
0.588235 370.000000 0.197861 
0.592157 360.000000 0.192513 
0.592941 358.000000 0.191444 
0.585490 377.000000 0.201604 
0.592549 359.000000 0.191979 
0.584314 380.000000 0.203209 
0.587451 372.000000 0.198930 
0.588235 370.000000 0.197861 
0.590980 363.000000 0.194118 
0.590980 363.000000 0.194118 
0.582745 384.000000 0.205348 
0.587843 371.000000 0.198396 
0.579608 392.000000 0.209626 
0.591373 362.000000 0.193583 
0.586275 375.000000 0.200535 
0.585490 377.000000 0.201604 
0.589412 367.000000 0.196257 
0.586667 374.000000 0.200000 
0.592549 359.000000 0.191979 
0.588235 370.000000 0.197861 
0.589020 368.000000 0.196791 
0.583922 381.000000 0.203743 
0.589020 368.000000 0.196791 
0.579608 392.000000 0.209626 
0.590588 364.000000 0.194652 
0.581569 387.000000 0.206952 
0.588627 369.000000 0.197326 
0.582745 384.000000 0.205348 
0.591373 362.000000 0.193583 
0.590196 365.000000 0.195187 
0.587059 373.000000 0.199465 
0.586275 375.000000 0.200535 
0.592549 359.000000 0.191979 
0.590980 363.000000 0.194118 
0.581961 386.000000 0.206417 
0.590196 365.000000 0.195187 
0.594902 353.000000 0.188770 
0.581961 386.000000 0.206417 
0.590196 365.000000 0.195187 
0.588627 369.000000 0.197326 
0.584706 379.000000 0.202674 
0.587059 373.000000 0.199465 
0.589412 367.000000 0.196257 
0.584706 379.000000 0.202674 
0.589020 368.000000 0.196791 
0.583922 381.000000 0.203743 
0.586667 374.000000 0.200000 
0.590196 365.000000 0.195187 
0.589804 366.000000 0.195722 
0.582353 385.000000 0.205882 
0.586275 375.000000 0.200535 
0.585490 377.000000 0.201604 
0.592157 360.000000 0.192513 
0.585882 376.000000 0.201070 
0.586667 374.000000 0.200000 
0.587059 373.000000 0.199465 
0.587451 372.000000 0.198930 
0.581176 388.000000 0.207487 
0.590196 365.000000 0.195187 
0.584706 379.000000 0.202674 
0.578431 395.000000 0.211230 
0.589412 367.000000 0.196257 
0.592549 359.000000 0.191979 
0.589020 368.000000 0.196791 
0.592157 360.000000 0.192513 
0.587843 371.000000 0.198396 
0.589020 368.000000 0.196791 
0.585490 377.000000 0.201604 
0.589412 367.000000 0.196257 
0.586275 375.000000 0.200535 
0.586275 375.000000 0.200535 
0.588627 369.000000 0.197326 
0.580000 391.000000 0.209091 
0.587059 373.000000 0.199465 
0.581961 386.000000 0.206417 
0.587843 371.000000 0.198396 
0.585098 378.000000 0.202139 
0.581961 386.000000 0.206417 
0.588235 370.000000 0.197861 
0.584706 379.000000 0.202674 
0.591765 361.000000 0.193048 
0.586667 374.000000 0.200000 
0.586667 374.000000 0.200000 
0.584706 379.000000 0.202674 
0.583529 382.000000 0.204278 
0.580000 391.000000 0.209091 
0.585882 376.000000 0.201070 
0.592549 359.000000 0.191979 
0.587843 371.000000 0.198396 
0.600392 339.000000 0.181283 
0.592549 359.000000 0.191979 
0.590588 364.000000 0.194652 
0.587059 373.000000 0.199465 
0.591373 362.000000 0.193583 
0.585098 378.000000 0.202139 
0.586275 375.000000 0.200535 
0.584314 380.000000 0.203209 
0.583529 382.000000 0.204278 
0.585098 378.000000 0.202139 
0.588235 370.000000 0.197861 
0.586667 374.000000 0.200000 
0.585490 377.000000 0.201604 
0.585098 378.000000 0.202139 
0.590980 363.000000 0.194118 
0.580392 390.000000 0.208556 
0.585098 378.000000 0.202139 
0.587843 371.000000 0.198396 
0.590588 364.000000 0.194652 
0.584314 380.000000 0.203209 
0.588627 369.000000 0.197326 
0.584314 380.000000 0.203209 
0.578431 395.000000 0.211230 
0.588235 370.000000 0.197861 
0.583529 382.000000 0.204278 
0.588235 370.000000 0.197861 
0.590196 365.000000 0.195187 
0.588627 369.000000 0.197326 
0.581961 386.000000 0.206417 
0.586667 374.000000 0.200000 
0.585490 377.000000 0.201604 
0.590196 365.000000 0.195187 
0.586275 375.000000 0.200535 
0.596471 349.000000 0.186631 
0.583529 382.000000 0.204278 
0.587059 373.000000 0.199465 
0.585490 377.000000 0.201604 
0.581569 387.000000 0.206952 
0.587059 373.000000 0.199465 
0.588627 369.000000 0.197326 
0.586275 375.000000 0.200535 
0.584314 380.000000 0.203209 
0.591765 361.000000 0.193048 
0.587059 373.000000 0.199465 
0.585490 377.000000 0.201604 
0.586667 374.000000 0.200000 
0.585490 377.000000 0.201604 
0.587843 371.000000 0.198396 
0.581176 388.000000 0.207487 
0.593725 356.000000 0.190374 
0.580392 390.000000 0.208556 
0.588627 369.000000 0.197326 
0.585098 378.000000 0.202139 
0.573725 407.000000 0.217647 
0.587451 372.000000 0.198930 
0.589804 366.000000 0.195722 
0.592157 360.000000 0.192513 
0.579216 393.000000 0.210160 
0.583529 382.000000 0.204278 
0.581961 386.000000 0.206417 
0.591373 362.000000 0.193583 
0.583529 382.000000 0.204278 
0.587059 373.000000 0.199465 
0.582745 384.000000 0.205348 
0.595686 351.000000 0.187701 
0.590196 365.000000 0.195187 
0.591765 361.000000 0.193048 
0.585882 376.000000 0.201070 
0.585490 377.000000 0.201604 
0.591765 361.000000 0.193048 
0.590196 365.000000 0.195187 
0.580784 389.000000 0.208021 
0.583922 381.000000 0.203743 
0.588627 369.000000 0.197326 
0.591373 362.000000 0.193583 
0.582745 384.000000 0.205348 
0.584706 379.000000 0.202674 
0.582353 385.000000 0.205882 
0.583529 382.000000 0.204278 
0.583922 381.000000 0.203743 
0.587843 371.000000 0.198396 
0.582745 384.000000 0.205348 
0.587451 372.000000 0.198930 
0.589412 367.000000 0.196257 
0.589412 367.000000 0.196257 
0.585490 377.000000 0.201604 
0.584706 379.000000 0.202674 
0.591373 362.000000 0.193583 
0.587059 373.000000 0.199465 
0.583529 382.000000 0.204278 
0.587451 372.000000 0.198930 
0.585882 376.000000 0.201070 
0.587451 372.000000 0.198930 
0.587451 372.000000 0.198930 
0.585882 376.000000 0.201070 
0.585098 378.000000 0.202139 
0.586275 375.000000 0.200535 
0.589804 366.000000 0.195722 
0.585490 377.000000 0.201604 
0.589412 367.000000 0.196257 
0.588627 369.000000 0.197326 
0.589804 366.000000 0.195722 
0.585882 376.000000 0.201070 
0.589020 368.000000 0.196791 
0.587843 371.000000 0.198396 
0.582745 384.000000 0.205348 
0.588235 370.000000 0.197861 
0.585098 378.000000 0.202139 
0.590980 363.000000 0.194118 
0.587451 372.000000 0.198930 
0.584314 380.000000 0.203209 
0.590588 364.000000 0.194652 
0.582745 384.000000 0.205348 
0.590588 364.000000 0.194652 
0.589412 367.000000 0.196257 
0.581961 386.000000 0.206417 
0.583922 381.000000 0.203743 
0.583529 382.000000 0.204278 
0.587843 371.000000 0.198396 
0.583922 381.000000 0.203743 
0.593333 357.000000 0.190909 
0.587059 373.000000 0.199465 
0.590196 365.000000 0.195187 
0.586667 374.000000 0.200000 
0.586275 375.000000 0.200535 
0.591765 361.000000 0.193048 
0.586275 375.000000 0.200535 
0.585098 378.000000 0.202139 
0.585490 377.000000 0.201604 
0.591765 361.000000 0.193048 
0.584314 380.000000 0.203209 
0.584706 379.000000 0.202674 
0.584706 379.000000 0.202674 
0.594902 353.000000 0.188770 
0.586667 374.000000 0.200000 
0.589020 368.000000 0.196791 
0.587843 371.000000 0.198396 
0.587843 371.000000 0.198396 
0.581961 386.000000 0.206417 
0.588235 370.000000 0.197861 
0.588627 369.000000 0.197326 
0.582353 385.000000 0.205882 
0.589020 368.000000 0.196791 
0.586667 374.000000 0.200000 
0.581961 386.000000 0.206417 
0.589412 367.000000 0.196257 
0.583529 382.000000 0.204278 
0.584706 379.000000 0.202674 
0.588627 369.000000 0.197326 
0.578039 396.000000 0.211765 
0.580392 390.000000 0.208556 
0.592549 359.000000 0.191979 
0.590588 364.000000 0.194652 
0.580392 390.000000 0.208556 
0.591765 361.000000 0.193048 
0.585490 377.000000 0.201604 
0.596471 349.000000 0.186631 
0.586275 375.000000 0.200535 
0.582353 385.000000 0.205882 
0.594510 354.000000 0.189305 
0.586275 375.000000 0.200535 
0.589412 367.000000 0.196257 
0.585882 376.000000 0.201070 
0.590980 363.000000 0.194118 
0.580784 389.000000 0.208021 
0.586275 375.000000 0.200535 
0.581569 387.000000 0.206952 
0.587451 372.000000 0.198930 
0.587059 373.000000 0.199465 
0.586667 374.000000 0.200000 
0.589804 366.000000 0.195722 
0.586667 374.000000 0.200000 
0.583137 383.000000 0.204813 
0.585490 377.000000 0.201604 
0.587843 371.000000 0.198396 
0.584314 380.000000 0.203209 
0.586667 374.000000 0.200000 
0.581176 388.000000 0.207487 
0.586275 375.000000 0.200535 
0.586275 375.000000 0.200535 
0.583137 383.000000 0.204813 
0.586275 375.000000 0.200535 
0.587451 372.000000 0.198930 
0.588627 369.000000 0.197326 
0.585882 376.000000 0.201070 
0.580000 391.000000 0.209091 
0.585882 376.000000 0.201070 
0.583137 383.000000 0.204813 
0.591765 361.000000 0.193048 
0.589412 367.000000 0.196257 
0.585882 376.000000 0.201070 
0.585882 376.000000 0.201070 
0.579216 393.000000 0.210160 
0.581176 388.000000 0.207487 
0.586667 374.000000 0.200000 
0.592549 359.000000 0.191979 
0.583137 383.000000 0.204813 
0.584314 380.000000 0.203209 
0.581176 388.000000 0.207487 
0.587451 372.000000 0.198930 
0.586275 375.000000 0.200535 
0.582745 384.000000 0.205348 
0.592157 360.000000 0.192513 
0.584706 379.000000 0.202674 
0.585882 376.000000 0.201070 
0.589020 368.000000 0.196791 
0.587451 372.000000 0.198930 
0.589020 368.000000 0.196791 
0.593725 356.000000 0.190374 
0.581961 386.000000 0.206417 
0.591765 361.000000 0.193048 
0.583922 381.000000 0.203743 
0.590980 363.000000 0.194118 
0.587843 371.000000 0.198396 
0.580784 389.000000 0.208021 
0.575294 403.000000 0.215508 
0.585098 378.000000 0.202139 
0.585098 378.000000 0.202139 
0.582745 384.000000 0.205348 
0.584706 379.000000 0.202674 
0.589020 368.000000 0.196791 
0.584706 379.000000 0.202674 
0.587059 373.000000 0.199465 
0.587059 373.000000 0.199465 
0.585882 376.000000 0.201070 
0.587843 371.000000 0.198396 
0.586275 375.000000 0.200535 
0.588235 370.000000 0.197861 
0.584314 380.000000 0.203209 
0.583922 381.000000 0.203743 
0.584706 379.000000 0.202674 
0.587451 372.000000 0.198930 
0.584314 380.000000 0.203209 
0.585882 376.000000 0.201070 
0.583529 382.000000 0.204278 
0.582353 385.000000 0.205882 
0.583529 382.000000 0.204278 
0.588627 369.000000 0.197326 
0.583922 381.000000 0.203743 
0.590980 363.000000 0.194118 
0.586275 375.000000 0.200535 
0.586275 375.000000 0.200535 
0.580784 389.000000 0.208021 
0.588235 370.000000 0.197861 
0.586667 374.000000 0.200000 
0.591373 362.000000 0.193583 
0.590980 363.000000 0.194118 
0.587059 373.000000 0.199465 
0.590196 365.000000 0.195187 
0.592549 359.000000 0.191979 
0.578431 395.000000 0.211230 
0.582745 384.000000 0.205348 
0.581569 387.000000 0.206952 
0.585098 378.000000 0.202139 
0.588627 369.000000 0.197326 
0.585490 377.000000 0.201604 
0.583922 381.000000 0.203743 
0.583137 383.000000 0.204813 
0.582745 384.000000 0.205348 
0.582745 384.000000 0.205348 
0.584314 380.000000 0.203209 
0.586667 374.000000 0.200000 
0.584706 379.000000 0.202674 
0.593725 356.000000 0.190374 
0.587843 371.000000 0.198396 
0.590980 363.000000 0.194118 
0.587451 372.000000 0.198930 
0.591373 362.000000 0.193583 
0.580784 389.000000 0.208021 
0.583137 383.000000 0.204813 
0.583922 381.000000 0.203743 
0.588235 370.000000 0.197861 
0.589020 368.000000 0.196791 
0.585098 378.000000 0.202139 
0.586667 374.000000 0.200000 
0.585490 377.000000 0.201604 
0.588627 369.000000 0.197326 
0.586275 375.000000 0.200535 
0.585098 378.000000 0.202139 
0.590980 363.000000 0.194118 
0.583137 383.000000 0.204813 
0.582353 385.000000 0.205882 
0.591373 362.000000 0.193583 
0.590196 365.000000 0.195187 
0.589804 366.000000 0.195722 
0.586667 374.000000 0.200000 
0.585882 376.000000 0.201070 
0.588235 370.000000 0.197861 
0.581961 386.000000 0.206417 
0.585882 376.000000 0.201070 
0.583922 381.000000 0.203743 
0.585490 377.000000 0.201604 
0.591373 362.000000 0.193583 
0.589020 368.000000 0.196791 
0.585098 378.000000 0.202139 
0.584706 379.000000 0.202674 
0.587451 372.000000 0.198930 
0.582745 384.000000 0.205348 
0.588235 370.000000 0.197861 
0.584314 380.000000 0.203209 
0.586667 374.000000 0.200000 
0.588627 369.000000 0.197326 
0.590196 365.000000 0.195187 
0.583137 383.000000 0.204813 
0.584706 379.000000 0.202674 
0.587451 372.000000 0.198930 
0.583922 381.000000 0.203743 
0.585098 378.000000 0.202139 
0.581961 386.000000 0.206417 
0.584706 379.000000 0.202674 
0.590980 363.000000 0.194118 
0.584706 379.000000 0.202674 
0.584706 379.000000 0.202674 
0.586275 375.000000 0.200535 
0.588235 370.000000 0.197861 
0.581961 386.000000 0.206417 
0.581961 386.000000 0.206417 
0.586275 375.000000 0.200535 
0.587843 371.000000 0.198396 
0.586667 374.000000 0.200000 
0.583529 382.000000 0.204278 
0.581961 386.000000 0.206417 
0.579608 392.000000 0.209626 
0.590980 363.000000 0.194118 
0.580784 389.000000 0.208021 
0.583529 382.000000 0.204278 
0.584314 380.000000 0.203209 
0.581176 388.000000 0.207487 
0.587451 372.000000 0.198930 
0.582745 384.000000 0.205348 
0.591765 361.000000 0.193048 
0.583137 383.000000 0.204813 
0.590196 365.000000 0.195187 
0.592157 360.000000 0.192513 
0.594118 355.000000 0.189840 
0.582353 385.000000 0.205882 
0.581569 387.000000 0.206952 
0.588627 369.000000 0.197326 
0.592157 360.000000 0.192513 
0.587059 373.000000 0.199465 
0.585490 377.000000 0.201604 
0.588235 370.000000 0.197861 
0.586667 374.000000 0.200000 
0.590588 364.000000 0.194652 
0.587059 373.000000 0.199465 
0.586667 374.000000 0.200000 
0.580392 390.000000 0.208556 
0.584706 379.000000 0.202674 
0.585490 377.000000 0.201604 
0.580392 390.000000 0.208556 
0.583922 381.000000 0.203743 
0.597255 347.000000 0.185561 
0.587843 371.000000 0.198396 
0.589412 367.000000 0.196257 
0.590588 364.000000 0.194652 
0.589020 368.000000 0.196791 
0.592157 360.000000 0.192513 
0.582353 385.000000 0.205882 
0.583529 382.000000 0.204278 
0.589412 367.000000 0.196257 
0.584314 380.000000 0.203209 
0.583137 383.000000 0.204813 
0.588235 370.000000 0.197861 
0.594118 355.000000 0.189840 
0.583137 383.000000 0.204813 
0.598039 345.000000 0.184492 
0.587451 372.000000 0.198930 
0.579608 392.000000 0.209626 
0.591373 362.000000 0.193583 
0.589412 367.000000 0.196257 
0.584706 379.000000 0.202674 
0.592157 360.000000 0.192513 
0.590980 363.000000 0.194118 
0.593333 357.000000 0.190909 
0.587059 373.000000 0.199465 
0.586667 374.000000 0.200000 
0.586275 375.000000 0.200535 
0.585098 378.000000 0.202139 
0.588627 369.000000 0.197326 
0.592549 359.000000 0.191979 
0.588627 369.000000 0.197326 
0.582353 385.000000 0.205882 
0.585490 377.000000 0.201604 
0.589804 366.000000 0.195722 
0.589412 367.000000 0.196257 
0.589412 367.000000 0.196257 
0.587843 371.000000 0.198396 
0.582353 385.000000 0.205882 
0.590588 364.000000 0.194652 
0.584706 379.000000 0.202674 
0.592549 359.000000 0.191979 
0.584314 380.000000 0.203209 
0.582745 384.000000 0.205348 
0.587059 373.000000 0.199465 
0.589804 366.000000 0.195722 
0.585882 376.000000 0.201070 
0.589804 366.000000 0.195722 
0.583529 382.000000 0.204278 
0.590588 364.000000 0.194652 
0.588627 369.000000 0.197326 
0.586667 374.000000 0.200000 
0.586667 374.000000 0.200000 
0.586275 375.000000 0.200535 
0.583529 382.000000 0.204278 
0.590588 364.000000 0.194652 
0.587451 372.000000 0.198930 
0.586667 374.000000 0.200000 
0.588627 369.000000 0.197326 
0.591373 362.000000 0.193583 
0.590196 365.000000 0.195187 
0.589804 366.000000 0.195722 
0.586667 374.000000 0.200000 
0.580000 391.000000 0.209091 
0.581961 386.000000 0.206417 
0.589804 366.000000 0.195722 
0.588235 370.000000 0.197861 
0.585882 376.000000 0.201070 
0.588235 370.000000 0.197861 
0.585490 377.000000 0.201604 
0.587451 372.000000 0.198930 
0.583922 381.000000 0.203743 
0.587843 371.000000 0.198396 
0.584314 380.000000 0.203209 
0.585098 378.000000 0.202139 
0.584314 380.000000 0.203209 
0.581569 387.000000 0.206952 
0.586667 374.000000 0.200000 
0.586667 374.000000 0.200000 
0.579608 392.000000 0.209626 
0.586667 374.000000 0.200000 
0.591373 362.000000 0.193583 
0.590980 363.000000 0.194118 
0.582353 385.000000 0.205882 
0.589804 366.000000 0.195722 
0.582353 385.000000 0.205882 
0.587059 373.000000 0.199465 
0.589020 368.000000 0.196791 
0.589412 367.000000 0.196257 
0.580392 390.000000 0.208556 
0.588627 369.000000 0.197326 
0.589804 366.000000 0.195722 
0.589412 367.000000 0.196257 
0.585882 376.000000 0.201070 
0.583922 381.000000 0.203743 
0.581569 387.000000 0.206952 
0.590980 363.000000 0.194118 
0.588627 369.000000 0.197326 
0.587059 373.000000 0.199465 
0.588235 370.000000 0.197861 
0.584706 379.000000 0.202674 
0.585098 378.000000 0.202139 
0.580392 390.000000 0.208556 
0.585490 377.000000 0.201604 
0.587059 373.000000 0.199465 
0.586275 375.000000 0.200535 
0.593333 357.000000 0.190909 
0.584706 379.000000 0.202674 
0.585882 376.000000 0.201070 
0.579608 392.000000 0.209626 
0.583137 383.000000 0.204813 
0.581569 387.000000 0.206952 
0.583137 383.000000 0.204813 
0.580392 390.000000 0.208556 
0.586275 375.000000 0.200535 
0.585490 377.000000 0.201604 
0.589412 367.000000 0.196257 
0.587843 371.000000 0.198396 
0.593333 357.000000 0.190909 
0.585882 376.000000 0.201070 
0.584706 379.000000 0.202674 
0.583922 381.000000 0.203743 
0.587059 373.000000 0.199465 
0.582353 385.000000 0.205882 
0.584706 379.000000 0.202674 
0.587843 371.000000 0.198396 
0.586667 374.000000 0.200000 
0.587451 372.000000 0.198930 
0.584706 379.000000 0.202674 
0.581961 386.000000 0.206417 
0.585490 377.000000 0.201604 
0.590588 364.000000 0.194652 
0.585490 377.000000 0.201604 
0.587451 372.000000 0.198930 
0.593333 357.000000 0.190909 
0.584706 379.000000 0.202674 
0.587059 373.000000 0.199465 
0.586667 374.000000 0.200000 
0.585490 377.000000 0.201604 
0.588627 369.000000 0.197326 
0.580000 391.000000 0.209091 
0.590196 365.000000 0.195187 
0.585490 377.000000 0.201604 
0.586667 374.000000 0.200000 
0.590588 364.000000 0.194652 
0.586275 375.000000 0.200535 
0.590196 365.000000 0.195187 
0.585098 378.000000 0.202139 
0.589804 366.000000 0.195722 
0.590588 364.000000 0.194652 
0.587451 372.000000 0.198930 
0.576471 400.000000 0.213904 
0.592549 359.000000 0.191979 
0.588235 370.000000 0.197861 
0.589020 368.000000 0.196791 
0.591765 361.000000 0.193048 
0.581961 386.000000 0.206417 
0.585490 377.000000 0.201604 
0.581961 386.000000 0.206417 
0.585098 378.000000 0.202139 
0.587843 371.000000 0.198396 
0.586275 375.000000 0.200535 
0.587451 372.000000 0.198930 
0.587059 373.000000 0.199465 
0.594510 354.000000 0.189305 
0.587059 373.000000 0.199465 
0.585882 376.000000 0.201070 
0.582745 384.000000 0.205348 
0.588627 369.000000 0.197326 
0.588627 369.000000 0.197326 
0.586275 375.000000 0.200535 
0.586667 374.000000 0.200000 
0.586667 374.000000 0.200000 
0.586275 375.000000 0.200535 
0.589020 368.000000 0.196791 
0.587059 373.000000 0.199465 
0.582353 385.000000 0.205882 
0.590196 365.000000 0.195187 
0.578431 395.000000 0.211230 
0.586275 375.000000 0.200535 
0.585490 377.000000 0.201604 
0.583922 381.000000 0.203743 
0.586667 374.000000 0.200000 
0.581961 386.000000 0.206417 
0.587451 372.000000 0.198930 
0.587059 373.000000 0.199465 
0.580784 389.000000 0.208021 
0.589804 366.000000 0.195722 
0.586275 375.000000 0.200535 
0.587843 371.000000 0.198396 
0.587843 371.000000 0.198396 
0.584314 380.000000 0.203209 
0.589020 368.000000 0.196791 
0.586667 374.000000 0.200000 
0.588235 370.000000 0.197861 
0.583922 381.000000 0.203743 
0.592157 360.000000 0.192513 
0.583137 383.000000 0.204813 
0.580784 389.000000 0.208021 
0.589020 368.000000 0.196791 
0.587451 372.000000 0.198930 
0.591765 361.000000 0.193048 
0.592941 358.000000 0.191444 
0.585882 376.000000 0.201070 
0.583922 381.000000 0.203743 
0.585490 377.000000 0.201604 
0.590196 365.000000 0.195187 
0.587059 373.000000 0.199465 
0.585490 377.000000 0.201604 
0.593333 357.000000 0.190909 
0.584314 380.000000 0.203209 
0.586275 375.000000 0.200535 
0.583529 382.000000 0.204278 
0.581569 387.000000 0.206952 
0.582745 384.000000 0.205348 
0.583922 381.000000 0.203743 
0.583922 381.000000 0.203743 
0.588235 370.000000 0.197861 
0.589020 368.000000 0.196791 
0.586667 374.000000 0.200000 
0.587059 373.000000 0.199465 
0.590196 365.000000 0.195187 
0.589020 368.000000 0.196791 
0.581569 387.000000 0.206952 
0.585882 376.000000 0.201070 
0.587059 373.000000 0.199465 
0.581961 386.000000 0.206417 
0.582745 384.000000 0.205348 
0.583922 381.000000 0.203743 
0.585882 376.000000 0.201070 
0.590196 365.000000 0.195187 
0.589804 366.000000 0.195722 
0.585098 378.000000 0.202139 
0.585098 378.000000 0.202139 
0.593333 357.000000 0.190909 
0.593333 357.000000 0.190909 
0.584314 380.000000 0.203209 
0.592157 360.000000 0.192513 
0.581569 387.000000 0.206952 
0.591373 362.000000 0.193583 
0.579216 393.000000 0.210160 
0.583137 383.000000 0.204813 
0.588627 369.000000 0.197326 
0.592549 359.000000 0.191979 
0.583137 383.000000 0.204813 
0.586667 374.000000 0.200000 
0.581569 387.000000 0.206952 
0.592157 360.000000 0.192513 
0.589804 366.000000 0.195722 
0.587451 372.000000 0.198930 
0.584314 380.000000 0.203209 
0.580392 390.000000 0.208556 
0.582353 385.000000 0.205882 
0.589020 368.000000 0.196791 
0.585882 376.000000 0.201070 
0.586667 374.000000 0.200000 
0.587059 373.000000 0.199465 
0.588627 369.000000 0.197326 
0.581176 388.000000 0.207487 
0.580392 390.000000 0.208556 
0.592549 359.000000 0.191979 
0.587843 371.000000 0.198396 
0.587059 373.000000 0.199465 
0.583529 382.000000 0.204278 
0.579216 393.000000 0.210160 
0.587843 371.000000 0.198396 
0.587059 373.000000 0.199465 
0.590196 365.000000 0.195187 
0.587059 373.000000 0.199465 
0.587451 372.000000 0.198930 
0.587451 372.000000 0.198930 
0.588627 369.000000 0.197326 
0.586667 374.000000 0.200000 
0.585098 378.000000 0.202139 
0.587451 372.000000 0.198930 
0.581569 387.000000 0.206952 
0.587843 371.000000 0.198396 
0.583529 382.000000 0.204278 
0.590980 363.000000 0.194118 
0.584314 380.000000 0.203209 
0.589804 366.000000 0.195722 
0.594510 354.000000 0.189305 
0.579216 393.000000 0.210160 
0.585882 376.000000 0.201070 
0.588235 370.000000 0.197861 
0.587451 372.000000 0.198930 
0.587059 373.000000 0.199465 
0.590980 363.000000 0.194118 
0.589020 368.000000 0.196791 
0.581569 387.000000 0.206952 
0.580000 391.000000 0.209091 
0.580784 389.000000 0.208021 
0.583137 383.000000 0.204813 
0.587451 372.000000 0.198930 
0.588627 369.000000 0.197326 
0.585098 378.000000 0.202139 
0.580000 391.000000 0.209091 
0.587451 372.000000 0.198930 
0.582353 385.000000 0.205882 
0.589804 366.000000 0.195722 
0.589412 367.000000 0.196257 
0.590980 363.000000 0.194118 
0.584706 379.000000 0.202674 
0.588235 370.000000 0.197861 
0.591373 362.000000 0.193583 
0.587451 372.000000 0.198930 
0.585490 377.000000 0.201604 
0.581961 386.000000 0.206417 
0.587059 373.000000 0.199465 
0.587843 371.000000 0.198396 
0.584314 380.000000 0.203209 
0.588627 369.000000 0.197326 
0.585882 376.000000 0.201070 
0.585490 377.000000 0.201604 
0.590588 364.000000 0.194652 
0.583922 381.000000 0.203743 
0.586667 374.000000 0.200000 
0.585490 377.000000 0.201604 
0.588235 370.000000 0.197861 
0.585882 376.000000 0.201070 
0.589020 368.000000 0.196791 
0.583922 381.000000 0.203743 
0.595686 351.000000 0.187701 
0.589412 367.000000 0.196257 
0.589020 368.000000 0.196791 
0.587059 373.000000 0.199465 
0.583529 382.000000 0.204278 
0.586275 375.000000 0.200535 
0.588235 370.000000 0.197861 
0.582745 384.000000 0.205348 
0.592549 359.000000 0.191979 
0.585490 377.000000 0.201604 
0.581961 386.000000 0.206417 
0.589412 367.000000 0.196257 
0.580392 390.000000 0.208556 
0.587843 371.000000 0.198396 
0.587843 371.000000 0.198396 
0.585490 377.000000 0.201604 
0.588627 369.000000 0.197326 
0.583137 383.000000 0.204813 
0.589020 368.000000 0.196791 
0.583137 383.000000 0.204813 
0.586275 375.000000 0.200535 
0.583922 381.000000 0.203743 
0.583529 382.000000 0.204278 
0.584314 380.000000 0.203209 
0.587843 371.000000 0.198396 
0.587843 371.000000 0.198396 
0.579216 393.000000 0.210160 
0.588627 369.000000 0.197326 
0.588235 370.000000 0.197861 
0.584314 380.000000 0.203209 
0.589020 368.000000 0.196791 
0.589412 367.000000 0.196257 
0.589020 368.000000 0.196791 
0.583529 382.000000 0.204278 
0.589412 367.000000 0.196257 
0.595294 352.000000 0.188235 
0.588235 370.000000 0.197861 
0.588627 369.000000 0.197326 
0.585490 377.000000 0.201604 
0.586275 375.000000 0.200535 
0.586275 375.000000 0.200535 
0.578039 396.000000 0.211765 
0.587059 373.000000 0.199465 
0.585490 377.000000 0.201604 
0.590980 363.000000 0.194118 
0.584706 379.000000 0.202674 
0.583137 383.000000 0.204813 
