0.531373 515.000000 0.275401 
0.534510 507.000000 0.271123 
0.528627 522.000000 0.279144 
0.535294 505.000000 0.270053 
0.527451 525.000000 0.280749 
0.532941 511.000000 0.273262 
0.530980 516.000000 0.275936 
0.530980 516.000000 0.275936 
0.530980 516.000000 0.275936 
0.530196 518.000000 0.277005 
0.522745 537.000000 0.287166 
0.534118 508.000000 0.271658 
0.525882 529.000000 0.282888 
0.526275 528.000000 0.282353 
0.535686 504.000000 0.269519 
0.531765 514.000000 0.274866 
0.526275 528.000000 0.282353 
0.534510 507.000000 0.271123 
0.536471 502.000000 0.268449 
0.527059 526.000000 0.281283 
0.532157 513.000000 0.274332 
0.531373 515.000000 0.275401 
0.528627 522.000000 0.279144 
0.534902 506.000000 0.270588 
0.536078 503.000000 0.268984 
0.524314 533.000000 0.285027 
0.532941 511.000000 0.273262 
0.532157 513.000000 0.274332 
0.532157 513.000000 0.274332 
0.540392 492.000000 0.263102 
0.529020 521.000000 0.278610 
0.531373 515.000000 0.275401 
0.535294 505.000000 0.270053 
0.529412 520.000000 0.278075 
0.535686 504.000000 0.269519 
0.530980 516.000000 0.275936 
0.532549 512.000000 0.273797 
0.528235 523.000000 0.279679 
0.533725 509.000000 0.272193 
0.541176 490.000000 0.262032 
0.538431 497.000000 0.265775 
0.532941 511.000000 0.273262 
0.529412 520.000000 0.278075 
0.529412 520.000000 0.278075 
0.523529 535.000000 0.286096 
0.535294 505.000000 0.270053 
0.540000 493.000000 0.263636 
0.530588 517.000000 0.276471 
0.530196 518.000000 0.277005 
0.529804 519.000000 0.277540 
0.539608 494.000000 0.264171 
0.535294 505.000000 0.270053 
0.532157 513.000000 0.274332 
0.532549 512.000000 0.273797 
0.528627 522.000000 0.279144 
0.526667 527.000000 0.281818 
0.535686 504.000000 0.269519 
0.531373 515.000000 0.275401 
0.530980 516.000000 0.275936 
0.536471 502.000000 0.268449 
0.532941 511.000000 0.273262 
0.528235 523.000000 0.279679 
0.532549 512.000000 0.273797 
0.536863 501.000000 0.267914 
0.534902 506.000000 0.270588 
0.528235 523.000000 0.279679 
0.534902 506.000000 0.270588 
0.530196 518.000000 0.277005 
0.530196 518.000000 0.277005 
0.531373 515.000000 0.275401 
0.526275 528.000000 0.282353 
0.524706 532.000000 0.284492 
0.533725 509.000000 0.272193 
0.526275 528.000000 0.282353 
0.521569 540.000000 0.288770 
0.534510 507.000000 0.271123 
0.530588 517.000000 0.276471 
0.536078 503.000000 0.268984 
0.536078 503.000000 0.268984 
0.528627 522.000000 0.279144 
0.539216 495.000000 0.264706 
0.528235 523.000000 0.279679 
0.530588 517.000000 0.276471 
0.533725 509.000000 0.272193 
0.533725 509.000000 0.272193 
0.535294 505.000000 0.270053 
0.525882 529.000000 0.282888 
0.536471 502.000000 0.268449 
0.527059 526.000000 0.281283 
0.532157 513.000000 0.274332 
0.535686 504.000000 0.269519 
0.526667 527.000000 0.281818 
0.534510 507.000000 0.271123 
0.536078 503.000000 0.268984 
0.534510 507.000000 0.271123 
0.529412 520.000000 0.278075 
0.524706 532.000000 0.284492 
0.527843 524.000000 0.280214 
0.529020 521.000000 0.278610 
0.528627 522.000000 0.279144 
0.531373 515.000000 0.275401 
0.523922 534.000000 0.285561 
0.538039 498.000000 0.266310 
0.535294 505.000000 0.270053 
0.528235 523.000000 0.279679 
0.532549 512.000000 0.273797 
0.531373 515.000000 0.275401 
0.530588 517.000000 0.276471 
0.533333 510.000000 0.272727 
0.536863 501.000000 0.267914 
0.536471 502.000000 0.268449 
0.532941 511.000000 0.273262 
0.531373 515.000000 0.275401 
0.534118 508.000000 0.271658 
0.533725 509.000000 0.272193 
0.534510 507.000000 0.271123 
0.523137 536.000000 0.286631 
0.530196 518.000000 0.277005 
0.526667 527.000000 0.281818 
0.530588 517.000000 0.276471 
0.533725 509.000000 0.272193 
0.526667 527.000000 0.281818 
0.524706 532.000000 0.284492 
0.531765 514.000000 0.274866 
0.532157 513.000000 0.274332 
0.528627 522.000000 0.279144 
0.536078 503.000000 0.268984 
0.533333 510.000000 0.272727 
0.539608 494.000000 0.264171 
0.536471 502.000000 0.268449 
0.534118 508.000000 0.271658 
0.536471 502.000000 0.268449 
0.531373 515.000000 0.275401 
0.531765 514.000000 0.274866 
0.523529 535.000000 0.286096 
0.534510 507.000000 0.271123 
0.528235 523.000000 0.279679 
0.523529 535.000000 0.286096 
0.520784 542.000000 0.289840 
0.530196 518.000000 0.277005 
0.535686 504.000000 0.269519 
0.525098 531.000000 0.283957 
0.525490 530.000000 0.283422 
0.531373 515.000000 0.275401 
0.528627 522.000000 0.279144 
0.529020 521.000000 0.278610 
0.532157 513.000000 0.274332 
0.535294 505.000000 0.270053 
0.538824 496.000000 0.265241 
0.538039 498.000000 0.266310 
0.531765 514.000000 0.274866 
0.532549 512.000000 0.273797 
0.530980 516.000000 0.275936 
0.536471 502.000000 0.268449 
0.535686 504.000000 0.269519 
0.533333 510.000000 0.272727 
0.532549 512.000000 0.273797 
0.534902 506.000000 0.270588 
0.531765 514.000000 0.274866 
0.529804 519.000000 0.277540 
0.529804 519.000000 0.277540 
0.532941 511.000000 0.273262 
0.534510 507.000000 0.271123 
0.527451 525.000000 0.280749 
0.525490 530.000000 0.283422 
0.541569 489.000000 0.261497 
0.530588 517.000000 0.276471 
0.530588 517.000000 0.276471 
0.529412 520.000000 0.278075 
0.527451 525.000000 0.280749 
0.534510 507.000000 0.271123 
0.530588 517.000000 0.276471 
0.527059 526.000000 0.281283 
0.536471 502.000000 0.268449 
0.534118 508.000000 0.271658 
0.538431 497.000000 0.265775 
0.527059 526.000000 0.281283 
0.531765 514.000000 0.274866 
0.536471 502.000000 0.268449 
0.530588 517.000000 0.276471 
0.529020 521.000000 0.278610 
0.534902 506.000000 0.270588 
0.531765 514.000000 0.274866 
0.528627 522.000000 0.279144 
0.526667 527.000000 0.281818 
0.529020 521.000000 0.278610 
0.536471 502.000000 0.268449 
0.532549 512.000000 0.273797 
0.527059 526.000000 0.281283 
0.532941 511.000000 0.273262 
0.533333 510.000000 0.272727 
0.531765 514.000000 0.274866 
0.527059 526.000000 0.281283 
0.535294 505.000000 0.270053 
0.528627 522.000000 0.279144 
0.532157 513.000000 0.274332 
0.538431 497.000000 0.265775 
0.527843 524.000000 0.280214 
0.529412 520.000000 0.278075 
0.530196 518.000000 0.277005 
0.529804 519.000000 0.277540 
0.537647 499.000000 0.266845 
0.525490 530.000000 0.283422 
0.532941 511.000000 0.273262 
0.536471 502.000000 0.268449 
0.532157 513.000000 0.274332 
0.534902 506.000000 0.270588 
0.538039 498.000000 0.266310 
0.534118 508.000000 0.271658 
0.528235 523.000000 0.279679 
0.532549 512.000000 0.273797 
0.532157 513.000000 0.274332 
0.530196 518.000000 0.277005 
0.532549 512.000000 0.273797 
0.529412 520.000000 0.278075 
0.531765 514.000000 0.274866 
0.533333 510.000000 0.272727 
0.534118 508.000000 0.271658 
0.530980 516.000000 0.275936 
0.535294 505.000000 0.270053 
0.530588 517.000000 0.276471 
0.529020 521.000000 0.278610 
0.530588 517.000000 0.276471 
0.527451 525.000000 0.280749 
0.529804 519.000000 0.277540 
0.532157 513.000000 0.274332 
0.527843 524.000000 0.280214 
0.536863 501.000000 0.267914 
0.537255 500.000000 0.267380 
0.525490 530.000000 0.283422 
0.531373 515.000000 0.275401 
0.538039 498.000000 0.266310 
0.532157 513.000000 0.274332 
0.528627 522.000000 0.279144 
0.535686 504.000000 0.269519 
0.539216 495.000000 0.264706 
0.538431 497.000000 0.265775 
0.525882 529.000000 0.282888 
0.530588 517.000000 0.276471 
0.528235 523.000000 0.279679 
0.529412 520.000000 0.278075 
0.530196 518.000000 0.277005 
0.531765 514.000000 0.274866 
0.528627 522.000000 0.279144 
0.534118 508.000000 0.271658 
0.532549 512.000000 0.273797 
0.528627 522.000000 0.279144 
0.526667 527.000000 0.281818 
0.532549 512.000000 0.273797 
0.526667 527.000000 0.281818 
0.529412 520.000000 0.278075 
0.534902 506.000000 0.270588 
0.530196 518.000000 0.277005 
0.531373 515.000000 0.275401 
0.531373 515.000000 0.275401 
0.531373 515.000000 0.275401 
0.524314 533.000000 0.285027 
0.532549 512.000000 0.273797 
0.527451 525.000000 0.280749 
0.535294 505.000000 0.270053 
0.532549 512.000000 0.273797 
0.530980 516.000000 0.275936 
0.535686 504.000000 0.269519 
0.534902 506.000000 0.270588 
0.533725 509.000000 0.272193 
0.534510 507.000000 0.271123 
0.533725 509.000000 0.272193 
0.530980 516.000000 0.275936 
0.530588 517.000000 0.276471 
0.528235 523.000000 0.279679 
0.527451 525.000000 0.280749 
0.532157 513.000000 0.274332 
0.527059 526.000000 0.281283 
0.526667 527.000000 0.281818 
0.529020 521.000000 0.278610 
0.537255 500.000000 0.267380 
0.527059 526.000000 0.281283 
0.526275 528.000000 0.282353 
0.526667 527.000000 0.281818 
0.536863 501.000000 0.267914 
0.536863 501.000000 0.267914 
0.531765 514.000000 0.274866 
0.534902 506.000000 0.270588 
0.526667 527.000000 0.281818 
0.530980 516.000000 0.275936 
0.532941 511.000000 0.273262 
0.527843 524.000000 0.280214 
0.529020 521.000000 0.278610 
0.534118 508.000000 0.271658 
0.534902 506.000000 0.270588 
0.529412 520.000000 0.278075 
0.533725 509.000000 0.272193 
0.530196 518.000000 0.277005 
0.530196 518.000000 0.277005 
0.534510 507.000000 0.271123 
0.540000 493.000000 0.263636 
0.530980 516.000000 0.275936 
0.525098 531.000000 0.283957 
0.532549 512.000000 0.273797 
0.526275 528.000000 0.282353 
0.535294 505.000000 0.270053 
0.535686 504.000000 0.269519 
0.536471 502.000000 0.268449 
0.534902 506.000000 0.270588 
0.530980 516.000000 0.275936 
0.532157 513.000000 0.274332 
0.532549 512.000000 0.273797 
0.530980 516.000000 0.275936 
0.525882 529.000000 0.282888 
0.530588 517.000000 0.276471 
0.534510 507.000000 0.271123 
0.539608 494.000000 0.264171 
0.535294 505.000000 0.270053 
0.530980 516.000000 0.275936 
0.530196 518.000000 0.277005 
0.523137 536.000000 0.286631 
0.535294 505.000000 0.270053 
0.529804 519.000000 0.277540 
0.533333 510.000000 0.272727 
0.535294 505.000000 0.270053 
0.524706 532.000000 0.284492 
0.525490 530.000000 0.283422 
0.533333 510.000000 0.272727 
0.535294 505.000000 0.270053 
0.534902 506.000000 0.270588 
0.529412 520.000000 0.278075 
0.535294 505.000000 0.270053 
0.530196 518.000000 0.277005 
0.532941 511.000000 0.273262 
0.531765 514.000000 0.274866 
0.533333 510.000000 0.272727 
0.534510 507.000000 0.271123 
0.532549 512.000000 0.273797 
0.530196 518.000000 0.277005 
0.534902 506.000000 0.270588 
0.535294 505.000000 0.270053 
0.530196 518.000000 0.277005 
0.532941 511.000000 0.273262 
0.529804 519.000000 0.277540 
0.525882 529.000000 0.282888 
0.531765 514.000000 0.274866 
0.526667 527.000000 0.281818 
0.527843 524.000000 0.280214 
0.529804 519.000000 0.277540 
0.532157 513.000000 0.274332 
0.528235 523.000000 0.279679 
0.530196 518.000000 0.277005 
0.530588 517.000000 0.276471 
0.534118 508.000000 0.271658 
0.526667 527.000000 0.281818 
0.534118 508.000000 0.271658 
0.530588 517.000000 0.276471 
0.525882 529.000000 0.282888 
0.531765 514.000000 0.274866 
0.533333 510.000000 0.272727 
0.526667 527.000000 0.281818 
0.535294 505.000000 0.270053 
0.528627 522.000000 0.279144 
0.534510 507.000000 0.271123 
0.528627 522.000000 0.279144 
0.530196 518.000000 0.277005 
0.531765 514.000000 0.274866 
0.521569 540.000000 0.288770 
0.534118 508.000000 0.271658 
0.527843 524.000000 0.280214 
0.531765 514.000000 0.274866 
0.536078 503.000000 0.268984 
0.527451 525.000000 0.280749 
0.535294 505.000000 0.270053 
0.540000 493.000000 0.263636 
0.535686 504.000000 0.269519 
0.528235 523.000000 0.279679 
0.527843 524.000000 0.280214 
0.529412 520.000000 0.278075 
0.531765 514.000000 0.274866 
0.534902 506.000000 0.270588 
0.530980 516.000000 0.275936 
0.529804 519.000000 0.277540 
0.526667 527.000000 0.281818 
0.532549 512.000000 0.273797 
0.530196 518.000000 0.277005 
0.530588 517.000000 0.276471 
0.535686 504.000000 0.269519 
0.521961 539.000000 0.288235 
0.530196 518.000000 0.277005 
0.534902 506.000000 0.270588 
0.535686 504.000000 0.269519 
0.536471 502.000000 0.268449 
0.524314 533.000000 0.285027 
0.528627 522.000000 0.279144 
0.524706 532.000000 0.284492 
0.531765 514.000000 0.274866 
0.528235 523.000000 0.279679 
0.532549 512.000000 0.273797 
0.529020 521.000000 0.278610 
0.528627 522.000000 0.279144 
0.530980 516.000000 0.275936 
0.530588 517.000000 0.276471 
0.531765 514.000000 0.274866 
0.527843 524.000000 0.280214 
0.537647 499.000000 0.266845 
0.532549 512.000000 0.273797 
0.533333 510.000000 0.272727 
0.534118 508.000000 0.271658 
0.528627 522.000000 0.279144 
0.529412 520.000000 0.278075 
0.527843 524.000000 0.280214 
0.524706 532.000000 0.284492 
0.533333 510.000000 0.272727 
0.530588 517.000000 0.276471 
0.529020 521.000000 0.278610 
0.528627 522.000000 0.279144 
0.530196 518.000000 0.277005 
0.529412 520.000000 0.278075 
0.531765 514.000000 0.274866 
0.532941 511.000000 0.273262 
0.536078 503.000000 0.268984 
0.533333 510.000000 0.272727 
0.530588 517.000000 0.276471 
0.530196 518.000000 0.277005 
0.523922 534.000000 0.285561 
0.537647 499.000000 0.266845 
0.531373 515.000000 0.275401 
0.529412 520.000000 0.278075 
0.535686 504.000000 0.269519 
0.533725 509.000000 0.272193 
0.541569 489.000000 0.261497 
0.524706 532.000000 0.284492 
0.535686 504.000000 0.269519 
0.535294 505.000000 0.270053 
0.538431 497.000000 0.265775 
0.534510 507.000000 0.271123 
0.526667 527.000000 0.281818 
0.534118 508.000000 0.271658 
0.530196 518.000000 0.277005 
0.531373 515.000000 0.275401 
0.531373 515.000000 0.275401 
0.529020 521.000000 0.278610 
0.537647 499.000000 0.266845 
0.535294 505.000000 0.270053 
0.529020 521.000000 0.278610 
0.525098 531.000000 0.283957 
0.531373 515.000000 0.275401 
0.532157 513.000000 0.274332 
0.535294 505.000000 0.270053 
0.528235 523.000000 0.279679 
0.534118 508.000000 0.271658 
0.529804 519.000000 0.277540 
0.543137 485.000000 0.259358 
0.529804 519.000000 0.277540 
0.534118 508.000000 0.271658 
0.524314 533.000000 0.285027 
0.530980 516.000000 0.275936 
0.533725 509.000000 0.272193 
0.535294 505.000000 0.270053 
0.530196 518.000000 0.277005 
0.533725 509.000000 0.272193 
0.532549 512.000000 0.273797 
0.532157 513.000000 0.274332 
0.529804 519.000000 0.277540 
0.525098 531.000000 0.283957 
0.529804 519.000000 0.277540 
0.524706 532.000000 0.284492 
0.525882 529.000000 0.282888 
0.531765 514.000000 0.274866 
0.528235 523.000000 0.279679 
0.533725 509.000000 0.272193 
0.534510 507.000000 0.271123 
0.534118 508.000000 0.271658 
0.530588 517.000000 0.276471 
0.527843 524.000000 0.280214 
0.527843 524.000000 0.280214 
0.535686 504.000000 0.269519 
0.530588 517.000000 0.276471 
0.523137 536.000000 0.286631 
0.528235 523.000000 0.279679 
0.529020 521.000000 0.278610 
0.531373 515.000000 0.275401 
0.523922 534.000000 0.285561 
0.532157 513.000000 0.274332 
0.535294 505.000000 0.270053 
0.530588 517.000000 0.276471 
0.538824 496.000000 0.265241 
0.529804 519.000000 0.277540 
0.531373 515.000000 0.275401 
0.527059 526.000000 0.281283 
0.526667 527.000000 0.281818 
0.538431 497.000000 0.265775 
0.533725 509.000000 0.272193 
0.529020 521.000000 0.278610 
0.533333 510.000000 0.272727 
0.528235 523.000000 0.279679 
0.528627 522.000000 0.279144 
0.532941 511.000000 0.273262 
0.533725 509.000000 0.272193 
0.530196 518.000000 0.277005 
0.530196 518.000000 0.277005 
0.529020 521.000000 0.278610 
0.535686 504.000000 0.269519 
0.535294 505.000000 0.270053 
0.539216 495.000000 0.264706 
0.540784 491.000000 0.262567 
0.523529 535.000000 0.286096 
0.532157 513.000000 0.274332 
0.537255 500.000000 0.267380 
0.530980 516.000000 0.275936 
0.532941 511.000000 0.273262 
0.526275 528.000000 0.282353 
0.530196 518.000000 0.277005 
0.527059 526.000000 0.281283 
0.531373 515.000000 0.275401 
0.536863 501.000000 0.267914 
0.529020 521.000000 0.278610 
0.535294 505.000000 0.270053 
0.525490 530.000000 0.283422 
0.529412 520.000000 0.278075 
0.532157 513.000000 0.274332 
0.531765 514.000000 0.274866 
0.526667 527.000000 0.281818 
0.535686 504.000000 0.269519 
0.524706 532.000000 0.284492 
0.530196 518.000000 0.277005 
0.536863 501.000000 0.267914 
0.535686 504.000000 0.269519 
0.538431 497.000000 0.265775 
0.522353 538.000000 0.287701 
0.533725 509.000000 0.272193 
0.540392 492.000000 0.263102 
0.533333 510.000000 0.272727 
0.526667 527.000000 0.281818 
0.533333 510.000000 0.272727 
0.540784 491.000000 0.262567 
0.530196 518.000000 0.277005 
0.532549 512.000000 0.273797 
0.530196 518.000000 0.277005 
0.538431 497.000000 0.265775 
0.525490 530.000000 0.283422 
0.529804 519.000000 0.277540 
0.532157 513.000000 0.274332 
0.536863 501.000000 0.267914 
0.535686 504.000000 0.269519 
0.528627 522.000000 0.279144 
0.531765 514.000000 0.274866 
0.529804 519.000000 0.277540 
0.534510 507.000000 0.271123 
0.530196 518.000000 0.277005 
0.532157 513.000000 0.274332 
0.539608 494.000000 0.264171 
0.533333 510.000000 0.272727 
0.532941 511.000000 0.273262 
0.530980 516.000000 0.275936 
0.533725 509.000000 0.272193 
0.529412 520.000000 0.278075 
0.529412 520.000000 0.278075 
0.535686 504.000000 0.269519 
0.532157 513.000000 0.274332 
0.529020 521.000000 0.278610 
0.535294 505.000000 0.270053 
0.533725 509.000000 0.272193 
0.532941 511.000000 0.273262 
0.531765 514.000000 0.274866 
0.528235 523.000000 0.279679 
0.529804 519.000000 0.277540 
0.531765 514.000000 0.274866 
0.525490 530.000000 0.283422 
0.527843 524.000000 0.280214 
0.530980 516.000000 0.275936 
0.533333 510.000000 0.272727 
0.529804 519.000000 0.277540 
0.537255 500.000000 0.267380 
0.528235 523.000000 0.279679 
0.529804 519.000000 0.277540 
0.532157 513.000000 0.274332 
0.533725 509.000000 0.272193 
0.528627 522.000000 0.279144 
0.524314 533.000000 0.285027 
0.527843 524.000000 0.280214 
0.527843 524.000000 0.280214 
0.537647 499.000000 0.266845 
0.531765 514.000000 0.274866 
0.534118 508.000000 0.271658 
0.536863 501.000000 0.267914 
0.534902 506.000000 0.270588 
0.534510 507.000000 0.271123 
0.527451 525.000000 0.280749 
0.535294 505.000000 0.270053 
0.534118 508.000000 0.271658 
0.528235 523.000000 0.279679 
0.524706 532.000000 0.284492 
0.532157 513.000000 0.274332 
0.530196 518.000000 0.277005 
0.530980 516.000000 0.275936 
0.529020 521.000000 0.278610 
0.530980 516.000000 0.275936 
0.529804 519.000000 0.277540 
0.526275 528.000000 0.282353 
0.534510 507.000000 0.271123 
0.529020 521.000000 0.278610 
0.535294 505.000000 0.270053 
0.529412 520.000000 0.278075 
0.527843 524.000000 0.280214 
0.538824 496.000000 0.265241 
0.532941 511.000000 0.273262 
0.530196 518.000000 0.277005 
0.526667 527.000000 0.281818 
0.528627 522.000000 0.279144 
0.529804 519.000000 0.277540 
0.538431 497.000000 0.265775 
0.526667 527.000000 0.281818 
0.532157 513.000000 0.274332 
0.526667 527.000000 0.281818 
0.534118 508.000000 0.271658 
0.525490 530.000000 0.283422 
0.525490 530.000000 0.283422 
0.531765 514.000000 0.274866 
0.531373 515.000000 0.275401 
0.529804 519.000000 0.277540 
0.531373 515.000000 0.275401 
0.535686 504.000000 0.269519 
0.525098 531.000000 0.283957 
0.527059 526.000000 0.281283 
0.531765 514.000000 0.274866 
0.535686 504.000000 0.269519 
0.534902 506.000000 0.270588 
0.538824 496.000000 0.265241 
0.529412 520.000000 0.278075 
0.533725 509.000000 0.272193 
0.530196 518.000000 0.277005 
0.532157 513.000000 0.274332 
0.530980 516.000000 0.275936 
0.528235 523.000000 0.279679 
0.533333 510.000000 0.272727 
0.540000 493.000000 0.263636 
0.534902 506.000000 0.270588 
0.524314 533.000000 0.285027 
0.524706 532.000000 0.284492 
0.528627 522.000000 0.279144 
0.525882 529.000000 0.282888 
0.530588 517.000000 0.276471 
0.531373 515.000000 0.275401 
0.530196 518.000000 0.277005 
0.523922 534.000000 0.285561 
0.527843 524.000000 0.280214 
0.523922 534.000000 0.285561 
0.525490 530.000000 0.283422 
0.527843 524.000000 0.280214 
0.529804 519.000000 0.277540 
0.537255 500.000000 0.267380 
0.532941 511.000000 0.273262 
0.534118 508.000000 0.271658 
0.531373 515.000000 0.275401 
0.538824 496.000000 0.265241 
0.532941 511.000000 0.273262 
0.532941 511.000000 0.273262 
0.529804 519.000000 0.277540 
0.527451 525.000000 0.280749 
0.529020 521.000000 0.278610 
0.527451 525.000000 0.280749 
0.531373 515.000000 0.275401 
0.526667 527.000000 0.281818 
0.532549 512.000000 0.273797 
0.536471 502.000000 0.268449 
0.531373 515.000000 0.275401 
0.530588 517.000000 0.276471 
0.534902 506.000000 0.270588 
0.531373 515.000000 0.275401 
0.530588 517.000000 0.276471 
0.532157 513.000000 0.274332 
0.534510 507.000000 0.271123 
0.529412 520.000000 0.278075 
0.535294 505.000000 0.270053 
0.529020 521.000000 0.278610 
0.536471 502.000000 0.268449 
0.533333 510.000000 0.272727 
0.534118 508.000000 0.271658 
0.538039 498.000000 0.266310 
0.534902 506.000000 0.270588 
0.530196 518.000000 0.277005 
0.537647 499.000000 0.266845 
0.525490 530.000000 0.283422 
0.526667 527.000000 0.281818 
0.530588 517.000000 0.276471 
0.532157 513.000000 0.274332 
0.532549 512.000000 0.273797 
0.533333 510.000000 0.272727 
0.530196 518.000000 0.277005 
0.530980 516.000000 0.275936 
0.534510 507.000000 0.271123 
0.530588 517.000000 0.276471 
0.535294 505.000000 0.270053 
0.527843 524.000000 0.280214 
0.542745 486.000000 0.259893 
0.535686 504.000000 0.269519 
0.522353 538.000000 0.287701 
0.529020 521.000000 0.278610 
0.529020 521.000000 0.278610 
0.532549 512.000000 0.273797 
0.528627 522.000000 0.279144 
0.531765 514.000000 0.274866 
0.532941 511.000000 0.273262 
0.533725 509.000000 0.272193 
0.536863 501.000000 0.267914 
0.527451 525.000000 0.280749 
0.530196 518.000000 0.277005 
0.527843 524.000000 0.280214 
0.535294 505.000000 0.270053 
0.532941 511.000000 0.273262 
0.533333 510.000000 0.272727 
0.523529 535.000000 0.286096 
0.527059 526.000000 0.281283 
0.532157 513.000000 0.274332 
0.538039 498.000000 0.266310 
0.533333 510.000000 0.272727 
0.537255 500.000000 0.267380 
0.527059 526.000000 0.281283 
0.543529 484.000000 0.258824 
0.529412 520.000000 0.278075 
0.529804 519.000000 0.277540 
0.529020 521.000000 0.278610 
0.534118 508.000000 0.271658 
0.527843 524.000000 0.280214 
0.538039 498.000000 0.266310 
0.528627 522.000000 0.279144 
0.527059 526.000000 0.281283 
0.536471 502.000000 0.268449 
0.530588 517.000000 0.276471 
0.523922 534.000000 0.285561 
0.535686 504.000000 0.269519 
0.537647 499.000000 0.266845 
0.532157 513.000000 0.274332 
0.532549 512.000000 0.273797 
0.533333 510.000000 0.272727 
0.525882 529.000000 0.282888 
0.530980 516.000000 0.275936 
0.532157 513.000000 0.274332 
0.533725 509.000000 0.272193 
0.532549 512.000000 0.273797 
0.526275 528.000000 0.282353 
0.538431 497.000000 0.265775 
0.531373 515.000000 0.275401 
0.535294 505.000000 0.270053 
0.530588 517.000000 0.276471 
0.526275 528.000000 0.282353 
0.529804 519.000000 0.277540 
0.529020 521.000000 0.278610 
0.540000 493.000000 0.263636 
0.533725 509.000000 0.272193 
0.532941 511.000000 0.273262 
0.530980 516.000000 0.275936 
0.527843 524.000000 0.280214 
0.535686 504.000000 0.269519 
0.529412 520.000000 0.278075 
0.538824 496.000000 0.265241 
0.529412 520.000000 0.278075 
0.530196 518.000000 0.277005 
0.529804 519.000000 0.277540 
0.529020 521.000000 0.278610 
0.529412 520.000000 0.278075 
0.539608 494.000000 0.264171 
0.545490 479.000000 0.256150 
0.529020 521.000000 0.278610 
0.532157 513.000000 0.274332 
0.526275 528.000000 0.282353 
0.531765 514.000000 0.274866 
0.536863 501.000000 0.267914 
0.536863 501.000000 0.267914 
0.530980 516.000000 0.275936 
0.534118 508.000000 0.271658 
0.528627 522.000000 0.279144 
0.533725 509.000000 0.272193 
0.523137 536.000000 0.286631 
0.531765 514.000000 0.274866 
0.530588 517.000000 0.276471 
0.530196 518.000000 0.277005 
0.532157 513.000000 0.274332 
0.536471 502.000000 0.268449 
0.532549 512.000000 0.273797 
0.535686 504.000000 0.269519 
0.536863 501.000000 0.267914 
0.525490 530.000000 0.283422 
0.531373 515.000000 0.275401 
0.534510 507.000000 0.271123 
0.528235 523.000000 0.279679 
0.521961 539.000000 0.288235 
0.536078 503.000000 0.268984 
0.534118 508.000000 0.271658 
0.527843 524.000000 0.280214 
0.526275 528.000000 0.282353 
0.525098 531.000000 0.283957 
0.531373 515.000000 0.275401 
0.528627 522.000000 0.279144 
0.531765 514.000000 0.274866 
0.528235 523.000000 0.279679 
0.534510 507.000000 0.271123 
0.531373 515.000000 0.275401 
0.531373 515.000000 0.275401 
0.534902 506.000000 0.270588 
0.530196 518.000000 0.277005 
0.529804 519.000000 0.277540 
0.526275 528.000000 0.282353 
0.536078 503.000000 0.268984 
0.529412 520.000000 0.278075 
0.530980 516.000000 0.275936 
0.528235 523.000000 0.279679 
0.532157 513.000000 0.274332 
0.529412 520.000000 0.278075 
0.533333 510.000000 0.272727 
0.527843 524.000000 0.280214 
0.524706 532.000000 0.284492 
0.536863 501.000000 0.267914 
0.534510 507.000000 0.271123 
0.527843 524.000000 0.280214 
0.530196 518.000000 0.277005 
0.527059 526.000000 0.281283 
0.530980 516.000000 0.275936 
0.538824 496.000000 0.265241 
0.545882 478.000000 0.255615 
0.526667 527.000000 0.281818 
0.530196 518.000000 0.277005 
0.530588 517.000000 0.276471 
0.537255 500.000000 0.267380 
0.529412 520.000000 0.278075 
0.530196 518.000000 0.277005 
0.529020 521.000000 0.278610 
0.523529 535.000000 0.286096 
0.532157 513.000000 0.274332 
0.533333 510.000000 0.272727 
0.535686 504.000000 0.269519 
0.523137 536.000000 0.286631 
0.527059 526.000000 0.281283 
0.531765 514.000000 0.274866 
0.528235 523.000000 0.279679 
0.528627 522.000000 0.279144 
0.530196 518.000000 0.277005 
0.527843 524.000000 0.280214 
0.529020 521.000000 0.278610 
0.535294 505.000000 0.270053 
0.538039 498.000000 0.266310 
0.530980 516.000000 0.275936 
0.536471 502.000000 0.268449 
0.531373 515.000000 0.275401 
0.530196 518.000000 0.277005 
0.529804 519.000000 0.277540 
0.530588 517.000000 0.276471 
0.525882 529.000000 0.282888 
0.536471 502.000000 0.268449 
0.534902 506.000000 0.270588 
0.530196 518.000000 0.277005 
0.532549 512.000000 0.273797 
0.530980 516.000000 0.275936 
0.523529 535.000000 0.286096 
0.534510 507.000000 0.271123 
0.530588 517.000000 0.276471 
0.536863 501.000000 0.267914 
0.528627 522.000000 0.279144 
0.529804 519.000000 0.277540 
0.530588 517.000000 0.276471 
0.532157 513.000000 0.274332 
0.535686 504.000000 0.269519 
0.528235 523.000000 0.279679 
0.527059 526.000000 0.281283 
0.524706 532.000000 0.284492 
0.530196 518.000000 0.277005 
0.528235 523.000000 0.279679 
0.532549 512.000000 0.273797 
0.530588 517.000000 0.276471 
0.528235 523.000000 0.279679 
0.527451 525.000000 0.280749 
0.530588 517.000000 0.276471 
0.534510 507.000000 0.271123 
0.526667 527.000000 0.281818 
0.531765 514.000000 0.274866 
0.529020 521.000000 0.278610 
0.528627 522.000000 0.279144 
0.527059 526.000000 0.281283 
0.527059 526.000000 0.281283 
0.531765 514.000000 0.274866 
0.533333 510.000000 0.272727 
0.537255 500.000000 0.267380 
0.535294 505.000000 0.270053 
0.531765 514.000000 0.274866 
0.529020 521.000000 0.278610 
0.536078 503.000000 0.268984 
0.525490 530.000000 0.283422 
0.528235 523.000000 0.279679 
0.523529 535.000000 0.286096 
0.525490 530.000000 0.283422 
0.531373 515.000000 0.275401 
0.526275 528.000000 0.282353 
0.530980 516.000000 0.275936 
0.529020 521.000000 0.278610 
0.531373 515.000000 0.275401 
0.533725 509.000000 0.272193 
0.534510 507.000000 0.271123 
0.532157 513.000000 0.274332 
0.532157 513.000000 0.274332 
0.531373 515.000000 0.275401 
0.537255 500.000000 0.267380 
0.532941 511.000000 0.273262 
0.534902 506.000000 0.270588 
0.533725 509.000000 0.272193 
0.527843 524.000000 0.280214 
0.533333 510.000000 0.272727 
0.533333 510.000000 0.272727 
0.524314 533.000000 0.285027 
0.533333 510.000000 0.272727 
0.536078 503.000000 0.268984 
0.533333 510.000000 0.272727 
0.529412 520.000000 0.278075 
0.529804 519.000000 0.277540 
0.533333 510.000000 0.272727 
0.528627 522.000000 0.279144 
0.530980 516.000000 0.275936 
0.534510 507.000000 0.271123 
0.529412 520.000000 0.278075 
0.526667 527.000000 0.281818 
0.529020 521.000000 0.278610 
0.531765 514.000000 0.274866 
0.530196 518.000000 0.277005 
0.532941 511.000000 0.273262 
0.531373 515.000000 0.275401 
0.526667 527.000000 0.281818 
0.529412 520.000000 0.278075 
0.539608 494.000000 0.264171 
0.531765 514.000000 0.274866 
0.535294 505.000000 0.270053 
0.534118 508.000000 0.271658 
0.531373 515.000000 0.275401 
0.535294 505.000000 0.270053 
0.538824 496.000000 0.265241 
0.526275 528.000000 0.282353 
0.529412 520.000000 0.278075 
0.525098 531.000000 0.283957 
0.527059 526.000000 0.281283 
0.532549 512.000000 0.273797 
0.531765 514.000000 0.274866 
0.527843 524.000000 0.280214 
0.525882 529.000000 0.282888 
0.524314 533.000000 0.285027 
0.535294 505.000000 0.270053 
0.530588 517.000000 0.276471 
0.530196 518.000000 0.277005 
0.529412 520.000000 0.278075 
0.522745 537.000000 0.287166 
0.533725 509.000000 0.272193 
0.537255 500.000000 0.267380 
0.535686 504.000000 0.269519 
0.528627 522.000000 0.279144 
0.528627 522.000000 0.279144 
0.538431 497.000000 0.265775 
0.529412 520.000000 0.278075 
0.526667 527.000000 0.281818 
0.528627 522.000000 0.279144 
0.530196 518.000000 0.277005 
0.534902 506.000000 0.270588 
0.533725 509.000000 0.272193 
0.530980 516.000000 0.275936 
0.536471 502.000000 0.268449 
0.529804 519.000000 0.277540 
0.530196 518.000000 0.277005 
0.535294 505.000000 0.270053 
0.530980 516.000000 0.275936 
0.532157 513.000000 0.274332 
0.532549 512.000000 0.273797 
0.540784 491.000000 0.262567 
0.532941 511.000000 0.273262 
0.529020 521.000000 0.278610 
0.531373 515.000000 0.275401 
0.527059 526.000000 0.281283 
0.531373 515.000000 0.275401 
0.532549 512.000000 0.273797 
0.532549 512.000000 0.273797 
0.533333 510.000000 0.272727 
0.531373 515.000000 0.275401 
0.525490 530.000000 0.283422 
0.528627 522.000000 0.279144 
0.528235 523.000000 0.279679 
0.521961 539.000000 0.288235 
0.529804 519.000000 0.277540 
0.530196 518.000000 0.277005 
0.532157 513.000000 0.274332 
0.529020 521.000000 0.278610 
0.533725 509.000000 0.272193 
0.532941 511.000000 0.273262 
0.527843 524.000000 0.280214 
0.532157 513.000000 0.274332 
0.531373 515.000000 0.275401 
0.526275 528.000000 0.282353 
0.521961 539.000000 0.288235 
0.533725 509.000000 0.272193 
0.534118 508.000000 0.271658 
0.533725 509.000000 0.272193 
0.524706 532.000000 0.284492 
0.529020 521.000000 0.278610 
0.532549 512.000000 0.273797 
0.532941 511.000000 0.273262 
0.530588 517.000000 0.276471 
0.533725 509.000000 0.272193 
0.527451 525.000000 0.280749 
0.527451 525.000000 0.280749 
0.524706 532.000000 0.284492 
0.538431 497.000000 0.265775 
0.529412 520.000000 0.278075 
0.530196 518.000000 0.277005 
0.532549 512.000000 0.273797 
0.529412 520.000000 0.278075 
0.534118 508.000000 0.271658 
0.524314 533.000000 0.285027 
0.525490 530.000000 0.283422 
0.526275 528.000000 0.282353 
0.529804 519.000000 0.277540 
0.531373 515.000000 0.275401 
0.523529 535.000000 0.286096 
0.540392 492.000000 0.263102 
0.538431 497.000000 0.265775 
0.528235 523.000000 0.279679 
0.533333 510.000000 0.272727 
0.533725 509.000000 0.272193 
0.533725 509.000000 0.272193 
0.528627 522.000000 0.279144 
0.530196 518.000000 0.277005 
0.531373 515.000000 0.275401 
0.534510 507.000000 0.271123 
0.525098 531.000000 0.283957 
0.527843 524.000000 0.280214 
0.540000 493.000000 0.263636 
0.531373 515.000000 0.275401 
0.527843 524.000000 0.280214 
0.529020 521.000000 0.278610 
0.531373 515.000000 0.275401 
0.528627 522.000000 0.279144 
0.527843 524.000000 0.280214 
0.532549 512.000000 0.273797 
0.526667 527.000000 0.281818 
0.536863 501.000000 0.267914 
0.536078 503.000000 0.268984 
0.525490 530.000000 0.283422 
0.534118 508.000000 0.271658 
0.537255 500.000000 0.267380 
0.531373 515.000000 0.275401 
0.532549 512.000000 0.273797 
0.534510 507.000000 0.271123 
0.534902 506.000000 0.270588 
0.536471 502.000000 0.268449 
0.523922 534.000000 0.285561 
0.538824 496.000000 0.265241 
0.525882 529.000000 0.282888 
0.529804 519.000000 0.277540 
0.526667 527.000000 0.281818 
0.529412 520.000000 0.278075 
0.541176 490.000000 0.262032 
0.533333 510.000000 0.272727 
0.529412 520.000000 0.278075 
0.535294 505.000000 0.270053 
0.529412 520.000000 0.278075 
0.537255 500.000000 0.267380 
0.539216 495.000000 0.264706 
0.530588 517.000000 0.276471 
0.530588 517.000000 0.276471 
0.532941 511.000000 0.273262 
0.536863 501.000000 0.267914 
0.535294 505.000000 0.270053 
0.529412 520.000000 0.278075 
0.530980 516.000000 0.275936 
0.530196 518.000000 0.277005 
0.523137 536.000000 0.286631 
0.534902 506.000000 0.270588 
0.538431 497.000000 0.265775 
0.535686 504.000000 0.269519 
0.530980 516.000000 0.275936 
0.531765 514.000000 0.274866 
0.527451 525.000000 0.280749 
0.529412 520.000000 0.278075 
0.534118 508.000000 0.271658 
0.525490 530.000000 0.283422 
0.531765 514.000000 0.274866 
0.530196 518.000000 0.277005 
0.536863 501.000000 0.267914 
0.525882 529.000000 0.282888 
0.535294 505.000000 0.270053 
0.532157 513.000000 0.274332 
0.532941 511.000000 0.273262 
0.536471 502.000000 0.268449 
0.536863 501.000000 0.267914 
0.538039 498.000000 0.266310 
0.535686 504.000000 0.269519 
0.534510 507.000000 0.271123 
0.530588 517.000000 0.276471 
0.530588 517.000000 0.276471 
0.531373 515.000000 0.275401 
0.532549 512.000000 0.273797 
0.532941 511.000000 0.273262 
0.536471 502.000000 0.268449 
0.533725 509.000000 0.272193 
0.523137 536.000000 0.286631 
0.533725 509.000000 0.272193 
0.527843 524.000000 0.280214 
0.531373 515.000000 0.275401 
0.538824 496.000000 0.265241 
0.523529 535.000000 0.286096 
0.532941 511.000000 0.273262 
0.527843 524.000000 0.280214 
0.532157 513.000000 0.274332 
0.529412 520.000000 0.278075 
0.534902 506.000000 0.270588 
0.534118 508.000000 0.271658 
0.537255 500.000000 0.267380 
0.534902 506.000000 0.270588 
0.530980 516.000000 0.275936 
0.530980 516.000000 0.275936 
0.528627 522.000000 0.279144 
0.535294 505.000000 0.270053 
0.532941 511.000000 0.273262 
0.526275 528.000000 0.282353 
0.539608 494.000000 0.264171 
0.533725 509.000000 0.272193 
0.532157 513.000000 0.274332 
0.531765 514.000000 0.274866 
0.524706 532.000000 0.284492 
0.527059 526.000000 0.281283 
0.533333 510.000000 0.272727 
0.529020 521.000000 0.278610 
0.530980 516.000000 0.275936 
0.538431 497.000000 0.265775 
0.539608 494.000000 0.264171 
0.535294 505.000000 0.270053 
0.535294 505.000000 0.270053 
0.527451 525.000000 0.280749 
0.530196 518.000000 0.277005 
0.530196 518.000000 0.277005 
0.529020 521.000000 0.278610 
0.529412 520.000000 0.278075 
0.529020 521.000000 0.278610 
0.531765 514.000000 0.274866 
0.532549 512.000000 0.273797 
0.525882 529.000000 0.282888 
0.537255 500.000000 0.267380 
0.530980 516.000000 0.275936 
0.529020 521.000000 0.278610 
0.532157 513.000000 0.274332 
0.528627 522.000000 0.279144 
0.530196 518.000000 0.277005 
0.529804 519.000000 0.277540 
0.532941 511.000000 0.273262 
0.532549 512.000000 0.273797 
0.530588 517.000000 0.276471 
0.531765 514.000000 0.274866 
0.532941 511.000000 0.273262 
0.536471 502.000000 0.268449 
0.531765 514.000000 0.274866 
0.528235 523.000000 0.279679 
0.528627 522.000000 0.279144 
0.533333 510.000000 0.272727 
0.529804 519.000000 0.277540 
0.530588 517.000000 0.276471 
0.537647 499.000000 0.266845 
0.532549 512.000000 0.273797 
0.527059 526.000000 0.281283 
0.532941 511.000000 0.273262 
0.530588 517.000000 0.276471 
0.531765 514.000000 0.274866 
0.532157 513.000000 0.274332 
0.531373 515.000000 0.275401 
0.536863 501.000000 0.267914 
0.527451 525.000000 0.280749 
0.529412 520.000000 0.278075 
0.529412 520.000000 0.278075 
0.528235 523.000000 0.279679 
0.532157 513.000000 0.274332 
0.530196 518.000000 0.277005 
0.529804 519.000000 0.277540 
0.531373 515.000000 0.275401 
0.527451 525.000000 0.280749 
0.530980 516.000000 0.275936 
0.524706 532.000000 0.284492 
0.532549 512.000000 0.273797 
0.527451 525.000000 0.280749 
0.531373 515.000000 0.275401 
0.532941 511.000000 0.273262 
0.529412 520.000000 0.278075 
0.536471 502.000000 0.268449 
0.533725 509.000000 0.272193 
0.539216 495.000000 0.264706 
0.529412 520.000000 0.278075 
0.530980 516.000000 0.275936 
0.525490 530.000000 0.283422 
0.536078 503.000000 0.268984 
0.529412 520.000000 0.278075 
0.525882 529.000000 0.282888 
0.528627 522.000000 0.279144 
0.525098 531.000000 0.283957 
0.536471 502.000000 0.268449 
0.533725 509.000000 0.272193 
0.538039 498.000000 0.266310 
0.533725 509.000000 0.272193 
0.539608 494.000000 0.264171 
0.530588 517.000000 0.276471 
0.543137 485.000000 0.259358 
0.531765 514.000000 0.274866 
0.532549 512.000000 0.273797 
0.533333 510.000000 0.272727 
0.534118 508.000000 0.271658 
0.529804 519.000000 0.277540 
0.528627 522.000000 0.279144 
0.531373 515.000000 0.275401 
0.526667 527.000000 0.281818 
0.531765 514.000000 0.274866 
0.534902 506.000000 0.270588 
0.526667 527.000000 0.281818 
0.534902 506.000000 0.270588 
0.534118 508.000000 0.271658 
0.530196 518.000000 0.277005 
0.537647 499.000000 0.266845 
0.532941 511.000000 0.273262 
0.529804 519.000000 0.277540 
0.536078 503.000000 0.268984 
0.535686 504.000000 0.269519 
0.535294 505.000000 0.270053 
0.529020 521.000000 0.278610 
0.529412 520.000000 0.278075 
0.530588 517.000000 0.276471 
0.529020 521.000000 0.278610 
0.537255 500.000000 0.267380 
0.537255 500.000000 0.267380 
0.533725 509.000000 0.272193 
0.533333 510.000000 0.272727 
0.527451 525.000000 0.280749 
0.541961 488.000000 0.260963 
0.543922 483.000000 0.258289 
0.532941 511.000000 0.273262 
0.533333 510.000000 0.272727 
0.532157 513.000000 0.274332 
0.531765 514.000000 0.274866 
0.527451 525.000000 0.280749 
0.530588 517.000000 0.276471 
0.527059 526.000000 0.281283 
0.526275 528.000000 0.282353 
0.532157 513.000000 0.274332 
0.537255 500.000000 0.267380 
0.533333 510.000000 0.272727 
0.536078 503.000000 0.268984 
0.533725 509.000000 0.272193 
0.534902 506.000000 0.270588 
0.535686 504.000000 0.269519 
0.529020 521.000000 0.278610 
0.536471 502.000000 0.268449 
0.526667 527.000000 0.281818 
0.532157 513.000000 0.274332 
0.535294 505.000000 0.270053 
0.525490 530.000000 0.283422 
0.530196 518.000000 0.277005 
0.527451 525.000000 0.280749 
0.532157 513.000000 0.274332 
0.528627 522.000000 0.279144 
0.531765 514.000000 0.274866 
0.532549 512.000000 0.273797 
0.522745 537.000000 0.287166 
0.529412 520.000000 0.278075 
0.536863 501.000000 0.267914 
0.530980 516.000000 0.275936 
0.529020 521.000000 0.278610 
0.541176 490.000000 0.262032 
0.531373 515.000000 0.275401 
0.528235 523.000000 0.279679 
0.527843 524.000000 0.280214 
0.530588 517.000000 0.276471 
0.531373 515.000000 0.275401 
0.532549 512.000000 0.273797 
0.537647 499.000000 0.266845 
0.532157 513.000000 0.274332 
0.534118 508.000000 0.271658 
0.528235 523.000000 0.279679 
0.535686 504.000000 0.269519 
0.533725 509.000000 0.272193 
0.533725 509.000000 0.272193 
0.534510 507.000000 0.271123 
0.530196 518.000000 0.277005 
0.535686 504.000000 0.269519 
0.533725 509.000000 0.272193 
0.530588 517.000000 0.276471 
0.534902 506.000000 0.270588 
0.525882 529.000000 0.282888 
0.533725 509.000000 0.272193 
0.540392 492.000000 0.263102 
0.532157 513.000000 0.274332 
0.530980 516.000000 0.275936 
0.530980 516.000000 0.275936 
0.534118 508.000000 0.271658 
0.530196 518.000000 0.277005 
0.532941 511.000000 0.273262 
0.525490 530.000000 0.283422 
0.537255 500.000000 0.267380 
0.535294 505.000000 0.270053 
0.527059 526.000000 0.281283 
0.525882 529.000000 0.282888 
0.532157 513.000000 0.274332 
0.534118 508.000000 0.271658 
0.534902 506.000000 0.270588 
0.539608 494.000000 0.264171 
0.535294 505.000000 0.270053 
0.529412 520.000000 0.278075 
0.528235 523.000000 0.279679 
0.527843 524.000000 0.280214 
0.528235 523.000000 0.279679 
0.533333 510.000000 0.272727 
0.537647 499.000000 0.266845 
0.531765 514.000000 0.274866 
0.533333 510.000000 0.272727 
0.529412 520.000000 0.278075 
0.533725 509.000000 0.272193 
0.528235 523.000000 0.279679 
0.527059 526.000000 0.281283 
0.530980 516.000000 0.275936 
0.526667 527.000000 0.281818 
0.534902 506.000000 0.270588 
0.532549 512.000000 0.273797 
0.530980 516.000000 0.275936 
0.532549 512.000000 0.273797 
0.528235 523.000000 0.279679 
0.534902 506.000000 0.270588 
0.524706 532.000000 0.284492 
0.525490 530.000000 0.283422 
0.524706 532.000000 0.284492 
0.530196 518.000000 0.277005 
0.538039 498.000000 0.266310 
0.538039 498.000000 0.266310 
0.533725 509.000000 0.272193 
0.529412 520.000000 0.278075 
0.527451 525.000000 0.280749 
0.534510 507.000000 0.271123 
0.530980 516.000000 0.275936 
0.535294 505.000000 0.270053 
0.528627 522.000000 0.279144 
0.528235 523.000000 0.279679 
0.528235 523.000000 0.279679 
0.530588 517.000000 0.276471 
0.529804 519.000000 0.277540 
0.531765 514.000000 0.274866 
0.538039 498.000000 0.266310 
0.525882 529.000000 0.282888 
0.532549 512.000000 0.273797 
0.534902 506.000000 0.270588 
0.538431 497.000000 0.265775 
0.531373 515.000000 0.275401 
0.527843 524.000000 0.280214 
0.530196 518.000000 0.277005 
0.528627 522.000000 0.279144 
0.534118 508.000000 0.271658 
0.534510 507.000000 0.271123 
0.532549 512.000000 0.273797 
0.536863 501.000000 0.267914 
0.538039 498.000000 0.266310 
0.531373 515.000000 0.275401 
0.533725 509.000000 0.272193 
0.534510 507.000000 0.271123 
0.531765 514.000000 0.274866 
0.530980 516.000000 0.275936 
0.532941 511.000000 0.273262 
0.534118 508.000000 0.271658 
0.540392 492.000000 0.263102 
0.526667 527.000000 0.281818 
0.524314 533.000000 0.285027 
0.536863 501.000000 0.267914 
0.530196 518.000000 0.277005 
0.533725 509.000000 0.272193 
0.537255 500.000000 0.267380 
0.536863 501.000000 0.267914 
0.530588 517.000000 0.276471 
0.533333 510.000000 0.272727 
0.534510 507.000000 0.271123 
0.534902 506.000000 0.270588 
0.526667 527.000000 0.281818 
0.535686 504.000000 0.269519 
0.529020 521.000000 0.278610 
0.530196 518.000000 0.277005 
0.536471 502.000000 0.268449 
0.531765 514.000000 0.274866 
0.535294 505.000000 0.270053 
0.533725 509.000000 0.272193 
0.530980 516.000000 0.275936 
0.527843 524.000000 0.280214 
0.528627 522.000000 0.279144 
0.530980 516.000000 0.275936 
0.535686 504.000000 0.269519 
0.525882 529.000000 0.282888 
0.528235 523.000000 0.279679 
0.530196 518.000000 0.277005 
0.534118 508.000000 0.271658 
0.536078 503.000000 0.268984 
0.523922 534.000000 0.285561 
0.529412 520.000000 0.278075 
0.526275 528.000000 0.282353 
0.525490 530.000000 0.283422 
0.530588 517.000000 0.276471 
0.535294 505.000000 0.270053 
0.534118 508.000000 0.271658 
0.529412 520.000000 0.278075 
0.536863 501.000000 0.267914 
0.528627 522.000000 0.279144 
0.530980 516.000000 0.275936 
0.528235 523.000000 0.279679 
0.536863 501.000000 0.267914 
0.532157 513.000000 0.274332 
0.531373 515.000000 0.275401 
0.536863 501.000000 0.267914 
0.529412 520.000000 0.278075 
0.532549 512.000000 0.273797 
0.533725 509.000000 0.272193 
0.531765 514.000000 0.274866 
0.532941 511.000000 0.273262 
0.531765 514.000000 0.274866 
0.525098 531.000000 0.283957 
0.533725 509.000000 0.272193 
0.530588 517.000000 0.276471 
0.535294 505.000000 0.270053 
0.532549 512.000000 0.273797 
0.526667 527.000000 0.281818 
0.532941 511.000000 0.273262 
0.528235 523.000000 0.279679 
0.526667 527.000000 0.281818 
0.533725 509.000000 0.272193 
0.530980 516.000000 0.275936 
0.529412 520.000000 0.278075 
0.539216 495.000000 0.264706 
0.528235 523.000000 0.279679 
0.534118 508.000000 0.271658 
0.529804 519.000000 0.277540 
0.522745 537.000000 0.287166 
0.525882 529.000000 0.282888 
0.530980 516.000000 0.275936 
0.534902 506.000000 0.270588 
0.522745 537.000000 0.287166 
0.526275 528.000000 0.282353 
0.531373 515.000000 0.275401 
0.532157 513.000000 0.274332 
0.530980 516.000000 0.275936 
0.536471 502.000000 0.268449 
0.530196 518.000000 0.277005 
0.533725 509.000000 0.272193 
0.530980 516.000000 0.275936 
0.528627 522.000000 0.279144 
0.534510 507.000000 0.271123 
0.540784 491.000000 0.262567 
0.529804 519.000000 0.277540 
0.530196 518.000000 0.277005 
0.528235 523.000000 0.279679 
0.532941 511.000000 0.273262 
0.527059 526.000000 0.281283 
0.537647 499.000000 0.266845 
0.534118 508.000000 0.271658 
0.537647 499.000000 0.266845 
0.530196 518.000000 0.277005 
0.532157 513.000000 0.274332 
0.526667 527.000000 0.281818 
0.524706 532.000000 0.284492 
0.528235 523.000000 0.279679 
0.535294 505.000000 0.270053 
0.531373 515.000000 0.275401 
0.528627 522.000000 0.279144 
0.533333 510.000000 0.272727 
0.529020 521.000000 0.278610 
0.536471 502.000000 0.268449 
0.527843 524.000000 0.280214 
0.533333 510.000000 0.272727 
0.538431 497.000000 0.265775 
0.528235 523.000000 0.279679 
0.534510 507.000000 0.271123 
0.525490 530.000000 0.283422 
0.532941 511.000000 0.273262 
0.530980 516.000000 0.275936 
0.524706 532.000000 0.284492 
0.538039 498.000000 0.266310 
0.532157 513.000000 0.274332 
0.532549 512.000000 0.273797 
0.533725 509.000000 0.272193 
0.536078 503.000000 0.268984 
0.530980 516.000000 0.275936 
0.533333 510.000000 0.272727 
0.532941 511.000000 0.273262 
0.531373 515.000000 0.275401 
0.531373 515.000000 0.275401 
0.525882 529.000000 0.282888 
0.527843 524.000000 0.280214 
0.534902 506.000000 0.270588 
0.531373 515.000000 0.275401 
0.529412 520.000000 0.278075 
0.530980 516.000000 0.275936 
0.532549 512.000000 0.273797 
0.535686 504.000000 0.269519 
0.531765 514.000000 0.274866 
0.537255 500.000000 0.267380 
0.529412 520.000000 0.278075 
0.530980 516.000000 0.275936 
0.523922 534.000000 0.285561 
0.531373 515.000000 0.275401 
0.533725 509.000000 0.272193 
0.530980 516.000000 0.275936 
0.531373 515.000000 0.275401 
0.530588 517.000000 0.276471 
0.536863 501.000000 0.267914 
0.527451 525.000000 0.280749 
0.530196 518.000000 0.277005 
0.530196 518.000000 0.277005 
0.534510 507.000000 0.271123 
0.528235 523.000000 0.279679 
0.532157 513.000000 0.274332 
0.533333 510.000000 0.272727 
0.525098 531.000000 0.283957 
0.535294 505.000000 0.270053 
0.529020 521.000000 0.278610 
0.529020 521.000000 0.278610 
0.528627 522.000000 0.279144 
0.523529 535.000000 0.286096 
0.530588 517.000000 0.276471 
0.532941 511.000000 0.273262 
0.526275 528.000000 0.282353 
0.527059 526.000000 0.281283 
0.534902 506.000000 0.270588 
0.534510 507.000000 0.271123 
0.532549 512.000000 0.273797 
0.537647 499.000000 0.266845 
0.532157 513.000000 0.274332 
0.529412 520.000000 0.278075 
0.532941 511.000000 0.273262 
0.527059 526.000000 0.281283 
0.533333 510.000000 0.272727 
0.536078 503.000000 0.268984 
0.527451 525.000000 0.280749 
0.539216 495.000000 0.264706 
0.526275 528.000000 0.282353 
0.539216 495.000000 0.264706 
0.531765 514.000000 0.274866 
0.529804 519.000000 0.277540 
0.527843 524.000000 0.280214 
0.536471 502.000000 0.268449 
0.532549 512.000000 0.273797 
0.529804 519.000000 0.277540 
0.532941 511.000000 0.273262 
0.532157 513.000000 0.274332 
0.532941 511.000000 0.273262 
0.534902 506.000000 0.270588 
0.525490 530.000000 0.283422 
0.539216 495.000000 0.264706 
0.529804 519.000000 0.277540 
0.527843 524.000000 0.280214 
0.535294 505.000000 0.270053 
0.532549 512.000000 0.273797 
0.531373 515.000000 0.275401 
0.532549 512.000000 0.273797 
0.523922 534.000000 0.285561 
0.524706 532.000000 0.284492 
0.537647 499.000000 0.266845 
0.527059 526.000000 0.281283 
0.527843 524.000000 0.280214 
0.534510 507.000000 0.271123 
0.531373 515.000000 0.275401 
0.536078 503.000000 0.268984 
0.529804 519.000000 0.277540 
0.533725 509.000000 0.272193 
0.527843 524.000000 0.280214 
0.536078 503.000000 0.268984 
0.537647 499.000000 0.266845 
0.531765 514.000000 0.274866 
0.531373 515.000000 0.275401 
0.526667 527.000000 0.281818 
0.535686 504.000000 0.269519 
0.534118 508.000000 0.271658 
0.526667 527.000000 0.281818 
0.532157 513.000000 0.274332 
0.527843 524.000000 0.280214 
0.529020 521.000000 0.278610 
0.527451 525.000000 0.280749 
0.537647 499.000000 0.266845 
0.527843 524.000000 0.280214 
0.536471 502.000000 0.268449 
0.525098 531.000000 0.283957 
0.532157 513.000000 0.274332 
0.526667 527.000000 0.281818 
0.530980 516.000000 0.275936 
0.523529 535.000000 0.286096 
0.524314 533.000000 0.285027 
0.528627 522.000000 0.279144 
0.529020 521.000000 0.278610 
0.531373 515.000000 0.275401 
0.529412 520.000000 0.278075 
0.535294 505.000000 0.270053 
0.530588 517.000000 0.276471 
0.532157 513.000000 0.274332 
0.543922 483.000000 0.258289 
0.538431 497.000000 0.265775 
0.528235 523.000000 0.279679 
0.533725 509.000000 0.272193 
0.528627 522.000000 0.279144 
0.534118 508.000000 0.271658 
0.529412 520.000000 0.278075 
0.541176 490.000000 0.262032 
0.524706 532.000000 0.284492 
0.531373 515.000000 0.275401 
0.534118 508.000000 0.271658 
0.531765 514.000000 0.274866 
0.536863 501.000000 0.267914 
0.531765 514.000000 0.274866 
0.532549 512.000000 0.273797 
0.529412 520.000000 0.278075 
0.530588 517.000000 0.276471 
0.532941 511.000000 0.273262 
0.525882 529.000000 0.282888 
0.538824 496.000000 0.265241 
0.530196 518.000000 0.277005 
0.528627 522.000000 0.279144 
0.535294 505.000000 0.270053 
0.533333 510.000000 0.272727 
0.528627 522.000000 0.279144 
0.532941 511.000000 0.273262 
0.529804 519.000000 0.277540 
0.534118 508.000000 0.271658 
0.535686 504.000000 0.269519 
0.533725 509.000000 0.272193 
0.532549 512.000000 0.273797 
0.538039 498.000000 0.266310 
0.540000 493.000000 0.263636 
0.533333 510.000000 0.272727 
0.532157 513.000000 0.274332 
0.530980 516.000000 0.275936 
0.532157 513.000000 0.274332 
0.529412 520.000000 0.278075 
0.529804 519.000000 0.277540 
0.536863 501.000000 0.267914 
0.525882 529.000000 0.282888 
0.532941 511.000000 0.273262 
0.536078 503.000000 0.268984 
0.527451 525.000000 0.280749 
0.526667 527.000000 0.281818 
0.531373 515.000000 0.275401 
0.530196 518.000000 0.277005 
0.532157 513.000000 0.274332 
0.527059 526.000000 0.281283 
0.527059 526.000000 0.281283 
0.526667 527.000000 0.281818 
0.526275 528.000000 0.282353 
0.531765 514.000000 0.274866 
0.534118 508.000000 0.271658 
0.523137 536.000000 0.286631 
0.536078 503.000000 0.268984 
0.540392 492.000000 0.263102 
0.532941 511.000000 0.273262 
0.528235 523.000000 0.279679 
0.534118 508.000000 0.271658 
0.526275 528.000000 0.282353 
0.532549 512.000000 0.273797 
0.536471 502.000000 0.268449 
0.527843 524.000000 0.280214 
0.527843 524.000000 0.280214 
0.527843 524.000000 0.280214 
0.532157 513.000000 0.274332 
0.539216 495.000000 0.264706 
0.533725 509.000000 0.272193 
0.529020 521.000000 0.278610 
0.532157 513.000000 0.274332 
0.532157 513.000000 0.274332 
0.536078 503.000000 0.268984 
0.533725 509.000000 0.272193 
0.530588 517.000000 0.276471 
0.532549 512.000000 0.273797 
0.533333 510.000000 0.272727 
0.532157 513.000000 0.274332 
0.530980 516.000000 0.275936 
0.530588 517.000000 0.276471 
0.532549 512.000000 0.273797 
0.534510 507.000000 0.271123 
0.532549 512.000000 0.273797 
0.534118 508.000000 0.271658 
0.530588 517.000000 0.276471 
0.527451 525.000000 0.280749 
0.533725 509.000000 0.272193 
0.532157 513.000000 0.274332 
0.533725 509.000000 0.272193 
0.536471 502.000000 0.268449 
0.535686 504.000000 0.269519 
0.540000 493.000000 0.263636 
0.536471 502.000000 0.268449 
0.533333 510.000000 0.272727 
0.531373 515.000000 0.275401 
0.534118 508.000000 0.271658 
0.532157 513.000000 0.274332 
0.529412 520.000000 0.278075 
0.534118 508.000000 0.271658 
0.529412 520.000000 0.278075 
0.537255 500.000000 0.267380 
0.529412 520.000000 0.278075 
0.535686 504.000000 0.269519 
0.524314 533.000000 0.285027 
0.529412 520.000000 0.278075 
0.525098 531.000000 0.283957 
0.527059 526.000000 0.281283 
0.531373 515.000000 0.275401 
0.530980 516.000000 0.275936 
0.536471 502.000000 0.268449 
0.537255 500.000000 0.267380 
0.529412 520.000000 0.278075 
0.534118 508.000000 0.271658 
0.528235 523.000000 0.279679 
0.534510 507.000000 0.271123 
0.533725 509.000000 0.272193 
0.535294 505.000000 0.270053 
0.532941 511.000000 0.273262 
0.529412 520.000000 0.278075 
0.531765 514.000000 0.274866 
0.529412 520.000000 0.278075 
0.526275 528.000000 0.282353 
0.534510 507.000000 0.271123 
0.523529 535.000000 0.286096 
0.527059 526.000000 0.281283 
0.525882 529.000000 0.282888 
0.531765 514.000000 0.274866 
0.528627 522.000000 0.279144 
0.527451 525.000000 0.280749 
0.526275 528.000000 0.282353 
0.529804 519.000000 0.277540 
0.537647 499.000000 0.266845 
0.526667 527.000000 0.281818 
0.534510 507.000000 0.271123 
0.531765 514.000000 0.274866 
0.527059 526.000000 0.281283 
0.525882 529.000000 0.282888 
0.534902 506.000000 0.270588 
0.530980 516.000000 0.275936 
0.527451 525.000000 0.280749 
0.525098 531.000000 0.283957 
0.536471 502.000000 0.268449 
0.538431 497.000000 0.265775 
0.538039 498.000000 0.266310 
0.529412 520.000000 0.278075 
0.531373 515.000000 0.275401 
0.530980 516.000000 0.275936 
0.535686 504.000000 0.269519 
0.528627 522.000000 0.279144 
0.526667 527.000000 0.281818 
0.525490 530.000000 0.283422 
0.530196 518.000000 0.277005 
0.536078 503.000000 0.268984 
0.532549 512.000000 0.273797 
0.532157 513.000000 0.274332 
0.530588 517.000000 0.276471 
0.536471 502.000000 0.268449 
0.532549 512.000000 0.273797 
0.530588 517.000000 0.276471 
0.534118 508.000000 0.271658 
0.529020 521.000000 0.278610 
0.531373 515.000000 0.275401 
0.534118 508.000000 0.271658 
0.521176 541.000000 0.289305 
0.530196 518.000000 0.277005 
0.527451 525.000000 0.280749 
0.527843 524.000000 0.280214 
0.539216 495.000000 0.264706 
0.527451 525.000000 0.280749 
0.523922 534.000000 0.285561 
0.531373 515.000000 0.275401 
0.526275 528.000000 0.282353 
0.530980 516.000000 0.275936 
0.533333 510.000000 0.272727 
0.532157 513.000000 0.274332 
0.528627 522.000000 0.279144 
0.534510 507.000000 0.271123 
0.531373 515.000000 0.275401 
0.526275 528.000000 0.282353 
0.527451 525.000000 0.280749 
0.528627 522.000000 0.279144 
0.529020 521.000000 0.278610 
0.527843 524.000000 0.280214 
0.525882 529.000000 0.282888 
0.526275 528.000000 0.282353 
0.533333 510.000000 0.272727 
0.533725 509.000000 0.272193 
0.528627 522.000000 0.279144 
0.530980 516.000000 0.275936 
0.531373 515.000000 0.275401 
0.534902 506.000000 0.270588 
0.525098 531.000000 0.283957 
0.529412 520.000000 0.278075 
0.530980 516.000000 0.275936 
0.534510 507.000000 0.271123 
0.532941 511.000000 0.273262 
0.535294 505.000000 0.270053 
0.540392 492.000000 0.263102 
0.529804 519.000000 0.277540 
0.529412 520.000000 0.278075 
0.530980 516.000000 0.275936 
0.532941 511.000000 0.273262 
0.522353 538.000000 0.287701 
0.529804 519.000000 0.277540 
0.525098 531.000000 0.283957 
0.528235 523.000000 0.279679 
0.533333 510.000000 0.272727 
0.532549 512.000000 0.273797 
0.538039 498.000000 0.266310 
0.531373 515.000000 0.275401 
0.529020 521.000000 0.278610 
0.537647 499.000000 0.266845 
0.533333 510.000000 0.272727 
0.534902 506.000000 0.270588 
0.529804 519.000000 0.277540 
0.529412 520.000000 0.278075 
0.530588 517.000000 0.276471 
0.537255 500.000000 0.267380 
0.538039 498.000000 0.266310 
0.532549 512.000000 0.273797 
0.526275 528.000000 0.282353 
0.535294 505.000000 0.270053 
0.524314 533.000000 0.285027 
0.535686 504.000000 0.269519 
0.533333 510.000000 0.272727 
0.538824 496.000000 0.265241 
0.531373 515.000000 0.275401 
0.536863 501.000000 0.267914 
0.527843 524.000000 0.280214 
0.525882 529.000000 0.282888 
0.529804 519.000000 0.277540 
0.538824 496.000000 0.265241 
0.534510 507.000000 0.271123 
0.528235 523.000000 0.279679 
0.532157 513.000000 0.274332 
0.532157 513.000000 0.274332 
0.534118 508.000000 0.271658 
0.527843 524.000000 0.280214 
0.528235 523.000000 0.279679 
0.533725 509.000000 0.272193 
0.529804 519.000000 0.277540 
0.527843 524.000000 0.280214 
0.531373 515.000000 0.275401 
0.537647 499.000000 0.266845 
0.532157 513.000000 0.274332 
0.524706 532.000000 0.284492 
0.534902 506.000000 0.270588 
0.528627 522.000000 0.279144 
0.532549 512.000000 0.273797 
0.525490 530.000000 0.283422 
0.531765 514.000000 0.274866 
0.529412 520.000000 0.278075 
0.533725 509.000000 0.272193 
0.530196 518.000000 0.277005 
0.535686 504.000000 0.269519 
0.530980 516.000000 0.275936 
0.529804 519.000000 0.277540 
0.530980 516.000000 0.275936 
0.529412 520.000000 0.278075 
0.534510 507.000000 0.271123 
0.527059 526.000000 0.281283 
0.527451 525.000000 0.280749 
0.533333 510.000000 0.272727 
0.531373 515.000000 0.275401 
0.538039 498.000000 0.266310 
0.527451 525.000000 0.280749 
0.527059 526.000000 0.281283 
0.525098 531.000000 0.283957 
0.533725 509.000000 0.272193 
0.532941 511.000000 0.273262 
0.536078 503.000000 0.268984 
0.527843 524.000000 0.280214 
0.535294 505.000000 0.270053 
0.529020 521.000000 0.278610 
0.524706 532.000000 0.284492 
0.528627 522.000000 0.279144 
0.529412 520.000000 0.278075 
0.531765 514.000000 0.274866 
0.523529 535.000000 0.286096 
0.532549 512.000000 0.273797 
0.539608 494.000000 0.264171 
0.535686 504.000000 0.269519 
0.525098 531.000000 0.283957 
0.537255 500.000000 0.267380 
0.540000 493.000000 0.263636 
0.529020 521.000000 0.278610 
0.533725 509.000000 0.272193 
0.526275 528.000000 0.282353 
0.534510 507.000000 0.271123 
0.541961 488.000000 0.260963 
0.532549 512.000000 0.273797 
0.532549 512.000000 0.273797 
0.531765 514.000000 0.274866 
0.532941 511.000000 0.273262 
0.530196 518.000000 0.277005 
0.523137 536.000000 0.286631 
0.536078 503.000000 0.268984 
0.540392 492.000000 0.263102 
0.535686 504.000000 0.269519 
0.526275 528.000000 0.282353 
0.540392 492.000000 0.263102 
0.533333 510.000000 0.272727 
0.531373 515.000000 0.275401 
0.534902 506.000000 0.270588 
0.529412 520.000000 0.278075 
0.543137 485.000000 0.259358 
0.529020 521.000000 0.278610 
0.532549 512.000000 0.273797 
0.539608 494.000000 0.264171 
0.532157 513.000000 0.274332 
0.525490 530.000000 0.283422 
0.522745 537.000000 0.287166 
0.529020 521.000000 0.278610 
0.530980 516.000000 0.275936 
0.535294 505.000000 0.270053 
0.529804 519.000000 0.277540 
0.539216 495.000000 0.264706 
0.527059 526.000000 0.281283 
0.533725 509.000000 0.272193 
0.530980 516.000000 0.275936 
0.526667 527.000000 0.281818 
0.534118 508.000000 0.271658 
0.535686 504.000000 0.269519 
0.526667 527.000000 0.281818 
0.533333 510.000000 0.272727 
0.529020 521.000000 0.278610 
0.536078 503.000000 0.268984 
0.538431 497.000000 0.265775 
0.529804 519.000000 0.277540 
0.531765 514.000000 0.274866 
0.534510 507.000000 0.271123 
0.530980 516.000000 0.275936 
0.522353 538.000000 0.287701 
0.523922 534.000000 0.285561 
0.530980 516.000000 0.275936 
0.526275 528.000000 0.282353 
0.536078 503.000000 0.268984 
0.534118 508.000000 0.271658 
0.533725 509.000000 0.272193 
0.530588 517.000000 0.276471 
0.530196 518.000000 0.277005 
0.531373 515.000000 0.275401 
0.538824 496.000000 0.265241 
0.530980 516.000000 0.275936 
0.528235 523.000000 0.279679 
0.530980 516.000000 0.275936 
0.531765 514.000000 0.274866 
0.527451 525.000000 0.280749 
0.532549 512.000000 0.273797 
0.529412 520.000000 0.278075 
0.528627 522.000000 0.279144 
0.533725 509.000000 0.272193 
0.536863 501.000000 0.267914 
0.525490 530.000000 0.283422 
0.525098 531.000000 0.283957 
0.532549 512.000000 0.273797 
0.531373 515.000000 0.275401 
0.532941 511.000000 0.273262 
0.529804 519.000000 0.277540 
0.534510 507.000000 0.271123 
0.529020 521.000000 0.278610 
0.529412 520.000000 0.278075 
0.535686 504.000000 0.269519 
0.534118 508.000000 0.271658 
0.530196 518.000000 0.277005 
0.528235 523.000000 0.279679 
0.533333 510.000000 0.272727 
0.532157 513.000000 0.274332 
0.531373 515.000000 0.275401 
0.529020 521.000000 0.278610 
0.534510 507.000000 0.271123 
0.525490 530.000000 0.283422 
0.533725 509.000000 0.272193 
0.532549 512.000000 0.273797 
0.538431 497.000000 0.265775 
0.532941 511.000000 0.273262 
0.537255 500.000000 0.267380 
0.528627 522.000000 0.279144 
0.535294 505.000000 0.270053 
0.527843 524.000000 0.280214 
0.529804 519.000000 0.277540 
0.529804 519.000000 0.277540 
0.534510 507.000000 0.271123 
0.533333 510.000000 0.272727 
0.523922 534.000000 0.285561 
0.525882 529.000000 0.282888 
0.527451 525.000000 0.280749 
0.534118 508.000000 0.271658 
0.523529 535.000000 0.286096 
0.535294 505.000000 0.270053 
0.531765 514.000000 0.274866 
0.530588 517.000000 0.276471 
0.536863 501.000000 0.267914 
0.537647 499.000000 0.266845 
0.529020 521.000000 0.278610 
0.533333 510.000000 0.272727 
0.536471 502.000000 0.268449 
0.531765 514.000000 0.274866 
0.530196 518.000000 0.277005 
0.531373 515.000000 0.275401 
0.532941 511.000000 0.273262 
0.532941 511.000000 0.273262 
0.536471 502.000000 0.268449 
0.531765 514.000000 0.274866 
0.531765 514.000000 0.274866 
0.532941 511.000000 0.273262 
0.532157 513.000000 0.274332 
0.536863 501.000000 0.267914 
0.528235 523.000000 0.279679 
0.527059 526.000000 0.281283 
0.534510 507.000000 0.271123 
0.533725 509.000000 0.272193 
0.532157 513.000000 0.274332 
