0.614902 302.000000 0.161497 
0.629412 265.000000 0.141711 
0.622745 282.000000 0.150802 
0.618039 294.000000 0.157219 
0.623137 281.000000 0.150267 
0.623922 279.000000 0.149198 
0.621176 286.000000 0.152941 
0.616471 298.000000 0.159358 
0.623922 279.000000 0.149198 
0.624314 278.000000 0.148663 
0.621569 285.000000 0.152406 
0.625098 276.000000 0.147594 
0.623529 280.000000 0.149733 
0.622353 283.000000 0.151337 
0.625882 274.000000 0.146524 
0.625882 274.000000 0.146524 
0.628235 268.000000 0.143316 
0.624314 278.000000 0.148663 
0.622353 283.000000 0.151337 
0.622745 282.000000 0.150802 
0.624314 278.000000 0.148663 
0.626667 272.000000 0.145455 
0.623137 281.000000 0.150267 
0.623137 281.000000 0.150267 
0.624314 278.000000 0.148663 
0.632941 256.000000 0.136898 
0.627451 270.000000 0.144385 
0.621176 286.000000 0.152941 
0.625098 276.000000 0.147594 
0.622745 282.000000 0.150802 
0.620000 289.000000 0.154545 
0.623922 279.000000 0.149198 
0.623922 279.000000 0.149198 
0.622745 282.000000 0.150802 
0.625098 276.000000 0.147594 
0.626667 272.000000 0.145455 
0.620784 287.000000 0.153476 
0.623529 280.000000 0.149733 
0.621176 286.000000 0.152941 
0.624706 277.000000 0.148128 
0.628235 268.000000 0.143316 
0.630980 261.000000 0.139572 
0.626667 272.000000 0.145455 
0.618431 293.000000 0.156684 
0.619608 290.000000 0.155080 
0.625098 276.000000 0.147594 
0.623137 281.000000 0.150267 
0.623922 279.000000 0.149198 
0.626667 272.000000 0.145455 
0.623529 280.000000 0.149733 
0.625490 275.000000 0.147059 
0.623137 281.000000 0.150267 
0.623529 280.000000 0.149733 
0.623529 280.000000 0.149733 
0.623137 281.000000 0.150267 
0.623529 280.000000 0.149733 
0.620784 287.000000 0.153476 
0.623529 280.000000 0.149733 
0.617255 296.000000 0.158289 
0.625882 274.000000 0.146524 
0.621961 284.000000 0.151872 
0.626667 272.000000 0.145455 
0.625882 274.000000 0.146524 
0.624706 277.000000 0.148128 
0.626667 272.000000 0.145455 
0.625490 275.000000 0.147059 
0.626275 273.000000 0.145989 
0.624314 278.000000 0.148663 
0.623529 280.000000 0.149733 
0.623529 280.000000 0.149733 
0.621176 286.000000 0.152941 
0.624314 278.000000 0.148663 
0.621569 285.000000 0.152406 
0.623137 281.000000 0.150267 
0.626275 273.000000 0.145989 
0.621176 286.000000 0.152941 
0.620000 289.000000 0.154545 
0.622745 282.000000 0.150802 
0.621176 286.000000 0.152941 
0.626667 272.000000 0.145455 
0.623922 279.000000 0.149198 
0.621569 285.000000 0.152406 
0.624314 278.000000 0.148663 
0.617255 296.000000 0.158289 
0.625490 275.000000 0.147059 
0.622353 283.000000 0.151337 
0.614118 304.000000 0.162567 
0.627843 269.000000 0.143850 
0.616863 297.000000 0.158824 
0.624314 278.000000 0.148663 
0.621176 286.000000 0.152941 
0.620392 288.000000 0.154011 
0.620392 288.000000 0.154011 
0.621569 285.000000 0.152406 
0.620392 288.000000 0.154011 
0.621569 285.000000 0.152406 
0.621176 286.000000 0.152941 
0.622353 283.000000 0.151337 
0.624706 277.000000 0.148128 
0.625882 274.000000 0.146524 
0.621569 285.000000 0.152406 
0.617647 295.000000 0.157754 
0.619608 290.000000 0.155080 
0.625882 274.000000 0.146524 
0.619216 291.000000 0.155615 
0.620392 288.000000 0.154011 
0.624706 277.000000 0.148128 
0.622353 283.000000 0.151337 
0.627451 270.000000 0.144385 
0.622353 283.000000 0.151337 
0.625098 276.000000 0.147594 
0.622353 283.000000 0.151337 
0.621961 284.000000 0.151872 
0.623922 279.000000 0.149198 
0.626275 273.000000 0.145989 
0.625098 276.000000 0.147594 
0.621961 284.000000 0.151872 
0.629020 266.000000 0.142246 
0.623529 280.000000 0.149733 
0.627059 271.000000 0.144920 
0.617647 295.000000 0.157754 
0.620000 289.000000 0.154545 
0.622353 283.000000 0.151337 
0.625098 276.000000 0.147594 
0.617255 296.000000 0.158289 
0.624706 277.000000 0.148128 
0.626275 273.000000 0.145989 
0.624706 277.000000 0.148128 
0.621569 285.000000 0.152406 
0.625490 275.000000 0.147059 
0.620392 288.000000 0.154011 
0.622353 283.000000 0.151337 
0.627843 269.000000 0.143850 
0.622353 283.000000 0.151337 
0.623137 281.000000 0.150267 
0.614902 302.000000 0.161497 
0.615686 300.000000 0.160428 
0.620000 289.000000 0.154545 
0.630588 262.000000 0.140107 
0.623137 281.000000 0.150267 
0.622353 283.000000 0.151337 
0.623922 279.000000 0.149198 
0.624706 277.000000 0.148128 
0.617255 296.000000 0.158289 
0.622745 282.000000 0.150802 
0.628235 268.000000 0.143316 
0.627059 271.000000 0.144920 
0.621176 286.000000 0.152941 
0.623137 281.000000 0.150267 
0.626275 273.000000 0.145989 
0.629804 264.000000 0.141176 
0.621961 284.000000 0.151872 
0.623529 280.000000 0.149733 
0.624314 278.000000 0.148663 
0.627451 270.000000 0.144385 
0.621176 286.000000 0.152941 
0.626667 272.000000 0.145455 
0.620392 288.000000 0.154011 
0.621569 285.000000 0.152406 
0.624706 277.000000 0.148128 
0.624706 277.000000 0.148128 
0.619216 291.000000 0.155615 
0.616471 298.000000 0.159358 
0.614510 303.000000 0.162032 
0.621176 286.000000 0.152941 
0.614902 302.000000 0.161497 
0.622745 282.000000 0.150802 
0.621961 284.000000 0.151872 
0.623529 280.000000 0.149733 
0.622745 282.000000 0.150802 
0.618824 292.000000 0.156150 
0.626275 273.000000 0.145989 
0.628235 268.000000 0.143316 
0.622745 282.000000 0.150802 
0.621569 285.000000 0.152406 
0.624314 278.000000 0.148663 
0.623922 279.000000 0.149198 
0.622353 283.000000 0.151337 
0.621176 286.000000 0.152941 
0.619216 291.000000 0.155615 
0.623529 280.000000 0.149733 
0.624706 277.000000 0.148128 
0.620392 288.000000 0.154011 
0.615686 300.000000 0.160428 
0.627059 271.000000 0.144920 
0.621176 286.000000 0.152941 
0.624314 278.000000 0.148663 
0.631765 259.000000 0.138503 
0.624706 277.000000 0.148128 
0.620000 289.000000 0.154545 
0.620392 288.000000 0.154011 
0.628627 267.000000 0.142781 
0.619608 290.000000 0.155080 
0.621961 284.000000 0.151872 
0.619216 291.000000 0.155615 
0.621176 286.000000 0.152941 
0.622745 282.000000 0.150802 
0.620784 287.000000 0.153476 
0.623529 280.000000 0.149733 
0.617255 296.000000 0.158289 
0.621176 286.000000 0.152941 
0.622353 283.000000 0.151337 
0.614118 304.000000 0.162567 
0.619608 290.000000 0.155080 
0.619608 290.000000 0.155080 
0.620784 287.000000 0.153476 
0.623529 280.000000 0.149733 
0.621569 285.000000 0.152406 
0.620000 289.000000 0.154545 
0.627451 270.000000 0.144385 
0.625882 274.000000 0.146524 
0.624314 278.000000 0.148663 
0.623529 280.000000 0.149733 
0.627059 271.000000 0.144920 
0.624706 277.000000 0.148128 
0.623529 280.000000 0.149733 
0.624706 277.000000 0.148128 
0.622745 282.000000 0.150802 
0.622353 283.000000 0.151337 
0.621176 286.000000 0.152941 
0.623529 280.000000 0.149733 
0.623922 279.000000 0.149198 
0.625490 275.000000 0.147059 
0.615686 300.000000 0.160428 
0.625882 274.000000 0.146524 
0.623529 280.000000 0.149733 
0.623529 280.000000 0.149733 
0.620392 288.000000 0.154011 
0.623529 280.000000 0.149733 
0.620784 287.000000 0.153476 
0.616863 297.000000 0.158824 
0.625098 276.000000 0.147594 
0.627059 271.000000 0.144920 
0.621961 284.000000 0.151872 
0.627059 271.000000 0.144920 
0.618431 293.000000 0.156684 
0.621961 284.000000 0.151872 
0.623137 281.000000 0.150267 
0.621569 285.000000 0.152406 
0.626275 273.000000 0.145989 
0.620784 287.000000 0.153476 
0.624314 278.000000 0.148663 
0.626275 273.000000 0.145989 
0.622745 282.000000 0.150802 
0.624314 278.000000 0.148663 
0.616078 299.000000 0.159893 
0.617255 296.000000 0.158289 
0.625882 274.000000 0.146524 
0.620784 287.000000 0.153476 
0.623922 279.000000 0.149198 
0.623529 280.000000 0.149733 
0.626275 273.000000 0.145989 
0.627059 271.000000 0.144920 
0.625098 276.000000 0.147594 
0.623529 280.000000 0.149733 
0.615294 301.000000 0.160963 
0.625490 275.000000 0.147059 
0.624314 278.000000 0.148663 
0.625882 274.000000 0.146524 
0.620784 287.000000 0.153476 
0.619608 290.000000 0.155080 
0.624706 277.000000 0.148128 
0.620392 288.000000 0.154011 
0.628235 268.000000 0.143316 
0.627451 270.000000 0.144385 
0.624314 278.000000 0.148663 
0.621569 285.000000 0.152406 
0.619216 291.000000 0.155615 
0.621961 284.000000 0.151872 
0.625882 274.000000 0.146524 
0.614118 304.000000 0.162567 
0.627843 269.000000 0.143850 
0.621961 284.000000 0.151872 
0.629412 265.000000 0.141711 
0.622353 283.000000 0.151337 
0.631373 260.000000 0.139037 
0.624706 277.000000 0.148128 
0.628235 268.000000 0.143316 
0.629804 264.000000 0.141176 
0.620392 288.000000 0.154011 
0.621961 284.000000 0.151872 
0.623529 280.000000 0.149733 
0.625098 276.000000 0.147594 
0.622353 283.000000 0.151337 
0.622353 283.000000 0.151337 
0.626275 273.000000 0.145989 
0.617255 296.000000 0.158289 
0.623922 279.000000 0.149198 
0.626667 272.000000 0.145455 
0.620784 287.000000 0.153476 
0.618039 294.000000 0.157219 
0.629020 266.000000 0.142246 
0.628235 268.000000 0.143316 
0.619216 291.000000 0.155615 
0.621176 286.000000 0.152941 
0.620784 287.000000 0.153476 
0.620000 289.000000 0.154545 
0.623137 281.000000 0.150267 
0.627451 270.000000 0.144385 
0.620784 287.000000 0.153476 
0.623529 280.000000 0.149733 
0.622745 282.000000 0.150802 
0.625098 276.000000 0.147594 
0.620392 288.000000 0.154011 
0.625882 274.000000 0.146524 
0.620000 289.000000 0.154545 
0.619216 291.000000 0.155615 
0.625490 275.000000 0.147059 
0.624706 277.000000 0.148128 
0.617647 295.000000 0.157754 
0.623529 280.000000 0.149733 
0.620392 288.000000 0.154011 
0.623137 281.000000 0.150267 
0.622745 282.000000 0.150802 
0.626275 273.000000 0.145989 
0.622745 282.000000 0.150802 
0.624706 277.000000 0.148128 
0.619608 290.000000 0.155080 
0.621176 286.000000 0.152941 
0.621176 286.000000 0.152941 
0.619608 290.000000 0.155080 
0.616078 299.000000 0.159893 
0.627451 270.000000 0.144385 
0.625098 276.000000 0.147594 
0.620784 287.000000 0.153476 
0.627451 270.000000 0.144385 
0.624706 277.000000 0.148128 
0.621569 285.000000 0.152406 
0.620392 288.000000 0.154011 
0.620000 289.000000 0.154545 
0.618431 293.000000 0.156684 
0.620392 288.000000 0.154011 
0.625490 275.000000 0.147059 
0.625490 275.000000 0.147059 
0.620784 287.000000 0.153476 
0.623922 279.000000 0.149198 
0.618824 292.000000 0.156150 
0.622353 283.000000 0.151337 
0.623922 279.000000 0.149198 
0.625882 274.000000 0.146524 
0.624314 278.000000 0.148663 
0.621176 286.000000 0.152941 
0.626275 273.000000 0.145989 
0.626275 273.000000 0.145989 
0.625098 276.000000 0.147594 
0.616863 297.000000 0.158824 
0.621176 286.000000 0.152941 
0.627451 270.000000 0.144385 
0.620000 289.000000 0.154545 
0.623529 280.000000 0.149733 
0.625098 276.000000 0.147594 
0.621961 284.000000 0.151872 
0.632157 258.000000 0.137968 
0.617255 296.000000 0.158289 
0.625098 276.000000 0.147594 
0.625098 276.000000 0.147594 
0.625098 276.000000 0.147594 
0.623137 281.000000 0.150267 
0.621569 285.000000 0.152406 
0.623922 279.000000 0.149198 
0.624706 277.000000 0.148128 
0.615686 300.000000 0.160428 
0.629804 264.000000 0.141176 
0.625490 275.000000 0.147059 
0.621961 284.000000 0.151872 
0.618431 293.000000 0.156684 
0.623922 279.000000 0.149198 
0.625098 276.000000 0.147594 
0.622745 282.000000 0.150802 
0.627843 269.000000 0.143850 
0.622353 283.000000 0.151337 
0.621961 284.000000 0.151872 
0.629020 266.000000 0.142246 
0.623137 281.000000 0.150267 
0.624314 278.000000 0.148663 
0.623529 280.000000 0.149733 
0.621961 284.000000 0.151872 
0.624706 277.000000 0.148128 
0.626275 273.000000 0.145989 
0.622745 282.000000 0.150802 
0.620000 289.000000 0.154545 
0.621569 285.000000 0.152406 
0.624314 278.000000 0.148663 
0.618039 294.000000 0.157219 
0.617647 295.000000 0.157754 
0.626275 273.000000 0.145989 
0.620392 288.000000 0.154011 
0.620000 289.000000 0.154545 
0.623922 279.000000 0.149198 
0.624706 277.000000 0.148128 
0.629804 264.000000 0.141176 
0.619608 290.000000 0.155080 
0.623137 281.000000 0.150267 
0.624706 277.000000 0.148128 
0.630980 261.000000 0.139572 
0.624706 277.000000 0.148128 
0.627843 269.000000 0.143850 
0.628235 268.000000 0.143316 
0.623137 281.000000 0.150267 
0.626275 273.000000 0.145989 
0.623137 281.000000 0.150267 
0.624706 277.000000 0.148128 
0.626275 273.000000 0.145989 
0.621961 284.000000 0.151872 
0.625098 276.000000 0.147594 
0.628627 267.000000 0.142781 
0.625490 275.000000 0.147059 
0.616471 298.000000 0.159358 
0.624706 277.000000 0.148128 
0.617255 296.000000 0.158289 
0.622353 283.000000 0.151337 
0.627843 269.000000 0.143850 
0.622353 283.000000 0.151337 
0.622353 283.000000 0.151337 
0.623922 279.000000 0.149198 
0.630196 263.000000 0.140642 
0.628235 268.000000 0.143316 
0.623529 280.000000 0.149733 
0.627059 271.000000 0.144920 
0.621176 286.000000 0.152941 
0.624706 277.000000 0.148128 
0.618039 294.000000 0.157219 
0.625490 275.000000 0.147059 
0.622745 282.000000 0.150802 
0.620000 289.000000 0.154545 
0.623922 279.000000 0.149198 
0.625490 275.000000 0.147059 
0.630196 263.000000 0.140642 
0.625882 274.000000 0.146524 
0.626667 272.000000 0.145455 
0.625882 274.000000 0.146524 
0.621176 286.000000 0.152941 
0.616471 298.000000 0.159358 
0.623922 279.000000 0.149198 
0.624706 277.000000 0.148128 
0.623922 279.000000 0.149198 
0.629020 266.000000 0.142246 
0.621569 285.000000 0.152406 
0.624314 278.000000 0.148663 
0.623529 280.000000 0.149733 
0.621176 286.000000 0.152941 
0.624314 278.000000 0.148663 
0.625098 276.000000 0.147594 
0.625882 274.000000 0.146524 
0.618824 292.000000 0.156150 
0.622353 283.000000 0.151337 
0.624706 277.000000 0.148128 
0.626667 272.000000 0.145455 
0.618431 293.000000 0.156684 
0.627451 270.000000 0.144385 
0.628235 268.000000 0.143316 
0.621961 284.000000 0.151872 
0.627451 270.000000 0.144385 
0.617647 295.000000 0.157754 
0.620392 288.000000 0.154011 
0.624314 278.000000 0.148663 
0.620000 289.000000 0.154545 
0.625882 274.000000 0.146524 
0.622745 282.000000 0.150802 
0.620784 287.000000 0.153476 
0.624314 278.000000 0.148663 
0.621569 285.000000 0.152406 
0.618824 292.000000 0.156150 
0.630980 261.000000 0.139572 
0.621176 286.000000 0.152941 
0.623137 281.000000 0.150267 
0.623529 280.000000 0.149733 
0.616078 299.000000 0.159893 
0.622353 283.000000 0.151337 
0.623529 280.000000 0.149733 
0.617255 296.000000 0.158289 
0.622353 283.000000 0.151337 
0.621569 285.000000 0.152406 
0.623529 280.000000 0.149733 
0.618824 292.000000 0.156150 
0.625490 275.000000 0.147059 
0.625098 276.000000 0.147594 
0.627059 271.000000 0.144920 
0.624314 278.000000 0.148663 
0.621961 284.000000 0.151872 
0.621176 286.000000 0.152941 
0.628235 268.000000 0.143316 
0.622353 283.000000 0.151337 
0.619608 290.000000 0.155080 
0.623137 281.000000 0.150267 
0.621569 285.000000 0.152406 
0.625882 274.000000 0.146524 
0.619216 291.000000 0.155615 
0.626667 272.000000 0.145455 
0.621176 286.000000 0.152941 
0.624706 277.000000 0.148128 
0.620000 289.000000 0.154545 
0.616471 298.000000 0.159358 
0.623529 280.000000 0.149733 
0.623922 279.000000 0.149198 
0.623137 281.000000 0.150267 
0.621961 284.000000 0.151872 
0.621961 284.000000 0.151872 
0.623529 280.000000 0.149733 
0.623137 281.000000 0.150267 
0.626275 273.000000 0.145989 
0.619608 290.000000 0.155080 
0.621961 284.000000 0.151872 
0.625882 274.000000 0.146524 
0.621961 284.000000 0.151872 
0.623137 281.000000 0.150267 
0.621569 285.000000 0.152406 
0.627451 270.000000 0.144385 
0.624706 277.000000 0.148128 
0.620392 288.000000 0.154011 
0.625882 274.000000 0.146524 
0.622745 282.000000 0.150802 
0.621961 284.000000 0.151872 
0.623137 281.000000 0.150267 
0.621961 284.000000 0.151872 
0.622353 283.000000 0.151337 
0.622353 283.000000 0.151337 
0.620000 289.000000 0.154545 
0.622353 283.000000 0.151337 
0.621961 284.000000 0.151872 
0.625882 274.000000 0.146524 
0.622353 283.000000 0.151337 
0.625882 274.000000 0.146524 
0.622745 282.000000 0.150802 
0.625098 276.000000 0.147594 
0.625098 276.000000 0.147594 
0.621176 286.000000 0.152941 
0.620000 289.000000 0.154545 
0.623529 280.000000 0.149733 
0.625882 274.000000 0.146524 
0.625490 275.000000 0.147059 
0.620784 287.000000 0.153476 
0.623137 281.000000 0.150267 
0.622353 283.000000 0.151337 
0.625490 275.000000 0.147059 
0.620784 287.000000 0.153476 
0.621961 284.000000 0.151872 
0.620392 288.000000 0.154011 
0.623529 280.000000 0.149733 
0.620392 288.000000 0.154011 
0.627843 269.000000 0.143850 
0.627843 269.000000 0.143850 
0.627451 270.000000 0.144385 
0.623137 281.000000 0.150267 
0.625098 276.000000 0.147594 
0.616863 297.000000 0.158824 
0.619608 290.000000 0.155080 
0.623137 281.000000 0.150267 
0.625098 276.000000 0.147594 
0.620784 287.000000 0.153476 
0.630980 261.000000 0.139572 
0.619608 290.000000 0.155080 
0.624706 277.000000 0.148128 
0.622745 282.000000 0.150802 
0.619608 290.000000 0.155080 
0.627451 270.000000 0.144385 
0.626275 273.000000 0.145989 
0.624314 278.000000 0.148663 
0.625882 274.000000 0.146524 
0.620000 289.000000 0.154545 
0.622353 283.000000 0.151337 
0.614510 303.000000 0.162032 
0.624314 278.000000 0.148663 
0.625490 275.000000 0.147059 
0.629412 265.000000 0.141711 
0.623137 281.000000 0.150267 
0.623529 280.000000 0.149733 
0.619216 291.000000 0.155615 
0.622353 283.000000 0.151337 
0.621569 285.000000 0.152406 
0.618431 293.000000 0.156684 
0.621176 286.000000 0.152941 
0.620000 289.000000 0.154545 
0.618431 293.000000 0.156684 
0.630588 262.000000 0.140107 
0.620784 287.000000 0.153476 
0.620392 288.000000 0.154011 
0.623137 281.000000 0.150267 
0.627843 269.000000 0.143850 
0.619608 290.000000 0.155080 
0.624706 277.000000 0.148128 
0.625490 275.000000 0.147059 
0.625490 275.000000 0.147059 
0.627059 271.000000 0.144920 
0.624706 277.000000 0.148128 
0.621569 285.000000 0.152406 
0.630196 263.000000 0.140642 
0.624706 277.000000 0.148128 
0.624314 278.000000 0.148663 
0.626275 273.000000 0.145989 
0.622353 283.000000 0.151337 
0.623922 279.000000 0.149198 
0.630980 261.000000 0.139572 
0.620784 287.000000 0.153476 
0.628235 268.000000 0.143316 
0.628627 267.000000 0.142781 
0.625098 276.000000 0.147594 
0.618824 292.000000 0.156150 
0.629412 265.000000 0.141711 
0.622353 283.000000 0.151337 
0.621569 285.000000 0.152406 
0.618039 294.000000 0.157219 
0.625490 275.000000 0.147059 
0.622745 282.000000 0.150802 
0.623922 279.000000 0.149198 
0.620392 288.000000 0.154011 
0.618039 294.000000 0.157219 
0.618824 292.000000 0.156150 
0.619608 290.000000 0.155080 
0.628235 268.000000 0.143316 
0.621176 286.000000 0.152941 
0.625490 275.000000 0.147059 
0.626275 273.000000 0.145989 
0.627843 269.000000 0.143850 
0.623922 279.000000 0.149198 
0.622745 282.000000 0.150802 
0.617647 295.000000 0.157754 
0.630588 262.000000 0.140107 
0.621961 284.000000 0.151872 
0.620784 287.000000 0.153476 
0.624706 277.000000 0.148128 
0.627059 271.000000 0.144920 
0.618431 293.000000 0.156684 
0.624314 278.000000 0.148663 
0.626667 272.000000 0.145455 
0.618824 292.000000 0.156150 
0.623529 280.000000 0.149733 
0.621569 285.000000 0.152406 
0.620000 289.000000 0.154545 
0.621961 284.000000 0.151872 
0.624706 277.000000 0.148128 
0.618431 293.000000 0.156684 
0.620392 288.000000 0.154011 
0.620784 287.000000 0.153476 
0.624706 277.000000 0.148128 
0.626667 272.000000 0.145455 
0.617255 296.000000 0.158289 
0.621961 284.000000 0.151872 
0.626275 273.000000 0.145989 
0.623137 281.000000 0.150267 
0.623137 281.000000 0.150267 
0.622353 283.000000 0.151337 
0.621569 285.000000 0.152406 
0.619216 291.000000 0.155615 
0.625882 274.000000 0.146524 
0.621961 284.000000 0.151872 
0.630196 263.000000 0.140642 
0.619216 291.000000 0.155615 
0.630196 263.000000 0.140642 
0.624706 277.000000 0.148128 
0.627059 271.000000 0.144920 
0.621569 285.000000 0.152406 
0.627451 270.000000 0.144385 
0.624706 277.000000 0.148128 
0.623137 281.000000 0.150267 
0.625882 274.000000 0.146524 
0.623137 281.000000 0.150267 
0.617255 296.000000 0.158289 
0.618431 293.000000 0.156684 
0.622745 282.000000 0.150802 
0.616863 297.000000 0.158824 
0.623137 281.000000 0.150267 
0.624706 277.000000 0.148128 
0.623922 279.000000 0.149198 
0.625882 274.000000 0.146524 
0.629020 266.000000 0.142246 
0.623137 281.000000 0.150267 
0.619216 291.000000 0.155615 
0.621961 284.000000 0.151872 
0.622745 282.000000 0.150802 
0.618039 294.000000 0.157219 
0.624314 278.000000 0.148663 
0.626667 272.000000 0.145455 
0.622353 283.000000 0.151337 
0.625490 275.000000 0.147059 
0.623529 280.000000 0.149733 
0.616078 299.000000 0.159893 
0.621961 284.000000 0.151872 
0.623922 279.000000 0.149198 
0.626275 273.000000 0.145989 
0.621569 285.000000 0.152406 
0.621961 284.000000 0.151872 
0.625098 276.000000 0.147594 
0.624314 278.000000 0.148663 
0.621569 285.000000 0.152406 
0.624706 277.000000 0.148128 
0.624706 277.000000 0.148128 
0.622353 283.000000 0.151337 
0.620784 287.000000 0.153476 
0.628627 267.000000 0.142781 
0.616078 299.000000 0.159893 
0.623529 280.000000 0.149733 
0.623922 279.000000 0.149198 
0.616863 297.000000 0.158824 
0.625098 276.000000 0.147594 
0.622745 282.000000 0.150802 
0.625490 275.000000 0.147059 
0.627843 269.000000 0.143850 
0.623922 279.000000 0.149198 
0.621176 286.000000 0.152941 
0.621569 285.000000 0.152406 
0.624314 278.000000 0.148663 
0.616471 298.000000 0.159358 
0.623922 279.000000 0.149198 
0.620000 289.000000 0.154545 
0.623137 281.000000 0.150267 
0.618431 293.000000 0.156684 
0.621961 284.000000 0.151872 
0.620392 288.000000 0.154011 
0.621569 285.000000 0.152406 
0.627451 270.000000 0.144385 
0.628235 268.000000 0.143316 
0.623922 279.000000 0.149198 
0.624706 277.000000 0.148128 
0.622353 283.000000 0.151337 
0.620784 287.000000 0.153476 
0.622745 282.000000 0.150802 
0.629020 266.000000 0.142246 
0.618039 294.000000 0.157219 
0.625490 275.000000 0.147059 
0.627451 270.000000 0.144385 
0.621961 284.000000 0.151872 
0.621176 286.000000 0.152941 
0.620784 287.000000 0.153476 
0.626667 272.000000 0.145455 
0.618431 293.000000 0.156684 
0.622745 282.000000 0.150802 
0.624314 278.000000 0.148663 
0.621176 286.000000 0.152941 
0.618824 292.000000 0.156150 
0.625098 276.000000 0.147594 
0.621176 286.000000 0.152941 
0.614118 304.000000 0.162567 
0.621961 284.000000 0.151872 
0.621176 286.000000 0.152941 
0.623922 279.000000 0.149198 
0.623922 279.000000 0.149198 
0.624706 277.000000 0.148128 
0.621961 284.000000 0.151872 
0.625490 275.000000 0.147059 
0.627843 269.000000 0.143850 
0.625490 275.000000 0.147059 
0.625098 276.000000 0.147594 
0.618431 293.000000 0.156684 
0.623529 280.000000 0.149733 
0.619608 290.000000 0.155080 
0.624706 277.000000 0.148128 
0.620392 288.000000 0.154011 
0.616863 297.000000 0.158824 
0.627059 271.000000 0.144920 
0.624314 278.000000 0.148663 
0.620784 287.000000 0.153476 
0.620392 288.000000 0.154011 
0.631373 260.000000 0.139037 
0.625098 276.000000 0.147594 
0.626275 273.000000 0.145989 
0.626275 273.000000 0.145989 
0.621569 285.000000 0.152406 
0.624314 278.000000 0.148663 
0.625098 276.000000 0.147594 
0.621569 285.000000 0.152406 
0.622745 282.000000 0.150802 
0.625882 274.000000 0.146524 
0.623922 279.000000 0.149198 
0.621961 284.000000 0.151872 
0.615686 300.000000 0.160428 
0.623529 280.000000 0.149733 
0.618824 292.000000 0.156150 
0.625882 274.000000 0.146524 
0.625098 276.000000 0.147594 
0.622353 283.000000 0.151337 
0.625882 274.000000 0.146524 
0.619608 290.000000 0.155080 
0.630196 263.000000 0.140642 
0.620392 288.000000 0.154011 
0.618039 294.000000 0.157219 
0.620000 289.000000 0.154545 
0.620784 287.000000 0.153476 
0.618824 292.000000 0.156150 
0.625882 274.000000 0.146524 
0.622353 283.000000 0.151337 
0.621176 286.000000 0.152941 
0.620392 288.000000 0.154011 
0.619608 290.000000 0.155080 
0.617647 295.000000 0.157754 
0.622353 283.000000 0.151337 
0.623137 281.000000 0.150267 
0.621569 285.000000 0.152406 
0.621961 284.000000 0.151872 
0.627451 270.000000 0.144385 
0.626275 273.000000 0.145989 
0.621961 284.000000 0.151872 
0.618824 292.000000 0.156150 
0.621569 285.000000 0.152406 
0.623137 281.000000 0.150267 
0.621569 285.000000 0.152406 
0.625098 276.000000 0.147594 
0.619608 290.000000 0.155080 
0.621176 286.000000 0.152941 
0.617647 295.000000 0.157754 
0.626667 272.000000 0.145455 
0.623137 281.000000 0.150267 
0.620392 288.000000 0.154011 
0.624706 277.000000 0.148128 
0.619608 290.000000 0.155080 
0.625882 274.000000 0.146524 
0.620000 289.000000 0.154545 
0.621961 284.000000 0.151872 
0.620000 289.000000 0.154545 
0.623529 280.000000 0.149733 
0.623529 280.000000 0.149733 
0.616863 297.000000 0.158824 
0.626275 273.000000 0.145989 
0.627059 271.000000 0.144920 
0.625098 276.000000 0.147594 
0.623137 281.000000 0.150267 
0.620784 287.000000 0.153476 
0.620784 287.000000 0.153476 
0.627059 271.000000 0.144920 
0.620392 288.000000 0.154011 
0.618039 294.000000 0.157219 
0.625098 276.000000 0.147594 
0.624706 277.000000 0.148128 
0.624706 277.000000 0.148128 
0.631765 259.000000 0.138503 
0.621176 286.000000 0.152941 
0.622745 282.000000 0.150802 
0.623137 281.000000 0.150267 
0.625098 276.000000 0.147594 
0.623529 280.000000 0.149733 
0.623922 279.000000 0.149198 
0.623529 280.000000 0.149733 
0.628235 268.000000 0.143316 
0.620000 289.000000 0.154545 
0.624314 278.000000 0.148663 
0.626667 272.000000 0.145455 
0.616863 297.000000 0.158824 
0.623922 279.000000 0.149198 
0.619608 290.000000 0.155080 
0.622745 282.000000 0.150802 
0.621176 286.000000 0.152941 
0.621961 284.000000 0.151872 
0.622353 283.000000 0.151337 
0.620392 288.000000 0.154011 
0.623529 280.000000 0.149733 
0.620784 287.000000 0.153476 
0.623137 281.000000 0.150267 
0.623529 280.000000 0.149733 
0.625882 274.000000 0.146524 
0.624314 278.000000 0.148663 
0.622745 282.000000 0.150802 
0.621569 285.000000 0.152406 
0.622745 282.000000 0.150802 
0.629020 266.000000 0.142246 
0.625098 276.000000 0.147594 
0.624706 277.000000 0.148128 
0.622745 282.000000 0.150802 
0.627059 271.000000 0.144920 
0.620392 288.000000 0.154011 
0.619608 290.000000 0.155080 
0.623529 280.000000 0.149733 
0.623529 280.000000 0.149733 
0.621569 285.000000 0.152406 
0.623922 279.000000 0.149198 
0.623137 281.000000 0.150267 
0.616863 297.000000 0.158824 
0.625098 276.000000 0.147594 
0.618039 294.000000 0.157219 
0.620000 289.000000 0.154545 
0.627451 270.000000 0.144385 
0.621961 284.000000 0.151872 
0.629412 265.000000 0.141711 
0.623529 280.000000 0.149733 
0.616471 298.000000 0.159358 
0.614902 302.000000 0.161497 
0.620392 288.000000 0.154011 
0.623137 281.000000 0.150267 
0.619216 291.000000 0.155615 
0.623137 281.000000 0.150267 
0.623529 280.000000 0.149733 
0.629412 265.000000 0.141711 
0.621569 285.000000 0.152406 
0.622745 282.000000 0.150802 
0.622745 282.000000 0.150802 
0.623137 281.000000 0.150267 
0.627843 269.000000 0.143850 
0.622353 283.000000 0.151337 
0.616863 297.000000 0.158824 
0.620784 287.000000 0.153476 
0.625882 274.000000 0.146524 
0.621176 286.000000 0.152941 
0.621961 284.000000 0.151872 
0.624314 278.000000 0.148663 
0.621569 285.000000 0.152406 
0.624314 278.000000 0.148663 
0.623922 279.000000 0.149198 
0.623922 279.000000 0.149198 
0.625882 274.000000 0.146524 
0.618039 294.000000 0.157219 
0.626275 273.000000 0.145989 
0.622353 283.000000 0.151337 
0.621569 285.000000 0.152406 
0.620784 287.000000 0.153476 
0.623529 280.000000 0.149733 
0.620000 289.000000 0.154545 
0.619608 290.000000 0.155080 
0.621961 284.000000 0.151872 
0.623137 281.000000 0.150267 
0.623529 280.000000 0.149733 
0.623529 280.000000 0.149733 
0.622745 282.000000 0.150802 
0.620392 288.000000 0.154011 
0.629804 264.000000 0.141176 
0.623137 281.000000 0.150267 
0.625882 274.000000 0.146524 
0.615294 301.000000 0.160963 
0.622745 282.000000 0.150802 
0.627451 270.000000 0.144385 
0.626275 273.000000 0.145989 
0.627059 271.000000 0.144920 
0.622353 283.000000 0.151337 
0.620392 288.000000 0.154011 
0.629020 266.000000 0.142246 
0.625490 275.000000 0.147059 
0.626667 272.000000 0.145455 
0.620392 288.000000 0.154011 
0.621961 284.000000 0.151872 
0.623922 279.000000 0.149198 
0.625490 275.000000 0.147059 
0.618039 294.000000 0.157219 
0.621569 285.000000 0.152406 
0.621569 285.000000 0.152406 
0.620392 288.000000 0.154011 
0.617647 295.000000 0.157754 
0.623922 279.000000 0.149198 
0.622353 283.000000 0.151337 
0.612157 309.000000 0.165241 
0.625098 276.000000 0.147594 
0.625490 275.000000 0.147059 
0.621176 286.000000 0.152941 
0.623922 279.000000 0.149198 
0.627059 271.000000 0.144920 
0.620000 289.000000 0.154545 
0.628235 268.000000 0.143316 
0.620000 289.000000 0.154545 
0.620000 289.000000 0.154545 
0.618824 292.000000 0.156150 
0.626667 272.000000 0.145455 
0.625098 276.000000 0.147594 
0.625882 274.000000 0.146524 
0.622745 282.000000 0.150802 
0.622745 282.000000 0.150802 
0.621569 285.000000 0.152406 
0.616863 297.000000 0.158824 
0.627451 270.000000 0.144385 
0.624706 277.000000 0.148128 
0.623137 281.000000 0.150267 
0.621961 284.000000 0.151872 
0.625098 276.000000 0.147594 
0.620784 287.000000 0.153476 
0.625098 276.000000 0.147594 
0.624706 277.000000 0.148128 
0.620000 289.000000 0.154545 
0.624314 278.000000 0.148663 
0.620784 287.000000 0.153476 
0.623137 281.000000 0.150267 
0.622353 283.000000 0.151337 
0.620784 287.000000 0.153476 
0.624706 277.000000 0.148128 
0.622353 283.000000 0.151337 
0.623529 280.000000 0.149733 
0.615294 301.000000 0.160963 
0.625882 274.000000 0.146524 
0.625098 276.000000 0.147594 
0.629804 264.000000 0.141176 
0.623137 281.000000 0.150267 
0.621176 286.000000 0.152941 
0.624314 278.000000 0.148663 
0.623529 280.000000 0.149733 
0.625490 275.000000 0.147059 
0.620784 287.000000 0.153476 
0.620000 289.000000 0.154545 
0.622353 283.000000 0.151337 
0.621961 284.000000 0.151872 
0.620784 287.000000 0.153476 
0.619608 290.000000 0.155080 
0.619608 290.000000 0.155080 
0.628627 267.000000 0.142781 
0.630196 263.000000 0.140642 
0.622745 282.000000 0.150802 
0.620392 288.000000 0.154011 
0.621961 284.000000 0.151872 
0.621569 285.000000 0.152406 
0.623529 280.000000 0.149733 
0.623137 281.000000 0.150267 
0.620784 287.000000 0.153476 
0.625490 275.000000 0.147059 
0.624314 278.000000 0.148663 
0.621176 286.000000 0.152941 
0.625882 274.000000 0.146524 
0.625882 274.000000 0.146524 
0.623529 280.000000 0.149733 
0.621569 285.000000 0.152406 
0.623137 281.000000 0.150267 
0.622745 282.000000 0.150802 
0.623529 280.000000 0.149733 
0.627059 271.000000 0.144920 
0.623137 281.000000 0.150267 
0.625098 276.000000 0.147594 
0.619216 291.000000 0.155615 
0.628235 268.000000 0.143316 
0.627451 270.000000 0.144385 
0.630588 262.000000 0.140107 
0.623137 281.000000 0.150267 
0.626275 273.000000 0.145989 
0.624314 278.000000 0.148663 
0.621176 286.000000 0.152941 
0.620784 287.000000 0.153476 
0.624706 277.000000 0.148128 
0.622353 283.000000 0.151337 
0.626275 273.000000 0.145989 
0.625882 274.000000 0.146524 
0.620392 288.000000 0.154011 
0.618824 292.000000 0.156150 
0.625882 274.000000 0.146524 
0.625490 275.000000 0.147059 
0.621569 285.000000 0.152406 
0.621569 285.000000 0.152406 
0.622353 283.000000 0.151337 
0.622745 282.000000 0.150802 
0.626275 273.000000 0.145989 
0.625490 275.000000 0.147059 
0.626275 273.000000 0.145989 
0.620000 289.000000 0.154545 
0.621176 286.000000 0.152941 
0.624706 277.000000 0.148128 
0.630588 262.000000 0.140107 
0.623922 279.000000 0.149198 
0.620784 287.000000 0.153476 
0.625882 274.000000 0.146524 
0.622353 283.000000 0.151337 
0.620784 287.000000 0.153476 
0.625882 274.000000 0.146524 
0.625882 274.000000 0.146524 
0.628235 268.000000 0.143316 
0.621176 286.000000 0.152941 
0.619608 290.000000 0.155080 
0.621961 284.000000 0.151872 
0.621176 286.000000 0.152941 
0.620392 288.000000 0.154011 
0.626667 272.000000 0.145455 
0.621176 286.000000 0.152941 
0.617647 295.000000 0.157754 
0.624314 278.000000 0.148663 
0.624314 278.000000 0.148663 
0.620784 287.000000 0.153476 
0.622745 282.000000 0.150802 
0.622353 283.000000 0.151337 
0.622745 282.000000 0.150802 
0.623922 279.000000 0.149198 
0.619608 290.000000 0.155080 
0.624314 278.000000 0.148663 
0.625882 274.000000 0.146524 
0.627059 271.000000 0.144920 
0.623529 280.000000 0.149733 
0.628235 268.000000 0.143316 
0.622353 283.000000 0.151337 
0.621569 285.000000 0.152406 
0.620784 287.000000 0.153476 
0.620000 289.000000 0.154545 
0.628627 267.000000 0.142781 
0.619216 291.000000 0.155615 
0.625098 276.000000 0.147594 
0.631373 260.000000 0.139037 
0.627059 271.000000 0.144920 
0.627059 271.000000 0.144920 
0.618431 293.000000 0.156684 
0.623137 281.000000 0.150267 
0.625098 276.000000 0.147594 
0.625882 274.000000 0.146524 
0.621176 286.000000 0.152941 
0.623529 280.000000 0.149733 
0.625882 274.000000 0.146524 
0.621569 285.000000 0.152406 
0.625098 276.000000 0.147594 
0.623529 280.000000 0.149733 
0.620392 288.000000 0.154011 
0.620392 288.000000 0.154011 
0.627843 269.000000 0.143850 
0.623137 281.000000 0.150267 
0.625882 274.000000 0.146524 
0.620000 289.000000 0.154545 
0.620392 288.000000 0.154011 
0.616863 297.000000 0.158824 
0.617647 295.000000 0.157754 
0.623137 281.000000 0.150267 
0.623137 281.000000 0.150267 
0.625098 276.000000 0.147594 
0.625490 275.000000 0.147059 
0.619608 290.000000 0.155080 
0.632941 256.000000 0.136898 
0.624706 277.000000 0.148128 
0.622353 283.000000 0.151337 
0.625098 276.000000 0.147594 
0.622353 283.000000 0.151337 
0.628235 268.000000 0.143316 
0.621569 285.000000 0.152406 
0.623529 280.000000 0.149733 
0.621569 285.000000 0.152406 
0.621569 285.000000 0.152406 
0.621961 284.000000 0.151872 
0.623922 279.000000 0.149198 
0.622745 282.000000 0.150802 
0.622745 282.000000 0.150802 
0.623137 281.000000 0.150267 
0.620000 289.000000 0.154545 
0.628235 268.000000 0.143316 
0.624706 277.000000 0.148128 
0.623137 281.000000 0.150267 
0.625490 275.000000 0.147059 
0.623529 280.000000 0.149733 
0.622745 282.000000 0.150802 
0.623137 281.000000 0.150267 
0.627059 271.000000 0.144920 
0.622353 283.000000 0.151337 
0.621569 285.000000 0.152406 
0.620000 289.000000 0.154545 
0.623922 279.000000 0.149198 
0.625490 275.000000 0.147059 
0.623137 281.000000 0.150267 
0.619216 291.000000 0.155615 
0.618431 293.000000 0.156684 
0.627059 271.000000 0.144920 
0.628235 268.000000 0.143316 
0.621961 284.000000 0.151872 
0.619216 291.000000 0.155615 
0.625490 275.000000 0.147059 
0.622745 282.000000 0.150802 
0.621569 285.000000 0.152406 
0.620784 287.000000 0.153476 
0.619608 290.000000 0.155080 
0.627451 270.000000 0.144385 
0.618039 294.000000 0.157219 
0.618039 294.000000 0.157219 
0.624706 277.000000 0.148128 
0.619216 291.000000 0.155615 
0.621961 284.000000 0.151872 
0.621961 284.000000 0.151872 
0.625490 275.000000 0.147059 
0.620784 287.000000 0.153476 
0.625882 274.000000 0.146524 
0.623922 279.000000 0.149198 
0.623922 279.000000 0.149198 
0.624314 278.000000 0.148663 
0.621961 284.000000 0.151872 
0.621569 285.000000 0.152406 
0.623922 279.000000 0.149198 
0.622745 282.000000 0.150802 
0.627059 271.000000 0.144920 
0.623137 281.000000 0.150267 
0.622353 283.000000 0.151337 
0.628627 267.000000 0.142781 
0.623529 280.000000 0.149733 
0.623137 281.000000 0.150267 
0.623529 280.000000 0.149733 
0.621569 285.000000 0.152406 
0.621176 286.000000 0.152941 
0.626667 272.000000 0.145455 
0.621176 286.000000 0.152941 
0.623137 281.000000 0.150267 
0.626667 272.000000 0.145455 
0.621569 285.000000 0.152406 
0.622745 282.000000 0.150802 
0.620784 287.000000 0.153476 
0.622745 282.000000 0.150802 
0.621961 284.000000 0.151872 
0.623137 281.000000 0.150267 
0.625882 274.000000 0.146524 
0.620000 289.000000 0.154545 
0.623922 279.000000 0.149198 
0.626667 272.000000 0.145455 
0.627451 270.000000 0.144385 
0.624706 277.000000 0.148128 
0.621176 286.000000 0.152941 
0.623137 281.000000 0.150267 
0.618824 292.000000 0.156150 
0.620392 288.000000 0.154011 
0.619216 291.000000 0.155615 
0.620784 287.000000 0.153476 
0.623529 280.000000 0.149733 
0.620000 289.000000 0.154545 
0.629412 265.000000 0.141711 
0.621569 285.000000 0.152406 
0.614902 302.000000 0.161497 
0.629020 266.000000 0.142246 
0.625882 274.000000 0.146524 
0.620392 288.000000 0.154011 
0.622353 283.000000 0.151337 
0.620784 287.000000 0.153476 
0.624706 277.000000 0.148128 
0.623529 280.000000 0.149733 
0.625882 274.000000 0.146524 
0.623137 281.000000 0.150267 
0.623922 279.000000 0.149198 
0.626667 272.000000 0.145455 
0.622745 282.000000 0.150802 
0.619216 291.000000 0.155615 
0.623922 279.000000 0.149198 
0.625490 275.000000 0.147059 
0.619216 291.000000 0.155615 
0.623922 279.000000 0.149198 
0.627059 271.000000 0.144920 
0.628627 267.000000 0.142781 
0.625882 274.000000 0.146524 
0.626275 273.000000 0.145989 
0.624314 278.000000 0.148663 
0.624314 278.000000 0.148663 
0.625490 275.000000 0.147059 
0.623137 281.000000 0.150267 
0.623922 279.000000 0.149198 
0.623529 280.000000 0.149733 
0.618039 294.000000 0.157219 
0.623922 279.000000 0.149198 
0.626667 272.000000 0.145455 
0.621961 284.000000 0.151872 
0.619216 291.000000 0.155615 
0.624706 277.000000 0.148128 
0.627451 270.000000 0.144385 
0.623137 281.000000 0.150267 
0.621176 286.000000 0.152941 
0.622745 282.000000 0.150802 
0.623529 280.000000 0.149733 
0.626667 272.000000 0.145455 
0.625882 274.000000 0.146524 
0.618039 294.000000 0.157219 
0.627843 269.000000 0.143850 
0.621569 285.000000 0.152406 
0.624314 278.000000 0.148663 
0.621961 284.000000 0.151872 
0.626667 272.000000 0.145455 
0.623922 279.000000 0.149198 
0.627843 269.000000 0.143850 
0.620392 288.000000 0.154011 
0.616471 298.000000 0.159358 
0.629020 266.000000 0.142246 
0.615294 301.000000 0.160963 
0.621569 285.000000 0.152406 
0.624706 277.000000 0.148128 
0.624706 277.000000 0.148128 
0.623137 281.000000 0.150267 
0.622745 282.000000 0.150802 
0.623529 280.000000 0.149733 
0.622353 283.000000 0.151337 
0.630196 263.000000 0.140642 
0.623922 279.000000 0.149198 
0.626275 273.000000 0.145989 
0.621961 284.000000 0.151872 
0.621176 286.000000 0.152941 
0.618039 294.000000 0.157219 
0.625490 275.000000 0.147059 
0.624706 277.000000 0.148128 
0.623529 280.000000 0.149733 
0.627843 269.000000 0.143850 
0.626667 272.000000 0.145455 
0.620784 287.000000 0.153476 
0.621569 285.000000 0.152406 
0.621961 284.000000 0.151872 
0.622353 283.000000 0.151337 
0.626667 272.000000 0.145455 
0.625490 275.000000 0.147059 
0.621569 285.000000 0.152406 
0.621176 286.000000 0.152941 
0.628627 267.000000 0.142781 
0.621569 285.000000 0.152406 
0.621176 286.000000 0.152941 
0.620784 287.000000 0.153476 
0.620000 289.000000 0.154545 
0.629020 266.000000 0.142246 
0.624706 277.000000 0.148128 
0.620000 289.000000 0.154545 
0.628235 268.000000 0.143316 
0.623922 279.000000 0.149198 
0.621569 285.000000 0.152406 
0.620784 287.000000 0.153476 
0.620784 287.000000 0.153476 
0.622353 283.000000 0.151337 
0.621961 284.000000 0.151872 
0.623922 279.000000 0.149198 
0.621176 286.000000 0.152941 
0.623529 280.000000 0.149733 
0.626275 273.000000 0.145989 
0.630588 262.000000 0.140107 
0.621569 285.000000 0.152406 
0.622353 283.000000 0.151337 
0.625490 275.000000 0.147059 
0.623137 281.000000 0.150267 
0.620784 287.000000 0.153476 
0.614118 304.000000 0.162567 
0.618039 294.000000 0.157219 
0.622353 283.000000 0.151337 
0.623529 280.000000 0.149733 
0.628235 268.000000 0.143316 
0.617647 295.000000 0.157754 
0.623137 281.000000 0.150267 
0.623922 279.000000 0.149198 
0.624314 278.000000 0.148663 
0.627059 271.000000 0.144920 
0.625882 274.000000 0.146524 
0.626667 272.000000 0.145455 
0.624314 278.000000 0.148663 
0.620000 289.000000 0.154545 
0.621176 286.000000 0.152941 
0.623529 280.000000 0.149733 
0.627059 271.000000 0.144920 
0.619216 291.000000 0.155615 
0.619608 290.000000 0.155080 
0.624314 278.000000 0.148663 
0.619608 290.000000 0.155080 
0.619608 290.000000 0.155080 
0.624314 278.000000 0.148663 
0.621176 286.000000 0.152941 
0.621176 286.000000 0.152941 
0.625098 276.000000 0.147594 
0.624706 277.000000 0.148128 
0.625098 276.000000 0.147594 
0.620392 288.000000 0.154011 
0.620784 287.000000 0.153476 
0.626275 273.000000 0.145989 
0.625882 274.000000 0.146524 
0.628235 268.000000 0.143316 
0.620392 288.000000 0.154011 
0.624314 278.000000 0.148663 
0.623137 281.000000 0.150267 
0.623529 280.000000 0.149733 
0.619216 291.000000 0.155615 
0.627451 270.000000 0.144385 
0.621961 284.000000 0.151872 
0.627451 270.000000 0.144385 
0.628627 267.000000 0.142781 
0.620784 287.000000 0.153476 
0.620392 288.000000 0.154011 
0.622353 283.000000 0.151337 
0.621961 284.000000 0.151872 
0.624706 277.000000 0.148128 
0.620000 289.000000 0.154545 
0.623922 279.000000 0.149198 
0.623137 281.000000 0.150267 
0.623529 280.000000 0.149733 
0.629020 266.000000 0.142246 
0.623922 279.000000 0.149198 
0.625098 276.000000 0.147594 
0.620392 288.000000 0.154011 
0.623137 281.000000 0.150267 
0.626275 273.000000 0.145989 
0.622353 283.000000 0.151337 
0.624706 277.000000 0.148128 
0.626667 272.000000 0.145455 
0.627843 269.000000 0.143850 
0.622745 282.000000 0.150802 
0.627843 269.000000 0.143850 
0.622745 282.000000 0.150802 
0.623529 280.000000 0.149733 
0.620000 289.000000 0.154545 
0.625882 274.000000 0.146524 
0.625490 275.000000 0.147059 
0.620784 287.000000 0.153476 
0.620784 287.000000 0.153476 
0.621569 285.000000 0.152406 
0.621961 284.000000 0.151872 
0.621961 284.000000 0.151872 
0.630980 261.000000 0.139572 
0.623922 279.000000 0.149198 
0.623922 279.000000 0.149198 
0.619608 290.000000 0.155080 
0.620392 288.000000 0.154011 
0.625882 274.000000 0.146524 
0.624314 278.000000 0.148663 
0.618039 294.000000 0.157219 
0.620000 289.000000 0.154545 
0.620000 289.000000 0.154545 
0.622353 283.000000 0.151337 
0.625098 276.000000 0.147594 
0.622745 282.000000 0.150802 
0.626667 272.000000 0.145455 
0.623922 279.000000 0.149198 
0.618824 292.000000 0.156150 
0.621569 285.000000 0.152406 
0.623529 280.000000 0.149733 
0.623137 281.000000 0.150267 
0.618824 292.000000 0.156150 
0.622745 282.000000 0.150802 
0.623922 279.000000 0.149198 
0.626667 272.000000 0.145455 
0.620000 289.000000 0.154545 
0.623137 281.000000 0.150267 
0.623137 281.000000 0.150267 
0.629804 264.000000 0.141176 
0.623529 280.000000 0.149733 
0.622745 282.000000 0.150802 
0.622745 282.000000 0.150802 
0.625098 276.000000 0.147594 
0.617255 296.000000 0.158289 
0.619608 290.000000 0.155080 
0.622353 283.000000 0.151337 
0.623922 279.000000 0.149198 
0.625882 274.000000 0.146524 
0.620392 288.000000 0.154011 
0.623137 281.000000 0.150267 
0.627451 270.000000 0.144385 
0.624314 278.000000 0.148663 
0.623922 279.000000 0.149198 
0.622745 282.000000 0.150802 
0.625882 274.000000 0.146524 
0.621176 286.000000 0.152941 
0.621961 284.000000 0.151872 
0.621569 285.000000 0.152406 
0.629412 265.000000 0.141711 
0.627059 271.000000 0.144920 
0.627843 269.000000 0.143850 
0.621176 286.000000 0.152941 
0.622353 283.000000 0.151337 
0.620392 288.000000 0.154011 
0.628235 268.000000 0.143316 
0.621961 284.000000 0.151872 
0.621961 284.000000 0.151872 
0.624314 278.000000 0.148663 
0.628627 267.000000 0.142781 
0.625882 274.000000 0.146524 
0.628627 267.000000 0.142781 
0.618431 293.000000 0.156684 
0.620000 289.000000 0.154545 
0.621569 285.000000 0.152406 
0.612941 307.000000 0.164171 
0.628235 268.000000 0.143316 
0.625490 275.000000 0.147059 
0.624706 277.000000 0.148128 
0.620392 288.000000 0.154011 
0.624314 278.000000 0.148663 
0.621569 285.000000 0.152406 
0.626667 272.000000 0.145455 
0.625098 276.000000 0.147594 
0.620784 287.000000 0.153476 
0.620784 287.000000 0.153476 
0.620392 288.000000 0.154011 
0.621176 286.000000 0.152941 
0.626275 273.000000 0.145989 
0.623137 281.000000 0.150267 
0.623137 281.000000 0.150267 
0.624706 277.000000 0.148128 
0.628627 267.000000 0.142781 
0.621176 286.000000 0.152941 
0.631373 260.000000 0.139037 
0.621569 285.000000 0.152406 
0.623529 280.000000 0.149733 
0.618824 292.000000 0.156150 
0.626667 272.000000 0.145455 
0.621961 284.000000 0.151872 
0.618431 293.000000 0.156684 
0.624314 278.000000 0.148663 
0.620000 289.000000 0.154545 
0.628627 267.000000 0.142781 
0.621176 286.000000 0.152941 
0.621176 286.000000 0.152941 
0.623137 281.000000 0.150267 
0.623922 279.000000 0.149198 
0.627059 271.000000 0.144920 
0.624314 278.000000 0.148663 
0.623529 280.000000 0.149733 
0.625882 274.000000 0.146524 
0.627451 270.000000 0.144385 
0.622353 283.000000 0.151337 
0.623137 281.000000 0.150267 
0.625098 276.000000 0.147594 
0.623922 279.000000 0.149198 
0.624314 278.000000 0.148663 
0.621569 285.000000 0.152406 
0.625098 276.000000 0.147594 
0.623922 279.000000 0.149198 
0.615294 301.000000 0.160963 
0.618824 292.000000 0.156150 
0.622745 282.000000 0.150802 
0.625490 275.000000 0.147059 
0.621961 284.000000 0.151872 
0.621569 285.000000 0.152406 
0.621176 286.000000 0.152941 
0.622745 282.000000 0.150802 
0.625098 276.000000 0.147594 
0.628235 268.000000 0.143316 
0.621176 286.000000 0.152941 
0.623529 280.000000 0.149733 
0.611765 310.000000 0.165775 
0.629412 265.000000 0.141711 
0.624706 277.000000 0.148128 
0.623922 279.000000 0.149198 
0.624314 278.000000 0.148663 
0.629020 266.000000 0.142246 
0.627451 270.000000 0.144385 
0.624706 277.000000 0.148128 
0.623922 279.000000 0.149198 
0.627059 271.000000 0.144920 
0.620784 287.000000 0.153476 
0.622353 283.000000 0.151337 
0.621569 285.000000 0.152406 
0.623137 281.000000 0.150267 
0.621961 284.000000 0.151872 
0.621176 286.000000 0.152941 
0.620784 287.000000 0.153476 
0.619216 291.000000 0.155615 
0.627843 269.000000 0.143850 
0.621961 284.000000 0.151872 
0.620392 288.000000 0.154011 
0.620000 289.000000 0.154545 
0.625882 274.000000 0.146524 
0.621961 284.000000 0.151872 
0.620392 288.000000 0.154011 
0.621176 286.000000 0.152941 
0.625098 276.000000 0.147594 
0.622353 283.000000 0.151337 
0.625098 276.000000 0.147594 
0.618431 293.000000 0.156684 
0.618431 293.000000 0.156684 
0.623529 280.000000 0.149733 
0.623922 279.000000 0.149198 
0.614118 304.000000 0.162567 
0.627843 269.000000 0.143850 
0.619216 291.000000 0.155615 
0.622353 283.000000 0.151337 
0.620784 287.000000 0.153476 
0.622745 282.000000 0.150802 
0.626275 273.000000 0.145989 
0.622353 283.000000 0.151337 
0.627843 269.000000 0.143850 
0.623529 280.000000 0.149733 
0.626275 273.000000 0.145989 
0.625098 276.000000 0.147594 
0.621176 286.000000 0.152941 
0.626275 273.000000 0.145989 
0.623529 280.000000 0.149733 
0.618431 293.000000 0.156684 
0.618431 293.000000 0.156684 
0.623137 281.000000 0.150267 
0.626667 272.000000 0.145455 
0.623922 279.000000 0.149198 
0.623137 281.000000 0.150267 
0.627059 271.000000 0.144920 
0.621961 284.000000 0.151872 
0.616863 297.000000 0.158824 
0.620392 288.000000 0.154011 
0.620784 287.000000 0.153476 
0.624314 278.000000 0.148663 
0.619216 291.000000 0.155615 
0.621961 284.000000 0.151872 
0.621176 286.000000 0.152941 
0.625098 276.000000 0.147594 
0.623137 281.000000 0.150267 
0.619216 291.000000 0.155615 
0.624706 277.000000 0.148128 
0.620000 289.000000 0.154545 
0.620392 288.000000 0.154011 
0.625490 275.000000 0.147059 
0.627843 269.000000 0.143850 
0.621569 285.000000 0.152406 
0.625882 274.000000 0.146524 
0.623922 279.000000 0.149198 
0.626667 272.000000 0.145455 
0.625490 275.000000 0.147059 
0.624314 278.000000 0.148663 
0.621176 286.000000 0.152941 
0.629412 265.000000 0.141711 
0.623922 279.000000 0.149198 
0.625490 275.000000 0.147059 
0.623137 281.000000 0.150267 
0.623137 281.000000 0.150267 
0.621176 286.000000 0.152941 
0.616863 297.000000 0.158824 
0.625882 274.000000 0.146524 
0.621176 286.000000 0.152941 
0.621176 286.000000 0.152941 
0.620784 287.000000 0.153476 
0.620392 288.000000 0.154011 
0.623529 280.000000 0.149733 
0.624706 277.000000 0.148128 
0.621176 286.000000 0.152941 
0.622745 282.000000 0.150802 
0.616471 298.000000 0.159358 
0.621176 286.000000 0.152941 
0.621961 284.000000 0.151872 
0.627059 271.000000 0.144920 
0.625098 276.000000 0.147594 
0.626667 272.000000 0.145455 
0.629412 265.000000 0.141711 
0.628235 268.000000 0.143316 
0.624314 278.000000 0.148663 
0.627059 271.000000 0.144920 
0.629020 266.000000 0.142246 
0.621569 285.000000 0.152406 
0.623922 279.000000 0.149198 
0.626275 273.000000 0.145989 
0.618039 294.000000 0.157219 
0.615686 300.000000 0.160428 
0.619216 291.000000 0.155615 
0.622745 282.000000 0.150802 
0.622745 282.000000 0.150802 
0.621569 285.000000 0.152406 
0.627059 271.000000 0.144920 
0.621961 284.000000 0.151872 
0.621961 284.000000 0.151872 
0.621176 286.000000 0.152941 
0.627843 269.000000 0.143850 
0.621176 286.000000 0.152941 
0.622353 283.000000 0.151337 
0.618824 292.000000 0.156150 
0.627059 271.000000 0.144920 
0.625098 276.000000 0.147594 
0.629020 266.000000 0.142246 
0.616471 298.000000 0.159358 
0.623922 279.000000 0.149198 
0.626667 272.000000 0.145455 
0.628627 267.000000 0.142781 
0.625098 276.000000 0.147594 
0.620784 287.000000 0.153476 
0.618824 292.000000 0.156150 
0.627059 271.000000 0.144920 
0.623137 281.000000 0.150267 
0.625098 276.000000 0.147594 
0.621569 285.000000 0.152406 
0.627451 270.000000 0.144385 
0.626275 273.000000 0.145989 
0.621569 285.000000 0.152406 
0.623529 280.000000 0.149733 
0.626275 273.000000 0.145989 
0.625490 275.000000 0.147059 
0.620000 289.000000 0.154545 
0.627059 271.000000 0.144920 
0.623137 281.000000 0.150267 
0.619608 290.000000 0.155080 
0.627451 270.000000 0.144385 
0.633725 254.000000 0.135829 
0.623137 281.000000 0.150267 
0.623137 281.000000 0.150267 
0.620784 287.000000 0.153476 
0.621961 284.000000 0.151872 
0.628627 267.000000 0.142781 
0.629412 265.000000 0.141711 
0.621176 286.000000 0.152941 
0.623922 279.000000 0.149198 
0.624706 277.000000 0.148128 
0.621569 285.000000 0.152406 
0.625098 276.000000 0.147594 
0.623529 280.000000 0.149733 
0.617255 296.000000 0.158289 
0.623137 281.000000 0.150267 
0.622745 282.000000 0.150802 
0.622353 283.000000 0.151337 
0.625882 274.000000 0.146524 
0.623529 280.000000 0.149733 
0.623922 279.000000 0.149198 
0.621569 285.000000 0.152406 
0.623529 280.000000 0.149733 
0.621961 284.000000 0.151872 
0.624314 278.000000 0.148663 
0.624314 278.000000 0.148663 
0.625882 274.000000 0.146524 
0.623529 280.000000 0.149733 
0.624706 277.000000 0.148128 
0.622745 282.000000 0.150802 
0.626275 273.000000 0.145989 
0.623529 280.000000 0.149733 
0.619216 291.000000 0.155615 
0.621569 285.000000 0.152406 
0.620784 287.000000 0.153476 
0.622353 283.000000 0.151337 
0.625098 276.000000 0.147594 
0.624706 277.000000 0.148128 
0.625490 275.000000 0.147059 
0.627451 270.000000 0.144385 
0.621176 286.000000 0.152941 
0.618824 292.000000 0.156150 
0.626275 273.000000 0.145989 
0.628235 268.000000 0.143316 
0.620784 287.000000 0.153476 
0.621961 284.000000 0.151872 
0.622353 283.000000 0.151337 
0.619608 290.000000 0.155080 
0.621961 284.000000 0.151872 
0.621569 285.000000 0.152406 
0.621961 284.000000 0.151872 
0.624314 278.000000 0.148663 
0.622745 282.000000 0.150802 
0.623529 280.000000 0.149733 
0.622353 283.000000 0.151337 
0.625882 274.000000 0.146524 
0.620000 289.000000 0.154545 
0.621961 284.000000 0.151872 
0.623922 279.000000 0.149198 
0.624314 278.000000 0.148663 
0.624706 277.000000 0.148128 
0.617647 295.000000 0.157754 
0.625882 274.000000 0.146524 
0.626275 273.000000 0.145989 
0.626275 273.000000 0.145989 
0.625490 275.000000 0.147059 
0.623137 281.000000 0.150267 
0.626667 272.000000 0.145455 
0.620392 288.000000 0.154011 
0.622745 282.000000 0.150802 
0.629020 266.000000 0.142246 
0.621569 285.000000 0.152406 
0.628627 267.000000 0.142781 
0.626667 272.000000 0.145455 
0.624314 278.000000 0.148663 
0.622745 282.000000 0.150802 
0.623922 279.000000 0.149198 
0.622353 283.000000 0.151337 
0.627843 269.000000 0.143850 
0.624314 278.000000 0.148663 
0.625098 276.000000 0.147594 
0.621176 286.000000 0.152941 
0.620000 289.000000 0.154545 
0.623529 280.000000 0.149733 
0.625882 274.000000 0.146524 
0.627843 269.000000 0.143850 
0.623137 281.000000 0.150267 
0.625098 276.000000 0.147594 
0.627451 270.000000 0.144385 
0.627059 271.000000 0.144920 
0.628235 268.000000 0.143316 
0.625490 275.000000 0.147059 
0.623529 280.000000 0.149733 
0.622353 283.000000 0.151337 
0.623529 280.000000 0.149733 
0.625882 274.000000 0.146524 
0.623137 281.000000 0.150267 
0.623922 279.000000 0.149198 
0.627059 271.000000 0.144920 
0.632157 258.000000 0.137968 
0.621176 286.000000 0.152941 
0.625098 276.000000 0.147594 
0.620784 287.000000 0.153476 
0.624314 278.000000 0.148663 
0.617647 295.000000 0.157754 
0.622745 282.000000 0.150802 
0.628235 268.000000 0.143316 
0.617255 296.000000 0.158289 
0.621569 285.000000 0.152406 
0.621961 284.000000 0.151872 
0.625490 275.000000 0.147059 
0.618824 292.000000 0.156150 
0.619216 291.000000 0.155615 
0.629804 264.000000 0.141176 
0.621569 285.000000 0.152406 
0.620784 287.000000 0.153476 
0.619608 290.000000 0.155080 
0.625490 275.000000 0.147059 
0.624314 278.000000 0.148663 
0.618431 293.000000 0.156684 
0.628235 268.000000 0.143316 
0.626667 272.000000 0.145455 
0.624706 277.000000 0.148128 
0.625490 275.000000 0.147059 
0.620392 288.000000 0.154011 
0.621961 284.000000 0.151872 
0.621569 285.000000 0.152406 
0.623137 281.000000 0.150267 
0.621961 284.000000 0.151872 
0.624314 278.000000 0.148663 
0.623529 280.000000 0.149733 
0.623529 280.000000 0.149733 
0.625098 276.000000 0.147594 
0.620392 288.000000 0.154011 
0.625098 276.000000 0.147594 
0.623922 279.000000 0.149198 
0.624706 277.000000 0.148128 
0.625098 276.000000 0.147594 
0.625882 274.000000 0.146524 
0.622353 283.000000 0.151337 
0.624314 278.000000 0.148663 
0.624314 278.000000 0.148663 
0.620392 288.000000 0.154011 
0.620784 287.000000 0.153476 
0.625882 274.000000 0.146524 
0.620784 287.000000 0.153476 
0.622353 283.000000 0.151337 
0.625098 276.000000 0.147594 
0.625882 274.000000 0.146524 
0.623137 281.000000 0.150267 
0.622353 283.000000 0.151337 
0.625098 276.000000 0.147594 
0.625490 275.000000 0.147059 
0.620392 288.000000 0.154011 
0.620392 288.000000 0.154011 
0.623529 280.000000 0.149733 
0.624314 278.000000 0.148663 
0.623922 279.000000 0.149198 
0.627059 271.000000 0.144920 
0.623922 279.000000 0.149198 
0.618431 293.000000 0.156684 
0.620784 287.000000 0.153476 
0.618824 292.000000 0.156150 
0.623922 279.000000 0.149198 
0.616471 298.000000 0.159358 
0.622745 282.000000 0.150802 
0.616471 298.000000 0.159358 
0.622353 283.000000 0.151337 
0.629020 266.000000 0.142246 
0.619608 290.000000 0.155080 
0.620000 289.000000 0.154545 
0.621961 284.000000 0.151872 
0.619608 290.000000 0.155080 
0.620392 288.000000 0.154011 
0.623529 280.000000 0.149733 
0.620000 289.000000 0.154545 
0.624706 277.000000 0.148128 
0.621176 286.000000 0.152941 
0.620000 289.000000 0.154545 
0.621176 286.000000 0.152941 
0.627843 269.000000 0.143850 
0.629020 266.000000 0.142246 
0.623137 281.000000 0.150267 
0.627059 271.000000 0.144920 
0.626667 272.000000 0.145455 
0.627843 269.000000 0.143850 
0.622353 283.000000 0.151337 
0.621176 286.000000 0.152941 
0.625490 275.000000 0.147059 
0.619216 291.000000 0.155615 
0.623922 279.000000 0.149198 
0.620392 288.000000 0.154011 
0.621961 284.000000 0.151872 
0.625882 274.000000 0.146524 
0.624706 277.000000 0.148128 
0.627059 271.000000 0.144920 
0.620392 288.000000 0.154011 
0.625490 275.000000 0.147059 
0.628235 268.000000 0.143316 
0.629412 265.000000 0.141711 
0.618431 293.000000 0.156684 
0.627843 269.000000 0.143850 
0.624314 278.000000 0.148663 
0.619216 291.000000 0.155615 
0.623922 279.000000 0.149198 
0.626275 273.000000 0.145989 
0.625490 275.000000 0.147059 
0.620000 289.000000 0.154545 
0.625098 276.000000 0.147594 
0.627451 270.000000 0.144385 
0.625882 274.000000 0.146524 
0.625098 276.000000 0.147594 
0.626275 273.000000 0.145989 
0.625098 276.000000 0.147594 
0.617647 295.000000 0.157754 
0.626667 272.000000 0.145455 
0.616863 297.000000 0.158824 
0.620784 287.000000 0.153476 
0.621961 284.000000 0.151872 
0.621961 284.000000 0.151872 
0.623529 280.000000 0.149733 
0.630588 262.000000 0.140107 
0.621961 284.000000 0.151872 
0.625490 275.000000 0.147059 
0.617647 295.000000 0.157754 
0.621176 286.000000 0.152941 
0.620784 287.000000 0.153476 
0.623922 279.000000 0.149198 
0.624706 277.000000 0.148128 
0.620784 287.000000 0.153476 
0.626667 272.000000 0.145455 
0.618824 292.000000 0.156150 
0.623137 281.000000 0.150267 
0.625098 276.000000 0.147594 
0.624314 278.000000 0.148663 
0.629412 265.000000 0.141711 
0.625098 276.000000 0.147594 
0.626275 273.000000 0.145989 
0.629412 265.000000 0.141711 
0.628235 268.000000 0.143316 
0.628235 268.000000 0.143316 
0.620784 287.000000 0.153476 
0.621961 284.000000 0.151872 
0.624314 278.000000 0.148663 
0.631373 260.000000 0.139037 
0.624706 277.000000 0.148128 
0.624706 277.000000 0.148128 
0.622353 283.000000 0.151337 
0.620784 287.000000 0.153476 
0.623922 279.000000 0.149198 
0.627843 269.000000 0.143850 
0.619216 291.000000 0.155615 
0.624706 277.000000 0.148128 
0.622353 283.000000 0.151337 
0.627451 270.000000 0.144385 
0.625490 275.000000 0.147059 
0.630588 262.000000 0.140107 
0.627059 271.000000 0.144920 
0.618824 292.000000 0.156150 
0.624706 277.000000 0.148128 
0.619608 290.000000 0.155080 
0.619216 291.000000 0.155615 
0.622745 282.000000 0.150802 
0.622745 282.000000 0.150802 
0.623922 279.000000 0.149198 
0.625490 275.000000 0.147059 
0.626275 273.000000 0.145989 
0.621961 284.000000 0.151872 
0.627451 270.000000 0.144385 
0.623922 279.000000 0.149198 
0.628235 268.000000 0.143316 
0.620784 287.000000 0.153476 
0.620392 288.000000 0.154011 
0.623137 281.000000 0.150267 
0.629412 265.000000 0.141711 
0.625882 274.000000 0.146524 
0.625882 274.000000 0.146524 
0.621961 284.000000 0.151872 
0.620000 289.000000 0.154545 
0.623529 280.000000 0.149733 
0.624314 278.000000 0.148663 
0.626667 272.000000 0.145455 
0.622353 283.000000 0.151337 
0.625490 275.000000 0.147059 
0.621569 285.000000 0.152406 
0.622353 283.000000 0.151337 
0.625098 276.000000 0.147594 
0.622745 282.000000 0.150802 
0.623922 279.000000 0.149198 
0.619608 290.000000 0.155080 
0.623137 281.000000 0.150267 
0.621569 285.000000 0.152406 
0.621569 285.000000 0.152406 
0.622745 282.000000 0.150802 
0.620000 289.000000 0.154545 
0.621961 284.000000 0.151872 
0.623922 279.000000 0.149198 
0.624314 278.000000 0.148663 
0.620392 288.000000 0.154011 
0.626275 273.000000 0.145989 
0.620784 287.000000 0.153476 
0.622745 282.000000 0.150802 
0.625490 275.000000 0.147059 
0.624706 277.000000 0.148128 
0.621961 284.000000 0.151872 
0.624314 278.000000 0.148663 
0.622745 282.000000 0.150802 
0.626667 272.000000 0.145455 
0.622745 282.000000 0.150802 
0.621569 285.000000 0.152406 
0.626667 272.000000 0.145455 
0.623922 279.000000 0.149198 
0.627059 271.000000 0.144920 
0.619216 291.000000 0.155615 
0.622353 283.000000 0.151337 
0.622745 282.000000 0.150802 
0.623529 280.000000 0.149733 
0.622745 282.000000 0.150802 
0.620784 287.000000 0.153476 
0.625098 276.000000 0.147594 
0.622745 282.000000 0.150802 
0.622745 282.000000 0.150802 
0.619608 290.000000 0.155080 
0.619216 291.000000 0.155615 
0.623922 279.000000 0.149198 
0.619608 290.000000 0.155080 
0.624706 277.000000 0.148128 
0.616863 297.000000 0.158824 
0.625098 276.000000 0.147594 
0.623137 281.000000 0.150267 
0.622353 283.000000 0.151337 
0.621961 284.000000 0.151872 
0.623529 280.000000 0.149733 
0.620784 287.000000 0.153476 
0.617647 295.000000 0.157754 
0.621961 284.000000 0.151872 
0.621569 285.000000 0.152406 
0.622353 283.000000 0.151337 
0.625882 274.000000 0.146524 
0.620000 289.000000 0.154545 
0.627059 271.000000 0.144920 
0.626275 273.000000 0.145989 
0.624314 278.000000 0.148663 
0.623137 281.000000 0.150267 
0.619216 291.000000 0.155615 
0.620000 289.000000 0.154545 
0.623922 279.000000 0.149198 
0.618431 293.000000 0.156684 
0.623529 280.000000 0.149733 
0.623137 281.000000 0.150267 
0.628235 268.000000 0.143316 
0.620784 287.000000 0.153476 
0.623922 279.000000 0.149198 
0.618039 294.000000 0.157219 
0.623922 279.000000 0.149198 
0.623529 280.000000 0.149733 
0.625098 276.000000 0.147594 
0.623137 281.000000 0.150267 
0.619216 291.000000 0.155615 
0.621961 284.000000 0.151872 
0.624314 278.000000 0.148663 
0.618039 294.000000 0.157219 
0.624706 277.000000 0.148128 
0.627843 269.000000 0.143850 
0.618824 292.000000 0.156150 
