0.405098 357.000000 0.256835 
0.409412 346.000000 0.248921 
0.408235 349.000000 0.251079 
0.407843 350.000000 0.251799 
0.410588 343.000000 0.246763 
0.411373 341.000000 0.245324 
0.417255 326.000000 0.234532 
0.404314 359.000000 0.258273 
0.407451 351.000000 0.252518 
0.405882 355.000000 0.255396 
0.408235 349.000000 0.251079 
0.407059 352.000000 0.253237 
0.408235 349.000000 0.251079 
0.405882 355.000000 0.255396 
0.412549 338.000000 0.243165 
0.408627 348.000000 0.250360 
0.403529 361.000000 0.259712 
0.404706 358.000000 0.257554 
0.405882 355.000000 0.255396 
0.398824 373.000000 0.268345 
0.414118 334.000000 0.240288 
0.408627 348.000000 0.250360 
0.410980 342.000000 0.246043 
0.403137 362.000000 0.260432 
0.403137 362.000000 0.260432 
0.403922 360.000000 0.258993 
0.413725 335.000000 0.241007 
0.410588 343.000000 0.246763 
0.410196 344.000000 0.247482 
0.404706 358.000000 0.257554 
0.406667 353.000000 0.253957 
0.416863 327.000000 0.235252 
0.404314 359.000000 0.258273 
0.406275 354.000000 0.254676 
0.403529 361.000000 0.259712 
0.418431 323.000000 0.232374 
0.412549 338.000000 0.243165 
0.407451 351.000000 0.252518 
0.396863 378.000000 0.271942 
0.419216 321.000000 0.230935 
0.403529 361.000000 0.259712 
0.405490 356.000000 0.256115 
0.401961 365.000000 0.262590 
0.405882 355.000000 0.255396 
0.408627 348.000000 0.250360 
0.410588 343.000000 0.246763 
0.417255 326.000000 0.234532 
0.406275 354.000000 0.254676 
0.409412 346.000000 0.248921 
0.411765 340.000000 0.244604 
0.418824 322.000000 0.231655 
0.405882 355.000000 0.255396 
0.416471 328.000000 0.235971 
0.414118 334.000000 0.240288 
0.403137 362.000000 0.260432 
0.405098 357.000000 0.256835 
0.400392 369.000000 0.265468 
0.405490 356.000000 0.256115 
0.409412 346.000000 0.248921 
0.411373 341.000000 0.245324 
0.408235 349.000000 0.251079 
0.406667 353.000000 0.253957 
0.413725 335.000000 0.241007 
0.402353 364.000000 0.261871 
0.407451 351.000000 0.252518 
0.409020 347.000000 0.249640 
0.402745 363.000000 0.261151 
0.403922 360.000000 0.258993 
0.413725 335.000000 0.241007 
0.407843 350.000000 0.251799 
0.400784 368.000000 0.264748 
0.414118 334.000000 0.240288 
0.408627 348.000000 0.250360 
0.403137 362.000000 0.260432 
0.416863 327.000000 0.235252 
0.405882 355.000000 0.255396 
0.409412 346.000000 0.248921 
0.403529 361.000000 0.259712 
0.409020 347.000000 0.249640 
0.412157 339.000000 0.243885 
0.410980 342.000000 0.246043 
0.409804 345.000000 0.248201 
0.407451 351.000000 0.252518 
0.404706 358.000000 0.257554 
0.401176 367.000000 0.264029 
0.407059 352.000000 0.253237 
0.411765 340.000000 0.244604 
0.403529 361.000000 0.259712 
0.407059 352.000000 0.253237 
0.408235 349.000000 0.251079 
0.405882 355.000000 0.255396 
0.412157 339.000000 0.243885 
0.403922 360.000000 0.258993 
0.412157 339.000000 0.243885 
0.409804 345.000000 0.248201 
0.415686 330.000000 0.237410 
0.410196 344.000000 0.247482 
0.403922 360.000000 0.258993 
0.409020 347.000000 0.249640 
0.407059 352.000000 0.253237 
0.404706 358.000000 0.257554 
0.415686 330.000000 0.237410 
0.411373 341.000000 0.245324 
0.409804 345.000000 0.248201 
0.405098 357.000000 0.256835 
0.412549 338.000000 0.243165 
0.410980 342.000000 0.246043 
0.414118 334.000000 0.240288 
0.407059 352.000000 0.253237 
0.411765 340.000000 0.244604 
0.410588 343.000000 0.246763 
0.405882 355.000000 0.255396 
0.410980 342.000000 0.246043 
0.416078 329.000000 0.236691 
0.399608 371.000000 0.266906 
0.401961 365.000000 0.262590 
0.405882 355.000000 0.255396 
0.407843 350.000000 0.251799 
0.416078 329.000000 0.236691 
0.396471 379.000000 0.272662 
0.414118 334.000000 0.240288 
0.412549 338.000000 0.243165 
0.407843 350.000000 0.251799 
0.414510 333.000000 0.239568 
0.413333 336.000000 0.241727 
0.416863 327.000000 0.235252 
0.414118 334.000000 0.240288 
0.410196 344.000000 0.247482 
0.412941 337.000000 0.242446 
0.408235 349.000000 0.251079 
0.411373 341.000000 0.245324 
0.409804 345.000000 0.248201 
0.419608 320.000000 0.230216 
0.411373 341.000000 0.245324 
0.415294 331.000000 0.238129 
0.407843 350.000000 0.251799 
0.410196 344.000000 0.247482 
0.408627 348.000000 0.250360 
0.407843 350.000000 0.251799 
0.401176 367.000000 0.264029 
0.407843 350.000000 0.251799 
0.407843 350.000000 0.251799 
0.410196 344.000000 0.247482 
0.404314 359.000000 0.258273 
0.409412 346.000000 0.248921 
0.416863 327.000000 0.235252 
0.404706 358.000000 0.257554 
0.405098 357.000000 0.256835 
0.417255 326.000000 0.234532 
0.403922 360.000000 0.258993 
0.407451 351.000000 0.252518 
0.405098 357.000000 0.256835 
0.416078 329.000000 0.236691 
0.407843 350.000000 0.251799 
0.416471 328.000000 0.235971 
0.412549 338.000000 0.243165 
0.401961 365.000000 0.262590 
0.408627 348.000000 0.250360 
0.407451 351.000000 0.252518 
0.411765 340.000000 0.244604 
0.402353 364.000000 0.261871 
0.415294 331.000000 0.238129 
0.405098 357.000000 0.256835 
0.407451 351.000000 0.252518 
0.408627 348.000000 0.250360 
0.410196 344.000000 0.247482 
0.407451 351.000000 0.252518 
0.400392 369.000000 0.265468 
0.408627 348.000000 0.250360 
0.407059 352.000000 0.253237 
0.397647 376.000000 0.270504 
0.411765 340.000000 0.244604 
0.407059 352.000000 0.253237 
0.409412 346.000000 0.248921 
0.410980 342.000000 0.246043 
0.419608 320.000000 0.230216 
0.409804 345.000000 0.248201 
0.415294 331.000000 0.238129 
0.410980 342.000000 0.246043 
0.414118 334.000000 0.240288 
0.408627 348.000000 0.250360 
0.399608 371.000000 0.266906 
0.407451 351.000000 0.252518 
0.413333 336.000000 0.241727 
0.410196 344.000000 0.247482 
0.400784 368.000000 0.264748 
0.410980 342.000000 0.246043 
0.403529 361.000000 0.259712 
0.394510 384.000000 0.276259 
0.406667 353.000000 0.253957 
0.409412 346.000000 0.248921 
0.401961 365.000000 0.262590 
0.407451 351.000000 0.252518 
0.406667 353.000000 0.253957 
0.407451 351.000000 0.252518 
0.407451 351.000000 0.252518 
0.398431 374.000000 0.269065 
0.407451 351.000000 0.252518 
0.414510 333.000000 0.239568 
0.407843 350.000000 0.251799 
0.415294 331.000000 0.238129 
0.416078 329.000000 0.236691 
0.407451 351.000000 0.252518 
0.409412 346.000000 0.248921 
0.406667 353.000000 0.253957 
0.411373 341.000000 0.245324 
0.403529 361.000000 0.259712 
0.407451 351.000000 0.252518 
0.407843 350.000000 0.251799 
0.406275 354.000000 0.254676 
0.409412 346.000000 0.248921 
0.409412 346.000000 0.248921 
0.414118 334.000000 0.240288 
0.401569 366.000000 0.263309 
0.413333 336.000000 0.241727 
0.414510 333.000000 0.239568 
0.409020 347.000000 0.249640 
0.403529 361.000000 0.259712 
0.399608 371.000000 0.266906 
0.410588 343.000000 0.246763 
0.407843 350.000000 0.251799 
0.410980 342.000000 0.246043 
0.402745 363.000000 0.261151 
0.409804 345.000000 0.248201 
0.409412 346.000000 0.248921 
0.403529 361.000000 0.259712 
0.407451 351.000000 0.252518 
0.414510 333.000000 0.239568 
0.410588 343.000000 0.246763 
0.409412 346.000000 0.248921 
0.408235 349.000000 0.251079 
0.406667 353.000000 0.253957 
0.410980 342.000000 0.246043 
0.412549 338.000000 0.243165 
0.404706 358.000000 0.257554 
0.408235 349.000000 0.251079 
0.409020 347.000000 0.249640 
0.410588 343.000000 0.246763 
0.408235 349.000000 0.251079 
0.405490 356.000000 0.256115 
0.408627 348.000000 0.250360 
0.408627 348.000000 0.250360 
0.408627 348.000000 0.250360 
0.408235 349.000000 0.251079 
0.404314 359.000000 0.258273 
0.409020 347.000000 0.249640 
0.409804 345.000000 0.248201 
0.407059 352.000000 0.253237 
0.403922 360.000000 0.258993 
0.402745 363.000000 0.261151 
0.412549 338.000000 0.243165 
0.407451 351.000000 0.252518 
0.410980 342.000000 0.246043 
0.407843 350.000000 0.251799 
0.407843 350.000000 0.251799 
0.410980 342.000000 0.246043 
0.413725 335.000000 0.241007 
0.409412 346.000000 0.248921 
0.409020 347.000000 0.249640 
0.411373 341.000000 0.245324 
0.401569 366.000000 0.263309 
0.405882 355.000000 0.255396 
0.404706 358.000000 0.257554 
0.413333 336.000000 0.241727 
0.409412 346.000000 0.248921 
0.409804 345.000000 0.248201 
0.400000 370.000000 0.266187 
0.410196 344.000000 0.247482 
0.406667 353.000000 0.253957 
0.404314 359.000000 0.258273 
0.410196 344.000000 0.247482 
0.414118 334.000000 0.240288 
0.408627 348.000000 0.250360 
0.405882 355.000000 0.255396 
0.409804 345.000000 0.248201 
0.407843 350.000000 0.251799 
0.408235 349.000000 0.251079 
0.405490 356.000000 0.256115 
0.410980 342.000000 0.246043 
0.407843 350.000000 0.251799 
0.409020 347.000000 0.249640 
0.410588 343.000000 0.246763 
0.414902 332.000000 0.238849 
0.405098 357.000000 0.256835 
0.407059 352.000000 0.253237 
0.412157 339.000000 0.243885 
0.414118 334.000000 0.240288 
0.416863 327.000000 0.235252 
0.401569 366.000000 0.263309 
0.414510 333.000000 0.239568 
0.403137 362.000000 0.260432 
0.417255 326.000000 0.234532 
0.415294 331.000000 0.238129 
0.412157 339.000000 0.243885 
0.405098 357.000000 0.256835 
0.410980 342.000000 0.246043 
0.409804 345.000000 0.248201 
0.400784 368.000000 0.264748 
0.406275 354.000000 0.254676 
0.405882 355.000000 0.255396 
0.414902 332.000000 0.238849 
0.408235 349.000000 0.251079 
0.403922 360.000000 0.258993 
0.416863 327.000000 0.235252 
0.404706 358.000000 0.257554 
0.403922 360.000000 0.258993 
0.408627 348.000000 0.250360 
0.406667 353.000000 0.253957 
0.409804 345.000000 0.248201 
0.407059 352.000000 0.253237 
0.410588 343.000000 0.246763 
0.410980 342.000000 0.246043 
0.401569 366.000000 0.263309 
0.410196 344.000000 0.247482 
0.405098 357.000000 0.256835 
0.403529 361.000000 0.259712 
0.415294 331.000000 0.238129 
0.410980 342.000000 0.246043 
0.410196 344.000000 0.247482 
0.404706 358.000000 0.257554 
0.409412 346.000000 0.248921 
0.403137 362.000000 0.260432 
0.412941 337.000000 0.242446 
0.413333 336.000000 0.241727 
0.417255 326.000000 0.234532 
0.410980 342.000000 0.246043 
0.409020 347.000000 0.249640 
0.416471 328.000000 0.235971 
0.407451 351.000000 0.252518 
0.413333 336.000000 0.241727 
0.411373 341.000000 0.245324 
0.412549 338.000000 0.243165 
0.405098 357.000000 0.256835 
0.414118 334.000000 0.240288 
0.409804 345.000000 0.248201 
0.409020 347.000000 0.249640 
0.403922 360.000000 0.258993 
0.406667 353.000000 0.253957 
0.410196 344.000000 0.247482 
0.403137 362.000000 0.260432 
0.409020 347.000000 0.249640 
0.403529 361.000000 0.259712 
0.414118 334.000000 0.240288 
0.406667 353.000000 0.253957 
0.413333 336.000000 0.241727 
0.411373 341.000000 0.245324 
0.413333 336.000000 0.241727 
0.409020 347.000000 0.249640 
0.409412 346.000000 0.248921 
0.411373 341.000000 0.245324 
0.409020 347.000000 0.249640 
0.409020 347.000000 0.249640 
0.415686 330.000000 0.237410 
0.415294 331.000000 0.238129 
0.408627 348.000000 0.250360 
0.414902 332.000000 0.238849 
0.408627 348.000000 0.250360 
0.409020 347.000000 0.249640 
0.411765 340.000000 0.244604 
0.410196 344.000000 0.247482 
0.405490 356.000000 0.256115 
0.404314 359.000000 0.258273 
0.410980 342.000000 0.246043 
0.405098 357.000000 0.256835 
0.407843 350.000000 0.251799 
0.410196 344.000000 0.247482 
0.409020 347.000000 0.249640 
0.409020 347.000000 0.249640 
0.404706 358.000000 0.257554 
0.407451 351.000000 0.252518 
0.409412 346.000000 0.248921 
0.410980 342.000000 0.246043 
0.400000 370.000000 0.266187 
0.407843 350.000000 0.251799 
0.410588 343.000000 0.246763 
0.403529 361.000000 0.259712 
0.405882 355.000000 0.255396 
0.419216 321.000000 0.230935 
0.405098 357.000000 0.256835 
0.406275 354.000000 0.254676 
0.407843 350.000000 0.251799 
0.412941 337.000000 0.242446 
0.405882 355.000000 0.255396 
0.399608 371.000000 0.266906 
0.410196 344.000000 0.247482 
0.410196 344.000000 0.247482 
0.404706 358.000000 0.257554 
0.414118 334.000000 0.240288 
0.403137 362.000000 0.260432 
0.407451 351.000000 0.252518 
0.410980 342.000000 0.246043 
0.402353 364.000000 0.261871 
0.404314 359.000000 0.258273 
0.410588 343.000000 0.246763 
0.412157 339.000000 0.243885 
0.403137 362.000000 0.260432 
0.398431 374.000000 0.269065 
0.407059 352.000000 0.253237 
0.410196 344.000000 0.247482 
0.400784 368.000000 0.264748 
0.403922 360.000000 0.258993 
0.410588 343.000000 0.246763 
0.409020 347.000000 0.249640 
0.403137 362.000000 0.260432 
0.409804 345.000000 0.248201 
0.410588 343.000000 0.246763 
0.416863 327.000000 0.235252 
0.410980 342.000000 0.246043 
0.405882 355.000000 0.255396 
0.412941 337.000000 0.242446 
0.410588 343.000000 0.246763 
0.408627 348.000000 0.250360 
0.404314 359.000000 0.258273 
0.416078 329.000000 0.236691 
0.410196 344.000000 0.247482 
0.408627 348.000000 0.250360 
0.407451 351.000000 0.252518 
0.404314 359.000000 0.258273 
0.410588 343.000000 0.246763 
0.410588 343.000000 0.246763 
0.412549 338.000000 0.243165 
0.407059 352.000000 0.253237 
0.407451 351.000000 0.252518 
0.400784 368.000000 0.264748 
0.405098 357.000000 0.256835 
0.405098 357.000000 0.256835 
0.403529 361.000000 0.259712 
0.414510 333.000000 0.239568 
0.405490 356.000000 0.256115 
0.416078 329.000000 0.236691 
0.402745 363.000000 0.261151 
0.405882 355.000000 0.255396 
0.409020 347.000000 0.249640 
0.409020 347.000000 0.249640 
0.408627 348.000000 0.250360 
0.409020 347.000000 0.249640 
0.405882 355.000000 0.255396 
0.412549 338.000000 0.243165 
0.409804 345.000000 0.248201 
0.412549 338.000000 0.243165 
0.413725 335.000000 0.241007 
0.409412 346.000000 0.248921 
0.412941 337.000000 0.242446 
0.408235 349.000000 0.251079 
0.406275 354.000000 0.254676 
0.408627 348.000000 0.250360 
0.403922 360.000000 0.258993 
0.413725 335.000000 0.241007 
0.409020 347.000000 0.249640 
0.401176 367.000000 0.264029 
0.405098 357.000000 0.256835 
0.400784 368.000000 0.264748 
0.403529 361.000000 0.259712 
0.405882 355.000000 0.255396 
0.403529 361.000000 0.259712 
0.403137 362.000000 0.260432 
0.400784 368.000000 0.264748 
0.408627 348.000000 0.250360 
0.406667 353.000000 0.253957 
0.413333 336.000000 0.241727 
0.407843 350.000000 0.251799 
0.403529 361.000000 0.259712 
0.409804 345.000000 0.248201 
0.412157 339.000000 0.243885 
0.405490 356.000000 0.256115 
0.400392 369.000000 0.265468 
0.414510 333.000000 0.239568 
0.400000 370.000000 0.266187 
0.411765 340.000000 0.244604 
0.407843 350.000000 0.251799 
0.405490 356.000000 0.256115 
0.407451 351.000000 0.252518 
0.403137 362.000000 0.260432 
0.417647 325.000000 0.233813 
0.413333 336.000000 0.241727 
0.405098 357.000000 0.256835 
0.405882 355.000000 0.255396 
0.414902 332.000000 0.238849 
0.409020 347.000000 0.249640 
0.403922 360.000000 0.258993 
0.405098 357.000000 0.256835 
0.406667 353.000000 0.253957 
0.415294 331.000000 0.238129 
0.403137 362.000000 0.260432 
0.404706 358.000000 0.257554 
0.413333 336.000000 0.241727 
0.407451 351.000000 0.252518 
0.414118 334.000000 0.240288 
0.410588 343.000000 0.246763 
0.407059 352.000000 0.253237 
0.406275 354.000000 0.254676 
0.410980 342.000000 0.246043 
0.409020 347.000000 0.249640 
0.409804 345.000000 0.248201 
0.408235 349.000000 0.251079 
0.407059 352.000000 0.253237 
0.405882 355.000000 0.255396 
0.406275 354.000000 0.254676 
0.409020 347.000000 0.249640 
0.408627 348.000000 0.250360 
0.408627 348.000000 0.250360 
0.406275 354.000000 0.254676 
0.415294 331.000000 0.238129 
0.407059 352.000000 0.253237 
0.401569 366.000000 0.263309 
0.412941 337.000000 0.242446 
0.418039 324.000000 0.233094 
0.405098 357.000000 0.256835 
0.403529 361.000000 0.259712 
0.409804 345.000000 0.248201 
0.404706 358.000000 0.257554 
0.403922 360.000000 0.258993 
0.406275 354.000000 0.254676 
0.413725 335.000000 0.241007 
0.408627 348.000000 0.250360 
0.409804 345.000000 0.248201 
0.400784 368.000000 0.264748 
0.405882 355.000000 0.255396 
0.408627 348.000000 0.250360 
0.406275 354.000000 0.254676 
0.407451 351.000000 0.252518 
0.414118 334.000000 0.240288 
0.410588 343.000000 0.246763 
0.415686 330.000000 0.237410 
0.403529 361.000000 0.259712 
0.403137 362.000000 0.260432 
0.403529 361.000000 0.259712 
0.410196 344.000000 0.247482 
0.410588 343.000000 0.246763 
0.410588 343.000000 0.246763 
0.402353 364.000000 0.261871 
0.416471 328.000000 0.235971 
0.407451 351.000000 0.252518 
0.406667 353.000000 0.253957 
0.406667 353.000000 0.253957 
0.409020 347.000000 0.249640 
0.405882 355.000000 0.255396 
0.405098 357.000000 0.256835 
0.409020 347.000000 0.249640 
0.407451 351.000000 0.252518 
0.410196 344.000000 0.247482 
0.410196 344.000000 0.247482 
0.411765 340.000000 0.244604 
0.411373 341.000000 0.245324 
0.407059 352.000000 0.253237 
0.406667 353.000000 0.253957 
0.406667 353.000000 0.253957 
0.405098 357.000000 0.256835 
0.410588 343.000000 0.246763 
0.409804 345.000000 0.248201 
0.409412 346.000000 0.248921 
0.405098 357.000000 0.256835 
0.402353 364.000000 0.261871 
0.406667 353.000000 0.253957 
0.409804 345.000000 0.248201 
0.405490 356.000000 0.256115 
0.410196 344.000000 0.247482 
0.407059 352.000000 0.253237 
0.413333 336.000000 0.241727 
0.412941 337.000000 0.242446 
0.412549 338.000000 0.243165 
0.414902 332.000000 0.238849 
0.410588 343.000000 0.246763 
0.414902 332.000000 0.238849 
0.402353 364.000000 0.261871 
0.405098 357.000000 0.256835 
0.414118 334.000000 0.240288 
0.400784 368.000000 0.264748 
0.408235 349.000000 0.251079 
0.406667 353.000000 0.253957 
0.414118 334.000000 0.240288 
0.405882 355.000000 0.255396 
0.420784 317.000000 0.228058 
0.407451 351.000000 0.252518 
0.409020 347.000000 0.249640 
0.406275 354.000000 0.254676 
0.399216 372.000000 0.267626 
0.409804 345.000000 0.248201 
0.411373 341.000000 0.245324 
0.411373 341.000000 0.245324 
0.407843 350.000000 0.251799 
0.404314 359.000000 0.258273 
0.410588 343.000000 0.246763 
0.417255 326.000000 0.234532 
0.415294 331.000000 0.238129 
0.409412 346.000000 0.248921 
0.403137 362.000000 0.260432 
0.405098 357.000000 0.256835 
0.410588 343.000000 0.246763 
0.408627 348.000000 0.250360 
0.414510 333.000000 0.239568 
0.413725 335.000000 0.241007 
0.414902 332.000000 0.238849 
0.403922 360.000000 0.258993 
0.400392 369.000000 0.265468 
0.411373 341.000000 0.245324 
0.413333 336.000000 0.241727 
0.407843 350.000000 0.251799 
0.410196 344.000000 0.247482 
0.409412 346.000000 0.248921 
0.413725 335.000000 0.241007 
0.407451 351.000000 0.252518 
0.412941 337.000000 0.242446 
0.411765 340.000000 0.244604 
0.404314 359.000000 0.258273 
0.403922 360.000000 0.258993 
0.408235 349.000000 0.251079 
0.409412 346.000000 0.248921 
0.404706 358.000000 0.257554 
0.405098 357.000000 0.256835 
0.406275 354.000000 0.254676 
0.403529 361.000000 0.259712 
0.398824 373.000000 0.268345 
0.405098 357.000000 0.256835 
0.407059 352.000000 0.253237 
0.405882 355.000000 0.255396 
0.408235 349.000000 0.251079 
0.410588 343.000000 0.246763 
0.410588 343.000000 0.246763 
0.402353 364.000000 0.261871 
0.410980 342.000000 0.246043 
0.411765 340.000000 0.244604 
0.406275 354.000000 0.254676 
0.408627 348.000000 0.250360 
0.408235 349.000000 0.251079 
0.413333 336.000000 0.241727 
0.411765 340.000000 0.244604 
0.400784 368.000000 0.264748 
0.420000 319.000000 0.229496 
0.405882 355.000000 0.255396 
0.408235 349.000000 0.251079 
0.412157 339.000000 0.243885 
0.416078 329.000000 0.236691 
0.409412 346.000000 0.248921 
0.408235 349.000000 0.251079 
0.406275 354.000000 0.254676 
0.405882 355.000000 0.255396 
0.412157 339.000000 0.243885 
0.410196 344.000000 0.247482 
0.408627 348.000000 0.250360 
0.410588 343.000000 0.246763 
0.400392 369.000000 0.265468 
0.413333 336.000000 0.241727 
0.405098 357.000000 0.256835 
0.415294 331.000000 0.238129 
0.407059 352.000000 0.253237 
0.399216 372.000000 0.267626 
0.408235 349.000000 0.251079 
0.410196 344.000000 0.247482 
0.409412 346.000000 0.248921 
0.409020 347.000000 0.249640 
0.408235 349.000000 0.251079 
0.417255 326.000000 0.234532 
0.407451 351.000000 0.252518 
0.416078 329.000000 0.236691 
0.407059 352.000000 0.253237 
0.412941 337.000000 0.242446 
0.407451 351.000000 0.252518 
0.404314 359.000000 0.258273 
0.403137 362.000000 0.260432 
0.407059 352.000000 0.253237 
0.408235 349.000000 0.251079 
0.409020 347.000000 0.249640 
0.405882 355.000000 0.255396 
0.412941 337.000000 0.242446 
0.413333 336.000000 0.241727 
0.409020 347.000000 0.249640 
0.410588 343.000000 0.246763 
0.410196 344.000000 0.247482 
0.416471 328.000000 0.235971 
0.407451 351.000000 0.252518 
0.405490 356.000000 0.256115 
0.412941 337.000000 0.242446 
0.414902 332.000000 0.238849 
0.416471 328.000000 0.235971 
0.407843 350.000000 0.251799 
0.402353 364.000000 0.261871 
0.409804 345.000000 0.248201 
0.407451 351.000000 0.252518 
0.402353 364.000000 0.261871 
0.414902 332.000000 0.238849 
0.412157 339.000000 0.243885 
0.413725 335.000000 0.241007 
0.411373 341.000000 0.245324 
0.413333 336.000000 0.241727 
0.405882 355.000000 0.255396 
0.409804 345.000000 0.248201 
0.412157 339.000000 0.243885 
0.414510 333.000000 0.239568 
0.407843 350.000000 0.251799 
0.403137 362.000000 0.260432 
0.404314 359.000000 0.258273 
0.410196 344.000000 0.247482 
0.406275 354.000000 0.254676 
0.407451 351.000000 0.252518 
0.405490 356.000000 0.256115 
0.416078 329.000000 0.236691 
0.399608 371.000000 0.266906 
0.409412 346.000000 0.248921 
0.412941 337.000000 0.242446 
0.410588 343.000000 0.246763 
0.402745 363.000000 0.261151 
0.406667 353.000000 0.253957 
0.415294 331.000000 0.238129 
0.414902 332.000000 0.238849 
0.403922 360.000000 0.258993 
0.420784 317.000000 0.228058 
0.400784 368.000000 0.264748 
0.416863 327.000000 0.235252 
0.410196 344.000000 0.247482 
0.401569 366.000000 0.263309 
0.407059 352.000000 0.253237 
0.409020 347.000000 0.249640 
0.404314 359.000000 0.258273 
0.407059 352.000000 0.253237 
0.411765 340.000000 0.244604 
0.405882 355.000000 0.255396 
0.406667 353.000000 0.253957 
0.410980 342.000000 0.246043 
0.403922 360.000000 0.258993 
0.403529 361.000000 0.259712 
0.408235 349.000000 0.251079 
0.407843 350.000000 0.251799 
0.407843 350.000000 0.251799 
0.410980 342.000000 0.246043 
0.415686 330.000000 0.237410 
0.418431 323.000000 0.232374 
0.405098 357.000000 0.256835 
0.410588 343.000000 0.246763 
0.408627 348.000000 0.250360 
0.407451 351.000000 0.252518 
0.403529 361.000000 0.259712 
0.418824 322.000000 0.231655 
0.409412 346.000000 0.248921 
0.411373 341.000000 0.245324 
0.400784 368.000000 0.264748 
0.411373 341.000000 0.245324 
0.412157 339.000000 0.243885 
0.411373 341.000000 0.245324 
0.398039 375.000000 0.269784 
0.407843 350.000000 0.251799 
0.405490 356.000000 0.256115 
0.407451 351.000000 0.252518 
0.414510 333.000000 0.239568 
0.406667 353.000000 0.253957 
0.405882 355.000000 0.255396 
0.410980 342.000000 0.246043 
0.403529 361.000000 0.259712 
0.411765 340.000000 0.244604 
0.415686 330.000000 0.237410 
0.408627 348.000000 0.250360 
0.405490 356.000000 0.256115 
0.408627 348.000000 0.250360 
0.409804 345.000000 0.248201 
0.412157 339.000000 0.243885 
0.408235 349.000000 0.251079 
0.413333 336.000000 0.241727 
0.416471 328.000000 0.235971 
0.410196 344.000000 0.247482 
0.408627 348.000000 0.250360 
0.409020 347.000000 0.249640 
0.403529 361.000000 0.259712 
0.409804 345.000000 0.248201 
0.412941 337.000000 0.242446 
0.407059 352.000000 0.253237 
0.406667 353.000000 0.253957 
0.407843 350.000000 0.251799 
0.411373 341.000000 0.245324 
0.406667 353.000000 0.253957 
0.409412 346.000000 0.248921 
0.410196 344.000000 0.247482 
0.403922 360.000000 0.258993 
0.409804 345.000000 0.248201 
0.403922 360.000000 0.258993 
0.416863 327.000000 0.235252 
0.408235 349.000000 0.251079 
0.410196 344.000000 0.247482 
0.411765 340.000000 0.244604 
0.409804 345.000000 0.248201 
0.410196 344.000000 0.247482 
0.400000 370.000000 0.266187 
0.405882 355.000000 0.255396 
0.405882 355.000000 0.255396 
0.407843 350.000000 0.251799 
0.409020 347.000000 0.249640 
0.407843 350.000000 0.251799 
0.414902 332.000000 0.238849 
0.402353 364.000000 0.261871 
0.410196 344.000000 0.247482 
0.405098 357.000000 0.256835 
0.411373 341.000000 0.245324 
0.410588 343.000000 0.246763 
0.413333 336.000000 0.241727 
0.415686 330.000000 0.237410 
0.409412 346.000000 0.248921 
0.410588 343.000000 0.246763 
0.409804 345.000000 0.248201 
0.414118 334.000000 0.240288 
0.410196 344.000000 0.247482 
0.413725 335.000000 0.241007 
0.405490 356.000000 0.256115 
0.413333 336.000000 0.241727 
0.403922 360.000000 0.258993 
0.409804 345.000000 0.248201 
0.412157 339.000000 0.243885 
0.410588 343.000000 0.246763 
0.404706 358.000000 0.257554 
0.406275 354.000000 0.254676 
0.412549 338.000000 0.243165 
0.401176 367.000000 0.264029 
0.409804 345.000000 0.248201 
0.416078 329.000000 0.236691 
0.416863 327.000000 0.235252 
0.410980 342.000000 0.246043 
0.410588 343.000000 0.246763 
0.402745 363.000000 0.261151 
0.410980 342.000000 0.246043 
0.404314 359.000000 0.258273 
0.405490 356.000000 0.256115 
0.408235 349.000000 0.251079 
0.406275 354.000000 0.254676 
0.408627 348.000000 0.250360 
0.407843 350.000000 0.251799 
0.410980 342.000000 0.246043 
0.405490 356.000000 0.256115 
0.412549 338.000000 0.243165 
0.409020 347.000000 0.249640 
0.407059 352.000000 0.253237 
0.415686 330.000000 0.237410 
0.411765 340.000000 0.244604 
0.409412 346.000000 0.248921 
0.418824 322.000000 0.231655 
0.410588 343.000000 0.246763 
0.406275 354.000000 0.254676 
0.411373 341.000000 0.245324 
0.406667 353.000000 0.253957 
0.412549 338.000000 0.243165 
0.409020 347.000000 0.249640 
0.411765 340.000000 0.244604 
0.408235 349.000000 0.251079 
0.410980 342.000000 0.246043 
0.411373 341.000000 0.245324 
0.409804 345.000000 0.248201 
0.405490 356.000000 0.256115 
0.405490 356.000000 0.256115 
0.411373 341.000000 0.245324 
0.409020 347.000000 0.249640 
0.409020 347.000000 0.249640 
0.409020 347.000000 0.249640 
0.408627 348.000000 0.250360 
0.409412 346.000000 0.248921 
0.415294 331.000000 0.238129 
0.409804 345.000000 0.248201 
0.413333 336.000000 0.241727 
0.414510 333.000000 0.239568 
0.408235 349.000000 0.251079 
0.411765 340.000000 0.244604 
0.413333 336.000000 0.241727 
0.406275 354.000000 0.254676 
0.405098 357.000000 0.256835 
0.408627 348.000000 0.250360 
0.405882 355.000000 0.255396 
0.408627 348.000000 0.250360 
0.410588 343.000000 0.246763 
0.415294 331.000000 0.238129 
0.406667 353.000000 0.253957 
0.406667 353.000000 0.253957 
0.414118 334.000000 0.240288 
0.402745 363.000000 0.261151 
0.409804 345.000000 0.248201 
0.411765 340.000000 0.244604 
0.406275 354.000000 0.254676 
0.412941 337.000000 0.242446 
0.405882 355.000000 0.255396 
0.408627 348.000000 0.250360 
0.409804 345.000000 0.248201 
0.408627 348.000000 0.250360 
0.411373 341.000000 0.245324 
0.412941 337.000000 0.242446 
0.409412 346.000000 0.248921 
0.411373 341.000000 0.245324 
0.413333 336.000000 0.241727 
0.402353 364.000000 0.261871 
0.405490 356.000000 0.256115 
0.410196 344.000000 0.247482 
0.409804 345.000000 0.248201 
0.413333 336.000000 0.241727 
0.409804 345.000000 0.248201 
0.410588 343.000000 0.246763 
0.410196 344.000000 0.247482 
0.413333 336.000000 0.241727 
0.407451 351.000000 0.252518 
0.409020 347.000000 0.249640 
0.409412 346.000000 0.248921 
0.406667 353.000000 0.253957 
0.410588 343.000000 0.246763 
0.405098 357.000000 0.256835 
0.409412 346.000000 0.248921 
0.405490 356.000000 0.256115 
0.404706 358.000000 0.257554 
0.412941 337.000000 0.242446 
0.401961 365.000000 0.262590 
0.402353 364.000000 0.261871 
0.409020 347.000000 0.249640 
0.410588 343.000000 0.246763 
0.412549 338.000000 0.243165 
0.405490 356.000000 0.256115 
0.400784 368.000000 0.264748 
0.408235 349.000000 0.251079 
0.409020 347.000000 0.249640 
0.406275 354.000000 0.254676 
0.408627 348.000000 0.250360 
0.413333 336.000000 0.241727 
0.409412 346.000000 0.248921 
0.407059 352.000000 0.253237 
0.403922 360.000000 0.258993 
0.414510 333.000000 0.239568 
0.401569 366.000000 0.263309 
0.418824 322.000000 0.231655 
0.407843 350.000000 0.251799 
0.403529 361.000000 0.259712 
0.405882 355.000000 0.255396 
0.410980 342.000000 0.246043 
0.411373 341.000000 0.245324 
0.409020 347.000000 0.249640 
0.416471 328.000000 0.235971 
0.410588 343.000000 0.246763 
0.402353 364.000000 0.261871 
0.413725 335.000000 0.241007 
0.409412 346.000000 0.248921 
0.415686 330.000000 0.237410 
0.410588 343.000000 0.246763 
0.409412 346.000000 0.248921 
0.413725 335.000000 0.241007 
0.410588 343.000000 0.246763 
0.409412 346.000000 0.248921 
0.407843 350.000000 0.251799 
0.407451 351.000000 0.252518 
0.403137 362.000000 0.260432 
0.410980 342.000000 0.246043 
0.408235 349.000000 0.251079 
0.407843 350.000000 0.251799 
0.409020 347.000000 0.249640 
0.405490 356.000000 0.256115 
0.410196 344.000000 0.247482 
0.409804 345.000000 0.248201 
0.397647 376.000000 0.270504 
0.407451 351.000000 0.252518 
0.407059 352.000000 0.253237 
0.407451 351.000000 0.252518 
0.406667 353.000000 0.253957 
0.409804 345.000000 0.248201 
0.414902 332.000000 0.238849 
0.409020 347.000000 0.249640 
0.419216 321.000000 0.230935 
0.407059 352.000000 0.253237 
0.415294 331.000000 0.238129 
0.399608 371.000000 0.266906 
0.400392 369.000000 0.265468 
0.416863 327.000000 0.235252 
0.407059 352.000000 0.253237 
0.407451 351.000000 0.252518 
0.404706 358.000000 0.257554 
0.413725 335.000000 0.241007 
0.415686 330.000000 0.237410 
0.411765 340.000000 0.244604 
0.411373 341.000000 0.245324 
0.411765 340.000000 0.244604 
0.412157 339.000000 0.243885 
0.409804 345.000000 0.248201 
0.409020 347.000000 0.249640 
0.409804 345.000000 0.248201 
0.414118 334.000000 0.240288 
0.404314 359.000000 0.258273 
0.407843 350.000000 0.251799 
0.414510 333.000000 0.239568 
0.416863 327.000000 0.235252 
0.406667 353.000000 0.253957 
0.411373 341.000000 0.245324 
0.413725 335.000000 0.241007 
0.403137 362.000000 0.260432 
0.405490 356.000000 0.256115 
0.403922 360.000000 0.258993 
0.414510 333.000000 0.239568 
0.408627 348.000000 0.250360 
0.405882 355.000000 0.255396 
0.412549 338.000000 0.243165 
0.405490 356.000000 0.256115 
0.411373 341.000000 0.245324 
0.412157 339.000000 0.243885 
0.401176 367.000000 0.264029 
0.412157 339.000000 0.243885 
0.410980 342.000000 0.246043 
0.403922 360.000000 0.258993 
0.410196 344.000000 0.247482 
0.405098 357.000000 0.256835 
0.414118 334.000000 0.240288 
0.409020 347.000000 0.249640 
0.409020 347.000000 0.249640 
0.407451 351.000000 0.252518 
0.409020 347.000000 0.249640 
0.405490 356.000000 0.256115 
0.414118 334.000000 0.240288 
0.402353 364.000000 0.261871 
0.409412 346.000000 0.248921 
0.403529 361.000000 0.259712 
0.404706 358.000000 0.257554 
0.410196 344.000000 0.247482 
0.413725 335.000000 0.241007 
0.409804 345.000000 0.248201 
0.409804 345.000000 0.248201 
0.411373 341.000000 0.245324 
0.409804 345.000000 0.248201 
0.410980 342.000000 0.246043 
0.407843 350.000000 0.251799 
0.414118 334.000000 0.240288 
0.412941 337.000000 0.242446 
0.408235 349.000000 0.251079 
0.412941 337.000000 0.242446 
0.407451 351.000000 0.252518 
0.402745 363.000000 0.261151 
0.408627 348.000000 0.250360 
0.418039 324.000000 0.233094 
0.407451 351.000000 0.252518 
0.406275 354.000000 0.254676 
0.412549 338.000000 0.243165 
0.414902 332.000000 0.238849 
0.412549 338.000000 0.243165 
0.403137 362.000000 0.260432 
0.409020 347.000000 0.249640 
0.409020 347.000000 0.249640 
0.414510 333.000000 0.239568 
0.414902 332.000000 0.238849 
0.416078 329.000000 0.236691 
0.420784 317.000000 0.228058 
0.405882 355.000000 0.255396 
0.411373 341.000000 0.245324 
0.408235 349.000000 0.251079 
0.409020 347.000000 0.249640 
0.401961 365.000000 0.262590 
0.410588 343.000000 0.246763 
0.399216 372.000000 0.267626 
0.407059 352.000000 0.253237 
0.415294 331.000000 0.238129 
0.410196 344.000000 0.247482 
0.414510 333.000000 0.239568 
0.408627 348.000000 0.250360 
0.404314 359.000000 0.258273 
0.395294 382.000000 0.274820 
0.407451 351.000000 0.252518 
0.408235 349.000000 0.251079 
0.411373 341.000000 0.245324 
0.405490 356.000000 0.256115 
0.412941 337.000000 0.242446 
0.408627 348.000000 0.250360 
0.413333 336.000000 0.241727 
0.405098 357.000000 0.256835 
0.405490 356.000000 0.256115 
0.402353 364.000000 0.261871 
0.410980 342.000000 0.246043 
0.411373 341.000000 0.245324 
0.418039 324.000000 0.233094 
0.408235 349.000000 0.251079 
0.412157 339.000000 0.243885 
0.402745 363.000000 0.261151 
0.411373 341.000000 0.245324 
0.410980 342.000000 0.246043 
0.413333 336.000000 0.241727 
0.407059 352.000000 0.253237 
0.409412 346.000000 0.248921 
0.405490 356.000000 0.256115 
0.406275 354.000000 0.254676 
0.401176 367.000000 0.264029 
0.407843 350.000000 0.251799 
0.405490 356.000000 0.256115 
0.414902 332.000000 0.238849 
0.409804 345.000000 0.248201 
0.405882 355.000000 0.255396 
0.399216 372.000000 0.267626 
0.406275 354.000000 0.254676 
0.405098 357.000000 0.256835 
0.404706 358.000000 0.257554 
0.407451 351.000000 0.252518 
0.410588 343.000000 0.246763 
0.407451 351.000000 0.252518 
0.410588 343.000000 0.246763 
0.409020 347.000000 0.249640 
0.405098 357.000000 0.256835 
0.411373 341.000000 0.245324 
0.408627 348.000000 0.250360 
0.409020 347.000000 0.249640 
0.407843 350.000000 0.251799 
0.409412 346.000000 0.248921 
0.407059 352.000000 0.253237 
0.409412 346.000000 0.248921 
0.414118 334.000000 0.240288 
0.410588 343.000000 0.246763 
0.412941 337.000000 0.242446 
0.411765 340.000000 0.244604 
0.410588 343.000000 0.246763 
0.409804 345.000000 0.248201 
0.405490 356.000000 0.256115 
0.409412 346.000000 0.248921 
0.407059 352.000000 0.253237 
0.409412 346.000000 0.248921 
0.403137 362.000000 0.260432 
0.412941 337.000000 0.242446 
0.406667 353.000000 0.253957 
0.408235 349.000000 0.251079 
0.414510 333.000000 0.239568 
0.405490 356.000000 0.256115 
0.401961 365.000000 0.262590 
0.405882 355.000000 0.255396 
0.407843 350.000000 0.251799 
0.416863 327.000000 0.235252 
0.408627 348.000000 0.250360 
0.402745 363.000000 0.261151 
0.409412 346.000000 0.248921 
0.411373 341.000000 0.245324 
0.412941 337.000000 0.242446 
0.407451 351.000000 0.252518 
0.405882 355.000000 0.255396 
0.407843 350.000000 0.251799 
0.399608 371.000000 0.266906 
0.405098 357.000000 0.256835 
0.403529 361.000000 0.259712 
0.412157 339.000000 0.243885 
0.406667 353.000000 0.253957 
0.414510 333.000000 0.239568 
0.407451 351.000000 0.252518 
0.420784 317.000000 0.228058 
0.405490 356.000000 0.256115 
0.408235 349.000000 0.251079 
0.410196 344.000000 0.247482 
0.401961 365.000000 0.262590 
0.407843 350.000000 0.251799 
0.403922 360.000000 0.258993 
0.405490 356.000000 0.256115 
0.407451 351.000000 0.252518 
0.407451 351.000000 0.252518 
0.405490 356.000000 0.256115 
0.415294 331.000000 0.238129 
0.411373 341.000000 0.245324 
0.409804 345.000000 0.248201 
0.411373 341.000000 0.245324 
0.404706 358.000000 0.257554 
0.407059 352.000000 0.253237 
0.403529 361.000000 0.259712 
0.407451 351.000000 0.252518 
0.407451 351.000000 0.252518 
0.409804 345.000000 0.248201 
0.406667 353.000000 0.253957 
0.416471 328.000000 0.235971 
0.411373 341.000000 0.245324 
0.403529 361.000000 0.259712 
0.409020 347.000000 0.249640 
0.409804 345.000000 0.248201 
0.413725 335.000000 0.241007 
0.405490 356.000000 0.256115 
0.407451 351.000000 0.252518 
0.407451 351.000000 0.252518 
0.412941 337.000000 0.242446 
0.409804 345.000000 0.248201 
0.405490 356.000000 0.256115 
0.404314 359.000000 0.258273 
0.408627 348.000000 0.250360 
0.410980 342.000000 0.246043 
0.406667 353.000000 0.253957 
0.408235 349.000000 0.251079 
0.409020 347.000000 0.249640 
0.413725 335.000000 0.241007 
0.410196 344.000000 0.247482 
0.409412 346.000000 0.248921 
0.405882 355.000000 0.255396 
0.411765 340.000000 0.244604 
0.407843 350.000000 0.251799 
0.417255 326.000000 0.234532 
0.412549 338.000000 0.243165 
0.405490 356.000000 0.256115 
0.406667 353.000000 0.253957 
0.407451 351.000000 0.252518 
0.408627 348.000000 0.250360 
0.407451 351.000000 0.252518 
0.413725 335.000000 0.241007 
0.407843 350.000000 0.251799 
0.414510 333.000000 0.239568 
0.403529 361.000000 0.259712 
0.401176 367.000000 0.264029 
0.407451 351.000000 0.252518 
0.413333 336.000000 0.241727 
0.407059 352.000000 0.253237 
0.413333 336.000000 0.241727 
0.417255 326.000000 0.234532 
0.412157 339.000000 0.243885 
0.412157 339.000000 0.243885 
0.410980 342.000000 0.246043 
0.407843 350.000000 0.251799 
0.410588 343.000000 0.246763 
0.408627 348.000000 0.250360 
0.410980 342.000000 0.246043 
0.408627 348.000000 0.250360 
0.405882 355.000000 0.255396 
0.407059 352.000000 0.253237 
0.406275 354.000000 0.254676 
0.405098 357.000000 0.256835 
0.410588 343.000000 0.246763 
0.409412 346.000000 0.248921 
0.410980 342.000000 0.246043 
0.409412 346.000000 0.248921 
0.407451 351.000000 0.252518 
0.406667 353.000000 0.253957 
0.413725 335.000000 0.241007 
0.414510 333.000000 0.239568 
0.403922 360.000000 0.258993 
0.411373 341.000000 0.245324 
0.409412 346.000000 0.248921 
0.411765 340.000000 0.244604 
0.403137 362.000000 0.260432 
0.404314 359.000000 0.258273 
0.408627 348.000000 0.250360 
0.410980 342.000000 0.246043 
0.404706 358.000000 0.257554 
0.404314 359.000000 0.258273 
0.414902 332.000000 0.238849 
0.414118 334.000000 0.240288 
0.402745 363.000000 0.261151 
0.413725 335.000000 0.241007 
0.411373 341.000000 0.245324 
0.409804 345.000000 0.248201 
0.405490 356.000000 0.256115 
0.412549 338.000000 0.243165 
0.398431 374.000000 0.269065 
0.406275 354.000000 0.254676 
0.410588 343.000000 0.246763 
0.407843 350.000000 0.251799 
0.410980 342.000000 0.246043 
0.396471 379.000000 0.272662 
0.412941 337.000000 0.242446 
0.412941 337.000000 0.242446 
0.412157 339.000000 0.243885 
0.405882 355.000000 0.255396 
0.407843 350.000000 0.251799 
0.408627 348.000000 0.250360 
0.414118 334.000000 0.240288 
0.404314 359.000000 0.258273 
0.410588 343.000000 0.246763 
0.407843 350.000000 0.251799 
0.403529 361.000000 0.259712 
0.403922 360.000000 0.258993 
0.404706 358.000000 0.257554 
0.405882 355.000000 0.255396 
0.406275 354.000000 0.254676 
0.411373 341.000000 0.245324 
0.416078 329.000000 0.236691 
0.398824 373.000000 0.268345 
0.413725 335.000000 0.241007 
0.411373 341.000000 0.245324 
0.396078 380.000000 0.273381 
0.410196 344.000000 0.247482 
0.410588 343.000000 0.246763 
0.407059 352.000000 0.253237 
0.412157 339.000000 0.243885 
0.408627 348.000000 0.250360 
0.404706 358.000000 0.257554 
0.418431 323.000000 0.232374 
0.410588 343.000000 0.246763 
0.406275 354.000000 0.254676 
0.412941 337.000000 0.242446 
0.413725 335.000000 0.241007 
0.407843 350.000000 0.251799 
0.414902 332.000000 0.238849 
0.419608 320.000000 0.230216 
0.412157 339.000000 0.243885 
0.408235 349.000000 0.251079 
0.403529 361.000000 0.259712 
0.403922 360.000000 0.258993 
0.408235 349.000000 0.251079 
0.404314 359.000000 0.258273 
0.412549 338.000000 0.243165 
0.407451 351.000000 0.252518 
0.404706 358.000000 0.257554 
0.414510 333.000000 0.239568 
0.412549 338.000000 0.243165 
0.410980 342.000000 0.246043 
0.408235 349.000000 0.251079 
0.410196 344.000000 0.247482 
0.405882 355.000000 0.255396 
0.401176 367.000000 0.264029 
0.406667 353.000000 0.253957 
0.411765 340.000000 0.244604 
0.407059 352.000000 0.253237 
0.419608 320.000000 0.230216 
0.410980 342.000000 0.246043 
0.403922 360.000000 0.258993 
0.411373 341.000000 0.245324 
0.413725 335.000000 0.241007 
0.409412 346.000000 0.248921 
0.410588 343.000000 0.246763 
0.408627 348.000000 0.250360 
0.408627 348.000000 0.250360 
0.409412 346.000000 0.248921 
0.414510 333.000000 0.239568 
0.415294 331.000000 0.238129 
0.412941 337.000000 0.242446 
0.413725 335.000000 0.241007 
0.407451 351.000000 0.252518 
0.408235 349.000000 0.251079 
0.410196 344.000000 0.247482 
0.402745 363.000000 0.261151 
0.410980 342.000000 0.246043 
0.409804 345.000000 0.248201 
0.405490 356.000000 0.256115 
0.412549 338.000000 0.243165 
0.410588 343.000000 0.246763 
0.414510 333.000000 0.239568 
0.407451 351.000000 0.252518 
0.408627 348.000000 0.250360 
0.405490 356.000000 0.256115 
0.401176 367.000000 0.264029 
0.410980 342.000000 0.246043 
0.405098 357.000000 0.256835 
0.403922 360.000000 0.258993 
0.404706 358.000000 0.257554 
0.410196 344.000000 0.247482 
0.406667 353.000000 0.253957 
0.417647 325.000000 0.233813 
0.416078 329.000000 0.236691 
0.407451 351.000000 0.252518 
0.404706 358.000000 0.257554 
0.410980 342.000000 0.246043 
0.410980 342.000000 0.246043 
0.407843 350.000000 0.251799 
0.407451 351.000000 0.252518 
0.406667 353.000000 0.253957 
0.412549 338.000000 0.243165 
0.401961 365.000000 0.262590 
0.407843 350.000000 0.251799 
0.407451 351.000000 0.252518 
0.405490 356.000000 0.256115 
0.404706 358.000000 0.257554 
0.406667 353.000000 0.253957 
0.405098 357.000000 0.256835 
0.412157 339.000000 0.243885 
0.408627 348.000000 0.250360 
0.407059 352.000000 0.253237 
0.412941 337.000000 0.242446 
0.409412 346.000000 0.248921 
0.409020 347.000000 0.249640 
0.407059 352.000000 0.253237 
0.407059 352.000000 0.253237 
0.416471 328.000000 0.235971 
0.410196 344.000000 0.247482 
0.415686 330.000000 0.237410 
0.415294 331.000000 0.238129 
0.408235 349.000000 0.251079 
0.416078 329.000000 0.236691 
0.409412 346.000000 0.248921 
0.416471 328.000000 0.235971 
0.407843 350.000000 0.251799 
0.409804 345.000000 0.248201 
0.414510 333.000000 0.239568 
0.404314 359.000000 0.258273 
0.411373 341.000000 0.245324 
0.401176 367.000000 0.264029 
0.415686 330.000000 0.237410 
0.406275 354.000000 0.254676 
0.407843 350.000000 0.251799 
0.412549 338.000000 0.243165 
0.404706 358.000000 0.257554 
0.409412 346.000000 0.248921 
0.404314 359.000000 0.258273 
0.404706 358.000000 0.257554 
0.412157 339.000000 0.243885 
0.415686 330.000000 0.237410 
0.399608 371.000000 0.266906 
0.411373 341.000000 0.245324 
0.405098 357.000000 0.256835 
0.412549 338.000000 0.243165 
0.399608 371.000000 0.266906 
0.409412 346.000000 0.248921 
0.403529 361.000000 0.259712 
0.406667 353.000000 0.253957 
0.402353 364.000000 0.261871 
0.410196 344.000000 0.247482 
0.405098 357.000000 0.256835 
0.402745 363.000000 0.261151 
0.407451 351.000000 0.252518 
0.405098 357.000000 0.256835 
0.410588 343.000000 0.246763 
0.407843 350.000000 0.251799 
0.419216 321.000000 0.230935 
0.414118 334.000000 0.240288 
0.412941 337.000000 0.242446 
0.411765 340.000000 0.244604 
0.410980 342.000000 0.246043 
0.417255 326.000000 0.234532 
0.405882 355.000000 0.255396 
0.401176 367.000000 0.264029 
0.411765 340.000000 0.244604 
0.411373 341.000000 0.245324 
0.401176 367.000000 0.264029 
0.405490 356.000000 0.256115 
0.407451 351.000000 0.252518 
0.406667 353.000000 0.253957 
0.411373 341.000000 0.245324 
0.410588 343.000000 0.246763 
0.408235 349.000000 0.251079 
0.413725 335.000000 0.241007 
0.408235 349.000000 0.251079 
0.411373 341.000000 0.245324 
0.408627 348.000000 0.250360 
0.407059 352.000000 0.253237 
0.414510 333.000000 0.239568 
0.413333 336.000000 0.241727 
0.414510 333.000000 0.239568 
0.405490 356.000000 0.256115 
0.407843 350.000000 0.251799 
0.409804 345.000000 0.248201 
0.405490 356.000000 0.256115 
0.401961 365.000000 0.262590 
0.417255 326.000000 0.234532 
0.411765 340.000000 0.244604 
0.409020 347.000000 0.249640 
0.410196 344.000000 0.247482 
0.406667 353.000000 0.253957 
0.408235 349.000000 0.251079 
0.413725 335.000000 0.241007 
0.409412 346.000000 0.248921 
0.412549 338.000000 0.243165 
0.410196 344.000000 0.247482 
0.401176 367.000000 0.264029 
0.403529 361.000000 0.259712 
0.404706 358.000000 0.257554 
0.406275 354.000000 0.254676 
0.414118 334.000000 0.240288 
0.405098 357.000000 0.256835 
0.410196 344.000000 0.247482 
0.411765 340.000000 0.244604 
0.406275 354.000000 0.254676 
0.404706 358.000000 0.257554 
0.409412 346.000000 0.248921 
0.409804 345.000000 0.248201 
0.406667 353.000000 0.253957 
0.411765 340.000000 0.244604 
0.421569 315.000000 0.226619 
0.409412 346.000000 0.248921 
0.405490 356.000000 0.256115 
0.404706 358.000000 0.257554 
0.402745 363.000000 0.261151 
0.409804 345.000000 0.248201 
0.412157 339.000000 0.243885 
0.407843 350.000000 0.251799 
0.401176 367.000000 0.264029 
0.405490 356.000000 0.256115 
0.413725 335.000000 0.241007 
0.409804 345.000000 0.248201 
0.416471 328.000000 0.235971 
0.408235 349.000000 0.251079 
0.403529 361.000000 0.259712 
0.407451 351.000000 0.252518 
0.413725 335.000000 0.241007 
0.411765 340.000000 0.244604 
0.405882 355.000000 0.255396 
0.411373 341.000000 0.245324 
0.405098 357.000000 0.256835 
0.409412 346.000000 0.248921 
0.405490 356.000000 0.256115 
0.401961 365.000000 0.262590 
0.407843 350.000000 0.251799 
0.413725 335.000000 0.241007 
0.404706 358.000000 0.257554 
0.403529 361.000000 0.259712 
0.407059 352.000000 0.253237 
0.416078 329.000000 0.236691 
0.412941 337.000000 0.242446 
0.405882 355.000000 0.255396 
0.400784 368.000000 0.264748 
0.413725 335.000000 0.241007 
0.414510 333.000000 0.239568 
0.406667 353.000000 0.253957 
0.402745 363.000000 0.261151 
0.412157 339.000000 0.243885 
0.413725 335.000000 0.241007 
0.405490 356.000000 0.256115 
0.407843 350.000000 0.251799 
0.412157 339.000000 0.243885 
0.400392 369.000000 0.265468 
0.407451 351.000000 0.252518 
0.414510 333.000000 0.239568 
0.412549 338.000000 0.243165 
0.414118 334.000000 0.240288 
0.411373 341.000000 0.245324 
0.408627 348.000000 0.250360 
0.413725 335.000000 0.241007 
0.404706 358.000000 0.257554 
0.411765 340.000000 0.244604 
0.408235 349.000000 0.251079 
0.406275 354.000000 0.254676 
0.411373 341.000000 0.245324 
0.409804 345.000000 0.248201 
0.404314 359.000000 0.258273 
0.414902 332.000000 0.238849 
0.404706 358.000000 0.257554 
0.412157 339.000000 0.243885 
0.411373 341.000000 0.245324 
0.402745 363.000000 0.261151 
0.407059 352.000000 0.253237 
0.401961 365.000000 0.262590 
0.410196 344.000000 0.247482 
0.412941 337.000000 0.242446 
0.411765 340.000000 0.244604 
0.412157 339.000000 0.243885 
0.407059 352.000000 0.253237 
0.407843 350.000000 0.251799 
0.401569 366.000000 0.263309 
0.410980 342.000000 0.246043 
0.411373 341.000000 0.245324 
0.405490 356.000000 0.256115 
0.410196 344.000000 0.247482 
0.405490 356.000000 0.256115 
0.407843 350.000000 0.251799 
0.406667 353.000000 0.253957 
0.405882 355.000000 0.255396 
0.408627 348.000000 0.250360 
0.411373 341.000000 0.245324 
0.406667 353.000000 0.253957 
0.409020 347.000000 0.249640 
0.411373 341.000000 0.245324 
0.409804 345.000000 0.248201 
0.409020 347.000000 0.249640 
0.404706 358.000000 0.257554 
0.406275 354.000000 0.254676 
0.414510 333.000000 0.239568 
0.405490 356.000000 0.256115 
0.407451 351.000000 0.252518 
0.405882 355.000000 0.255396 
0.397647 376.000000 0.270504 
0.414510 333.000000 0.239568 
0.406275 354.000000 0.254676 
0.415294 331.000000 0.238129 
0.408235 349.000000 0.251079 
0.404706 358.000000 0.257554 
0.406275 354.000000 0.254676 
0.411373 341.000000 0.245324 
0.407451 351.000000 0.252518 
0.412941 337.000000 0.242446 
0.410588 343.000000 0.246763 
0.401961 365.000000 0.262590 
0.411765 340.000000 0.244604 
0.407451 351.000000 0.252518 
0.409412 346.000000 0.248921 
0.411373 341.000000 0.245324 
0.412549 338.000000 0.243165 
0.405490 356.000000 0.256115 
0.409020 347.000000 0.249640 
0.419216 321.000000 0.230935 
0.405490 356.000000 0.256115 
0.410980 342.000000 0.246043 
0.401961 365.000000 0.262590 
0.409412 346.000000 0.248921 
0.403922 360.000000 0.258993 
0.414118 334.000000 0.240288 
0.409804 345.000000 0.248201 
0.404706 358.000000 0.257554 
0.410980 342.000000 0.246043 
0.401961 365.000000 0.262590 
0.412157 339.000000 0.243885 
0.409412 346.000000 0.248921 
0.410980 342.000000 0.246043 
0.403137 362.000000 0.260432 
0.407843 350.000000 0.251799 
0.405098 357.000000 0.256835 
0.410980 342.000000 0.246043 
0.404706 358.000000 0.257554 
0.412157 339.000000 0.243885 
0.405882 355.000000 0.255396 
0.409020 347.000000 0.249640 
0.404706 358.000000 0.257554 
0.414510 333.000000 0.239568 
0.406275 354.000000 0.254676 
0.407059 352.000000 0.253237 
0.404706 358.000000 0.257554 
0.406667 353.000000 0.253957 
0.405882 355.000000 0.255396 
0.410196 344.000000 0.247482 
0.410980 342.000000 0.246043 
0.408627 348.000000 0.250360 
0.409020 347.000000 0.249640 
0.412941 337.000000 0.242446 
0.405098 357.000000 0.256835 
0.407059 352.000000 0.253237 
0.414510 333.000000 0.239568 
0.407059 352.000000 0.253237 
0.409804 345.000000 0.248201 
0.409804 345.000000 0.248201 
0.416078 329.000000 0.236691 
0.409804 345.000000 0.248201 
0.412157 339.000000 0.243885 
0.409020 347.000000 0.249640 
0.417255 326.000000 0.234532 
0.408235 349.000000 0.251079 
0.416471 328.000000 0.235971 
0.405882 355.000000 0.255396 
0.409020 347.000000 0.249640 
0.410588 343.000000 0.246763 
0.405490 356.000000 0.256115 
0.409020 347.000000 0.249640 
0.410588 343.000000 0.246763 
0.410588 343.000000 0.246763 
0.408235 349.000000 0.251079 
0.416078 329.000000 0.236691 
0.407843 350.000000 0.251799 
0.413725 335.000000 0.241007 
0.402353 364.000000 0.261871 
0.408235 349.000000 0.251079 
0.412157 339.000000 0.243885 
0.412157 339.000000 0.243885 
0.404314 359.000000 0.258273 
0.416863 327.000000 0.235252 
0.404314 359.000000 0.258273 
0.410588 343.000000 0.246763 
0.408627 348.000000 0.250360 
0.411765 340.000000 0.244604 
0.406275 354.000000 0.254676 
0.412157 339.000000 0.243885 
0.413725 335.000000 0.241007 
0.409412 346.000000 0.248921 
0.409804 345.000000 0.248201 
0.407059 352.000000 0.253237 
0.402353 364.000000 0.261871 
0.406275 354.000000 0.254676 
0.410588 343.000000 0.246763 
0.405490 356.000000 0.256115 
0.411765 340.000000 0.244604 
0.409020 347.000000 0.249640 
0.407451 351.000000 0.252518 
0.409804 345.000000 0.248201 
0.410588 343.000000 0.246763 
0.413333 336.000000 0.241727 
0.407059 352.000000 0.253237 
0.408235 349.000000 0.251079 
0.411765 340.000000 0.244604 
0.405490 356.000000 0.256115 
0.401569 366.000000 0.263309 
0.408235 349.000000 0.251079 
0.412157 339.000000 0.243885 
0.411765 340.000000 0.244604 
0.409020 347.000000 0.249640 
0.406275 354.000000 0.254676 
0.409020 347.000000 0.249640 
0.405882 355.000000 0.255396 
0.415294 331.000000 0.238129 
0.406667 353.000000 0.253957 
0.409020 347.000000 0.249640 
0.399608 371.000000 0.266906 
0.411373 341.000000 0.245324 
0.412157 339.000000 0.243885 
0.415686 330.000000 0.237410 
0.412157 339.000000 0.243885 
0.415294 331.000000 0.238129 
0.409804 345.000000 0.248201 
0.406275 354.000000 0.254676 
0.409020 347.000000 0.249640 
0.413725 335.000000 0.241007 
0.406275 354.000000 0.254676 
0.420000 319.000000 0.229496 
0.400392 369.000000 0.265468 
0.411373 341.000000 0.245324 
0.411765 340.000000 0.244604 
0.409020 347.000000 0.249640 
0.410980 342.000000 0.246043 
0.405098 357.000000 0.256835 
0.411765 340.000000 0.244604 
0.406275 354.000000 0.254676 
0.407451 351.000000 0.252518 
0.408627 348.000000 0.250360 
0.410196 344.000000 0.247482 
0.409804 345.000000 0.248201 
0.408627 348.000000 0.250360 
0.409020 347.000000 0.249640 
0.403137 362.000000 0.260432 
0.414510 333.000000 0.239568 
0.403922 360.000000 0.258993 
0.408627 348.000000 0.250360 
0.401961 365.000000 0.262590 
0.410588 343.000000 0.246763 
0.416078 329.000000 0.236691 
0.413333 336.000000 0.241727 
0.408627 348.000000 0.250360 
0.407451 351.000000 0.252518 
0.408627 348.000000 0.250360 
0.405490 356.000000 0.256115 
0.408235 349.000000 0.251079 
0.412549 338.000000 0.243165 
0.402745 363.000000 0.261151 
0.406667 353.000000 0.253957 
0.411373 341.000000 0.245324 
0.412157 339.000000 0.243885 
0.408235 349.000000 0.251079 
0.417647 325.000000 0.233813 
0.403922 360.000000 0.258993 
0.405490 356.000000 0.256115 
0.405490 356.000000 0.256115 
0.416471 328.000000 0.235971 
0.414118 334.000000 0.240288 
0.412157 339.000000 0.243885 
0.407451 351.000000 0.252518 
0.404314 359.000000 0.258273 
0.403529 361.000000 0.259712 
0.405490 356.000000 0.256115 
0.410588 343.000000 0.246763 
0.409412 346.000000 0.248921 
0.400000 370.000000 0.266187 
0.407059 352.000000 0.253237 
0.405098 357.000000 0.256835 
0.408235 349.000000 0.251079 
0.409020 347.000000 0.249640 
0.409412 346.000000 0.248921 
0.402353 364.000000 0.261871 
0.407451 351.000000 0.252518 
0.409804 345.000000 0.248201 
0.407451 351.000000 0.252518 
0.408235 349.000000 0.251079 
0.406667 353.000000 0.253957 
0.408235 349.000000 0.251079 
0.404706 358.000000 0.257554 
0.413725 335.000000 0.241007 
0.412941 337.000000 0.242446 
0.412941 337.000000 0.242446 
0.405490 356.000000 0.256115 
0.414118 334.000000 0.240288 
0.412941 337.000000 0.242446 
0.409020 347.000000 0.249640 
0.421569 315.000000 0.226619 
0.399608 371.000000 0.266906 
0.412941 337.000000 0.242446 
0.404706 358.000000 0.257554 
0.408235 349.000000 0.251079 
0.407843 350.000000 0.251799 
0.403529 361.000000 0.259712 
0.409412 346.000000 0.248921 
0.411765 340.000000 0.244604 
0.406275 354.000000 0.254676 
0.413725 335.000000 0.241007 
0.411765 340.000000 0.244604 
0.409804 345.000000 0.248201 
0.412941 337.000000 0.242446 
0.406275 354.000000 0.254676 
0.400392 369.000000 0.265468 
0.409020 347.000000 0.249640 
0.413725 335.000000 0.241007 
0.410196 344.000000 0.247482 
0.412157 339.000000 0.243885 
0.410980 342.000000 0.246043 
0.411373 341.000000 0.245324 
0.412941 337.000000 0.242446 
0.406275 354.000000 0.254676 
0.409412 346.000000 0.248921 
0.401569 366.000000 0.263309 
0.416078 329.000000 0.236691 
0.412549 338.000000 0.243165 
0.408235 349.000000 0.251079 
0.410196 344.000000 0.247482 
0.402745 363.000000 0.261151 
0.404314 359.000000 0.258273 
0.411765 340.000000 0.244604 
0.411373 341.000000 0.245324 
0.414510 333.000000 0.239568 
0.410588 343.000000 0.246763 
0.410196 344.000000 0.247482 
0.409020 347.000000 0.249640 
0.416078 329.000000 0.236691 
0.416471 328.000000 0.235971 
0.410196 344.000000 0.247482 
0.413725 335.000000 0.241007 
0.404706 358.000000 0.257554 
0.400392 369.000000 0.265468 
0.404314 359.000000 0.258273 
0.405098 357.000000 0.256835 
0.411373 341.000000 0.245324 
0.406667 353.000000 0.253957 
0.403137 362.000000 0.260432 
0.416471 328.000000 0.235971 
0.412157 339.000000 0.243885 
0.410980 342.000000 0.246043 
0.406667 353.000000 0.253957 
0.398431 374.000000 0.269065 
0.411765 340.000000 0.244604 
0.411373 341.000000 0.245324 
0.405490 356.000000 0.256115 
0.415686 330.000000 0.237410 
0.410980 342.000000 0.246043 
0.407451 351.000000 0.252518 
0.402353 364.000000 0.261871 
0.415294 331.000000 0.238129 
0.403922 360.000000 0.258993 
0.411765 340.000000 0.244604 
0.404314 359.000000 0.258273 
0.413725 335.000000 0.241007 
0.408235 349.000000 0.251079 
0.411373 341.000000 0.245324 
0.401569 366.000000 0.263309 
0.413333 336.000000 0.241727 
0.407843 350.000000 0.251799 
0.408235 349.000000 0.251079 
0.407451 351.000000 0.252518 
0.407059 352.000000 0.253237 
0.409804 345.000000 0.248201 
0.405098 357.000000 0.256835 
0.413725 335.000000 0.241007 
0.411765 340.000000 0.244604 
0.405098 357.000000 0.256835 
0.407843 350.000000 0.251799 
0.411765 340.000000 0.244604 
0.411765 340.000000 0.244604 
0.416863 327.000000 0.235252 
0.413333 336.000000 0.241727 
0.405882 355.000000 0.255396 
0.409804 345.000000 0.248201 
0.412549 338.000000 0.243165 
0.403922 360.000000 0.258993 
0.413333 336.000000 0.241727 
0.401569 366.000000 0.263309 
0.414510 333.000000 0.239568 
0.415686 330.000000 0.237410 
0.412941 337.000000 0.242446 
0.410588 343.000000 0.246763 
0.406275 354.000000 0.254676 
0.409412 346.000000 0.248921 
0.412549 338.000000 0.243165 
0.414510 333.000000 0.239568 
0.412941 337.000000 0.242446 
0.409804 345.000000 0.248201 
0.408235 349.000000 0.251079 
0.415686 330.000000 0.237410 
0.409020 347.000000 0.249640 
0.407059 352.000000 0.253237 
0.407843 350.000000 0.251799 
0.408627 348.000000 0.250360 
0.416471 328.000000 0.235971 
0.411373 341.000000 0.245324 
0.409412 346.000000 0.248921 
0.408627 348.000000 0.250360 
0.412157 339.000000 0.243885 
0.402745 363.000000 0.261151 
0.409804 345.000000 0.248201 
0.411765 340.000000 0.244604 
0.408235 349.000000 0.251079 
0.405098 357.000000 0.256835 
0.405490 356.000000 0.256115 
0.422353 313.000000 0.225180 
0.406275 354.000000 0.254676 
0.414902 332.000000 0.238849 
0.406667 353.000000 0.253957 
0.410588 343.000000 0.246763 
0.409412 346.000000 0.248921 
0.415294 331.000000 0.238129 
0.415294 331.000000 0.238129 
0.410980 342.000000 0.246043 
0.408235 349.000000 0.251079 
0.408627 348.000000 0.250360 
0.409412 346.000000 0.248921 
0.407059 352.000000 0.253237 
0.401176 367.000000 0.264029 
0.402353 364.000000 0.261871 
0.410196 344.000000 0.247482 
0.412157 339.000000 0.243885 
0.406667 353.000000 0.253957 
0.412941 337.000000 0.242446 
0.412157 339.000000 0.243885 
0.410196 344.000000 0.247482 
0.409020 347.000000 0.249640 
0.416078 329.000000 0.236691 
0.413333 336.000000 0.241727 
0.412157 339.000000 0.243885 
0.406275 354.000000 0.254676 
0.416863 327.000000 0.235252 
0.410588 343.000000 0.246763 
0.403529 361.000000 0.259712 
0.412549 338.000000 0.243165 
0.407059 352.000000 0.253237 
0.403137 362.000000 0.260432 
0.406275 354.000000 0.254676 
0.407059 352.000000 0.253237 
0.411373 341.000000 0.245324 
0.410196 344.000000 0.247482 
0.410196 344.000000 0.247482 
0.409412 346.000000 0.248921 
0.405490 356.000000 0.256115 
0.409020 347.000000 0.249640 
0.409412 346.000000 0.248921 
0.410980 342.000000 0.246043 
0.409804 345.000000 0.248201 
0.409412 346.000000 0.248921 
0.407451 351.000000 0.252518 
0.414510 333.000000 0.239568 
0.406667 353.000000 0.253957 
0.409412 346.000000 0.248921 
0.410196 344.000000 0.247482 
0.411373 341.000000 0.245324 
0.410196 344.000000 0.247482 
0.414118 334.000000 0.240288 
0.403529 361.000000 0.259712 
0.400392 369.000000 0.265468 
0.409020 347.000000 0.249640 
0.405098 357.000000 0.256835 
0.406667 353.000000 0.253957 
0.403137 362.000000 0.260432 
0.410588 343.000000 0.246763 
0.405490 356.000000 0.256115 
0.410588 343.000000 0.246763 
0.404314 359.000000 0.258273 
0.406275 354.000000 0.254676 
0.410196 344.000000 0.247482 
0.413725 335.000000 0.241007 
0.411373 341.000000 0.245324 
0.414902 332.000000 0.238849 
0.403529 361.000000 0.259712 
0.405490 356.000000 0.256115 
0.416863 327.000000 0.235252 
0.411765 340.000000 0.244604 
0.408235 349.000000 0.251079 
0.410196 344.000000 0.247482 
0.414510 333.000000 0.239568 
0.410196 344.000000 0.247482 
0.409804 345.000000 0.248201 
0.407059 352.000000 0.253237 
0.412941 337.000000 0.242446 
0.409412 346.000000 0.248921 
0.412549 338.000000 0.243165 
0.406275 354.000000 0.254676 
0.406667 353.000000 0.253957 
0.402745 363.000000 0.261151 
0.414510 333.000000 0.239568 
0.414902 332.000000 0.238849 
0.406275 354.000000 0.254676 
0.409412 346.000000 0.248921 
0.403922 360.000000 0.258993 
0.402745 363.000000 0.261151 
0.413333 336.000000 0.241727 
0.403922 360.000000 0.258993 
0.412157 339.000000 0.243885 
0.407451 351.000000 0.252518 
0.401569 366.000000 0.263309 
0.409804 345.000000 0.248201 
0.405882 355.000000 0.255396 
0.409020 347.000000 0.249640 
0.411765 340.000000 0.244604 
0.405882 355.000000 0.255396 
0.414118 334.000000 0.240288 
0.416078 329.000000 0.236691 
0.416471 328.000000 0.235971 
0.398824 373.000000 0.268345 
0.412941 337.000000 0.242446 
0.405882 355.000000 0.255396 
0.409804 345.000000 0.248201 
0.397647 376.000000 0.270504 
0.407059 352.000000 0.253237 
0.406667 353.000000 0.253957 
0.409020 347.000000 0.249640 
0.414902 332.000000 0.238849 
0.414510 333.000000 0.239568 
0.413333 336.000000 0.241727 
0.407059 352.000000 0.253237 
0.407843 350.000000 0.251799 
0.406275 354.000000 0.254676 
0.407451 351.000000 0.252518 
0.407843 350.000000 0.251799 
0.408627 348.000000 0.250360 
0.407059 352.000000 0.253237 
0.418431 323.000000 0.232374 
0.416471 328.000000 0.235971 
0.401569 366.000000 0.263309 
0.410588 343.000000 0.246763 
0.408627 348.000000 0.250360 
0.406275 354.000000 0.254676 
0.414902 332.000000 0.238849 
0.414510 333.000000 0.239568 
0.399216 372.000000 0.267626 
0.414902 332.000000 0.238849 
0.405882 355.000000 0.255396 
0.401176 367.000000 0.264029 
0.407451 351.000000 0.252518 
0.401176 367.000000 0.264029 
0.406275 354.000000 0.254676 
0.409412 346.000000 0.248921 
0.414510 333.000000 0.239568 
0.411373 341.000000 0.245324 
0.413333 336.000000 0.241727 
0.407059 352.000000 0.253237 
0.409412 346.000000 0.248921 
0.408235 349.000000 0.251079 
0.410588 343.000000 0.246763 
0.407451 351.000000 0.252518 
0.399608 371.000000 0.266906 
0.420784 317.000000 0.228058 
0.415294 331.000000 0.238129 
0.410980 342.000000 0.246043 
0.404706 358.000000 0.257554 
0.401176 367.000000 0.264029 
0.409020 347.000000 0.249640 
