0.390980 393.000000 0.282734 
0.399608 371.000000 0.266906 
0.403922 360.000000 0.258993 
0.395294 382.000000 0.274820 
0.400392 369.000000 0.265468 
0.403137 362.000000 0.260432 
0.395294 382.000000 0.274820 
0.398824 373.000000 0.268345 
0.403529 361.000000 0.259712 
0.396078 380.000000 0.273381 
0.392941 388.000000 0.279137 
0.401176 367.000000 0.264029 
0.401176 367.000000 0.264029 
0.400784 368.000000 0.264748 
0.401961 365.000000 0.262590 
0.394510 384.000000 0.276259 
0.392549 389.000000 0.279856 
0.398431 374.000000 0.269065 
0.390588 394.000000 0.283453 
0.396863 378.000000 0.271942 
0.395294 382.000000 0.274820 
0.398431 374.000000 0.269065 
0.393725 386.000000 0.277698 
0.402353 364.000000 0.261871 
0.395294 382.000000 0.274820 
0.391765 391.000000 0.281295 
0.397647 376.000000 0.270504 
0.392549 389.000000 0.279856 
0.385098 408.000000 0.293525 
0.394118 385.000000 0.276978 
0.397647 376.000000 0.270504 
0.392941 388.000000 0.279137 
0.398824 373.000000 0.268345 
0.390980 393.000000 0.282734 
0.398824 373.000000 0.268345 
0.395686 381.000000 0.274101 
0.401176 367.000000 0.264029 
0.399608 371.000000 0.266906 
0.399216 372.000000 0.267626 
0.393333 387.000000 0.278417 
0.403529 361.000000 0.259712 
0.391765 391.000000 0.281295 
0.387451 402.000000 0.289209 
0.386275 405.000000 0.291367 
0.392157 390.000000 0.280576 
0.398824 373.000000 0.268345 
0.405882 355.000000 0.255396 
0.394510 384.000000 0.276259 
0.392157 390.000000 0.280576 
0.389412 397.000000 0.285612 
0.395294 382.000000 0.274820 
0.403137 362.000000 0.260432 
0.392157 390.000000 0.280576 
0.398824 373.000000 0.268345 
0.396471 379.000000 0.272662 
0.394510 384.000000 0.276259 
0.394902 383.000000 0.275540 
0.394902 383.000000 0.275540 
0.392157 390.000000 0.280576 
0.403922 360.000000 0.258993 
0.390980 393.000000 0.282734 
0.387451 402.000000 0.289209 
0.385098 408.000000 0.293525 
0.385490 407.000000 0.292806 
0.404314 359.000000 0.258273 
0.398431 374.000000 0.269065 
0.392941 388.000000 0.279137 
0.397255 377.000000 0.271223 
0.394902 383.000000 0.275540 
0.396471 379.000000 0.272662 
0.394510 384.000000 0.276259 
0.395294 382.000000 0.274820 
0.395294 382.000000 0.274820 
0.398039 375.000000 0.269784 
0.390196 395.000000 0.284173 
0.394510 384.000000 0.276259 
0.382353 415.000000 0.298561 
0.385098 408.000000 0.293525 
0.393333 387.000000 0.278417 
0.392549 389.000000 0.279856 
0.392157 390.000000 0.280576 
0.396471 379.000000 0.272662 
0.399608 371.000000 0.266906 
0.399608 371.000000 0.266906 
0.397647 376.000000 0.270504 
0.392549 389.000000 0.279856 
0.401176 367.000000 0.264029 
0.398431 374.000000 0.269065 
0.393725 386.000000 0.277698 
0.398824 373.000000 0.268345 
0.390196 395.000000 0.284173 
0.387451 402.000000 0.289209 
0.399608 371.000000 0.266906 
0.398431 374.000000 0.269065 
0.394510 384.000000 0.276259 
0.400392 369.000000 0.265468 
0.387451 402.000000 0.289209 
0.398824 373.000000 0.268345 
0.390196 395.000000 0.284173 
0.394118 385.000000 0.276978 
0.390196 395.000000 0.284173 
0.395294 382.000000 0.274820 
0.399608 371.000000 0.266906 
0.396078 380.000000 0.273381 
0.398824 373.000000 0.268345 
0.386275 405.000000 0.291367 
0.395686 381.000000 0.274101 
0.398039 375.000000 0.269784 
0.395686 381.000000 0.274101 
0.398039 375.000000 0.269784 
0.398431 374.000000 0.269065 
0.400000 370.000000 0.266187 
0.402353 364.000000 0.261871 
0.396863 378.000000 0.271942 
0.393725 386.000000 0.277698 
0.395686 381.000000 0.274101 
0.401176 367.000000 0.264029 
0.389804 396.000000 0.284892 
0.395686 381.000000 0.274101 
0.396078 380.000000 0.273381 
0.393725 386.000000 0.277698 
0.394902 383.000000 0.275540 
0.396863 378.000000 0.271942 
0.396863 378.000000 0.271942 
0.402353 364.000000 0.261871 
0.391765 391.000000 0.281295 
0.399216 372.000000 0.267626 
0.397255 377.000000 0.271223 
0.389020 398.000000 0.286331 
0.390196 395.000000 0.284173 
0.401569 366.000000 0.263309 
0.395686 381.000000 0.274101 
0.392941 388.000000 0.279137 
0.398824 373.000000 0.268345 
0.394902 383.000000 0.275540 
0.394510 384.000000 0.276259 
0.396863 378.000000 0.271942 
0.394902 383.000000 0.275540 
0.394118 385.000000 0.276978 
0.389804 396.000000 0.284892 
0.396471 379.000000 0.272662 
0.392157 390.000000 0.280576 
0.398431 374.000000 0.269065 
0.395294 382.000000 0.274820 
0.394902 383.000000 0.275540 
0.401569 366.000000 0.263309 
0.396471 379.000000 0.272662 
0.392549 389.000000 0.279856 
0.396078 380.000000 0.273381 
0.395686 381.000000 0.274101 
0.399216 372.000000 0.267626 
0.397255 377.000000 0.271223 
0.390196 395.000000 0.284173 
0.390196 395.000000 0.284173 
0.394902 383.000000 0.275540 
0.392941 388.000000 0.279137 
0.392941 388.000000 0.279137 
0.398431 374.000000 0.269065 
0.393725 386.000000 0.277698 
0.398824 373.000000 0.268345 
0.394902 383.000000 0.275540 
0.394902 383.000000 0.275540 
0.394118 385.000000 0.276978 
0.388235 400.000000 0.287770 
0.400000 370.000000 0.266187 
0.384706 409.000000 0.294245 
0.388235 400.000000 0.287770 
0.391373 392.000000 0.282014 
0.382745 414.000000 0.297842 
0.392157 390.000000 0.280576 
0.395686 381.000000 0.274101 
0.392549 389.000000 0.279856 
0.402353 364.000000 0.261871 
0.394902 383.000000 0.275540 
0.396471 379.000000 0.272662 
0.389804 396.000000 0.284892 
0.397647 376.000000 0.270504 
0.389804 396.000000 0.284892 
0.390196 395.000000 0.284173 
0.392157 390.000000 0.280576 
0.400392 369.000000 0.265468 
0.391765 391.000000 0.281295 
0.397647 376.000000 0.270504 
0.403137 362.000000 0.260432 
0.398039 375.000000 0.269784 
0.387451 402.000000 0.289209 
0.394510 384.000000 0.276259 
0.396078 380.000000 0.273381 
0.390980 393.000000 0.282734 
0.395294 382.000000 0.274820 
0.394902 383.000000 0.275540 
0.394510 384.000000 0.276259 
0.393725 386.000000 0.277698 
0.390196 395.000000 0.284173 
0.392157 390.000000 0.280576 
0.398039 375.000000 0.269784 
0.397255 377.000000 0.271223 
0.394902 383.000000 0.275540 
0.394510 384.000000 0.276259 
0.392549 389.000000 0.279856 
0.396863 378.000000 0.271942 
0.400392 369.000000 0.265468 
0.398431 374.000000 0.269065 
0.389412 397.000000 0.285612 
0.391373 392.000000 0.282014 
0.396863 378.000000 0.271942 
0.398431 374.000000 0.269065 
0.390588 394.000000 0.283453 
0.395294 382.000000 0.274820 
0.391373 392.000000 0.282014 
0.393725 386.000000 0.277698 
0.391373 392.000000 0.282014 
0.393333 387.000000 0.278417 
0.390980 393.000000 0.282734 
0.401569 366.000000 0.263309 
0.392157 390.000000 0.280576 
0.401961 365.000000 0.262590 
0.388627 399.000000 0.287050 
0.398039 375.000000 0.269784 
0.400392 369.000000 0.265468 
0.390588 394.000000 0.283453 
0.398039 375.000000 0.269784 
0.390980 393.000000 0.282734 
0.400392 369.000000 0.265468 
0.400392 369.000000 0.265468 
0.397255 377.000000 0.271223 
0.391373 392.000000 0.282014 
0.398824 373.000000 0.268345 
0.392941 388.000000 0.279137 
0.395294 382.000000 0.274820 
0.391373 392.000000 0.282014 
0.393725 386.000000 0.277698 
0.400784 368.000000 0.264748 
0.393333 387.000000 0.278417 
0.400392 369.000000 0.265468 
0.399216 372.000000 0.267626 
0.398039 375.000000 0.269784 
0.396471 379.000000 0.272662 
0.394510 384.000000 0.276259 
0.395686 381.000000 0.274101 
0.398039 375.000000 0.269784 
0.397647 376.000000 0.270504 
0.390196 395.000000 0.284173 
0.385098 408.000000 0.293525 
0.388627 399.000000 0.287050 
0.385882 406.000000 0.292086 
0.390588 394.000000 0.283453 
0.396863 378.000000 0.271942 
0.394510 384.000000 0.276259 
0.393725 386.000000 0.277698 
0.387843 401.000000 0.288489 
0.383922 411.000000 0.295683 
0.403922 360.000000 0.258993 
0.392157 390.000000 0.280576 
0.388627 399.000000 0.287050 
0.392157 390.000000 0.280576 
0.398039 375.000000 0.269784 
0.395294 382.000000 0.274820 
0.396078 380.000000 0.273381 
0.402353 364.000000 0.261871 
0.400000 370.000000 0.266187 
0.396863 378.000000 0.271942 
0.397647 376.000000 0.270504 
0.397255 377.000000 0.271223 
0.396863 378.000000 0.271942 
0.394902 383.000000 0.275540 
0.388627 399.000000 0.287050 
0.390196 395.000000 0.284173 
0.395294 382.000000 0.274820 
0.400784 368.000000 0.264748 
0.400000 370.000000 0.266187 
0.398431 374.000000 0.269065 
0.398039 375.000000 0.269784 
0.400392 369.000000 0.265468 
0.389020 398.000000 0.286331 
0.398824 373.000000 0.268345 
0.396471 379.000000 0.272662 
0.395686 381.000000 0.274101 
0.396078 380.000000 0.273381 
0.400392 369.000000 0.265468 
0.398824 373.000000 0.268345 
0.392157 390.000000 0.280576 
0.394510 384.000000 0.276259 
0.397647 376.000000 0.270504 
0.389412 397.000000 0.285612 
0.403137 362.000000 0.260432 
0.400000 370.000000 0.266187 
0.389412 397.000000 0.285612 
0.399216 372.000000 0.267626 
0.390588 394.000000 0.283453 
0.394902 383.000000 0.275540 
0.391765 391.000000 0.281295 
0.397255 377.000000 0.271223 
0.387059 403.000000 0.289928 
0.393725 386.000000 0.277698 
0.395686 381.000000 0.274101 
0.391373 392.000000 0.282014 
0.385098 408.000000 0.293525 
0.394510 384.000000 0.276259 
0.396471 379.000000 0.272662 
0.395686 381.000000 0.274101 
0.397255 377.000000 0.271223 
0.393725 386.000000 0.277698 
0.396471 379.000000 0.272662 
0.390980 393.000000 0.282734 
0.396078 380.000000 0.273381 
0.401961 365.000000 0.262590 
0.397647 376.000000 0.270504 
0.388627 399.000000 0.287050 
0.395294 382.000000 0.274820 
0.389804 396.000000 0.284892 
0.397647 376.000000 0.270504 
0.396078 380.000000 0.273381 
0.395294 382.000000 0.274820 
0.396863 378.000000 0.271942 
0.401569 366.000000 0.263309 
0.389804 396.000000 0.284892 
0.393725 386.000000 0.277698 
0.396471 379.000000 0.272662 
0.395294 382.000000 0.274820 
0.399216 372.000000 0.267626 
0.390196 395.000000 0.284173 
0.392941 388.000000 0.279137 
0.393333 387.000000 0.278417 
0.390196 395.000000 0.284173 
0.398431 374.000000 0.269065 
0.392941 388.000000 0.279137 
0.403922 360.000000 0.258993 
0.395686 381.000000 0.274101 
0.391765 391.000000 0.281295 
0.396471 379.000000 0.272662 
0.398431 374.000000 0.269065 
0.397647 376.000000 0.270504 
0.394510 384.000000 0.276259 
0.387059 403.000000 0.289928 
0.401176 367.000000 0.264029 
0.394510 384.000000 0.276259 
0.392157 390.000000 0.280576 
0.398039 375.000000 0.269784 
0.398039 375.000000 0.269784 
0.398039 375.000000 0.269784 
0.396863 378.000000 0.271942 
0.398039 375.000000 0.269784 
0.397647 376.000000 0.270504 
0.393725 386.000000 0.277698 
0.392941 388.000000 0.279137 
0.397647 376.000000 0.270504 
0.395294 382.000000 0.274820 
0.401569 366.000000 0.263309 
0.402745 363.000000 0.261151 
0.396863 378.000000 0.271942 
0.389412 397.000000 0.285612 
0.394510 384.000000 0.276259 
0.396078 380.000000 0.273381 
0.398824 373.000000 0.268345 
0.390980 393.000000 0.282734 
0.397647 376.000000 0.270504 
0.397647 376.000000 0.270504 
0.397255 377.000000 0.271223 
0.400784 368.000000 0.264748 
0.400392 369.000000 0.265468 
0.399608 371.000000 0.266906 
0.396863 378.000000 0.271942 
0.392157 390.000000 0.280576 
0.391373 392.000000 0.282014 
0.401176 367.000000 0.264029 
0.395294 382.000000 0.274820 
0.393725 386.000000 0.277698 
0.390196 395.000000 0.284173 
0.387059 403.000000 0.289928 
0.401569 366.000000 0.263309 
0.388627 399.000000 0.287050 
0.396078 380.000000 0.273381 
0.392549 389.000000 0.279856 
0.392157 390.000000 0.280576 
0.391765 391.000000 0.281295 
0.383922 411.000000 0.295683 
0.400784 368.000000 0.264748 
0.390980 393.000000 0.282734 
0.392941 388.000000 0.279137 
0.397647 376.000000 0.270504 
0.396863 378.000000 0.271942 
0.397647 376.000000 0.270504 
0.400392 369.000000 0.265468 
0.398431 374.000000 0.269065 
0.394118 385.000000 0.276978 
0.391765 391.000000 0.281295 
0.397255 377.000000 0.271223 
0.393333 387.000000 0.278417 
0.402745 363.000000 0.261151 
0.390196 395.000000 0.284173 
0.393333 387.000000 0.278417 
0.390196 395.000000 0.284173 
0.397647 376.000000 0.270504 
0.394510 384.000000 0.276259 
0.394118 385.000000 0.276978 
0.395686 381.000000 0.274101 
0.400392 369.000000 0.265468 
0.393333 387.000000 0.278417 
0.393333 387.000000 0.278417 
0.396471 379.000000 0.272662 
0.394902 383.000000 0.275540 
0.391373 392.000000 0.282014 
0.389804 396.000000 0.284892 
0.394902 383.000000 0.275540 
0.400784 368.000000 0.264748 
0.402745 363.000000 0.261151 
0.391765 391.000000 0.281295 
0.388235 400.000000 0.287770 
0.401176 367.000000 0.264029 
0.387059 403.000000 0.289928 
0.393333 387.000000 0.278417 
0.393725 386.000000 0.277698 
0.400392 369.000000 0.265468 
0.401569 366.000000 0.263309 
0.395294 382.000000 0.274820 
0.394510 384.000000 0.276259 
0.392157 390.000000 0.280576 
0.390196 395.000000 0.284173 
0.391765 391.000000 0.281295 
0.390588 394.000000 0.283453 
0.392549 389.000000 0.279856 
0.392941 388.000000 0.279137 
0.397647 376.000000 0.270504 
0.405882 355.000000 0.255396 
0.399216 372.000000 0.267626 
0.400392 369.000000 0.265468 
0.392157 390.000000 0.280576 
0.400000 370.000000 0.266187 
0.392157 390.000000 0.280576 
0.394510 384.000000 0.276259 
0.390588 394.000000 0.283453 
0.396863 378.000000 0.271942 
0.394902 383.000000 0.275540 
0.399216 372.000000 0.267626 
0.393725 386.000000 0.277698 
0.396078 380.000000 0.273381 
0.394902 383.000000 0.275540 
0.398039 375.000000 0.269784 
0.392549 389.000000 0.279856 
0.398824 373.000000 0.268345 
0.392157 390.000000 0.280576 
0.400392 369.000000 0.265468 
0.404314 359.000000 0.258273 
0.397647 376.000000 0.270504 
0.390196 395.000000 0.284173 
0.394902 383.000000 0.275540 
0.393725 386.000000 0.277698 
0.393333 387.000000 0.278417 
0.395294 382.000000 0.274820 
0.396863 378.000000 0.271942 
0.395294 382.000000 0.274820 
0.394902 383.000000 0.275540 
0.396863 378.000000 0.271942 
0.398431 374.000000 0.269065 
0.396863 378.000000 0.271942 
0.394118 385.000000 0.276978 
0.390980 393.000000 0.282734 
0.392941 388.000000 0.279137 
0.398039 375.000000 0.269784 
0.386667 404.000000 0.290647 
0.391765 391.000000 0.281295 
0.392941 388.000000 0.279137 
0.396078 380.000000 0.273381 
0.386667 404.000000 0.290647 
0.396078 380.000000 0.273381 
0.397647 376.000000 0.270504 
0.394510 384.000000 0.276259 
0.406667 353.000000 0.253957 
0.396078 380.000000 0.273381 
0.396471 379.000000 0.272662 
0.391373 392.000000 0.282014 
0.396078 380.000000 0.273381 
0.387451 402.000000 0.289209 
0.391765 391.000000 0.281295 
0.400000 370.000000 0.266187 
0.395294 382.000000 0.274820 
0.396471 379.000000 0.272662 
0.394902 383.000000 0.275540 
0.396863 378.000000 0.271942 
0.393725 386.000000 0.277698 
0.395294 382.000000 0.274820 
0.392941 388.000000 0.279137 
0.400000 370.000000 0.266187 
0.392157 390.000000 0.280576 
0.396471 379.000000 0.272662 
0.394902 383.000000 0.275540 
0.398039 375.000000 0.269784 
0.393725 386.000000 0.277698 
0.394118 385.000000 0.276978 
0.397647 376.000000 0.270504 
0.385882 406.000000 0.292086 
0.390980 393.000000 0.282734 
0.398431 374.000000 0.269065 
0.391373 392.000000 0.282014 
0.393333 387.000000 0.278417 
0.406667 353.000000 0.253957 
0.394510 384.000000 0.276259 
0.397647 376.000000 0.270504 
0.398431 374.000000 0.269065 
0.395686 381.000000 0.274101 
0.392157 390.000000 0.280576 
0.393333 387.000000 0.278417 
0.406275 354.000000 0.254676 
0.391373 392.000000 0.282014 
0.396471 379.000000 0.272662 
0.400392 369.000000 0.265468 
0.403137 362.000000 0.260432 
0.394902 383.000000 0.275540 
0.398824 373.000000 0.268345 
0.400392 369.000000 0.265468 
0.398824 373.000000 0.268345 
0.389804 396.000000 0.284892 
0.395294 382.000000 0.274820 
0.388235 400.000000 0.287770 
0.396078 380.000000 0.273381 
0.392549 389.000000 0.279856 
0.389804 396.000000 0.284892 
0.390980 393.000000 0.282734 
0.395686 381.000000 0.274101 
0.383137 413.000000 0.297122 
0.395294 382.000000 0.274820 
0.392157 390.000000 0.280576 
0.391373 392.000000 0.282014 
0.399608 371.000000 0.266906 
0.405098 357.000000 0.256835 
0.389804 396.000000 0.284892 
0.394510 384.000000 0.276259 
0.397647 376.000000 0.270504 
0.394510 384.000000 0.276259 
0.393725 386.000000 0.277698 
0.392157 390.000000 0.280576 
0.398431 374.000000 0.269065 
0.402745 363.000000 0.261151 
0.396863 378.000000 0.271942 
0.396078 380.000000 0.273381 
0.384706 409.000000 0.294245 
0.397647 376.000000 0.270504 
0.397255 377.000000 0.271223 
0.389020 398.000000 0.286331 
0.391765 391.000000 0.281295 
0.396471 379.000000 0.272662 
0.394510 384.000000 0.276259 
0.395686 381.000000 0.274101 
0.399608 371.000000 0.266906 
0.387843 401.000000 0.288489 
0.392157 390.000000 0.280576 
0.395686 381.000000 0.274101 
0.384706 409.000000 0.294245 
0.391765 391.000000 0.281295 
0.397647 376.000000 0.270504 
0.393725 386.000000 0.277698 
0.395294 382.000000 0.274820 
0.399608 371.000000 0.266906 
0.397255 377.000000 0.271223 
0.394510 384.000000 0.276259 
0.399216 372.000000 0.267626 
0.394118 385.000000 0.276978 
0.394118 385.000000 0.276978 
0.393725 386.000000 0.277698 
0.393725 386.000000 0.277698 
0.391765 391.000000 0.281295 
0.395686 381.000000 0.274101 
0.390196 395.000000 0.284173 
0.389804 396.000000 0.284892 
0.398824 373.000000 0.268345 
0.393333 387.000000 0.278417 
0.395686 381.000000 0.274101 
0.403922 360.000000 0.258993 
0.396471 379.000000 0.272662 
0.392549 389.000000 0.279856 
0.391373 392.000000 0.282014 
0.391765 391.000000 0.281295 
0.394902 383.000000 0.275540 
0.392549 389.000000 0.279856 
0.389020 398.000000 0.286331 
0.395294 382.000000 0.274820 
0.395686 381.000000 0.274101 
0.398431 374.000000 0.269065 
0.398431 374.000000 0.269065 
0.401176 367.000000 0.264029 
0.393333 387.000000 0.278417 
0.401569 366.000000 0.263309 
0.391765 391.000000 0.281295 
0.389020 398.000000 0.286331 
0.393333 387.000000 0.278417 
0.402745 363.000000 0.261151 
0.396471 379.000000 0.272662 
0.392941 388.000000 0.279137 
0.390980 393.000000 0.282734 
0.392157 390.000000 0.280576 
0.386275 405.000000 0.291367 
0.399216 372.000000 0.267626 
0.387843 401.000000 0.288489 
0.396471 379.000000 0.272662 
0.397255 377.000000 0.271223 
0.394510 384.000000 0.276259 
0.397255 377.000000 0.271223 
0.403137 362.000000 0.260432 
0.403529 361.000000 0.259712 
0.393725 386.000000 0.277698 
0.389412 397.000000 0.285612 
0.396471 379.000000 0.272662 
0.390588 394.000000 0.283453 
0.398824 373.000000 0.268345 
0.393725 386.000000 0.277698 
0.395686 381.000000 0.274101 
0.397647 376.000000 0.270504 
0.396863 378.000000 0.271942 
0.394510 384.000000 0.276259 
0.388235 400.000000 0.287770 
0.393333 387.000000 0.278417 
0.400784 368.000000 0.264748 
0.401961 365.000000 0.262590 
0.390588 394.000000 0.283453 
0.394902 383.000000 0.275540 
0.395686 381.000000 0.274101 
0.400000 370.000000 0.266187 
0.393333 387.000000 0.278417 
0.390980 393.000000 0.282734 
0.400000 370.000000 0.266187 
0.400392 369.000000 0.265468 
0.400000 370.000000 0.266187 
0.404314 359.000000 0.258273 
0.392157 390.000000 0.280576 
0.396078 380.000000 0.273381 
0.400000 370.000000 0.266187 
0.398039 375.000000 0.269784 
0.395686 381.000000 0.274101 
0.403922 360.000000 0.258993 
0.394902 383.000000 0.275540 
0.395686 381.000000 0.274101 
0.399216 372.000000 0.267626 
0.392941 388.000000 0.279137 
0.394510 384.000000 0.276259 
0.394510 384.000000 0.276259 
0.392941 388.000000 0.279137 
0.394510 384.000000 0.276259 
0.389020 398.000000 0.286331 
0.396471 379.000000 0.272662 
0.400000 370.000000 0.266187 
0.393725 386.000000 0.277698 
0.391373 392.000000 0.282014 
0.394118 385.000000 0.276978 
0.389804 396.000000 0.284892 
0.399216 372.000000 0.267626 
0.397255 377.000000 0.271223 
0.398431 374.000000 0.269065 
0.397647 376.000000 0.270504 
0.392941 388.000000 0.279137 
0.390196 395.000000 0.284173 
0.396471 379.000000 0.272662 
0.395294 382.000000 0.274820 
0.390196 395.000000 0.284173 
0.390196 395.000000 0.284173 
0.388627 399.000000 0.287050 
0.394118 385.000000 0.276978 
0.392549 389.000000 0.279856 
0.390588 394.000000 0.283453 
0.389412 397.000000 0.285612 
0.395686 381.000000 0.274101 
0.398824 373.000000 0.268345 
0.401569 366.000000 0.263309 
0.397255 377.000000 0.271223 
0.390980 393.000000 0.282734 
0.399216 372.000000 0.267626 
0.398824 373.000000 0.268345 
0.397647 376.000000 0.270504 
0.393725 386.000000 0.277698 
0.398824 373.000000 0.268345 
0.393333 387.000000 0.278417 
0.389412 397.000000 0.285612 
0.389412 397.000000 0.285612 
0.394118 385.000000 0.276978 
0.383137 413.000000 0.297122 
0.387059 403.000000 0.289928 
0.396863 378.000000 0.271942 
0.398431 374.000000 0.269065 
0.389020 398.000000 0.286331 
0.390980 393.000000 0.282734 
0.399216 372.000000 0.267626 
0.390588 394.000000 0.283453 
0.392549 389.000000 0.279856 
0.400392 369.000000 0.265468 
0.403137 362.000000 0.260432 
0.392549 389.000000 0.279856 
0.400000 370.000000 0.266187 
0.397255 377.000000 0.271223 
0.393725 386.000000 0.277698 
0.398431 374.000000 0.269065 
0.400392 369.000000 0.265468 
0.391373 392.000000 0.282014 
0.398431 374.000000 0.269065 
0.395686 381.000000 0.274101 
0.398431 374.000000 0.269065 
0.400784 368.000000 0.264748 
0.390980 393.000000 0.282734 
0.396863 378.000000 0.271942 
0.399216 372.000000 0.267626 
0.410588 343.000000 0.246763 
0.394510 384.000000 0.276259 
0.396471 379.000000 0.272662 
0.392157 390.000000 0.280576 
0.400392 369.000000 0.265468 
0.396078 380.000000 0.273381 
0.396078 380.000000 0.273381 
0.388235 400.000000 0.287770 
0.393725 386.000000 0.277698 
0.392549 389.000000 0.279856 
0.394118 385.000000 0.276978 
0.392157 390.000000 0.280576 
0.396863 378.000000 0.271942 
0.397647 376.000000 0.270504 
0.397255 377.000000 0.271223 
0.387059 403.000000 0.289928 
0.395686 381.000000 0.274101 
0.391373 392.000000 0.282014 
0.392941 388.000000 0.279137 
0.390980 393.000000 0.282734 
0.390588 394.000000 0.283453 
0.400784 368.000000 0.264748 
0.396471 379.000000 0.272662 
0.392941 388.000000 0.279137 
0.398824 373.000000 0.268345 
0.400784 368.000000 0.264748 
0.403137 362.000000 0.260432 
0.389804 396.000000 0.284892 
0.390588 394.000000 0.283453 
0.392941 388.000000 0.279137 
0.393725 386.000000 0.277698 
0.402745 363.000000 0.261151 
0.394118 385.000000 0.276978 
0.392157 390.000000 0.280576 
0.397647 376.000000 0.270504 
0.392941 388.000000 0.279137 
0.390196 395.000000 0.284173 
0.389804 396.000000 0.284892 
0.399216 372.000000 0.267626 
0.389412 397.000000 0.285612 
0.398824 373.000000 0.268345 
0.403529 361.000000 0.259712 
0.391765 391.000000 0.281295 
0.396863 378.000000 0.271942 
0.383529 412.000000 0.296403 
0.393725 386.000000 0.277698 
0.392157 390.000000 0.280576 
0.379216 423.000000 0.304317 
0.392549 389.000000 0.279856 
0.390196 395.000000 0.284173 
0.392941 388.000000 0.279137 
0.388235 400.000000 0.287770 
0.396078 380.000000 0.273381 
0.398431 374.000000 0.269065 
0.396471 379.000000 0.272662 
0.400784 368.000000 0.264748 
0.396078 380.000000 0.273381 
0.399216 372.000000 0.267626 
0.397647 376.000000 0.270504 
0.400392 369.000000 0.265468 
0.400392 369.000000 0.265468 
0.394118 385.000000 0.276978 
0.392941 388.000000 0.279137 
0.384314 410.000000 0.294964 
0.394118 385.000000 0.276978 
0.393725 386.000000 0.277698 
0.398431 374.000000 0.269065 
0.399216 372.000000 0.267626 
0.391765 391.000000 0.281295 
0.392157 390.000000 0.280576 
0.395686 381.000000 0.274101 
0.400784 368.000000 0.264748 
0.400392 369.000000 0.265468 
0.392549 389.000000 0.279856 
0.393333 387.000000 0.278417 
0.391765 391.000000 0.281295 
0.398824 373.000000 0.268345 
0.397647 376.000000 0.270504 
0.396863 378.000000 0.271942 
0.392941 388.000000 0.279137 
0.389804 396.000000 0.284892 
0.393725 386.000000 0.277698 
0.397255 377.000000 0.271223 
0.397255 377.000000 0.271223 
0.394118 385.000000 0.276978 
0.391373 392.000000 0.282014 
0.392549 389.000000 0.279856 
0.403529 361.000000 0.259712 
0.396471 379.000000 0.272662 
0.392157 390.000000 0.280576 
0.396863 378.000000 0.271942 
0.390196 395.000000 0.284173 
0.392157 390.000000 0.280576 
0.400784 368.000000 0.264748 
0.387059 403.000000 0.289928 
0.397255 377.000000 0.271223 
0.396078 380.000000 0.273381 
0.390196 395.000000 0.284173 
0.397647 376.000000 0.270504 
0.394118 385.000000 0.276978 
0.389804 396.000000 0.284892 
0.394118 385.000000 0.276978 
0.390980 393.000000 0.282734 
0.401961 365.000000 0.262590 
0.395686 381.000000 0.274101 
0.398039 375.000000 0.269784 
0.399608 371.000000 0.266906 
0.396078 380.000000 0.273381 
0.393333 387.000000 0.278417 
0.394902 383.000000 0.275540 
0.394510 384.000000 0.276259 
0.393725 386.000000 0.277698 
0.392549 389.000000 0.279856 
0.398431 374.000000 0.269065 
0.390980 393.000000 0.282734 
0.400392 369.000000 0.265468 
0.390980 393.000000 0.282734 
0.398824 373.000000 0.268345 
0.392941 388.000000 0.279137 
0.397647 376.000000 0.270504 
0.391373 392.000000 0.282014 
0.394902 383.000000 0.275540 
0.405490 356.000000 0.256115 
0.390980 393.000000 0.282734 
0.400784 368.000000 0.264748 
0.387843 401.000000 0.288489 
0.395686 381.000000 0.274101 
0.390196 395.000000 0.284173 
0.395294 382.000000 0.274820 
0.390980 393.000000 0.282734 
0.399216 372.000000 0.267626 
0.398431 374.000000 0.269065 
0.401176 367.000000 0.264029 
0.399608 371.000000 0.266906 
0.390980 393.000000 0.282734 
0.396078 380.000000 0.273381 
0.394118 385.000000 0.276978 
0.399608 371.000000 0.266906 
0.399216 372.000000 0.267626 
0.396863 378.000000 0.271942 
0.395686 381.000000 0.274101 
0.395686 381.000000 0.274101 
0.392941 388.000000 0.279137 
0.388627 399.000000 0.287050 
0.396078 380.000000 0.273381 
0.393725 386.000000 0.277698 
0.387059 403.000000 0.289928 
0.394510 384.000000 0.276259 
0.394510 384.000000 0.276259 
0.401176 367.000000 0.264029 
0.395686 381.000000 0.274101 
0.396471 379.000000 0.272662 
0.401176 367.000000 0.264029 
0.394510 384.000000 0.276259 
0.390980 393.000000 0.282734 
0.393725 386.000000 0.277698 
0.396078 380.000000 0.273381 
0.391373 392.000000 0.282014 
0.402353 364.000000 0.261871 
0.399216 372.000000 0.267626 
0.394510 384.000000 0.276259 
0.401961 365.000000 0.262590 
0.396078 380.000000 0.273381 
0.393333 387.000000 0.278417 
0.394902 383.000000 0.275540 
0.397255 377.000000 0.271223 
0.393725 386.000000 0.277698 
0.396078 380.000000 0.273381 
0.393725 386.000000 0.277698 
0.394510 384.000000 0.276259 
0.389412 397.000000 0.285612 
0.393725 386.000000 0.277698 
0.392941 388.000000 0.279137 
0.395294 382.000000 0.274820 
0.407451 351.000000 0.252518 
0.390980 393.000000 0.282734 
0.396863 378.000000 0.271942 
0.384314 410.000000 0.294964 
0.392941 388.000000 0.279137 
0.389804 396.000000 0.284892 
0.392549 389.000000 0.279856 
0.389020 398.000000 0.286331 
0.401176 367.000000 0.264029 
0.396078 380.000000 0.273381 
0.390588 394.000000 0.283453 
0.399608 371.000000 0.266906 
0.384706 409.000000 0.294245 
0.393725 386.000000 0.277698 
0.389020 398.000000 0.286331 
0.395686 381.000000 0.274101 
0.396471 379.000000 0.272662 
0.389412 397.000000 0.285612 
0.386667 404.000000 0.290647 
0.398824 373.000000 0.268345 
0.392549 389.000000 0.279856 
0.393725 386.000000 0.277698 
0.392941 388.000000 0.279137 
0.389412 397.000000 0.285612 
0.392157 390.000000 0.280576 
0.399216 372.000000 0.267626 
0.406275 354.000000 0.254676 
0.391373 392.000000 0.282014 
0.393725 386.000000 0.277698 
0.389020 398.000000 0.286331 
0.397647 376.000000 0.270504 
0.391373 392.000000 0.282014 
0.390588 394.000000 0.283453 
0.392549 389.000000 0.279856 
0.392549 389.000000 0.279856 
0.398431 374.000000 0.269065 
0.380392 420.000000 0.302158 
0.397255 377.000000 0.271223 
0.400392 369.000000 0.265468 
0.390196 395.000000 0.284173 
0.398431 374.000000 0.269065 
0.397255 377.000000 0.271223 
0.391765 391.000000 0.281295 
0.400784 368.000000 0.264748 
0.398824 373.000000 0.268345 
0.394118 385.000000 0.276978 
0.391373 392.000000 0.282014 
0.398039 375.000000 0.269784 
0.392157 390.000000 0.280576 
0.398431 374.000000 0.269065 
0.393333 387.000000 0.278417 
0.393333 387.000000 0.278417 
0.391373 392.000000 0.282014 
0.392941 388.000000 0.279137 
0.400392 369.000000 0.265468 
0.402353 364.000000 0.261871 
0.394118 385.000000 0.276978 
0.392157 390.000000 0.280576 
0.393333 387.000000 0.278417 
0.394118 385.000000 0.276978 
0.400392 369.000000 0.265468 
0.395686 381.000000 0.274101 
0.392941 388.000000 0.279137 
0.395294 382.000000 0.274820 
0.396471 379.000000 0.272662 
0.391765 391.000000 0.281295 
0.403529 361.000000 0.259712 
0.387059 403.000000 0.289928 
0.393725 386.000000 0.277698 
0.406667 353.000000 0.253957 
0.394902 383.000000 0.275540 
0.382353 415.000000 0.298561 
0.390588 394.000000 0.283453 
0.394118 385.000000 0.276978 
0.396078 380.000000 0.273381 
0.391765 391.000000 0.281295 
0.400392 369.000000 0.265468 
0.397255 377.000000 0.271223 
0.392157 390.000000 0.280576 
0.397647 376.000000 0.270504 
0.393725 386.000000 0.277698 
0.401176 367.000000 0.264029 
0.397647 376.000000 0.270504 
0.391373 392.000000 0.282014 
0.391373 392.000000 0.282014 
0.393725 386.000000 0.277698 
0.396471 379.000000 0.272662 
0.393333 387.000000 0.278417 
0.399216 372.000000 0.267626 
0.398431 374.000000 0.269065 
0.387843 401.000000 0.288489 
0.396863 378.000000 0.271942 
0.392549 389.000000 0.279856 
0.400392 369.000000 0.265468 
0.394510 384.000000 0.276259 
0.398431 374.000000 0.269065 
0.397647 376.000000 0.270504 
0.384706 409.000000 0.294245 
0.394902 383.000000 0.275540 
0.391765 391.000000 0.281295 
0.394118 385.000000 0.276978 
0.391765 391.000000 0.281295 
0.393725 386.000000 0.277698 
0.395686 381.000000 0.274101 
0.398824 373.000000 0.268345 
0.395294 382.000000 0.274820 
0.390980 393.000000 0.282734 
0.388627 399.000000 0.287050 
0.393725 386.000000 0.277698 
0.402745 363.000000 0.261151 
0.403137 362.000000 0.260432 
0.398431 374.000000 0.269065 
0.398824 373.000000 0.268345 
0.398039 375.000000 0.269784 
0.393725 386.000000 0.277698 
0.391373 392.000000 0.282014 
0.398039 375.000000 0.269784 
0.399608 371.000000 0.266906 
0.394510 384.000000 0.276259 
0.391373 392.000000 0.282014 
0.392941 388.000000 0.279137 
0.402745 363.000000 0.261151 
0.389020 398.000000 0.286331 
0.397647 376.000000 0.270504 
0.393333 387.000000 0.278417 
0.395294 382.000000 0.274820 
0.396863 378.000000 0.271942 
0.393333 387.000000 0.278417 
0.400784 368.000000 0.264748 
0.397647 376.000000 0.270504 
0.401569 366.000000 0.263309 
0.396078 380.000000 0.273381 
0.387059 403.000000 0.289928 
0.394118 385.000000 0.276978 
0.387843 401.000000 0.288489 
0.396863 378.000000 0.271942 
0.395294 382.000000 0.274820 
0.401961 365.000000 0.262590 
0.393333 387.000000 0.278417 
0.396471 379.000000 0.272662 
0.395294 382.000000 0.274820 
0.399216 372.000000 0.267626 
0.398039 375.000000 0.269784 
0.393333 387.000000 0.278417 
0.397255 377.000000 0.271223 
0.398431 374.000000 0.269065 
0.389020 398.000000 0.286331 
0.397647 376.000000 0.270504 
0.400784 368.000000 0.264748 
0.394902 383.000000 0.275540 
0.383922 411.000000 0.295683 
0.391765 391.000000 0.281295 
0.392941 388.000000 0.279137 
0.398039 375.000000 0.269784 
0.393725 386.000000 0.277698 
0.397255 377.000000 0.271223 
0.393725 386.000000 0.277698 
0.389412 397.000000 0.285612 
0.398824 373.000000 0.268345 
0.396078 380.000000 0.273381 
0.390588 394.000000 0.283453 
0.402353 364.000000 0.261871 
0.388627 399.000000 0.287050 
0.392941 388.000000 0.279137 
0.393333 387.000000 0.278417 
0.396863 378.000000 0.271942 
0.396078 380.000000 0.273381 
0.396471 379.000000 0.272662 
0.387451 402.000000 0.289209 
0.398824 373.000000 0.268345 
0.395686 381.000000 0.274101 
0.396078 380.000000 0.273381 
0.390196 395.000000 0.284173 
0.394118 385.000000 0.276978 
0.388627 399.000000 0.287050 
0.395686 381.000000 0.274101 
0.400784 368.000000 0.264748 
0.398431 374.000000 0.269065 
0.392941 388.000000 0.279137 
0.394118 385.000000 0.276978 
0.394902 383.000000 0.275540 
0.390588 394.000000 0.283453 
0.398431 374.000000 0.269065 
0.398431 374.000000 0.269065 
0.387843 401.000000 0.288489 
0.393333 387.000000 0.278417 
0.399216 372.000000 0.267626 
0.400000 370.000000 0.266187 
0.396078 380.000000 0.273381 
0.394902 383.000000 0.275540 
0.395294 382.000000 0.274820 
0.392941 388.000000 0.279137 
0.390588 394.000000 0.283453 
0.397255 377.000000 0.271223 
0.391373 392.000000 0.282014 
0.387843 401.000000 0.288489 
0.393725 386.000000 0.277698 
0.396471 379.000000 0.272662 
0.394510 384.000000 0.276259 
0.399216 372.000000 0.267626 
0.398039 375.000000 0.269784 
0.396863 378.000000 0.271942 
0.389804 396.000000 0.284892 
0.396078 380.000000 0.273381 
0.400784 368.000000 0.264748 
0.400784 368.000000 0.264748 
0.398431 374.000000 0.269065 
0.393333 387.000000 0.278417 
0.392157 390.000000 0.280576 
0.394118 385.000000 0.276978 
0.388627 399.000000 0.287050 
0.389412 397.000000 0.285612 
0.393333 387.000000 0.278417 
0.394510 384.000000 0.276259 
0.394510 384.000000 0.276259 
0.400000 370.000000 0.266187 
0.392157 390.000000 0.280576 
0.390980 393.000000 0.282734 
0.390588 394.000000 0.283453 
0.396471 379.000000 0.272662 
0.399216 372.000000 0.267626 
0.399608 371.000000 0.266906 
0.390196 395.000000 0.284173 
0.398039 375.000000 0.269784 
0.396471 379.000000 0.272662 
0.401961 365.000000 0.262590 
0.398431 374.000000 0.269065 
0.394510 384.000000 0.276259 
0.388235 400.000000 0.287770 
0.395294 382.000000 0.274820 
0.400784 368.000000 0.264748 
0.392941 388.000000 0.279137 
0.396471 379.000000 0.272662 
0.397647 376.000000 0.270504 
0.397647 376.000000 0.270504 
0.387843 401.000000 0.288489 
0.389412 397.000000 0.285612 
0.396078 380.000000 0.273381 
0.394902 383.000000 0.275540 
0.392157 390.000000 0.280576 
0.404314 359.000000 0.258273 
0.401569 366.000000 0.263309 
0.389020 398.000000 0.286331 
0.394902 383.000000 0.275540 
0.390588 394.000000 0.283453 
0.396863 378.000000 0.271942 
0.391765 391.000000 0.281295 
0.397255 377.000000 0.271223 
0.390196 395.000000 0.284173 
0.396078 380.000000 0.273381 
0.398431 374.000000 0.269065 
0.393725 386.000000 0.277698 
0.399216 372.000000 0.267626 
0.394902 383.000000 0.275540 
0.394902 383.000000 0.275540 
0.404706 358.000000 0.257554 
0.392941 388.000000 0.279137 
0.393333 387.000000 0.278417 
0.396471 379.000000 0.272662 
0.393333 387.000000 0.278417 
0.395294 382.000000 0.274820 
0.400392 369.000000 0.265468 
0.394510 384.000000 0.276259 
0.392549 389.000000 0.279856 
0.394510 384.000000 0.276259 
0.388627 399.000000 0.287050 
0.396078 380.000000 0.273381 
0.399216 372.000000 0.267626 
0.392157 390.000000 0.280576 
0.399216 372.000000 0.267626 
0.395294 382.000000 0.274820 
0.395294 382.000000 0.274820 
0.393333 387.000000 0.278417 
0.392941 388.000000 0.279137 
0.392941 388.000000 0.279137 
0.402745 363.000000 0.261151 
0.392157 390.000000 0.280576 
0.392941 388.000000 0.279137 
0.391765 391.000000 0.281295 
0.400784 368.000000 0.264748 
0.387059 403.000000 0.289928 
0.395294 382.000000 0.274820 
0.395686 381.000000 0.274101 
0.399608 371.000000 0.266906 
0.401961 365.000000 0.262590 
0.393725 386.000000 0.277698 
0.396863 378.000000 0.271942 
0.402745 363.000000 0.261151 
0.391765 391.000000 0.281295 
0.396863 378.000000 0.271942 
0.400000 370.000000 0.266187 
0.402353 364.000000 0.261871 
0.399608 371.000000 0.266906 
0.392941 388.000000 0.279137 
0.392549 389.000000 0.279856 
0.395294 382.000000 0.274820 
0.404314 359.000000 0.258273 
0.397255 377.000000 0.271223 
0.381961 416.000000 0.299281 
0.398431 374.000000 0.269065 
0.399608 371.000000 0.266906 
0.400784 368.000000 0.264748 
0.392941 388.000000 0.279137 
0.396863 378.000000 0.271942 
0.396078 380.000000 0.273381 
0.390980 393.000000 0.282734 
0.392549 389.000000 0.279856 
0.394118 385.000000 0.276978 
0.397255 377.000000 0.271223 
0.396471 379.000000 0.272662 
0.400392 369.000000 0.265468 
0.394902 383.000000 0.275540 
0.386275 405.000000 0.291367 
0.392549 389.000000 0.279856 
0.398431 374.000000 0.269065 
0.394118 385.000000 0.276978 
0.395294 382.000000 0.274820 
0.398824 373.000000 0.268345 
0.396471 379.000000 0.272662 
0.397647 376.000000 0.270504 
0.392549 389.000000 0.279856 
0.399216 372.000000 0.267626 
0.400784 368.000000 0.264748 
0.397255 377.000000 0.271223 
0.397255 377.000000 0.271223 
0.395294 382.000000 0.274820 
0.401569 366.000000 0.263309 
0.394510 384.000000 0.276259 
0.395686 381.000000 0.274101 
0.396863 378.000000 0.271942 
0.394902 383.000000 0.275540 
0.395686 381.000000 0.274101 
0.389804 396.000000 0.284892 
0.395686 381.000000 0.274101 
0.395294 382.000000 0.274820 
0.397255 377.000000 0.271223 
0.390196 395.000000 0.284173 
0.389804 396.000000 0.284892 
0.394118 385.000000 0.276978 
0.388627 399.000000 0.287050 
0.405098 357.000000 0.256835 
0.405098 357.000000 0.256835 
0.400000 370.000000 0.266187 
0.401961 365.000000 0.262590 
0.397255 377.000000 0.271223 
0.391765 391.000000 0.281295 
0.397255 377.000000 0.271223 
0.392941 388.000000 0.279137 
0.393333 387.000000 0.278417 
0.388627 399.000000 0.287050 
0.403922 360.000000 0.258993 
0.402353 364.000000 0.261871 
0.396471 379.000000 0.272662 
0.392157 390.000000 0.280576 
0.398431 374.000000 0.269065 
0.393333 387.000000 0.278417 
0.397255 377.000000 0.271223 
0.389412 397.000000 0.285612 
0.401961 365.000000 0.262590 
0.398431 374.000000 0.269065 
0.399608 371.000000 0.266906 
0.394118 385.000000 0.276978 
0.401176 367.000000 0.264029 
0.399608 371.000000 0.266906 
0.390196 395.000000 0.284173 
0.392157 390.000000 0.280576 
0.393725 386.000000 0.277698 
0.398431 374.000000 0.269065 
0.395686 381.000000 0.274101 
0.391373 392.000000 0.282014 
0.398039 375.000000 0.269784 
0.389412 397.000000 0.285612 
0.392549 389.000000 0.279856 
0.396471 379.000000 0.272662 
0.400784 368.000000 0.264748 
0.396471 379.000000 0.272662 
0.387059 403.000000 0.289928 
0.389804 396.000000 0.284892 
0.389412 397.000000 0.285612 
0.390196 395.000000 0.284173 
0.401569 366.000000 0.263309 
0.394510 384.000000 0.276259 
0.390196 395.000000 0.284173 
0.389804 396.000000 0.284892 
0.390588 394.000000 0.283453 
0.392549 389.000000 0.279856 
0.396863 378.000000 0.271942 
0.404706 358.000000 0.257554 
0.400000 370.000000 0.266187 
0.399216 372.000000 0.267626 
0.401961 365.000000 0.262590 
0.399608 371.000000 0.266906 
0.399216 372.000000 0.267626 
0.397647 376.000000 0.270504 
0.400000 370.000000 0.266187 
0.398824 373.000000 0.268345 
0.394118 385.000000 0.276978 
0.390196 395.000000 0.284173 
0.394902 383.000000 0.275540 
0.398824 373.000000 0.268345 
0.395294 382.000000 0.274820 
0.390980 393.000000 0.282734 
0.395686 381.000000 0.274101 
0.393333 387.000000 0.278417 
0.398039 375.000000 0.269784 
0.395294 382.000000 0.274820 
0.398431 374.000000 0.269065 
0.391765 391.000000 0.281295 
0.388235 400.000000 0.287770 
0.395686 381.000000 0.274101 
0.390980 393.000000 0.282734 
0.401569 366.000000 0.263309 
0.394118 385.000000 0.276978 
0.393725 386.000000 0.277698 
0.390196 395.000000 0.284173 
0.394510 384.000000 0.276259 
0.390196 395.000000 0.284173 
0.400784 368.000000 0.264748 
0.394902 383.000000 0.275540 
0.387843 401.000000 0.288489 
0.393333 387.000000 0.278417 
0.397647 376.000000 0.270504 
0.393333 387.000000 0.278417 
0.403922 360.000000 0.258993 
0.398039 375.000000 0.269784 
0.401176 367.000000 0.264029 
0.398039 375.000000 0.269784 
0.390196 395.000000 0.284173 
0.397255 377.000000 0.271223 
0.394510 384.000000 0.276259 
0.399216 372.000000 0.267626 
0.386275 405.000000 0.291367 
0.396863 378.000000 0.271942 
0.398824 373.000000 0.268345 
0.396078 380.000000 0.273381 
0.396471 379.000000 0.272662 
0.394118 385.000000 0.276978 
0.400784 368.000000 0.264748 
0.398824 373.000000 0.268345 
0.397255 377.000000 0.271223 
0.396078 380.000000 0.273381 
0.398824 373.000000 0.268345 
0.397255 377.000000 0.271223 
0.390196 395.000000 0.284173 
0.393725 386.000000 0.277698 
0.391765 391.000000 0.281295 
0.390196 395.000000 0.284173 
0.394118 385.000000 0.276978 
0.389804 396.000000 0.284892 
0.405490 356.000000 0.256115 
0.395686 381.000000 0.274101 
0.395686 381.000000 0.274101 
0.398824 373.000000 0.268345 
0.395686 381.000000 0.274101 
0.396078 380.000000 0.273381 
0.392941 388.000000 0.279137 
0.398431 374.000000 0.269065 
0.400392 369.000000 0.265468 
0.396078 380.000000 0.273381 
0.401569 366.000000 0.263309 
0.396471 379.000000 0.272662 
0.385490 407.000000 0.292806 
0.385882 406.000000 0.292086 
0.392157 390.000000 0.280576 
0.401176 367.000000 0.264029 
0.401176 367.000000 0.264029 
0.390196 395.000000 0.284173 
0.395686 381.000000 0.274101 
0.397647 376.000000 0.270504 
0.398431 374.000000 0.269065 
0.396471 379.000000 0.272662 
0.403922 360.000000 0.258993 
0.395686 381.000000 0.274101 
0.392941 388.000000 0.279137 
0.389412 397.000000 0.285612 
0.404314 359.000000 0.258273 
0.400000 370.000000 0.266187 
0.399216 372.000000 0.267626 
0.392941 388.000000 0.279137 
0.393333 387.000000 0.278417 
0.389020 398.000000 0.286331 
0.401961 365.000000 0.262590 
0.395294 382.000000 0.274820 
0.392157 390.000000 0.280576 
0.402745 363.000000 0.261151 
0.388235 400.000000 0.287770 
0.401569 366.000000 0.263309 
0.386667 404.000000 0.290647 
0.397647 376.000000 0.270504 
0.386275 405.000000 0.291367 
0.393333 387.000000 0.278417 
0.399608 371.000000 0.266906 
0.390980 393.000000 0.282734 
0.394902 383.000000 0.275540 
0.387059 403.000000 0.289928 
0.387059 403.000000 0.289928 
0.406275 354.000000 0.254676 
0.396471 379.000000 0.272662 
0.396471 379.000000 0.272662 
0.385098 408.000000 0.293525 
0.393725 386.000000 0.277698 
0.397255 377.000000 0.271223 
0.391373 392.000000 0.282014 
0.393725 386.000000 0.277698 
0.398039 375.000000 0.269784 
0.396863 378.000000 0.271942 
0.400784 368.000000 0.264748 
0.389020 398.000000 0.286331 
0.394902 383.000000 0.275540 
0.392549 389.000000 0.279856 
0.393725 386.000000 0.277698 
0.394510 384.000000 0.276259 
0.394118 385.000000 0.276978 
0.405490 356.000000 0.256115 
0.387059 403.000000 0.289928 
0.401176 367.000000 0.264029 
0.398431 374.000000 0.269065 
0.385882 406.000000 0.292086 
0.393333 387.000000 0.278417 
0.393725 386.000000 0.277698 
0.406275 354.000000 0.254676 
0.396471 379.000000 0.272662 
0.390588 394.000000 0.283453 
0.397255 377.000000 0.271223 
0.395294 382.000000 0.274820 
0.391373 392.000000 0.282014 
0.394118 385.000000 0.276978 
0.395686 381.000000 0.274101 
0.400784 368.000000 0.264748 
0.391373 392.000000 0.282014 
0.398039 375.000000 0.269784 
0.400392 369.000000 0.265468 
0.396471 379.000000 0.272662 
0.397647 376.000000 0.270504 
0.392549 389.000000 0.279856 
0.391373 392.000000 0.282014 
0.395294 382.000000 0.274820 
0.390588 394.000000 0.283453 
0.393333 387.000000 0.278417 
0.391373 392.000000 0.282014 
0.394902 383.000000 0.275540 
0.396863 378.000000 0.271942 
0.388627 399.000000 0.287050 
0.398431 374.000000 0.269065 
0.394510 384.000000 0.276259 
0.394118 385.000000 0.276978 
0.392549 389.000000 0.279856 
0.394118 385.000000 0.276978 
0.396471 379.000000 0.272662 
0.402745 363.000000 0.261151 
0.394118 385.000000 0.276978 
0.397255 377.000000 0.271223 
0.389020 398.000000 0.286331 
0.400784 368.000000 0.264748 
0.401961 365.000000 0.262590 
0.403922 360.000000 0.258993 
0.395294 382.000000 0.274820 
0.392941 388.000000 0.279137 
0.402745 363.000000 0.261151 
0.396471 379.000000 0.272662 
0.396863 378.000000 0.271942 
0.401176 367.000000 0.264029 
0.405490 356.000000 0.256115 
0.386667 404.000000 0.290647 
0.398824 373.000000 0.268345 
0.399216 372.000000 0.267626 
0.394510 384.000000 0.276259 
0.396078 380.000000 0.273381 
0.398039 375.000000 0.269784 
0.392157 390.000000 0.280576 
0.396078 380.000000 0.273381 
0.392549 389.000000 0.279856 
0.393725 386.000000 0.277698 
0.393725 386.000000 0.277698 
0.400000 370.000000 0.266187 
0.398039 375.000000 0.269784 
0.389804 396.000000 0.284892 
0.389020 398.000000 0.286331 
0.397255 377.000000 0.271223 
0.392549 389.000000 0.279856 
0.390588 394.000000 0.283453 
0.392941 388.000000 0.279137 
0.392941 388.000000 0.279137 
0.393725 386.000000 0.277698 
0.396863 378.000000 0.271942 
0.395686 381.000000 0.274101 
0.392941 388.000000 0.279137 
0.390588 394.000000 0.283453 
0.404706 358.000000 0.257554 
0.393333 387.000000 0.278417 
0.394510 384.000000 0.276259 
0.398824 373.000000 0.268345 
0.390196 395.000000 0.284173 
0.395294 382.000000 0.274820 
0.392549 389.000000 0.279856 
0.391765 391.000000 0.281295 
0.398039 375.000000 0.269784 
0.391765 391.000000 0.281295 
0.395294 382.000000 0.274820 
0.388235 400.000000 0.287770 
0.392549 389.000000 0.279856 
0.399216 372.000000 0.267626 
0.400784 368.000000 0.264748 
0.398039 375.000000 0.269784 
0.390980 393.000000 0.282734 
0.394902 383.000000 0.275540 
0.395294 382.000000 0.274820 
0.394902 383.000000 0.275540 
0.391765 391.000000 0.281295 
0.396863 378.000000 0.271942 
0.396471 379.000000 0.272662 
0.396471 379.000000 0.272662 
0.390980 393.000000 0.282734 
0.400784 368.000000 0.264748 
0.394118 385.000000 0.276978 
0.406275 354.000000 0.254676 
0.394118 385.000000 0.276978 
0.398824 373.000000 0.268345 
0.396078 380.000000 0.273381 
0.392941 388.000000 0.279137 
0.397647 376.000000 0.270504 
0.391765 391.000000 0.281295 
0.398824 373.000000 0.268345 
0.405490 356.000000 0.256115 
0.395294 382.000000 0.274820 
0.391373 392.000000 0.282014 
0.392941 388.000000 0.279137 
0.396863 378.000000 0.271942 
0.393333 387.000000 0.278417 
0.396863 378.000000 0.271942 
0.392157 390.000000 0.280576 
0.398039 375.000000 0.269784 
0.402745 363.000000 0.261151 
0.396471 379.000000 0.272662 
0.400000 370.000000 0.266187 
0.392941 388.000000 0.279137 
0.393333 387.000000 0.278417 
0.398039 375.000000 0.269784 
0.398039 375.000000 0.269784 
0.392157 390.000000 0.280576 
0.392549 389.000000 0.279856 
0.397647 376.000000 0.270504 
0.388627 399.000000 0.287050 
0.389020 398.000000 0.286331 
0.397255 377.000000 0.271223 
0.395294 382.000000 0.274820 
0.398039 375.000000 0.269784 
0.397647 376.000000 0.270504 
0.386667 404.000000 0.290647 
0.397647 376.000000 0.270504 
0.388235 400.000000 0.287770 
0.389804 396.000000 0.284892 
0.395294 382.000000 0.274820 
0.396471 379.000000 0.272662 
0.392941 388.000000 0.279137 
0.401176 367.000000 0.264029 
0.393333 387.000000 0.278417 
0.398431 374.000000 0.269065 
0.395686 381.000000 0.274101 
0.393333 387.000000 0.278417 
0.399216 372.000000 0.267626 
0.398039 375.000000 0.269784 
0.398039 375.000000 0.269784 
0.400000 370.000000 0.266187 
0.393333 387.000000 0.278417 
0.394118 385.000000 0.276978 
0.396863 378.000000 0.271942 
0.389020 398.000000 0.286331 
0.395686 381.000000 0.274101 
0.396863 378.000000 0.271942 
0.395686 381.000000 0.274101 
0.398824 373.000000 0.268345 
0.398039 375.000000 0.269784 
0.396471 379.000000 0.272662 
0.395294 382.000000 0.274820 
0.400784 368.000000 0.264748 
0.405882 355.000000 0.255396 
0.400392 369.000000 0.265468 
0.394118 385.000000 0.276978 
0.397255 377.000000 0.271223 
0.394902 383.000000 0.275540 
0.394118 385.000000 0.276978 
0.394118 385.000000 0.276978 
0.390588 394.000000 0.283453 
0.389804 396.000000 0.284892 
0.390980 393.000000 0.282734 
0.392549 389.000000 0.279856 
0.389020 398.000000 0.286331 
0.393333 387.000000 0.278417 
0.398824 373.000000 0.268345 
0.394118 385.000000 0.276978 
0.393725 386.000000 0.277698 
0.396078 380.000000 0.273381 
0.409020 347.000000 0.249640 
0.396863 378.000000 0.271942 
0.398431 374.000000 0.269065 
0.393333 387.000000 0.278417 
0.396471 379.000000 0.272662 
0.391765 391.000000 0.281295 
0.399608 371.000000 0.266906 
0.396078 380.000000 0.273381 
0.392157 390.000000 0.280576 
0.394118 385.000000 0.276978 
0.393725 386.000000 0.277698 
0.400784 368.000000 0.264748 
0.396863 378.000000 0.271942 
0.396078 380.000000 0.273381 
0.401961 365.000000 0.262590 
0.395294 382.000000 0.274820 
0.385490 407.000000 0.292806 
0.400000 370.000000 0.266187 
0.394118 385.000000 0.276978 
0.398431 374.000000 0.269065 
0.396863 378.000000 0.271942 
0.398824 373.000000 0.268345 
0.392157 390.000000 0.280576 
0.393725 386.000000 0.277698 
0.398431 374.000000 0.269065 
0.393333 387.000000 0.278417 
0.390196 395.000000 0.284173 
0.389804 396.000000 0.284892 
0.390588 394.000000 0.283453 
0.398431 374.000000 0.269065 
0.390980 393.000000 0.282734 
0.394118 385.000000 0.276978 
0.398039 375.000000 0.269784 
0.386667 404.000000 0.290647 
0.405098 357.000000 0.256835 
0.393333 387.000000 0.278417 
0.398824 373.000000 0.268345 
0.394118 385.000000 0.276978 
0.400392 369.000000 0.265468 
0.393333 387.000000 0.278417 
0.400392 369.000000 0.265468 
0.384706 409.000000 0.294245 
0.403529 361.000000 0.259712 
0.399608 371.000000 0.266906 
0.394118 385.000000 0.276978 
0.391765 391.000000 0.281295 
0.396863 378.000000 0.271942 
0.391373 392.000000 0.282014 
0.392941 388.000000 0.279137 
0.395294 382.000000 0.274820 
0.400392 369.000000 0.265468 
0.393725 386.000000 0.277698 
0.388627 399.000000 0.287050 
0.400784 368.000000 0.264748 
0.393725 386.000000 0.277698 
0.394118 385.000000 0.276978 
0.401176 367.000000 0.264029 
0.390196 395.000000 0.284173 
0.396863 378.000000 0.271942 
0.391765 391.000000 0.281295 
0.392941 388.000000 0.279137 
0.400000 370.000000 0.266187 
0.394510 384.000000 0.276259 
0.394510 384.000000 0.276259 
0.399608 371.000000 0.266906 
0.398431 374.000000 0.269065 
0.391373 392.000000 0.282014 
0.388235 400.000000 0.287770 
0.392549 389.000000 0.279856 
0.390980 393.000000 0.282734 
0.396863 378.000000 0.271942 
0.399608 371.000000 0.266906 
0.394510 384.000000 0.276259 
0.381176 418.000000 0.300719 
0.396863 378.000000 0.271942 
0.390588 394.000000 0.283453 
0.396471 379.000000 0.272662 
0.389020 398.000000 0.286331 
0.398431 374.000000 0.269065 
0.393725 386.000000 0.277698 
0.392549 389.000000 0.279856 
0.390588 394.000000 0.283453 
0.396078 380.000000 0.273381 
0.398824 373.000000 0.268345 
0.394510 384.000000 0.276259 
0.394118 385.000000 0.276978 
0.396863 378.000000 0.271942 
0.401176 367.000000 0.264029 
0.396863 378.000000 0.271942 
0.393725 386.000000 0.277698 
0.396471 379.000000 0.272662 
0.390196 395.000000 0.284173 
0.392941 388.000000 0.279137 
0.401569 366.000000 0.263309 
0.389020 398.000000 0.286331 
0.394902 383.000000 0.275540 
0.396863 378.000000 0.271942 
0.391373 392.000000 0.282014 
0.399216 372.000000 0.267626 
0.392941 388.000000 0.279137 
0.392549 389.000000 0.279856 
0.407451 351.000000 0.252518 
0.391373 392.000000 0.282014 
0.398039 375.000000 0.269784 
0.391765 391.000000 0.281295 
0.401961 365.000000 0.262590 
0.393333 387.000000 0.278417 
0.397647 376.000000 0.270504 
0.394510 384.000000 0.276259 
0.393725 386.000000 0.277698 
0.398824 373.000000 0.268345 
0.395294 382.000000 0.274820 
0.400784 368.000000 0.264748 
0.399608 371.000000 0.266906 
0.394118 385.000000 0.276978 
0.401961 365.000000 0.262590 
0.387059 403.000000 0.289928 
0.398824 373.000000 0.268345 
0.398039 375.000000 0.269784 
0.398039 375.000000 0.269784 
0.388627 399.000000 0.287050 
0.395686 381.000000 0.274101 
0.400000 370.000000 0.266187 
0.395294 382.000000 0.274820 
0.399216 372.000000 0.267626 
0.403529 361.000000 0.259712 
0.400000 370.000000 0.266187 
0.397647 376.000000 0.270504 
0.390196 395.000000 0.284173 
0.390196 395.000000 0.284173 
0.397647 376.000000 0.270504 
0.400784 368.000000 0.264748 
0.391765 391.000000 0.281295 
0.402353 364.000000 0.261871 
0.394902 383.000000 0.275540 
0.397647 376.000000 0.270504 
0.392157 390.000000 0.280576 
0.394902 383.000000 0.275540 
0.387451 402.000000 0.289209 
0.398431 374.000000 0.269065 
0.401176 367.000000 0.264029 
0.392941 388.000000 0.279137 
0.397647 376.000000 0.270504 
0.400000 370.000000 0.266187 
0.399216 372.000000 0.267626 
0.390588 394.000000 0.283453 
0.396471 379.000000 0.272662 
0.397647 376.000000 0.270504 
0.396471 379.000000 0.272662 
0.400392 369.000000 0.265468 
0.394118 385.000000 0.276978 
0.398431 374.000000 0.269065 
0.392157 390.000000 0.280576 
0.395686 381.000000 0.274101 
0.399216 372.000000 0.267626 
0.389804 396.000000 0.284892 
0.392941 388.000000 0.279137 
0.390196 395.000000 0.284173 
0.384706 409.000000 0.294245 
0.390980 393.000000 0.282734 
0.398431 374.000000 0.269065 
0.393725 386.000000 0.277698 
0.397647 376.000000 0.270504 
0.395294 382.000000 0.274820 
0.392549 389.000000 0.279856 
0.386275 405.000000 0.291367 
0.393333 387.000000 0.278417 
0.397255 377.000000 0.271223 
0.393725 386.000000 0.277698 
0.397255 377.000000 0.271223 
0.394510 384.000000 0.276259 
0.400392 369.000000 0.265468 
0.394118 385.000000 0.276978 
0.391765 391.000000 0.281295 
0.389804 396.000000 0.284892 
0.397255 377.000000 0.271223 
0.392549 389.000000 0.279856 
0.394118 385.000000 0.276978 
0.392549 389.000000 0.279856 
0.390980 393.000000 0.282734 
0.390980 393.000000 0.282734 
0.396863 378.000000 0.271942 
0.392549 389.000000 0.279856 
0.398039 375.000000 0.269784 
0.397255 377.000000 0.271223 
0.404314 359.000000 0.258273 
0.394902 383.000000 0.275540 
0.388627 399.000000 0.287050 
0.394510 384.000000 0.276259 
0.396863 378.000000 0.271942 
0.399608 371.000000 0.266906 
0.392157 390.000000 0.280576 
0.395686 381.000000 0.274101 
0.392941 388.000000 0.279137 
0.392157 390.000000 0.280576 
0.401569 366.000000 0.263309 
0.398824 373.000000 0.268345 
0.400784 368.000000 0.264748 
0.394510 384.000000 0.276259 
0.394118 385.000000 0.276978 
0.392157 390.000000 0.280576 
0.398824 373.000000 0.268345 
0.395686 381.000000 0.274101 
0.390196 395.000000 0.284173 
0.389020 398.000000 0.286331 
0.392941 388.000000 0.279137 
0.400000 370.000000 0.266187 
0.397647 376.000000 0.270504 
0.395294 382.000000 0.274820 
0.398431 374.000000 0.269065 
0.397647 376.000000 0.270504 
0.392941 388.000000 0.279137 
0.395294 382.000000 0.274820 
0.391373 392.000000 0.282014 
0.398431 374.000000 0.269065 
0.401176 367.000000 0.264029 
0.390980 393.000000 0.282734 
0.396078 380.000000 0.273381 
0.396863 378.000000 0.271942 
0.395294 382.000000 0.274820 
0.392941 388.000000 0.279137 
0.392549 389.000000 0.279856 
0.395294 382.000000 0.274820 
0.397647 376.000000 0.270504 
0.395294 382.000000 0.274820 
0.394902 383.000000 0.275540 
0.392941 388.000000 0.279137 
0.394902 383.000000 0.275540 
0.390588 394.000000 0.283453 
0.386667 404.000000 0.290647 
0.398431 374.000000 0.269065 
0.394118 385.000000 0.276978 
0.396078 380.000000 0.273381 
0.396471 379.000000 0.272662 
0.396078 380.000000 0.273381 
0.396471 379.000000 0.272662 
0.403137 362.000000 0.260432 
0.396471 379.000000 0.272662 
0.399608 371.000000 0.266906 
0.400784 368.000000 0.264748 
0.393333 387.000000 0.278417 
0.388235 400.000000 0.287770 
0.402745 363.000000 0.261151 
0.401961 365.000000 0.262590 
0.397255 377.000000 0.271223 
0.396863 378.000000 0.271942 
0.395686 381.000000 0.274101 
0.393333 387.000000 0.278417 
0.396863 378.000000 0.271942 
0.392549 389.000000 0.279856 
0.397647 376.000000 0.270504 
0.396863 378.000000 0.271942 
0.391765 391.000000 0.281295 
0.401176 367.000000 0.264029 
0.395686 381.000000 0.274101 
0.400784 368.000000 0.264748 
0.399608 371.000000 0.266906 
0.391373 392.000000 0.282014 
0.394118 385.000000 0.276978 
0.391765 391.000000 0.281295 
0.403922 360.000000 0.258993 
0.394510 384.000000 0.276259 
0.390588 394.000000 0.283453 
0.395294 382.000000 0.274820 
0.397255 377.000000 0.271223 
0.401961 365.000000 0.262590 
0.382353 415.000000 0.298561 
0.393725 386.000000 0.277698 
0.392941 388.000000 0.279137 
0.384706 409.000000 0.294245 
0.396863 378.000000 0.271942 
0.399216 372.000000 0.267626 
0.391373 392.000000 0.282014 
0.392941 388.000000 0.279137 
0.392157 390.000000 0.280576 
0.402745 363.000000 0.261151 
0.390588 394.000000 0.283453 
0.395686 381.000000 0.274101 
0.399608 371.000000 0.266906 
0.390980 393.000000 0.282734 
0.396863 378.000000 0.271942 
0.391373 392.000000 0.282014 
0.396078 380.000000 0.273381 
0.396078 380.000000 0.273381 
0.394118 385.000000 0.276978 
0.392549 389.000000 0.279856 
0.397647 376.000000 0.270504 
0.400000 370.000000 0.266187 
0.390980 393.000000 0.282734 
0.396078 380.000000 0.273381 
0.394118 385.000000 0.276978 
0.394510 384.000000 0.276259 
0.403137 362.000000 0.260432 
0.393725 386.000000 0.277698 
0.394118 385.000000 0.276978 
0.387059 403.000000 0.289928 
0.394510 384.000000 0.276259 
0.385490 407.000000 0.292806 
0.387843 401.000000 0.288489 
0.398824 373.000000 0.268345 
0.392549 389.000000 0.279856 
0.391373 392.000000 0.282014 
0.389804 396.000000 0.284892 
0.397647 376.000000 0.270504 
0.401176 367.000000 0.264029 
0.403529 361.000000 0.259712 
0.390980 393.000000 0.282734 
0.394510 384.000000 0.276259 
0.394118 385.000000 0.276978 
0.398039 375.000000 0.269784 
0.384706 409.000000 0.294245 
0.393725 386.000000 0.277698 
0.397647 376.000000 0.270504 
0.394510 384.000000 0.276259 
0.393725 386.000000 0.277698 
0.395294 382.000000 0.274820 
0.397255 377.000000 0.271223 
0.398431 374.000000 0.269065 
0.399216 372.000000 0.267626 
0.398039 375.000000 0.269784 
0.400784 368.000000 0.264748 
0.388627 399.000000 0.287050 
0.396471 379.000000 0.272662 
0.394902 383.000000 0.275540 
0.396471 379.000000 0.272662 
0.399216 372.000000 0.267626 
0.392157 390.000000 0.280576 
0.394510 384.000000 0.276259 
0.394118 385.000000 0.276978 
0.398039 375.000000 0.269784 
0.396471 379.000000 0.272662 
0.393725 386.000000 0.277698 
0.394118 385.000000 0.276978 
0.395686 381.000000 0.274101 
0.392157 390.000000 0.280576 
0.389020 398.000000 0.286331 
0.389412 397.000000 0.285612 
0.388627 399.000000 0.287050 
0.398824 373.000000 0.268345 
0.395686 381.000000 0.274101 
0.401961 365.000000 0.262590 
0.392157 390.000000 0.280576 
0.398431 374.000000 0.269065 
0.396471 379.000000 0.272662 
0.400000 370.000000 0.266187 
0.389804 396.000000 0.284892 
0.389020 398.000000 0.286331 
0.397647 376.000000 0.270504 
0.388235 400.000000 0.287770 
0.393725 386.000000 0.277698 
0.393725 386.000000 0.277698 
0.395294 382.000000 0.274820 
0.391373 392.000000 0.282014 
0.393333 387.000000 0.278417 
0.394902 383.000000 0.275540 
0.395686 381.000000 0.274101 
0.398431 374.000000 0.269065 
0.393333 387.000000 0.278417 
0.398431 374.000000 0.269065 
0.394118 385.000000 0.276978 
0.399216 372.000000 0.267626 
0.402353 364.000000 0.261871 
0.398824 373.000000 0.268345 
0.392157 390.000000 0.280576 
0.400392 369.000000 0.265468 
0.397647 376.000000 0.270504 
0.397647 376.000000 0.270504 
0.399608 371.000000 0.266906 
0.401569 366.000000 0.263309 
0.388235 400.000000 0.287770 
0.400000 370.000000 0.266187 
0.389412 397.000000 0.285612 
0.387843 401.000000 0.288489 
0.398431 374.000000 0.269065 
0.393333 387.000000 0.278417 
0.397647 376.000000 0.270504 
0.400392 369.000000 0.265468 
0.392549 389.000000 0.279856 
0.400000 370.000000 0.266187 
0.393725 386.000000 0.277698 
0.395686 381.000000 0.274101 
0.389804 396.000000 0.284892 
0.396078 380.000000 0.273381 
0.398824 373.000000 0.268345 
0.393333 387.000000 0.278417 
0.393725 386.000000 0.277698 
0.401176 367.000000 0.264029 
0.393333 387.000000 0.278417 
0.386275 405.000000 0.291367 
0.397647 376.000000 0.270504 
0.393333 387.000000 0.278417 
0.400784 368.000000 0.264748 
0.397255 377.000000 0.271223 
0.398431 374.000000 0.269065 
0.394510 384.000000 0.276259 
0.394510 384.000000 0.276259 
0.394902 383.000000 0.275540 
0.386275 405.000000 0.291367 
0.392941 388.000000 0.279137 
0.395294 382.000000 0.274820 
0.391765 391.000000 0.281295 
0.392549 389.000000 0.279856 
0.393725 386.000000 0.277698 
0.390588 394.000000 0.283453 
0.393725 386.000000 0.277698 
0.395294 382.000000 0.274820 
0.403529 361.000000 0.259712 
0.397255 377.000000 0.271223 
0.398039 375.000000 0.269784 
0.390980 393.000000 0.282734 
0.392549 389.000000 0.279856 
0.392941 388.000000 0.279137 
0.385882 406.000000 0.292086 
0.399216 372.000000 0.267626 
0.385490 407.000000 0.292806 
0.395294 382.000000 0.274820 
0.390980 393.000000 0.282734 
0.400000 370.000000 0.266187 
0.393333 387.000000 0.278417 
0.391373 392.000000 0.282014 
0.400000 370.000000 0.266187 
0.394902 383.000000 0.275540 
0.399608 371.000000 0.266906 
0.393333 387.000000 0.278417 
0.391765 391.000000 0.281295 
0.400784 368.000000 0.264748 
0.391373 392.000000 0.282014 
0.400784 368.000000 0.264748 
0.389020 398.000000 0.286331 
0.391765 391.000000 0.281295 
0.393725 386.000000 0.277698 
0.391765 391.000000 0.281295 
0.399216 372.000000 0.267626 
0.400784 368.000000 0.264748 
0.395686 381.000000 0.274101 
