8 29 47 0.025 1 0 0
8 29 47 0.05 1 0 0
8 29 47 0.075 1 0 0
8 29 47 0.1 1 0 0
8 29 47 0.125 0,999806994002999 0,0559720139930035 0,000193005997001499
8 29 47 0.15 0,990487532233883 2,75862068965517 0,00951246776611691
8 29 47 0.175 0,936895333333335 18,3003498250875 0,0631046666666666
8 29 47 0.2 0,847734752123949 44,1569215392304 0,152265247876062
8 29 47 0.225 0,784854139430286 62,392303848076 0,215145860569715
8 29 47 0.25 0,749535583708145 72,6346826586707 0,250464416291854
8 29 47 0.275 0,724523938030983 79,888055972014 0,275476061969015
8 29 47 0.3 0,700046535732133 86,9865067466267 0,299953464267866
