1.000000 0.000000 0.000000 
0.984892 21.000000 0.015108 
0.995683 6.000000 0.004317 
0.992806 10.000000 0.007194 
0.986331 19.000000 0.013669 
0.979856 28.000000 0.020144 
0.986331 19.000000 0.013669 
0.992806 10.000000 0.007194 
0.993525 9.000000 0.006475 
0.992086 11.000000 0.007914 
0.992806 10.000000 0.007194 
0.978417 30.000000 0.021583 
0.992086 11.000000 0.007914 
0.979137 29.000000 0.020863 
0.992086 11.000000 0.007914 
0.986331 19.000000 0.013669 
0.992806 10.000000 0.007194 
0.994245 8.000000 0.005755 
0.974101 36.000000 0.025899 
0.984173 22.000000 0.015827 
0.994245 8.000000 0.005755 
0.987050 18.000000 0.012950 
1.000000 0.000000 0.000000 
0.990647 13.000000 0.009353 
0.977698 31.000000 0.022302 
0.987050 18.000000 0.012950 
0.984173 22.000000 0.015827 
0.976978 32.000000 0.023022 
0.979137 29.000000 0.020863 
0.985612 20.000000 0.014388 
0.982734 24.000000 0.017266 
0.961871 53.000000 0.038129 
0.990647 13.000000 0.009353 
0.987050 18.000000 0.012950 
0.981295 26.000000 0.018705 
0.980576 27.000000 0.019424 
1.000000 0.000000 0.000000 
0.975540 34.000000 0.024460 
0.982014 25.000000 0.017986 
0.984892 21.000000 0.015108 
0.974101 36.000000 0.025899 
0.974820 35.000000 0.025180 
0.982014 25.000000 0.017986 
0.989209 15.000000 0.010791 
0.987770 17.000000 0.012230 
1.000000 0.000000 0.000000 
0.985612 20.000000 0.014388 
0.980576 27.000000 0.019424 
0.983453 23.000000 0.016547 
1.000000 0.000000 0.000000 
0.987050 18.000000 0.012950 
0.982014 25.000000 0.017986 
1.000000 0.000000 0.000000 
1.000000 0.000000 0.000000 
0.992086 11.000000 0.007914 
0.984173 22.000000 0.015827 
0.987770 17.000000 0.012230 
0.987050 18.000000 0.012950 
0.994245 8.000000 0.005755 
1.000000 0.000000 0.000000 
0.984173 22.000000 0.015827 
0.984173 22.000000 0.015827 
0.989928 14.000000 0.010072 
0.986331 19.000000 0.013669 
0.977698 31.000000 0.022302 
0.980576 27.000000 0.019424 
0.984173 22.000000 0.015827 
0.985612 20.000000 0.014388 
0.971942 39.000000 0.028058 
0.984173 22.000000 0.015827 
0.985612 20.000000 0.014388 
0.980576 27.000000 0.019424 
0.976259 33.000000 0.023741 
0.984173 22.000000 0.015827 
0.976978 32.000000 0.023022 
0.984892 21.000000 0.015108 
0.991367 12.000000 0.008633 
0.983453 23.000000 0.016547 
0.984173 22.000000 0.015827 
0.987770 17.000000 0.012230 
0.974820 35.000000 0.025180 
0.987050 18.000000 0.012950 
0.992806 10.000000 0.007194 
0.983453 23.000000 0.016547 
0.992086 11.000000 0.007914 
0.978417 30.000000 0.021583 
0.983453 23.000000 0.016547 
0.976259 33.000000 0.023741 
0.976259 33.000000 0.023741 
0.980576 27.000000 0.019424 
0.979137 29.000000 0.020863 
0.978417 30.000000 0.021583 
0.994245 8.000000 0.005755 
0.993525 9.000000 0.006475 
0.986331 19.000000 0.013669 
0.984892 21.000000 0.015108 
0.969784 42.000000 0.030216 
0.987050 18.000000 0.012950 
0.979856 28.000000 0.020144 
0.978417 30.000000 0.021583 
0.985612 20.000000 0.014388 
0.976259 33.000000 0.023741 
0.987050 18.000000 0.012950 
0.972662 38.000000 0.027338 
0.984173 22.000000 0.015827 
0.981295 26.000000 0.018705 
0.982014 25.000000 0.017986 
0.992086 11.000000 0.007914 
0.994245 8.000000 0.005755 
0.982734 24.000000 0.017266 
0.980576 27.000000 0.019424 
0.988489 16.000000 0.011511 
0.982734 24.000000 0.017266 
0.984892 21.000000 0.015108 
0.987770 17.000000 0.012230 
0.985612 20.000000 0.014388 
0.976978 32.000000 0.023022 
0.992806 10.000000 0.007194 
0.988489 16.000000 0.011511 
0.986331 19.000000 0.013669 
0.994245 8.000000 0.005755 
0.979137 29.000000 0.020863 
0.992086 11.000000 0.007914 
0.986331 19.000000 0.013669 
0.987050 18.000000 0.012950 
0.985612 20.000000 0.014388 
0.984173 22.000000 0.015827 
0.979137 29.000000 0.020863 
0.975540 34.000000 0.024460 
0.988489 16.000000 0.011511 
0.979856 28.000000 0.020144 
0.981295 26.000000 0.018705 
0.986331 19.000000 0.013669 
0.984892 21.000000 0.015108 
1.000000 0.000000 0.000000 
0.985612 20.000000 0.014388 
0.993525 9.000000 0.006475 
0.982014 25.000000 0.017986 
0.987050 18.000000 0.012950 
0.991367 12.000000 0.008633 
0.992806 10.000000 0.007194 
0.983453 23.000000 0.016547 
0.990647 13.000000 0.009353 
0.990647 13.000000 0.009353 
0.982734 24.000000 0.017266 
0.989209 15.000000 0.010791 
0.980576 27.000000 0.019424 
0.989928 14.000000 0.010072 
0.984173 22.000000 0.015827 
0.981295 26.000000 0.018705 
0.992806 10.000000 0.007194 
0.984892 21.000000 0.015108 
0.984173 22.000000 0.015827 
0.979856 28.000000 0.020144 
0.992086 11.000000 0.007914 
0.979137 29.000000 0.020863 
0.987770 17.000000 0.012230 
0.979856 28.000000 0.020144 
0.979137 29.000000 0.020863 
0.974820 35.000000 0.025180 
0.984892 21.000000 0.015108 
0.987050 18.000000 0.012950 
0.987770 17.000000 0.012230 
0.983453 23.000000 0.016547 
0.989928 14.000000 0.010072 
0.970504 41.000000 0.029496 
0.987050 18.000000 0.012950 
0.976978 32.000000 0.023022 
0.989928 14.000000 0.010072 
0.989209 15.000000 0.010791 
0.994964 7.000000 0.005036 
0.988489 16.000000 0.011511 
0.978417 30.000000 0.021583 
1.000000 0.000000 0.000000 
0.986331 19.000000 0.013669 
0.991367 12.000000 0.008633 
0.983453 23.000000 0.016547 
0.981295 26.000000 0.018705 
0.983453 23.000000 0.016547 
0.976259 33.000000 0.023741 
0.987050 18.000000 0.012950 
0.986331 19.000000 0.013669 
0.981295 26.000000 0.018705 
0.984173 22.000000 0.015827 
0.991367 12.000000 0.008633 
0.986331 19.000000 0.013669 
1.000000 0.000000 0.000000 
0.984892 21.000000 0.015108 
0.982014 25.000000 0.017986 
1.000000 0.000000 0.000000 
0.986331 19.000000 0.013669 
0.976259 33.000000 0.023741 
0.992806 10.000000 0.007194 
0.986331 19.000000 0.013669 
0.991367 12.000000 0.008633 
0.980576 27.000000 0.019424 
0.979137 29.000000 0.020863 
0.984892 21.000000 0.015108 
0.983453 23.000000 0.016547 
0.982734 24.000000 0.017266 
0.982014 25.000000 0.017986 
0.986331 19.000000 0.013669 
0.979137 29.000000 0.020863 
0.984173 22.000000 0.015827 
0.984173 22.000000 0.015827 
0.978417 30.000000 0.021583 
0.973381 37.000000 0.026619 
0.992806 10.000000 0.007194 
0.994964 7.000000 0.005036 
0.992086 11.000000 0.007914 
0.994964 7.000000 0.005036 
0.986331 19.000000 0.013669 
0.989209 15.000000 0.010791 
0.995683 6.000000 0.004317 
0.988489 16.000000 0.011511 
0.989928 14.000000 0.010072 
0.977698 31.000000 0.022302 
0.993525 9.000000 0.006475 
0.993525 9.000000 0.006475 
0.984173 22.000000 0.015827 
0.975540 34.000000 0.024460 
0.986331 19.000000 0.013669 
0.978417 30.000000 0.021583 
0.984173 22.000000 0.015827 
0.986331 19.000000 0.013669 
0.987050 18.000000 0.012950 
0.984892 21.000000 0.015108 
0.984173 22.000000 0.015827 
0.985612 20.000000 0.014388 
0.989928 14.000000 0.010072 
0.984173 22.000000 0.015827 
0.989928 14.000000 0.010072 
0.988489 16.000000 0.011511 
0.984173 22.000000 0.015827 
0.986331 19.000000 0.013669 
1.000000 0.000000 0.000000 
0.992806 10.000000 0.007194 
1.000000 0.000000 0.000000 
1.000000 0.000000 0.000000 
0.992086 11.000000 0.007914 
0.992086 11.000000 0.007914 
0.989928 14.000000 0.010072 
0.991367 12.000000 0.008633 
0.979137 29.000000 0.020863 
0.978417 30.000000 0.021583 
0.989209 15.000000 0.010791 
0.992086 11.000000 0.007914 
0.988489 16.000000 0.011511 
0.995683 6.000000 0.004317 
0.982014 25.000000 0.017986 
0.978417 30.000000 0.021583 
0.966906 46.000000 0.033094 
0.981295 26.000000 0.018705 
0.989928 14.000000 0.010072 
0.992806 10.000000 0.007194 
0.988489 16.000000 0.011511 
0.987770 17.000000 0.012230 
0.983453 23.000000 0.016547 
0.990647 13.000000 0.009353 
0.984892 21.000000 0.015108 
0.985612 20.000000 0.014388 
0.987770 17.000000 0.012230 
0.994245 8.000000 0.005755 
0.984173 22.000000 0.015827 
0.984892 21.000000 0.015108 
0.983453 23.000000 0.016547 
0.987050 18.000000 0.012950 
0.988489 16.000000 0.011511 
0.984173 22.000000 0.015827 
0.987050 18.000000 0.012950 
0.986331 19.000000 0.013669 
1.000000 0.000000 0.000000 
0.984173 22.000000 0.015827 
0.992086 11.000000 0.007914 
0.992086 11.000000 0.007914 
0.977698 31.000000 0.022302 
1.000000 0.000000 0.000000 
0.989209 15.000000 0.010791 
0.994245 8.000000 0.005755 
0.985612 20.000000 0.014388 
0.990647 13.000000 0.009353 
0.977698 31.000000 0.022302 
0.987050 18.000000 0.012950 
0.994964 7.000000 0.005036 
0.981295 26.000000 0.018705 
0.982734 24.000000 0.017266 
0.995683 6.000000 0.004317 
0.983453 23.000000 0.016547 
0.985612 20.000000 0.014388 
0.977698 31.000000 0.022302 
0.985612 20.000000 0.014388 
0.995683 6.000000 0.004317 
0.987050 18.000000 0.012950 
0.986331 19.000000 0.013669 
1.000000 0.000000 0.000000 
0.982734 24.000000 0.017266 
0.979137 29.000000 0.020863 
0.985612 20.000000 0.014388 
0.980576 27.000000 0.019424 
0.974101 36.000000 0.025899 
0.982014 25.000000 0.017986 
0.994964 7.000000 0.005036 
0.988489 16.000000 0.011511 
0.981295 26.000000 0.018705 
0.982014 25.000000 0.017986 
1.000000 0.000000 0.000000 
0.987770 17.000000 0.012230 
0.989209 15.000000 0.010791 
0.987050 18.000000 0.012950 
0.987770 17.000000 0.012230 
0.994245 8.000000 0.005755 
0.988489 16.000000 0.011511 
0.976259 33.000000 0.023741 
0.986331 19.000000 0.013669 
0.984892 21.000000 0.015108 
0.976259 33.000000 0.023741 
0.984173 22.000000 0.015827 
0.974820 35.000000 0.025180 
0.992806 10.000000 0.007194 
0.987770 17.000000 0.012230 
0.971942 39.000000 0.028058 
0.985612 20.000000 0.014388 
0.989928 14.000000 0.010072 
0.982734 24.000000 0.017266 
0.992806 10.000000 0.007194 
0.981295 26.000000 0.018705 
0.980576 27.000000 0.019424 
0.992086 11.000000 0.007914 
0.980576 27.000000 0.019424 
0.994964 7.000000 0.005036 
0.982734 24.000000 0.017266 
0.989928 14.000000 0.010072 
0.996403 5.000000 0.003597 
0.982734 24.000000 0.017266 
0.994964 7.000000 0.005036 
0.987050 18.000000 0.012950 
0.992806 10.000000 0.007194 
0.974820 35.000000 0.025180 
0.991367 12.000000 0.008633 
0.985612 20.000000 0.014388 
0.984892 21.000000 0.015108 
0.980576 27.000000 0.019424 
0.994245 8.000000 0.005755 
0.986331 19.000000 0.013669 
1.000000 0.000000 0.000000 
0.994245 8.000000 0.005755 
0.994245 8.000000 0.005755 
0.984173 22.000000 0.015827 
0.982734 24.000000 0.017266 
0.993525 9.000000 0.006475 
0.991367 12.000000 0.008633 
0.988489 16.000000 0.011511 
0.992806 10.000000 0.007194 
0.987050 18.000000 0.012950 
0.976259 33.000000 0.023741 
0.982734 24.000000 0.017266 
0.992806 10.000000 0.007194 
0.986331 19.000000 0.013669 
0.985612 20.000000 0.014388 
0.992806 10.000000 0.007194 
1.000000 0.000000 0.000000 
0.979137 29.000000 0.020863 
0.995683 6.000000 0.004317 
0.991367 12.000000 0.008633 
0.987770 17.000000 0.012230 
0.979856 28.000000 0.020144 
0.987050 18.000000 0.012950 
0.969065 43.000000 0.030935 
0.979856 28.000000 0.020144 
0.993525 9.000000 0.006475 
0.978417 30.000000 0.021583 
0.993525 9.000000 0.006475 
0.992086 11.000000 0.007914 
0.987050 18.000000 0.012950 
0.987770 17.000000 0.012230 
0.989209 15.000000 0.010791 
0.984173 22.000000 0.015827 
0.982014 25.000000 0.017986 
0.987050 18.000000 0.012950 
0.991367 12.000000 0.008633 
0.990647 13.000000 0.009353 
0.990647 13.000000 0.009353 
0.990647 13.000000 0.009353 
0.987050 18.000000 0.012950 
0.992806 10.000000 0.007194 
1.000000 0.000000 0.000000 
0.978417 30.000000 0.021583 
0.991367 12.000000 0.008633 
0.974101 36.000000 0.025899 
0.992086 11.000000 0.007914 
0.994964 7.000000 0.005036 
0.986331 19.000000 0.013669 
0.995683 6.000000 0.004317 
0.979856 28.000000 0.020144 
0.994245 8.000000 0.005755 
0.993525 9.000000 0.006475 
0.978417 30.000000 0.021583 
0.987050 18.000000 0.012950 
0.979856 28.000000 0.020144 
0.987050 18.000000 0.012950 
0.987050 18.000000 0.012950 
0.973381 37.000000 0.026619 
0.992806 10.000000 0.007194 
0.984892 21.000000 0.015108 
0.985612 20.000000 0.014388 
0.988489 16.000000 0.011511 
0.991367 12.000000 0.008633 
0.985612 20.000000 0.014388 
0.980576 27.000000 0.019424 
0.982734 24.000000 0.017266 
0.981295 26.000000 0.018705 
0.987050 18.000000 0.012950 
0.983453 23.000000 0.016547 
0.987770 17.000000 0.012230 
0.982014 25.000000 0.017986 
0.983453 23.000000 0.016547 
0.993525 9.000000 0.006475 
1.000000 0.000000 0.000000 
0.979856 28.000000 0.020144 
0.981295 26.000000 0.018705 
1.000000 0.000000 0.000000 
0.992806 10.000000 0.007194 
0.994245 8.000000 0.005755 
0.992086 11.000000 0.007914 
0.989928 14.000000 0.010072 
0.991367 12.000000 0.008633 
0.991367 12.000000 0.008633 
0.990647 13.000000 0.009353 
0.982734 24.000000 0.017266 
0.988489 16.000000 0.011511 
0.987770 17.000000 0.012230 
0.979856 28.000000 0.020144 
0.979856 28.000000 0.020144 
0.981295 26.000000 0.018705 
0.984173 22.000000 0.015827 
0.983453 23.000000 0.016547 
0.989209 15.000000 0.010791 
0.978417 30.000000 0.021583 
0.982734 24.000000 0.017266 
0.979137 29.000000 0.020863 
0.976259 33.000000 0.023741 
0.987050 18.000000 0.012950 
0.994964 7.000000 0.005036 
0.984173 22.000000 0.015827 
0.984892 21.000000 0.015108 
0.995683 6.000000 0.004317 
0.985612 20.000000 0.014388 
0.982014 25.000000 0.017986 
0.983453 23.000000 0.016547 
0.981295 26.000000 0.018705 
0.984173 22.000000 0.015827 
0.992086 11.000000 0.007914 
0.983453 23.000000 0.016547 
0.987050 18.000000 0.012950 
0.979856 28.000000 0.020144 
0.992806 10.000000 0.007194 
0.988489 16.000000 0.011511 
0.981295 26.000000 0.018705 
0.985612 20.000000 0.014388 
0.992086 11.000000 0.007914 
0.983453 23.000000 0.016547 
0.993525 9.000000 0.006475 
0.991367 12.000000 0.008633 
0.994964 7.000000 0.005036 
0.985612 20.000000 0.014388 
0.985612 20.000000 0.014388 
0.981295 26.000000 0.018705 
0.988489 16.000000 0.011511 
0.989209 15.000000 0.010791 
0.991367 12.000000 0.008633 
0.987770 17.000000 0.012230 
0.992086 11.000000 0.007914 
0.970504 41.000000 0.029496 
0.971942 39.000000 0.028058 
0.984173 22.000000 0.015827 
0.993525 9.000000 0.006475 
0.986331 19.000000 0.013669 
0.982734 24.000000 0.017266 
0.981295 26.000000 0.018705 
0.988489 16.000000 0.011511 
0.994245 8.000000 0.005755 
0.993525 9.000000 0.006475 
0.992806 10.000000 0.007194 
0.993525 9.000000 0.006475 
0.992806 10.000000 0.007194 
0.988489 16.000000 0.011511 
0.987770 17.000000 0.012230 
0.983453 23.000000 0.016547 
0.987770 17.000000 0.012230 
0.980576 27.000000 0.019424 
0.983453 23.000000 0.016547 
0.990647 13.000000 0.009353 
0.984173 22.000000 0.015827 
0.980576 27.000000 0.019424 
0.986331 19.000000 0.013669 
0.994964 7.000000 0.005036 
0.987050 18.000000 0.012950 
0.979856 28.000000 0.020144 
0.992806 10.000000 0.007194 
0.984173 22.000000 0.015827 
1.000000 0.000000 0.000000 
0.976259 33.000000 0.023741 
0.989209 15.000000 0.010791 
0.983453 23.000000 0.016547 
0.983453 23.000000 0.016547 
0.987770 17.000000 0.012230 
0.973381 37.000000 0.026619 
0.992086 11.000000 0.007914 
0.986331 19.000000 0.013669 
0.985612 20.000000 0.014388 
0.991367 12.000000 0.008633 
0.984173 22.000000 0.015827 
0.980576 27.000000 0.019424 
0.978417 30.000000 0.021583 
0.985612 20.000000 0.014388 
0.989209 15.000000 0.010791 
0.984892 21.000000 0.015108 
0.992086 11.000000 0.007914 
0.978417 30.000000 0.021583 
0.981295 26.000000 0.018705 
0.989928 14.000000 0.010072 
0.992806 10.000000 0.007194 
0.979137 29.000000 0.020863 
0.985612 20.000000 0.014388 
0.990647 13.000000 0.009353 
0.987050 18.000000 0.012950 
0.986331 19.000000 0.013669 
0.986331 19.000000 0.013669 
0.982734 24.000000 0.017266 
0.986331 19.000000 0.013669 
0.992806 10.000000 0.007194 
0.987050 18.000000 0.012950 
0.984892 21.000000 0.015108 
0.993525 9.000000 0.006475 
0.986331 19.000000 0.013669 
0.985612 20.000000 0.014388 
0.979137 29.000000 0.020863 
0.979856 28.000000 0.020144 
0.987050 18.000000 0.012950 
0.984892 21.000000 0.015108 
0.979137 29.000000 0.020863 
0.994964 7.000000 0.005036 
0.984892 21.000000 0.015108 
0.992806 10.000000 0.007194 
0.979137 29.000000 0.020863 
0.984892 21.000000 0.015108 
0.991367 12.000000 0.008633 
0.983453 23.000000 0.016547 
0.978417 30.000000 0.021583 
0.991367 12.000000 0.008633 
0.986331 19.000000 0.013669 
0.983453 23.000000 0.016547 
0.984173 22.000000 0.015827 
0.987050 18.000000 0.012950 
0.983453 23.000000 0.016547 
0.982014 25.000000 0.017986 
0.980576 27.000000 0.019424 
0.992086 11.000000 0.007914 
0.982734 24.000000 0.017266 
0.980576 27.000000 0.019424 
0.984892 21.000000 0.015108 
0.988489 16.000000 0.011511 
0.975540 34.000000 0.024460 
0.992086 11.000000 0.007914 
0.993525 9.000000 0.006475 
0.976978 32.000000 0.023022 
0.975540 34.000000 0.024460 
0.992806 10.000000 0.007194 
0.989209 15.000000 0.010791 
0.989209 15.000000 0.010791 
0.993525 9.000000 0.006475 
0.987050 18.000000 0.012950 
0.986331 19.000000 0.013669 
0.980576 27.000000 0.019424 
0.992086 11.000000 0.007914 
0.987050 18.000000 0.012950 
0.994964 7.000000 0.005036 
0.987050 18.000000 0.012950 
0.983453 23.000000 0.016547 
0.988489 16.000000 0.011511 
0.980576 27.000000 0.019424 
0.992806 10.000000 0.007194 
0.979856 28.000000 0.020144 
0.980576 27.000000 0.019424 
0.992086 11.000000 0.007914 
0.979137 29.000000 0.020863 
0.986331 19.000000 0.013669 
0.977698 31.000000 0.022302 
0.979137 29.000000 0.020863 
0.982734 24.000000 0.017266 
0.992806 10.000000 0.007194 
0.987770 17.000000 0.012230 
0.987770 17.000000 0.012230 
0.982014 25.000000 0.017986 
0.985612 20.000000 0.014388 
0.994964 7.000000 0.005036 
0.979137 29.000000 0.020863 
0.994245 8.000000 0.005755 
0.985612 20.000000 0.014388 
0.978417 30.000000 0.021583 
0.985612 20.000000 0.014388 
0.976978 32.000000 0.023022 
1.000000 0.000000 0.000000 
0.991367 12.000000 0.008633 
1.000000 0.000000 0.000000 
0.986331 19.000000 0.013669 
0.986331 19.000000 0.013669 
1.000000 0.000000 0.000000 
0.987050 18.000000 0.012950 
0.988489 16.000000 0.011511 
0.978417 30.000000 0.021583 
0.979856 28.000000 0.020144 
0.986331 19.000000 0.013669 
0.987050 18.000000 0.012950 
0.979856 28.000000 0.020144 
0.991367 12.000000 0.008633 
0.979137 29.000000 0.020863 
0.979137 29.000000 0.020863 
0.976978 32.000000 0.023022 
0.972662 38.000000 0.027338 
0.985612 20.000000 0.014388 
0.984173 22.000000 0.015827 
0.994964 7.000000 0.005036 
0.980576 27.000000 0.019424 
0.977698 31.000000 0.022302 
0.987770 17.000000 0.012230 
0.982014 25.000000 0.017986 
0.978417 30.000000 0.021583 
0.974101 36.000000 0.025899 
0.982014 25.000000 0.017986 
0.993525 9.000000 0.006475 
0.989928 14.000000 0.010072 
0.976978 32.000000 0.023022 
0.984892 21.000000 0.015108 
0.985612 20.000000 0.014388 
1.000000 0.000000 0.000000 
0.987770 17.000000 0.012230 
0.986331 19.000000 0.013669 
0.986331 19.000000 0.013669 
0.987050 18.000000 0.012950 
0.979856 28.000000 0.020144 
0.978417 30.000000 0.021583 
0.981295 26.000000 0.018705 
0.972662 38.000000 0.027338 
0.982734 24.000000 0.017266 
0.992086 11.000000 0.007914 
0.994245 8.000000 0.005755 
0.987770 17.000000 0.012230 
0.984173 22.000000 0.015827 
0.971942 39.000000 0.028058 
0.981295 26.000000 0.018705 
0.991367 12.000000 0.008633 
0.985612 20.000000 0.014388 
0.977698 31.000000 0.022302 
0.989928 14.000000 0.010072 
0.994245 8.000000 0.005755 
0.985612 20.000000 0.014388 
0.987770 17.000000 0.012230 
0.977698 31.000000 0.022302 
1.000000 0.000000 0.000000 
0.982734 24.000000 0.017266 
0.988489 16.000000 0.011511 
0.994964 7.000000 0.005036 
0.994245 8.000000 0.005755 
0.986331 19.000000 0.013669 
0.992806 10.000000 0.007194 
0.986331 19.000000 0.013669 
0.986331 19.000000 0.013669 
0.992806 10.000000 0.007194 
0.987770 17.000000 0.012230 
0.995683 6.000000 0.004317 
1.000000 0.000000 0.000000 
0.985612 20.000000 0.014388 
1.000000 0.000000 0.000000 
0.982014 25.000000 0.017986 
0.992806 10.000000 0.007194 
0.982014 25.000000 0.017986 
0.992086 11.000000 0.007914 
0.984173 22.000000 0.015827 
0.987770 17.000000 0.012230 
0.984173 22.000000 0.015827 
0.983453 23.000000 0.016547 
0.987770 17.000000 0.012230 
0.976978 32.000000 0.023022 
0.975540 34.000000 0.024460 
0.991367 12.000000 0.008633 
0.984892 21.000000 0.015108 
0.982734 24.000000 0.017266 
0.987050 18.000000 0.012950 
0.978417 30.000000 0.021583 
0.978417 30.000000 0.021583 
0.978417 30.000000 0.021583 
0.969784 42.000000 0.030216 
0.982734 24.000000 0.017266 
0.976259 33.000000 0.023741 
0.987770 17.000000 0.012230 
0.988489 16.000000 0.011511 
0.979856 28.000000 0.020144 
0.988489 16.000000 0.011511 
0.976259 33.000000 0.023741 
0.994964 7.000000 0.005036 
0.990647 13.000000 0.009353 
0.994245 8.000000 0.005755 
0.980576 27.000000 0.019424 
0.986331 19.000000 0.013669 
0.969065 43.000000 0.030935 
0.987050 18.000000 0.012950 
0.986331 19.000000 0.013669 
0.991367 12.000000 0.008633 
0.986331 19.000000 0.013669 
0.983453 23.000000 0.016547 
0.979137 29.000000 0.020863 
0.982734 24.000000 0.017266 
1.000000 0.000000 0.000000 
0.985612 20.000000 0.014388 
0.991367 12.000000 0.008633 
0.980576 27.000000 0.019424 
0.994964 7.000000 0.005036 
0.989928 14.000000 0.010072 
0.987770 17.000000 0.012230 
0.983453 23.000000 0.016547 
0.986331 19.000000 0.013669 
0.986331 19.000000 0.013669 
0.984173 22.000000 0.015827 
0.979856 28.000000 0.020144 
0.992806 10.000000 0.007194 
0.976259 33.000000 0.023741 
0.980576 27.000000 0.019424 
0.992086 11.000000 0.007914 
0.976259 33.000000 0.023741 
0.980576 27.000000 0.019424 
0.980576 27.000000 0.019424 
0.978417 30.000000 0.021583 
0.987770 17.000000 0.012230 
0.982014 25.000000 0.017986 
0.988489 16.000000 0.011511 
0.980576 27.000000 0.019424 
0.975540 34.000000 0.024460 
0.991367 12.000000 0.008633 
0.971942 39.000000 0.028058 
0.991367 12.000000 0.008633 
0.992086 11.000000 0.007914 
0.993525 9.000000 0.006475 
0.970504 41.000000 0.029496 
0.988489 16.000000 0.011511 
0.994245 8.000000 0.005755 
0.982014 25.000000 0.017986 
0.990647 13.000000 0.009353 
0.991367 12.000000 0.008633 
0.983453 23.000000 0.016547 
0.979856 28.000000 0.020144 
0.979856 28.000000 0.020144 
0.982014 25.000000 0.017986 
0.983453 23.000000 0.016547 
1.000000 0.000000 0.000000 
1.000000 0.000000 0.000000 
0.976978 32.000000 0.023022 
0.981295 26.000000 0.018705 
0.989928 14.000000 0.010072 
0.977698 31.000000 0.022302 
0.982014 25.000000 0.017986 
0.991367 12.000000 0.008633 
0.986331 19.000000 0.013669 
0.971942 39.000000 0.028058 
0.980576 27.000000 0.019424 
0.994245 8.000000 0.005755 
0.988489 16.000000 0.011511 
0.994245 8.000000 0.005755 
0.994245 8.000000 0.005755 
0.990647 13.000000 0.009353 
0.979856 28.000000 0.020144 
0.993525 9.000000 0.006475 
0.987770 17.000000 0.012230 
0.987770 17.000000 0.012230 
0.981295 26.000000 0.018705 
0.990647 13.000000 0.009353 
0.987050 18.000000 0.012950 
0.979137 29.000000 0.020863 
0.984173 22.000000 0.015827 
0.985612 20.000000 0.014388 
0.987050 18.000000 0.012950 
0.989209 15.000000 0.010791 
0.980576 27.000000 0.019424 
0.987770 17.000000 0.012230 
0.984892 21.000000 0.015108 
0.985612 20.000000 0.014388 
0.992806 10.000000 0.007194 
0.967626 45.000000 0.032374 
1.000000 0.000000 0.000000 
0.981295 26.000000 0.018705 
0.984892 21.000000 0.015108 
0.991367 12.000000 0.008633 
0.987770 17.000000 0.012230 
0.980576 27.000000 0.019424 
0.974820 35.000000 0.025180 
0.982734 24.000000 0.017266 
0.982734 24.000000 0.017266 
0.987050 18.000000 0.012950 
0.976978 32.000000 0.023022 
1.000000 0.000000 0.000000 
0.981295 26.000000 0.018705 
0.980576 27.000000 0.019424 
0.978417 30.000000 0.021583 
0.988489 16.000000 0.011511 
0.980576 27.000000 0.019424 
0.990647 13.000000 0.009353 
0.995683 6.000000 0.004317 
0.994245 8.000000 0.005755 
0.985612 20.000000 0.014388 
0.984892 21.000000 0.015108 
0.992806 10.000000 0.007194 
0.986331 19.000000 0.013669 
0.988489 16.000000 0.011511 
0.984173 22.000000 0.015827 
0.992086 11.000000 0.007914 
0.979856 28.000000 0.020144 
0.979137 29.000000 0.020863 
0.985612 20.000000 0.014388 
0.983453 23.000000 0.016547 
0.983453 23.000000 0.016547 
0.993525 9.000000 0.006475 
0.993525 9.000000 0.006475 
0.981295 26.000000 0.018705 
0.992086 11.000000 0.007914 
0.982734 24.000000 0.017266 
1.000000 0.000000 0.000000 
1.000000 0.000000 0.000000 
0.992086 11.000000 0.007914 
0.986331 19.000000 0.013669 
0.994245 8.000000 0.005755 
0.978417 30.000000 0.021583 
0.990647 13.000000 0.009353 
0.990647 13.000000 0.009353 
0.981295 26.000000 0.018705 
0.992806 10.000000 0.007194 
0.993525 9.000000 0.006475 
0.980576 27.000000 0.019424 
0.987770 17.000000 0.012230 
0.977698 31.000000 0.022302 
0.970504 41.000000 0.029496 
0.985612 20.000000 0.014388 
0.982014 25.000000 0.017986 
0.982734 24.000000 0.017266 
0.992086 11.000000 0.007914 
0.977698 31.000000 0.022302 
0.985612 20.000000 0.014388 
0.979137 29.000000 0.020863 
0.988489 16.000000 0.011511 
0.982734 24.000000 0.017266 
0.982014 25.000000 0.017986 
0.975540 34.000000 0.024460 
0.984892 21.000000 0.015108 
0.974101 36.000000 0.025899 
0.974820 35.000000 0.025180 
0.988489 16.000000 0.011511 
0.993525 9.000000 0.006475 
0.982014 25.000000 0.017986 
0.987770 17.000000 0.012230 
0.992806 10.000000 0.007194 
0.971942 39.000000 0.028058 
1.000000 0.000000 0.000000 
0.980576 27.000000 0.019424 
0.978417 30.000000 0.021583 
0.983453 23.000000 0.016547 
0.993525 9.000000 0.006475 
0.984892 21.000000 0.015108 
0.983453 23.000000 0.016547 
0.988489 16.000000 0.011511 
0.988489 16.000000 0.011511 
0.984892 21.000000 0.015108 
0.984173 22.000000 0.015827 
0.985612 20.000000 0.014388 
0.984173 22.000000 0.015827 
0.986331 19.000000 0.013669 
0.981295 26.000000 0.018705 
0.987770 17.000000 0.012230 
1.000000 0.000000 0.000000 
0.992086 11.000000 0.007914 
0.993525 9.000000 0.006475 
0.992086 11.000000 0.007914 
0.994245 8.000000 0.005755 
0.986331 19.000000 0.013669 
0.976978 32.000000 0.023022 
0.996403 5.000000 0.003597 
0.985612 20.000000 0.014388 
0.992086 11.000000 0.007914 
0.977698 31.000000 0.022302 
0.979137 29.000000 0.020863 
0.989928 14.000000 0.010072 
0.993525 9.000000 0.006475 
0.979137 29.000000 0.020863 
0.987050 18.000000 0.012950 
0.984892 21.000000 0.015108 
1.000000 0.000000 0.000000 
0.994245 8.000000 0.005755 
0.992806 10.000000 0.007194 
0.987770 17.000000 0.012230 
0.994964 7.000000 0.005036 
0.993525 9.000000 0.006475 
0.979137 29.000000 0.020863 
0.980576 27.000000 0.019424 
0.984892 21.000000 0.015108 
0.987050 18.000000 0.012950 
0.987770 17.000000 0.012230 
0.972662 38.000000 0.027338 
0.992086 11.000000 0.007914 
0.986331 19.000000 0.013669 
0.994245 8.000000 0.005755 
0.989928 14.000000 0.010072 
0.982014 25.000000 0.017986 
0.982734 24.000000 0.017266 
0.987050 18.000000 0.012950 
0.984173 22.000000 0.015827 
0.993525 9.000000 0.006475 
0.989928 14.000000 0.010072 
0.986331 19.000000 0.013669 
0.993525 9.000000 0.006475 
0.981295 26.000000 0.018705 
0.987050 18.000000 0.012950 
0.987770 17.000000 0.012230 
0.989928 14.000000 0.010072 
0.987050 18.000000 0.012950 
0.982734 24.000000 0.017266 
0.989928 14.000000 0.010072 
0.988489 16.000000 0.011511 
0.986331 19.000000 0.013669 
0.987050 18.000000 0.012950 
0.992086 11.000000 0.007914 
0.983453 23.000000 0.016547 
0.994245 8.000000 0.005755 
0.979856 28.000000 0.020144 
0.979137 29.000000 0.020863 
0.984173 22.000000 0.015827 
0.982014 25.000000 0.017986 
0.984173 22.000000 0.015827 
0.985612 20.000000 0.014388 
0.993525 9.000000 0.006475 
0.984892 21.000000 0.015108 
0.988489 16.000000 0.011511 
1.000000 0.000000 0.000000 
0.977698 31.000000 0.022302 
0.985612 20.000000 0.014388 
0.979137 29.000000 0.020863 
0.987770 17.000000 0.012230 
0.980576 27.000000 0.019424 
0.992806 10.000000 0.007194 
0.986331 19.000000 0.013669 
0.989928 14.000000 0.010072 
0.975540 34.000000 0.024460 
0.991367 12.000000 0.008633 
0.981295 26.000000 0.018705 
1.000000 0.000000 0.000000 
0.982014 25.000000 0.017986 
0.987770 17.000000 0.012230 
0.984173 22.000000 0.015827 
1.000000 0.000000 0.000000 
0.983453 23.000000 0.016547 
0.987050 18.000000 0.012950 
0.996403 5.000000 0.003597 
1.000000 0.000000 0.000000 
0.985612 20.000000 0.014388 
0.984892 21.000000 0.015108 
0.975540 34.000000 0.024460 
0.985612 20.000000 0.014388 
0.991367 12.000000 0.008633 
0.990647 13.000000 0.009353 
0.968345 44.000000 0.031655 
0.979137 29.000000 0.020863 
0.976978 32.000000 0.023022 
0.983453 23.000000 0.016547 
0.985612 20.000000 0.014388 
0.979137 29.000000 0.020863 
0.987770 17.000000 0.012230 
0.992806 10.000000 0.007194 
0.978417 30.000000 0.021583 
0.977698 31.000000 0.022302 
0.983453 23.000000 0.016547 
0.981295 26.000000 0.018705 
0.974820 35.000000 0.025180 
0.982734 24.000000 0.017266 
0.987770 17.000000 0.012230 
0.979856 28.000000 0.020144 
0.989928 14.000000 0.010072 
0.990647 13.000000 0.009353 
0.987050 18.000000 0.012950 
1.000000 0.000000 0.000000 
0.979856 28.000000 0.020144 
1.000000 0.000000 0.000000 
0.993525 9.000000 0.006475 
0.984892 21.000000 0.015108 
0.987050 18.000000 0.012950 
0.984892 21.000000 0.015108 
0.989209 15.000000 0.010791 
0.993525 9.000000 0.006475 
1.000000 0.000000 0.000000 
0.976978 32.000000 0.023022 
0.995683 6.000000 0.004317 
0.985612 20.000000 0.014388 
0.987050 18.000000 0.012950 
0.982734 24.000000 0.017266 
0.984173 22.000000 0.015827 
0.977698 31.000000 0.022302 
0.987050 18.000000 0.012950 
0.987770 17.000000 0.012230 
0.987050 18.000000 0.012950 
0.991367 12.000000 0.008633 
0.982734 24.000000 0.017266 
0.990647 13.000000 0.009353 
0.978417 30.000000 0.021583 
0.976978 32.000000 0.023022 
0.994245 8.000000 0.005755 
0.978417 30.000000 0.021583 
0.993525 9.000000 0.006475 
0.984892 21.000000 0.015108 
0.991367 12.000000 0.008633 
0.984173 22.000000 0.015827 
0.976978 32.000000 0.023022 
0.975540 34.000000 0.024460 
0.982014 25.000000 0.017986 
0.984173 22.000000 0.015827 
0.981295 26.000000 0.018705 
0.990647 13.000000 0.009353 
0.984892 21.000000 0.015108 
0.987770 17.000000 0.012230 
0.986331 19.000000 0.013669 
0.993525 9.000000 0.006475 
0.985612 20.000000 0.014388 
0.992086 11.000000 0.007914 
0.984173 22.000000 0.015827 
0.984892 21.000000 0.015108 
0.992086 11.000000 0.007914 
0.992806 10.000000 0.007194 
0.982014 25.000000 0.017986 
0.983453 23.000000 0.016547 
0.971942 39.000000 0.028058 
0.994245 8.000000 0.005755 
0.991367 12.000000 0.008633 
0.990647 13.000000 0.009353 
0.984173 22.000000 0.015827 
0.993525 9.000000 0.006475 
0.988489 16.000000 0.011511 
0.979137 29.000000 0.020863 
0.977698 31.000000 0.022302 
0.983453 23.000000 0.016547 
0.993525 9.000000 0.006475 
0.981295 26.000000 0.018705 
0.979137 29.000000 0.020863 
0.982734 24.000000 0.017266 
0.993525 9.000000 0.006475 
0.983453 23.000000 0.016547 
0.989928 14.000000 0.010072 
0.980576 27.000000 0.019424 
0.982734 24.000000 0.017266 
0.996403 5.000000 0.003597 
0.978417 30.000000 0.021583 
0.983453 23.000000 0.016547 
0.981295 26.000000 0.018705 
0.995683 6.000000 0.004317 
0.992806 10.000000 0.007194 
0.984173 22.000000 0.015827 
0.991367 12.000000 0.008633 
1.000000 0.000000 0.000000 
0.990647 13.000000 0.009353 
0.990647 13.000000 0.009353 
0.984173 22.000000 0.015827 
0.994245 8.000000 0.005755 
0.993525 9.000000 0.006475 
0.994245 8.000000 0.005755 
0.995683 6.000000 0.004317 
0.992086 11.000000 0.007914 
0.982014 25.000000 0.017986 
0.980576 27.000000 0.019424 
0.991367 12.000000 0.008633 
0.991367 12.000000 0.008633 
1.000000 0.000000 0.000000 
0.986331 19.000000 0.013669 
0.990647 13.000000 0.009353 
0.983453 23.000000 0.016547 
0.984892 21.000000 0.015108 
0.988489 16.000000 0.011511 
0.984173 22.000000 0.015827 
0.987770 17.000000 0.012230 
0.985612 20.000000 0.014388 
0.975540 34.000000 0.024460 
0.987770 17.000000 0.012230 
0.984892 21.000000 0.015108 
0.987050 18.000000 0.012950 
0.986331 19.000000 0.013669 
0.988489 16.000000 0.011511 
0.978417 30.000000 0.021583 
0.984173 22.000000 0.015827 
0.994245 8.000000 0.005755 
0.970504 41.000000 0.029496 
0.981295 26.000000 0.018705 
0.991367 12.000000 0.008633 
1.000000 0.000000 0.000000 
0.992806 10.000000 0.007194 
0.982734 24.000000 0.017266 
0.985612 20.000000 0.014388 
0.985612 20.000000 0.014388 
0.992806 10.000000 0.007194 
0.987050 18.000000 0.012950 
0.988489 16.000000 0.011511 
0.993525 9.000000 0.006475 
0.988489 16.000000 0.011511 
0.985612 20.000000 0.014388 
0.979856 28.000000 0.020144 
0.987050 18.000000 0.012950 
0.985612 20.000000 0.014388 
0.985612 20.000000 0.014388 
0.985612 20.000000 0.014388 
0.979137 29.000000 0.020863 
0.977698 31.000000 0.022302 
0.987050 18.000000 0.012950 
0.979856 28.000000 0.020144 
0.981295 26.000000 0.018705 
0.991367 12.000000 0.008633 
0.994964 7.000000 0.005036 
0.990647 13.000000 0.009353 
0.987770 17.000000 0.012230 
0.992086 11.000000 0.007914 
0.986331 19.000000 0.013669 
0.984892 21.000000 0.015108 
0.983453 23.000000 0.016547 
0.977698 31.000000 0.022302 
0.989209 15.000000 0.010791 
0.977698 31.000000 0.022302 
0.993525 9.000000 0.006475 
0.989209 15.000000 0.010791 
0.986331 19.000000 0.013669 
0.989209 15.000000 0.010791 
0.981295 26.000000 0.018705 
0.992086 11.000000 0.007914 
0.984173 22.000000 0.015827 
0.989209 15.000000 0.010791 
0.980576 27.000000 0.019424 
0.992086 11.000000 0.007914 
0.977698 31.000000 0.022302 
0.974820 35.000000 0.025180 
0.984892 21.000000 0.015108 
0.987770 17.000000 0.012230 
0.991367 12.000000 0.008633 
0.977698 31.000000 0.022302 
0.988489 16.000000 0.011511 
0.987770 17.000000 0.012230 
0.987770 17.000000 0.012230 
0.989209 15.000000 0.010791 
0.994245 8.000000 0.005755 
0.982734 24.000000 0.017266 
0.993525 9.000000 0.006475 
0.984892 21.000000 0.015108 
0.984892 21.000000 0.015108 
0.976978 32.000000 0.023022 
0.988489 16.000000 0.011511 
0.987770 17.000000 0.012230 
0.984173 22.000000 0.015827 
1.000000 0.000000 0.000000 
0.987050 18.000000 0.012950 
0.989209 15.000000 0.010791 
0.989928 14.000000 0.010072 
0.987050 18.000000 0.012950 
0.987050 18.000000 0.012950 
0.992806 10.000000 0.007194 
1.000000 0.000000 0.000000 
0.994245 8.000000 0.005755 
0.974101 36.000000 0.025899 
0.994245 8.000000 0.005755 
0.988489 16.000000 0.011511 
0.987050 18.000000 0.012950 
0.984173 22.000000 0.015827 
0.984892 21.000000 0.015108 
0.984892 21.000000 0.015108 
0.976978 32.000000 0.023022 
0.987050 18.000000 0.012950 
0.975540 34.000000 0.024460 
0.969065 43.000000 0.030935 
0.974820 35.000000 0.025180 
0.990647 13.000000 0.009353 
0.982014 25.000000 0.017986 
0.971942 39.000000 0.028058 
0.990647 13.000000 0.009353 
0.986331 19.000000 0.013669 
0.984892 21.000000 0.015108 
0.992086 11.000000 0.007914 
0.992806 10.000000 0.007194 
0.986331 19.000000 0.013669 
0.982014 25.000000 0.017986 
0.991367 12.000000 0.008633 
0.986331 19.000000 0.013669 
0.987770 17.000000 0.012230 
0.985612 20.000000 0.014388 
0.986331 19.000000 0.013669 
0.981295 26.000000 0.018705 
0.985612 20.000000 0.014388 
0.983453 23.000000 0.016547 
0.997122 4.000000 0.002878 
0.980576 27.000000 0.019424 
0.979137 29.000000 0.020863 
0.994964 7.000000 0.005036 
0.995683 6.000000 0.004317 
0.991367 12.000000 0.008633 
0.992086 11.000000 0.007914 
0.992806 10.000000 0.007194 
1.000000 0.000000 0.000000 
0.980576 27.000000 0.019424 
0.988489 16.000000 0.011511 
0.982734 24.000000 0.017266 
0.991367 12.000000 0.008633 
0.995683 6.000000 0.004317 
0.982734 24.000000 0.017266 
0.981295 26.000000 0.018705 
0.980576 27.000000 0.019424 
0.987770 17.000000 0.012230 
0.993525 9.000000 0.006475 
0.995683 6.000000 0.004317 
0.982014 25.000000 0.017986 
0.976259 33.000000 0.023741 
0.986331 19.000000 0.013669 
0.982734 24.000000 0.017266 
0.987050 18.000000 0.012950 
0.994245 8.000000 0.005755 
0.971223 40.000000 0.028777 
0.978417 30.000000 0.021583 
0.982014 25.000000 0.017986 
0.993525 9.000000 0.006475 
0.979856 28.000000 0.020144 
0.993525 9.000000 0.006475 
0.986331 19.000000 0.013669 
0.995683 6.000000 0.004317 
0.980576 27.000000 0.019424 
0.986331 19.000000 0.013669 
0.994245 8.000000 0.005755 
0.985612 20.000000 0.014388 
0.984892 21.000000 0.015108 
0.976978 32.000000 0.023022 
0.969784 42.000000 0.030216 
0.980576 27.000000 0.019424 
0.973381 37.000000 0.026619 
0.974101 36.000000 0.025899 
0.977698 31.000000 0.022302 
0.987770 17.000000 0.012230 
0.992806 10.000000 0.007194 
0.982734 24.000000 0.017266 
0.982734 24.000000 0.017266 
0.986331 19.000000 0.013669 
0.984892 21.000000 0.015108 
0.982734 24.000000 0.017266 
0.991367 12.000000 0.008633 
0.984173 22.000000 0.015827 
0.978417 30.000000 0.021583 
0.985612 20.000000 0.014388 
0.986331 19.000000 0.013669 
0.980576 27.000000 0.019424 
0.978417 30.000000 0.021583 
0.989209 15.000000 0.010791 
0.986331 19.000000 0.013669 
0.985612 20.000000 0.014388 
0.994245 8.000000 0.005755 
0.978417 30.000000 0.021583 
0.981295 26.000000 0.018705 
0.994245 8.000000 0.005755 
0.989209 15.000000 0.010791 
0.978417 30.000000 0.021583 
0.993525 9.000000 0.006475 
0.993525 9.000000 0.006475 
0.984892 21.000000 0.015108 
0.983453 23.000000 0.016547 
0.988489 16.000000 0.011511 
0.979137 29.000000 0.020863 
0.984892 21.000000 0.015108 
0.974101 36.000000 0.025899 
0.992086 11.000000 0.007914 
0.984892 21.000000 0.015108 
0.988489 16.000000 0.011511 
0.976978 32.000000 0.023022 
0.982734 24.000000 0.017266 
0.986331 19.000000 0.013669 
0.993525 9.000000 0.006475 
0.988489 16.000000 0.011511 
0.979137 29.000000 0.020863 
0.992806 10.000000 0.007194 
0.990647 13.000000 0.009353 
0.975540 34.000000 0.024460 
0.993525 9.000000 0.006475 
0.987050 18.000000 0.012950 
0.987770 17.000000 0.012230 
0.986331 19.000000 0.013669 
0.974820 35.000000 0.025180 
0.984173 22.000000 0.015827 
0.978417 30.000000 0.021583 
0.984892 21.000000 0.015108 
0.993525 9.000000 0.006475 
0.977698 31.000000 0.022302 
0.994964 7.000000 0.005036 
0.993525 9.000000 0.006475 
0.989209 15.000000 0.010791 
0.992806 10.000000 0.007194 
0.983453 23.000000 0.016547 
0.983453 23.000000 0.016547 
0.987770 17.000000 0.012230 
0.994964 7.000000 0.005036 
0.986331 19.000000 0.013669 
0.994245 8.000000 0.005755 
0.977698 31.000000 0.022302 
1.000000 0.000000 0.000000 
0.978417 30.000000 0.021583 
0.982014 25.000000 0.017986 
1.000000 0.000000 0.000000 
0.993525 9.000000 0.006475 
0.993525 9.000000 0.006475 
0.992806 10.000000 0.007194 
0.985612 20.000000 0.014388 
0.990647 13.000000 0.009353 
0.981295 26.000000 0.018705 
0.984173 22.000000 0.015827 
0.990647 13.000000 0.009353 
0.988489 16.000000 0.011511 
0.989209 15.000000 0.010791 
0.987050 18.000000 0.012950 
0.986331 19.000000 0.013669 
0.988489 16.000000 0.011511 
0.984892 21.000000 0.015108 
0.988489 16.000000 0.011511 
0.982014 25.000000 0.017986 
0.970504 41.000000 0.029496 
0.988489 16.000000 0.011511 
0.984173 22.000000 0.015827 
1.000000 0.000000 0.000000 
0.982014 25.000000 0.017986 
0.976259 33.000000 0.023741 
0.991367 12.000000 0.008633 
0.989928 14.000000 0.010072 
0.993525 9.000000 0.006475 
0.974820 35.000000 0.025180 
0.992806 10.000000 0.007194 
0.984173 22.000000 0.015827 
0.992806 10.000000 0.007194 
0.977698 31.000000 0.022302 
0.978417 30.000000 0.021583 
0.982014 25.000000 0.017986 
0.979137 29.000000 0.020863 
0.979856 28.000000 0.020144 
0.995683 6.000000 0.004317 
0.978417 30.000000 0.021583 
0.989209 15.000000 0.010791 
0.987050 18.000000 0.012950 
0.984892 21.000000 0.015108 
0.986331 19.000000 0.013669 
0.978417 30.000000 0.021583 
0.994245 8.000000 0.005755 
0.987770 17.000000 0.012230 
0.986331 19.000000 0.013669 
0.993525 9.000000 0.006475 
1.000000 0.000000 0.000000 
0.979137 29.000000 0.020863 
0.987050 18.000000 0.012950 
0.986331 19.000000 0.013669 
0.989209 15.000000 0.010791 
0.986331 19.000000 0.013669 
0.987050 18.000000 0.012950 
0.992806 10.000000 0.007194 
0.984892 21.000000 0.015108 
0.979856 28.000000 0.020144 
0.984173 22.000000 0.015827 
0.979137 29.000000 0.020863 
0.988489 16.000000 0.011511 
0.978417 30.000000 0.021583 
0.984892 21.000000 0.015108 
0.987050 18.000000 0.012950 
0.987050 18.000000 0.012950 
0.986331 19.000000 0.013669 
0.984892 21.000000 0.015108 
0.989928 14.000000 0.010072 
0.988489 16.000000 0.011511 
0.986331 19.000000 0.013669 
0.982014 25.000000 0.017986 
0.975540 34.000000 0.024460 
0.984892 21.000000 0.015108 
0.979137 29.000000 0.020863 
0.977698 31.000000 0.022302 
0.992086 11.000000 0.007914 
0.972662 38.000000 0.027338 
0.992086 11.000000 0.007914 
0.979856 28.000000 0.020144 
0.986331 19.000000 0.013669 
0.989209 15.000000 0.010791 
0.988489 16.000000 0.011511 
0.991367 12.000000 0.008633 
0.992086 11.000000 0.007914 
0.996403 5.000000 0.003597 
0.974820 35.000000 0.025180 
0.990647 13.000000 0.009353 
0.994245 8.000000 0.005755 
0.987770 17.000000 0.012230 
0.987770 17.000000 0.012230 
0.982734 24.000000 0.017266 
0.983453 23.000000 0.016547 
0.974101 36.000000 0.025899 
0.984173 22.000000 0.015827 
0.984173 22.000000 0.015827 
0.989928 14.000000 0.010072 
0.986331 19.000000 0.013669 
0.992806 10.000000 0.007194 
0.975540 34.000000 0.024460 
0.984173 22.000000 0.015827 
0.982734 24.000000 0.017266 
0.976978 32.000000 0.023022 
0.979856 28.000000 0.020144 
0.982734 24.000000 0.017266 
0.981295 26.000000 0.018705 
0.984892 21.000000 0.015108 
0.989928 14.000000 0.010072 
0.987770 17.000000 0.012230 
0.984173 22.000000 0.015827 
0.985612 20.000000 0.014388 
0.979137 29.000000 0.020863 
0.994245 8.000000 0.005755 
0.978417 30.000000 0.021583 
0.986331 19.000000 0.013669 
0.992806 10.000000 0.007194 
0.993525 9.000000 0.006475 
0.987050 18.000000 0.012950 
0.989928 14.000000 0.010072 
0.987770 17.000000 0.012230 
0.984892 21.000000 0.015108 
0.991367 12.000000 0.008633 
0.993525 9.000000 0.006475 
0.987770 17.000000 0.012230 
1.000000 0.000000 0.000000 
0.994245 8.000000 0.005755 
0.988489 16.000000 0.011511 
0.984173 22.000000 0.015827 
0.982734 24.000000 0.017266 
0.989209 15.000000 0.010791 
0.974820 35.000000 0.025180 
0.984892 21.000000 0.015108 
0.984173 22.000000 0.015827 
0.983453 23.000000 0.016547 
0.994245 8.000000 0.005755 
0.974101 36.000000 0.025899 
0.989209 15.000000 0.010791 
0.971223 40.000000 0.028777 
0.981295 26.000000 0.018705 
0.992086 11.000000 0.007914 
0.979137 29.000000 0.020863 
0.977698 31.000000 0.022302 
0.980576 27.000000 0.019424 
0.985612 20.000000 0.014388 
0.992086 11.000000 0.007914 
0.976259 33.000000 0.023741 
0.988489 16.000000 0.011511 
0.983453 23.000000 0.016547 
0.976978 32.000000 0.023022 
0.987770 17.000000 0.012230 
1.000000 0.000000 0.000000 
0.987770 17.000000 0.012230 
0.987050 18.000000 0.012950 
0.986331 19.000000 0.013669 
0.980576 27.000000 0.019424 
0.984892 21.000000 0.015108 
0.989928 14.000000 0.010072 
0.979856 28.000000 0.020144 
0.986331 19.000000 0.013669 
0.986331 19.000000 0.013669 
0.981295 26.000000 0.018705 
0.974101 36.000000 0.025899 
0.985612 20.000000 0.014388 
0.981295 26.000000 0.018705 
0.979137 29.000000 0.020863 
0.973381 37.000000 0.026619 
0.993525 9.000000 0.006475 
0.994964 7.000000 0.005036 
0.984173 22.000000 0.015827 
0.987050 18.000000 0.012950 
0.987770 17.000000 0.012230 
0.983453 23.000000 0.016547 
0.992806 10.000000 0.007194 
0.984892 21.000000 0.015108 
0.987050 18.000000 0.012950 
0.987050 18.000000 0.012950 
0.986331 19.000000 0.013669 
0.992806 10.000000 0.007194 
0.985612 20.000000 0.014388 
0.986331 19.000000 0.013669 
0.979856 28.000000 0.020144 
0.988489 16.000000 0.011511 
0.990647 13.000000 0.009353 
0.993525 9.000000 0.006475 
0.976259 33.000000 0.023741 
0.990647 13.000000 0.009353 
0.982734 24.000000 0.017266 
0.988489 16.000000 0.011511 
0.976259 33.000000 0.023741 
0.989209 15.000000 0.010791 
0.992086 11.000000 0.007914 
0.984892 21.000000 0.015108 
0.993525 9.000000 0.006475 
0.992806 10.000000 0.007194 
0.984892 21.000000 0.015108 
0.992806 10.000000 0.007194 
0.984892 21.000000 0.015108 
0.978417 30.000000 0.021583 
0.987770 17.000000 0.012230 
0.987770 17.000000 0.012230 
1.000000 0.000000 0.000000 
0.985612 20.000000 0.014388 
0.985612 20.000000 0.014388 
0.981295 26.000000 0.018705 
0.975540 34.000000 0.024460 
0.979856 28.000000 0.020144 
0.979137 29.000000 0.020863 
0.992086 11.000000 0.007914 
0.977698 31.000000 0.022302 
0.985612 20.000000 0.014388 
0.985612 20.000000 0.014388 
0.992806 10.000000 0.007194 
0.994964 7.000000 0.005036 
0.987050 18.000000 0.012950 
0.988489 16.000000 0.011511 
0.979856 28.000000 0.020144 
0.985612 20.000000 0.014388 
0.990647 13.000000 0.009353 
0.994245 8.000000 0.005755 
0.980576 27.000000 0.019424 
0.979137 29.000000 0.020863 
0.976978 32.000000 0.023022 
0.993525 9.000000 0.006475 
0.991367 12.000000 0.008633 
0.992806 10.000000 0.007194 
0.976259 33.000000 0.023741 
0.985612 20.000000 0.014388 
0.979137 29.000000 0.020863 
0.987770 17.000000 0.012230 
0.994964 7.000000 0.005036 
0.987770 17.000000 0.012230 
0.979856 28.000000 0.020144 
0.994964 7.000000 0.005036 
0.983453 23.000000 0.016547 
0.988489 16.000000 0.011511 
0.988489 16.000000 0.011511 
0.988489 16.000000 0.011511 
0.994245 8.000000 0.005755 
0.982734 24.000000 0.017266 
0.985612 20.000000 0.014388 
0.979137 29.000000 0.020863 
0.976259 33.000000 0.023741 
1.000000 0.000000 0.000000 
0.986331 19.000000 0.013669 
0.981295 26.000000 0.018705 
0.988489 16.000000 0.011511 
0.988489 16.000000 0.011511 
0.991367 12.000000 0.008633 
0.974101 36.000000 0.025899 
0.978417 30.000000 0.021583 
1.000000 0.000000 0.000000 
0.993525 9.000000 0.006475 
0.987770 17.000000 0.012230 
0.984173 22.000000 0.015827 
0.986331 19.000000 0.013669 
0.984173 22.000000 0.015827 
0.993525 9.000000 0.006475 
0.994245 8.000000 0.005755 
0.975540 34.000000 0.024460 
0.982734 24.000000 0.017266 
0.985612 20.000000 0.014388 
0.986331 19.000000 0.013669 
0.982734 24.000000 0.017266 
1.000000 0.000000 0.000000 
0.991367 12.000000 0.008633 
0.984892 21.000000 0.015108 
1.000000 0.000000 0.000000 
0.982014 25.000000 0.017986 
0.987050 18.000000 0.012950 
0.984173 22.000000 0.015827 
0.988489 16.000000 0.011511 
0.991367 12.000000 0.008633 
0.992806 10.000000 0.007194 
0.984173 22.000000 0.015827 
0.984892 21.000000 0.015108 
0.992086 11.000000 0.007914 
0.981295 26.000000 0.018705 
0.989209 15.000000 0.010791 
0.980576 27.000000 0.019424 
0.989928 14.000000 0.010072 
0.979856 28.000000 0.020144 
0.987770 17.000000 0.012230 
0.989209 15.000000 0.010791 
0.987050 18.000000 0.012950 
0.992806 10.000000 0.007194 
0.976978 32.000000 0.023022 
0.981295 26.000000 0.018705 
0.983453 23.000000 0.016547 
0.981295 26.000000 0.018705 
0.994964 7.000000 0.005036 
0.988489 16.000000 0.011511 
0.975540 34.000000 0.024460 
0.986331 19.000000 0.013669 
1.000000 0.000000 0.000000 
0.988489 16.000000 0.011511 
0.994245 8.000000 0.005755 
0.980576 27.000000 0.019424 
0.984892 21.000000 0.015108 
0.994964 7.000000 0.005036 
0.985612 20.000000 0.014388 
0.978417 30.000000 0.021583 
0.994245 8.000000 0.005755 
0.994964 7.000000 0.005036 
0.979137 29.000000 0.020863 
0.983453 23.000000 0.016547 
0.989209 15.000000 0.010791 
0.985612 20.000000 0.014388 
0.986331 19.000000 0.013669 
0.991367 12.000000 0.008633 
0.993525 9.000000 0.006475 
0.984173 22.000000 0.015827 
0.986331 19.000000 0.013669 
0.984173 22.000000 0.015827 
0.976259 33.000000 0.023741 
0.987050 18.000000 0.012950 
0.975540 34.000000 0.024460 
0.987770 17.000000 0.012230 
0.976978 32.000000 0.023022 
0.986331 19.000000 0.013669 
0.984173 22.000000 0.015827 
0.994964 7.000000 0.005036 
0.983453 23.000000 0.016547 
0.982014 25.000000 0.017986 
0.974820 35.000000 0.025180 
0.993525 9.000000 0.006475 
0.994245 8.000000 0.005755 
0.991367 12.000000 0.008633 
0.983453 23.000000 0.016547 
0.986331 19.000000 0.013669 
0.982734 24.000000 0.017266 
0.992806 10.000000 0.007194 
0.991367 12.000000 0.008633 
0.984892 21.000000 0.015108 
1.000000 0.000000 0.000000 
0.994245 8.000000 0.005755 
0.994245 8.000000 0.005755 
0.996403 5.000000 0.003597 
0.989209 15.000000 0.010791 
0.982734 24.000000 0.017266 
0.984892 21.000000 0.015108 
0.988489 16.000000 0.011511 
0.979856 28.000000 0.020144 
0.987770 17.000000 0.012230 
0.991367 12.000000 0.008633 
0.994245 8.000000 0.005755 
0.984892 21.000000 0.015108 
0.984892 21.000000 0.015108 
0.992086 11.000000 0.007914 
0.991367 12.000000 0.008633 
0.989928 14.000000 0.010072 
0.993525 9.000000 0.006475 
0.976259 33.000000 0.023741 
0.972662 38.000000 0.027338 
0.989209 15.000000 0.010791 
0.987050 18.000000 0.012950 
0.984173 22.000000 0.015827 
0.996403 5.000000 0.003597 
0.995683 6.000000 0.004317 
1.000000 0.000000 0.000000 
0.989928 14.000000 0.010072 
0.982014 25.000000 0.017986 
0.994245 8.000000 0.005755 
0.984892 21.000000 0.015108 
0.992086 11.000000 0.007914 
0.976978 32.000000 0.023022 
0.993525 9.000000 0.006475 
0.992086 11.000000 0.007914 
0.993525 9.000000 0.006475 
0.982734 24.000000 0.017266 
0.988489 16.000000 0.011511 
0.984173 22.000000 0.015827 
0.979856 28.000000 0.020144 
0.987050 18.000000 0.012950 
0.988489 16.000000 0.011511 
0.985612 20.000000 0.014388 
0.975540 34.000000 0.024460 
0.996403 5.000000 0.003597 
0.986331 19.000000 0.013669 
0.994245 8.000000 0.005755 
0.987770 17.000000 0.012230 
0.973381 37.000000 0.026619 
0.992806 10.000000 0.007194 
0.974101 36.000000 0.025899 
0.971223 40.000000 0.028777 
0.987050 18.000000 0.012950 
0.993525 9.000000 0.006475 
0.988489 16.000000 0.011511 
0.990647 13.000000 0.009353 
0.975540 34.000000 0.024460 
0.987770 17.000000 0.012230 
1.000000 0.000000 0.000000 
0.988489 16.000000 0.011511 
0.989209 15.000000 0.010791 
0.982734 24.000000 0.017266 
0.990647 13.000000 0.009353 
0.994245 8.000000 0.005755 
0.980576 27.000000 0.019424 
0.987770 17.000000 0.012230 
0.987050 18.000000 0.012950 
0.977698 31.000000 0.022302 
0.984173 22.000000 0.015827 
0.987770 17.000000 0.012230 
0.984892 21.000000 0.015108 
0.988489 16.000000 0.011511 
0.986331 19.000000 0.013669 
0.983453 23.000000 0.016547 
0.984892 21.000000 0.015108 
0.985612 20.000000 0.014388 
0.994245 8.000000 0.005755 
0.980576 27.000000 0.019424 
0.980576 27.000000 0.019424 
1.000000 0.000000 0.000000 
0.981295 26.000000 0.018705 
0.982734 24.000000 0.017266 
0.980576 27.000000 0.019424 
0.983453 23.000000 0.016547 
0.987050 18.000000 0.012950 
0.994245 8.000000 0.005755 
0.985612 20.000000 0.014388 
0.977698 31.000000 0.022302 
0.978417 30.000000 0.021583 
0.976978 32.000000 0.023022 
0.990647 13.000000 0.009353 
0.987050 18.000000 0.012950 
0.989209 15.000000 0.010791 
0.984173 22.000000 0.015827 
0.985612 20.000000 0.014388 
0.986331 19.000000 0.013669 
0.987050 18.000000 0.012950 
0.984892 21.000000 0.015108 
0.984892 21.000000 0.015108 
0.987050 18.000000 0.012950 
0.983453 23.000000 0.016547 
0.987050 18.000000 0.012950 
0.984173 22.000000 0.015827 
0.980576 27.000000 0.019424 
0.987050 18.000000 0.012950 
0.973381 37.000000 0.026619 
0.994245 8.000000 0.005755 
0.987050 18.000000 0.012950 
0.981295 26.000000 0.018705 
0.992086 11.000000 0.007914 
0.979137 29.000000 0.020863 
0.988489 16.000000 0.011511 
0.988489 16.000000 0.011511 
0.978417 30.000000 0.021583 
0.986331 19.000000 0.013669 
0.987050 18.000000 0.012950 
0.994964 7.000000 0.005036 
0.989928 14.000000 0.010072 
0.985612 20.000000 0.014388 
0.985612 20.000000 0.014388 
0.994964 7.000000 0.005036 
0.985612 20.000000 0.014388 
0.991367 12.000000 0.008633 
0.977698 31.000000 0.022302 
0.978417 30.000000 0.021583 
1.000000 0.000000 0.000000 
0.991367 12.000000 0.008633 
0.987050 18.000000 0.012950 
0.980576 27.000000 0.019424 
0.985612 20.000000 0.014388 
0.971942 39.000000 0.028058 
0.978417 30.000000 0.021583 
0.977698 31.000000 0.022302 
0.974820 35.000000 0.025180 
0.976978 32.000000 0.023022 
0.976978 32.000000 0.023022 
0.985612 20.000000 0.014388 
0.984173 22.000000 0.015827 
0.990647 13.000000 0.009353 
0.992086 11.000000 0.007914 
0.989928 14.000000 0.010072 
0.982014 25.000000 0.017986 
0.984173 22.000000 0.015827 
0.994245 8.000000 0.005755 
0.976259 33.000000 0.023741 
0.980576 27.000000 0.019424 
0.995683 6.000000 0.004317 
0.994245 8.000000 0.005755 
0.976259 33.000000 0.023741 
0.984892 21.000000 0.015108 
0.973381 37.000000 0.026619 
0.987770 17.000000 0.012230 
0.984173 22.000000 0.015827 
0.990647 13.000000 0.009353 
0.984892 21.000000 0.015108 
0.984173 22.000000 0.015827 
0.975540 34.000000 0.024460 
0.984892 21.000000 0.015108 
0.993525 9.000000 0.006475 
0.989928 14.000000 0.010072 
0.971223 40.000000 0.028777 
0.992086 11.000000 0.007914 
0.987770 17.000000 0.012230 
1.000000 0.000000 0.000000 
0.977698 31.000000 0.022302 
0.994245 8.000000 0.005755 
0.987050 18.000000 0.012950 
0.976978 32.000000 0.023022 
0.991367 12.000000 0.008633 
0.984173 22.000000 0.015827 
0.980576 27.000000 0.019424 
0.984173 22.000000 0.015827 
0.984173 22.000000 0.015827 
1.000000 0.000000 0.000000 
0.987050 18.000000 0.012950 
0.979856 28.000000 0.020144 
0.977698 31.000000 0.022302 
0.991367 12.000000 0.008633 
0.973381 37.000000 0.026619 
0.974820 35.000000 0.025180 
0.982734 24.000000 0.017266 
0.980576 27.000000 0.019424 
0.989209 15.000000 0.010791 
0.977698 31.000000 0.022302 
0.975540 34.000000 0.024460 
0.987770 17.000000 0.012230 
0.991367 12.000000 0.008633 
0.970504 41.000000 0.029496 
0.982734 24.000000 0.017266 
0.993525 9.000000 0.006475 
0.979137 29.000000 0.020863 
0.984892 21.000000 0.015108 
0.991367 12.000000 0.008633 
0.989209 15.000000 0.010791 
0.994245 8.000000 0.005755 
0.987770 17.000000 0.012230 
0.986331 19.000000 0.013669 
1.000000 0.000000 0.000000 
0.979856 28.000000 0.020144 
0.984892 21.000000 0.015108 
0.980576 27.000000 0.019424 
0.983453 23.000000 0.016547 
0.986331 19.000000 0.013669 
0.989209 15.000000 0.010791 
0.976978 32.000000 0.023022 
0.983453 23.000000 0.016547 
0.987770 17.000000 0.012230 
0.992806 10.000000 0.007194 
0.993525 9.000000 0.006475 
0.991367 12.000000 0.008633 
0.986331 19.000000 0.013669 
0.980576 27.000000 0.019424 
0.978417 30.000000 0.021583 
0.983453 23.000000 0.016547 
0.977698 31.000000 0.022302 
0.986331 19.000000 0.013669 
0.974820 35.000000 0.025180 
0.982734 24.000000 0.017266 
0.987050 18.000000 0.012950 
0.988489 16.000000 0.011511 
0.991367 12.000000 0.008633 
0.983453 23.000000 0.016547 
0.979856 28.000000 0.020144 
0.979137 29.000000 0.020863 
0.991367 12.000000 0.008633 
0.987770 17.000000 0.012230 
0.979137 29.000000 0.020863 
0.979137 29.000000 0.020863 
0.983453 23.000000 0.016547 
0.987770 17.000000 0.012230 
0.975540 34.000000 0.024460 
0.986331 19.000000 0.013669 
0.981295 26.000000 0.018705 
0.992806 10.000000 0.007194 
0.985612 20.000000 0.014388 
0.978417 30.000000 0.021583 
0.982734 24.000000 0.017266 
0.983453 23.000000 0.016547 
1.000000 0.000000 0.000000 
0.987770 17.000000 0.012230 
0.979137 29.000000 0.020863 
0.987770 17.000000 0.012230 
0.986331 19.000000 0.013669 
0.980576 27.000000 0.019424 
0.980576 27.000000 0.019424 
0.985612 20.000000 0.014388 
0.979856 28.000000 0.020144 
0.984892 21.000000 0.015108 
0.988489 16.000000 0.011511 
1.000000 0.000000 0.000000 
0.976259 33.000000 0.023741 
0.987770 17.000000 0.012230 
0.983453 23.000000 0.016547 
0.987770 17.000000 0.012230 
0.970504 41.000000 0.029496 
0.975540 34.000000 0.024460 
0.984892 21.000000 0.015108 
0.971942 39.000000 0.028058 
0.981295 26.000000 0.018705 
0.987770 17.000000 0.012230 
0.982734 24.000000 0.017266 
0.988489 16.000000 0.011511 
0.989928 14.000000 0.010072 
0.987050 18.000000 0.012950 
0.981295 26.000000 0.018705 
0.984173 22.000000 0.015827 
0.982734 24.000000 0.017266 
1.000000 0.000000 0.000000 
0.988489 16.000000 0.011511 
1.000000 0.000000 0.000000 
0.986331 19.000000 0.013669 
0.987050 18.000000 0.012950 
0.979856 28.000000 0.020144 
0.986331 19.000000 0.013669 
0.988489 16.000000 0.011511 
0.977698 31.000000 0.022302 
1.000000 0.000000 0.000000 
0.982014 25.000000 0.017986 
0.980576 27.000000 0.019424 
0.974820 35.000000 0.025180 
0.976978 32.000000 0.023022 
0.992086 11.000000 0.007914 
0.981295 26.000000 0.018705 
0.985612 20.000000 0.014388 
0.979137 29.000000 0.020863 
0.974820 35.000000 0.025180 
0.988489 16.000000 0.011511 
0.992806 10.000000 0.007194 
0.978417 30.000000 0.021583 
0.984892 21.000000 0.015108 
0.987050 18.000000 0.012950 
0.986331 19.000000 0.013669 
0.989209 15.000000 0.010791 
0.984892 21.000000 0.015108 
0.983453 23.000000 0.016547 
0.977698 31.000000 0.022302 
0.979856 28.000000 0.020144 
0.979856 28.000000 0.020144 
0.992086 11.000000 0.007914 
0.992806 10.000000 0.007194 
0.981295 26.000000 0.018705 
0.992086 11.000000 0.007914 
0.974820 35.000000 0.025180 
0.993525 9.000000 0.006475 
0.992806 10.000000 0.007194 
0.985612 20.000000 0.014388 
0.989928 14.000000 0.010072 
0.982014 25.000000 0.017986 
0.988489 16.000000 0.011511 
0.982014 25.000000 0.017986 
0.975540 34.000000 0.024460 
0.980576 27.000000 0.019424 
0.987770 17.000000 0.012230 
0.976978 32.000000 0.023022 
0.980576 27.000000 0.019424 
0.982014 25.000000 0.017986 
0.982734 24.000000 0.017266 
0.995683 6.000000 0.004317 
0.992806 10.000000 0.007194 
0.975540 34.000000 0.024460 
0.991367 12.000000 0.008633 
0.989928 14.000000 0.010072 
0.982734 24.000000 0.017266 
0.975540 34.000000 0.024460 
0.988489 16.000000 0.011511 
0.979856 28.000000 0.020144 
0.994245 8.000000 0.005755 
0.978417 30.000000 0.021583 
0.984892 21.000000 0.015108 
0.990647 13.000000 0.009353 
0.984173 22.000000 0.015827 
0.979137 29.000000 0.020863 
0.980576 27.000000 0.019424 
0.987770 17.000000 0.012230 
0.983453 23.000000 0.016547 
0.982734 24.000000 0.017266 
0.987770 17.000000 0.012230 
0.990647 13.000000 0.009353 
0.984173 22.000000 0.015827 
0.977698 31.000000 0.022302 
0.985612 20.000000 0.014388 
0.984173 22.000000 0.015827 
0.982734 24.000000 0.017266 
0.985612 20.000000 0.014388 
0.981295 26.000000 0.018705 
0.985612 20.000000 0.014388 
0.984892 21.000000 0.015108 
0.993525 9.000000 0.006475 
0.994964 7.000000 0.005036 
0.974820 35.000000 0.025180 
0.977698 31.000000 0.022302 
0.987050 18.000000 0.012950 
0.984173 22.000000 0.015827 
1.000000 0.000000 0.000000 
0.992806 10.000000 0.007194 
0.992086 11.000000 0.007914 
0.994245 8.000000 0.005755 
0.985612 20.000000 0.014388 
0.991367 12.000000 0.008633 
0.985612 20.000000 0.014388 
0.985612 20.000000 0.014388 
0.982734 24.000000 0.017266 
0.989928 14.000000 0.010072 
0.993525 9.000000 0.006475 
0.986331 19.000000 0.013669 
