0.812230 261.000000 0.187770 
0.824460 244.000000 0.175540 
0.817266 254.000000 0.182734 
0.825899 242.000000 0.174101 
0.820144 250.000000 0.179856 
0.826619 241.000000 0.173381 
0.828777 238.000000 0.171223 
0.825180 243.000000 0.174820 
0.830216 236.000000 0.169784 
0.820144 250.000000 0.179856 
0.828777 238.000000 0.171223 
0.821583 248.000000 0.178417 
0.817986 253.000000 0.182014 
0.825180 243.000000 0.174820 
0.820863 249.000000 0.179137 
0.825180 243.000000 0.174820 
0.826619 241.000000 0.173381 
0.830935 235.000000 0.169065 
0.822302 247.000000 0.177698 
0.817266 254.000000 0.182734 
0.836691 227.000000 0.163309 
0.820144 250.000000 0.179856 
0.828058 239.000000 0.171942 
0.823022 246.000000 0.176978 
0.829496 237.000000 0.170504 
0.825180 243.000000 0.174820 
0.812230 261.000000 0.187770 
0.825899 242.000000 0.174101 
0.828058 239.000000 0.171942 
0.825180 243.000000 0.174820 
0.819424 251.000000 0.180576 
0.836691 227.000000 0.163309 
0.825899 242.000000 0.174101 
0.802158 275.000000 0.197842 
0.823741 245.000000 0.176259 
0.814388 258.000000 0.185612 
0.833094 232.000000 0.166906 
0.823741 245.000000 0.176259 
0.826619 241.000000 0.173381 
0.819424 251.000000 0.180576 
0.823022 246.000000 0.176978 
0.815827 256.000000 0.184173 
0.835971 228.000000 0.164029 
0.830216 236.000000 0.169784 
0.820144 250.000000 0.179856 
0.828058 239.000000 0.171942 
0.835971 228.000000 0.164029 
0.827338 240.000000 0.172662 
0.816547 255.000000 0.183453 
0.825899 242.000000 0.174101 
0.823741 245.000000 0.176259 
0.834532 230.000000 0.165468 
0.830216 236.000000 0.169784 
0.821583 248.000000 0.178417 
0.828058 239.000000 0.171942 
0.824460 244.000000 0.175540 
0.820863 249.000000 0.179137 
0.824460 244.000000 0.175540 
0.828058 239.000000 0.171942 
0.821583 248.000000 0.178417 
0.830216 236.000000 0.169784 
0.827338 240.000000 0.172662 
0.834532 230.000000 0.165468 
0.824460 244.000000 0.175540 
0.822302 247.000000 0.177698 
0.829496 237.000000 0.170504 
0.833813 231.000000 0.166187 
0.817266 254.000000 0.182734 
0.817986 253.000000 0.182014 
0.820144 250.000000 0.179856 
0.822302 247.000000 0.177698 
0.815827 256.000000 0.184173 
0.819424 251.000000 0.180576 
0.823022 246.000000 0.176978 
0.832374 233.000000 0.167626 
0.820863 249.000000 0.179137 
0.829496 237.000000 0.170504 
0.828058 239.000000 0.171942 
0.835252 229.000000 0.164748 
0.829496 237.000000 0.170504 
0.820144 250.000000 0.179856 
0.819424 251.000000 0.180576 
0.825899 242.000000 0.174101 
0.822302 247.000000 0.177698 
0.823022 246.000000 0.176978 
0.837410 226.000000 0.162590 
0.813669 259.000000 0.186331 
0.816547 255.000000 0.183453 
0.817986 253.000000 0.182014 
0.823022 246.000000 0.176978 
0.828777 238.000000 0.171223 
0.817266 254.000000 0.182734 
0.834532 230.000000 0.165468 
0.834532 230.000000 0.165468 
0.829496 237.000000 0.170504 
0.826619 241.000000 0.173381 
0.820863 249.000000 0.179137 
0.824460 244.000000 0.175540 
0.817986 253.000000 0.182014 
0.824460 244.000000 0.175540 
0.827338 240.000000 0.172662 
0.833094 232.000000 0.166906 
0.823741 245.000000 0.176259 
0.837410 226.000000 0.162590 
0.831655 234.000000 0.168345 
0.817266 254.000000 0.182734 
0.823022 246.000000 0.176978 
0.827338 240.000000 0.172662 
0.828777 238.000000 0.171223 
0.818705 252.000000 0.181295 
0.827338 240.000000 0.172662 
0.817266 254.000000 0.182734 
0.830216 236.000000 0.169784 
0.820144 250.000000 0.179856 
0.827338 240.000000 0.172662 
0.832374 233.000000 0.167626 
0.817986 253.000000 0.182014 
0.825180 243.000000 0.174820 
0.828058 239.000000 0.171942 
0.820144 250.000000 0.179856 
0.825180 243.000000 0.174820 
0.820863 249.000000 0.179137 
0.833094 232.000000 0.166906 
0.810791 263.000000 0.189209 
0.826619 241.000000 0.173381 
0.828058 239.000000 0.171942 
0.823022 246.000000 0.176978 
0.823741 245.000000 0.176259 
0.813669 259.000000 0.186331 
0.820144 250.000000 0.179856 
0.820863 249.000000 0.179137 
0.822302 247.000000 0.177698 
0.822302 247.000000 0.177698 
0.817266 254.000000 0.182734 
0.829496 237.000000 0.170504 
0.821583 248.000000 0.178417 
0.823022 246.000000 0.176978 
0.821583 248.000000 0.178417 
0.835252 229.000000 0.164748 
0.822302 247.000000 0.177698 
0.824460 244.000000 0.175540 
0.821583 248.000000 0.178417 
0.817266 254.000000 0.182734 
0.826619 241.000000 0.173381 
0.835971 228.000000 0.164029 
0.827338 240.000000 0.172662 
0.824460 244.000000 0.175540 
0.838129 225.000000 0.161871 
0.810072 264.000000 0.189928 
0.828777 238.000000 0.171223 
0.823022 246.000000 0.176978 
0.827338 240.000000 0.172662 
0.814388 258.000000 0.185612 
0.816547 255.000000 0.183453 
0.815827 256.000000 0.184173 
0.814388 258.000000 0.185612 
0.838129 225.000000 0.161871 
0.832374 233.000000 0.167626 
0.819424 251.000000 0.180576 
0.830216 236.000000 0.169784 
0.817266 254.000000 0.182734 
0.835252 229.000000 0.164748 
0.825180 243.000000 0.174820 
0.823022 246.000000 0.176978 
0.832374 233.000000 0.167626 
0.816547 255.000000 0.183453 
0.820144 250.000000 0.179856 
0.830216 236.000000 0.169784 
0.832374 233.000000 0.167626 
0.828058 239.000000 0.171942 
0.826619 241.000000 0.173381 
0.826619 241.000000 0.173381 
0.836691 227.000000 0.163309 
0.822302 247.000000 0.177698 
0.830216 236.000000 0.169784 
0.827338 240.000000 0.172662 
0.831655 234.000000 0.168345 
0.828777 238.000000 0.171223 
0.831655 234.000000 0.168345 
0.819424 251.000000 0.180576 
0.831655 234.000000 0.168345 
0.820863 249.000000 0.179137 
0.826619 241.000000 0.173381 
0.833813 231.000000 0.166187 
0.817986 253.000000 0.182014 
0.820144 250.000000 0.179856 
0.823022 246.000000 0.176978 
0.835252 229.000000 0.164748 
0.817986 253.000000 0.182014 
0.823022 246.000000 0.176978 
0.824460 244.000000 0.175540 
0.815827 256.000000 0.184173 
0.835252 229.000000 0.164748 
0.824460 244.000000 0.175540 
0.823022 246.000000 0.176978 
0.836691 227.000000 0.163309 
0.827338 240.000000 0.172662 
0.818705 252.000000 0.181295 
0.833094 232.000000 0.166906 
0.823022 246.000000 0.176978 
0.817986 253.000000 0.182014 
0.803597 273.000000 0.196403 
0.831655 234.000000 0.168345 
0.812230 261.000000 0.187770 
0.813669 259.000000 0.186331 
0.817986 253.000000 0.182014 
0.822302 247.000000 0.177698 
0.817266 254.000000 0.182734 
0.828058 239.000000 0.171942 
0.815827 256.000000 0.184173 
0.811511 262.000000 0.188489 
0.815108 257.000000 0.184892 
0.820144 250.000000 0.179856 
0.825899 242.000000 0.174101 
0.819424 251.000000 0.180576 
0.836691 227.000000 0.163309 
0.827338 240.000000 0.172662 
0.825899 242.000000 0.174101 
0.813669 259.000000 0.186331 
0.838849 224.000000 0.161151 
0.829496 237.000000 0.170504 
0.825899 242.000000 0.174101 
0.823741 245.000000 0.176259 
0.817266 254.000000 0.182734 
0.830216 236.000000 0.169784 
0.828777 238.000000 0.171223 
0.827338 240.000000 0.172662 
0.818705 252.000000 0.181295 
0.815827 256.000000 0.184173 
0.820863 249.000000 0.179137 
0.830935 235.000000 0.169065 
0.835252 229.000000 0.164748 
0.831655 234.000000 0.168345 
0.825180 243.000000 0.174820 
0.821583 248.000000 0.178417 
0.817986 253.000000 0.182014 
0.826619 241.000000 0.173381 
0.815108 257.000000 0.184892 
0.828777 238.000000 0.171223 
0.821583 248.000000 0.178417 
0.817266 254.000000 0.182734 
0.820863 249.000000 0.179137 
0.827338 240.000000 0.172662 
0.834532 230.000000 0.165468 
0.823022 246.000000 0.176978 
0.816547 255.000000 0.183453 
0.815827 256.000000 0.184173 
0.830935 235.000000 0.169065 
0.820144 250.000000 0.179856 
0.822302 247.000000 0.177698 
0.826619 241.000000 0.173381 
0.824460 244.000000 0.175540 
0.830216 236.000000 0.169784 
0.817266 254.000000 0.182734 
0.814388 258.000000 0.185612 
0.805755 270.000000 0.194245 
0.825180 243.000000 0.174820 
0.820863 249.000000 0.179137 
0.828777 238.000000 0.171223 
0.833813 231.000000 0.166187 
0.823741 245.000000 0.176259 
0.825899 242.000000 0.174101 
0.821583 248.000000 0.178417 
0.838849 224.000000 0.161151 
0.831655 234.000000 0.168345 
0.833813 231.000000 0.166187 
0.828777 238.000000 0.171223 
0.823022 246.000000 0.176978 
0.820144 250.000000 0.179856 
0.826619 241.000000 0.173381 
0.835971 228.000000 0.164029 
0.824460 244.000000 0.175540 
0.812230 261.000000 0.187770 
0.833813 231.000000 0.166187 
0.814388 258.000000 0.185612 
0.827338 240.000000 0.172662 
0.805755 270.000000 0.194245 
0.815108 257.000000 0.184892 
0.827338 240.000000 0.172662 
0.823022 246.000000 0.176978 
0.825899 242.000000 0.174101 
0.828058 239.000000 0.171942 
0.819424 251.000000 0.180576 
0.823022 246.000000 0.176978 
0.823741 245.000000 0.176259 
0.811511 262.000000 0.188489 
0.823741 245.000000 0.176259 
0.825899 242.000000 0.174101 
0.816547 255.000000 0.183453 
0.811511 262.000000 0.188489 
0.824460 244.000000 0.175540 
0.814388 258.000000 0.185612 
0.819424 251.000000 0.180576 
0.822302 247.000000 0.177698 
0.818705 252.000000 0.181295 
0.820863 249.000000 0.179137 
0.828777 238.000000 0.171223 
0.817266 254.000000 0.182734 
0.832374 233.000000 0.167626 
0.815108 257.000000 0.184892 
0.820863 249.000000 0.179137 
0.814388 258.000000 0.185612 
0.830935 235.000000 0.169065 
0.824460 244.000000 0.175540 
0.825180 243.000000 0.174820 
0.820863 249.000000 0.179137 
0.818705 252.000000 0.181295 
0.828058 239.000000 0.171942 
0.830216 236.000000 0.169784 
0.818705 252.000000 0.181295 
0.825899 242.000000 0.174101 
0.829496 237.000000 0.170504 
0.821583 248.000000 0.178417 
0.827338 240.000000 0.172662 
0.833813 231.000000 0.166187 
0.823741 245.000000 0.176259 
0.822302 247.000000 0.177698 
0.817266 254.000000 0.182734 
0.829496 237.000000 0.170504 
0.824460 244.000000 0.175540 
0.830216 236.000000 0.169784 
0.826619 241.000000 0.173381 
0.821583 248.000000 0.178417 
0.822302 247.000000 0.177698 
0.821583 248.000000 0.178417 
0.835971 228.000000 0.164029 
0.818705 252.000000 0.181295 
0.827338 240.000000 0.172662 
0.825899 242.000000 0.174101 
0.824460 244.000000 0.175540 
0.828777 238.000000 0.171223 
0.820144 250.000000 0.179856 
0.818705 252.000000 0.181295 
0.825180 243.000000 0.174820 
0.825180 243.000000 0.174820 
0.823741 245.000000 0.176259 
0.815827 256.000000 0.184173 
0.836691 227.000000 0.163309 
0.836691 227.000000 0.163309 
0.816547 255.000000 0.183453 
0.836691 227.000000 0.163309 
0.833813 231.000000 0.166187 
0.822302 247.000000 0.177698 
0.828777 238.000000 0.171223 
0.821583 248.000000 0.178417 
0.810791 263.000000 0.189209 
0.815108 257.000000 0.184892 
0.835971 228.000000 0.164029 
0.817986 253.000000 0.182014 
0.829496 237.000000 0.170504 
0.823022 246.000000 0.176978 
0.829496 237.000000 0.170504 
0.820863 249.000000 0.179137 
0.823022 246.000000 0.176978 
0.820863 249.000000 0.179137 
0.817986 253.000000 0.182014 
0.820144 250.000000 0.179856 
0.826619 241.000000 0.173381 
0.817986 253.000000 0.182014 
0.820863 249.000000 0.179137 
0.820863 249.000000 0.179137 
0.820144 250.000000 0.179856 
0.827338 240.000000 0.172662 
0.812950 260.000000 0.187050 
0.833094 232.000000 0.166906 
0.825899 242.000000 0.174101 
0.822302 247.000000 0.177698 
0.824460 244.000000 0.175540 
0.820863 249.000000 0.179137 
0.820144 250.000000 0.179856 
0.822302 247.000000 0.177698 
0.823741 245.000000 0.176259 
0.825180 243.000000 0.174820 
0.823741 245.000000 0.176259 
0.822302 247.000000 0.177698 
0.820863 249.000000 0.179137 
0.828058 239.000000 0.171942 
0.835252 229.000000 0.164748 
0.829496 237.000000 0.170504 
0.820863 249.000000 0.179137 
0.825180 243.000000 0.174820 
0.830216 236.000000 0.169784 
0.827338 240.000000 0.172662 
0.826619 241.000000 0.173381 
0.822302 247.000000 0.177698 
0.820144 250.000000 0.179856 
0.831655 234.000000 0.168345 
0.824460 244.000000 0.175540 
0.828058 239.000000 0.171942 
0.825180 243.000000 0.174820 
0.823741 245.000000 0.176259 
0.821583 248.000000 0.178417 
0.821583 248.000000 0.178417 
0.836691 227.000000 0.163309 
0.831655 234.000000 0.168345 
0.823022 246.000000 0.176978 
0.819424 251.000000 0.180576 
0.823022 246.000000 0.176978 
0.821583 248.000000 0.178417 
0.823741 245.000000 0.176259 
0.828777 238.000000 0.171223 
0.833813 231.000000 0.166187 
0.822302 247.000000 0.177698 
0.833813 231.000000 0.166187 
0.838129 225.000000 0.161871 
0.834532 230.000000 0.165468 
0.824460 244.000000 0.175540 
0.835252 229.000000 0.164748 
0.827338 240.000000 0.172662 
0.822302 247.000000 0.177698 
0.830935 235.000000 0.169065 
0.820144 250.000000 0.179856 
0.833813 231.000000 0.166187 
0.826619 241.000000 0.173381 
0.815827 256.000000 0.184173 
0.831655 234.000000 0.168345 
0.820144 250.000000 0.179856 
0.816547 255.000000 0.183453 
0.811511 262.000000 0.188489 
0.823741 245.000000 0.176259 
0.825899 242.000000 0.174101 
0.821583 248.000000 0.178417 
0.825899 242.000000 0.174101 
0.818705 252.000000 0.181295 
0.822302 247.000000 0.177698 
0.812950 260.000000 0.187050 
0.823022 246.000000 0.176978 
0.823022 246.000000 0.176978 
0.819424 251.000000 0.180576 
0.819424 251.000000 0.180576 
0.813669 259.000000 0.186331 
0.822302 247.000000 0.177698 
0.822302 247.000000 0.177698 
0.826619 241.000000 0.173381 
0.819424 251.000000 0.180576 
0.831655 234.000000 0.168345 
0.827338 240.000000 0.172662 
0.834532 230.000000 0.165468 
0.824460 244.000000 0.175540 
0.826619 241.000000 0.173381 
0.833813 231.000000 0.166187 
0.824460 244.000000 0.175540 
0.814388 258.000000 0.185612 
0.824460 244.000000 0.175540 
0.822302 247.000000 0.177698 
0.814388 258.000000 0.185612 
0.829496 237.000000 0.170504 
0.835252 229.000000 0.164748 
0.817986 253.000000 0.182014 
0.835252 229.000000 0.164748 
0.823741 245.000000 0.176259 
0.840288 222.000000 0.159712 
0.830216 236.000000 0.169784 
0.831655 234.000000 0.168345 
0.832374 233.000000 0.167626 
0.828777 238.000000 0.171223 
0.823741 245.000000 0.176259 
0.824460 244.000000 0.175540 
0.818705 252.000000 0.181295 
0.835971 228.000000 0.164029 
0.830935 235.000000 0.169065 
0.825899 242.000000 0.174101 
0.807914 267.000000 0.192086 
0.814388 258.000000 0.185612 
0.825899 242.000000 0.174101 
0.835971 228.000000 0.164029 
0.830935 235.000000 0.169065 
0.821583 248.000000 0.178417 
0.821583 248.000000 0.178417 
0.839568 223.000000 0.160432 
0.819424 251.000000 0.180576 
0.830216 236.000000 0.169784 
0.817266 254.000000 0.182734 
0.827338 240.000000 0.172662 
0.823741 245.000000 0.176259 
0.825899 242.000000 0.174101 
0.813669 259.000000 0.186331 
0.820144 250.000000 0.179856 
0.821583 248.000000 0.178417 
0.822302 247.000000 0.177698 
0.817266 254.000000 0.182734 
0.829496 237.000000 0.170504 
0.824460 244.000000 0.175540 
0.827338 240.000000 0.172662 
0.815827 256.000000 0.184173 
0.822302 247.000000 0.177698 
0.837410 226.000000 0.162590 
0.821583 248.000000 0.178417 
0.817266 254.000000 0.182734 
0.815827 256.000000 0.184173 
0.825899 242.000000 0.174101 
0.828777 238.000000 0.171223 
0.816547 255.000000 0.183453 
0.827338 240.000000 0.172662 
0.817986 253.000000 0.182014 
0.828777 238.000000 0.171223 
0.831655 234.000000 0.168345 
0.827338 240.000000 0.172662 
0.828777 238.000000 0.171223 
0.833813 231.000000 0.166187 
0.811511 262.000000 0.188489 
0.812230 261.000000 0.187770 
0.828777 238.000000 0.171223 
0.828058 239.000000 0.171942 
0.824460 244.000000 0.175540 
0.820863 249.000000 0.179137 
0.827338 240.000000 0.172662 
0.826619 241.000000 0.173381 
0.831655 234.000000 0.168345 
0.823022 246.000000 0.176978 
0.821583 248.000000 0.178417 
0.814388 258.000000 0.185612 
0.823741 245.000000 0.176259 
0.830935 235.000000 0.169065 
0.837410 226.000000 0.162590 
0.815108 257.000000 0.184892 
0.833094 232.000000 0.166906 
0.818705 252.000000 0.181295 
0.823741 245.000000 0.176259 
0.821583 248.000000 0.178417 
0.823022 246.000000 0.176978 
0.828058 239.000000 0.171942 
0.822302 247.000000 0.177698 
0.834532 230.000000 0.165468 
0.815108 257.000000 0.184892 
0.829496 237.000000 0.170504 
0.827338 240.000000 0.172662 
0.834532 230.000000 0.165468 
0.820863 249.000000 0.179137 
0.832374 233.000000 0.167626 
0.812950 260.000000 0.187050 
0.815108 257.000000 0.184892 
0.830935 235.000000 0.169065 
0.819424 251.000000 0.180576 
0.812230 261.000000 0.187770 
0.832374 233.000000 0.167626 
0.832374 233.000000 0.167626 
0.826619 241.000000 0.173381 
0.844604 216.000000 0.155396 
0.820144 250.000000 0.179856 
0.835252 229.000000 0.164748 
0.821583 248.000000 0.178417 
0.825899 242.000000 0.174101 
0.831655 234.000000 0.168345 
0.826619 241.000000 0.173381 
0.809353 265.000000 0.190647 
0.833813 231.000000 0.166187 
0.822302 247.000000 0.177698 
0.830216 236.000000 0.169784 
0.830935 235.000000 0.169065 
0.817986 253.000000 0.182014 
0.823022 246.000000 0.176978 
0.828058 239.000000 0.171942 
0.820863 249.000000 0.179137 
0.820144 250.000000 0.179856 
0.823022 246.000000 0.176978 
0.833094 232.000000 0.166906 
0.817266 254.000000 0.182734 
0.829496 237.000000 0.170504 
0.820144 250.000000 0.179856 
0.819424 251.000000 0.180576 
0.815108 257.000000 0.184892 
0.827338 240.000000 0.172662 
0.826619 241.000000 0.173381 
0.825180 243.000000 0.174820 
0.823741 245.000000 0.176259 
0.825899 242.000000 0.174101 
0.830935 235.000000 0.169065 
0.815827 256.000000 0.184173 
0.820863 249.000000 0.179137 
0.839568 223.000000 0.160432 
0.830935 235.000000 0.169065 
0.814388 258.000000 0.185612 
0.815108 257.000000 0.184892 
0.817986 253.000000 0.182014 
0.824460 244.000000 0.175540 
0.832374 233.000000 0.167626 
0.827338 240.000000 0.172662 
0.834532 230.000000 0.165468 
0.825899 242.000000 0.174101 
0.825899 242.000000 0.174101 
0.830216 236.000000 0.169784 
0.825180 243.000000 0.174820 
0.820144 250.000000 0.179856 
0.816547 255.000000 0.183453 
0.833094 232.000000 0.166906 
0.824460 244.000000 0.175540 
0.825899 242.000000 0.174101 
0.812230 261.000000 0.187770 
0.829496 237.000000 0.170504 
0.816547 255.000000 0.183453 
0.830935 235.000000 0.169065 
0.820863 249.000000 0.179137 
0.840288 222.000000 0.159712 
0.820144 250.000000 0.179856 
0.824460 244.000000 0.175540 
0.833094 232.000000 0.166906 
0.822302 247.000000 0.177698 
0.826619 241.000000 0.173381 
0.822302 247.000000 0.177698 
0.833813 231.000000 0.166187 
0.843165 218.000000 0.156835 
0.811511 262.000000 0.188489 
0.823022 246.000000 0.176978 
0.823741 245.000000 0.176259 
0.830935 235.000000 0.169065 
0.829496 237.000000 0.170504 
0.824460 244.000000 0.175540 
0.818705 252.000000 0.181295 
0.827338 240.000000 0.172662 
0.828058 239.000000 0.171942 
0.812950 260.000000 0.187050 
0.813669 259.000000 0.186331 
0.826619 241.000000 0.173381 
0.825899 242.000000 0.174101 
0.834532 230.000000 0.165468 
0.828058 239.000000 0.171942 
0.826619 241.000000 0.173381 
0.822302 247.000000 0.177698 
0.830216 236.000000 0.169784 
0.816547 255.000000 0.183453 
0.815827 256.000000 0.184173 
0.834532 230.000000 0.165468 
0.821583 248.000000 0.178417 
0.822302 247.000000 0.177698 
0.823741 245.000000 0.176259 
0.815827 256.000000 0.184173 
0.823022 246.000000 0.176978 
0.825899 242.000000 0.174101 
0.822302 247.000000 0.177698 
0.833813 231.000000 0.166187 
0.823022 246.000000 0.176978 
0.812230 261.000000 0.187770 
0.828777 238.000000 0.171223 
0.821583 248.000000 0.178417 
0.828058 239.000000 0.171942 
0.819424 251.000000 0.180576 
0.834532 230.000000 0.165468 
0.819424 251.000000 0.180576 
0.823022 246.000000 0.176978 
0.825899 242.000000 0.174101 
0.826619 241.000000 0.173381 
0.816547 255.000000 0.183453 
0.815108 257.000000 0.184892 
0.825899 242.000000 0.174101 
0.828058 239.000000 0.171942 
0.829496 237.000000 0.170504 
0.833813 231.000000 0.166187 
0.825180 243.000000 0.174820 
0.812230 261.000000 0.187770 
0.821583 248.000000 0.178417 
0.815108 257.000000 0.184892 
0.826619 241.000000 0.173381 
0.820863 249.000000 0.179137 
0.827338 240.000000 0.172662 
0.823022 246.000000 0.176978 
0.828777 238.000000 0.171223 
0.828058 239.000000 0.171942 
0.835252 229.000000 0.164748 
0.823741 245.000000 0.176259 
0.821583 248.000000 0.178417 
0.838129 225.000000 0.161871 
0.813669 259.000000 0.186331 
0.833813 231.000000 0.166187 
0.820863 249.000000 0.179137 
0.825899 242.000000 0.174101 
0.816547 255.000000 0.183453 
0.826619 241.000000 0.173381 
0.820144 250.000000 0.179856 
0.834532 230.000000 0.165468 
0.830216 236.000000 0.169784 
0.823741 245.000000 0.176259 
0.823741 245.000000 0.176259 
0.830216 236.000000 0.169784 
0.824460 244.000000 0.175540 
0.834532 230.000000 0.165468 
0.820144 250.000000 0.179856 
0.825180 243.000000 0.174820 
0.835971 228.000000 0.164029 
0.823741 245.000000 0.176259 
0.826619 241.000000 0.173381 
0.807194 268.000000 0.192806 
0.819424 251.000000 0.180576 
0.835252 229.000000 0.164748 
0.812950 260.000000 0.187050 
0.825180 243.000000 0.174820 
0.827338 240.000000 0.172662 
0.832374 233.000000 0.167626 
0.822302 247.000000 0.177698 
0.827338 240.000000 0.172662 
0.825180 243.000000 0.174820 
0.833813 231.000000 0.166187 
0.831655 234.000000 0.168345 
0.838849 224.000000 0.161151 
0.828058 239.000000 0.171942 
0.828777 238.000000 0.171223 
0.827338 240.000000 0.172662 
0.825899 242.000000 0.174101 
0.826619 241.000000 0.173381 
0.827338 240.000000 0.172662 
0.820144 250.000000 0.179856 
0.838849 224.000000 0.161151 
0.820863 249.000000 0.179137 
0.817266 254.000000 0.182734 
0.824460 244.000000 0.175540 
0.820144 250.000000 0.179856 
0.820144 250.000000 0.179856 
0.817986 253.000000 0.182014 
0.823741 245.000000 0.176259 
0.815827 256.000000 0.184173 
0.820144 250.000000 0.179856 
0.818705 252.000000 0.181295 
0.825180 243.000000 0.174820 
0.824460 244.000000 0.175540 
0.828058 239.000000 0.171942 
0.828058 239.000000 0.171942 
0.823741 245.000000 0.176259 
0.821583 248.000000 0.178417 
0.813669 259.000000 0.186331 
0.817266 254.000000 0.182734 
0.815827 256.000000 0.184173 
0.823741 245.000000 0.176259 
0.825899 242.000000 0.174101 
0.823741 245.000000 0.176259 
0.822302 247.000000 0.177698 
0.821583 248.000000 0.178417 
0.842446 219.000000 0.157554 
0.825180 243.000000 0.174820 
0.823741 245.000000 0.176259 
0.829496 237.000000 0.170504 
0.819424 251.000000 0.180576 
0.831655 234.000000 0.168345 
0.820144 250.000000 0.179856 
0.838129 225.000000 0.161871 
0.820144 250.000000 0.179856 
0.835252 229.000000 0.164748 
0.824460 244.000000 0.175540 
0.828777 238.000000 0.171223 
0.826619 241.000000 0.173381 
0.822302 247.000000 0.177698 
0.830935 235.000000 0.169065 
0.828777 238.000000 0.171223 
0.822302 247.000000 0.177698 
0.829496 237.000000 0.170504 
0.829496 237.000000 0.170504 
0.820863 249.000000 0.179137 
0.825899 242.000000 0.174101 
0.823022 246.000000 0.176978 
0.830935 235.000000 0.169065 
0.816547 255.000000 0.183453 
0.818705 252.000000 0.181295 
0.812230 261.000000 0.187770 
0.819424 251.000000 0.180576 
0.828058 239.000000 0.171942 
0.842446 219.000000 0.157554 
0.827338 240.000000 0.172662 
0.818705 252.000000 0.181295 
0.817986 253.000000 0.182014 
0.826619 241.000000 0.173381 
0.829496 237.000000 0.170504 
0.830216 236.000000 0.169784 
0.853237 204.000000 0.146763 
0.841007 221.000000 0.158993 
0.835252 229.000000 0.164748 
0.828777 238.000000 0.171223 
0.824460 244.000000 0.175540 
0.803597 273.000000 0.196403 
0.822302 247.000000 0.177698 
0.823741 245.000000 0.176259 
0.834532 230.000000 0.165468 
0.812950 260.000000 0.187050 
0.824460 244.000000 0.175540 
0.830935 235.000000 0.169065 
0.828777 238.000000 0.171223 
0.818705 252.000000 0.181295 
0.816547 255.000000 0.183453 
0.821583 248.000000 0.178417 
0.828777 238.000000 0.171223 
0.838129 225.000000 0.161871 
0.813669 259.000000 0.186331 
0.812950 260.000000 0.187050 
0.820144 250.000000 0.179856 
0.815108 257.000000 0.184892 
0.823741 245.000000 0.176259 
0.825899 242.000000 0.174101 
0.822302 247.000000 0.177698 
0.835252 229.000000 0.164748 
0.812230 261.000000 0.187770 
0.816547 255.000000 0.183453 
0.830216 236.000000 0.169784 
0.826619 241.000000 0.173381 
0.822302 247.000000 0.177698 
0.823741 245.000000 0.176259 
0.818705 252.000000 0.181295 
0.825899 242.000000 0.174101 
0.817266 254.000000 0.182734 
0.823022 246.000000 0.176978 
0.819424 251.000000 0.180576 
0.829496 237.000000 0.170504 
0.841007 221.000000 0.158993 
0.823022 246.000000 0.176978 
0.826619 241.000000 0.173381 
0.826619 241.000000 0.173381 
0.821583 248.000000 0.178417 
0.820863 249.000000 0.179137 
0.832374 233.000000 0.167626 
0.831655 234.000000 0.168345 
0.815827 256.000000 0.184173 
0.820863 249.000000 0.179137 
0.829496 237.000000 0.170504 
0.815827 256.000000 0.184173 
0.823022 246.000000 0.176978 
0.820863 249.000000 0.179137 
0.830216 236.000000 0.169784 
0.831655 234.000000 0.168345 
0.838129 225.000000 0.161871 
0.829496 237.000000 0.170504 
0.818705 252.000000 0.181295 
0.817266 254.000000 0.182734 
0.825180 243.000000 0.174820 
0.823741 245.000000 0.176259 
0.823741 245.000000 0.176259 
0.830935 235.000000 0.169065 
0.826619 241.000000 0.173381 
0.820144 250.000000 0.179856 
0.835971 228.000000 0.164029 
0.814388 258.000000 0.185612 
0.841727 220.000000 0.158273 
0.815827 256.000000 0.184173 
0.819424 251.000000 0.180576 
0.820863 249.000000 0.179137 
0.816547 255.000000 0.183453 
0.815108 257.000000 0.184892 
0.838849 224.000000 0.161151 
0.820863 249.000000 0.179137 
0.830935 235.000000 0.169065 
0.827338 240.000000 0.172662 
0.822302 247.000000 0.177698 
0.821583 248.000000 0.178417 
0.820863 249.000000 0.179137 
0.812230 261.000000 0.187770 
0.836691 227.000000 0.163309 
0.823022 246.000000 0.176978 
0.832374 233.000000 0.167626 
0.817266 254.000000 0.182734 
0.828058 239.000000 0.171942 
0.826619 241.000000 0.173381 
0.823741 245.000000 0.176259 
0.829496 237.000000 0.170504 
0.824460 244.000000 0.175540 
0.823741 245.000000 0.176259 
0.832374 233.000000 0.167626 
0.817266 254.000000 0.182734 
0.829496 237.000000 0.170504 
0.825180 243.000000 0.174820 
0.817986 253.000000 0.182014 
0.823741 245.000000 0.176259 
0.828058 239.000000 0.171942 
0.826619 241.000000 0.173381 
0.829496 237.000000 0.170504 
0.808633 266.000000 0.191367 
0.820863 249.000000 0.179137 
0.810072 264.000000 0.189928 
0.827338 240.000000 0.172662 
0.817986 253.000000 0.182014 
0.834532 230.000000 0.165468 
0.825899 242.000000 0.174101 
0.829496 237.000000 0.170504 
0.826619 241.000000 0.173381 
0.830216 236.000000 0.169784 
0.825899 242.000000 0.174101 
0.824460 244.000000 0.175540 
0.833094 232.000000 0.166906 
0.827338 240.000000 0.172662 
0.824460 244.000000 0.175540 
0.827338 240.000000 0.172662 
0.822302 247.000000 0.177698 
0.815108 257.000000 0.184892 
0.826619 241.000000 0.173381 
0.813669 259.000000 0.186331 
0.828058 239.000000 0.171942 
0.829496 237.000000 0.170504 
0.828058 239.000000 0.171942 
0.815827 256.000000 0.184173 
0.827338 240.000000 0.172662 
0.825899 242.000000 0.174101 
0.825180 243.000000 0.174820 
0.825180 243.000000 0.174820 
0.831655 234.000000 0.168345 
0.831655 234.000000 0.168345 
0.831655 234.000000 0.168345 
0.830216 236.000000 0.169784 
0.813669 259.000000 0.186331 
0.823022 246.000000 0.176978 
0.818705 252.000000 0.181295 
0.837410 226.000000 0.162590 
0.833813 231.000000 0.166187 
0.832374 233.000000 0.167626 
0.825180 243.000000 0.174820 
0.830216 236.000000 0.169784 
0.814388 258.000000 0.185612 
0.818705 252.000000 0.181295 
0.827338 240.000000 0.172662 
0.825899 242.000000 0.174101 
0.815827 256.000000 0.184173 
0.818705 252.000000 0.181295 
0.824460 244.000000 0.175540 
0.833094 232.000000 0.166906 
0.824460 244.000000 0.175540 
0.835252 229.000000 0.164748 
0.826619 241.000000 0.173381 
0.816547 255.000000 0.183453 
0.829496 237.000000 0.170504 
0.824460 244.000000 0.175540 
0.820863 249.000000 0.179137 
0.827338 240.000000 0.172662 
0.825899 242.000000 0.174101 
0.824460 244.000000 0.175540 
0.831655 234.000000 0.168345 
0.820144 250.000000 0.179856 
0.838129 225.000000 0.161871 
0.827338 240.000000 0.172662 
0.815827 256.000000 0.184173 
0.815827 256.000000 0.184173 
0.817986 253.000000 0.182014 
0.826619 241.000000 0.173381 
0.815108 257.000000 0.184892 
0.822302 247.000000 0.177698 
0.822302 247.000000 0.177698 
0.824460 244.000000 0.175540 
0.823741 245.000000 0.176259 
0.822302 247.000000 0.177698 
0.815108 257.000000 0.184892 
0.821583 248.000000 0.178417 
0.824460 244.000000 0.175540 
0.830935 235.000000 0.169065 
0.825180 243.000000 0.174820 
0.820144 250.000000 0.179856 
0.823741 245.000000 0.176259 
0.819424 251.000000 0.180576 
0.826619 241.000000 0.173381 
0.826619 241.000000 0.173381 
0.823741 245.000000 0.176259 
0.824460 244.000000 0.175540 
0.825180 243.000000 0.174820 
0.826619 241.000000 0.173381 
0.830935 235.000000 0.169065 
0.814388 258.000000 0.185612 
0.825899 242.000000 0.174101 
0.829496 237.000000 0.170504 
0.816547 255.000000 0.183453 
0.832374 233.000000 0.167626 
0.811511 262.000000 0.188489 
0.817986 253.000000 0.182014 
0.829496 237.000000 0.170504 
0.811511 262.000000 0.188489 
0.829496 237.000000 0.170504 
0.832374 233.000000 0.167626 
0.816547 255.000000 0.183453 
0.811511 262.000000 0.188489 
0.829496 237.000000 0.170504 
0.821583 248.000000 0.178417 
0.832374 233.000000 0.167626 
0.815827 256.000000 0.184173 
0.832374 233.000000 0.167626 
0.823022 246.000000 0.176978 
0.828058 239.000000 0.171942 
0.828058 239.000000 0.171942 
0.813669 259.000000 0.186331 
0.825180 243.000000 0.174820 
0.829496 237.000000 0.170504 
0.818705 252.000000 0.181295 
0.832374 233.000000 0.167626 
0.818705 252.000000 0.181295 
0.820144 250.000000 0.179856 
0.825899 242.000000 0.174101 
0.824460 244.000000 0.175540 
0.833094 232.000000 0.166906 
0.818705 252.000000 0.181295 
0.837410 226.000000 0.162590 
0.838849 224.000000 0.161151 
0.828058 239.000000 0.171942 
0.822302 247.000000 0.177698 
0.823741 245.000000 0.176259 
0.819424 251.000000 0.180576 
0.815108 257.000000 0.184892 
0.836691 227.000000 0.163309 
0.817986 253.000000 0.182014 
0.828777 238.000000 0.171223 
0.822302 247.000000 0.177698 
0.829496 237.000000 0.170504 
0.823022 246.000000 0.176978 
0.817986 253.000000 0.182014 
0.825899 242.000000 0.174101 
0.837410 226.000000 0.162590 
0.837410 226.000000 0.162590 
0.830216 236.000000 0.169784 
0.820863 249.000000 0.179137 
0.826619 241.000000 0.173381 
0.817986 253.000000 0.182014 
0.838849 224.000000 0.161151 
0.836691 227.000000 0.163309 
0.821583 248.000000 0.178417 
0.823022 246.000000 0.176978 
0.820863 249.000000 0.179137 
0.814388 258.000000 0.185612 
0.833094 232.000000 0.166906 
0.823022 246.000000 0.176978 
0.822302 247.000000 0.177698 
0.835252 229.000000 0.164748 
0.815827 256.000000 0.184173 
0.829496 237.000000 0.170504 
0.817986 253.000000 0.182014 
0.833094 232.000000 0.166906 
0.817266 254.000000 0.182734 
0.829496 237.000000 0.170504 
0.820863 249.000000 0.179137 
0.830935 235.000000 0.169065 
0.813669 259.000000 0.186331 
0.825180 243.000000 0.174820 
0.812950 260.000000 0.187050 
0.826619 241.000000 0.173381 
0.828058 239.000000 0.171942 
0.815827 256.000000 0.184173 
0.828777 238.000000 0.171223 
0.830216 236.000000 0.169784 
0.823022 246.000000 0.176978 
0.841727 220.000000 0.158273 
0.820863 249.000000 0.179137 
0.823741 245.000000 0.176259 
0.820863 249.000000 0.179137 
0.818705 252.000000 0.181295 
0.819424 251.000000 0.180576 
0.846043 214.000000 0.153957 
0.832374 233.000000 0.167626 
0.828777 238.000000 0.171223 
0.815108 257.000000 0.184892 
0.825180 243.000000 0.174820 
0.839568 223.000000 0.160432 
0.824460 244.000000 0.175540 
0.828777 238.000000 0.171223 
0.823741 245.000000 0.176259 
0.810791 263.000000 0.189209 
0.818705 252.000000 0.181295 
0.826619 241.000000 0.173381 
0.814388 258.000000 0.185612 
0.833813 231.000000 0.166187 
0.830935 235.000000 0.169065 
0.830216 236.000000 0.169784 
0.835971 228.000000 0.164029 
0.827338 240.000000 0.172662 
0.825180 243.000000 0.174820 
0.824460 244.000000 0.175540 
0.818705 252.000000 0.181295 
0.826619 241.000000 0.173381 
0.830216 236.000000 0.169784 
0.830935 235.000000 0.169065 
0.823022 246.000000 0.176978 
0.815827 256.000000 0.184173 
0.820144 250.000000 0.179856 
0.833813 231.000000 0.166187 
0.822302 247.000000 0.177698 
0.833094 232.000000 0.166906 
0.814388 258.000000 0.185612 
0.827338 240.000000 0.172662 
0.831655 234.000000 0.168345 
0.809353 265.000000 0.190647 
0.839568 223.000000 0.160432 
0.821583 248.000000 0.178417 
0.819424 251.000000 0.180576 
0.830216 236.000000 0.169784 
0.833094 232.000000 0.166906 
0.834532 230.000000 0.165468 
0.829496 237.000000 0.170504 
0.828058 239.000000 0.171942 
0.821583 248.000000 0.178417 
0.831655 234.000000 0.168345 
0.808633 266.000000 0.191367 
0.828058 239.000000 0.171942 
0.820863 249.000000 0.179137 
0.824460 244.000000 0.175540 
0.819424 251.000000 0.180576 
0.828777 238.000000 0.171223 
0.820144 250.000000 0.179856 
0.826619 241.000000 0.173381 
0.833094 232.000000 0.166906 
0.830935 235.000000 0.169065 
0.820144 250.000000 0.179856 
0.822302 247.000000 0.177698 
0.827338 240.000000 0.172662 
0.825180 243.000000 0.174820 
0.820863 249.000000 0.179137 
0.832374 233.000000 0.167626 
0.819424 251.000000 0.180576 
0.842446 219.000000 0.157554 
0.825899 242.000000 0.174101 
0.830216 236.000000 0.169784 
0.823741 245.000000 0.176259 
0.826619 241.000000 0.173381 
0.834532 230.000000 0.165468 
0.826619 241.000000 0.173381 
0.833813 231.000000 0.166187 
0.820144 250.000000 0.179856 
0.842446 219.000000 0.157554 
0.826619 241.000000 0.173381 
0.833094 232.000000 0.166906 
0.833094 232.000000 0.166906 
0.820863 249.000000 0.179137 
0.820144 250.000000 0.179856 
0.823741 245.000000 0.176259 
0.816547 255.000000 0.183453 
0.833094 232.000000 0.166906 
0.828777 238.000000 0.171223 
0.831655 234.000000 0.168345 
0.824460 244.000000 0.175540 
0.828058 239.000000 0.171942 
0.825180 243.000000 0.174820 
0.815827 256.000000 0.184173 
0.830216 236.000000 0.169784 
0.837410 226.000000 0.162590 
0.823022 246.000000 0.176978 
0.820863 249.000000 0.179137 
0.816547 255.000000 0.183453 
0.821583 248.000000 0.178417 
0.825899 242.000000 0.174101 
0.827338 240.000000 0.172662 
0.825180 243.000000 0.174820 
0.833813 231.000000 0.166187 
0.818705 252.000000 0.181295 
0.838129 225.000000 0.161871 
0.824460 244.000000 0.175540 
0.838849 224.000000 0.161151 
0.822302 247.000000 0.177698 
0.820144 250.000000 0.179856 
0.825180 243.000000 0.174820 
0.826619 241.000000 0.173381 
0.829496 237.000000 0.170504 
0.835971 228.000000 0.164029 
0.827338 240.000000 0.172662 
0.820863 249.000000 0.179137 
0.820144 250.000000 0.179856 
0.828058 239.000000 0.171942 
0.825180 243.000000 0.174820 
0.820863 249.000000 0.179137 
0.816547 255.000000 0.183453 
0.815108 257.000000 0.184892 
0.810072 264.000000 0.189928 
0.828058 239.000000 0.171942 
0.835971 228.000000 0.164029 
0.824460 244.000000 0.175540 
0.828058 239.000000 0.171942 
0.821583 248.000000 0.178417 
0.820863 249.000000 0.179137 
0.833813 231.000000 0.166187 
0.812950 260.000000 0.187050 
0.828058 239.000000 0.171942 
0.821583 248.000000 0.178417 
0.811511 262.000000 0.188489 
0.825899 242.000000 0.174101 
0.830216 236.000000 0.169784 
0.834532 230.000000 0.165468 
0.835252 229.000000 0.164748 
0.833094 232.000000 0.166906 
0.811511 262.000000 0.188489 
0.817266 254.000000 0.182734 
0.833094 232.000000 0.166906 
0.819424 251.000000 0.180576 
0.824460 244.000000 0.175540 
0.817986 253.000000 0.182014 
0.825180 243.000000 0.174820 
0.823741 245.000000 0.176259 
0.831655 234.000000 0.168345 
0.824460 244.000000 0.175540 
0.818705 252.000000 0.181295 
0.819424 251.000000 0.180576 
0.823022 246.000000 0.176978 
0.831655 234.000000 0.168345 
0.815108 257.000000 0.184892 
0.823022 246.000000 0.176978 
0.823741 245.000000 0.176259 
0.837410 226.000000 0.162590 
0.828777 238.000000 0.171223 
0.817986 253.000000 0.182014 
0.826619 241.000000 0.173381 
0.820863 249.000000 0.179137 
0.832374 233.000000 0.167626 
0.818705 252.000000 0.181295 
0.813669 259.000000 0.186331 
0.831655 234.000000 0.168345 
0.828777 238.000000 0.171223 
0.826619 241.000000 0.173381 
0.823741 245.000000 0.176259 
0.819424 251.000000 0.180576 
0.827338 240.000000 0.172662 
0.830935 235.000000 0.169065 
0.835252 229.000000 0.164748 
0.816547 255.000000 0.183453 
0.812230 261.000000 0.187770 
0.823741 245.000000 0.176259 
0.823741 245.000000 0.176259 
0.836691 227.000000 0.163309 
0.815827 256.000000 0.184173 
0.828058 239.000000 0.171942 
0.826619 241.000000 0.173381 
0.825899 242.000000 0.174101 
0.820863 249.000000 0.179137 
0.802878 274.000000 0.197122 
0.824460 244.000000 0.175540 
0.826619 241.000000 0.173381 
0.825180 243.000000 0.174820 
0.832374 233.000000 0.167626 
0.817986 253.000000 0.182014 
0.828777 238.000000 0.171223 
0.827338 240.000000 0.172662 
0.819424 251.000000 0.180576 
0.824460 244.000000 0.175540 
0.825899 242.000000 0.174101 
0.821583 248.000000 0.178417 
0.825899 242.000000 0.174101 
0.820144 250.000000 0.179856 
0.828777 238.000000 0.171223 
0.822302 247.000000 0.177698 
0.831655 234.000000 0.168345 
0.821583 248.000000 0.178417 
0.824460 244.000000 0.175540 
0.825180 243.000000 0.174820 
0.833094 232.000000 0.166906 
0.826619 241.000000 0.173381 
0.826619 241.000000 0.173381 
0.827338 240.000000 0.172662 
0.827338 240.000000 0.172662 
0.817986 253.000000 0.182014 
0.827338 240.000000 0.172662 
0.826619 241.000000 0.173381 
0.819424 251.000000 0.180576 
0.821583 248.000000 0.178417 
0.825899 242.000000 0.174101 
0.828777 238.000000 0.171223 
0.823741 245.000000 0.176259 
0.830216 236.000000 0.169784 
0.816547 255.000000 0.183453 
0.829496 237.000000 0.170504 
0.828058 239.000000 0.171942 
0.826619 241.000000 0.173381 
0.812950 260.000000 0.187050 
0.831655 234.000000 0.168345 
0.829496 237.000000 0.170504 
0.831655 234.000000 0.168345 
0.828058 239.000000 0.171942 
0.825899 242.000000 0.174101 
0.821583 248.000000 0.178417 
0.820144 250.000000 0.179856 
0.833813 231.000000 0.166187 
0.826619 241.000000 0.173381 
0.820863 249.000000 0.179137 
0.830935 235.000000 0.169065 
0.835971 228.000000 0.164029 
0.829496 237.000000 0.170504 
0.817986 253.000000 0.182014 
0.826619 241.000000 0.173381 
0.837410 226.000000 0.162590 
0.812230 261.000000 0.187770 
0.815108 257.000000 0.184892 
0.831655 234.000000 0.168345 
0.829496 237.000000 0.170504 
0.820863 249.000000 0.179137 
0.838129 225.000000 0.161871 
0.817986 253.000000 0.182014 
0.823741 245.000000 0.176259 
0.819424 251.000000 0.180576 
0.826619 241.000000 0.173381 
0.811511 262.000000 0.188489 
0.830935 235.000000 0.169065 
0.823741 245.000000 0.176259 
0.833094 232.000000 0.166906 
0.813669 259.000000 0.186331 
0.814388 258.000000 0.185612 
0.832374 233.000000 0.167626 
0.836691 227.000000 0.163309 
0.831655 234.000000 0.168345 
0.818705 252.000000 0.181295 
0.841727 220.000000 0.158273 
0.834532 230.000000 0.165468 
0.823022 246.000000 0.176978 
0.820863 249.000000 0.179137 
0.833094 232.000000 0.166906 
0.815108 257.000000 0.184892 
0.821583 248.000000 0.178417 
0.826619 241.000000 0.173381 
0.819424 251.000000 0.180576 
0.829496 237.000000 0.170504 
0.833813 231.000000 0.166187 
0.814388 258.000000 0.185612 
0.824460 244.000000 0.175540 
0.815108 257.000000 0.184892 
0.830216 236.000000 0.169784 
0.822302 247.000000 0.177698 
0.826619 241.000000 0.173381 
0.827338 240.000000 0.172662 
0.823741 245.000000 0.176259 
0.833094 232.000000 0.166906 
0.820863 249.000000 0.179137 
0.837410 226.000000 0.162590 
0.819424 251.000000 0.180576 
0.831655 234.000000 0.168345 
0.838129 225.000000 0.161871 
0.823022 246.000000 0.176978 
0.811511 262.000000 0.188489 
0.828058 239.000000 0.171942 
0.820144 250.000000 0.179856 
0.825899 242.000000 0.174101 
0.819424 251.000000 0.180576 
0.838849 224.000000 0.161151 
0.812950 260.000000 0.187050 
0.841007 221.000000 0.158993 
0.820863 249.000000 0.179137 
0.829496 237.000000 0.170504 
0.838849 224.000000 0.161151 
0.827338 240.000000 0.172662 
0.816547 255.000000 0.183453 
0.823022 246.000000 0.176978 
0.835252 229.000000 0.164748 
0.833813 231.000000 0.166187 
0.823741 245.000000 0.176259 
0.828058 239.000000 0.171942 
0.812950 260.000000 0.187050 
0.833094 232.000000 0.166906 
0.817266 254.000000 0.182734 
0.814388 258.000000 0.185612 
0.810791 263.000000 0.189209 
0.828777 238.000000 0.171223 
0.826619 241.000000 0.173381 
0.822302 247.000000 0.177698 
0.827338 240.000000 0.172662 
0.821583 248.000000 0.178417 
0.832374 233.000000 0.167626 
0.821583 248.000000 0.178417 
0.818705 252.000000 0.181295 
0.818705 252.000000 0.181295 
0.835252 229.000000 0.164748 
0.823741 245.000000 0.176259 
0.815108 257.000000 0.184892 
0.826619 241.000000 0.173381 
0.824460 244.000000 0.175540 
0.830216 236.000000 0.169784 
0.812230 261.000000 0.187770 
0.826619 241.000000 0.173381 
0.828058 239.000000 0.171942 
0.828777 238.000000 0.171223 
0.831655 234.000000 0.168345 
0.830216 236.000000 0.169784 
0.825180 243.000000 0.174820 
0.819424 251.000000 0.180576 
0.825180 243.000000 0.174820 
0.823741 245.000000 0.176259 
0.819424 251.000000 0.180576 
0.831655 234.000000 0.168345 
0.828058 239.000000 0.171942 
0.803597 273.000000 0.196403 
0.820144 250.000000 0.179856 
0.828777 238.000000 0.171223 
0.825899 242.000000 0.174101 
0.830216 236.000000 0.169784 
0.833094 232.000000 0.166906 
0.823022 246.000000 0.176978 
0.820144 250.000000 0.179856 
0.817986 253.000000 0.182014 
0.833813 231.000000 0.166187 
0.825180 243.000000 0.174820 
0.823741 245.000000 0.176259 
0.825899 242.000000 0.174101 
0.820863 249.000000 0.179137 
0.833094 232.000000 0.166906 
0.829496 237.000000 0.170504 
0.834532 230.000000 0.165468 
0.815827 256.000000 0.184173 
0.829496 237.000000 0.170504 
0.842446 219.000000 0.157554 
0.835252 229.000000 0.164748 
0.833813 231.000000 0.166187 
0.809353 265.000000 0.190647 
0.825180 243.000000 0.174820 
0.819424 251.000000 0.180576 
0.833094 232.000000 0.166906 
0.823741 245.000000 0.176259 
0.828777 238.000000 0.171223 
0.824460 244.000000 0.175540 
0.833094 232.000000 0.166906 
0.817266 254.000000 0.182734 
0.817986 253.000000 0.182014 
0.823022 246.000000 0.176978 
0.817986 253.000000 0.182014 
0.836691 227.000000 0.163309 
0.825899 242.000000 0.174101 
0.826619 241.000000 0.173381 
0.826619 241.000000 0.173381 
0.836691 227.000000 0.163309 
0.820144 250.000000 0.179856 
0.828777 238.000000 0.171223 
0.825899 242.000000 0.174101 
0.831655 234.000000 0.168345 
0.817266 254.000000 0.182734 
0.825180 243.000000 0.174820 
0.810072 264.000000 0.189928 
0.818705 252.000000 0.181295 
0.815827 256.000000 0.184173 
0.825180 243.000000 0.174820 
0.837410 226.000000 0.162590 
0.828777 238.000000 0.171223 
0.839568 223.000000 0.160432 
0.835971 228.000000 0.164029 
0.823022 246.000000 0.176978 
0.823022 246.000000 0.176978 
0.835252 229.000000 0.164748 
0.828058 239.000000 0.171942 
0.807914 267.000000 0.192086 
0.820863 249.000000 0.179137 
0.829496 237.000000 0.170504 
0.831655 234.000000 0.168345 
0.829496 237.000000 0.170504 
0.814388 258.000000 0.185612 
0.823022 246.000000 0.176978 
0.817986 253.000000 0.182014 
0.832374 233.000000 0.167626 
0.828058 239.000000 0.171942 
0.823741 245.000000 0.176259 
0.825899 242.000000 0.174101 
0.835971 228.000000 0.164029 
0.826619 241.000000 0.173381 
0.813669 259.000000 0.186331 
0.828777 238.000000 0.171223 
0.841007 221.000000 0.158993 
0.816547 255.000000 0.183453 
0.813669 259.000000 0.186331 
0.807914 267.000000 0.192086 
0.827338 240.000000 0.172662 
0.821583 248.000000 0.178417 
0.823741 245.000000 0.176259 
0.820144 250.000000 0.179856 
0.828777 238.000000 0.171223 
0.826619 241.000000 0.173381 
0.824460 244.000000 0.175540 
0.825899 242.000000 0.174101 
0.826619 241.000000 0.173381 
0.823022 246.000000 0.176978 
0.827338 240.000000 0.172662 
0.830935 235.000000 0.169065 
0.820863 249.000000 0.179137 
0.823022 246.000000 0.176978 
0.834532 230.000000 0.165468 
0.824460 244.000000 0.175540 
0.825899 242.000000 0.174101 
0.819424 251.000000 0.180576 
0.812230 261.000000 0.187770 
0.819424 251.000000 0.180576 
0.819424 251.000000 0.180576 
0.827338 240.000000 0.172662 
0.826619 241.000000 0.173381 
0.817266 254.000000 0.182734 
0.826619 241.000000 0.173381 
0.819424 251.000000 0.180576 
0.833813 231.000000 0.166187 
0.808633 266.000000 0.191367 
0.831655 234.000000 0.168345 
0.817986 253.000000 0.182014 
0.826619 241.000000 0.173381 
0.821583 248.000000 0.178417 
0.823022 246.000000 0.176978 
0.811511 262.000000 0.188489 
0.828777 238.000000 0.171223 
0.827338 240.000000 0.172662 
0.815108 257.000000 0.184892 
0.828777 238.000000 0.171223 
0.825899 242.000000 0.174101 
0.824460 244.000000 0.175540 
0.822302 247.000000 0.177698 
0.822302 247.000000 0.177698 
0.825180 243.000000 0.174820 
0.833813 231.000000 0.166187 
0.816547 255.000000 0.183453 
0.821583 248.000000 0.178417 
0.825180 243.000000 0.174820 
0.828777 238.000000 0.171223 
0.817266 254.000000 0.182734 
0.821583 248.000000 0.178417 
0.819424 251.000000 0.180576 
0.835252 229.000000 0.164748 
0.807914 267.000000 0.192086 
0.829496 237.000000 0.170504 
0.825180 243.000000 0.174820 
0.828777 238.000000 0.171223 
0.825180 243.000000 0.174820 
0.827338 240.000000 0.172662 
0.819424 251.000000 0.180576 
0.819424 251.000000 0.180576 
0.834532 230.000000 0.165468 
0.830216 236.000000 0.169784 
0.819424 251.000000 0.180576 
0.817986 253.000000 0.182014 
0.833094 232.000000 0.166906 
0.816547 255.000000 0.183453 
0.817986 253.000000 0.182014 
0.823741 245.000000 0.176259 
0.823022 246.000000 0.176978 
0.825180 243.000000 0.174820 
0.825180 243.000000 0.174820 
0.836691 227.000000 0.163309 
0.823741 245.000000 0.176259 
0.835252 229.000000 0.164748 
0.825180 243.000000 0.174820 
0.821583 248.000000 0.178417 
0.830216 236.000000 0.169784 
0.825180 243.000000 0.174820 
0.824460 244.000000 0.175540 
0.830216 236.000000 0.169784 
0.833094 232.000000 0.166906 
0.821583 248.000000 0.178417 
0.829496 237.000000 0.170504 
0.832374 233.000000 0.167626 
0.826619 241.000000 0.173381 
0.830935 235.000000 0.169065 
0.830216 236.000000 0.169784 
0.833813 231.000000 0.166187 
0.823022 246.000000 0.176978 
0.833094 232.000000 0.166906 
0.815827 256.000000 0.184173 
0.826619 241.000000 0.173381 
0.823022 246.000000 0.176978 
0.815108 257.000000 0.184892 
0.821583 248.000000 0.178417 
0.824460 244.000000 0.175540 
0.830216 236.000000 0.169784 
0.826619 241.000000 0.173381 
0.838849 224.000000 0.161151 
0.811511 262.000000 0.188489 
0.830216 236.000000 0.169784 
0.815827 256.000000 0.184173 
0.825899 242.000000 0.174101 
0.835971 228.000000 0.164029 
0.817986 253.000000 0.182014 
0.819424 251.000000 0.180576 
0.820144 250.000000 0.179856 
0.821583 248.000000 0.178417 
0.816547 255.000000 0.183453 
0.821583 248.000000 0.178417 
0.827338 240.000000 0.172662 
0.827338 240.000000 0.172662 
0.838129 225.000000 0.161871 
0.808633 266.000000 0.191367 
0.819424 251.000000 0.180576 
0.816547 255.000000 0.183453 
0.833813 231.000000 0.166187 
0.820863 249.000000 0.179137 
0.815827 256.000000 0.184173 
0.827338 240.000000 0.172662 
0.812950 260.000000 0.187050 
0.829496 237.000000 0.170504 
0.831655 234.000000 0.168345 
0.820144 250.000000 0.179856 
0.815108 257.000000 0.184892 
0.818705 252.000000 0.181295 
0.818705 252.000000 0.181295 
0.825899 242.000000 0.174101 
0.823022 246.000000 0.176978 
0.824460 244.000000 0.175540 
0.835252 229.000000 0.164748 
0.820144 250.000000 0.179856 
0.828058 239.000000 0.171942 
0.825899 242.000000 0.174101 
0.817986 253.000000 0.182014 
0.830935 235.000000 0.169065 
0.817266 254.000000 0.182734 
0.824460 244.000000 0.175540 
0.820863 249.000000 0.179137 
0.821583 248.000000 0.178417 
0.807194 268.000000 0.192806 
0.827338 240.000000 0.172662 
0.823022 246.000000 0.176978 
0.823741 245.000000 0.176259 
0.827338 240.000000 0.172662 
0.830935 235.000000 0.169065 
0.812230 261.000000 0.187770 
0.832374 233.000000 0.167626 
0.830216 236.000000 0.169784 
0.810791 263.000000 0.189209 
0.819424 251.000000 0.180576 
0.830216 236.000000 0.169784 
0.822302 247.000000 0.177698 
0.826619 241.000000 0.173381 
0.810791 263.000000 0.189209 
0.831655 234.000000 0.168345 
0.824460 244.000000 0.175540 
0.817986 253.000000 0.182014 
0.823741 245.000000 0.176259 
0.822302 247.000000 0.177698 
0.819424 251.000000 0.180576 
0.826619 241.000000 0.173381 
0.827338 240.000000 0.172662 
0.821583 248.000000 0.178417 
0.831655 234.000000 0.168345 
0.822302 247.000000 0.177698 
0.830935 235.000000 0.169065 
0.837410 226.000000 0.162590 
0.832374 233.000000 0.167626 
0.841007 221.000000 0.158993 
0.825899 242.000000 0.174101 
0.817986 253.000000 0.182014 
0.828058 239.000000 0.171942 
0.819424 251.000000 0.180576 
0.834532 230.000000 0.165468 
0.823022 246.000000 0.176978 
0.831655 234.000000 0.168345 
0.826619 241.000000 0.173381 
0.820144 250.000000 0.179856 
0.812950 260.000000 0.187050 
0.817266 254.000000 0.182734 
0.843885 217.000000 0.156115 
0.815108 257.000000 0.184892 
0.819424 251.000000 0.180576 
0.815827 256.000000 0.184173 
0.841007 221.000000 0.158993 
0.817986 253.000000 0.182014 
0.815108 257.000000 0.184892 
0.817266 254.000000 0.182734 
0.815827 256.000000 0.184173 
0.832374 233.000000 0.167626 
0.824460 244.000000 0.175540 
0.817986 253.000000 0.182014 
0.823741 245.000000 0.176259 
0.815827 256.000000 0.184173 
0.820863 249.000000 0.179137 
0.825899 242.000000 0.174101 
0.823022 246.000000 0.176978 
0.825899 242.000000 0.174101 
0.821583 248.000000 0.178417 
0.829496 237.000000 0.170504 
0.820863 249.000000 0.179137 
0.820144 250.000000 0.179856 
0.833094 232.000000 0.166906 
0.816547 255.000000 0.183453 
0.825899 242.000000 0.174101 
0.820863 249.000000 0.179137 
0.826619 241.000000 0.173381 
0.839568 223.000000 0.160432 
0.829496 237.000000 0.170504 
0.817266 254.000000 0.182734 
0.833813 231.000000 0.166187 
0.815827 256.000000 0.184173 
0.832374 233.000000 0.167626 
0.825899 242.000000 0.174101 
0.816547 255.000000 0.183453 
0.823741 245.000000 0.176259 
0.833094 232.000000 0.166906 
0.810072 264.000000 0.189928 
0.841007 221.000000 0.158993 
0.828777 238.000000 0.171223 
0.835971 228.000000 0.164029 
0.812950 260.000000 0.187050 
0.820144 250.000000 0.179856 
0.815827 256.000000 0.184173 
0.828058 239.000000 0.171942 
0.835252 229.000000 0.164748 
0.830935 235.000000 0.169065 
0.822302 247.000000 0.177698 
0.825899 242.000000 0.174101 
0.836691 227.000000 0.163309 
0.832374 233.000000 0.167626 
0.819424 251.000000 0.180576 
0.833813 231.000000 0.166187 
0.820863 249.000000 0.179137 
0.812230 261.000000 0.187770 
0.830216 236.000000 0.169784 
0.822302 247.000000 0.177698 
0.824460 244.000000 0.175540 
0.831655 234.000000 0.168345 
0.843165 218.000000 0.156835 
0.821583 248.000000 0.178417 
0.830216 236.000000 0.169784 
0.813669 259.000000 0.186331 
0.830935 235.000000 0.169065 
0.825180 243.000000 0.174820 
0.818705 252.000000 0.181295 
0.825899 242.000000 0.174101 
0.822302 247.000000 0.177698 
0.830216 236.000000 0.169784 
0.823741 245.000000 0.176259 
0.833094 232.000000 0.166906 
0.823022 246.000000 0.176978 
0.830216 236.000000 0.169784 
0.810791 263.000000 0.189209 
0.814388 258.000000 0.185612 
0.835971 228.000000 0.164029 
0.826619 241.000000 0.173381 
0.829496 237.000000 0.170504 
0.828777 238.000000 0.171223 
0.826619 241.000000 0.173381 
0.817266 254.000000 0.182734 
0.815108 257.000000 0.184892 
0.823741 245.000000 0.176259 
0.826619 241.000000 0.173381 
0.822302 247.000000 0.177698 
0.810791 263.000000 0.189209 
0.822302 247.000000 0.177698 
0.831655 234.000000 0.168345 
0.825899 242.000000 0.174101 
0.815108 257.000000 0.184892 
0.825180 243.000000 0.174820 
0.826619 241.000000 0.173381 
0.826619 241.000000 0.173381 
0.828058 239.000000 0.171942 
0.816547 255.000000 0.183453 
0.815108 257.000000 0.184892 
0.834532 230.000000 0.165468 
0.837410 226.000000 0.162590 
0.841007 221.000000 0.158993 
0.837410 226.000000 0.162590 
0.829496 237.000000 0.170504 
0.817266 254.000000 0.182734 
0.826619 241.000000 0.173381 
0.812230 261.000000 0.187770 
0.820144 250.000000 0.179856 
0.820144 250.000000 0.179856 
0.828777 238.000000 0.171223 
0.825180 243.000000 0.174820 
0.826619 241.000000 0.173381 
0.831655 234.000000 0.168345 
0.825180 243.000000 0.174820 
0.819424 251.000000 0.180576 
0.817266 254.000000 0.182734 
0.818705 252.000000 0.181295 
0.815108 257.000000 0.184892 
0.821583 248.000000 0.178417 
0.821583 248.000000 0.178417 
0.828058 239.000000 0.171942 
0.815108 257.000000 0.184892 
0.823022 246.000000 0.176978 
0.828777 238.000000 0.171223 
0.826619 241.000000 0.173381 
0.812950 260.000000 0.187050 
0.825899 242.000000 0.174101 
0.807194 268.000000 0.192806 
0.825180 243.000000 0.174820 
0.820144 250.000000 0.179856 
0.825180 243.000000 0.174820 
0.830216 236.000000 0.169784 
0.837410 226.000000 0.162590 
0.831655 234.000000 0.168345 
0.825899 242.000000 0.174101 
0.827338 240.000000 0.172662 
0.822302 247.000000 0.177698 
0.822302 247.000000 0.177698 
0.823741 245.000000 0.176259 
0.823741 245.000000 0.176259 
0.825899 242.000000 0.174101 
0.816547 255.000000 0.183453 
0.838849 224.000000 0.161151 
0.825899 242.000000 0.174101 
0.838849 224.000000 0.161151 
0.817266 254.000000 0.182734 
0.812230 261.000000 0.187770 
0.824460 244.000000 0.175540 
0.816547 255.000000 0.183453 
0.815108 257.000000 0.184892 
0.825899 242.000000 0.174101 
0.827338 240.000000 0.172662 
0.818705 252.000000 0.181295 
0.820144 250.000000 0.179856 
0.829496 237.000000 0.170504 
0.819424 251.000000 0.180576 
0.825180 243.000000 0.174820 
0.826619 241.000000 0.173381 
0.826619 241.000000 0.173381 
0.828058 239.000000 0.171942 
0.825899 242.000000 0.174101 
0.835252 229.000000 0.164748 
0.823741 245.000000 0.176259 
0.832374 233.000000 0.167626 
0.825899 242.000000 0.174101 
0.825180 243.000000 0.174820 
0.821583 248.000000 0.178417 
0.820863 249.000000 0.179137 
0.828777 238.000000 0.171223 
0.836691 227.000000 0.163309 
0.823022 246.000000 0.176978 
0.814388 258.000000 0.185612 
0.833813 231.000000 0.166187 
0.836691 227.000000 0.163309 
0.834532 230.000000 0.165468 
0.828058 239.000000 0.171942 
0.829496 237.000000 0.170504 
0.825180 243.000000 0.174820 
0.833813 231.000000 0.166187 
0.819424 251.000000 0.180576 
0.827338 240.000000 0.172662 
0.816547 255.000000 0.183453 
0.811511 262.000000 0.188489 
0.829496 237.000000 0.170504 
0.830216 236.000000 0.169784 
0.815827 256.000000 0.184173 
0.823022 246.000000 0.176978 
0.823741 245.000000 0.176259 
0.811511 262.000000 0.188489 
0.825180 243.000000 0.174820 
0.822302 247.000000 0.177698 
0.827338 240.000000 0.172662 
0.825180 243.000000 0.174820 
0.829496 237.000000 0.170504 
0.825899 242.000000 0.174101 
0.825899 242.000000 0.174101 
0.825180 243.000000 0.174820 
0.833813 231.000000 0.166187 
0.817986 253.000000 0.182014 
0.817266 254.000000 0.182734 
0.823022 246.000000 0.176978 
0.820863 249.000000 0.179137 
0.819424 251.000000 0.180576 
0.824460 244.000000 0.175540 
0.830935 235.000000 0.169065 
0.830216 236.000000 0.169784 
0.827338 240.000000 0.172662 
0.826619 241.000000 0.173381 
0.817986 253.000000 0.182014 
0.828777 238.000000 0.171223 
0.822302 247.000000 0.177698 
0.828777 238.000000 0.171223 
0.830216 236.000000 0.169784 
0.836691 227.000000 0.163309 
0.817266 254.000000 0.182734 
0.833094 232.000000 0.166906 
0.810791 263.000000 0.189209 
0.830216 236.000000 0.169784 
0.831655 234.000000 0.168345 
0.811511 262.000000 0.188489 
0.820144 250.000000 0.179856 
0.830935 235.000000 0.169065 
0.826619 241.000000 0.173381 
0.827338 240.000000 0.172662 
0.823022 246.000000 0.176978 
0.829496 237.000000 0.170504 
0.832374 233.000000 0.167626 
0.824460 244.000000 0.175540 
0.836691 227.000000 0.163309 
0.832374 233.000000 0.167626 
0.828058 239.000000 0.171942 
0.828777 238.000000 0.171223 
0.821583 248.000000 0.178417 
0.833094 232.000000 0.166906 
0.823022 246.000000 0.176978 
0.816547 255.000000 0.183453 
0.835252 229.000000 0.164748 
0.817986 253.000000 0.182014 
0.828058 239.000000 0.171942 
0.823741 245.000000 0.176259 
0.820863 249.000000 0.179137 
0.817986 253.000000 0.182014 
0.829496 237.000000 0.170504 
0.827338 240.000000 0.172662 
0.822302 247.000000 0.177698 
0.819424 251.000000 0.180576 
0.837410 226.000000 0.162590 
0.842446 219.000000 0.157554 
0.812950 260.000000 0.187050 
0.820863 249.000000 0.179137 
0.835252 229.000000 0.164748 
0.815108 257.000000 0.184892 
0.820863 249.000000 0.179137 
0.832374 233.000000 0.167626 
0.819424 251.000000 0.180576 
0.828058 239.000000 0.171942 
0.825899 242.000000 0.174101 
0.835971 228.000000 0.164029 
0.817986 253.000000 0.182014 
0.815108 257.000000 0.184892 
0.818705 252.000000 0.181295 
0.822302 247.000000 0.177698 
0.829496 237.000000 0.170504 
0.825180 243.000000 0.174820 
0.823022 246.000000 0.176978 
0.819424 251.000000 0.180576 
0.833813 231.000000 0.166187 
0.827338 240.000000 0.172662 
0.820144 250.000000 0.179856 
0.825899 242.000000 0.174101 
0.817986 253.000000 0.182014 
0.819424 251.000000 0.180576 
0.824460 244.000000 0.175540 
0.829496 237.000000 0.170504 
0.819424 251.000000 0.180576 
0.817266 254.000000 0.182734 
0.829496 237.000000 0.170504 
0.815827 256.000000 0.184173 
0.822302 247.000000 0.177698 
0.828777 238.000000 0.171223 
0.825180 243.000000 0.174820 
0.812230 261.000000 0.187770 
0.833094 232.000000 0.166906 
0.814388 258.000000 0.185612 
0.823022 246.000000 0.176978 
0.841007 221.000000 0.158993 
0.820144 250.000000 0.179856 
0.838849 224.000000 0.161151 
0.828058 239.000000 0.171942 
0.819424 251.000000 0.180576 
0.836691 227.000000 0.163309 
0.820144 250.000000 0.179856 
0.824460 244.000000 0.175540 
0.828058 239.000000 0.171942 
0.820144 250.000000 0.179856 
0.836691 227.000000 0.163309 
0.819424 251.000000 0.180576 
0.825899 242.000000 0.174101 
0.831655 234.000000 0.168345 
0.815108 257.000000 0.184892 
0.822302 247.000000 0.177698 
0.816547 255.000000 0.183453 
0.828777 238.000000 0.171223 
0.819424 251.000000 0.180576 
0.824460 244.000000 0.175540 
0.833094 232.000000 0.166906 
0.824460 244.000000 0.175540 
0.830216 236.000000 0.169784 
0.825899 242.000000 0.174101 
0.829496 237.000000 0.170504 
0.825899 242.000000 0.174101 
0.823022 246.000000 0.176978 
0.833094 232.000000 0.166906 
0.838129 225.000000 0.161871 
0.823022 246.000000 0.176978 
0.815827 256.000000 0.184173 
0.821583 248.000000 0.178417 
0.823022 246.000000 0.176978 
0.834532 230.000000 0.165468 
0.836691 227.000000 0.163309 
0.830935 235.000000 0.169065 
0.820863 249.000000 0.179137 
0.826619 241.000000 0.173381 
0.828777 238.000000 0.171223 
0.828058 239.000000 0.171942 
0.814388 258.000000 0.185612 
0.808633 266.000000 0.191367 
0.823022 246.000000 0.176978 
0.817986 253.000000 0.182014 
0.819424 251.000000 0.180576 
0.817986 253.000000 0.182014 
0.827338 240.000000 0.172662 
0.815108 257.000000 0.184892 
0.813669 259.000000 0.186331 
0.816547 255.000000 0.183453 
0.827338 240.000000 0.172662 
0.830216 236.000000 0.169784 
0.828777 238.000000 0.171223 
0.832374 233.000000 0.167626 
0.824460 244.000000 0.175540 
0.831655 234.000000 0.168345 
0.829496 237.000000 0.170504 
0.834532 230.000000 0.165468 
0.812950 260.000000 0.187050 
0.817266 254.000000 0.182734 
0.821583 248.000000 0.178417 
0.831655 234.000000 0.168345 
0.819424 251.000000 0.180576 
0.829496 237.000000 0.170504 
0.807194 268.000000 0.192806 
0.838129 225.000000 0.161871 
0.831655 234.000000 0.168345 
0.829496 237.000000 0.170504 
0.838129 225.000000 0.161871 
0.829496 237.000000 0.170504 
0.829496 237.000000 0.170504 
0.825180 243.000000 0.174820 
0.829496 237.000000 0.170504 
0.819424 251.000000 0.180576 
0.816547 255.000000 0.183453 
0.839568 223.000000 0.160432 
0.819424 251.000000 0.180576 
0.828777 238.000000 0.171223 
0.819424 251.000000 0.180576 
0.821583 248.000000 0.178417 
0.821583 248.000000 0.178417 
0.823741 245.000000 0.176259 
0.826619 241.000000 0.173381 
0.824460 244.000000 0.175540 
0.822302 247.000000 0.177698 
0.820144 250.000000 0.179856 
0.829496 237.000000 0.170504 
0.828777 238.000000 0.171223 
0.820863 249.000000 0.179137 
0.812230 261.000000 0.187770 
0.827338 240.000000 0.172662 
0.827338 240.000000 0.172662 
0.829496 237.000000 0.170504 
0.827338 240.000000 0.172662 
0.821583 248.000000 0.178417 
0.827338 240.000000 0.172662 
0.815108 257.000000 0.184892 
0.817266 254.000000 0.182734 
0.830935 235.000000 0.169065 
0.826619 241.000000 0.173381 
0.813669 259.000000 0.186331 
0.813669 259.000000 0.186331 
0.820863 249.000000 0.179137 
