0.674118 671.000000 0.280753 
0.676078 666.000000 0.278661 
0.682353 650.000000 0.271967 
0.679608 657.000000 0.274895 
0.678431 660.000000 0.276151 
0.676078 666.000000 0.278661 
0.680000 656.000000 0.274477 
0.677647 662.000000 0.276987 
0.680000 656.000000 0.274477 
0.675294 668.000000 0.279498 
0.676863 664.000000 0.277824 
0.680000 656.000000 0.274477 
0.675686 667.000000 0.279079 
0.677255 663.000000 0.277406 
0.679216 658.000000 0.275314 
0.676078 666.000000 0.278661 
0.674118 671.000000 0.280753 
0.677255 663.000000 0.277406 
0.676078 666.000000 0.278661 
0.675294 668.000000 0.279498 
0.676078 666.000000 0.278661 
0.678431 660.000000 0.276151 
0.676078 666.000000 0.278661 
0.680000 656.000000 0.274477 
0.675294 668.000000 0.279498 
0.679216 658.000000 0.275314 
0.676471 665.000000 0.278243 
0.679216 658.000000 0.275314 
0.676078 666.000000 0.278661 
0.680000 656.000000 0.274477 
0.674118 671.000000 0.280753 
0.677647 662.000000 0.276987 
0.675686 667.000000 0.279079 
0.676471 665.000000 0.278243 
0.676471 665.000000 0.278243 
0.678039 661.000000 0.276569 
0.676078 666.000000 0.278661 
0.678824 659.000000 0.275732 
0.681176 653.000000 0.273222 
0.676863 664.000000 0.277824 
0.680392 655.000000 0.274059 
0.680000 656.000000 0.274477 
0.678039 661.000000 0.276569 
0.680784 654.000000 0.273640 
0.678431 660.000000 0.276151 
0.678824 659.000000 0.275732 
0.680392 655.000000 0.274059 
0.674902 669.000000 0.279916 
0.676078 666.000000 0.278661 
0.682745 649.000000 0.271548 
0.678039 661.000000 0.276569 
0.676863 664.000000 0.277824 
0.672941 674.000000 0.282008 
0.673725 672.000000 0.281172 
0.679216 658.000000 0.275314 
0.676078 666.000000 0.278661 
0.678039 661.000000 0.276569 
0.674118 671.000000 0.280753 
0.678039 661.000000 0.276569 
0.678824 659.000000 0.275732 
0.676471 665.000000 0.278243 
0.676863 664.000000 0.277824 
0.676078 666.000000 0.278661 
0.678039 661.000000 0.276569 
0.679608 657.000000 0.274895 
0.678431 660.000000 0.276151 
0.674902 669.000000 0.279916 
0.681176 653.000000 0.273222 
0.677255 663.000000 0.277406 
0.678824 659.000000 0.275732 
0.679216 658.000000 0.275314 
0.680392 655.000000 0.274059 
0.676078 666.000000 0.278661 
0.675294 668.000000 0.279498 
0.679608 657.000000 0.274895 
0.678824 659.000000 0.275732 
0.677647 662.000000 0.276987 
0.674902 669.000000 0.279916 
0.680392 655.000000 0.274059 
0.678824 659.000000 0.275732 
0.678431 660.000000 0.276151 
0.675294 668.000000 0.279498 
0.679608 657.000000 0.274895 
0.674902 669.000000 0.279916 
0.680000 656.000000 0.274477 
0.679216 658.000000 0.275314 
0.677647 662.000000 0.276987 
0.674902 669.000000 0.279916 
0.676863 664.000000 0.277824 
0.675294 668.000000 0.279498 
0.670588 680.000000 0.284519 
0.676078 666.000000 0.278661 
0.680000 656.000000 0.274477 
0.676471 665.000000 0.278243 
0.674902 669.000000 0.279916 
0.678431 660.000000 0.276151 
0.679608 657.000000 0.274895 
0.682745 649.000000 0.271548 
0.676863 664.000000 0.277824 
0.673725 672.000000 0.281172 
0.676078 666.000000 0.278661 
0.675686 667.000000 0.279079 
0.680784 654.000000 0.273640 
0.679608 657.000000 0.274895 
0.679216 658.000000 0.275314 
0.676863 664.000000 0.277824 
0.677647 662.000000 0.276987 
0.678824 659.000000 0.275732 
0.676863 664.000000 0.277824 
0.675686 667.000000 0.279079 
0.672941 674.000000 0.282008 
0.681176 653.000000 0.273222 
0.681961 651.000000 0.272385 
0.677647 662.000000 0.276987 
0.676471 665.000000 0.278243 
0.672941 674.000000 0.282008 
0.680392 655.000000 0.274059 
0.674902 669.000000 0.279916 
0.676078 666.000000 0.278661 
0.676078 666.000000 0.278661 
0.679216 658.000000 0.275314 
0.678824 659.000000 0.275732 
0.682745 649.000000 0.271548 
0.674902 669.000000 0.279916 
0.677255 663.000000 0.277406 
0.676078 666.000000 0.278661 
0.676863 664.000000 0.277824 
0.683137 648.000000 0.271130 
0.676863 664.000000 0.277824 
0.678824 659.000000 0.275732 
0.678431 660.000000 0.276151 
0.680784 654.000000 0.273640 
0.677255 663.000000 0.277406 
0.674510 670.000000 0.280335 
0.682353 650.000000 0.271967 
0.678431 660.000000 0.276151 
0.676078 666.000000 0.278661 
0.677647 662.000000 0.276987 
0.682353 650.000000 0.271967 
0.673725 672.000000 0.281172 
0.679216 658.000000 0.275314 
0.671765 677.000000 0.283264 
0.679216 658.000000 0.275314 
0.675686 667.000000 0.279079 
0.676863 664.000000 0.277824 
0.671765 677.000000 0.283264 
0.677647 662.000000 0.276987 
0.676863 664.000000 0.277824 
0.678431 660.000000 0.276151 
0.681176 653.000000 0.273222 
0.678824 659.000000 0.275732 
0.677255 663.000000 0.277406 
0.679216 658.000000 0.275314 
0.676863 664.000000 0.277824 
0.674510 670.000000 0.280335 
0.679216 658.000000 0.275314 
0.681569 652.000000 0.272803 
0.681569 652.000000 0.272803 
0.677255 663.000000 0.277406 
0.676863 664.000000 0.277824 
0.674510 670.000000 0.280335 
0.680392 655.000000 0.274059 
0.675686 667.000000 0.279079 
0.676863 664.000000 0.277824 
0.675686 667.000000 0.279079 
0.674118 671.000000 0.280753 
0.677647 662.000000 0.276987 
0.682353 650.000000 0.271967 
0.678431 660.000000 0.276151 
0.677255 663.000000 0.277406 
0.680000 656.000000 0.274477 
0.681569 652.000000 0.272803 
0.679608 657.000000 0.274895 
0.681176 653.000000 0.273222 
0.675294 668.000000 0.279498 
0.676078 666.000000 0.278661 
0.678039 661.000000 0.276569 
0.677255 663.000000 0.277406 
0.673333 673.000000 0.281590 
0.679608 657.000000 0.274895 
0.680784 654.000000 0.273640 
0.675686 667.000000 0.279079 
0.676471 665.000000 0.278243 
0.678431 660.000000 0.276151 
0.673333 673.000000 0.281590 
0.678824 659.000000 0.275732 
0.676078 666.000000 0.278661 
0.677647 662.000000 0.276987 
0.681176 653.000000 0.273222 
0.676471 665.000000 0.278243 
0.674902 669.000000 0.279916 
0.675294 668.000000 0.279498 
0.678431 660.000000 0.276151 
0.679608 657.000000 0.274895 
0.676078 666.000000 0.278661 
0.680000 656.000000 0.274477 
0.676863 664.000000 0.277824 
0.677647 662.000000 0.276987 
0.672549 675.000000 0.282427 
0.677647 662.000000 0.276987 
0.678039 661.000000 0.276569 
0.677647 662.000000 0.276987 
0.678039 661.000000 0.276569 
0.674118 671.000000 0.280753 
0.676078 666.000000 0.278661 
0.678039 661.000000 0.276569 
0.680392 655.000000 0.274059 
0.677255 663.000000 0.277406 
0.674510 670.000000 0.280335 
0.678824 659.000000 0.275732 
0.678431 660.000000 0.276151 
0.671373 678.000000 0.283682 
0.678431 660.000000 0.276151 
0.681569 652.000000 0.272803 
0.678431 660.000000 0.276151 
0.676078 666.000000 0.278661 
0.676863 664.000000 0.277824 
0.673725 672.000000 0.281172 
0.678431 660.000000 0.276151 
0.679608 657.000000 0.274895 
0.678431 660.000000 0.276151 
0.680784 654.000000 0.273640 
0.676471 665.000000 0.278243 
0.674902 669.000000 0.279916 
0.676078 666.000000 0.278661 
0.674510 670.000000 0.280335 
0.674902 669.000000 0.279916 
0.675686 667.000000 0.279079 
0.679608 657.000000 0.274895 
0.676471 665.000000 0.278243 
0.679216 658.000000 0.275314 
0.677255 663.000000 0.277406 
0.675294 668.000000 0.279498 
0.678039 661.000000 0.276569 
0.674118 671.000000 0.280753 
0.679216 658.000000 0.275314 
0.676863 664.000000 0.277824 
0.682745 649.000000 0.271548 
0.679216 658.000000 0.275314 
0.680392 655.000000 0.274059 
0.675294 668.000000 0.279498 
0.673725 672.000000 0.281172 
0.675294 668.000000 0.279498 
0.675686 667.000000 0.279079 
0.680392 655.000000 0.274059 
0.673333 673.000000 0.281590 
0.679216 658.000000 0.275314 
0.675686 667.000000 0.279079 
0.680392 655.000000 0.274059 
0.676471 665.000000 0.278243 
0.676863 664.000000 0.277824 
0.672549 675.000000 0.282427 
0.676078 666.000000 0.278661 
0.678039 661.000000 0.276569 
0.677647 662.000000 0.276987 
0.675294 668.000000 0.279498 
0.677647 662.000000 0.276987 
0.680784 654.000000 0.273640 
0.677255 663.000000 0.277406 
0.677647 662.000000 0.276987 
0.676471 665.000000 0.278243 
0.678039 661.000000 0.276569 
0.678039 661.000000 0.276569 
0.683137 648.000000 0.271130 
0.683529 647.000000 0.270711 
0.676471 665.000000 0.278243 
0.684314 645.000000 0.269874 
0.677647 662.000000 0.276987 
0.678431 660.000000 0.276151 
0.680784 654.000000 0.273640 
0.678431 660.000000 0.276151 
0.678824 659.000000 0.275732 
0.677255 663.000000 0.277406 
0.674902 669.000000 0.279916 
0.677255 663.000000 0.277406 
0.676863 664.000000 0.277824 
0.676863 664.000000 0.277824 
0.678039 661.000000 0.276569 
0.676471 665.000000 0.278243 
0.676471 665.000000 0.278243 
0.678431 660.000000 0.276151 
0.676863 664.000000 0.277824 
0.678431 660.000000 0.276151 
0.681569 652.000000 0.272803 
0.677255 663.000000 0.277406 
0.674902 669.000000 0.279916 
0.674902 669.000000 0.279916 
0.676863 664.000000 0.277824 
0.675686 667.000000 0.279079 
0.674510 670.000000 0.280335 
0.679216 658.000000 0.275314 
0.679216 658.000000 0.275314 
0.679216 658.000000 0.275314 
0.676078 666.000000 0.278661 
0.678824 659.000000 0.275732 
0.680000 656.000000 0.274477 
0.677647 662.000000 0.276987 
0.675686 667.000000 0.279079 
0.674902 669.000000 0.279916 
0.674510 670.000000 0.280335 
0.676863 664.000000 0.277824 
0.675686 667.000000 0.279079 
0.680784 654.000000 0.273640 
0.676078 666.000000 0.278661 
0.679216 658.000000 0.275314 
0.675686 667.000000 0.279079 
0.681569 652.000000 0.272803 
0.680784 654.000000 0.273640 
0.678431 660.000000 0.276151 
0.675294 668.000000 0.279498 
0.678431 660.000000 0.276151 
0.676863 664.000000 0.277824 
0.676078 666.000000 0.278661 
0.678824 659.000000 0.275732 
0.682353 650.000000 0.271967 
0.678431 660.000000 0.276151 
0.675294 668.000000 0.279498 
0.677255 663.000000 0.277406 
0.674902 669.000000 0.279916 
0.679608 657.000000 0.274895 
0.675294 668.000000 0.279498 
0.674510 670.000000 0.280335 
0.676078 666.000000 0.278661 
0.676471 665.000000 0.278243 
0.676863 664.000000 0.277824 
0.676863 664.000000 0.277824 
0.679216 658.000000 0.275314 
0.675294 668.000000 0.279498 
0.676471 665.000000 0.278243 
0.675294 668.000000 0.279498 
0.681176 653.000000 0.273222 
0.673725 672.000000 0.281172 
0.678039 661.000000 0.276569 
0.680392 655.000000 0.274059 
0.675686 667.000000 0.279079 
0.678431 660.000000 0.276151 
0.680000 656.000000 0.274477 
0.677647 662.000000 0.276987 
0.686667 639.000000 0.267364 
0.680000 656.000000 0.274477 
0.678431 660.000000 0.276151 
0.674902 669.000000 0.279916 
0.677647 662.000000 0.276987 
0.678824 659.000000 0.275732 
0.680392 655.000000 0.274059 
0.676863 664.000000 0.277824 
0.677647 662.000000 0.276987 
0.680392 655.000000 0.274059 
0.683922 646.000000 0.270293 
0.674902 669.000000 0.279916 
0.682353 650.000000 0.271967 
0.669804 682.000000 0.285356 
0.680000 656.000000 0.274477 
0.678039 661.000000 0.276569 
0.676471 665.000000 0.278243 
0.676863 664.000000 0.277824 
0.678039 661.000000 0.276569 
0.674902 669.000000 0.279916 
0.676078 666.000000 0.278661 
0.672549 675.000000 0.282427 
0.672549 675.000000 0.282427 
0.677647 662.000000 0.276987 
0.673333 673.000000 0.281590 
0.678039 661.000000 0.276569 
0.676863 664.000000 0.277824 
0.676078 666.000000 0.278661 
0.676863 664.000000 0.277824 
0.676078 666.000000 0.278661 
0.676863 664.000000 0.277824 
0.680000 656.000000 0.274477 
0.678824 659.000000 0.275732 
0.676471 665.000000 0.278243 
0.678824 659.000000 0.275732 
0.677647 662.000000 0.276987 
0.676078 666.000000 0.278661 
0.678431 660.000000 0.276151 
0.676078 666.000000 0.278661 
0.680784 654.000000 0.273640 
0.678039 661.000000 0.276569 
0.678039 661.000000 0.276569 
0.682353 650.000000 0.271967 
0.679608 657.000000 0.274895 
0.677647 662.000000 0.276987 
0.677255 663.000000 0.277406 
0.678039 661.000000 0.276569 
0.676471 665.000000 0.278243 
0.685490 642.000000 0.268619 
0.679216 658.000000 0.275314 
0.677255 663.000000 0.277406 
0.677647 662.000000 0.276987 
0.679216 658.000000 0.275314 
0.678824 659.000000 0.275732 
0.685098 643.000000 0.269038 
0.679608 657.000000 0.274895 
0.677255 663.000000 0.277406 
0.673333 673.000000 0.281590 
0.681569 652.000000 0.272803 
0.679216 658.000000 0.275314 
0.678039 661.000000 0.276569 
0.679608 657.000000 0.274895 
0.681176 653.000000 0.273222 
0.679608 657.000000 0.274895 
0.678039 661.000000 0.276569 
0.678039 661.000000 0.276569 
0.674118 671.000000 0.280753 
0.681569 652.000000 0.272803 
0.676078 666.000000 0.278661 
0.675686 667.000000 0.279079 
0.678824 659.000000 0.275732 
0.681569 652.000000 0.272803 
0.681961 651.000000 0.272385 
0.675294 668.000000 0.279498 
0.673725 672.000000 0.281172 
0.674510 670.000000 0.280335 
0.678824 659.000000 0.275732 
0.681569 652.000000 0.272803 
0.676471 665.000000 0.278243 
0.682353 650.000000 0.271967 
0.678039 661.000000 0.276569 
0.683529 647.000000 0.270711 
0.678824 659.000000 0.275732 
0.681961 651.000000 0.272385 
0.674118 671.000000 0.280753 
0.676078 666.000000 0.278661 
0.677255 663.000000 0.277406 
0.678039 661.000000 0.276569 
0.678039 661.000000 0.276569 
0.676078 666.000000 0.278661 
0.676471 665.000000 0.278243 
0.676863 664.000000 0.277824 
0.678039 661.000000 0.276569 
0.674118 671.000000 0.280753 
0.678824 659.000000 0.275732 
0.673725 672.000000 0.281172 
0.678431 660.000000 0.276151 
0.673333 673.000000 0.281590 
0.682353 650.000000 0.271967 
0.681176 653.000000 0.273222 
0.680000 656.000000 0.274477 
0.681176 653.000000 0.273222 
0.681569 652.000000 0.272803 
0.680392 655.000000 0.274059 
0.678431 660.000000 0.276151 
0.679216 658.000000 0.275314 
0.677255 663.000000 0.277406 
0.676863 664.000000 0.277824 
0.678039 661.000000 0.276569 
0.676078 666.000000 0.278661 
0.676078 666.000000 0.278661 
0.676471 665.000000 0.278243 
0.684314 645.000000 0.269874 
0.679216 658.000000 0.275314 
0.673725 672.000000 0.281172 
0.674902 669.000000 0.279916 
0.677647 662.000000 0.276987 
0.677647 662.000000 0.276987 
0.678431 660.000000 0.276151 
0.678824 659.000000 0.275732 
0.680000 656.000000 0.274477 
0.680784 654.000000 0.273640 
0.678431 660.000000 0.276151 
0.682353 650.000000 0.271967 
0.683529 647.000000 0.270711 
0.679608 657.000000 0.274895 
0.679216 658.000000 0.275314 
0.680784 654.000000 0.273640 
0.679608 657.000000 0.274895 
0.677255 663.000000 0.277406 
0.677647 662.000000 0.276987 
0.680392 655.000000 0.274059 
0.678824 659.000000 0.275732 
0.673333 673.000000 0.281590 
0.676078 666.000000 0.278661 
0.674902 669.000000 0.279916 
0.678431 660.000000 0.276151 
0.679608 657.000000 0.274895 
0.678431 660.000000 0.276151 
0.674902 669.000000 0.279916 
0.677255 663.000000 0.277406 
0.674510 670.000000 0.280335 
0.678431 660.000000 0.276151 
0.681569 652.000000 0.272803 
0.679216 658.000000 0.275314 
0.674902 669.000000 0.279916 
0.676078 666.000000 0.278661 
0.679608 657.000000 0.274895 
0.674902 669.000000 0.279916 
0.678824 659.000000 0.275732 
0.677647 662.000000 0.276987 
0.676863 664.000000 0.277824 
0.676471 665.000000 0.278243 
0.673725 672.000000 0.281172 
0.677647 662.000000 0.276987 
0.678824 659.000000 0.275732 
0.675686 667.000000 0.279079 
0.674902 669.000000 0.279916 
0.677255 663.000000 0.277406 
0.679216 658.000000 0.275314 
0.679608 657.000000 0.274895 
0.676471 665.000000 0.278243 
0.671373 678.000000 0.283682 
0.676863 664.000000 0.277824 
0.678039 661.000000 0.276569 
0.676078 666.000000 0.278661 
0.681569 652.000000 0.272803 
0.678824 659.000000 0.275732 
0.680784 654.000000 0.273640 
0.677255 663.000000 0.277406 
0.682353 650.000000 0.271967 
0.678824 659.000000 0.275732 
0.678824 659.000000 0.275732 
0.676863 664.000000 0.277824 
0.673333 673.000000 0.281590 
0.681176 653.000000 0.273222 
0.677647 662.000000 0.276987 
0.681961 651.000000 0.272385 
0.677647 662.000000 0.276987 
0.674118 671.000000 0.280753 
0.676863 664.000000 0.277824 
0.683137 648.000000 0.271130 
0.680784 654.000000 0.273640 
0.677255 663.000000 0.277406 
0.679608 657.000000 0.274895 
0.678039 661.000000 0.276569 
0.677255 663.000000 0.277406 
0.675686 667.000000 0.279079 
0.672549 675.000000 0.282427 
0.676078 666.000000 0.278661 
0.682745 649.000000 0.271548 
0.681569 652.000000 0.272803 
0.672157 676.000000 0.282845 
0.677255 663.000000 0.277406 
0.677255 663.000000 0.277406 
0.676471 665.000000 0.278243 
0.670588 680.000000 0.284519 
0.685490 642.000000 0.268619 
0.680392 655.000000 0.274059 
0.680392 655.000000 0.274059 
0.680000 656.000000 0.274477 
0.677647 662.000000 0.276987 
0.680784 654.000000 0.273640 
0.678824 659.000000 0.275732 
0.678039 661.000000 0.276569 
0.679216 658.000000 0.275314 
0.676863 664.000000 0.277824 
0.674902 669.000000 0.279916 
0.679216 658.000000 0.275314 
0.678431 660.000000 0.276151 
0.679608 657.000000 0.274895 
0.671765 677.000000 0.283264 
0.678039 661.000000 0.276569 
0.676471 665.000000 0.278243 
0.676863 664.000000 0.277824 
0.671373 678.000000 0.283682 
0.680000 656.000000 0.274477 
0.685098 643.000000 0.269038 
0.678039 661.000000 0.276569 
0.675294 668.000000 0.279498 
0.678431 660.000000 0.276151 
0.678039 661.000000 0.276569 
0.676863 664.000000 0.277824 
0.674118 671.000000 0.280753 
0.678039 661.000000 0.276569 
0.678039 661.000000 0.276569 
0.675686 667.000000 0.279079 
0.678039 661.000000 0.276569 
0.679608 657.000000 0.274895 
0.677647 662.000000 0.276987 
0.678431 660.000000 0.276151 
0.673333 673.000000 0.281590 
0.677255 663.000000 0.277406 
0.676471 665.000000 0.278243 
0.677255 663.000000 0.277406 
0.681961 651.000000 0.272385 
0.676078 666.000000 0.278661 
0.678039 661.000000 0.276569 
0.676471 665.000000 0.278243 
0.676863 664.000000 0.277824 
0.677255 663.000000 0.277406 
0.678824 659.000000 0.275732 
0.678039 661.000000 0.276569 
0.677255 663.000000 0.277406 
0.675686 667.000000 0.279079 
0.676078 666.000000 0.278661 
0.681569 652.000000 0.272803 
0.677255 663.000000 0.277406 
0.679608 657.000000 0.274895 
0.678431 660.000000 0.276151 
0.678431 660.000000 0.276151 
0.675686 667.000000 0.279079 
0.678824 659.000000 0.275732 
0.678039 661.000000 0.276569 
0.678824 659.000000 0.275732 
0.676078 666.000000 0.278661 
0.678431 660.000000 0.276151 
0.679608 657.000000 0.274895 
0.674510 670.000000 0.280335 
0.679216 658.000000 0.275314 
0.676863 664.000000 0.277824 
0.677647 662.000000 0.276987 
0.678431 660.000000 0.276151 
0.680392 655.000000 0.274059 
0.673725 672.000000 0.281172 
0.673725 672.000000 0.281172 
0.677255 663.000000 0.277406 
0.678431 660.000000 0.276151 
0.680784 654.000000 0.273640 
0.679608 657.000000 0.274895 
0.678824 659.000000 0.275732 
0.676078 666.000000 0.278661 
0.678039 661.000000 0.276569 
0.676863 664.000000 0.277824 
0.678431 660.000000 0.276151 
0.676863 664.000000 0.277824 
0.677647 662.000000 0.276987 
0.678824 659.000000 0.275732 
0.676471 665.000000 0.278243 
0.674510 670.000000 0.280335 
0.679216 658.000000 0.275314 
0.674510 670.000000 0.280335 
0.674510 670.000000 0.280335 
0.674510 670.000000 0.280335 
0.679216 658.000000 0.275314 
0.678824 659.000000 0.275732 
0.675294 668.000000 0.279498 
0.683922 646.000000 0.270293 
0.674118 671.000000 0.280753 
0.676863 664.000000 0.277824 
0.677255 663.000000 0.277406 
0.677647 662.000000 0.276987 
0.677647 662.000000 0.276987 
0.679216 658.000000 0.275314 
0.677255 663.000000 0.277406 
0.672157 676.000000 0.282845 
0.676863 664.000000 0.277824 
0.680000 656.000000 0.274477 
0.677255 663.000000 0.277406 
0.678431 660.000000 0.276151 
0.674118 671.000000 0.280753 
0.674510 670.000000 0.280335 
0.678824 659.000000 0.275732 
0.683529 647.000000 0.270711 
0.677647 662.000000 0.276987 
0.679608 657.000000 0.274895 
0.675686 667.000000 0.279079 
0.677255 663.000000 0.277406 
0.679608 657.000000 0.274895 
0.677255 663.000000 0.277406 
0.678824 659.000000 0.275732 
0.677255 663.000000 0.277406 
0.680000 656.000000 0.274477 
0.681176 653.000000 0.273222 
0.678431 660.000000 0.276151 
0.679216 658.000000 0.275314 
0.672941 674.000000 0.282008 
0.677647 662.000000 0.276987 
0.676471 665.000000 0.278243 
0.677255 663.000000 0.277406 
0.678039 661.000000 0.276569 
0.681176 653.000000 0.273222 
0.675686 667.000000 0.279079 
0.679216 658.000000 0.275314 
0.678039 661.000000 0.276569 
0.677255 663.000000 0.277406 
0.678431 660.000000 0.276151 
0.680392 655.000000 0.274059 
0.680392 655.000000 0.274059 
0.676471 665.000000 0.278243 
0.674510 670.000000 0.280335 
0.675686 667.000000 0.279079 
0.677255 663.000000 0.277406 
0.679216 658.000000 0.275314 
0.677255 663.000000 0.277406 
0.676471 665.000000 0.278243 
0.675294 668.000000 0.279498 
0.673333 673.000000 0.281590 
0.680392 655.000000 0.274059 
0.675686 667.000000 0.279079 
0.681176 653.000000 0.273222 
0.675686 667.000000 0.279079 
0.674902 669.000000 0.279916 
0.677255 663.000000 0.277406 
0.675686 667.000000 0.279079 
0.678039 661.000000 0.276569 
0.673333 673.000000 0.281590 
0.672941 674.000000 0.282008 
0.681176 653.000000 0.273222 
0.674902 669.000000 0.279916 
0.676863 664.000000 0.277824 
0.671373 678.000000 0.283682 
0.680784 654.000000 0.273640 
0.680784 654.000000 0.273640 
0.678431 660.000000 0.276151 
0.675686 667.000000 0.279079 
0.680000 656.000000 0.274477 
0.680784 654.000000 0.273640 
0.676471 665.000000 0.278243 
0.675294 668.000000 0.279498 
0.680784 654.000000 0.273640 
0.678431 660.000000 0.276151 
0.676863 664.000000 0.277824 
0.680000 656.000000 0.274477 
0.678824 659.000000 0.275732 
0.674510 670.000000 0.280335 
0.678824 659.000000 0.275732 
0.672941 674.000000 0.282008 
0.671373 678.000000 0.283682 
0.675686 667.000000 0.279079 
0.677255 663.000000 0.277406 
0.678824 659.000000 0.275732 
0.674902 669.000000 0.279916 
0.680000 656.000000 0.274477 
0.673725 672.000000 0.281172 
0.676078 666.000000 0.278661 
0.679216 658.000000 0.275314 
0.676471 665.000000 0.278243 
0.679608 657.000000 0.274895 
0.678431 660.000000 0.276151 
0.673725 672.000000 0.281172 
0.680000 656.000000 0.274477 
0.680392 655.000000 0.274059 
0.677255 663.000000 0.277406 
0.678824 659.000000 0.275732 
0.676078 666.000000 0.278661 
0.681961 651.000000 0.272385 
0.676471 665.000000 0.278243 
0.684314 645.000000 0.269874 
0.677255 663.000000 0.277406 
0.679216 658.000000 0.275314 
0.674902 669.000000 0.279916 
0.680392 655.000000 0.274059 
0.680000 656.000000 0.274477 
0.679608 657.000000 0.274895 
0.682745 649.000000 0.271548 
0.676863 664.000000 0.277824 
0.677255 663.000000 0.277406 
0.675294 668.000000 0.279498 
0.674510 670.000000 0.280335 
0.674510 670.000000 0.280335 
0.676471 665.000000 0.278243 
0.675686 667.000000 0.279079 
0.679216 658.000000 0.275314 
0.679216 658.000000 0.275314 
0.679608 657.000000 0.274895 
0.677255 663.000000 0.277406 
0.680392 655.000000 0.274059 
0.678039 661.000000 0.276569 
0.676078 666.000000 0.278661 
0.679216 658.000000 0.275314 
0.677647 662.000000 0.276987 
0.680000 656.000000 0.274477 
0.679608 657.000000 0.274895 
0.676078 666.000000 0.278661 
0.672157 676.000000 0.282845 
0.683529 647.000000 0.270711 
0.676863 664.000000 0.277824 
0.676863 664.000000 0.277824 
0.676863 664.000000 0.277824 
0.677255 663.000000 0.277406 
0.673333 673.000000 0.281590 
0.678824 659.000000 0.275732 
0.676863 664.000000 0.277824 
0.676078 666.000000 0.278661 
0.680784 654.000000 0.273640 
0.682745 649.000000 0.271548 
0.677647 662.000000 0.276987 
0.682353 650.000000 0.271967 
0.678824 659.000000 0.275732 
0.677255 663.000000 0.277406 
0.679216 658.000000 0.275314 
0.680784 654.000000 0.273640 
0.676078 666.000000 0.278661 
0.677255 663.000000 0.277406 
0.675686 667.000000 0.279079 
0.678039 661.000000 0.276569 
0.680784 654.000000 0.273640 
0.673725 672.000000 0.281172 
0.680000 656.000000 0.274477 
0.674118 671.000000 0.280753 
0.678431 660.000000 0.276151 
0.678824 659.000000 0.275732 
0.681569 652.000000 0.272803 
0.673725 672.000000 0.281172 
0.683529 647.000000 0.270711 
0.678824 659.000000 0.275732 
0.674510 670.000000 0.280335 
0.681176 653.000000 0.273222 
0.678431 660.000000 0.276151 
0.675294 668.000000 0.279498 
0.682353 650.000000 0.271967 
0.671765 677.000000 0.283264 
0.674902 669.000000 0.279916 
0.674902 669.000000 0.279916 
0.681176 653.000000 0.273222 
0.677647 662.000000 0.276987 
0.676863 664.000000 0.277824 
0.677255 663.000000 0.277406 
0.674510 670.000000 0.280335 
0.678824 659.000000 0.275732 
0.679216 658.000000 0.275314 
0.680392 655.000000 0.274059 
0.678824 659.000000 0.275732 
0.674510 670.000000 0.280335 
0.679608 657.000000 0.274895 
0.678431 660.000000 0.276151 
0.680392 655.000000 0.274059 
0.676078 666.000000 0.278661 
0.677647 662.000000 0.276987 
0.678039 661.000000 0.276569 
0.675686 667.000000 0.279079 
0.678039 661.000000 0.276569 
0.670980 679.000000 0.284100 
0.680392 655.000000 0.274059 
0.679216 658.000000 0.275314 
0.680000 656.000000 0.274477 
0.675686 667.000000 0.279079 
0.677255 663.000000 0.277406 
0.678431 660.000000 0.276151 
0.681961 651.000000 0.272385 
0.676471 665.000000 0.278243 
0.676471 665.000000 0.278243 
0.675686 667.000000 0.279079 
0.679608 657.000000 0.274895 
0.677647 662.000000 0.276987 
0.679216 658.000000 0.275314 
0.673333 673.000000 0.281590 
0.678824 659.000000 0.275732 
0.678039 661.000000 0.276569 
0.680000 656.000000 0.274477 
0.676863 664.000000 0.277824 
0.679608 657.000000 0.274895 
0.678431 660.000000 0.276151 
0.676078 666.000000 0.278661 
0.676863 664.000000 0.277824 
0.675686 667.000000 0.279079 
0.680000 656.000000 0.274477 
0.674118 671.000000 0.280753 
0.677647 662.000000 0.276987 
0.677255 663.000000 0.277406 
0.677255 663.000000 0.277406 
0.677647 662.000000 0.276987 
0.678824 659.000000 0.275732 
0.678431 660.000000 0.276151 
0.678039 661.000000 0.276569 
0.677647 662.000000 0.276987 
0.679608 657.000000 0.274895 
0.675294 668.000000 0.279498 
0.674118 671.000000 0.280753 
0.678039 661.000000 0.276569 
0.675294 668.000000 0.279498 
0.676078 666.000000 0.278661 
0.678824 659.000000 0.275732 
0.678431 660.000000 0.276151 
0.678039 661.000000 0.276569 
0.680392 655.000000 0.274059 
0.678824 659.000000 0.275732 
0.680784 654.000000 0.273640 
0.679608 657.000000 0.274895 
0.677647 662.000000 0.276987 
0.674510 670.000000 0.280335 
0.680392 655.000000 0.274059 
0.677647 662.000000 0.276987 
0.675686 667.000000 0.279079 
0.678039 661.000000 0.276569 
0.676471 665.000000 0.278243 
0.674118 671.000000 0.280753 
0.679608 657.000000 0.274895 
0.673333 673.000000 0.281590 
0.676471 665.000000 0.278243 
0.675294 668.000000 0.279498 
0.672157 676.000000 0.282845 
0.674902 669.000000 0.279916 
0.674902 669.000000 0.279916 
0.675686 667.000000 0.279079 
0.678824 659.000000 0.275732 
0.676078 666.000000 0.278661 
0.678431 660.000000 0.276151 
0.678824 659.000000 0.275732 
0.676863 664.000000 0.277824 
0.681569 652.000000 0.272803 
0.678039 661.000000 0.276569 
0.677255 663.000000 0.277406 
0.676863 664.000000 0.277824 
0.674510 670.000000 0.280335 
0.678039 661.000000 0.276569 
0.679216 658.000000 0.275314 
0.676471 665.000000 0.278243 
0.676078 666.000000 0.278661 
0.680784 654.000000 0.273640 
0.678824 659.000000 0.275732 
0.677647 662.000000 0.276987 
0.678431 660.000000 0.276151 
0.680392 655.000000 0.274059 
0.676863 664.000000 0.277824 
0.676471 665.000000 0.278243 
0.680784 654.000000 0.273640 
0.673333 673.000000 0.281590 
0.680000 656.000000 0.274477 
0.677647 662.000000 0.276987 
0.674510 670.000000 0.280335 
0.679216 658.000000 0.275314 
0.679608 657.000000 0.274895 
0.679608 657.000000 0.274895 
0.680000 656.000000 0.274477 
0.680392 655.000000 0.274059 
0.676078 666.000000 0.278661 
0.674118 671.000000 0.280753 
0.678824 659.000000 0.275732 
0.679608 657.000000 0.274895 
0.675686 667.000000 0.279079 
0.680000 656.000000 0.274477 
0.680784 654.000000 0.273640 
0.681569 652.000000 0.272803 
0.673333 673.000000 0.281590 
0.685098 643.000000 0.269038 
0.674902 669.000000 0.279916 
0.680392 655.000000 0.274059 
0.681961 651.000000 0.272385 
0.676471 665.000000 0.278243 
0.676471 665.000000 0.278243 
0.675686 667.000000 0.279079 
0.678431 660.000000 0.276151 
0.677647 662.000000 0.276987 
0.679608 657.000000 0.274895 
0.675294 668.000000 0.279498 
0.677255 663.000000 0.277406 
0.678039 661.000000 0.276569 
0.673333 673.000000 0.281590 
0.674118 671.000000 0.280753 
0.677647 662.000000 0.276987 
0.676078 666.000000 0.278661 
0.678039 661.000000 0.276569 
0.675686 667.000000 0.279079 
0.674902 669.000000 0.279916 
0.680784 654.000000 0.273640 
0.677255 663.000000 0.277406 
0.675294 668.000000 0.279498 
0.679216 658.000000 0.275314 
0.675294 668.000000 0.279498 
0.676863 664.000000 0.277824 
0.674902 669.000000 0.279916 
0.675686 667.000000 0.279079 
0.676078 666.000000 0.278661 
0.677255 663.000000 0.277406 
0.676078 666.000000 0.278661 
0.676863 664.000000 0.277824 
0.676078 666.000000 0.278661 
0.677255 663.000000 0.277406 
0.681176 653.000000 0.273222 
0.680392 655.000000 0.274059 
0.674902 669.000000 0.279916 
0.681961 651.000000 0.272385 
0.678824 659.000000 0.275732 
0.678039 661.000000 0.276569 
0.679608 657.000000 0.274895 
0.677647 662.000000 0.276987 
0.675686 667.000000 0.279079 
0.673725 672.000000 0.281172 
0.684314 645.000000 0.269874 
0.679608 657.000000 0.274895 
0.679216 658.000000 0.275314 
0.680784 654.000000 0.273640 
0.680784 654.000000 0.273640 
0.679608 657.000000 0.274895 
0.677647 662.000000 0.276987 
0.675294 668.000000 0.279498 
0.678039 661.000000 0.276569 
0.680784 654.000000 0.273640 
0.680000 656.000000 0.274477 
0.677255 663.000000 0.277406 
0.675294 668.000000 0.279498 
0.673725 672.000000 0.281172 
0.678431 660.000000 0.276151 
0.674902 669.000000 0.279916 
0.681176 653.000000 0.273222 
0.677255 663.000000 0.277406 
0.679608 657.000000 0.274895 
0.676078 666.000000 0.278661 
0.678431 660.000000 0.276151 
0.675686 667.000000 0.279079 
0.676078 666.000000 0.278661 
0.676863 664.000000 0.277824 
0.680000 656.000000 0.274477 
0.681569 652.000000 0.272803 
0.676863 664.000000 0.277824 
0.678039 661.000000 0.276569 
0.675686 667.000000 0.279079 
0.678824 659.000000 0.275732 
0.678824 659.000000 0.275732 
0.681569 652.000000 0.272803 
0.677255 663.000000 0.277406 
0.677255 663.000000 0.277406 
0.677255 663.000000 0.277406 
0.678039 661.000000 0.276569 
0.672157 676.000000 0.282845 
0.677255 663.000000 0.277406 
0.676078 666.000000 0.278661 
0.678039 661.000000 0.276569 
0.675294 668.000000 0.279498 
0.674902 669.000000 0.279916 
0.678824 659.000000 0.275732 
0.678824 659.000000 0.275732 
0.675686 667.000000 0.279079 
0.679216 658.000000 0.275314 
0.677255 663.000000 0.277406 
0.675294 668.000000 0.279498 
0.677255 663.000000 0.277406 
0.676078 666.000000 0.278661 
0.679216 658.000000 0.275314 
0.681569 652.000000 0.272803 
0.675686 667.000000 0.279079 
0.676471 665.000000 0.278243 
0.676471 665.000000 0.278243 
0.677647 662.000000 0.276987 
0.678824 659.000000 0.275732 
0.675294 668.000000 0.279498 
0.681569 652.000000 0.272803 
0.679608 657.000000 0.274895 
0.679608 657.000000 0.274895 
0.680000 656.000000 0.274477 
0.677255 663.000000 0.277406 
0.675686 667.000000 0.279079 
0.682745 649.000000 0.271548 
0.678039 661.000000 0.276569 
0.674902 669.000000 0.279916 
0.676471 665.000000 0.278243 
0.676863 664.000000 0.277824 
0.678039 661.000000 0.276569 
0.681961 651.000000 0.272385 
0.673333 673.000000 0.281590 
0.673333 673.000000 0.281590 
0.681961 651.000000 0.272385 
0.678039 661.000000 0.276569 
0.679216 658.000000 0.275314 
0.674902 669.000000 0.279916 
0.679216 658.000000 0.275314 
0.674510 670.000000 0.280335 
0.680392 655.000000 0.274059 
0.677647 662.000000 0.276987 
0.674902 669.000000 0.279916 
0.678039 661.000000 0.276569 
0.680784 654.000000 0.273640 
0.678431 660.000000 0.276151 
0.676471 665.000000 0.278243 
0.680000 656.000000 0.274477 
0.679216 658.000000 0.275314 
0.680000 656.000000 0.274477 
0.680392 655.000000 0.274059 
0.681176 653.000000 0.273222 
0.675294 668.000000 0.279498 
0.679216 658.000000 0.275314 
0.676471 665.000000 0.278243 
0.679608 657.000000 0.274895 
0.679608 657.000000 0.274895 
0.680784 654.000000 0.273640 
0.675294 668.000000 0.279498 
0.675294 668.000000 0.279498 
0.676863 664.000000 0.277824 
0.675294 668.000000 0.279498 
0.676471 665.000000 0.278243 
0.678431 660.000000 0.276151 
0.678431 660.000000 0.276151 
0.678039 661.000000 0.276569 
0.680392 655.000000 0.274059 
0.679608 657.000000 0.274895 
0.678824 659.000000 0.275732 
0.678824 659.000000 0.275732 
0.678824 659.000000 0.275732 
0.678431 660.000000 0.276151 
0.676471 665.000000 0.278243 
0.676471 665.000000 0.278243 
0.675686 667.000000 0.279079 
0.676078 666.000000 0.278661 
0.674510 670.000000 0.280335 
0.671765 677.000000 0.283264 
0.675294 668.000000 0.279498 
0.678824 659.000000 0.275732 
0.674510 670.000000 0.280335 
0.678824 659.000000 0.275732 
0.681176 653.000000 0.273222 
0.671765 677.000000 0.283264 
0.677647 662.000000 0.276987 
0.672941 674.000000 0.282008 
0.674902 669.000000 0.279916 
0.677255 663.000000 0.277406 
0.676863 664.000000 0.277824 
0.676471 665.000000 0.278243 
0.673333 673.000000 0.281590 
0.675686 667.000000 0.279079 
0.674902 669.000000 0.279916 
0.675294 668.000000 0.279498 
0.676078 666.000000 0.278661 
0.675686 667.000000 0.279079 
0.676078 666.000000 0.278661 
0.678039 661.000000 0.276569 
0.677255 663.000000 0.277406 
0.672157 676.000000 0.282845 
0.675686 667.000000 0.279079 
0.676471 665.000000 0.278243 
0.673725 672.000000 0.281172 
0.678431 660.000000 0.276151 
0.671765 677.000000 0.283264 
0.678824 659.000000 0.275732 
0.676863 664.000000 0.277824 
0.675686 667.000000 0.279079 
0.674118 671.000000 0.280753 
0.681569 652.000000 0.272803 
0.676863 664.000000 0.277824 
0.675686 667.000000 0.279079 
0.676863 664.000000 0.277824 
0.681961 651.000000 0.272385 
0.681961 651.000000 0.272385 
0.678039 661.000000 0.276569 
0.678824 659.000000 0.275732 
0.679216 658.000000 0.275314 
0.680392 655.000000 0.274059 
0.678824 659.000000 0.275732 
0.681569 652.000000 0.272803 
0.678039 661.000000 0.276569 
0.677255 663.000000 0.277406 
0.675294 668.000000 0.279498 
0.676863 664.000000 0.277824 
0.678431 660.000000 0.276151 
0.677647 662.000000 0.276987 
0.675686 667.000000 0.279079 
0.679216 658.000000 0.275314 
0.677647 662.000000 0.276987 
0.674118 671.000000 0.280753 
0.676471 665.000000 0.278243 
0.678431 660.000000 0.276151 
0.680392 655.000000 0.274059 
0.679216 658.000000 0.275314 
0.679608 657.000000 0.274895 
0.673725 672.000000 0.281172 
0.674902 669.000000 0.279916 
0.676078 666.000000 0.278661 
0.672941 674.000000 0.282008 
0.676863 664.000000 0.277824 
0.679216 658.000000 0.275314 
0.680000 656.000000 0.274477 
0.683529 647.000000 0.270711 
0.679216 658.000000 0.275314 
0.682745 649.000000 0.271548 
0.682745 649.000000 0.271548 
0.674902 669.000000 0.279916 
0.679216 658.000000 0.275314 
0.677255 663.000000 0.277406 
0.680784 654.000000 0.273640 
0.683137 648.000000 0.271130 
0.672157 676.000000 0.282845 
0.678039 661.000000 0.276569 
0.675294 668.000000 0.279498 
0.680000 656.000000 0.274477 
0.676471 665.000000 0.278243 
0.678431 660.000000 0.276151 
0.676471 665.000000 0.278243 
0.676471 665.000000 0.278243 
0.676863 664.000000 0.277824 
0.679216 658.000000 0.275314 
0.675686 667.000000 0.279079 
0.678824 659.000000 0.275732 
0.680784 654.000000 0.273640 
0.678039 661.000000 0.276569 
0.680392 655.000000 0.274059 
0.673725 672.000000 0.281172 
0.681569 652.000000 0.272803 
0.681569 652.000000 0.272803 
0.672941 674.000000 0.282008 
0.675294 668.000000 0.279498 
0.681569 652.000000 0.272803 
0.680392 655.000000 0.274059 
0.679216 658.000000 0.275314 
0.677255 663.000000 0.277406 
0.678039 661.000000 0.276569 
0.671765 677.000000 0.283264 
0.675294 668.000000 0.279498 
0.678824 659.000000 0.275732 
0.676471 665.000000 0.278243 
0.677255 663.000000 0.277406 
0.674118 671.000000 0.280753 
0.677255 663.000000 0.277406 
0.674510 670.000000 0.280335 
0.679608 657.000000 0.274895 
0.680392 655.000000 0.274059 
0.674118 671.000000 0.280753 
0.674118 671.000000 0.280753 
0.677255 663.000000 0.277406 
0.678431 660.000000 0.276151 
0.678431 660.000000 0.276151 
0.676078 666.000000 0.278661 
0.676863 664.000000 0.277824 
0.676471 665.000000 0.278243 
0.677647 662.000000 0.276987 
0.676471 665.000000 0.278243 
0.683529 647.000000 0.270711 
0.672549 675.000000 0.282427 
0.680784 654.000000 0.273640 
0.672941 674.000000 0.282008 
0.681961 651.000000 0.272385 
0.679608 657.000000 0.274895 
0.676471 665.000000 0.278243 
0.673725 672.000000 0.281172 
0.675686 667.000000 0.279079 
0.677255 663.000000 0.277406 
0.678039 661.000000 0.276569 
0.680392 655.000000 0.274059 
0.677647 662.000000 0.276987 
0.680392 655.000000 0.274059 
0.676471 665.000000 0.278243 
0.678431 660.000000 0.276151 
0.673333 673.000000 0.281590 
0.678431 660.000000 0.276151 
0.678824 659.000000 0.275732 
0.677255 663.000000 0.277406 
0.677647 662.000000 0.276987 
0.685490 642.000000 0.268619 
0.676078 666.000000 0.278661 
0.680784 654.000000 0.273640 
0.678039 661.000000 0.276569 
0.682353 650.000000 0.271967 
0.676471 665.000000 0.278243 
0.678039 661.000000 0.276569 
0.672941 674.000000 0.282008 
0.677255 663.000000 0.277406 
0.683137 648.000000 0.271130 
0.676863 664.000000 0.277824 
0.673725 672.000000 0.281172 
0.681176 653.000000 0.273222 
0.676863 664.000000 0.277824 
0.678431 660.000000 0.276151 
0.676471 665.000000 0.278243 
0.674118 671.000000 0.280753 
0.677255 663.000000 0.277406 
0.676863 664.000000 0.277824 
0.678824 659.000000 0.275732 
0.676863 664.000000 0.277824 
0.674902 669.000000 0.279916 
0.675686 667.000000 0.279079 
0.678431 660.000000 0.276151 
0.680784 654.000000 0.273640 
0.677647 662.000000 0.276987 
0.676863 664.000000 0.277824 
0.679608 657.000000 0.274895 
0.679216 658.000000 0.275314 
0.678039 661.000000 0.276569 
0.678824 659.000000 0.275732 
0.677647 662.000000 0.276987 
0.680784 654.000000 0.273640 
0.677647 662.000000 0.276987 
0.677647 662.000000 0.276987 
0.677255 663.000000 0.277406 
0.676471 665.000000 0.278243 
0.678824 659.000000 0.275732 
0.676471 665.000000 0.278243 
0.677255 663.000000 0.277406 
0.676078 666.000000 0.278661 
0.679216 658.000000 0.275314 
0.674118 671.000000 0.280753 
0.680000 656.000000 0.274477 
0.674902 669.000000 0.279916 
0.675294 668.000000 0.279498 
0.681961 651.000000 0.272385 
0.674118 671.000000 0.280753 
0.678824 659.000000 0.275732 
0.683529 647.000000 0.270711 
0.674902 669.000000 0.279916 
0.677647 662.000000 0.276987 
0.677255 663.000000 0.277406 
0.677647 662.000000 0.276987 
0.672549 675.000000 0.282427 
0.678431 660.000000 0.276151 
0.676471 665.000000 0.278243 
0.677647 662.000000 0.276987 
0.683137 648.000000 0.271130 
0.676863 664.000000 0.277824 
0.680392 655.000000 0.274059 
0.677647 662.000000 0.276987 
0.676863 664.000000 0.277824 
0.676863 664.000000 0.277824 
0.674902 669.000000 0.279916 
0.678431 660.000000 0.276151 
0.681176 653.000000 0.273222 
0.678431 660.000000 0.276151 
0.678824 659.000000 0.275732 
0.676863 664.000000 0.277824 
0.678824 659.000000 0.275732 
0.676471 665.000000 0.278243 
0.682745 649.000000 0.271548 
0.679216 658.000000 0.275314 
0.675294 668.000000 0.279498 
0.677255 663.000000 0.277406 
0.675294 668.000000 0.279498 
0.678431 660.000000 0.276151 
0.676863 664.000000 0.277824 
0.678431 660.000000 0.276151 
0.677255 663.000000 0.277406 
0.678431 660.000000 0.276151 
0.678431 660.000000 0.276151 
0.674902 669.000000 0.279916 
0.679216 658.000000 0.275314 
0.679216 658.000000 0.275314 
0.678824 659.000000 0.275732 
0.677255 663.000000 0.277406 
0.678431 660.000000 0.276151 
0.676471 665.000000 0.278243 
0.677255 663.000000 0.277406 
0.673725 672.000000 0.281172 
0.675686 667.000000 0.279079 
0.676471 665.000000 0.278243 
0.677647 662.000000 0.276987 
0.677647 662.000000 0.276987 
0.680392 655.000000 0.274059 
0.678431 660.000000 0.276151 
0.677255 663.000000 0.277406 
0.676078 666.000000 0.278661 
0.679608 657.000000 0.274895 
0.678039 661.000000 0.276569 
0.678431 660.000000 0.276151 
0.676471 665.000000 0.278243 
0.680392 655.000000 0.274059 
0.677255 663.000000 0.277406 
0.678039 661.000000 0.276569 
0.680392 655.000000 0.274059 
0.676863 664.000000 0.277824 
0.673333 673.000000 0.281590 
0.672941 674.000000 0.282008 
0.678431 660.000000 0.276151 
0.679608 657.000000 0.274895 
0.676078 666.000000 0.278661 
0.678039 661.000000 0.276569 
0.679608 657.000000 0.274895 
0.673333 673.000000 0.281590 
0.675294 668.000000 0.279498 
0.676078 666.000000 0.278661 
0.680000 656.000000 0.274477 
0.685490 642.000000 0.268619 
0.678824 659.000000 0.275732 
0.676863 664.000000 0.277824 
0.676863 664.000000 0.277824 
0.676471 665.000000 0.278243 
0.676863 664.000000 0.277824 
0.680392 655.000000 0.274059 
0.678431 660.000000 0.276151 
0.676863 664.000000 0.277824 
0.682745 649.000000 0.271548 
0.676863 664.000000 0.277824 
0.677255 663.000000 0.277406 
0.676471 665.000000 0.278243 
0.676078 666.000000 0.278661 
0.678039 661.000000 0.276569 
0.677647 662.000000 0.276987 
0.676863 664.000000 0.277824 
0.680000 656.000000 0.274477 
0.678039 661.000000 0.276569 
0.676471 665.000000 0.278243 
0.675686 667.000000 0.279079 
0.680000 656.000000 0.274477 
0.673333 673.000000 0.281590 
0.676863 664.000000 0.277824 
0.677647 662.000000 0.276987 
0.675686 667.000000 0.279079 
0.670980 679.000000 0.284100 
0.671373 678.000000 0.283682 
0.681569 652.000000 0.272803 
0.678431 660.000000 0.276151 
0.676471 665.000000 0.278243 
0.675686 667.000000 0.279079 
0.678431 660.000000 0.276151 
0.677647 662.000000 0.276987 
0.676078 666.000000 0.278661 
0.673333 673.000000 0.281590 
0.677255 663.000000 0.277406 
0.672941 674.000000 0.282008 
0.677647 662.000000 0.276987 
0.674118 671.000000 0.280753 
0.676471 665.000000 0.278243 
0.680392 655.000000 0.274059 
0.678824 659.000000 0.275732 
0.675686 667.000000 0.279079 
0.673725 672.000000 0.281172 
0.681176 653.000000 0.273222 
0.677647 662.000000 0.276987 
0.674902 669.000000 0.279916 
0.678824 659.000000 0.275732 
0.676471 665.000000 0.278243 
0.676471 665.000000 0.278243 
0.677255 663.000000 0.277406 
0.679216 658.000000 0.275314 
0.678431 660.000000 0.276151 
0.674902 669.000000 0.279916 
0.678431 660.000000 0.276151 
0.680392 655.000000 0.274059 
0.676471 665.000000 0.278243 
0.675294 668.000000 0.279498 
0.672549 675.000000 0.282427 
0.680784 654.000000 0.273640 
0.678824 659.000000 0.275732 
0.674510 670.000000 0.280335 
0.678039 661.000000 0.276569 
0.680000 656.000000 0.274477 
0.678824 659.000000 0.275732 
0.677647 662.000000 0.276987 
0.679216 658.000000 0.275314 
0.676471 665.000000 0.278243 
0.679216 658.000000 0.275314 
0.677255 663.000000 0.277406 
0.672549 675.000000 0.282427 
0.681569 652.000000 0.272803 
0.674118 671.000000 0.280753 
0.670196 681.000000 0.284937 
0.676471 665.000000 0.278243 
0.680784 654.000000 0.273640 
0.676863 664.000000 0.277824 
0.676078 666.000000 0.278661 
0.678824 659.000000 0.275732 
0.677647 662.000000 0.276987 
0.675294 668.000000 0.279498 
0.674510 670.000000 0.280335 
0.676863 664.000000 0.277824 
0.679608 657.000000 0.274895 
0.678431 660.000000 0.276151 
0.675686 667.000000 0.279079 
0.681569 652.000000 0.272803 
0.677255 663.000000 0.277406 
0.676471 665.000000 0.278243 
0.680000 656.000000 0.274477 
0.674902 669.000000 0.279916 
0.680000 656.000000 0.274477 
0.675686 667.000000 0.279079 
0.676863 664.000000 0.277824 
0.677647 662.000000 0.276987 
0.675294 668.000000 0.279498 
0.677255 663.000000 0.277406 
0.682353 650.000000 0.271967 
0.676863 664.000000 0.277824 
0.675294 668.000000 0.279498 
0.674510 670.000000 0.280335 
0.676471 665.000000 0.278243 
0.678039 661.000000 0.276569 
0.673725 672.000000 0.281172 
0.680000 656.000000 0.274477 
0.677255 663.000000 0.277406 
0.676078 666.000000 0.278661 
0.680392 655.000000 0.274059 
0.678824 659.000000 0.275732 
0.676471 665.000000 0.278243 
0.675294 668.000000 0.279498 
0.677255 663.000000 0.277406 
0.676471 665.000000 0.278243 
0.674510 670.000000 0.280335 
0.678824 659.000000 0.275732 
0.679608 657.000000 0.274895 
0.678039 661.000000 0.276569 
0.679608 657.000000 0.274895 
0.672941 674.000000 0.282008 
0.674510 670.000000 0.280335 
0.679608 657.000000 0.274895 
0.678431 660.000000 0.276151 
0.679216 658.000000 0.275314 
0.678431 660.000000 0.276151 
0.675294 668.000000 0.279498 
0.680000 656.000000 0.274477 
0.680784 654.000000 0.273640 
0.677255 663.000000 0.277406 
0.678824 659.000000 0.275732 
0.676078 666.000000 0.278661 
0.676471 665.000000 0.278243 
0.680000 656.000000 0.274477 
0.678039 661.000000 0.276569 
0.676863 664.000000 0.277824 
0.678431 660.000000 0.276151 
0.676078 666.000000 0.278661 
0.676863 664.000000 0.277824 
0.680000 656.000000 0.274477 
0.675294 668.000000 0.279498 
0.678039 661.000000 0.276569 
0.677647 662.000000 0.276987 
0.676471 665.000000 0.278243 
0.677647 662.000000 0.276987 
0.679608 657.000000 0.274895 
0.676863 664.000000 0.277824 
0.679608 657.000000 0.274895 
0.679608 657.000000 0.274895 
0.674902 669.000000 0.279916 
0.677255 663.000000 0.277406 
0.678039 661.000000 0.276569 
0.678431 660.000000 0.276151 
0.680784 654.000000 0.273640 
0.677647 662.000000 0.276987 
0.677255 663.000000 0.277406 
0.676078 666.000000 0.278661 
0.679608 657.000000 0.274895 
0.677647 662.000000 0.276987 
0.676078 666.000000 0.278661 
0.674510 670.000000 0.280335 
0.674510 670.000000 0.280335 
0.673725 672.000000 0.281172 
0.682745 649.000000 0.271548 
0.678431 660.000000 0.276151 
0.679216 658.000000 0.275314 
0.676078 666.000000 0.278661 
0.676471 665.000000 0.278243 
0.676863 664.000000 0.277824 
0.677647 662.000000 0.276987 
0.675294 668.000000 0.279498 
0.676863 664.000000 0.277824 
0.679216 658.000000 0.275314 
0.674902 669.000000 0.279916 
0.676863 664.000000 0.277824 
0.677647 662.000000 0.276987 
0.677255 663.000000 0.277406 
0.677255 663.000000 0.277406 
0.678431 660.000000 0.276151 
0.679216 658.000000 0.275314 
0.679608 657.000000 0.274895 
0.676471 665.000000 0.278243 
0.674902 669.000000 0.279916 
0.677255 663.000000 0.277406 
0.673725 672.000000 0.281172 
0.678824 659.000000 0.275732 
0.680784 654.000000 0.273640 
0.680392 655.000000 0.274059 
0.680784 654.000000 0.273640 
0.678824 659.000000 0.275732 
0.670980 679.000000 0.284100 
0.680000 656.000000 0.274477 
0.677255 663.000000 0.277406 
0.676471 665.000000 0.278243 
0.676471 665.000000 0.278243 
0.681176 653.000000 0.273222 
0.679608 657.000000 0.274895 
0.676471 665.000000 0.278243 
0.682353 650.000000 0.271967 
0.674902 669.000000 0.279916 
0.679216 658.000000 0.275314 
0.680392 655.000000 0.274059 
0.679216 658.000000 0.275314 
0.676863 664.000000 0.277824 
0.677255 663.000000 0.277406 
0.680392 655.000000 0.274059 
0.680000 656.000000 0.274477 
0.680000 656.000000 0.274477 
0.672157 676.000000 0.282845 
0.676078 666.000000 0.278661 
0.676471 665.000000 0.278243 
0.676863 664.000000 0.277824 
0.677647 662.000000 0.276987 
0.679216 658.000000 0.275314 
0.678824 659.000000 0.275732 
0.680784 654.000000 0.273640 
0.676863 664.000000 0.277824 
0.679216 658.000000 0.275314 
0.676078 666.000000 0.278661 
0.677255 663.000000 0.277406 
0.672941 674.000000 0.282008 
0.677647 662.000000 0.276987 
0.679216 658.000000 0.275314 
0.679216 658.000000 0.275314 
0.676471 665.000000 0.278243 
0.676471 665.000000 0.278243 
0.675686 667.000000 0.279079 
0.676863 664.000000 0.277824 
0.674510 670.000000 0.280335 
0.674902 669.000000 0.279916 
0.682353 650.000000 0.271967 
0.675294 668.000000 0.279498 
0.678431 660.000000 0.276151 
0.674902 669.000000 0.279916 
0.676863 664.000000 0.277824 
0.680392 655.000000 0.274059 
0.680784 654.000000 0.273640 
0.674118 671.000000 0.280753 
0.681569 652.000000 0.272803 
0.675294 668.000000 0.279498 
0.676078 666.000000 0.278661 
0.680000 656.000000 0.274477 
0.678039 661.000000 0.276569 
0.678039 661.000000 0.276569 
0.678824 659.000000 0.275732 
0.679216 658.000000 0.275314 
0.677647 662.000000 0.276987 
0.677647 662.000000 0.276987 
0.679608 657.000000 0.274895 
0.675294 668.000000 0.279498 
0.679608 657.000000 0.274895 
0.676863 664.000000 0.277824 
0.680784 654.000000 0.273640 
0.677647 662.000000 0.276987 
0.674902 669.000000 0.279916 
0.681961 651.000000 0.272385 
0.680784 654.000000 0.273640 
0.678039 661.000000 0.276569 
0.674510 670.000000 0.280335 
0.681569 652.000000 0.272803 
0.674118 671.000000 0.280753 
0.673333 673.000000 0.281590 
0.676863 664.000000 0.277824 
0.679216 658.000000 0.275314 
0.677647 662.000000 0.276987 
0.678039 661.000000 0.276569 
0.673725 672.000000 0.281172 
0.675686 667.000000 0.279079 
0.677647 662.000000 0.276987 
0.679216 658.000000 0.275314 
0.677647 662.000000 0.276987 
0.675294 668.000000 0.279498 
0.683137 648.000000 0.271130 
0.676863 664.000000 0.277824 
0.674510 670.000000 0.280335 
0.675294 668.000000 0.279498 
0.676863 664.000000 0.277824 
0.678039 661.000000 0.276569 
0.678824 659.000000 0.275732 
0.678824 659.000000 0.275732 
0.676471 665.000000 0.278243 
0.677647 662.000000 0.276987 
0.680784 654.000000 0.273640 
0.676471 665.000000 0.278243 
0.683922 646.000000 0.270293 
0.683137 648.000000 0.271130 
0.673725 672.000000 0.281172 
0.678039 661.000000 0.276569 
0.679216 658.000000 0.275314 
0.678824 659.000000 0.275732 
0.676863 664.000000 0.277824 
0.674118 671.000000 0.280753 
0.677255 663.000000 0.277406 
0.673333 673.000000 0.281590 
0.677255 663.000000 0.277406 
0.676471 665.000000 0.278243 
0.674902 669.000000 0.279916 
0.672549 675.000000 0.282427 
0.674510 670.000000 0.280335 
0.676078 666.000000 0.278661 
0.678039 661.000000 0.276569 
0.674902 669.000000 0.279916 
0.678431 660.000000 0.276151 
0.676863 664.000000 0.277824 
0.677255 663.000000 0.277406 
0.685098 643.000000 0.269038 
0.678431 660.000000 0.276151 
0.678431 660.000000 0.276151 
0.673333 673.000000 0.281590 
0.681176 653.000000 0.273222 
0.676078 666.000000 0.278661 
0.682353 650.000000 0.271967 
0.677647 662.000000 0.276987 
0.674510 670.000000 0.280335 
0.677255 663.000000 0.277406 
0.681176 653.000000 0.273222 
0.680000 656.000000 0.274477 
0.674902 669.000000 0.279916 
0.678039 661.000000 0.276569 
0.679216 658.000000 0.275314 
0.683922 646.000000 0.270293 
0.675686 667.000000 0.279079 
0.682353 650.000000 0.271967 
0.676078 666.000000 0.278661 
0.677255 663.000000 0.277406 
0.680000 656.000000 0.274477 
0.679216 658.000000 0.275314 
0.682353 650.000000 0.271967 
0.671373 678.000000 0.283682 
0.674902 669.000000 0.279916 
0.677255 663.000000 0.277406 
0.678431 660.000000 0.276151 
0.678431 660.000000 0.276151 
0.675294 668.000000 0.279498 
0.677255 663.000000 0.277406 
0.676078 666.000000 0.278661 
0.676471 665.000000 0.278243 
0.673725 672.000000 0.281172 
0.674902 669.000000 0.279916 
0.674118 671.000000 0.280753 
0.682353 650.000000 0.271967 
0.677647 662.000000 0.276987 
0.674902 669.000000 0.279916 
0.675294 668.000000 0.279498 
0.674118 671.000000 0.280753 
0.678824 659.000000 0.275732 
0.676078 666.000000 0.278661 
0.680000 656.000000 0.274477 
0.676471 665.000000 0.278243 
0.678431 660.000000 0.276151 
0.678824 659.000000 0.275732 
0.676471 665.000000 0.278243 
0.676863 664.000000 0.277824 
0.675294 668.000000 0.279498 
0.683137 648.000000 0.271130 
0.681176 653.000000 0.273222 
0.677255 663.000000 0.277406 
0.676863 664.000000 0.277824 
0.675294 668.000000 0.279498 
0.677255 663.000000 0.277406 
0.680000 656.000000 0.274477 
0.673333 673.000000 0.281590 
0.676471 665.000000 0.278243 
0.679608 657.000000 0.274895 
0.678431 660.000000 0.276151 
0.680000 656.000000 0.274477 
0.680784 654.000000 0.273640 
0.678039 661.000000 0.276569 
0.670980 679.000000 0.284100 
0.678824 659.000000 0.275732 
0.678039 661.000000 0.276569 
0.682353 650.000000 0.271967 
0.674510 670.000000 0.280335 
0.677647 662.000000 0.276987 
0.680000 656.000000 0.274477 
0.678824 659.000000 0.275732 
0.678431 660.000000 0.276151 
0.680784 654.000000 0.273640 
0.673725 672.000000 0.281172 
0.679216 658.000000 0.275314 
0.674510 670.000000 0.280335 
0.679216 658.000000 0.275314 
0.678824 659.000000 0.275732 
0.679216 658.000000 0.275314 
0.677647 662.000000 0.276987 
0.679608 657.000000 0.274895 
0.677647 662.000000 0.276987 
0.674902 669.000000 0.279916 
0.677255 663.000000 0.277406 
0.677255 663.000000 0.277406 
0.678824 659.000000 0.275732 
0.679608 657.000000 0.274895 
0.676471 665.000000 0.278243 
0.678824 659.000000 0.275732 
0.677647 662.000000 0.276987 
0.677647 662.000000 0.276987 
0.677255 663.000000 0.277406 
0.677255 663.000000 0.277406 
0.676863 664.000000 0.277824 
0.673725 672.000000 0.281172 
0.678431 660.000000 0.276151 
0.678431 660.000000 0.276151 
0.678431 660.000000 0.276151 
0.678824 659.000000 0.275732 
0.675294 668.000000 0.279498 
0.679216 658.000000 0.275314 
0.678824 659.000000 0.275732 
0.678039 661.000000 0.276569 
0.674510 670.000000 0.280335 
0.680000 656.000000 0.274477 
0.670980 679.000000 0.284100 
0.677255 663.000000 0.277406 
0.684706 644.000000 0.269456 
0.680000 656.000000 0.274477 
0.678431 660.000000 0.276151 
0.677255 663.000000 0.277406 
0.683922 646.000000 0.270293 
0.681176 653.000000 0.273222 
0.679216 658.000000 0.275314 
0.676078 666.000000 0.278661 
0.678824 659.000000 0.275732 
0.675294 668.000000 0.279498 
0.675686 667.000000 0.279079 
0.675686 667.000000 0.279079 
0.680000 656.000000 0.274477 
0.675686 667.000000 0.279079 
0.674510 670.000000 0.280335 
0.680000 656.000000 0.274477 
0.680784 654.000000 0.273640 
0.678039 661.000000 0.276569 
0.675686 667.000000 0.279079 
0.679216 658.000000 0.275314 
0.676078 666.000000 0.278661 
0.676078 666.000000 0.278661 
0.674510 670.000000 0.280335 
0.674902 669.000000 0.279916 
0.677647 662.000000 0.276987 
0.675686 667.000000 0.279079 
0.678824 659.000000 0.275732 
0.675294 668.000000 0.279498 
0.671765 677.000000 0.283264 
0.678431 660.000000 0.276151 
0.680000 656.000000 0.274477 
0.679216 658.000000 0.275314 
0.678039 661.000000 0.276569 
0.680784 654.000000 0.273640 
0.683922 646.000000 0.270293 
0.675686 667.000000 0.279079 
0.672157 676.000000 0.282845 
0.678039 661.000000 0.276569 
0.680784 654.000000 0.273640 
0.675294 668.000000 0.279498 
0.678824 659.000000 0.275732 
0.677255 663.000000 0.277406 
0.676471 665.000000 0.278243 
0.677255 663.000000 0.277406 
0.680784 654.000000 0.273640 
0.679608 657.000000 0.274895 
0.681176 653.000000 0.273222 
0.679216 658.000000 0.275314 
0.674118 671.000000 0.280753 
0.679216 658.000000 0.275314 
0.675294 668.000000 0.279498 
0.674118 671.000000 0.280753 
0.674118 671.000000 0.280753 
0.674118 671.000000 0.280753 
0.680392 655.000000 0.274059 
0.677647 662.000000 0.276987 
0.675686 667.000000 0.279079 
0.672941 674.000000 0.282008 
0.676863 664.000000 0.277824 
0.676471 665.000000 0.278243 
0.678039 661.000000 0.276569 
0.680000 656.000000 0.274477 
0.678431 660.000000 0.276151 
0.674510 670.000000 0.280335 
0.681961 651.000000 0.272385 
0.675294 668.000000 0.279498 
0.682353 650.000000 0.271967 
0.680000 656.000000 0.274477 
0.675686 667.000000 0.279079 
0.676863 664.000000 0.277824 
0.682745 649.000000 0.271548 
0.677647 662.000000 0.276987 
0.677647 662.000000 0.276987 
0.675294 668.000000 0.279498 
0.680784 654.000000 0.273640 
0.679608 657.000000 0.274895 
0.675686 667.000000 0.279079 
0.679608 657.000000 0.274895 
0.679608 657.000000 0.274895 
0.678431 660.000000 0.276151 
0.675686 667.000000 0.279079 
0.673725 672.000000 0.281172 
0.677255 663.000000 0.277406 
0.673333 673.000000 0.281590 
0.677255 663.000000 0.277406 
0.676471 665.000000 0.278243 
0.676471 665.000000 0.278243 
0.678039 661.000000 0.276569 
0.676863 664.000000 0.277824 
0.676863 664.000000 0.277824 
0.680392 655.000000 0.274059 
0.674118 671.000000 0.280753 
0.678039 661.000000 0.276569 
0.681569 652.000000 0.272803 
0.680392 655.000000 0.274059 
0.675686 667.000000 0.279079 
0.678431 660.000000 0.276151 
0.678039 661.000000 0.276569 
0.678824 659.000000 0.275732 
0.678039 661.000000 0.276569 
0.680784 654.000000 0.273640 
0.679608 657.000000 0.274895 
0.676078 666.000000 0.278661 
0.678824 659.000000 0.275732 
0.675686 667.000000 0.279079 
0.678431 660.000000 0.276151 
0.678039 661.000000 0.276569 
0.680000 656.000000 0.274477 
0.680000 656.000000 0.274477 
0.678431 660.000000 0.276151 
0.671765 677.000000 0.283264 
0.678431 660.000000 0.276151 
0.678039 661.000000 0.276569 
0.680000 656.000000 0.274477 
0.678039 661.000000 0.276569 
0.676471 665.000000 0.278243 
0.677255 663.000000 0.277406 
0.678824 659.000000 0.275732 
0.677255 663.000000 0.277406 
0.676863 664.000000 0.277824 
0.678039 661.000000 0.276569 
0.670980 679.000000 0.284100 
0.673333 673.000000 0.281590 
0.676863 664.000000 0.277824 
0.678824 659.000000 0.275732 
0.679608 657.000000 0.274895 
0.675686 667.000000 0.279079 
0.677647 662.000000 0.276987 
0.677255 663.000000 0.277406 
0.674902 669.000000 0.279916 
0.679216 658.000000 0.275314 
0.676078 666.000000 0.278661 
0.676078 666.000000 0.278661 
0.681176 653.000000 0.273222 
0.680000 656.000000 0.274477 
0.677255 663.000000 0.277406 
0.680392 655.000000 0.274059 
0.677647 662.000000 0.276987 
0.682353 650.000000 0.271967 
0.678824 659.000000 0.275732 
0.675686 667.000000 0.279079 
0.675686 667.000000 0.279079 
0.677255 663.000000 0.277406 
0.673333 673.000000 0.281590 
0.678431 660.000000 0.276151 
0.682745 649.000000 0.271548 
0.672549 675.000000 0.282427 
0.678824 659.000000 0.275732 
0.679216 658.000000 0.275314 
0.678431 660.000000 0.276151 
0.672941 674.000000 0.282008 
0.672941 674.000000 0.282008 
0.680784 654.000000 0.273640 
0.679608 657.000000 0.274895 
0.680000 656.000000 0.274477 
0.678431 660.000000 0.276151 
0.681961 651.000000 0.272385 
0.676471 665.000000 0.278243 
0.675294 668.000000 0.279498 
0.678039 661.000000 0.276569 
0.678824 659.000000 0.275732 
0.674902 669.000000 0.279916 
0.679216 658.000000 0.275314 
0.675686 667.000000 0.279079 
0.681961 651.000000 0.272385 
0.679608 657.000000 0.274895 
0.676471 665.000000 0.278243 
0.675294 668.000000 0.279498 
0.678824 659.000000 0.275732 
0.679608 657.000000 0.274895 
0.678431 660.000000 0.276151 
0.673725 672.000000 0.281172 
0.676078 666.000000 0.278661 
0.680392 655.000000 0.274059 
0.676471 665.000000 0.278243 
0.678431 660.000000 0.276151 
0.681961 651.000000 0.272385 
0.678431 660.000000 0.276151 
0.676863 664.000000 0.277824 
0.680392 655.000000 0.274059 
0.680392 655.000000 0.274059 
0.676078 666.000000 0.278661 
0.680000 656.000000 0.274477 
0.673333 673.000000 0.281590 
0.679608 657.000000 0.274895 
0.680392 655.000000 0.274059 
0.677255 663.000000 0.277406 
0.678824 659.000000 0.275732 
0.674118 671.000000 0.280753 
0.675686 667.000000 0.279079 
0.678431 660.000000 0.276151 
0.670980 679.000000 0.284100 
0.678039 661.000000 0.276569 
0.679216 658.000000 0.275314 
0.674902 669.000000 0.279916 
0.677255 663.000000 0.277406 
0.678824 659.000000 0.275732 
0.674118 671.000000 0.280753 
0.676863 664.000000 0.277824 
0.676863 664.000000 0.277824 
0.676078 666.000000 0.278661 
0.674902 669.000000 0.279916 
0.676078 666.000000 0.278661 
0.679608 657.000000 0.274895 
0.676471 665.000000 0.278243 
0.674902 669.000000 0.279916 
0.674902 669.000000 0.279916 
0.674902 669.000000 0.279916 
0.674118 671.000000 0.280753 
0.676471 665.000000 0.278243 
0.674118 671.000000 0.280753 
0.678039 661.000000 0.276569 
0.678039 661.000000 0.276569 
0.678431 660.000000 0.276151 
0.677255 663.000000 0.277406 
0.679216 658.000000 0.275314 
0.673725 672.000000 0.281172 
0.675686 667.000000 0.279079 
0.676471 665.000000 0.278243 
0.685490 642.000000 0.268619 
0.679216 658.000000 0.275314 
0.677255 663.000000 0.277406 
0.672549 675.000000 0.282427 
0.674510 670.000000 0.280335 
0.673725 672.000000 0.281172 
0.674118 671.000000 0.280753 
0.676863 664.000000 0.277824 
0.674510 670.000000 0.280335 
0.678039 661.000000 0.276569 
0.679608 657.000000 0.274895 
0.677647 662.000000 0.276987 
0.674902 669.000000 0.279916 
0.674118 671.000000 0.280753 
0.678431 660.000000 0.276151 
0.679608 657.000000 0.274895 
0.673333 673.000000 0.281590 
0.675686 667.000000 0.279079 
0.677647 662.000000 0.276987 
0.676078 666.000000 0.278661 
0.681569 652.000000 0.272803 
0.678431 660.000000 0.276151 
0.675686 667.000000 0.279079 
0.678039 661.000000 0.276569 
0.678431 660.000000 0.276151 
0.676863 664.000000 0.277824 
0.678431 660.000000 0.276151 
0.676863 664.000000 0.277824 
0.680000 656.000000 0.274477 
0.683137 648.000000 0.271130 
0.676863 664.000000 0.277824 
0.675294 668.000000 0.279498 
0.680000 656.000000 0.274477 
0.677647 662.000000 0.276987 
0.679608 657.000000 0.274895 
0.679608 657.000000 0.274895 
