0.678117 2633.000000 0.075295 
0.678180 2630.000000 0.075209 
0.678368 2621.000000 0.074952 
0.678452 2617.000000 0.074838 
0.678117 2633.000000 0.075295 
0.678327 2623.000000 0.075009 
0.678620 2609.000000 0.074609 
0.678410 2619.000000 0.074895 
0.677718 2652.000000 0.075839 
0.678578 2611.000000 0.074666 
0.678872 2597.000000 0.074266 
0.677320 2671.000000 0.076382 
0.678767 2602.000000 0.074409 
0.678201 2629.000000 0.075181 
0.678054 2636.000000 0.075381 
0.678410 2619.000000 0.074895 
0.677467 2664.000000 0.076182 
0.678578 2611.000000 0.074666 
0.678662 2607.000000 0.074552 
0.677676 2654.000000 0.075896 
0.678683 2606.000000 0.074523 
0.678578 2611.000000 0.074666 
0.677614 2657.000000 0.075982 
0.677949 2641.000000 0.075524 
0.677697 2653.000000 0.075867 
0.677760 2650.000000 0.075781 
0.678872 2597.000000 0.074266 
0.679312 2576.000000 0.073665 
0.678767 2602.000000 0.074409 
0.679690 2558.000000 0.073151 
0.678306 2624.000000 0.075038 
0.678096 2634.000000 0.075324 
0.677991 2639.000000 0.075467 
0.677865 2645.000000 0.075638 
0.677991 2639.000000 0.075467 
0.678536 2613.000000 0.074723 
0.678914 2595.000000 0.074209 
0.678431 2618.000000 0.074866 
0.677593 2658.000000 0.076010 
0.678872 2597.000000 0.074266 
0.678620 2609.000000 0.074609 
0.678306 2624.000000 0.075038 
0.678767 2602.000000 0.074409 
0.677718 2652.000000 0.075839 
0.679480 2568.000000 0.073436 
0.678327 2623.000000 0.075009 
0.678704 2605.000000 0.074495 
0.678746 2603.000000 0.074437 
0.678347 2622.000000 0.074981 
0.678746 2603.000000 0.074437 
0.679648 2560.000000 0.073208 
0.678180 2630.000000 0.075209 
0.678033 2637.000000 0.075410 
0.677697 2653.000000 0.075867 
0.679291 2577.000000 0.073694 
0.678452 2617.000000 0.074838 
0.678159 2631.000000 0.075238 
0.677970 2640.000000 0.075495 
0.679040 2589.000000 0.074037 
0.679165 2583.000000 0.073865 
0.677739 2651.000000 0.075810 
0.678054 2636.000000 0.075381 
0.678599 2610.000000 0.074638 
0.680298 2529.000000 0.072321 
0.678557 2612.000000 0.074695 
0.677446 2665.000000 0.076210 
0.678830 2599.000000 0.074323 
0.678327 2623.000000 0.075009 
0.679165 2583.000000 0.073865 
0.678368 2621.000000 0.074952 
0.678264 2626.000000 0.075095 
0.678851 2598.000000 0.074294 
0.678704 2605.000000 0.074495 
0.677991 2639.000000 0.075467 
0.678327 2623.000000 0.075009 
0.678809 2600.000000 0.074352 
0.678096 2634.000000 0.075324 
0.678893 2596.000000 0.074237 
0.677173 2678.000000 0.076582 
0.677844 2646.000000 0.075667 
0.678788 2601.000000 0.074380 
0.678347 2622.000000 0.074981 
0.678347 2622.000000 0.074981 
0.679333 2575.000000 0.073637 
0.679061 2588.000000 0.074008 
0.678222 2628.000000 0.075152 
0.678264 2626.000000 0.075095 
0.678159 2631.000000 0.075238 
0.678180 2630.000000 0.075209 
0.677865 2645.000000 0.075638 
0.677802 2648.000000 0.075724 
0.679354 2574.000000 0.073608 
0.677760 2650.000000 0.075781 
0.677928 2642.000000 0.075553 
0.679144 2584.000000 0.073894 
0.678998 2591.000000 0.074094 
0.678138 2632.000000 0.075267 
0.678494 2615.000000 0.074781 
0.678767 2602.000000 0.074409 
0.678368 2621.000000 0.074952 
0.678368 2621.000000 0.074952 
0.678725 2604.000000 0.074466 
0.678641 2608.000000 0.074580 
0.678872 2597.000000 0.074266 
0.677739 2651.000000 0.075810 
0.678767 2602.000000 0.074409 
0.678285 2625.000000 0.075066 
0.678389 2620.000000 0.074924 
0.677257 2674.000000 0.076468 
0.678872 2597.000000 0.074266 
0.678431 2618.000000 0.074866 
0.678347 2622.000000 0.074981 
0.677865 2645.000000 0.075638 
0.679081 2587.000000 0.073980 
0.678033 2637.000000 0.075410 
0.677760 2650.000000 0.075781 
0.678452 2617.000000 0.074838 
0.678243 2627.000000 0.075124 
0.677257 2674.000000 0.076468 
0.678285 2625.000000 0.075066 
0.678180 2630.000000 0.075209 
0.678285 2625.000000 0.075066 
0.678410 2619.000000 0.074895 
0.678033 2637.000000 0.075410 
0.677991 2639.000000 0.075467 
0.679270 2578.000000 0.073722 
0.677760 2650.000000 0.075781 
0.678431 2618.000000 0.074866 
0.678473 2616.000000 0.074809 
0.678893 2596.000000 0.074237 
0.677425 2666.000000 0.076239 
0.677928 2642.000000 0.075553 
0.678536 2613.000000 0.074723 
0.678096 2634.000000 0.075324 
0.678830 2599.000000 0.074323 
0.678117 2633.000000 0.075295 
0.678599 2610.000000 0.074638 
0.679102 2586.000000 0.073951 
0.677152 2679.000000 0.076611 
0.678914 2595.000000 0.074209 
0.677823 2647.000000 0.075696 
0.678117 2633.000000 0.075295 
0.678956 2593.000000 0.074151 
0.678452 2617.000000 0.074838 
0.678893 2596.000000 0.074237 
0.678389 2620.000000 0.074924 
0.678599 2610.000000 0.074638 
0.678557 2612.000000 0.074695 
0.678830 2599.000000 0.074323 
0.678620 2609.000000 0.074609 
0.678473 2616.000000 0.074809 
0.678515 2614.000000 0.074752 
0.677970 2640.000000 0.075495 
0.679019 2590.000000 0.074066 
0.678096 2634.000000 0.075324 
0.678431 2618.000000 0.074866 
0.678704 2605.000000 0.074495 
0.677949 2641.000000 0.075524 
0.678494 2615.000000 0.074781 
0.678012 2638.000000 0.075438 
0.678285 2625.000000 0.075066 
0.678285 2625.000000 0.075066 
0.678620 2609.000000 0.074609 
0.678054 2636.000000 0.075381 
0.678243 2627.000000 0.075124 
0.679144 2584.000000 0.073894 
0.677446 2665.000000 0.076210 
0.678956 2593.000000 0.074151 
0.677886 2644.000000 0.075610 
0.679123 2585.000000 0.073923 
0.678536 2613.000000 0.074723 
0.678872 2597.000000 0.074266 
0.679249 2579.000000 0.073751 
0.678725 2604.000000 0.074466 
0.678201 2629.000000 0.075181 
0.678704 2605.000000 0.074495 
0.678075 2635.000000 0.075352 
0.679732 2556.000000 0.073093 
0.678033 2637.000000 0.075410 
0.677844 2646.000000 0.075667 
0.677676 2654.000000 0.075896 
0.678872 2597.000000 0.074266 
0.678138 2632.000000 0.075267 
0.678767 2602.000000 0.074409 
0.679438 2570.000000 0.073494 
0.679501 2567.000000 0.073408 
0.677823 2647.000000 0.075696 
0.678809 2600.000000 0.074352 
0.678389 2620.000000 0.074924 
0.677928 2642.000000 0.075553 
0.677865 2645.000000 0.075638 
0.677781 2649.000000 0.075753 
0.679040 2589.000000 0.074037 
0.678536 2613.000000 0.074723 
0.678327 2623.000000 0.075009 
0.677802 2648.000000 0.075724 
0.677614 2657.000000 0.075982 
0.677676 2654.000000 0.075896 
0.678599 2610.000000 0.074638 
0.679606 2562.000000 0.073265 
0.679081 2587.000000 0.073980 
0.678431 2618.000000 0.074866 
0.678851 2598.000000 0.074294 
0.678872 2597.000000 0.074266 
0.678431 2618.000000 0.074866 
0.677886 2644.000000 0.075610 
0.677886 2644.000000 0.075610 
0.678264 2626.000000 0.075095 
0.678117 2633.000000 0.075295 
0.678222 2628.000000 0.075152 
0.678054 2636.000000 0.075381 
0.677320 2671.000000 0.076382 
0.678180 2630.000000 0.075209 
0.678641 2608.000000 0.074580 
0.678767 2602.000000 0.074409 
0.677970 2640.000000 0.075495 
0.678641 2608.000000 0.074580 
0.678138 2632.000000 0.075267 
0.678557 2612.000000 0.074695 
0.679438 2570.000000 0.073494 
0.678012 2638.000000 0.075438 
0.677572 2659.000000 0.076039 
0.677781 2649.000000 0.075753 
0.677928 2642.000000 0.075553 
0.677760 2650.000000 0.075781 
0.678599 2610.000000 0.074638 
0.678515 2614.000000 0.074752 
0.677970 2640.000000 0.075495 
0.679899 2548.000000 0.072865 
0.677970 2640.000000 0.075495 
0.678977 2592.000000 0.074123 
0.678704 2605.000000 0.074495 
0.678494 2615.000000 0.074781 
0.678977 2592.000000 0.074123 
0.677551 2660.000000 0.076067 
0.678368 2621.000000 0.074952 
0.677488 2663.000000 0.076153 
0.678620 2609.000000 0.074609 
0.678033 2637.000000 0.075410 
0.678473 2616.000000 0.074809 
0.678243 2627.000000 0.075124 
0.678452 2617.000000 0.074838 
0.678347 2622.000000 0.074981 
0.677299 2672.000000 0.076411 
0.678117 2633.000000 0.075295 
0.678788 2601.000000 0.074380 
0.678473 2616.000000 0.074809 
0.677907 2643.000000 0.075581 
0.677991 2639.000000 0.075467 
0.679123 2585.000000 0.073923 
0.678998 2591.000000 0.074094 
0.677739 2651.000000 0.075810 
0.678159 2631.000000 0.075238 
0.678117 2633.000000 0.075295 
0.678557 2612.000000 0.074695 
0.678347 2622.000000 0.074981 
0.678767 2602.000000 0.074409 
0.678998 2591.000000 0.074094 
0.678117 2633.000000 0.075295 
0.679207 2581.000000 0.073808 
0.678327 2623.000000 0.075009 
0.678788 2601.000000 0.074380 
0.678159 2631.000000 0.075238 
0.677194 2677.000000 0.076554 
0.677634 2656.000000 0.075953 
0.678788 2601.000000 0.074380 
0.678389 2620.000000 0.074924 
0.678536 2613.000000 0.074723 
0.678138 2632.000000 0.075267 
0.677425 2666.000000 0.076239 
0.679669 2559.000000 0.073179 
0.678306 2624.000000 0.075038 
0.678578 2611.000000 0.074666 
0.678222 2628.000000 0.075152 
0.679291 2577.000000 0.073694 
0.678347 2622.000000 0.074981 
0.678222 2628.000000 0.075152 
0.677886 2644.000000 0.075610 
0.678599 2610.000000 0.074638 
0.678746 2603.000000 0.074437 
0.679144 2584.000000 0.073894 
0.677655 2655.000000 0.075924 
0.677823 2647.000000 0.075696 
0.678368 2621.000000 0.074952 
0.677886 2644.000000 0.075610 
0.677676 2654.000000 0.075896 
0.678410 2619.000000 0.074895 
0.678851 2598.000000 0.074294 
0.678159 2631.000000 0.075238 
0.678620 2609.000000 0.074609 
0.677488 2663.000000 0.076153 
0.677467 2664.000000 0.076182 
0.677718 2652.000000 0.075839 
0.678347 2622.000000 0.074981 
0.678536 2613.000000 0.074723 
0.678557 2612.000000 0.074695 
0.678243 2627.000000 0.075124 
0.678180 2630.000000 0.075209 
0.678243 2627.000000 0.075124 
0.678285 2625.000000 0.075066 
0.678285 2625.000000 0.075066 
0.680088 2539.000000 0.072607 
0.677593 2658.000000 0.076010 
0.677802 2648.000000 0.075724 
0.678243 2627.000000 0.075124 
0.679123 2585.000000 0.073923 
0.677928 2642.000000 0.075553 
0.677697 2653.000000 0.075867 
0.678180 2630.000000 0.075209 
0.678893 2596.000000 0.074237 
0.679019 2590.000000 0.074066 
0.678557 2612.000000 0.074695 
0.677194 2677.000000 0.076554 
0.678306 2624.000000 0.075038 
0.679061 2588.000000 0.074008 
0.677886 2644.000000 0.075610 
0.678159 2631.000000 0.075238 
0.678893 2596.000000 0.074237 
0.679207 2581.000000 0.073808 
0.679061 2588.000000 0.074008 
0.678809 2600.000000 0.074352 
0.679186 2582.000000 0.073837 
0.678368 2621.000000 0.074952 
0.678431 2618.000000 0.074866 
0.677739 2651.000000 0.075810 
0.678222 2628.000000 0.075152 
0.679019 2590.000000 0.074066 
0.678012 2638.000000 0.075438 
0.679312 2576.000000 0.073665 
0.678620 2609.000000 0.074609 
0.678578 2611.000000 0.074666 
0.677781 2649.000000 0.075753 
0.678473 2616.000000 0.074809 
0.679061 2588.000000 0.074008 
0.678306 2624.000000 0.075038 
0.678578 2611.000000 0.074666 
0.677593 2658.000000 0.076010 
0.678620 2609.000000 0.074609 
0.678201 2629.000000 0.075181 
0.678054 2636.000000 0.075381 
0.677802 2648.000000 0.075724 
0.677928 2642.000000 0.075553 
0.678368 2621.000000 0.074952 
0.678264 2626.000000 0.075095 
0.677949 2641.000000 0.075524 
0.678243 2627.000000 0.075124 
0.676796 2696.000000 0.077097 
0.678515 2614.000000 0.074752 
0.678285 2625.000000 0.075066 
0.678515 2614.000000 0.074752 
0.678683 2606.000000 0.074523 
0.678767 2602.000000 0.074409 
0.678746 2603.000000 0.074437 
0.679102 2586.000000 0.073951 
0.678746 2603.000000 0.074437 
0.678159 2631.000000 0.075238 
0.679144 2584.000000 0.073894 
0.677194 2677.000000 0.076554 
0.678306 2624.000000 0.075038 
0.678180 2630.000000 0.075209 
0.677697 2653.000000 0.075867 
0.678977 2592.000000 0.074123 
0.678159 2631.000000 0.075238 
0.678285 2625.000000 0.075066 
0.678641 2608.000000 0.074580 
0.678809 2600.000000 0.074352 
0.679123 2585.000000 0.073923 
0.678872 2597.000000 0.074266 
0.678347 2622.000000 0.074981 
0.678473 2616.000000 0.074809 
0.678473 2616.000000 0.074809 
0.678662 2607.000000 0.074552 
0.677572 2659.000000 0.076039 
0.677530 2661.000000 0.076096 
0.678830 2599.000000 0.074323 
0.677928 2642.000000 0.075553 
0.678410 2619.000000 0.074895 
0.677593 2658.000000 0.076010 
0.677865 2645.000000 0.075638 
0.677949 2641.000000 0.075524 
0.678620 2609.000000 0.074609 
0.678956 2593.000000 0.074151 
0.678201 2629.000000 0.075181 
0.678033 2637.000000 0.075410 
0.678159 2631.000000 0.075238 
0.678431 2618.000000 0.074866 
0.677823 2647.000000 0.075696 
0.678515 2614.000000 0.074752 
0.678410 2619.000000 0.074895 
0.678033 2637.000000 0.075410 
0.678620 2609.000000 0.074609 
0.677802 2648.000000 0.075724 
0.679543 2565.000000 0.073351 
0.677823 2647.000000 0.075696 
0.677718 2652.000000 0.075839 
0.678662 2607.000000 0.074552 
0.678851 2598.000000 0.074294 
0.679123 2585.000000 0.073923 
0.677655 2655.000000 0.075924 
0.677739 2651.000000 0.075810 
0.678243 2627.000000 0.075124 
0.678998 2591.000000 0.074094 
0.678788 2601.000000 0.074380 
0.678368 2621.000000 0.074952 
0.678767 2602.000000 0.074409 
0.678893 2596.000000 0.074237 
0.678327 2623.000000 0.075009 
0.678096 2634.000000 0.075324 
0.677572 2659.000000 0.076039 
0.679123 2585.000000 0.073923 
0.678998 2591.000000 0.074094 
0.678159 2631.000000 0.075238 
0.678809 2600.000000 0.074352 
0.678327 2623.000000 0.075009 
0.678431 2618.000000 0.074866 
0.678033 2637.000000 0.075410 
0.678431 2618.000000 0.074866 
0.677697 2653.000000 0.075867 
0.678914 2595.000000 0.074209 
0.678389 2620.000000 0.074924 
0.678494 2615.000000 0.074781 
0.679123 2585.000000 0.073923 
0.678264 2626.000000 0.075095 
0.678872 2597.000000 0.074266 
0.679081 2587.000000 0.073980 
0.679312 2576.000000 0.073665 
0.677655 2655.000000 0.075924 
0.678180 2630.000000 0.075209 
0.678893 2596.000000 0.074237 
0.679375 2573.000000 0.073579 
0.677739 2651.000000 0.075810 
0.678033 2637.000000 0.075410 
0.677634 2656.000000 0.075953 
0.678557 2612.000000 0.074695 
0.677278 2673.000000 0.076439 
0.677572 2659.000000 0.076039 
0.678452 2617.000000 0.074838 
0.678096 2634.000000 0.075324 
0.677655 2655.000000 0.075924 
0.677194 2677.000000 0.076554 
0.677907 2643.000000 0.075581 
0.678285 2625.000000 0.075066 
0.678536 2613.000000 0.074723 
0.677215 2676.000000 0.076525 
0.678494 2615.000000 0.074781 
0.679165 2583.000000 0.073865 
0.678473 2616.000000 0.074809 
0.678515 2614.000000 0.074752 
0.678327 2623.000000 0.075009 
0.677488 2663.000000 0.076153 
0.678138 2632.000000 0.075267 
0.678306 2624.000000 0.075038 
0.678180 2630.000000 0.075209 
0.678117 2633.000000 0.075295 
0.679228 2580.000000 0.073780 
0.678075 2635.000000 0.075352 
0.678012 2638.000000 0.075438 
0.678033 2637.000000 0.075410 
0.677781 2649.000000 0.075753 
0.678935 2594.000000 0.074180 
0.678075 2635.000000 0.075352 
0.679312 2576.000000 0.073665 
0.678410 2619.000000 0.074895 
0.677362 2669.000000 0.076325 
0.678893 2596.000000 0.074237 
0.678012 2638.000000 0.075438 
0.679417 2571.000000 0.073522 
0.678012 2638.000000 0.075438 
0.677404 2667.000000 0.076268 
0.677425 2666.000000 0.076239 
0.678914 2595.000000 0.074209 
0.679123 2585.000000 0.073923 
0.679648 2560.000000 0.073208 
0.678809 2600.000000 0.074352 
0.679040 2589.000000 0.074037 
0.678159 2631.000000 0.075238 
0.679040 2589.000000 0.074037 
0.679648 2560.000000 0.073208 
0.678851 2598.000000 0.074294 
0.678851 2598.000000 0.074294 
0.678306 2624.000000 0.075038 
0.677278 2673.000000 0.076439 
0.678620 2609.000000 0.074609 
0.677760 2650.000000 0.075781 
0.679459 2569.000000 0.073465 
0.677844 2646.000000 0.075667 
0.678012 2638.000000 0.075438 
0.679333 2575.000000 0.073637 
0.678452 2617.000000 0.074838 
0.678494 2615.000000 0.074781 
0.677676 2654.000000 0.075896 
0.678620 2609.000000 0.074609 
0.677781 2649.000000 0.075753 
0.677949 2641.000000 0.075524 
0.678536 2613.000000 0.074723 
0.678767 2602.000000 0.074409 
0.677844 2646.000000 0.075667 
0.679207 2581.000000 0.073808 
0.678809 2600.000000 0.074352 
0.678347 2622.000000 0.074981 
0.678347 2622.000000 0.074981 
