0.761871 331.000000 0.238129 
0.753237 343.000000 0.246763 
0.752518 344.000000 0.247482 
0.751799 345.000000 0.248201 
0.752518 344.000000 0.247482 
0.758993 335.000000 0.241007 
0.754676 341.000000 0.245324 
0.746763 352.000000 0.253237 
0.749640 348.000000 0.250360 
0.744604 355.000000 0.255396 
0.741007 360.000000 0.258993 
0.761151 332.000000 0.238849 
0.742446 358.000000 0.257554 
0.753957 342.000000 0.246043 
0.725180 382.000000 0.274820 
0.752518 344.000000 0.247482 
0.760432 333.000000 0.239568 
0.753957 342.000000 0.246043 
0.746763 352.000000 0.253237 
0.753957 342.000000 0.246043 
0.748921 349.000000 0.251079 
0.748921 349.000000 0.251079 
0.747482 351.000000 0.252518 
0.757554 337.000000 0.242446 
0.751079 346.000000 0.248921 
0.738849 363.000000 0.261151 
0.748921 349.000000 0.251079 
0.746763 352.000000 0.253237 
0.742446 358.000000 0.257554 
0.756835 338.000000 0.243165 
0.755396 340.000000 0.244604 
0.743165 357.000000 0.256835 
0.758993 335.000000 0.241007 
0.740288 361.000000 0.259712 
0.755396 340.000000 0.244604 
0.746043 353.000000 0.253957 
0.754676 341.000000 0.245324 
0.751079 346.000000 0.248921 
0.766906 324.000000 0.233094 
0.762590 330.000000 0.237410 
0.749640 348.000000 0.250360 
0.735252 368.000000 0.264748 
0.746763 352.000000 0.253237 
0.766187 325.000000 0.233813 
0.747482 351.000000 0.252518 
0.749640 348.000000 0.250360 
0.750360 347.000000 0.249640 
0.758273 336.000000 0.241727 
0.737410 365.000000 0.262590 
0.743885 356.000000 0.256115 
0.756835 338.000000 0.243165 
0.737410 365.000000 0.262590 
0.764748 327.000000 0.235252 
0.746763 352.000000 0.253237 
0.739568 362.000000 0.260432 
0.748921 349.000000 0.251079 
0.751079 346.000000 0.248921 
0.761871 331.000000 0.238129 
0.753957 342.000000 0.246043 
0.746763 352.000000 0.253237 
0.743165 357.000000 0.256835 
0.751799 345.000000 0.248201 
0.756115 339.000000 0.243885 
0.753237 343.000000 0.246763 
0.745324 354.000000 0.254676 
0.748921 349.000000 0.251079 
0.753957 342.000000 0.246043 
0.739568 362.000000 0.260432 
0.750360 347.000000 0.249640 
0.746763 352.000000 0.253237 
0.756115 339.000000 0.243885 
0.752518 344.000000 0.247482 
0.753237 343.000000 0.246763 
0.757554 337.000000 0.242446 
0.756115 339.000000 0.243885 
0.747482 351.000000 0.252518 
0.741007 360.000000 0.258993 
0.759712 334.000000 0.240288 
0.746043 353.000000 0.253957 
0.754676 341.000000 0.245324 
0.732374 372.000000 0.267626 
0.756115 339.000000 0.243885 
0.751799 345.000000 0.248201 
0.749640 348.000000 0.250360 
0.748201 350.000000 0.251799 
0.746763 352.000000 0.253237 
0.740288 361.000000 0.259712 
0.741727 359.000000 0.258273 
0.738129 364.000000 0.261871 
0.743885 356.000000 0.256115 
0.748921 349.000000 0.251079 
0.743165 357.000000 0.256835 
0.754676 341.000000 0.245324 
0.753957 342.000000 0.246043 
0.744604 355.000000 0.255396 
0.746043 353.000000 0.253957 
0.738129 364.000000 0.261871 
0.750360 347.000000 0.249640 
0.758273 336.000000 0.241727 
0.739568 362.000000 0.260432 
0.760432 333.000000 0.239568 
0.748921 349.000000 0.251079 
0.745324 354.000000 0.254676 
0.753237 343.000000 0.246763 
0.730935 374.000000 0.269065 
0.750360 347.000000 0.249640 
0.755396 340.000000 0.244604 
0.738129 364.000000 0.261871 
0.755396 340.000000 0.244604 
0.753957 342.000000 0.246043 
0.751799 345.000000 0.248201 
0.747482 351.000000 0.252518 
0.755396 340.000000 0.244604 
0.751799 345.000000 0.248201 
0.757554 337.000000 0.242446 
0.748921 349.000000 0.251079 
0.746043 353.000000 0.253957 
0.753237 343.000000 0.246763 
0.749640 348.000000 0.250360 
0.755396 340.000000 0.244604 
0.756835 338.000000 0.243165 
0.745324 354.000000 0.254676 
0.755396 340.000000 0.244604 
0.746043 353.000000 0.253957 
0.746043 353.000000 0.253957 
0.749640 348.000000 0.250360 
0.758273 336.000000 0.241727 
0.741727 359.000000 0.258273 
0.756835 338.000000 0.243165 
0.752518 344.000000 0.247482 
0.741007 360.000000 0.258993 
0.758993 335.000000 0.241007 
0.750360 347.000000 0.249640 
0.757554 337.000000 0.242446 
0.758993 335.000000 0.241007 
0.746763 352.000000 0.253237 
0.748921 349.000000 0.251079 
0.741007 360.000000 0.258993 
0.752518 344.000000 0.247482 
0.747482 351.000000 0.252518 
0.747482 351.000000 0.252518 
0.745324 354.000000 0.254676 
0.764748 327.000000 0.235252 
0.746763 352.000000 0.253237 
0.747482 351.000000 0.252518 
0.735971 367.000000 0.264029 
0.738849 363.000000 0.261151 
0.746043 353.000000 0.253957 
0.750360 347.000000 0.249640 
0.741727 359.000000 0.258273 
0.746043 353.000000 0.253957 
0.743165 357.000000 0.256835 
0.750360 347.000000 0.249640 
0.754676 341.000000 0.245324 
0.758993 335.000000 0.241007 
0.756115 339.000000 0.243885 
0.746763 352.000000 0.253237 
0.743885 356.000000 0.256115 
0.755396 340.000000 0.244604 
0.760432 333.000000 0.239568 
0.748921 349.000000 0.251079 
0.733813 370.000000 0.266187 
0.747482 351.000000 0.252518 
0.751079 346.000000 0.248921 
0.748921 349.000000 0.251079 
0.751799 345.000000 0.248201 
0.752518 344.000000 0.247482 
0.757554 337.000000 0.242446 
0.744604 355.000000 0.255396 
0.772662 316.000000 0.227338 
0.748201 350.000000 0.251799 
0.756835 338.000000 0.243165 
0.764029 328.000000 0.235971 
0.743885 356.000000 0.256115 
0.742446 358.000000 0.257554 
0.756835 338.000000 0.243165 
0.750360 347.000000 0.249640 
0.752518 344.000000 0.247482 
0.743885 356.000000 0.256115 
0.756115 339.000000 0.243885 
0.741727 359.000000 0.258273 
0.744604 355.000000 0.255396 
0.761871 331.000000 0.238129 
0.751079 346.000000 0.248921 
0.751799 345.000000 0.248201 
0.760432 333.000000 0.239568 
0.743885 356.000000 0.256115 
0.747482 351.000000 0.252518 
0.750360 347.000000 0.249640 
0.752518 344.000000 0.247482 
0.747482 351.000000 0.252518 
0.750360 347.000000 0.249640 
0.745324 354.000000 0.254676 
0.748201 350.000000 0.251799 
0.759712 334.000000 0.240288 
0.751079 346.000000 0.248921 
0.755396 340.000000 0.244604 
0.746763 352.000000 0.253237 
0.751079 346.000000 0.248921 
0.746043 353.000000 0.253957 
0.758993 335.000000 0.241007 
0.743165 357.000000 0.256835 
0.742446 358.000000 0.257554 
0.753957 342.000000 0.246043 
0.751079 346.000000 0.248921 
0.761871 331.000000 0.238129 
0.756115 339.000000 0.243885 
0.757554 337.000000 0.242446 
0.749640 348.000000 0.250360 
0.746763 352.000000 0.253237 
0.738849 363.000000 0.261151 
0.757554 337.000000 0.242446 
0.759712 334.000000 0.240288 
0.753237 343.000000 0.246763 
0.741007 360.000000 0.258993 
0.760432 333.000000 0.239568 
0.756115 339.000000 0.243885 
0.749640 348.000000 0.250360 
0.743885 356.000000 0.256115 
0.751799 345.000000 0.248201 
0.747482 351.000000 0.252518 
0.739568 362.000000 0.260432 
0.751799 345.000000 0.248201 
0.741727 359.000000 0.258273 
0.744604 355.000000 0.255396 
0.755396 340.000000 0.244604 
0.759712 334.000000 0.240288 
0.768345 322.000000 0.231655 
0.751079 346.000000 0.248921 
0.754676 341.000000 0.245324 
0.754676 341.000000 0.245324 
0.738849 363.000000 0.261151 
0.752518 344.000000 0.247482 
0.760432 333.000000 0.239568 
0.753237 343.000000 0.246763 
0.768345 322.000000 0.231655 
0.753237 343.000000 0.246763 
0.741727 359.000000 0.258273 
0.749640 348.000000 0.250360 
0.768345 322.000000 0.231655 
0.761871 331.000000 0.238129 
0.755396 340.000000 0.244604 
0.748201 350.000000 0.251799 
0.756835 338.000000 0.243165 
0.735252 368.000000 0.264748 
0.751799 345.000000 0.248201 
0.746763 352.000000 0.253237 
0.758273 336.000000 0.241727 
0.764748 327.000000 0.235252 
0.743885 356.000000 0.256115 
0.740288 361.000000 0.259712 
0.741727 359.000000 0.258273 
0.752518 344.000000 0.247482 
0.745324 354.000000 0.254676 
0.754676 341.000000 0.245324 
0.751799 345.000000 0.248201 
0.756115 339.000000 0.243885 
0.738849 363.000000 0.261151 
0.751079 346.000000 0.248921 
0.749640 348.000000 0.250360 
0.748921 349.000000 0.251079 
0.741727 359.000000 0.258273 
0.751799 345.000000 0.248201 
0.735252 368.000000 0.264748 
0.748201 350.000000 0.251799 
0.753957 342.000000 0.246043 
0.753237 343.000000 0.246763 
0.749640 348.000000 0.250360 
0.746763 352.000000 0.253237 
0.744604 355.000000 0.255396 
0.735971 367.000000 0.264029 
0.748201 350.000000 0.251799 
0.751799 345.000000 0.248201 
0.753957 342.000000 0.246043 
0.758993 335.000000 0.241007 
0.758273 336.000000 0.241727 
0.746043 353.000000 0.253957 
0.749640 348.000000 0.250360 
0.762590 330.000000 0.237410 
0.760432 333.000000 0.239568 
0.751079 346.000000 0.248921 
0.745324 354.000000 0.254676 
0.750360 347.000000 0.249640 
0.758993 335.000000 0.241007 
0.744604 355.000000 0.255396 
0.759712 334.000000 0.240288 
0.761151 332.000000 0.238849 
0.754676 341.000000 0.245324 
0.755396 340.000000 0.244604 
0.750360 347.000000 0.249640 
0.750360 347.000000 0.249640 
0.743885 356.000000 0.256115 
0.754676 341.000000 0.245324 
0.741727 359.000000 0.258273 
0.752518 344.000000 0.247482 
0.747482 351.000000 0.252518 
0.761151 332.000000 0.238849 
0.746763 352.000000 0.253237 
0.750360 347.000000 0.249640 
0.751079 346.000000 0.248921 
0.743165 357.000000 0.256835 
0.752518 344.000000 0.247482 
0.751799 345.000000 0.248201 
0.746043 353.000000 0.253957 
0.742446 358.000000 0.257554 
0.759712 334.000000 0.240288 
0.748201 350.000000 0.251799 
0.749640 348.000000 0.250360 
0.751799 345.000000 0.248201 
0.751079 346.000000 0.248921 
0.738849 363.000000 0.261151 
0.743165 357.000000 0.256835 
0.741727 359.000000 0.258273 
0.759712 334.000000 0.240288 
0.761151 332.000000 0.238849 
0.746763 352.000000 0.253237 
0.753957 342.000000 0.246043 
0.753957 342.000000 0.246043 
0.743885 356.000000 0.256115 
0.746763 352.000000 0.253237 
0.748201 350.000000 0.251799 
0.749640 348.000000 0.250360 
0.750360 347.000000 0.249640 
0.753237 343.000000 0.246763 
0.735252 368.000000 0.264748 
0.751079 346.000000 0.248921 
0.761871 331.000000 0.238129 
0.758993 335.000000 0.241007 
0.756115 339.000000 0.243885 
0.740288 361.000000 0.259712 
0.766906 324.000000 0.233094 
0.756115 339.000000 0.243885 
0.753957 342.000000 0.246043 
0.753957 342.000000 0.246043 
0.748201 350.000000 0.251799 
0.733094 371.000000 0.266906 
0.741727 359.000000 0.258273 
0.726619 380.000000 0.273381 
0.751799 345.000000 0.248201 
0.754676 341.000000 0.245324 
0.764748 327.000000 0.235252 
0.737410 365.000000 0.262590 
0.730935 374.000000 0.269065 
0.757554 337.000000 0.242446 
0.748921 349.000000 0.251079 
0.743165 357.000000 0.256835 
0.753957 342.000000 0.246043 
0.748201 350.000000 0.251799 
0.741007 360.000000 0.258993 
0.743165 357.000000 0.256835 
0.755396 340.000000 0.244604 
0.746763 352.000000 0.253237 
0.738129 364.000000 0.261871 
0.746043 353.000000 0.253957 
0.748921 349.000000 0.251079 
0.744604 355.000000 0.255396 
0.753237 343.000000 0.246763 
0.752518 344.000000 0.247482 
0.746763 352.000000 0.253237 
0.743885 356.000000 0.256115 
0.749640 348.000000 0.250360 
0.753237 343.000000 0.246763 
0.753957 342.000000 0.246043 
0.736691 366.000000 0.263309 
0.744604 355.000000 0.255396 
0.758993 335.000000 0.241007 
0.751079 346.000000 0.248921 
0.741727 359.000000 0.258273 
0.764029 328.000000 0.235971 
0.751799 345.000000 0.248201 
0.752518 344.000000 0.247482 
0.747482 351.000000 0.252518 
0.744604 355.000000 0.255396 
0.749640 348.000000 0.250360 
0.733094 371.000000 0.266906 
0.753237 343.000000 0.246763 
0.761151 332.000000 0.238849 
0.758993 335.000000 0.241007 
0.753957 342.000000 0.246043 
0.747482 351.000000 0.252518 
0.750360 347.000000 0.249640 
0.750360 347.000000 0.249640 
0.758993 335.000000 0.241007 
0.744604 355.000000 0.255396 
0.764748 327.000000 0.235252 
0.745324 354.000000 0.254676 
0.746043 353.000000 0.253957 
0.749640 348.000000 0.250360 
0.759712 334.000000 0.240288 
0.757554 337.000000 0.242446 
0.738849 363.000000 0.261151 
0.757554 337.000000 0.242446 
0.751079 346.000000 0.248921 
0.759712 334.000000 0.240288 
0.752518 344.000000 0.247482 
0.749640 348.000000 0.250360 
0.761871 331.000000 0.238129 
0.738129 364.000000 0.261871 
0.753237 343.000000 0.246763 
0.747482 351.000000 0.252518 
0.744604 355.000000 0.255396 
0.740288 361.000000 0.259712 
0.744604 355.000000 0.255396 
0.747482 351.000000 0.252518 
0.748921 349.000000 0.251079 
0.741727 359.000000 0.258273 
0.747482 351.000000 0.252518 
0.743885 356.000000 0.256115 
0.759712 334.000000 0.240288 
0.761151 332.000000 0.238849 
0.736691 366.000000 0.263309 
0.755396 340.000000 0.244604 
0.740288 361.000000 0.259712 
0.752518 344.000000 0.247482 
0.747482 351.000000 0.252518 
0.764029 328.000000 0.235971 
0.739568 362.000000 0.260432 
0.757554 337.000000 0.242446 
0.760432 333.000000 0.239568 
0.751799 345.000000 0.248201 
0.751799 345.000000 0.248201 
0.740288 361.000000 0.259712 
0.756835 338.000000 0.243165 
0.748201 350.000000 0.251799 
0.756835 338.000000 0.243165 
0.748921 349.000000 0.251079 
0.746043 353.000000 0.253957 
0.743885 356.000000 0.256115 
0.749640 348.000000 0.250360 
0.748201 350.000000 0.251799 
0.756115 339.000000 0.243885 
0.738849 363.000000 0.261151 
0.746763 352.000000 0.253237 
0.739568 362.000000 0.260432 
0.753957 342.000000 0.246043 
0.746043 353.000000 0.253957 
0.742446 358.000000 0.257554 
0.750360 347.000000 0.249640 
0.749640 348.000000 0.250360 
0.748201 350.000000 0.251799 
0.743165 357.000000 0.256835 
0.758993 335.000000 0.241007 
0.755396 340.000000 0.244604 
0.746763 352.000000 0.253237 
0.757554 337.000000 0.242446 
0.734532 369.000000 0.265468 
0.748921 349.000000 0.251079 
0.771223 318.000000 0.228777 
0.740288 361.000000 0.259712 
0.756115 339.000000 0.243885 
0.757554 337.000000 0.242446 
0.751079 346.000000 0.248921 
0.744604 355.000000 0.255396 
0.748201 350.000000 0.251799 
0.762590 330.000000 0.237410 
0.760432 333.000000 0.239568 
0.754676 341.000000 0.245324 
0.733094 371.000000 0.266906 
0.751079 346.000000 0.248921 
0.766906 324.000000 0.233094 
0.749640 348.000000 0.250360 
0.742446 358.000000 0.257554 
0.748921 349.000000 0.251079 
0.764748 327.000000 0.235252 
0.751079 346.000000 0.248921 
0.752518 344.000000 0.247482 
0.748921 349.000000 0.251079 
0.738129 364.000000 0.261871 
0.762590 330.000000 0.237410 
0.761871 331.000000 0.238129 
0.742446 358.000000 0.257554 
0.746763 352.000000 0.253237 
0.746763 352.000000 0.253237 
0.756835 338.000000 0.243165 
0.744604 355.000000 0.255396 
0.732374 372.000000 0.267626 
0.756115 339.000000 0.243885 
0.750360 347.000000 0.249640 
0.751079 346.000000 0.248921 
0.741007 360.000000 0.258993 
0.741727 359.000000 0.258273 
0.755396 340.000000 0.244604 
0.749640 348.000000 0.250360 
0.741727 359.000000 0.258273 
0.751799 345.000000 0.248201 
0.756835 338.000000 0.243165 
0.748921 349.000000 0.251079 
0.738849 363.000000 0.261151 
0.748201 350.000000 0.251799 
0.756835 338.000000 0.243165 
0.741007 360.000000 0.258993 
0.745324 354.000000 0.254676 
0.755396 340.000000 0.244604 
0.746043 353.000000 0.253957 
0.746763 352.000000 0.253237 
0.751079 346.000000 0.248921 
0.763309 329.000000 0.236691 
0.754676 341.000000 0.245324 
0.743165 357.000000 0.256835 
0.768345 322.000000 0.231655 
0.744604 355.000000 0.255396 
0.751079 346.000000 0.248921 
0.757554 337.000000 0.242446 
0.751799 345.000000 0.248201 
0.766187 325.000000 0.233813 
0.747482 351.000000 0.252518 
0.745324 354.000000 0.254676 
0.748921 349.000000 0.251079 
0.758273 336.000000 0.241727 
0.756835 338.000000 0.243165 
0.741007 360.000000 0.258993 
0.756835 338.000000 0.243165 
0.743165 357.000000 0.256835 
0.730216 375.000000 0.269784 
0.758273 336.000000 0.241727 
0.738129 364.000000 0.261871 
0.778417 308.000000 0.221583 
0.751799 345.000000 0.248201 
0.748201 350.000000 0.251799 
0.735252 368.000000 0.264748 
0.757554 337.000000 0.242446 
0.743165 357.000000 0.256835 
0.758993 335.000000 0.241007 
0.736691 366.000000 0.263309 
0.747482 351.000000 0.252518 
0.747482 351.000000 0.252518 
0.745324 354.000000 0.254676 
0.751799 345.000000 0.248201 
0.753957 342.000000 0.246043 
0.749640 348.000000 0.250360 
0.750360 347.000000 0.249640 
0.757554 337.000000 0.242446 
0.751079 346.000000 0.248921 
0.749640 348.000000 0.250360 
0.756115 339.000000 0.243885 
0.754676 341.000000 0.245324 
0.733094 371.000000 0.266906 
0.740288 361.000000 0.259712 
0.745324 354.000000 0.254676 
0.742446 358.000000 0.257554 
0.750360 347.000000 0.249640 
0.742446 358.000000 0.257554 
0.744604 355.000000 0.255396 
0.746043 353.000000 0.253957 
0.753957 342.000000 0.246043 
0.759712 334.000000 0.240288 
0.740288 361.000000 0.259712 
0.754676 341.000000 0.245324 
0.735971 367.000000 0.264029 
0.746043 353.000000 0.253957 
0.743165 357.000000 0.256835 
0.743885 356.000000 0.256115 
0.742446 358.000000 0.257554 
0.741007 360.000000 0.258993 
0.751799 345.000000 0.248201 
0.752518 344.000000 0.247482 
0.745324 354.000000 0.254676 
0.750360 347.000000 0.249640 
0.748201 350.000000 0.251799 
0.753957 342.000000 0.246043 
0.744604 355.000000 0.255396 
0.744604 355.000000 0.255396 
0.757554 337.000000 0.242446 
0.746763 352.000000 0.253237 
0.767626 323.000000 0.232374 
0.739568 362.000000 0.260432 
0.755396 340.000000 0.244604 
0.756115 339.000000 0.243885 
0.748921 349.000000 0.251079 
0.750360 347.000000 0.249640 
0.743885 356.000000 0.256115 
0.746043 353.000000 0.253957 
0.739568 362.000000 0.260432 
0.759712 334.000000 0.240288 
0.753237 343.000000 0.246763 
0.755396 340.000000 0.244604 
0.743165 357.000000 0.256835 
0.753237 343.000000 0.246763 
0.756115 339.000000 0.243885 
0.753957 342.000000 0.246043 
0.762590 330.000000 0.237410 
0.754676 341.000000 0.245324 
0.747482 351.000000 0.252518 
0.753237 343.000000 0.246763 
0.747482 351.000000 0.252518 
0.753957 342.000000 0.246043 
0.757554 337.000000 0.242446 
0.750360 347.000000 0.249640 
0.770504 319.000000 0.229496 
0.746043 353.000000 0.253957 
0.740288 361.000000 0.259712 
0.758273 336.000000 0.241727 
0.755396 340.000000 0.244604 
0.756835 338.000000 0.243165 
0.749640 348.000000 0.250360 
0.744604 355.000000 0.255396 
0.733813 370.000000 0.266187 
0.754676 341.000000 0.245324 
0.764029 328.000000 0.235971 
0.737410 365.000000 0.262590 
0.754676 341.000000 0.245324 
0.766906 324.000000 0.233094 
0.761871 331.000000 0.238129 
0.759712 334.000000 0.240288 
0.748921 349.000000 0.251079 
0.730216 375.000000 0.269784 
0.748921 349.000000 0.251079 
0.762590 330.000000 0.237410 
0.747482 351.000000 0.252518 
0.758273 336.000000 0.241727 
0.753237 343.000000 0.246763 
0.735252 368.000000 0.264748 
0.748921 349.000000 0.251079 
0.744604 355.000000 0.255396 
0.753957 342.000000 0.246043 
0.749640 348.000000 0.250360 
0.755396 340.000000 0.244604 
0.748201 350.000000 0.251799 
0.748201 350.000000 0.251799 
0.733813 370.000000 0.266187 
0.735252 368.000000 0.264748 
0.761871 331.000000 0.238129 
0.746763 352.000000 0.253237 
0.745324 354.000000 0.254676 
0.737410 365.000000 0.262590 
0.743885 356.000000 0.256115 
0.752518 344.000000 0.247482 
0.747482 351.000000 0.252518 
0.756115 339.000000 0.243885 
0.762590 330.000000 0.237410 
0.751799 345.000000 0.248201 
0.748201 350.000000 0.251799 
0.731655 373.000000 0.268345 
0.741007 360.000000 0.258993 
0.748201 350.000000 0.251799 
0.741727 359.000000 0.258273 
0.743885 356.000000 0.256115 
0.756835 338.000000 0.243165 
0.742446 358.000000 0.257554 
0.745324 354.000000 0.254676 
0.731655 373.000000 0.268345 
0.745324 354.000000 0.254676 
0.749640 348.000000 0.250360 
0.764029 328.000000 0.235971 
0.741007 360.000000 0.258993 
0.755396 340.000000 0.244604 
0.756115 339.000000 0.243885 
0.743165 357.000000 0.256835 
0.741727 359.000000 0.258273 
0.742446 358.000000 0.257554 
0.753237 343.000000 0.246763 
0.748201 350.000000 0.251799 
0.747482 351.000000 0.252518 
0.743165 357.000000 0.256835 
0.738849 363.000000 0.261151 
0.740288 361.000000 0.259712 
0.757554 337.000000 0.242446 
0.751799 345.000000 0.248201 
0.749640 348.000000 0.250360 
0.755396 340.000000 0.244604 
0.751799 345.000000 0.248201 
0.751799 345.000000 0.248201 
0.744604 355.000000 0.255396 
0.759712 334.000000 0.240288 
0.741007 360.000000 0.258993 
0.736691 366.000000 0.263309 
0.753237 343.000000 0.246763 
0.749640 348.000000 0.250360 
0.744604 355.000000 0.255396 
0.763309 329.000000 0.236691 
0.761871 331.000000 0.238129 
0.750360 347.000000 0.249640 
0.746763 352.000000 0.253237 
0.761871 331.000000 0.238129 
0.746763 352.000000 0.253237 
0.753237 343.000000 0.246763 
0.738129 364.000000 0.261871 
0.762590 330.000000 0.237410 
0.749640 348.000000 0.250360 
0.744604 355.000000 0.255396 
0.747482 351.000000 0.252518 
0.764748 327.000000 0.235252 
0.754676 341.000000 0.245324 
0.756115 339.000000 0.243885 
0.748921 349.000000 0.251079 
0.763309 329.000000 0.236691 
0.746043 353.000000 0.253957 
0.751079 346.000000 0.248921 
0.751799 345.000000 0.248201 
0.754676 341.000000 0.245324 
0.743885 356.000000 0.256115 
0.742446 358.000000 0.257554 
0.739568 362.000000 0.260432 
0.735971 367.000000 0.264029 
0.746043 353.000000 0.253957 
0.733094 371.000000 0.266906 
0.752518 344.000000 0.247482 
0.753237 343.000000 0.246763 
0.759712 334.000000 0.240288 
0.749640 348.000000 0.250360 
0.733094 371.000000 0.266906 
0.738849 363.000000 0.261151 
0.747482 351.000000 0.252518 
0.754676 341.000000 0.245324 
0.753237 343.000000 0.246763 
0.745324 354.000000 0.254676 
0.748201 350.000000 0.251799 
0.745324 354.000000 0.254676 
0.768345 322.000000 0.231655 
0.746043 353.000000 0.253957 
0.764029 328.000000 0.235971 
0.748921 349.000000 0.251079 
0.743885 356.000000 0.256115 
0.737410 365.000000 0.262590 
0.753957 342.000000 0.246043 
0.764748 327.000000 0.235252 
0.751079 346.000000 0.248921 
0.750360 347.000000 0.249640 
0.744604 355.000000 0.255396 
0.752518 344.000000 0.247482 
0.763309 329.000000 0.236691 
0.748201 350.000000 0.251799 
0.745324 354.000000 0.254676 
0.731655 373.000000 0.268345 
0.746763 352.000000 0.253237 
0.748201 350.000000 0.251799 
0.741007 360.000000 0.258993 
0.737410 365.000000 0.262590 
0.752518 344.000000 0.247482 
0.746043 353.000000 0.253957 
0.748921 349.000000 0.251079 
0.746043 353.000000 0.253957 
0.764029 328.000000 0.235971 
0.759712 334.000000 0.240288 
0.740288 361.000000 0.259712 
0.747482 351.000000 0.252518 
0.756115 339.000000 0.243885 
0.738849 363.000000 0.261151 
0.746043 353.000000 0.253957 
0.745324 354.000000 0.254676 
0.745324 354.000000 0.254676 
0.743885 356.000000 0.256115 
0.751079 346.000000 0.248921 
0.753237 343.000000 0.246763 
0.751799 345.000000 0.248201 
0.745324 354.000000 0.254676 
0.751799 345.000000 0.248201 
0.747482 351.000000 0.252518 
0.744604 355.000000 0.255396 
0.750360 347.000000 0.249640 
0.755396 340.000000 0.244604 
0.750360 347.000000 0.249640 
0.762590 330.000000 0.237410 
0.759712 334.000000 0.240288 
0.765468 326.000000 0.234532 
0.743165 357.000000 0.256835 
0.755396 340.000000 0.244604 
0.751079 346.000000 0.248921 
0.761151 332.000000 0.238849 
0.753957 342.000000 0.246043 
0.735252 368.000000 0.264748 
0.747482 351.000000 0.252518 
0.751079 346.000000 0.248921 
0.736691 366.000000 0.263309 
0.742446 358.000000 0.257554 
0.753957 342.000000 0.246043 
0.739568 362.000000 0.260432 
0.753237 343.000000 0.246763 
0.741727 359.000000 0.258273 
0.735971 367.000000 0.264029 
0.747482 351.000000 0.252518 
0.743885 356.000000 0.256115 
0.761151 332.000000 0.238849 
0.747482 351.000000 0.252518 
0.731655 373.000000 0.268345 
0.741007 360.000000 0.258993 
0.748201 350.000000 0.251799 
0.739568 362.000000 0.260432 
0.744604 355.000000 0.255396 
0.739568 362.000000 0.260432 
0.746763 352.000000 0.253237 
0.750360 347.000000 0.249640 
0.747482 351.000000 0.252518 
0.745324 354.000000 0.254676 
0.741007 360.000000 0.258993 
0.754676 341.000000 0.245324 
0.751079 346.000000 0.248921 
0.753237 343.000000 0.246763 
0.748201 350.000000 0.251799 
0.745324 354.000000 0.254676 
0.735252 368.000000 0.264748 
0.750360 347.000000 0.249640 
0.769784 320.000000 0.230216 
0.753957 342.000000 0.246043 
0.738129 364.000000 0.261871 
0.758993 335.000000 0.241007 
0.764748 327.000000 0.235252 
0.758273 336.000000 0.241727 
0.747482 351.000000 0.252518 
0.756115 339.000000 0.243885 
0.742446 358.000000 0.257554 
0.750360 347.000000 0.249640 
0.756115 339.000000 0.243885 
0.738849 363.000000 0.261151 
0.751079 346.000000 0.248921 
0.743885 356.000000 0.256115 
0.755396 340.000000 0.244604 
0.746043 353.000000 0.253957 
0.737410 365.000000 0.262590 
0.749640 348.000000 0.250360 
0.755396 340.000000 0.244604 
0.748201 350.000000 0.251799 
0.755396 340.000000 0.244604 
0.756115 339.000000 0.243885 
0.734532 369.000000 0.265468 
0.756835 338.000000 0.243165 
0.743885 356.000000 0.256115 
0.748201 350.000000 0.251799 
0.741007 360.000000 0.258993 
0.749640 348.000000 0.250360 
0.752518 344.000000 0.247482 
0.761151 332.000000 0.238849 
0.747482 351.000000 0.252518 
0.746763 352.000000 0.253237 
0.758273 336.000000 0.241727 
0.748921 349.000000 0.251079 
0.758273 336.000000 0.241727 
0.754676 341.000000 0.245324 
0.759712 334.000000 0.240288 
0.752518 344.000000 0.247482 
0.751079 346.000000 0.248921 
0.748921 349.000000 0.251079 
0.743885 356.000000 0.256115 
0.751799 345.000000 0.248201 
0.761871 331.000000 0.238129 
0.761871 331.000000 0.238129 
0.756115 339.000000 0.243885 
0.751079 346.000000 0.248921 
0.771942 317.000000 0.228058 
0.746043 353.000000 0.253957 
0.740288 361.000000 0.259712 
0.768345 322.000000 0.231655 
0.751079 346.000000 0.248921 
0.743885 356.000000 0.256115 
0.746763 352.000000 0.253237 
0.743165 357.000000 0.256835 
0.753237 343.000000 0.246763 
0.762590 330.000000 0.237410 
0.757554 337.000000 0.242446 
0.753237 343.000000 0.246763 
0.753957 342.000000 0.246043 
0.740288 361.000000 0.259712 
0.747482 351.000000 0.252518 
0.755396 340.000000 0.244604 
0.753957 342.000000 0.246043 
0.748201 350.000000 0.251799 
0.756115 339.000000 0.243885 
0.751799 345.000000 0.248201 
0.763309 329.000000 0.236691 
0.746763 352.000000 0.253237 
0.751799 345.000000 0.248201 
0.748921 349.000000 0.251079 
0.752518 344.000000 0.247482 
0.751079 346.000000 0.248921 
0.741727 359.000000 0.258273 
0.739568 362.000000 0.260432 
0.753957 342.000000 0.246043 
0.746763 352.000000 0.253237 
0.749640 348.000000 0.250360 
0.744604 355.000000 0.255396 
0.748201 350.000000 0.251799 
0.741007 360.000000 0.258993 
0.751799 345.000000 0.248201 
0.766187 325.000000 0.233813 
0.726619 380.000000 0.273381 
0.766906 324.000000 0.233094 
0.745324 354.000000 0.254676 
0.748921 349.000000 0.251079 
0.740288 361.000000 0.259712 
0.754676 341.000000 0.245324 
0.752518 344.000000 0.247482 
0.741007 360.000000 0.258993 
0.759712 334.000000 0.240288 
0.742446 358.000000 0.257554 
0.748921 349.000000 0.251079 
0.745324 354.000000 0.254676 
0.736691 366.000000 0.263309 
0.751799 345.000000 0.248201 
0.756115 339.000000 0.243885 
0.747482 351.000000 0.252518 
0.748201 350.000000 0.251799 
0.755396 340.000000 0.244604 
0.742446 358.000000 0.257554 
0.749640 348.000000 0.250360 
0.741727 359.000000 0.258273 
0.752518 344.000000 0.247482 
0.747482 351.000000 0.252518 
0.742446 358.000000 0.257554 
0.744604 355.000000 0.255396 
0.751799 345.000000 0.248201 
0.748921 349.000000 0.251079 
0.746043 353.000000 0.253957 
0.753237 343.000000 0.246763 
0.735252 368.000000 0.264748 
0.756115 339.000000 0.243885 
0.741727 359.000000 0.258273 
0.741007 360.000000 0.258993 
0.750360 347.000000 0.249640 
0.741007 360.000000 0.258993 
0.745324 354.000000 0.254676 
0.733094 371.000000 0.266906 
0.751799 345.000000 0.248201 
0.741727 359.000000 0.258273 
0.747482 351.000000 0.252518 
0.753237 343.000000 0.246763 
0.735252 368.000000 0.264748 
0.759712 334.000000 0.240288 
0.754676 341.000000 0.245324 
0.744604 355.000000 0.255396 
0.739568 362.000000 0.260432 
0.734532 369.000000 0.265468 
0.755396 340.000000 0.244604 
0.735252 368.000000 0.264748 
0.753237 343.000000 0.246763 
0.753237 343.000000 0.246763 
0.753237 343.000000 0.246763 
0.755396 340.000000 0.244604 
0.756115 339.000000 0.243885 
0.756115 339.000000 0.243885 
0.750360 347.000000 0.249640 
0.730216 375.000000 0.269784 
0.745324 354.000000 0.254676 
0.748201 350.000000 0.251799 
0.751799 345.000000 0.248201 
0.744604 355.000000 0.255396 
0.751799 345.000000 0.248201 
0.739568 362.000000 0.260432 
0.739568 362.000000 0.260432 
0.755396 340.000000 0.244604 
0.761151 332.000000 0.238849 
0.750360 347.000000 0.249640 
0.753237 343.000000 0.246763 
0.756115 339.000000 0.243885 
0.746763 352.000000 0.253237 
0.758993 335.000000 0.241007 
0.751079 346.000000 0.248921 
0.749640 348.000000 0.250360 
0.747482 351.000000 0.252518 
0.744604 355.000000 0.255396 
0.758993 335.000000 0.241007 
0.746043 353.000000 0.253957 
0.743165 357.000000 0.256835 
0.743885 356.000000 0.256115 
0.742446 358.000000 0.257554 
0.757554 337.000000 0.242446 
0.751799 345.000000 0.248201 
0.747482 351.000000 0.252518 
0.738849 363.000000 0.261151 
0.751079 346.000000 0.248921 
0.745324 354.000000 0.254676 
0.752518 344.000000 0.247482 
0.743885 356.000000 0.256115 
0.746763 352.000000 0.253237 
0.761151 332.000000 0.238849 
0.735252 368.000000 0.264748 
0.743885 356.000000 0.256115 
0.751799 345.000000 0.248201 
0.746043 353.000000 0.253957 
0.736691 366.000000 0.263309 
0.745324 354.000000 0.254676 
0.758993 335.000000 0.241007 
0.737410 365.000000 0.262590 
0.748201 350.000000 0.251799 
0.751799 345.000000 0.248201 
0.756835 338.000000 0.243165 
0.751079 346.000000 0.248921 
0.753957 342.000000 0.246043 
0.770504 319.000000 0.229496 
0.749640 348.000000 0.250360 
0.764748 327.000000 0.235252 
0.733813 370.000000 0.266187 
0.756835 338.000000 0.243165 
0.756835 338.000000 0.243165 
0.760432 333.000000 0.239568 
0.738849 363.000000 0.261151 
0.741727 359.000000 0.258273 
0.741007 360.000000 0.258993 
0.753957 342.000000 0.246043 
0.744604 355.000000 0.255396 
0.741727 359.000000 0.258273 
0.760432 333.000000 0.239568 
0.749640 348.000000 0.250360 
0.758993 335.000000 0.241007 
0.744604 355.000000 0.255396 
0.752518 344.000000 0.247482 
0.751799 345.000000 0.248201 
0.754676 341.000000 0.245324 
0.757554 337.000000 0.242446 
0.744604 355.000000 0.255396 
0.745324 354.000000 0.254676 
0.756115 339.000000 0.243885 
0.748921 349.000000 0.251079 
0.760432 333.000000 0.239568 
0.746043 353.000000 0.253957 
0.739568 362.000000 0.260432 
0.748201 350.000000 0.251799 
0.747482 351.000000 0.252518 
0.758993 335.000000 0.241007 
0.739568 362.000000 0.260432 
0.756115 339.000000 0.243885 
0.757554 337.000000 0.242446 
0.759712 334.000000 0.240288 
0.759712 334.000000 0.240288 
0.733094 371.000000 0.266906 
0.746763 352.000000 0.253237 
0.754676 341.000000 0.245324 
0.753957 342.000000 0.246043 
0.750360 347.000000 0.249640 
0.764029 328.000000 0.235971 
0.751799 345.000000 0.248201 
0.763309 329.000000 0.236691 
0.756835 338.000000 0.243165 
0.752518 344.000000 0.247482 
0.764748 327.000000 0.235252 
0.746763 352.000000 0.253237 
0.757554 337.000000 0.242446 
0.758993 335.000000 0.241007 
0.751079 346.000000 0.248921 
0.738129 364.000000 0.261871 
0.756835 338.000000 0.243165 
0.757554 337.000000 0.242446 
0.760432 333.000000 0.239568 
0.746043 353.000000 0.253957 
0.751799 345.000000 0.248201 
0.751799 345.000000 0.248201 
0.751079 346.000000 0.248921 
0.754676 341.000000 0.245324 
0.746763 352.000000 0.253237 
0.743885 356.000000 0.256115 
0.733094 371.000000 0.266906 
0.746043 353.000000 0.253957 
0.754676 341.000000 0.245324 
0.764748 327.000000 0.235252 
0.745324 354.000000 0.254676 
0.750360 347.000000 0.249640 
0.742446 358.000000 0.257554 
0.745324 354.000000 0.254676 
0.748921 349.000000 0.251079 
0.741007 360.000000 0.258993 
0.754676 341.000000 0.245324 
0.741007 360.000000 0.258993 
0.749640 348.000000 0.250360 
0.750360 347.000000 0.249640 
0.736691 366.000000 0.263309 
0.751799 345.000000 0.248201 
0.743885 356.000000 0.256115 
0.745324 354.000000 0.254676 
0.741007 360.000000 0.258993 
0.761151 332.000000 0.238849 
0.746043 353.000000 0.253957 
0.749640 348.000000 0.250360 
0.754676 341.000000 0.245324 
0.746043 353.000000 0.253957 
0.747482 351.000000 0.252518 
0.744604 355.000000 0.255396 
0.751799 345.000000 0.248201 
0.748201 350.000000 0.251799 
0.751079 346.000000 0.248921 
0.748921 349.000000 0.251079 
0.733813 370.000000 0.266187 
0.754676 341.000000 0.245324 
0.755396 340.000000 0.244604 
0.743885 356.000000 0.256115 
0.761871 331.000000 0.238129 
0.734532 369.000000 0.265468 
0.753957 342.000000 0.246043 
0.763309 329.000000 0.236691 
0.748201 350.000000 0.251799 
0.741727 359.000000 0.258273 
0.750360 347.000000 0.249640 
0.753237 343.000000 0.246763 
0.753237 343.000000 0.246763 
0.744604 355.000000 0.255396 
0.752518 344.000000 0.247482 
0.747482 351.000000 0.252518 
0.755396 340.000000 0.244604 
0.747482 351.000000 0.252518 
0.756835 338.000000 0.243165 
0.748921 349.000000 0.251079 
0.746763 352.000000 0.253237 
0.743165 357.000000 0.256835 
0.750360 347.000000 0.249640 
0.756835 338.000000 0.243165 
0.752518 344.000000 0.247482 
0.754676 341.000000 0.245324 
0.752518 344.000000 0.247482 
0.753957 342.000000 0.246043 
0.753957 342.000000 0.246043 
0.754676 341.000000 0.245324 
0.748921 349.000000 0.251079 
0.766906 324.000000 0.233094 
0.751079 346.000000 0.248921 
0.750360 347.000000 0.249640 
0.759712 334.000000 0.240288 
0.763309 329.000000 0.236691 
0.758273 336.000000 0.241727 
0.755396 340.000000 0.244604 
0.754676 341.000000 0.245324 
0.737410 365.000000 0.262590 
0.741007 360.000000 0.258993 
0.749640 348.000000 0.250360 
0.735971 367.000000 0.264029 
0.747482 351.000000 0.252518 
0.750360 347.000000 0.249640 
0.747482 351.000000 0.252518 
0.761151 332.000000 0.238849 
0.758273 336.000000 0.241727 
0.747482 351.000000 0.252518 
0.741727 359.000000 0.258273 
0.762590 330.000000 0.237410 
0.748921 349.000000 0.251079 
0.747482 351.000000 0.252518 
0.749640 348.000000 0.250360 
0.754676 341.000000 0.245324 
0.738129 364.000000 0.261871 
0.740288 361.000000 0.259712 
0.748921 349.000000 0.251079 
0.753957 342.000000 0.246043 
0.743165 357.000000 0.256835 
0.751799 345.000000 0.248201 
0.753237 343.000000 0.246763 
0.744604 355.000000 0.255396 
0.751079 346.000000 0.248921 
0.748921 349.000000 0.251079 
0.755396 340.000000 0.244604 
0.745324 354.000000 0.254676 
0.754676 341.000000 0.245324 
0.747482 351.000000 0.252518 
0.730935 374.000000 0.269065 
0.743165 357.000000 0.256835 
0.732374 372.000000 0.267626 
0.767626 323.000000 0.232374 
0.761151 332.000000 0.238849 
0.736691 366.000000 0.263309 
0.760432 333.000000 0.239568 
0.758993 335.000000 0.241007 
0.751799 345.000000 0.248201 
0.758273 336.000000 0.241727 
0.736691 366.000000 0.263309 
0.747482 351.000000 0.252518 
0.763309 329.000000 0.236691 
0.746763 352.000000 0.253237 
0.746043 353.000000 0.253957 
0.761871 331.000000 0.238129 
0.746763 352.000000 0.253237 
0.752518 344.000000 0.247482 
0.738129 364.000000 0.261871 
0.750360 347.000000 0.249640 
0.749640 348.000000 0.250360 
0.741007 360.000000 0.258993 
0.754676 341.000000 0.245324 
0.758993 335.000000 0.241007 
0.761151 332.000000 0.238849 
0.738849 363.000000 0.261151 
0.751799 345.000000 0.248201 
0.741727 359.000000 0.258273 
0.749640 348.000000 0.250360 
0.756115 339.000000 0.243885 
0.752518 344.000000 0.247482 
0.750360 347.000000 0.249640 
0.746763 352.000000 0.253237 
0.746763 352.000000 0.253237 
0.729496 376.000000 0.270504 
0.754676 341.000000 0.245324 
0.749640 348.000000 0.250360 
0.745324 354.000000 0.254676 
0.740288 361.000000 0.259712 
0.751799 345.000000 0.248201 
0.746043 353.000000 0.253957 
0.741727 359.000000 0.258273 
0.760432 333.000000 0.239568 
0.756115 339.000000 0.243885 
0.752518 344.000000 0.247482 
0.748921 349.000000 0.251079 
0.747482 351.000000 0.252518 
0.746763 352.000000 0.253237 
0.753957 342.000000 0.246043 
0.760432 333.000000 0.239568 
0.748921 349.000000 0.251079 
0.748921 349.000000 0.251079 
0.753957 342.000000 0.246043 
0.745324 354.000000 0.254676 
0.751799 345.000000 0.248201 
0.755396 340.000000 0.244604 
0.757554 337.000000 0.242446 
0.761871 331.000000 0.238129 
0.749640 348.000000 0.250360 
0.741727 359.000000 0.258273 
0.746043 353.000000 0.253957 
0.746763 352.000000 0.253237 
0.745324 354.000000 0.254676 
0.751079 346.000000 0.248921 
0.761871 331.000000 0.238129 
0.760432 333.000000 0.239568 
0.753957 342.000000 0.246043 
0.748201 350.000000 0.251799 
0.760432 333.000000 0.239568 
0.743165 357.000000 0.256835 
0.759712 334.000000 0.240288 
0.749640 348.000000 0.250360 
0.747482 351.000000 0.252518 
0.756835 338.000000 0.243165 
0.741007 360.000000 0.258993 
0.753957 342.000000 0.246043 
0.759712 334.000000 0.240288 
0.751079 346.000000 0.248921 
0.750360 347.000000 0.249640 
0.756115 339.000000 0.243885 
0.756115 339.000000 0.243885 
0.738129 364.000000 0.261871 
0.746043 353.000000 0.253957 
0.748201 350.000000 0.251799 
0.738129 364.000000 0.261871 
0.756115 339.000000 0.243885 
0.740288 361.000000 0.259712 
0.751799 345.000000 0.248201 
0.759712 334.000000 0.240288 
0.749640 348.000000 0.250360 
0.756835 338.000000 0.243165 
0.757554 337.000000 0.242446 
0.751799 345.000000 0.248201 
0.737410 365.000000 0.262590 
0.747482 351.000000 0.252518 
0.746763 352.000000 0.253237 
0.745324 354.000000 0.254676 
0.748201 350.000000 0.251799 
0.745324 354.000000 0.254676 
0.753957 342.000000 0.246043 
0.748201 350.000000 0.251799 
0.748921 349.000000 0.251079 
0.748201 350.000000 0.251799 
0.763309 329.000000 0.236691 
0.749640 348.000000 0.250360 
0.756835 338.000000 0.243165 
0.737410 365.000000 0.262590 
0.749640 348.000000 0.250360 
0.754676 341.000000 0.245324 
0.754676 341.000000 0.245324 
0.747482 351.000000 0.252518 
0.749640 348.000000 0.250360 
0.743165 357.000000 0.256835 
0.751079 346.000000 0.248921 
0.743165 357.000000 0.256835 
0.761871 331.000000 0.238129 
0.752518 344.000000 0.247482 
0.749640 348.000000 0.250360 
0.743165 357.000000 0.256835 
0.753237 343.000000 0.246763 
0.754676 341.000000 0.245324 
0.730935 374.000000 0.269065 
0.743165 357.000000 0.256835 
0.738129 364.000000 0.261871 
0.743885 356.000000 0.256115 
0.746763 352.000000 0.253237 
0.754676 341.000000 0.245324 
0.753237 343.000000 0.246763 
0.749640 348.000000 0.250360 
0.755396 340.000000 0.244604 
0.739568 362.000000 0.260432 
0.733813 370.000000 0.266187 
0.751079 346.000000 0.248921 
0.748201 350.000000 0.251799 
0.735971 367.000000 0.264029 
0.754676 341.000000 0.245324 
0.752518 344.000000 0.247482 
0.751799 345.000000 0.248201 
0.758273 336.000000 0.241727 
0.743885 356.000000 0.256115 
0.753957 342.000000 0.246043 
0.751799 345.000000 0.248201 
0.741007 360.000000 0.258993 
0.737410 365.000000 0.262590 
0.735971 367.000000 0.264029 
0.740288 361.000000 0.259712 
0.748201 350.000000 0.251799 
0.746043 353.000000 0.253957 
0.756115 339.000000 0.243885 
0.746043 353.000000 0.253957 
0.751799 345.000000 0.248201 
0.748921 349.000000 0.251079 
0.750360 347.000000 0.249640 
0.748921 349.000000 0.251079 
0.750360 347.000000 0.249640 
0.754676 341.000000 0.245324 
0.751799 345.000000 0.248201 
0.752518 344.000000 0.247482 
0.763309 329.000000 0.236691 
0.743885 356.000000 0.256115 
0.748201 350.000000 0.251799 
0.756115 339.000000 0.243885 
0.741007 360.000000 0.258993 
0.751079 346.000000 0.248921 
0.758273 336.000000 0.241727 
0.746763 352.000000 0.253237 
0.734532 369.000000 0.265468 
0.743885 356.000000 0.256115 
0.759712 334.000000 0.240288 
0.765468 326.000000 0.234532 
0.750360 347.000000 0.249640 
0.752518 344.000000 0.247482 
0.747482 351.000000 0.252518 
0.748201 350.000000 0.251799 
0.746763 352.000000 0.253237 
0.761151 332.000000 0.238849 
0.748201 350.000000 0.251799 
0.743885 356.000000 0.256115 
0.756835 338.000000 0.243165 
0.754676 341.000000 0.245324 
0.749640 348.000000 0.250360 
0.748201 350.000000 0.251799 
0.743885 356.000000 0.256115 
0.754676 341.000000 0.245324 
0.751079 346.000000 0.248921 
0.749640 348.000000 0.250360 
0.748921 349.000000 0.251079 
0.755396 340.000000 0.244604 
0.741727 359.000000 0.258273 
0.758273 336.000000 0.241727 
0.741727 359.000000 0.258273 
0.749640 348.000000 0.250360 
0.756115 339.000000 0.243885 
0.751079 346.000000 0.248921 
0.742446 358.000000 0.257554 
0.750360 347.000000 0.249640 
0.751799 345.000000 0.248201 
0.745324 354.000000 0.254676 
0.756835 338.000000 0.243165 
0.748201 350.000000 0.251799 
0.748921 349.000000 0.251079 
0.736691 366.000000 0.263309 
0.747482 351.000000 0.252518 
0.764029 328.000000 0.235971 
0.734532 369.000000 0.265468 
0.758993 335.000000 0.241007 
0.751799 345.000000 0.248201 
0.742446 358.000000 0.257554 
0.744604 355.000000 0.255396 
0.742446 358.000000 0.257554 
0.770504 319.000000 0.229496 
0.725899 381.000000 0.274101 
0.743165 357.000000 0.256835 
0.762590 330.000000 0.237410 
0.752518 344.000000 0.247482 
0.743885 356.000000 0.256115 
0.741727 359.000000 0.258273 
0.751799 345.000000 0.248201 
0.761871 331.000000 0.238129 
0.741007 360.000000 0.258993 
0.752518 344.000000 0.247482 
0.747482 351.000000 0.252518 
0.743165 357.000000 0.256835 
0.751079 346.000000 0.248921 
0.758993 335.000000 0.241007 
0.755396 340.000000 0.244604 
0.750360 347.000000 0.249640 
0.741007 360.000000 0.258993 
0.741727 359.000000 0.258273 
0.744604 355.000000 0.255396 
0.750360 347.000000 0.249640 
0.746043 353.000000 0.253957 
0.748921 349.000000 0.251079 
0.738129 364.000000 0.261871 
0.747482 351.000000 0.252518 
0.748201 350.000000 0.251799 
0.756835 338.000000 0.243165 
0.758993 335.000000 0.241007 
0.745324 354.000000 0.254676 
0.750360 347.000000 0.249640 
0.748921 349.000000 0.251079 
0.756835 338.000000 0.243165 
0.751799 345.000000 0.248201 
0.746763 352.000000 0.253237 
0.747482 351.000000 0.252518 
0.764029 328.000000 0.235971 
0.754676 341.000000 0.245324 
0.751079 346.000000 0.248921 
0.753237 343.000000 0.246763 
0.765468 326.000000 0.234532 
0.747482 351.000000 0.252518 
0.751799 345.000000 0.248201 
0.753237 343.000000 0.246763 
0.741007 360.000000 0.258993 
0.751079 346.000000 0.248921 
0.746043 353.000000 0.253957 
0.759712 334.000000 0.240288 
0.748201 350.000000 0.251799 
0.749640 348.000000 0.250360 
0.756835 338.000000 0.243165 
0.747482 351.000000 0.252518 
0.741727 359.000000 0.258273 
0.752518 344.000000 0.247482 
0.739568 362.000000 0.260432 
0.746043 353.000000 0.253957 
0.755396 340.000000 0.244604 
0.746043 353.000000 0.253957 
0.746043 353.000000 0.253957 
0.750360 347.000000 0.249640 
0.742446 358.000000 0.257554 
0.740288 361.000000 0.259712 
0.743165 357.000000 0.256835 
0.721583 387.000000 0.278417 
0.738129 364.000000 0.261871 
0.749640 348.000000 0.250360 
0.749640 348.000000 0.250360 
0.743885 356.000000 0.256115 
0.751079 346.000000 0.248921 
0.746763 352.000000 0.253237 
0.753957 342.000000 0.246043 
0.743165 357.000000 0.256835 
0.753237 343.000000 0.246763 
0.753957 342.000000 0.246043 
0.741727 359.000000 0.258273 
0.753237 343.000000 0.246763 
0.735971 367.000000 0.264029 
0.759712 334.000000 0.240288 
0.727338 379.000000 0.272662 
0.756115 339.000000 0.243885 
0.740288 361.000000 0.259712 
0.756835 338.000000 0.243165 
0.753237 343.000000 0.246763 
0.750360 347.000000 0.249640 
0.740288 361.000000 0.259712 
0.763309 329.000000 0.236691 
0.751079 346.000000 0.248921 
0.744604 355.000000 0.255396 
0.745324 354.000000 0.254676 
0.770504 319.000000 0.229496 
0.743885 356.000000 0.256115 
0.750360 347.000000 0.249640 
0.753237 343.000000 0.246763 
0.739568 362.000000 0.260432 
0.748921 349.000000 0.251079 
0.740288 361.000000 0.259712 
0.750360 347.000000 0.249640 
0.732374 372.000000 0.267626 
0.754676 341.000000 0.245324 
0.748921 349.000000 0.251079 
0.736691 366.000000 0.263309 
0.740288 361.000000 0.259712 
0.738849 363.000000 0.261151 
0.746763 352.000000 0.253237 
0.746043 353.000000 0.253957 
0.736691 366.000000 0.263309 
0.750360 347.000000 0.249640 
0.754676 341.000000 0.245324 
0.753237 343.000000 0.246763 
0.758273 336.000000 0.241727 
0.743165 357.000000 0.256835 
0.774820 313.000000 0.225180 
0.751799 345.000000 0.248201 
0.741727 359.000000 0.258273 
0.750360 347.000000 0.249640 
0.738129 364.000000 0.261871 
0.741727 359.000000 0.258273 
0.746043 353.000000 0.253957 
0.743165 357.000000 0.256835 
0.735971 367.000000 0.264029 
0.748201 350.000000 0.251799 
0.747482 351.000000 0.252518 
0.751799 345.000000 0.248201 
0.758273 336.000000 0.241727 
0.748921 349.000000 0.251079 
0.743885 356.000000 0.256115 
0.749640 348.000000 0.250360 
0.735971 367.000000 0.264029 
0.748201 350.000000 0.251799 
0.758273 336.000000 0.241727 
0.730935 374.000000 0.269065 
0.746763 352.000000 0.253237 
0.735971 367.000000 0.264029 
0.761151 332.000000 0.238849 
0.756835 338.000000 0.243165 
0.751079 346.000000 0.248921 
0.735971 367.000000 0.264029 
0.752518 344.000000 0.247482 
0.748921 349.000000 0.251079 
0.734532 369.000000 0.265468 
0.744604 355.000000 0.255396 
0.748201 350.000000 0.251799 
0.747482 351.000000 0.252518 
0.756835 338.000000 0.243165 
0.756115 339.000000 0.243885 
0.755396 340.000000 0.244604 
0.749640 348.000000 0.250360 
0.748921 349.000000 0.251079 
0.741727 359.000000 0.258273 
0.754676 341.000000 0.245324 
0.754676 341.000000 0.245324 
0.749640 348.000000 0.250360 
0.748921 349.000000 0.251079 
0.743885 356.000000 0.256115 
0.749640 348.000000 0.250360 
0.751799 345.000000 0.248201 
0.750360 347.000000 0.249640 
0.756115 339.000000 0.243885 
0.758993 335.000000 0.241007 
0.747482 351.000000 0.252518 
0.752518 344.000000 0.247482 
0.743885 356.000000 0.256115 
0.747482 351.000000 0.252518 
0.746043 353.000000 0.253957 
0.742446 358.000000 0.257554 
0.747482 351.000000 0.252518 
0.743885 356.000000 0.256115 
0.746043 353.000000 0.253957 
0.758993 335.000000 0.241007 
0.737410 365.000000 0.262590 
0.745324 354.000000 0.254676 
0.743885 356.000000 0.256115 
0.743885 356.000000 0.256115 
0.762590 330.000000 0.237410 
0.743165 357.000000 0.256835 
0.744604 355.000000 0.255396 
0.755396 340.000000 0.244604 
0.748921 349.000000 0.251079 
0.746763 352.000000 0.253237 
0.749640 348.000000 0.250360 
0.756115 339.000000 0.243885 
0.743165 357.000000 0.256835 
0.764029 328.000000 0.235971 
0.741007 360.000000 0.258993 
0.754676 341.000000 0.245324 
0.746043 353.000000 0.253957 
0.739568 362.000000 0.260432 
0.748921 349.000000 0.251079 
0.741007 360.000000 0.258993 
0.750360 347.000000 0.249640 
0.751799 345.000000 0.248201 
0.745324 354.000000 0.254676 
0.754676 341.000000 0.245324 
0.761871 331.000000 0.238129 
0.768345 322.000000 0.231655 
0.747482 351.000000 0.252518 
0.750360 347.000000 0.249640 
0.753237 343.000000 0.246763 
0.748921 349.000000 0.251079 
0.752518 344.000000 0.247482 
0.746763 352.000000 0.253237 
0.753957 342.000000 0.246043 
0.749640 348.000000 0.250360 
0.749640 348.000000 0.250360 
0.744604 355.000000 0.255396 
0.749640 348.000000 0.250360 
0.745324 354.000000 0.254676 
0.753237 343.000000 0.246763 
0.733813 370.000000 0.266187 
0.750360 347.000000 0.249640 
0.735971 367.000000 0.264029 
0.751079 346.000000 0.248921 
0.748921 349.000000 0.251079 
0.739568 362.000000 0.260432 
0.752518 344.000000 0.247482 
0.732374 372.000000 0.267626 
0.741007 360.000000 0.258993 
0.759712 334.000000 0.240288 
0.748201 350.000000 0.251799 
0.748201 350.000000 0.251799 
0.742446 358.000000 0.257554 
0.756115 339.000000 0.243885 
0.756115 339.000000 0.243885 
0.750360 347.000000 0.249640 
0.751799 345.000000 0.248201 
0.747482 351.000000 0.252518 
0.739568 362.000000 0.260432 
0.748921 349.000000 0.251079 
0.757554 337.000000 0.242446 
0.757554 337.000000 0.242446 
0.730216 375.000000 0.269784 
0.756115 339.000000 0.243885 
0.747482 351.000000 0.252518 
0.762590 330.000000 0.237410 
0.758993 335.000000 0.241007 
0.730935 374.000000 0.269065 
0.753237 343.000000 0.246763 
0.756115 339.000000 0.243885 
0.754676 341.000000 0.245324 
0.737410 365.000000 0.262590 
0.750360 347.000000 0.249640 
0.744604 355.000000 0.255396 
0.753237 343.000000 0.246763 
0.750360 347.000000 0.249640 
0.743165 357.000000 0.256835 
0.735252 368.000000 0.264748 
0.735971 367.000000 0.264029 
0.761871 331.000000 0.238129 
0.749640 348.000000 0.250360 
0.748201 350.000000 0.251799 
0.752518 344.000000 0.247482 
0.761151 332.000000 0.238849 
0.743165 357.000000 0.256835 
0.748201 350.000000 0.251799 
0.748201 350.000000 0.251799 
0.757554 337.000000 0.242446 
0.745324 354.000000 0.254676 
0.754676 341.000000 0.245324 
0.739568 362.000000 0.260432 
0.746043 353.000000 0.253957 
0.753237 343.000000 0.246763 
0.756115 339.000000 0.243885 
0.753957 342.000000 0.246043 
0.746043 353.000000 0.253957 
0.755396 340.000000 0.244604 
0.748201 350.000000 0.251799 
0.745324 354.000000 0.254676 
0.752518 344.000000 0.247482 
0.748921 349.000000 0.251079 
0.751079 346.000000 0.248921 
0.753957 342.000000 0.246043 
0.750360 347.000000 0.249640 
0.747482 351.000000 0.252518 
0.749640 348.000000 0.250360 
0.743165 357.000000 0.256835 
0.755396 340.000000 0.244604 
0.752518 344.000000 0.247482 
0.752518 344.000000 0.247482 
0.762590 330.000000 0.237410 
0.748921 349.000000 0.251079 
0.756115 339.000000 0.243885 
0.761871 331.000000 0.238129 
0.756115 339.000000 0.243885 
0.758273 336.000000 0.241727 
0.742446 358.000000 0.257554 
0.756115 339.000000 0.243885 
0.744604 355.000000 0.255396 
0.746763 352.000000 0.253237 
0.746043 353.000000 0.253957 
0.746043 353.000000 0.253957 
0.762590 330.000000 0.237410 
0.751799 345.000000 0.248201 
0.746763 352.000000 0.253237 
0.742446 358.000000 0.257554 
0.752518 344.000000 0.247482 
0.768345 322.000000 0.231655 
0.733813 370.000000 0.266187 
0.743885 356.000000 0.256115 
0.743165 357.000000 0.256835 
0.746043 353.000000 0.253957 
0.748921 349.000000 0.251079 
0.746043 353.000000 0.253957 
0.735971 367.000000 0.264029 
0.743165 357.000000 0.256835 
0.756835 338.000000 0.243165 
0.729496 376.000000 0.270504 
0.746043 353.000000 0.253957 
0.747482 351.000000 0.252518 
0.752518 344.000000 0.247482 
0.746763 352.000000 0.253237 
0.734532 369.000000 0.265468 
0.753237 343.000000 0.246763 
0.764748 327.000000 0.235252 
0.746763 352.000000 0.253237 
0.756835 338.000000 0.243165 
0.754676 341.000000 0.245324 
0.749640 348.000000 0.250360 
0.744604 355.000000 0.255396 
0.756115 339.000000 0.243885 
0.750360 347.000000 0.249640 
0.746043 353.000000 0.253957 
0.750360 347.000000 0.249640 
0.751799 345.000000 0.248201 
0.753237 343.000000 0.246763 
0.761871 331.000000 0.238129 
0.739568 362.000000 0.260432 
0.751799 345.000000 0.248201 
0.742446 358.000000 0.257554 
0.751799 345.000000 0.248201 
0.753957 342.000000 0.246043 
0.756115 339.000000 0.243885 
0.753237 343.000000 0.246763 
0.770504 319.000000 0.229496 
0.744604 355.000000 0.255396 
0.748201 350.000000 0.251799 
0.751079 346.000000 0.248921 
0.748201 350.000000 0.251799 
0.756835 338.000000 0.243165 
0.746043 353.000000 0.253957 
0.753957 342.000000 0.246043 
0.762590 330.000000 0.237410 
0.751079 346.000000 0.248921 
0.743885 356.000000 0.256115 
0.765468 326.000000 0.234532 
0.756835 338.000000 0.243165 
0.742446 358.000000 0.257554 
0.751799 345.000000 0.248201 
0.752518 344.000000 0.247482 
0.758993 335.000000 0.241007 
0.755396 340.000000 0.244604 
0.758273 336.000000 0.241727 
0.752518 344.000000 0.247482 
0.752518 344.000000 0.247482 
0.746043 353.000000 0.253957 
0.756835 338.000000 0.243165 
0.743165 357.000000 0.256835 
0.764748 327.000000 0.235252 
0.753957 342.000000 0.246043 
0.747482 351.000000 0.252518 
0.741007 360.000000 0.258993 
0.746763 352.000000 0.253237 
0.745324 354.000000 0.254676 
0.751799 345.000000 0.248201 
0.756835 338.000000 0.243165 
0.751079 346.000000 0.248921 
0.753237 343.000000 0.246763 
0.749640 348.000000 0.250360 
0.746043 353.000000 0.253957 
0.757554 337.000000 0.242446 
0.744604 355.000000 0.255396 
0.743885 356.000000 0.256115 
0.744604 355.000000 0.255396 
0.741727 359.000000 0.258273 
0.753237 343.000000 0.246763 
0.751799 345.000000 0.248201 
0.752518 344.000000 0.247482 
0.743885 356.000000 0.256115 
0.751799 345.000000 0.248201 
0.758993 335.000000 0.241007 
0.760432 333.000000 0.239568 
0.730935 374.000000 0.269065 
0.761871 331.000000 0.238129 
0.751799 345.000000 0.248201 
0.754676 341.000000 0.245324 
0.750360 347.000000 0.249640 
0.752518 344.000000 0.247482 
0.747482 351.000000 0.252518 
0.735971 367.000000 0.264029 
0.735971 367.000000 0.264029 
0.765468 326.000000 0.234532 
0.753237 343.000000 0.246763 
0.750360 347.000000 0.249640 
0.774820 313.000000 0.225180 
0.743165 357.000000 0.256835 
0.748201 350.000000 0.251799 
0.746043 353.000000 0.253957 
0.736691 366.000000 0.263309 
0.764748 327.000000 0.235252 
0.753237 343.000000 0.246763 
0.755396 340.000000 0.244604 
0.748921 349.000000 0.251079 
0.743165 357.000000 0.256835 
0.760432 333.000000 0.239568 
0.761871 331.000000 0.238129 
0.756835 338.000000 0.243165 
0.757554 337.000000 0.242446 
0.761871 331.000000 0.238129 
0.746043 353.000000 0.253957 
0.764029 328.000000 0.235971 
0.747482 351.000000 0.252518 
0.744604 355.000000 0.255396 
0.743885 356.000000 0.256115 
0.752518 344.000000 0.247482 
0.745324 354.000000 0.254676 
0.753237 343.000000 0.246763 
0.747482 351.000000 0.252518 
0.757554 337.000000 0.242446 
0.772662 316.000000 0.227338 
0.753237 343.000000 0.246763 
0.751799 345.000000 0.248201 
0.748921 349.000000 0.251079 
0.756115 339.000000 0.243885 
0.753237 343.000000 0.246763 
0.749640 348.000000 0.250360 
0.735252 368.000000 0.264748 
0.755396 340.000000 0.244604 
0.749640 348.000000 0.250360 
0.758273 336.000000 0.241727 
0.741727 359.000000 0.258273 
0.743885 356.000000 0.256115 
0.752518 344.000000 0.247482 
0.733094 371.000000 0.266906 
0.738849 363.000000 0.261151 
0.750360 347.000000 0.249640 
0.758993 335.000000 0.241007 
0.762590 330.000000 0.237410 
0.750360 347.000000 0.249640 
0.740288 361.000000 0.259712 
0.756115 339.000000 0.243885 
0.762590 330.000000 0.237410 
0.746763 352.000000 0.253237 
0.741727 359.000000 0.258273 
0.749640 348.000000 0.250360 
0.746043 353.000000 0.253957 
0.756835 338.000000 0.243165 
0.743885 356.000000 0.256115 
0.767626 323.000000 0.232374 
0.741007 360.000000 0.258993 
0.747482 351.000000 0.252518 
0.753237 343.000000 0.246763 
0.746043 353.000000 0.253957 
0.743165 357.000000 0.256835 
0.738849 363.000000 0.261151 
0.737410 365.000000 0.262590 
0.746763 352.000000 0.253237 
0.743165 357.000000 0.256835 
0.735252 368.000000 0.264748 
0.757554 337.000000 0.242446 
0.751799 345.000000 0.248201 
0.765468 326.000000 0.234532 
0.738849 363.000000 0.261151 
0.755396 340.000000 0.244604 
0.745324 354.000000 0.254676 
0.753957 342.000000 0.246043 
0.747482 351.000000 0.252518 
0.763309 329.000000 0.236691 
0.752518 344.000000 0.247482 
0.746043 353.000000 0.253957 
0.753957 342.000000 0.246043 
0.758273 336.000000 0.241727 
0.754676 341.000000 0.245324 
0.756115 339.000000 0.243885 
0.750360 347.000000 0.249640 
0.741007 360.000000 0.258993 
0.746763 352.000000 0.253237 
0.737410 365.000000 0.262590 
0.764029 328.000000 0.235971 
0.736691 366.000000 0.263309 
0.746763 352.000000 0.253237 
0.758273 336.000000 0.241727 
0.761871 331.000000 0.238129 
0.751799 345.000000 0.248201 
0.756115 339.000000 0.243885 
0.745324 354.000000 0.254676 
0.751079 346.000000 0.248921 
0.756835 338.000000 0.243165 
0.752518 344.000000 0.247482 
0.747482 351.000000 0.252518 
0.748201 350.000000 0.251799 
0.734532 369.000000 0.265468 
0.758993 335.000000 0.241007 
0.746763 352.000000 0.253237 
0.733094 371.000000 0.266906 
0.753957 342.000000 0.246043 
0.754676 341.000000 0.245324 
0.751079 346.000000 0.248921 
0.758993 335.000000 0.241007 
0.744604 355.000000 0.255396 
0.753957 342.000000 0.246043 
0.756835 338.000000 0.243165 
0.743885 356.000000 0.256115 
0.746043 353.000000 0.253957 
0.741727 359.000000 0.258273 
0.749640 348.000000 0.250360 
0.743885 356.000000 0.256115 
0.751079 346.000000 0.248921 
0.743885 356.000000 0.256115 
0.754676 341.000000 0.245324 
0.747482 351.000000 0.252518 
0.747482 351.000000 0.252518 
0.749640 348.000000 0.250360 
0.757554 337.000000 0.242446 
0.741007 360.000000 0.258993 
0.759712 334.000000 0.240288 
0.754676 341.000000 0.245324 
0.751799 345.000000 0.248201 
0.753237 343.000000 0.246763 
0.748201 350.000000 0.251799 
0.752518 344.000000 0.247482 
0.760432 333.000000 0.239568 
0.751799 345.000000 0.248201 
0.765468 326.000000 0.234532 
0.739568 362.000000 0.260432 
0.735971 367.000000 0.264029 
0.750360 347.000000 0.249640 
0.738129 364.000000 0.261871 
0.746043 353.000000 0.253957 
0.742446 358.000000 0.257554 
0.754676 341.000000 0.245324 
0.745324 354.000000 0.254676 
0.749640 348.000000 0.250360 
0.751079 346.000000 0.248921 
0.753237 343.000000 0.246763 
0.738849 363.000000 0.261151 
0.766187 325.000000 0.233813 
0.738129 364.000000 0.261871 
0.746763 352.000000 0.253237 
0.745324 354.000000 0.254676 
0.761871 331.000000 0.238129 
0.750360 347.000000 0.249640 
0.748201 350.000000 0.251799 
0.740288 361.000000 0.259712 
0.755396 340.000000 0.244604 
0.753957 342.000000 0.246043 
0.753957 342.000000 0.246043 
0.746043 353.000000 0.253957 
0.755396 340.000000 0.244604 
0.764748 327.000000 0.235252 
0.761151 332.000000 0.238849 
0.748921 349.000000 0.251079 
0.754676 341.000000 0.245324 
0.748201 350.000000 0.251799 
0.759712 334.000000 0.240288 
0.751799 345.000000 0.248201 
0.753237 343.000000 0.246763 
0.758993 335.000000 0.241007 
0.746043 353.000000 0.253957 
0.746763 352.000000 0.253237 
0.749640 348.000000 0.250360 
0.745324 354.000000 0.254676 
0.750360 347.000000 0.249640 
0.764029 328.000000 0.235971 
0.747482 351.000000 0.252518 
0.758993 335.000000 0.241007 
0.751799 345.000000 0.248201 
0.756835 338.000000 0.243165 
0.747482 351.000000 0.252518 
0.756835 338.000000 0.243165 
0.746763 352.000000 0.253237 
0.743885 356.000000 0.256115 
0.756835 338.000000 0.243165 
0.761151 332.000000 0.238849 
0.733813 370.000000 0.266187 
0.744604 355.000000 0.255396 
0.747482 351.000000 0.252518 
0.758993 335.000000 0.241007 
0.754676 341.000000 0.245324 
0.737410 365.000000 0.262590 
0.743165 357.000000 0.256835 
0.752518 344.000000 0.247482 
0.737410 365.000000 0.262590 
0.751079 346.000000 0.248921 
0.750360 347.000000 0.249640 
0.733094 371.000000 0.266906 
0.753957 342.000000 0.246043 
0.744604 355.000000 0.255396 
0.757554 337.000000 0.242446 
0.738129 364.000000 0.261871 
0.751079 346.000000 0.248921 
0.770504 319.000000 0.229496 
0.748201 350.000000 0.251799 
0.747482 351.000000 0.252518 
0.749640 348.000000 0.250360 
0.749640 348.000000 0.250360 
0.760432 333.000000 0.239568 
0.749640 348.000000 0.250360 
0.743885 356.000000 0.256115 
0.739568 362.000000 0.260432 
0.742446 358.000000 0.257554 
0.764748 327.000000 0.235252 
0.753957 342.000000 0.246043 
0.751079 346.000000 0.248921 
0.748921 349.000000 0.251079 
0.738849 363.000000 0.261151 
0.738129 364.000000 0.261871 
0.746763 352.000000 0.253237 
0.753957 342.000000 0.246043 
0.761871 331.000000 0.238129 
0.741007 360.000000 0.258993 
0.764029 328.000000 0.235971 
0.748921 349.000000 0.251079 
0.748921 349.000000 0.251079 
0.747482 351.000000 0.252518 
0.746043 353.000000 0.253957 
0.744604 355.000000 0.255396 
0.749640 348.000000 0.250360 
0.752518 344.000000 0.247482 
0.757554 337.000000 0.242446 
0.741727 359.000000 0.258273 
0.746763 352.000000 0.253237 
0.753957 342.000000 0.246043 
0.756115 339.000000 0.243885 
0.741007 360.000000 0.258993 
0.744604 355.000000 0.255396 
0.748921 349.000000 0.251079 
0.743885 356.000000 0.256115 
0.752518 344.000000 0.247482 
0.745324 354.000000 0.254676 
0.732374 372.000000 0.267626 
0.741007 360.000000 0.258993 
0.761871 331.000000 0.238129 
0.748201 350.000000 0.251799 
0.752518 344.000000 0.247482 
0.733094 371.000000 0.266906 
0.745324 354.000000 0.254676 
0.771223 318.000000 0.228777 
0.748921 349.000000 0.251079 
0.752518 344.000000 0.247482 
0.746043 353.000000 0.253957 
0.748201 350.000000 0.251799 
0.746043 353.000000 0.253957 
0.751079 346.000000 0.248921 
0.758273 336.000000 0.241727 
0.739568 362.000000 0.260432 
0.756835 338.000000 0.243165 
0.751799 345.000000 0.248201 
0.746043 353.000000 0.253957 
0.748201 350.000000 0.251799 
0.746763 352.000000 0.253237 
0.748921 349.000000 0.251079 
0.753957 342.000000 0.246043 
0.741007 360.000000 0.258993 
0.759712 334.000000 0.240288 
0.738129 364.000000 0.261871 
