0.724460 383.000000 0.275540 
0.723022 385.000000 0.276978 
0.734532 369.000000 0.265468 
0.725899 381.000000 0.274101 
0.712230 400.000000 0.287770 
0.724460 383.000000 0.275540 
0.726619 380.000000 0.273381 
0.725899 381.000000 0.274101 
0.717266 393.000000 0.282734 
0.728058 378.000000 0.271942 
0.721583 387.000000 0.278417 
0.733094 371.000000 0.266906 
0.729496 376.000000 0.270504 
0.721583 387.000000 0.278417 
0.722302 386.000000 0.277698 
0.729496 376.000000 0.270504 
0.720863 388.000000 0.279137 
0.727338 379.000000 0.272662 
0.731655 373.000000 0.268345 
0.718705 391.000000 0.281295 
0.704317 411.000000 0.295683 
0.723022 385.000000 0.276978 
0.731655 373.000000 0.268345 
0.717266 393.000000 0.282734 
0.725180 382.000000 0.274820 
0.730216 375.000000 0.269784 
0.728058 378.000000 0.271942 
0.715827 395.000000 0.284173 
0.728777 377.000000 0.271223 
0.716547 394.000000 0.283453 
0.713669 398.000000 0.286331 
0.712230 400.000000 0.287770 
0.728058 378.000000 0.271942 
0.732374 372.000000 0.267626 
0.730935 374.000000 0.269065 
0.728777 377.000000 0.271223 
0.721583 387.000000 0.278417 
0.724460 383.000000 0.275540 
0.733094 371.000000 0.266906 
0.723741 384.000000 0.276259 
0.719424 390.000000 0.280576 
0.740288 361.000000 0.259712 
0.738849 363.000000 0.261151 
0.738849 363.000000 0.261151 
0.720863 388.000000 0.279137 
0.730216 375.000000 0.269784 
0.741007 360.000000 0.258993 
0.719424 390.000000 0.280576 
0.725899 381.000000 0.274101 
0.721583 387.000000 0.278417 
0.733813 370.000000 0.266187 
0.733094 371.000000 0.266906 
0.723022 385.000000 0.276978 
0.719424 390.000000 0.280576 
0.706475 408.000000 0.293525 
0.716547 394.000000 0.283453 
0.720863 388.000000 0.279137 
0.743885 356.000000 0.256115 
0.720144 389.000000 0.279856 
0.719424 390.000000 0.280576 
0.721583 387.000000 0.278417 
0.738129 364.000000 0.261871 
0.717986 392.000000 0.282014 
0.734532 369.000000 0.265468 
0.724460 383.000000 0.275540 
0.730216 375.000000 0.269784 
0.726619 380.000000 0.273381 
0.743885 356.000000 0.256115 
0.733813 370.000000 0.266187 
0.713669 398.000000 0.286331 
0.743165 357.000000 0.256835 
0.727338 379.000000 0.272662 
0.715108 396.000000 0.284892 
0.733813 370.000000 0.266187 
0.711511 401.000000 0.288489 
0.728777 377.000000 0.271223 
0.724460 383.000000 0.275540 
0.736691 366.000000 0.263309 
0.735252 368.000000 0.264748 
0.724460 383.000000 0.275540 
0.733094 371.000000 0.266906 
0.720144 389.000000 0.279856 
0.720144 389.000000 0.279856 
0.720863 388.000000 0.279137 
0.734532 369.000000 0.265468 
0.732374 372.000000 0.267626 
0.725180 382.000000 0.274820 
0.741727 359.000000 0.258273 
0.723741 384.000000 0.276259 
0.737410 365.000000 0.262590 
0.722302 386.000000 0.277698 
0.732374 372.000000 0.267626 
0.728777 377.000000 0.271223 
0.721583 387.000000 0.278417 
0.730216 375.000000 0.269784 
0.723741 384.000000 0.276259 
0.730216 375.000000 0.269784 
0.718705 391.000000 0.281295 
0.727338 379.000000 0.272662 
0.723741 384.000000 0.276259 
0.730216 375.000000 0.269784 
0.709353 404.000000 0.290647 
0.725899 381.000000 0.274101 
0.733094 371.000000 0.266906 
0.731655 373.000000 0.268345 
0.717986 392.000000 0.282014 
0.738849 363.000000 0.261151 
0.717986 392.000000 0.282014 
0.717986 392.000000 0.282014 
0.719424 390.000000 0.280576 
0.727338 379.000000 0.272662 
0.717986 392.000000 0.282014 
0.725180 382.000000 0.274820 
0.723022 385.000000 0.276978 
0.726619 380.000000 0.273381 
0.724460 383.000000 0.275540 
0.718705 391.000000 0.281295 
0.729496 376.000000 0.270504 
0.724460 383.000000 0.275540 
0.725899 381.000000 0.274101 
0.723741 384.000000 0.276259 
0.727338 379.000000 0.272662 
0.723022 385.000000 0.276978 
0.727338 379.000000 0.272662 
0.731655 373.000000 0.268345 
0.718705 391.000000 0.281295 
0.722302 386.000000 0.277698 
0.725899 381.000000 0.274101 
0.735252 368.000000 0.264748 
0.707914 406.000000 0.292086 
0.724460 383.000000 0.275540 
0.723741 384.000000 0.276259 
0.721583 387.000000 0.278417 
0.731655 373.000000 0.268345 
0.726619 380.000000 0.273381 
0.728777 377.000000 0.271223 
0.731655 373.000000 0.268345 
0.710791 402.000000 0.289209 
0.726619 380.000000 0.273381 
0.730216 375.000000 0.269784 
0.727338 379.000000 0.272662 
0.725899 381.000000 0.274101 
0.737410 365.000000 0.262590 
0.724460 383.000000 0.275540 
0.729496 376.000000 0.270504 
0.725180 382.000000 0.274820 
0.715108 396.000000 0.284892 
0.722302 386.000000 0.277698 
0.727338 379.000000 0.272662 
0.720863 388.000000 0.279137 
0.731655 373.000000 0.268345 
0.730216 375.000000 0.269784 
0.728777 377.000000 0.271223 
0.713669 398.000000 0.286331 
0.725899 381.000000 0.274101 
0.707194 407.000000 0.292806 
0.720863 388.000000 0.279137 
0.721583 387.000000 0.278417 
0.715108 396.000000 0.284892 
0.717986 392.000000 0.282014 
0.727338 379.000000 0.272662 
0.717986 392.000000 0.282014 
0.721583 387.000000 0.278417 
0.728777 377.000000 0.271223 
0.728058 378.000000 0.271942 
0.738129 364.000000 0.261871 
0.737410 365.000000 0.262590 
0.734532 369.000000 0.265468 
0.723022 385.000000 0.276978 
0.727338 379.000000 0.272662 
0.725180 382.000000 0.274820 
0.720863 388.000000 0.279137 
0.723741 384.000000 0.276259 
0.721583 387.000000 0.278417 
0.727338 379.000000 0.272662 
0.728058 378.000000 0.271942 
0.728777 377.000000 0.271223 
0.721583 387.000000 0.278417 
0.725180 382.000000 0.274820 
0.738129 364.000000 0.261871 
0.730216 375.000000 0.269784 
0.726619 380.000000 0.273381 
0.720863 388.000000 0.279137 
0.717986 392.000000 0.282014 
0.737410 365.000000 0.262590 
0.740288 361.000000 0.259712 
0.723741 384.000000 0.276259 
0.712950 399.000000 0.287050 
0.715108 396.000000 0.284892 
0.722302 386.000000 0.277698 
0.724460 383.000000 0.275540 
0.735971 367.000000 0.264029 
0.717266 393.000000 0.282734 
0.725899 381.000000 0.274101 
0.723741 384.000000 0.276259 
0.728058 378.000000 0.271942 
0.716547 394.000000 0.283453 
0.723741 384.000000 0.276259 
0.735971 367.000000 0.264029 
0.717986 392.000000 0.282014 
0.727338 379.000000 0.272662 
0.731655 373.000000 0.268345 
0.730216 375.000000 0.269784 
0.733094 371.000000 0.266906 
0.733094 371.000000 0.266906 
0.724460 383.000000 0.275540 
0.719424 390.000000 0.280576 
0.718705 391.000000 0.281295 
0.735971 367.000000 0.264029 
0.726619 380.000000 0.273381 
0.730216 375.000000 0.269784 
0.738129 364.000000 0.261871 
0.725899 381.000000 0.274101 
0.725180 382.000000 0.274820 
0.715827 395.000000 0.284173 
0.713669 398.000000 0.286331 
0.734532 369.000000 0.265468 
0.727338 379.000000 0.272662 
0.728058 378.000000 0.271942 
0.728058 378.000000 0.271942 
0.723022 385.000000 0.276978 
0.716547 394.000000 0.283453 
0.728777 377.000000 0.271223 
0.723741 384.000000 0.276259 
0.724460 383.000000 0.275540 
0.726619 380.000000 0.273381 
0.733813 370.000000 0.266187 
0.718705 391.000000 0.281295 
0.733813 370.000000 0.266187 
0.710791 402.000000 0.289209 
0.734532 369.000000 0.265468 
0.715827 395.000000 0.284173 
0.717266 393.000000 0.282734 
0.729496 376.000000 0.270504 
0.735971 367.000000 0.264029 
0.731655 373.000000 0.268345 
0.723022 385.000000 0.276978 
0.723741 384.000000 0.276259 
0.736691 366.000000 0.263309 
0.710072 403.000000 0.289928 
0.723022 385.000000 0.276978 
0.710791 402.000000 0.289209 
0.728777 377.000000 0.271223 
0.734532 369.000000 0.265468 
0.733813 370.000000 0.266187 
0.723741 384.000000 0.276259 
0.730216 375.000000 0.269784 
0.726619 380.000000 0.273381 
0.724460 383.000000 0.275540 
0.729496 376.000000 0.270504 
0.717986 392.000000 0.282014 
0.734532 369.000000 0.265468 
0.717986 392.000000 0.282014 
0.710791 402.000000 0.289209 
0.721583 387.000000 0.278417 
0.720863 388.000000 0.279137 
0.723022 385.000000 0.276978 
0.722302 386.000000 0.277698 
0.720863 388.000000 0.279137 
0.717266 393.000000 0.282734 
0.744604 355.000000 0.255396 
0.723741 384.000000 0.276259 
0.720863 388.000000 0.279137 
0.730935 374.000000 0.269065 
0.731655 373.000000 0.268345 
0.743165 357.000000 0.256835 
0.742446 358.000000 0.257554 
0.714388 397.000000 0.285612 
0.723022 385.000000 0.276978 
0.731655 373.000000 0.268345 
0.717266 393.000000 0.282734 
0.720144 389.000000 0.279856 
0.717266 393.000000 0.282734 
0.724460 383.000000 0.275540 
0.719424 390.000000 0.280576 
0.723741 384.000000 0.276259 
0.738849 363.000000 0.261151 
0.738849 363.000000 0.261151 
0.724460 383.000000 0.275540 
0.722302 386.000000 0.277698 
0.726619 380.000000 0.273381 
0.725180 382.000000 0.274820 
0.728777 377.000000 0.271223 
0.723741 384.000000 0.276259 
0.723741 384.000000 0.276259 
0.735252 368.000000 0.264748 
0.730935 374.000000 0.269065 
0.726619 380.000000 0.273381 
0.721583 387.000000 0.278417 
0.722302 386.000000 0.277698 
0.729496 376.000000 0.270504 
0.733094 371.000000 0.266906 
0.724460 383.000000 0.275540 
0.740288 361.000000 0.259712 
0.723022 385.000000 0.276978 
0.720863 388.000000 0.279137 
0.740288 361.000000 0.259712 
0.715108 396.000000 0.284892 
0.732374 372.000000 0.267626 
0.734532 369.000000 0.265468 
0.727338 379.000000 0.272662 
0.736691 366.000000 0.263309 
0.721583 387.000000 0.278417 
0.713669 398.000000 0.286331 
0.732374 372.000000 0.267626 
0.728777 377.000000 0.271223 
0.728058 378.000000 0.271942 
0.735252 368.000000 0.264748 
0.715108 396.000000 0.284892 
0.727338 379.000000 0.272662 
0.718705 391.000000 0.281295 
0.717266 393.000000 0.282734 
0.720863 388.000000 0.279137 
0.723022 385.000000 0.276978 
0.715108 396.000000 0.284892 
0.731655 373.000000 0.268345 
0.728777 377.000000 0.271223 
0.717266 393.000000 0.282734 
0.720144 389.000000 0.279856 
0.738129 364.000000 0.261871 
0.727338 379.000000 0.272662 
0.725180 382.000000 0.274820 
0.717266 393.000000 0.282734 
0.723022 385.000000 0.276978 
0.728777 377.000000 0.271223 
0.713669 398.000000 0.286331 
0.728058 378.000000 0.271942 
0.710072 403.000000 0.289928 
0.724460 383.000000 0.275540 
0.732374 372.000000 0.267626 
0.730935 374.000000 0.269065 
0.730216 375.000000 0.269784 
0.735252 368.000000 0.264748 
0.721583 387.000000 0.278417 
0.711511 401.000000 0.288489 
0.722302 386.000000 0.277698 
0.720144 389.000000 0.279856 
0.728777 377.000000 0.271223 
0.732374 372.000000 0.267626 
0.718705 391.000000 0.281295 
0.705755 409.000000 0.294245 
0.737410 365.000000 0.262590 
0.712230 400.000000 0.287770 
0.710791 402.000000 0.289209 
0.707194 407.000000 0.292806 
0.724460 383.000000 0.275540 
0.725180 382.000000 0.274820 
0.738129 364.000000 0.261871 
0.726619 380.000000 0.273381 
0.747482 351.000000 0.252518 
0.729496 376.000000 0.270504 
0.710072 403.000000 0.289928 
0.725899 381.000000 0.274101 
0.716547 394.000000 0.283453 
0.717986 392.000000 0.282014 
0.731655 373.000000 0.268345 
0.715827 395.000000 0.284173 
0.744604 355.000000 0.255396 
0.725180 382.000000 0.274820 
0.730935 374.000000 0.269065 
0.723022 385.000000 0.276978 
0.739568 362.000000 0.260432 
0.740288 361.000000 0.259712 
0.717986 392.000000 0.282014 
0.717266 393.000000 0.282734 
0.743165 357.000000 0.256835 
0.741007 360.000000 0.258993 
0.713669 398.000000 0.286331 
0.715827 395.000000 0.284173 
0.717266 393.000000 0.282734 
0.710072 403.000000 0.289928 
0.731655 373.000000 0.268345 
0.706475 408.000000 0.293525 
0.734532 369.000000 0.265468 
0.727338 379.000000 0.272662 
0.720863 388.000000 0.279137 
0.735252 368.000000 0.264748 
0.716547 394.000000 0.283453 
0.736691 366.000000 0.263309 
0.738129 364.000000 0.261871 
0.725899 381.000000 0.274101 
0.717266 393.000000 0.282734 
0.717266 393.000000 0.282734 
0.723022 385.000000 0.276978 
0.733094 371.000000 0.266906 
0.723022 385.000000 0.276978 
0.709353 404.000000 0.290647 
0.721583 387.000000 0.278417 
0.717986 392.000000 0.282014 
0.717266 393.000000 0.282734 
0.710072 403.000000 0.289928 
0.726619 380.000000 0.273381 
0.725899 381.000000 0.274101 
0.715108 396.000000 0.284892 
0.730935 374.000000 0.269065 
0.710072 403.000000 0.289928 
0.728777 377.000000 0.271223 
0.738129 364.000000 0.261871 
0.723741 384.000000 0.276259 
0.725180 382.000000 0.274820 
0.733813 370.000000 0.266187 
0.725899 381.000000 0.274101 
0.723022 385.000000 0.276978 
0.727338 379.000000 0.272662 
0.732374 372.000000 0.267626 
0.730935 374.000000 0.269065 
0.725180 382.000000 0.274820 
0.723741 384.000000 0.276259 
0.720863 388.000000 0.279137 
0.717266 393.000000 0.282734 
0.735252 368.000000 0.264748 
0.719424 390.000000 0.280576 
0.729496 376.000000 0.270504 
0.714388 397.000000 0.285612 
0.712950 399.000000 0.287050 
0.719424 390.000000 0.280576 
0.723022 385.000000 0.276978 
0.726619 380.000000 0.273381 
0.720863 388.000000 0.279137 
0.728058 378.000000 0.271942 
0.720863 388.000000 0.279137 
0.736691 366.000000 0.263309 
0.733813 370.000000 0.266187 
0.730935 374.000000 0.269065 
0.719424 390.000000 0.280576 
0.717986 392.000000 0.282014 
0.728777 377.000000 0.271223 
0.723022 385.000000 0.276978 
0.739568 362.000000 0.260432 
0.712230 400.000000 0.287770 
0.721583 387.000000 0.278417 
0.721583 387.000000 0.278417 
0.725180 382.000000 0.274820 
0.715827 395.000000 0.284173 
0.734532 369.000000 0.265468 
0.717986 392.000000 0.282014 
0.717266 393.000000 0.282734 
0.720863 388.000000 0.279137 
0.718705 391.000000 0.281295 
0.723741 384.000000 0.276259 
0.716547 394.000000 0.283453 
0.728777 377.000000 0.271223 
0.718705 391.000000 0.281295 
0.718705 391.000000 0.281295 
0.720144 389.000000 0.279856 
0.728058 378.000000 0.271942 
0.729496 376.000000 0.270504 
0.730216 375.000000 0.269784 
0.700719 416.000000 0.299281 
0.721583 387.000000 0.278417 
0.728058 378.000000 0.271942 
0.720144 389.000000 0.279856 
0.733813 370.000000 0.266187 
0.720144 389.000000 0.279856 
0.713669 398.000000 0.286331 
0.714388 397.000000 0.285612 
0.716547 394.000000 0.283453 
0.723022 385.000000 0.276978 
0.730935 374.000000 0.269065 
0.723022 385.000000 0.276978 
0.708633 405.000000 0.291367 
0.732374 372.000000 0.267626 
0.715827 395.000000 0.284173 
0.735252 368.000000 0.264748 
0.731655 373.000000 0.268345 
0.736691 366.000000 0.263309 
0.731655 373.000000 0.268345 
0.724460 383.000000 0.275540 
0.710072 403.000000 0.289928 
0.728058 378.000000 0.271942 
0.716547 394.000000 0.283453 
0.727338 379.000000 0.272662 
0.722302 386.000000 0.277698 
0.728777 377.000000 0.271223 
0.720863 388.000000 0.279137 
0.710791 402.000000 0.289209 
0.710791 402.000000 0.289209 
0.735252 368.000000 0.264748 
0.708633 405.000000 0.291367 
0.715827 395.000000 0.284173 
0.717986 392.000000 0.282014 
0.719424 390.000000 0.280576 
0.713669 398.000000 0.286331 
0.718705 391.000000 0.281295 
0.715108 396.000000 0.284892 
0.735252 368.000000 0.264748 
0.741007 360.000000 0.258993 
0.728058 378.000000 0.271942 
0.725899 381.000000 0.274101 
0.725180 382.000000 0.274820 
0.733813 370.000000 0.266187 
0.720863 388.000000 0.279137 
0.721583 387.000000 0.278417 
0.723022 385.000000 0.276978 
0.715827 395.000000 0.284173 
0.718705 391.000000 0.281295 
0.716547 394.000000 0.283453 
0.733094 371.000000 0.266906 
0.720863 388.000000 0.279137 
0.723022 385.000000 0.276978 
0.729496 376.000000 0.270504 
0.711511 401.000000 0.288489 
0.730935 374.000000 0.269065 
0.717266 393.000000 0.282734 
0.718705 391.000000 0.281295 
0.721583 387.000000 0.278417 
0.721583 387.000000 0.278417 
0.709353 404.000000 0.290647 
0.730935 374.000000 0.269065 
0.726619 380.000000 0.273381 
0.723741 384.000000 0.276259 
0.735971 367.000000 0.264029 
0.719424 390.000000 0.280576 
0.726619 380.000000 0.273381 
0.734532 369.000000 0.265468 
0.738129 364.000000 0.261871 
0.733813 370.000000 0.266187 
0.735971 367.000000 0.264029 
0.724460 383.000000 0.275540 
0.724460 383.000000 0.275540 
0.740288 361.000000 0.259712 
0.715827 395.000000 0.284173 
0.723741 384.000000 0.276259 
0.708633 405.000000 0.291367 
0.724460 383.000000 0.275540 
0.729496 376.000000 0.270504 
0.705036 410.000000 0.294964 
0.731655 373.000000 0.268345 
0.735252 368.000000 0.264748 
0.722302 386.000000 0.277698 
0.710072 403.000000 0.289928 
0.727338 379.000000 0.272662 
0.722302 386.000000 0.277698 
0.728777 377.000000 0.271223 
0.720144 389.000000 0.279856 
0.723022 385.000000 0.276978 
0.714388 397.000000 0.285612 
0.727338 379.000000 0.272662 
0.721583 387.000000 0.278417 
0.723741 384.000000 0.276259 
0.720144 389.000000 0.279856 
0.721583 387.000000 0.278417 
0.721583 387.000000 0.278417 
0.735252 368.000000 0.264748 
0.721583 387.000000 0.278417 
0.717986 392.000000 0.282014 
0.723022 385.000000 0.276978 
0.720863 388.000000 0.279137 
0.729496 376.000000 0.270504 
0.739568 362.000000 0.260432 
0.726619 380.000000 0.273381 
0.723022 385.000000 0.276978 
0.727338 379.000000 0.272662 
0.721583 387.000000 0.278417 
0.715108 396.000000 0.284892 
0.719424 390.000000 0.280576 
0.723022 385.000000 0.276978 
0.722302 386.000000 0.277698 
0.723741 384.000000 0.276259 
0.721583 387.000000 0.278417 
0.717266 393.000000 0.282734 
0.715827 395.000000 0.284173 
0.734532 369.000000 0.265468 
0.728058 378.000000 0.271942 
0.723741 384.000000 0.276259 
0.724460 383.000000 0.275540 
0.730216 375.000000 0.269784 
0.728777 377.000000 0.271223 
0.733813 370.000000 0.266187 
0.723022 385.000000 0.276978 
0.718705 391.000000 0.281295 
0.707914 406.000000 0.292086 
0.728777 377.000000 0.271223 
0.703597 412.000000 0.296403 
0.719424 390.000000 0.280576 
0.728777 377.000000 0.271223 
0.724460 383.000000 0.275540 
0.729496 376.000000 0.270504 
0.724460 383.000000 0.275540 
0.723741 384.000000 0.276259 
0.733813 370.000000 0.266187 
0.731655 373.000000 0.268345 
0.727338 379.000000 0.272662 
0.728058 378.000000 0.271942 
0.727338 379.000000 0.272662 
0.731655 373.000000 0.268345 
0.735252 368.000000 0.264748 
0.730935 374.000000 0.269065 
0.716547 394.000000 0.283453 
0.714388 397.000000 0.285612 
0.712950 399.000000 0.287050 
0.729496 376.000000 0.270504 
0.707194 407.000000 0.292806 
0.722302 386.000000 0.277698 
0.733813 370.000000 0.266187 
0.716547 394.000000 0.283453 
0.723741 384.000000 0.276259 
0.732374 372.000000 0.267626 
0.744604 355.000000 0.255396 
0.741007 360.000000 0.258993 
0.735971 367.000000 0.264029 
0.734532 369.000000 0.265468 
0.728058 378.000000 0.271942 
0.735971 367.000000 0.264029 
0.723741 384.000000 0.276259 
0.725899 381.000000 0.274101 
0.743885 356.000000 0.256115 
0.718705 391.000000 0.281295 
0.734532 369.000000 0.265468 
0.731655 373.000000 0.268345 
0.717266 393.000000 0.282734 
0.722302 386.000000 0.277698 
0.738849 363.000000 0.261151 
0.728777 377.000000 0.271223 
0.733813 370.000000 0.266187 
0.725899 381.000000 0.274101 
0.735971 367.000000 0.264029 
0.713669 398.000000 0.286331 
0.727338 379.000000 0.272662 
0.722302 386.000000 0.277698 
0.720144 389.000000 0.279856 
0.705036 410.000000 0.294964 
0.718705 391.000000 0.281295 
0.737410 365.000000 0.262590 
0.725180 382.000000 0.274820 
0.735971 367.000000 0.264029 
0.728058 378.000000 0.271942 
0.733813 370.000000 0.266187 
0.718705 391.000000 0.281295 
0.715827 395.000000 0.284173 
0.729496 376.000000 0.270504 
0.718705 391.000000 0.281295 
0.721583 387.000000 0.278417 
0.741727 359.000000 0.258273 
0.723022 385.000000 0.276978 
0.722302 386.000000 0.277698 
0.719424 390.000000 0.280576 
0.725180 382.000000 0.274820 
0.728777 377.000000 0.271223 
0.725899 381.000000 0.274101 
0.730935 374.000000 0.269065 
0.725899 381.000000 0.274101 
0.728777 377.000000 0.271223 
0.712950 399.000000 0.287050 
0.723741 384.000000 0.276259 
0.722302 386.000000 0.277698 
0.716547 394.000000 0.283453 
0.730935 374.000000 0.269065 
0.733813 370.000000 0.266187 
0.739568 362.000000 0.260432 
0.732374 372.000000 0.267626 
0.723741 384.000000 0.276259 
0.712950 399.000000 0.287050 
0.729496 376.000000 0.270504 
0.700000 417.000000 0.300000 
0.726619 380.000000 0.273381 
0.718705 391.000000 0.281295 
0.725899 381.000000 0.274101 
0.719424 390.000000 0.280576 
0.719424 390.000000 0.280576 
0.723741 384.000000 0.276259 
0.724460 383.000000 0.275540 
0.739568 362.000000 0.260432 
0.723741 384.000000 0.276259 
0.727338 379.000000 0.272662 
0.726619 380.000000 0.273381 
0.710791 402.000000 0.289209 
0.707194 407.000000 0.292806 
0.720863 388.000000 0.279137 
0.733813 370.000000 0.266187 
0.726619 380.000000 0.273381 
0.715108 396.000000 0.284892 
0.735971 367.000000 0.264029 
0.729496 376.000000 0.270504 
0.720863 388.000000 0.279137 
0.735252 368.000000 0.264748 
0.738849 363.000000 0.261151 
0.731655 373.000000 0.268345 
0.733813 370.000000 0.266187 
0.723741 384.000000 0.276259 
0.722302 386.000000 0.277698 
0.738129 364.000000 0.261871 
0.725180 382.000000 0.274820 
0.718705 391.000000 0.281295 
0.711511 401.000000 0.288489 
0.713669 398.000000 0.286331 
0.725180 382.000000 0.274820 
0.732374 372.000000 0.267626 
0.731655 373.000000 0.268345 
0.725180 382.000000 0.274820 
0.730216 375.000000 0.269784 
0.730216 375.000000 0.269784 
0.718705 391.000000 0.281295 
0.722302 386.000000 0.277698 
0.714388 397.000000 0.285612 
0.710791 402.000000 0.289209 
0.725180 382.000000 0.274820 
0.718705 391.000000 0.281295 
0.738129 364.000000 0.261871 
0.713669 398.000000 0.286331 
0.725899 381.000000 0.274101 
0.715108 396.000000 0.284892 
0.712950 399.000000 0.287050 
0.735971 367.000000 0.264029 
0.715108 396.000000 0.284892 
0.728058 378.000000 0.271942 
0.730935 374.000000 0.269065 
0.728058 378.000000 0.271942 
0.721583 387.000000 0.278417 
0.728777 377.000000 0.271223 
0.710791 402.000000 0.289209 
0.711511 401.000000 0.288489 
0.723022 385.000000 0.276978 
0.733094 371.000000 0.266906 
0.733094 371.000000 0.266906 
0.728777 377.000000 0.271223 
0.727338 379.000000 0.272662 
0.730216 375.000000 0.269784 
0.723741 384.000000 0.276259 
0.707914 406.000000 0.292086 
0.723022 385.000000 0.276978 
0.728058 378.000000 0.271942 
0.728777 377.000000 0.271223 
0.728777 377.000000 0.271223 
0.723741 384.000000 0.276259 
0.715827 395.000000 0.284173 
0.713669 398.000000 0.286331 
0.715108 396.000000 0.284892 
0.736691 366.000000 0.263309 
0.710072 403.000000 0.289928 
0.723022 385.000000 0.276978 
0.721583 387.000000 0.278417 
0.727338 379.000000 0.272662 
0.722302 386.000000 0.277698 
0.737410 365.000000 0.262590 
0.723741 384.000000 0.276259 
0.715827 395.000000 0.284173 
0.734532 369.000000 0.265468 
0.715108 396.000000 0.284892 
0.725180 382.000000 0.274820 
0.714388 397.000000 0.285612 
0.710072 403.000000 0.289928 
0.730935 374.000000 0.269065 
0.722302 386.000000 0.277698 
0.707194 407.000000 0.292806 
0.715108 396.000000 0.284892 
0.726619 380.000000 0.273381 
0.711511 401.000000 0.288489 
0.741727 359.000000 0.258273 
0.735252 368.000000 0.264748 
0.724460 383.000000 0.275540 
0.735252 368.000000 0.264748 
0.728777 377.000000 0.271223 
0.712950 399.000000 0.287050 
0.720144 389.000000 0.279856 
0.715827 395.000000 0.284173 
0.735252 368.000000 0.264748 
0.728777 377.000000 0.271223 
0.725180 382.000000 0.274820 
0.732374 372.000000 0.267626 
0.725180 382.000000 0.274820 
0.733813 370.000000 0.266187 
0.717986 392.000000 0.282014 
0.720144 389.000000 0.279856 
0.728058 378.000000 0.271942 
0.722302 386.000000 0.277698 
0.712950 399.000000 0.287050 
0.707914 406.000000 0.292086 
0.714388 397.000000 0.285612 
0.723741 384.000000 0.276259 
0.719424 390.000000 0.280576 
0.705755 409.000000 0.294245 
0.712950 399.000000 0.287050 
0.723741 384.000000 0.276259 
0.725899 381.000000 0.274101 
0.725180 382.000000 0.274820 
0.722302 386.000000 0.277698 
0.722302 386.000000 0.277698 
0.730935 374.000000 0.269065 
0.715108 396.000000 0.284892 
0.733094 371.000000 0.266906 
0.719424 390.000000 0.280576 
0.725180 382.000000 0.274820 
0.710791 402.000000 0.289209 
0.717266 393.000000 0.282734 
0.728777 377.000000 0.271223 
0.715108 396.000000 0.284892 
0.728058 378.000000 0.271942 
0.726619 380.000000 0.273381 
0.730935 374.000000 0.269065 
0.723022 385.000000 0.276978 
0.704317 411.000000 0.295683 
0.724460 383.000000 0.275540 
0.707914 406.000000 0.292086 
0.729496 376.000000 0.270504 
0.728058 378.000000 0.271942 
0.749640 348.000000 0.250360 
0.733094 371.000000 0.266906 
0.731655 373.000000 0.268345 
0.728058 378.000000 0.271942 
0.716547 394.000000 0.283453 
0.717986 392.000000 0.282014 
0.723741 384.000000 0.276259 
0.705036 410.000000 0.294964 
0.724460 383.000000 0.275540 
0.722302 386.000000 0.277698 
0.725180 382.000000 0.274820 
0.725899 381.000000 0.274101 
0.715108 396.000000 0.284892 
0.720863 388.000000 0.279137 
0.711511 401.000000 0.288489 
0.707914 406.000000 0.292086 
0.722302 386.000000 0.277698 
0.730935 374.000000 0.269065 
0.725180 382.000000 0.274820 
0.703597 412.000000 0.296403 
0.701439 415.000000 0.298561 
0.743165 357.000000 0.256835 
0.729496 376.000000 0.270504 
0.712230 400.000000 0.287770 
0.732374 372.000000 0.267626 
0.735252 368.000000 0.264748 
0.723741 384.000000 0.276259 
0.737410 365.000000 0.262590 
0.730216 375.000000 0.269784 
0.723741 384.000000 0.276259 
0.725180 382.000000 0.274820 
0.728777 377.000000 0.271223 
0.726619 380.000000 0.273381 
0.728058 378.000000 0.271942 
0.707914 406.000000 0.292086 
0.723741 384.000000 0.276259 
0.717266 393.000000 0.282734 
0.718705 391.000000 0.281295 
0.730216 375.000000 0.269784 
0.717986 392.000000 0.282014 
0.722302 386.000000 0.277698 
0.714388 397.000000 0.285612 
0.730216 375.000000 0.269784 
0.712230 400.000000 0.287770 
0.712230 400.000000 0.287770 
0.732374 372.000000 0.267626 
0.722302 386.000000 0.277698 
0.714388 397.000000 0.285612 
0.715827 395.000000 0.284173 
0.724460 383.000000 0.275540 
0.738849 363.000000 0.261151 
0.729496 376.000000 0.270504 
0.723022 385.000000 0.276978 
0.730935 374.000000 0.269065 
0.734532 369.000000 0.265468 
0.715827 395.000000 0.284173 
0.712230 400.000000 0.287770 
0.733094 371.000000 0.266906 
0.730935 374.000000 0.269065 
0.742446 358.000000 0.257554 
0.725899 381.000000 0.274101 
0.729496 376.000000 0.270504 
0.728777 377.000000 0.271223 
0.728058 378.000000 0.271942 
0.736691 366.000000 0.263309 
0.735252 368.000000 0.264748 
0.726619 380.000000 0.273381 
0.735971 367.000000 0.264029 
0.729496 376.000000 0.270504 
0.716547 394.000000 0.283453 
0.725180 382.000000 0.274820 
0.725180 382.000000 0.274820 
0.728777 377.000000 0.271223 
0.735252 368.000000 0.264748 
0.729496 376.000000 0.270504 
0.734532 369.000000 0.265468 
0.712230 400.000000 0.287770 
0.718705 391.000000 0.281295 
0.725899 381.000000 0.274101 
0.705036 410.000000 0.294964 
0.721583 387.000000 0.278417 
0.722302 386.000000 0.277698 
0.711511 401.000000 0.288489 
0.715827 395.000000 0.284173 
0.735252 368.000000 0.264748 
0.737410 365.000000 0.262590 
0.730216 375.000000 0.269784 
0.733094 371.000000 0.266906 
0.735252 368.000000 0.264748 
0.729496 376.000000 0.270504 
0.745324 354.000000 0.254676 
0.716547 394.000000 0.283453 
0.719424 390.000000 0.280576 
0.735252 368.000000 0.264748 
0.727338 379.000000 0.272662 
0.734532 369.000000 0.265468 
0.721583 387.000000 0.278417 
0.726619 380.000000 0.273381 
0.730216 375.000000 0.269784 
0.725180 382.000000 0.274820 
0.724460 383.000000 0.275540 
0.744604 355.000000 0.255396 
0.730935 374.000000 0.269065 
0.724460 383.000000 0.275540 
0.733813 370.000000 0.266187 
0.728058 378.000000 0.271942 
0.740288 361.000000 0.259712 
0.729496 376.000000 0.270504 
0.719424 390.000000 0.280576 
0.730935 374.000000 0.269065 
0.707914 406.000000 0.292086 
0.720144 389.000000 0.279856 
0.727338 379.000000 0.272662 
0.738849 363.000000 0.261151 
0.730216 375.000000 0.269784 
0.721583 387.000000 0.278417 
0.723741 384.000000 0.276259 
0.725180 382.000000 0.274820 
0.743165 357.000000 0.256835 
0.712950 399.000000 0.287050 
0.734532 369.000000 0.265468 
0.724460 383.000000 0.275540 
0.722302 386.000000 0.277698 
0.728777 377.000000 0.271223 
0.735971 367.000000 0.264029 
0.724460 383.000000 0.275540 
0.726619 380.000000 0.273381 
0.727338 379.000000 0.272662 
0.724460 383.000000 0.275540 
0.709353 404.000000 0.290647 
0.741007 360.000000 0.258993 
0.715108 396.000000 0.284892 
0.733094 371.000000 0.266906 
0.715108 396.000000 0.284892 
0.719424 390.000000 0.280576 
0.719424 390.000000 0.280576 
0.728777 377.000000 0.271223 
0.718705 391.000000 0.281295 
0.724460 383.000000 0.275540 
0.726619 380.000000 0.273381 
0.722302 386.000000 0.277698 
0.730216 375.000000 0.269784 
0.718705 391.000000 0.281295 
0.733094 371.000000 0.266906 
0.731655 373.000000 0.268345 
0.729496 376.000000 0.270504 
0.724460 383.000000 0.275540 
0.723741 384.000000 0.276259 
0.728777 377.000000 0.271223 
0.720144 389.000000 0.279856 
0.723741 384.000000 0.276259 
0.729496 376.000000 0.270504 
0.730935 374.000000 0.269065 
0.723022 385.000000 0.276978 
0.740288 361.000000 0.259712 
0.729496 376.000000 0.270504 
0.715827 395.000000 0.284173 
0.730935 374.000000 0.269065 
0.736691 366.000000 0.263309 
0.725899 381.000000 0.274101 
0.735971 367.000000 0.264029 
0.733094 371.000000 0.266906 
0.732374 372.000000 0.267626 
0.721583 387.000000 0.278417 
0.718705 391.000000 0.281295 
0.729496 376.000000 0.270504 
0.734532 369.000000 0.265468 
0.723741 384.000000 0.276259 
0.727338 379.000000 0.272662 
0.720863 388.000000 0.279137 
0.728777 377.000000 0.271223 
0.725180 382.000000 0.274820 
0.729496 376.000000 0.270504 
0.742446 358.000000 0.257554 
0.725899 381.000000 0.274101 
0.738129 364.000000 0.261871 
0.722302 386.000000 0.277698 
0.734532 369.000000 0.265468 
0.723741 384.000000 0.276259 
0.708633 405.000000 0.291367 
0.730216 375.000000 0.269784 
0.723741 384.000000 0.276259 
0.717986 392.000000 0.282014 
0.730216 375.000000 0.269784 
0.716547 394.000000 0.283453 
0.727338 379.000000 0.272662 
0.732374 372.000000 0.267626 
0.732374 372.000000 0.267626 
0.717986 392.000000 0.282014 
0.724460 383.000000 0.275540 
0.719424 390.000000 0.280576 
0.720144 389.000000 0.279856 
0.728058 378.000000 0.271942 
0.720863 388.000000 0.279137 
0.738849 363.000000 0.261151 
0.725899 381.000000 0.274101 
0.725899 381.000000 0.274101 
0.723022 385.000000 0.276978 
0.725899 381.000000 0.274101 
0.713669 398.000000 0.286331 
0.716547 394.000000 0.283453 
0.717986 392.000000 0.282014 
0.731655 373.000000 0.268345 
0.703597 412.000000 0.296403 
0.730935 374.000000 0.269065 
0.730216 375.000000 0.269784 
0.717266 393.000000 0.282734 
0.717266 393.000000 0.282734 
0.724460 383.000000 0.275540 
0.730935 374.000000 0.269065 
0.725899 381.000000 0.274101 
0.722302 386.000000 0.277698 
0.730216 375.000000 0.269784 
0.726619 380.000000 0.273381 
0.715108 396.000000 0.284892 
0.735971 367.000000 0.264029 
0.722302 386.000000 0.277698 
0.717986 392.000000 0.282014 
0.719424 390.000000 0.280576 
0.719424 390.000000 0.280576 
0.711511 401.000000 0.288489 
0.712950 399.000000 0.287050 
0.717986 392.000000 0.282014 
0.731655 373.000000 0.268345 
0.715827 395.000000 0.284173 
0.725899 381.000000 0.274101 
0.733094 371.000000 0.266906 
0.734532 369.000000 0.265468 
0.724460 383.000000 0.275540 
0.739568 362.000000 0.260432 
0.732374 372.000000 0.267626 
0.739568 362.000000 0.260432 
0.730216 375.000000 0.269784 
0.723741 384.000000 0.276259 
0.725899 381.000000 0.274101 
0.723022 385.000000 0.276978 
0.730216 375.000000 0.269784 
0.711511 401.000000 0.288489 
0.725180 382.000000 0.274820 
0.733094 371.000000 0.266906 
0.715108 396.000000 0.284892 
0.735252 368.000000 0.264748 
0.740288 361.000000 0.259712 
0.720144 389.000000 0.279856 
0.725180 382.000000 0.274820 
0.719424 390.000000 0.280576 
0.727338 379.000000 0.272662 
0.741727 359.000000 0.258273 
0.714388 397.000000 0.285612 
0.733813 370.000000 0.266187 
0.735971 367.000000 0.264029 
0.720144 389.000000 0.279856 
0.731655 373.000000 0.268345 
0.724460 383.000000 0.275540 
0.721583 387.000000 0.278417 
0.734532 369.000000 0.265468 
0.730935 374.000000 0.269065 
0.733094 371.000000 0.266906 
0.724460 383.000000 0.275540 
0.725180 382.000000 0.274820 
0.730935 374.000000 0.269065 
0.728777 377.000000 0.271223 
0.710791 402.000000 0.289209 
0.738129 364.000000 0.261871 
0.712950 399.000000 0.287050 
0.725180 382.000000 0.274820 
0.723022 385.000000 0.276978 
0.717266 393.000000 0.282734 
0.729496 376.000000 0.270504 
0.740288 361.000000 0.259712 
0.738849 363.000000 0.261151 
0.725180 382.000000 0.274820 
0.725180 382.000000 0.274820 
0.718705 391.000000 0.281295 
0.723022 385.000000 0.276978 
0.699281 418.000000 0.300719 
0.718705 391.000000 0.281295 
0.717266 393.000000 0.282734 
0.717986 392.000000 0.282014 
0.725899 381.000000 0.274101 
0.729496 376.000000 0.270504 
0.712950 399.000000 0.287050 
0.735971 367.000000 0.264029 
0.714388 397.000000 0.285612 
0.723022 385.000000 0.276978 
0.730935 374.000000 0.269065 
0.709353 404.000000 0.290647 
0.722302 386.000000 0.277698 
0.729496 376.000000 0.270504 
0.721583 387.000000 0.278417 
0.730216 375.000000 0.269784 
0.720863 388.000000 0.279137 
0.731655 373.000000 0.268345 
0.722302 386.000000 0.277698 
0.739568 362.000000 0.260432 
0.723022 385.000000 0.276978 
0.724460 383.000000 0.275540 
0.728777 377.000000 0.271223 
0.733813 370.000000 0.266187 
0.718705 391.000000 0.281295 
0.727338 379.000000 0.272662 
0.717986 392.000000 0.282014 
0.713669 398.000000 0.286331 
0.723741 384.000000 0.276259 
0.733813 370.000000 0.266187 
0.723022 385.000000 0.276978 
0.717266 393.000000 0.282734 
0.720144 389.000000 0.279856 
0.726619 380.000000 0.273381 
0.720863 388.000000 0.279137 
0.729496 376.000000 0.270504 
0.715108 396.000000 0.284892 
0.730935 374.000000 0.269065 
0.725899 381.000000 0.274101 
0.743165 357.000000 0.256835 
0.730216 375.000000 0.269784 
0.718705 391.000000 0.281295 
0.730935 374.000000 0.269065 
0.722302 386.000000 0.277698 
0.734532 369.000000 0.265468 
0.705755 409.000000 0.294245 
0.728058 378.000000 0.271942 
0.733813 370.000000 0.266187 
0.723741 384.000000 0.276259 
0.737410 365.000000 0.262590 
0.728777 377.000000 0.271223 
0.720863 388.000000 0.279137 
0.726619 380.000000 0.273381 
0.730216 375.000000 0.269784 
0.725180 382.000000 0.274820 
0.729496 376.000000 0.270504 
0.720144 389.000000 0.279856 
0.729496 376.000000 0.270504 
0.720863 388.000000 0.279137 
0.715108 396.000000 0.284892 
0.715108 396.000000 0.284892 
0.734532 369.000000 0.265468 
0.728777 377.000000 0.271223 
0.738129 364.000000 0.261871 
0.725180 382.000000 0.274820 
0.720144 389.000000 0.279856 
0.723022 385.000000 0.276978 
0.720863 388.000000 0.279137 
0.720144 389.000000 0.279856 
0.720863 388.000000 0.279137 
0.723022 385.000000 0.276978 
0.722302 386.000000 0.277698 
0.730216 375.000000 0.269784 
0.702158 414.000000 0.297842 
0.715827 395.000000 0.284173 
0.722302 386.000000 0.277698 
0.733813 370.000000 0.266187 
0.720863 388.000000 0.279137 
0.721583 387.000000 0.278417 
0.716547 394.000000 0.283453 
0.733813 370.000000 0.266187 
0.717266 393.000000 0.282734 
0.720863 388.000000 0.279137 
0.714388 397.000000 0.285612 
0.717986 392.000000 0.282014 
0.717986 392.000000 0.282014 
0.717266 393.000000 0.282734 
0.732374 372.000000 0.267626 
0.716547 394.000000 0.283453 
0.717266 393.000000 0.282734 
0.725180 382.000000 0.274820 
0.712950 399.000000 0.287050 
0.725180 382.000000 0.274820 
0.727338 379.000000 0.272662 
0.734532 369.000000 0.265468 
0.731655 373.000000 0.268345 
0.726619 380.000000 0.273381 
0.722302 386.000000 0.277698 
0.723741 384.000000 0.276259 
0.728777 377.000000 0.271223 
0.712950 399.000000 0.287050 
0.711511 401.000000 0.288489 
0.731655 373.000000 0.268345 
0.736691 366.000000 0.263309 
0.723741 384.000000 0.276259 
0.728777 377.000000 0.271223 
0.737410 365.000000 0.262590 
0.724460 383.000000 0.275540 
0.727338 379.000000 0.272662 
0.725180 382.000000 0.274820 
0.733813 370.000000 0.266187 
0.720144 389.000000 0.279856 
0.730935 374.000000 0.269065 
0.705755 409.000000 0.294245 
0.721583 387.000000 0.278417 
0.719424 390.000000 0.280576 
0.732374 372.000000 0.267626 
0.719424 390.000000 0.280576 
0.723741 384.000000 0.276259 
0.725899 381.000000 0.274101 
0.725180 382.000000 0.274820 
0.714388 397.000000 0.285612 
0.715827 395.000000 0.284173 
0.728777 377.000000 0.271223 
0.718705 391.000000 0.281295 
0.720863 388.000000 0.279137 
0.726619 380.000000 0.273381 
0.733094 371.000000 0.266906 
0.728777 377.000000 0.271223 
0.727338 379.000000 0.272662 
0.726619 380.000000 0.273381 
0.725180 382.000000 0.274820 
0.720863 388.000000 0.279137 
0.724460 383.000000 0.275540 
0.709353 404.000000 0.290647 
0.723741 384.000000 0.276259 
0.719424 390.000000 0.280576 
0.729496 376.000000 0.270504 
0.717986 392.000000 0.282014 
0.725180 382.000000 0.274820 
0.742446 358.000000 0.257554 
0.723022 385.000000 0.276978 
0.726619 380.000000 0.273381 
0.711511 401.000000 0.288489 
0.720863 388.000000 0.279137 
0.727338 379.000000 0.272662 
0.725180 382.000000 0.274820 
0.724460 383.000000 0.275540 
0.737410 365.000000 0.262590 
0.720863 388.000000 0.279137 
0.729496 376.000000 0.270504 
0.715108 396.000000 0.284892 
0.715108 396.000000 0.284892 
0.721583 387.000000 0.278417 
0.712950 399.000000 0.287050 
0.734532 369.000000 0.265468 
0.719424 390.000000 0.280576 
0.746763 352.000000 0.253237 
0.728777 377.000000 0.271223 
0.716547 394.000000 0.283453 
0.740288 361.000000 0.259712 
0.729496 376.000000 0.270504 
0.710791 402.000000 0.289209 
0.712230 400.000000 0.287770 
0.712950 399.000000 0.287050 
0.733813 370.000000 0.266187 
0.712950 399.000000 0.287050 
0.714388 397.000000 0.285612 
0.723022 385.000000 0.276978 
0.723022 385.000000 0.276978 
0.719424 390.000000 0.280576 
0.736691 366.000000 0.263309 
0.707914 406.000000 0.292086 
0.735252 368.000000 0.264748 
0.723741 384.000000 0.276259 
0.725180 382.000000 0.274820 
0.728058 378.000000 0.271942 
0.716547 394.000000 0.283453 
0.721583 387.000000 0.278417 
0.725180 382.000000 0.274820 
0.730216 375.000000 0.269784 
0.734532 369.000000 0.265468 
0.724460 383.000000 0.275540 
0.728777 377.000000 0.271223 
0.715827 395.000000 0.284173 
0.726619 380.000000 0.273381 
0.738129 364.000000 0.261871 
0.717986 392.000000 0.282014 
0.718705 391.000000 0.281295 
0.730216 375.000000 0.269784 
0.734532 369.000000 0.265468 
0.725180 382.000000 0.274820 
0.727338 379.000000 0.272662 
0.730935 374.000000 0.269065 
0.741727 359.000000 0.258273 
0.712230 400.000000 0.287770 
0.715827 395.000000 0.284173 
0.722302 386.000000 0.277698 
0.728058 378.000000 0.271942 
0.730216 375.000000 0.269784 
0.715108 396.000000 0.284892 
0.723022 385.000000 0.276978 
0.724460 383.000000 0.275540 
0.716547 394.000000 0.283453 
0.730216 375.000000 0.269784 
0.730216 375.000000 0.269784 
0.726619 380.000000 0.273381 
0.736691 366.000000 0.263309 
0.707194 407.000000 0.292806 
0.723022 385.000000 0.276978 
0.729496 376.000000 0.270504 
0.725899 381.000000 0.274101 
0.725180 382.000000 0.274820 
0.730935 374.000000 0.269065 
0.735252 368.000000 0.264748 
0.735971 367.000000 0.264029 
0.723022 385.000000 0.276978 
0.732374 372.000000 0.267626 
0.736691 366.000000 0.263309 
0.715827 395.000000 0.284173 
0.714388 397.000000 0.285612 
0.723741 384.000000 0.276259 
0.718705 391.000000 0.281295 
0.718705 391.000000 0.281295 
0.728058 378.000000 0.271942 
0.713669 398.000000 0.286331 
0.728058 378.000000 0.271942 
0.710791 402.000000 0.289209 
0.733813 370.000000 0.266187 
0.729496 376.000000 0.270504 
0.724460 383.000000 0.275540 
0.710791 402.000000 0.289209 
0.738129 364.000000 0.261871 
0.726619 380.000000 0.273381 
0.730935 374.000000 0.269065 
0.724460 383.000000 0.275540 
0.722302 386.000000 0.277698 
0.730216 375.000000 0.269784 
0.707914 406.000000 0.292086 
0.731655 373.000000 0.268345 
0.728777 377.000000 0.271223 
0.719424 390.000000 0.280576 
0.728777 377.000000 0.271223 
0.732374 372.000000 0.267626 
0.732374 372.000000 0.267626 
0.728058 378.000000 0.271942 
0.719424 390.000000 0.280576 
0.723741 384.000000 0.276259 
0.733813 370.000000 0.266187 
0.736691 366.000000 0.263309 
0.714388 397.000000 0.285612 
0.715827 395.000000 0.284173 
0.717986 392.000000 0.282014 
0.728058 378.000000 0.271942 
0.744604 355.000000 0.255396 
0.723022 385.000000 0.276978 
0.733813 370.000000 0.266187 
0.728058 378.000000 0.271942 
0.723022 385.000000 0.276978 
0.713669 398.000000 0.286331 
0.719424 390.000000 0.280576 
0.728777 377.000000 0.271223 
0.716547 394.000000 0.283453 
0.715108 396.000000 0.284892 
0.723022 385.000000 0.276978 
0.725899 381.000000 0.274101 
0.723741 384.000000 0.276259 
0.728058 378.000000 0.271942 
0.710791 402.000000 0.289209 
0.722302 386.000000 0.277698 
0.735252 368.000000 0.264748 
0.726619 380.000000 0.273381 
0.743165 357.000000 0.256835 
0.715827 395.000000 0.284173 
0.726619 380.000000 0.273381 
0.732374 372.000000 0.267626 
0.730216 375.000000 0.269784 
0.723022 385.000000 0.276978 
0.723741 384.000000 0.276259 
0.720863 388.000000 0.279137 
0.723741 384.000000 0.276259 
0.724460 383.000000 0.275540 
0.728058 378.000000 0.271942 
0.717986 392.000000 0.282014 
0.713669 398.000000 0.286331 
0.735252 368.000000 0.264748 
0.709353 404.000000 0.290647 
0.720144 389.000000 0.279856 
0.733813 370.000000 0.266187 
0.706475 408.000000 0.293525 
0.732374 372.000000 0.267626 
0.725899 381.000000 0.274101 
0.717266 393.000000 0.282734 
0.721583 387.000000 0.278417 
0.742446 358.000000 0.257554 
0.717266 393.000000 0.282734 
0.724460 383.000000 0.275540 
0.714388 397.000000 0.285612 
0.728777 377.000000 0.271223 
0.710072 403.000000 0.289928 
0.713669 398.000000 0.286331 
0.721583 387.000000 0.278417 
0.732374 372.000000 0.267626 
0.718705 391.000000 0.281295 
0.728058 378.000000 0.271942 
0.738129 364.000000 0.261871 
0.732374 372.000000 0.267626 
0.730216 375.000000 0.269784 
0.724460 383.000000 0.275540 
0.729496 376.000000 0.270504 
0.725180 382.000000 0.274820 
0.734532 369.000000 0.265468 
0.727338 379.000000 0.272662 
0.728777 377.000000 0.271223 
0.733813 370.000000 0.266187 
0.717986 392.000000 0.282014 
0.720144 389.000000 0.279856 
0.730935 374.000000 0.269065 
0.719424 390.000000 0.280576 
0.733813 370.000000 0.266187 
0.714388 397.000000 0.285612 
0.734532 369.000000 0.265468 
0.739568 362.000000 0.260432 
0.715827 395.000000 0.284173 
0.725180 382.000000 0.274820 
0.714388 397.000000 0.285612 
0.724460 383.000000 0.275540 
0.718705 391.000000 0.281295 
0.729496 376.000000 0.270504 
0.717986 392.000000 0.282014 
0.718705 391.000000 0.281295 
0.726619 380.000000 0.273381 
0.724460 383.000000 0.275540 
0.717986 392.000000 0.282014 
0.722302 386.000000 0.277698 
0.715108 396.000000 0.284892 
0.711511 401.000000 0.288489 
0.718705 391.000000 0.281295 
0.727338 379.000000 0.272662 
0.723741 384.000000 0.276259 
0.720863 388.000000 0.279137 
0.721583 387.000000 0.278417 
0.726619 380.000000 0.273381 
0.729496 376.000000 0.270504 
0.730935 374.000000 0.269065 
0.705036 410.000000 0.294964 
0.713669 398.000000 0.286331 
0.724460 383.000000 0.275540 
0.735252 368.000000 0.264748 
0.742446 358.000000 0.257554 
0.720863 388.000000 0.279137 
0.735252 368.000000 0.264748 
0.741727 359.000000 0.258273 
0.723022 385.000000 0.276978 
0.720144 389.000000 0.279856 
0.710072 403.000000 0.289928 
0.722302 386.000000 0.277698 
0.726619 380.000000 0.273381 
0.719424 390.000000 0.280576 
0.739568 362.000000 0.260432 
0.720144 389.000000 0.279856 
0.731655 373.000000 0.268345 
0.723741 384.000000 0.276259 
0.735971 367.000000 0.264029 
0.733813 370.000000 0.266187 
0.721583 387.000000 0.278417 
0.706475 408.000000 0.293525 
0.730935 374.000000 0.269065 
0.723741 384.000000 0.276259 
0.733813 370.000000 0.266187 
0.726619 380.000000 0.273381 
0.718705 391.000000 0.281295 
0.730216 375.000000 0.269784 
0.725899 381.000000 0.274101 
0.716547 394.000000 0.283453 
0.712950 399.000000 0.287050 
0.720144 389.000000 0.279856 
0.716547 394.000000 0.283453 
0.718705 391.000000 0.281295 
0.710791 402.000000 0.289209 
0.725180 382.000000 0.274820 
0.733813 370.000000 0.266187 
0.735971 367.000000 0.264029 
0.741007 360.000000 0.258993 
0.729496 376.000000 0.270504 
0.713669 398.000000 0.286331 
0.716547 394.000000 0.283453 
0.720863 388.000000 0.279137 
0.719424 390.000000 0.280576 
0.726619 380.000000 0.273381 
0.728058 378.000000 0.271942 
0.736691 366.000000 0.263309 
0.727338 379.000000 0.272662 
0.726619 380.000000 0.273381 
0.728058 378.000000 0.271942 
0.724460 383.000000 0.275540 
0.731655 373.000000 0.268345 
0.725899 381.000000 0.274101 
0.720144 389.000000 0.279856 
0.725899 381.000000 0.274101 
0.725180 382.000000 0.274820 
0.730935 374.000000 0.269065 
0.714388 397.000000 0.285612 
0.729496 376.000000 0.270504 
0.724460 383.000000 0.275540 
0.728058 378.000000 0.271942 
0.710791 402.000000 0.289209 
0.728777 377.000000 0.271223 
0.719424 390.000000 0.280576 
0.728058 378.000000 0.271942 
0.710072 403.000000 0.289928 
0.720863 388.000000 0.279137 
0.727338 379.000000 0.272662 
0.729496 376.000000 0.270504 
0.738849 363.000000 0.261151 
0.733094 371.000000 0.266906 
0.714388 397.000000 0.285612 
0.729496 376.000000 0.270504 
0.726619 380.000000 0.273381 
0.725180 382.000000 0.274820 
0.728777 377.000000 0.271223 
0.735971 367.000000 0.264029 
0.710072 403.000000 0.289928 
0.723741 384.000000 0.276259 
0.723022 385.000000 0.276978 
0.721583 387.000000 0.278417 
0.718705 391.000000 0.281295 
0.730935 374.000000 0.269065 
0.728777 377.000000 0.271223 
0.720863 388.000000 0.279137 
0.716547 394.000000 0.283453 
0.735252 368.000000 0.264748 
0.717266 393.000000 0.282734 
0.723022 385.000000 0.276978 
0.718705 391.000000 0.281295 
0.730935 374.000000 0.269065 
0.728777 377.000000 0.271223 
0.727338 379.000000 0.272662 
0.732374 372.000000 0.267626 
0.723741 384.000000 0.276259 
0.719424 390.000000 0.280576 
0.734532 369.000000 0.265468 
0.719424 390.000000 0.280576 
0.728777 377.000000 0.271223 
0.716547 394.000000 0.283453 
0.733813 370.000000 0.266187 
0.733813 370.000000 0.266187 
0.728058 378.000000 0.271942 
0.722302 386.000000 0.277698 
0.732374 372.000000 0.267626 
0.729496 376.000000 0.270504 
0.720144 389.000000 0.279856 
0.703597 412.000000 0.296403 
0.712950 399.000000 0.287050 
0.729496 376.000000 0.270504 
0.728777 377.000000 0.271223 
0.723741 384.000000 0.276259 
0.725899 381.000000 0.274101 
0.717986 392.000000 0.282014 
0.715827 395.000000 0.284173 
0.719424 390.000000 0.280576 
0.727338 379.000000 0.272662 
0.726619 380.000000 0.273381 
0.726619 380.000000 0.273381 
0.730216 375.000000 0.269784 
0.734532 369.000000 0.265468 
0.721583 387.000000 0.278417 
0.738849 363.000000 0.261151 
0.722302 386.000000 0.277698 
0.729496 376.000000 0.270504 
0.736691 366.000000 0.263309 
0.735252 368.000000 0.264748 
0.731655 373.000000 0.268345 
0.712230 400.000000 0.287770 
0.710791 402.000000 0.289209 
0.730935 374.000000 0.269065 
0.738129 364.000000 0.261871 
0.713669 398.000000 0.286331 
0.713669 398.000000 0.286331 
0.739568 362.000000 0.260432 
0.715108 396.000000 0.284892 
0.740288 361.000000 0.259712 
0.717986 392.000000 0.282014 
0.712950 399.000000 0.287050 
0.722302 386.000000 0.277698 
0.720863 388.000000 0.279137 
0.735971 367.000000 0.264029 
0.712950 399.000000 0.287050 
0.719424 390.000000 0.280576 
0.730935 374.000000 0.269065 
0.718705 391.000000 0.281295 
0.725180 382.000000 0.274820 
0.729496 376.000000 0.270504 
0.717986 392.000000 0.282014 
0.722302 386.000000 0.277698 
0.717986 392.000000 0.282014 
0.720144 389.000000 0.279856 
0.723022 385.000000 0.276978 
0.729496 376.000000 0.270504 
0.725180 382.000000 0.274820 
0.727338 379.000000 0.272662 
0.720144 389.000000 0.279856 
0.721583 387.000000 0.278417 
0.740288 361.000000 0.259712 
0.730935 374.000000 0.269065 
0.730216 375.000000 0.269784 
0.725180 382.000000 0.274820 
0.735971 367.000000 0.264029 
0.720144 389.000000 0.279856 
0.726619 380.000000 0.273381 
0.712950 399.000000 0.287050 
0.720144 389.000000 0.279856 
0.738129 364.000000 0.261871 
0.735252 368.000000 0.264748 
0.727338 379.000000 0.272662 
0.724460 383.000000 0.275540 
0.712230 400.000000 0.287770 
0.736691 366.000000 0.263309 
0.723741 384.000000 0.276259 
0.715108 396.000000 0.284892 
0.721583 387.000000 0.278417 
0.728777 377.000000 0.271223 
0.717986 392.000000 0.282014 
0.741007 360.000000 0.258993 
0.728777 377.000000 0.271223 
0.720144 389.000000 0.279856 
0.715108 396.000000 0.284892 
0.715108 396.000000 0.284892 
0.728058 378.000000 0.271942 
0.729496 376.000000 0.270504 
0.737410 365.000000 0.262590 
0.732374 372.000000 0.267626 
0.721583 387.000000 0.278417 
0.727338 379.000000 0.272662 
0.747482 351.000000 0.252518 
0.707194 407.000000 0.292806 
0.725899 381.000000 0.274101 
0.725899 381.000000 0.274101 
0.735252 368.000000 0.264748 
0.713669 398.000000 0.286331 
0.735252 368.000000 0.264748 
0.733094 371.000000 0.266906 
0.726619 380.000000 0.273381 
0.710791 402.000000 0.289209 
0.735971 367.000000 0.264029 
0.725899 381.000000 0.274101 
0.728058 378.000000 0.271942 
0.720144 389.000000 0.279856 
0.722302 386.000000 0.277698 
0.730216 375.000000 0.269784 
0.729496 376.000000 0.270504 
0.717986 392.000000 0.282014 
0.722302 386.000000 0.277698 
0.714388 397.000000 0.285612 
0.717266 393.000000 0.282734 
0.716547 394.000000 0.283453 
0.723022 385.000000 0.276978 
0.729496 376.000000 0.270504 
0.721583 387.000000 0.278417 
0.713669 398.000000 0.286331 
0.722302 386.000000 0.277698 
0.717266 393.000000 0.282734 
0.721583 387.000000 0.278417 
0.715827 395.000000 0.284173 
0.726619 380.000000 0.273381 
0.715827 395.000000 0.284173 
0.720863 388.000000 0.279137 
0.717986 392.000000 0.282014 
0.722302 386.000000 0.277698 
0.720144 389.000000 0.279856 
0.720863 388.000000 0.279137 
0.725899 381.000000 0.274101 
0.744604 355.000000 0.255396 
0.707194 407.000000 0.292806 
0.720863 388.000000 0.279137 
0.734532 369.000000 0.265468 
0.711511 401.000000 0.288489 
0.721583 387.000000 0.278417 
0.720863 388.000000 0.279137 
0.729496 376.000000 0.270504 
0.728777 377.000000 0.271223 
0.725899 381.000000 0.274101 
0.714388 397.000000 0.285612 
0.725180 382.000000 0.274820 
0.725899 381.000000 0.274101 
0.728058 378.000000 0.271942 
0.719424 390.000000 0.280576 
0.723022 385.000000 0.276978 
0.727338 379.000000 0.272662 
0.714388 397.000000 0.285612 
0.717986 392.000000 0.282014 
0.720863 388.000000 0.279137 
0.729496 376.000000 0.270504 
0.725180 382.000000 0.274820 
0.741007 360.000000 0.258993 
0.718705 391.000000 0.281295 
0.748921 349.000000 0.251079 
0.729496 376.000000 0.270504 
0.742446 358.000000 0.257554 
0.724460 383.000000 0.275540 
0.736691 366.000000 0.263309 
0.713669 398.000000 0.286331 
0.731655 373.000000 0.268345 
0.723022 385.000000 0.276978 
0.718705 391.000000 0.281295 
0.726619 380.000000 0.273381 
0.728777 377.000000 0.271223 
0.724460 383.000000 0.275540 
0.723741 384.000000 0.276259 
0.725899 381.000000 0.274101 
0.728058 378.000000 0.271942 
0.725180 382.000000 0.274820 
0.732374 372.000000 0.267626 
0.731655 373.000000 0.268345 
0.727338 379.000000 0.272662 
0.730216 375.000000 0.269784 
0.734532 369.000000 0.265468 
0.726619 380.000000 0.273381 
0.730935 374.000000 0.269065 
0.737410 365.000000 0.262590 
0.724460 383.000000 0.275540 
0.725180 382.000000 0.274820 
0.721583 387.000000 0.278417 
0.731655 373.000000 0.268345 
0.734532 369.000000 0.265468 
0.717266 393.000000 0.282734 
0.727338 379.000000 0.272662 
0.728058 378.000000 0.271942 
0.725899 381.000000 0.274101 
0.719424 390.000000 0.280576 
0.730935 374.000000 0.269065 
0.735971 367.000000 0.264029 
0.707914 406.000000 0.292086 
0.710791 402.000000 0.289209 
0.733094 371.000000 0.266906 
0.723022 385.000000 0.276978 
0.732374 372.000000 0.267626 
0.724460 383.000000 0.275540 
0.723741 384.000000 0.276259 
0.723741 384.000000 0.276259 
0.718705 391.000000 0.281295 
0.735252 368.000000 0.264748 
0.718705 391.000000 0.281295 
0.726619 380.000000 0.273381 
0.712950 399.000000 0.287050 
0.718705 391.000000 0.281295 
0.726619 380.000000 0.273381 
0.723022 385.000000 0.276978 
0.710791 402.000000 0.289209 
0.728777 377.000000 0.271223 
0.717266 393.000000 0.282734 
0.730216 375.000000 0.269784 
0.730216 375.000000 0.269784 
0.723741 384.000000 0.276259 
0.727338 379.000000 0.272662 
0.729496 376.000000 0.270504 
0.729496 376.000000 0.270504 
0.730935 374.000000 0.269065 
0.735252 368.000000 0.264748 
0.712950 399.000000 0.287050 
0.723741 384.000000 0.276259 
0.727338 379.000000 0.272662 
0.728777 377.000000 0.271223 
0.717266 393.000000 0.282734 
0.725899 381.000000 0.274101 
0.725180 382.000000 0.274820 
0.731655 373.000000 0.268345 
0.723022 385.000000 0.276978 
0.720144 389.000000 0.279856 
0.728058 378.000000 0.271942 
0.738129 364.000000 0.261871 
0.720863 388.000000 0.279137 
0.718705 391.000000 0.281295 
0.728777 377.000000 0.271223 
0.726619 380.000000 0.273381 
0.730216 375.000000 0.269784 
0.715108 396.000000 0.284892 
0.723741 384.000000 0.276259 
0.735971 367.000000 0.264029 
0.743165 357.000000 0.256835 
0.718705 391.000000 0.281295 
0.725180 382.000000 0.274820 
0.735252 368.000000 0.264748 
0.721583 387.000000 0.278417 
0.728058 378.000000 0.271942 
0.731655 373.000000 0.268345 
0.726619 380.000000 0.273381 
0.721583 387.000000 0.278417 
0.736691 366.000000 0.263309 
0.708633 405.000000 0.291367 
0.730216 375.000000 0.269784 
0.720144 389.000000 0.279856 
0.721583 387.000000 0.278417 
0.722302 386.000000 0.277698 
0.718705 391.000000 0.281295 
0.718705 391.000000 0.281295 
0.717266 393.000000 0.282734 
0.715108 396.000000 0.284892 
0.730216 375.000000 0.269784 
0.725180 382.000000 0.274820 
0.720863 388.000000 0.279137 
0.723741 384.000000 0.276259 
0.738849 363.000000 0.261151 
0.703597 412.000000 0.296403 
0.726619 380.000000 0.273381 
0.711511 401.000000 0.288489 
0.721583 387.000000 0.278417 
0.738129 364.000000 0.261871 
0.734532 369.000000 0.265468 
0.724460 383.000000 0.275540 
0.722302 386.000000 0.277698 
0.728777 377.000000 0.271223 
0.715827 395.000000 0.284173 
0.733094 371.000000 0.266906 
0.706475 408.000000 0.293525 
0.734532 369.000000 0.265468 
0.708633 405.000000 0.291367 
0.728058 378.000000 0.271942 
0.718705 391.000000 0.281295 
0.710072 403.000000 0.289928 
0.721583 387.000000 0.278417 
0.718705 391.000000 0.281295 
0.734532 369.000000 0.265468 
0.724460 383.000000 0.275540 
0.720144 389.000000 0.279856 
0.727338 379.000000 0.272662 
0.712230 400.000000 0.287770 
0.724460 383.000000 0.275540 
0.720863 388.000000 0.279137 
0.720144 389.000000 0.279856 
0.726619 380.000000 0.273381 
0.715108 396.000000 0.284892 
0.720863 388.000000 0.279137 
0.728058 378.000000 0.271942 
0.726619 380.000000 0.273381 
0.722302 386.000000 0.277698 
0.733094 371.000000 0.266906 
0.728777 377.000000 0.271223 
0.735252 368.000000 0.264748 
0.735971 367.000000 0.264029 
0.730216 375.000000 0.269784 
0.720144 389.000000 0.279856 
0.730935 374.000000 0.269065 
0.725180 382.000000 0.274820 
0.720863 388.000000 0.279137 
0.731655 373.000000 0.268345 
0.722302 386.000000 0.277698 
0.722302 386.000000 0.277698 
0.729496 376.000000 0.270504 
0.716547 394.000000 0.283453 
0.725899 381.000000 0.274101 
0.716547 394.000000 0.283453 
0.734532 369.000000 0.265468 
0.735252 368.000000 0.264748 
0.708633 405.000000 0.291367 
0.733094 371.000000 0.266906 
0.721583 387.000000 0.278417 
0.732374 372.000000 0.267626 
0.723022 385.000000 0.276978 
0.722302 386.000000 0.277698 
0.730935 374.000000 0.269065 
0.723741 384.000000 0.276259 
0.728777 377.000000 0.271223 
0.727338 379.000000 0.272662 
0.705036 410.000000 0.294964 
0.714388 397.000000 0.285612 
0.715108 396.000000 0.284892 
0.738849 363.000000 0.261151 
0.721583 387.000000 0.278417 
0.727338 379.000000 0.272662 
0.718705 391.000000 0.281295 
0.736691 366.000000 0.263309 
0.722302 386.000000 0.277698 
0.717986 392.000000 0.282014 
0.727338 379.000000 0.272662 
0.716547 394.000000 0.283453 
0.729496 376.000000 0.270504 
0.728777 377.000000 0.271223 
0.713669 398.000000 0.286331 
0.724460 383.000000 0.275540 
0.729496 376.000000 0.270504 
0.716547 394.000000 0.283453 
0.717986 392.000000 0.282014 
0.724460 383.000000 0.275540 
0.730216 375.000000 0.269784 
0.727338 379.000000 0.272662 
0.729496 376.000000 0.270504 
0.730216 375.000000 0.269784 
0.739568 362.000000 0.260432 
0.727338 379.000000 0.272662 
0.723022 385.000000 0.276978 
0.735252 368.000000 0.264748 
0.730216 375.000000 0.269784 
0.712950 399.000000 0.287050 
0.721583 387.000000 0.278417 
0.714388 397.000000 0.285612 
0.712230 400.000000 0.287770 
0.708633 405.000000 0.291367 
0.732374 372.000000 0.267626 
0.724460 383.000000 0.275540 
0.715827 395.000000 0.284173 
0.723022 385.000000 0.276978 
0.726619 380.000000 0.273381 
0.712230 400.000000 0.287770 
0.711511 401.000000 0.288489 
0.717266 393.000000 0.282734 
0.730216 375.000000 0.269784 
0.718705 391.000000 0.281295 
0.732374 372.000000 0.267626 
0.720144 389.000000 0.279856 
0.720863 388.000000 0.279137 
0.716547 394.000000 0.283453 
0.719424 390.000000 0.280576 
0.725899 381.000000 0.274101 
0.734532 369.000000 0.265468 
0.728058 378.000000 0.271942 
0.733813 370.000000 0.266187 
0.719424 390.000000 0.280576 
0.727338 379.000000 0.272662 
0.725899 381.000000 0.274101 
0.728777 377.000000 0.271223 
0.728777 377.000000 0.271223 
0.726619 380.000000 0.273381 
0.739568 362.000000 0.260432 
0.719424 390.000000 0.280576 
0.740288 361.000000 0.259712 
0.732374 372.000000 0.267626 
0.722302 386.000000 0.277698 
0.718705 391.000000 0.281295 
0.739568 362.000000 0.260432 
0.726619 380.000000 0.273381 
0.720144 389.000000 0.279856 
0.729496 376.000000 0.270504 
0.743885 356.000000 0.256115 
0.726619 380.000000 0.273381 
0.730935 374.000000 0.269065 
0.729496 376.000000 0.270504 
0.732374 372.000000 0.267626 
0.729496 376.000000 0.270504 
0.740288 361.000000 0.259712 
0.724460 383.000000 0.275540 
0.717266 393.000000 0.282734 
0.712950 399.000000 0.287050 
0.717266 393.000000 0.282734 
0.732374 372.000000 0.267626 
0.717986 392.000000 0.282014 
0.734532 369.000000 0.265468 
0.717266 393.000000 0.282734 
0.710791 402.000000 0.289209 
0.728058 378.000000 0.271942 
0.725899 381.000000 0.274101 
0.716547 394.000000 0.283453 
0.723022 385.000000 0.276978 
0.730216 375.000000 0.269784 
0.715827 395.000000 0.284173 
0.732374 372.000000 0.267626 
0.715108 396.000000 0.284892 
0.713669 398.000000 0.286331 
0.733094 371.000000 0.266906 
0.728058 378.000000 0.271942 
0.717986 392.000000 0.282014 
0.718705 391.000000 0.281295 
0.723022 385.000000 0.276978 
0.713669 398.000000 0.286331 
0.728777 377.000000 0.271223 
0.719424 390.000000 0.280576 
0.735252 368.000000 0.264748 
0.710791 402.000000 0.289209 
0.725180 382.000000 0.274820 
0.712950 399.000000 0.287050 
0.735252 368.000000 0.264748 
0.733813 370.000000 0.266187 
0.724460 383.000000 0.275540 
0.741007 360.000000 0.258993 
0.715827 395.000000 0.284173 
0.712230 400.000000 0.287770 
0.708633 405.000000 0.291367 
0.735252 368.000000 0.264748 
0.725180 382.000000 0.274820 
0.721583 387.000000 0.278417 
0.726619 380.000000 0.273381 
0.726619 380.000000 0.273381 
0.735252 368.000000 0.264748 
0.713669 398.000000 0.286331 
0.722302 386.000000 0.277698 
0.723741 384.000000 0.276259 
0.728058 378.000000 0.271942 
0.736691 366.000000 0.263309 
0.732374 372.000000 0.267626 
0.720863 388.000000 0.279137 
0.731655 373.000000 0.268345 
0.723741 384.000000 0.276259 
0.735971 367.000000 0.264029 
0.710791 402.000000 0.289209 
0.718705 391.000000 0.281295 
0.721583 387.000000 0.278417 
0.741727 359.000000 0.258273 
0.714388 397.000000 0.285612 
0.712230 400.000000 0.287770 
0.720863 388.000000 0.279137 
0.735252 368.000000 0.264748 
0.714388 397.000000 0.285612 
0.735252 368.000000 0.264748 
0.726619 380.000000 0.273381 
0.728058 378.000000 0.271942 
0.725180 382.000000 0.274820 
0.723741 384.000000 0.276259 
0.716547 394.000000 0.283453 
0.726619 380.000000 0.273381 
0.711511 401.000000 0.288489 
0.722302 386.000000 0.277698 
0.717986 392.000000 0.282014 
0.728058 378.000000 0.271942 
0.726619 380.000000 0.273381 
0.720863 388.000000 0.279137 
0.725180 382.000000 0.274820 
0.732374 372.000000 0.267626 
0.738129 364.000000 0.261871 
0.716547 394.000000 0.283453 
0.730216 375.000000 0.269784 
0.725180 382.000000 0.274820 
0.723741 384.000000 0.276259 
0.718705 391.000000 0.281295 
0.724460 383.000000 0.275540 
0.741007 360.000000 0.258993 
0.739568 362.000000 0.260432 
0.727338 379.000000 0.272662 
0.730216 375.000000 0.269784 
0.730935 374.000000 0.269065 
0.698561 419.000000 0.301439 
