0.905755 131.000000 0.094245 
0.903597 134.000000 0.096403 
0.896403 144.000000 0.103597 
0.902158 136.000000 0.097842 
0.900719 138.000000 0.099281 
0.920863 110.000000 0.079137 
0.894964 146.000000 0.105036 
0.895683 145.000000 0.104317 
0.895683 145.000000 0.104317 
0.894245 147.000000 0.105755 
0.897842 142.000000 0.102158 
0.894964 146.000000 0.105036 
0.903597 134.000000 0.096403 
0.900719 138.000000 0.099281 
0.882734 163.000000 0.117266 
0.897122 143.000000 0.102878 
0.895683 145.000000 0.104317 
0.900000 139.000000 0.100000 
0.890647 152.000000 0.109353 
0.902878 135.000000 0.097122 
0.902878 135.000000 0.097122 
0.901439 137.000000 0.098561 
0.904317 133.000000 0.095683 
0.904317 133.000000 0.095683 
0.908633 127.000000 0.091367 
0.900719 138.000000 0.099281 
0.895683 145.000000 0.104317 
0.900000 139.000000 0.100000 
0.896403 144.000000 0.103597 
0.906475 130.000000 0.093525 
0.894964 146.000000 0.105036 
0.907914 128.000000 0.092086 
0.892086 150.000000 0.107914 
0.897122 143.000000 0.102878 
0.898561 141.000000 0.101439 
0.900719 138.000000 0.099281 
0.908633 127.000000 0.091367 
0.900719 138.000000 0.099281 
0.893525 148.000000 0.106475 
0.900000 139.000000 0.100000 
0.900719 138.000000 0.099281 
0.905036 132.000000 0.094964 
0.907194 129.000000 0.092806 
0.902878 135.000000 0.097122 
0.902158 136.000000 0.097842 
0.896403 144.000000 0.103597 
0.906475 130.000000 0.093525 
0.904317 133.000000 0.095683 
0.902878 135.000000 0.097122 
0.907194 129.000000 0.092806 
0.902158 136.000000 0.097842 
0.903597 134.000000 0.096403 
0.907194 129.000000 0.092806 
0.901439 137.000000 0.098561 
0.899281 140.000000 0.100719 
0.910072 125.000000 0.089928 
0.897842 142.000000 0.102158 
0.909353 126.000000 0.090647 
0.893525 148.000000 0.106475 
0.888489 155.000000 0.111511 
0.910072 125.000000 0.089928 
0.883453 162.000000 0.116547 
0.894245 147.000000 0.105755 
0.907194 129.000000 0.092806 
0.910072 125.000000 0.089928 
0.907914 128.000000 0.092086 
0.894245 147.000000 0.105755 
0.898561 141.000000 0.101439 
0.893525 148.000000 0.106475 
0.894245 147.000000 0.105755 
0.901439 137.000000 0.098561 
0.896403 144.000000 0.103597 
0.905755 131.000000 0.094245 
0.910791 124.000000 0.089209 
0.897842 142.000000 0.102158 
0.912950 121.000000 0.087050 
0.907194 129.000000 0.092806 
0.897842 142.000000 0.102158 
0.900719 138.000000 0.099281 
0.900719 138.000000 0.099281 
0.895683 145.000000 0.104317 
0.896403 144.000000 0.103597 
0.902158 136.000000 0.097842 
0.903597 134.000000 0.096403 
0.894245 147.000000 0.105755 
0.897842 142.000000 0.102158 
0.901439 137.000000 0.098561 
0.907914 128.000000 0.092086 
0.907914 128.000000 0.092086 
0.905036 132.000000 0.094964 
0.891367 151.000000 0.108633 
0.899281 140.000000 0.100719 
0.900719 138.000000 0.099281 
0.905036 132.000000 0.094964 
0.889209 154.000000 0.110791 
0.900719 138.000000 0.099281 
0.896403 144.000000 0.103597 
0.896403 144.000000 0.103597 
0.902878 135.000000 0.097122 
0.910072 125.000000 0.089928 
0.898561 141.000000 0.101439 
0.902878 135.000000 0.097122 
0.898561 141.000000 0.101439 
0.892806 149.000000 0.107194 
0.901439 137.000000 0.098561 
0.909353 126.000000 0.090647 
0.906475 130.000000 0.093525 
0.898561 141.000000 0.101439 
0.898561 141.000000 0.101439 
0.887770 156.000000 0.112230 
0.907914 128.000000 0.092086 
0.896403 144.000000 0.103597 
0.912230 122.000000 0.087770 
0.900000 139.000000 0.100000 
0.900719 138.000000 0.099281 
0.907914 128.000000 0.092086 
0.906475 130.000000 0.093525 
0.910072 125.000000 0.089928 
0.900719 138.000000 0.099281 
0.897122 143.000000 0.102878 
0.900719 138.000000 0.099281 
0.900719 138.000000 0.099281 
0.902878 135.000000 0.097122 
0.906475 130.000000 0.093525 
0.900719 138.000000 0.099281 
0.893525 148.000000 0.106475 
0.896403 144.000000 0.103597 
0.901439 137.000000 0.098561 
0.905036 132.000000 0.094964 
0.905036 132.000000 0.094964 
0.888489 155.000000 0.111511 
0.904317 133.000000 0.095683 
0.901439 137.000000 0.098561 
0.899281 140.000000 0.100719 
0.907914 128.000000 0.092086 
0.907914 128.000000 0.092086 
0.894964 146.000000 0.105036 
0.897842 142.000000 0.102158 
0.902158 136.000000 0.097842 
0.903597 134.000000 0.096403 
0.899281 140.000000 0.100719 
0.900719 138.000000 0.099281 
0.900000 139.000000 0.100000 
0.910072 125.000000 0.089928 
0.898561 141.000000 0.101439 
0.898561 141.000000 0.101439 
0.892086 150.000000 0.107914 
0.899281 140.000000 0.100719 
0.899281 140.000000 0.100719 
0.895683 145.000000 0.104317 
0.902878 135.000000 0.097122 
0.907194 129.000000 0.092806 
0.899281 140.000000 0.100719 
0.897122 143.000000 0.102878 
0.902158 136.000000 0.097842 
0.898561 141.000000 0.101439 
0.906475 130.000000 0.093525 
0.906475 130.000000 0.093525 
0.897122 143.000000 0.102878 
0.902878 135.000000 0.097122 
0.902878 135.000000 0.097122 
0.893525 148.000000 0.106475 
0.908633 127.000000 0.091367 
0.901439 137.000000 0.098561 
0.902878 135.000000 0.097122 
0.899281 140.000000 0.100719 
0.902878 135.000000 0.097122 
0.907194 129.000000 0.092806 
0.892086 150.000000 0.107914 
0.905755 131.000000 0.094245 
0.895683 145.000000 0.104317 
0.906475 130.000000 0.093525 
0.900000 139.000000 0.100000 
0.900719 138.000000 0.099281 
0.903597 134.000000 0.096403 
0.902878 135.000000 0.097122 
0.898561 141.000000 0.101439 
0.895683 145.000000 0.104317 
0.884892 160.000000 0.115108 
0.902158 136.000000 0.097842 
0.889928 153.000000 0.110072 
0.899281 140.000000 0.100719 
0.901439 137.000000 0.098561 
0.900719 138.000000 0.099281 
0.902878 135.000000 0.097122 
0.894245 147.000000 0.105755 
0.900719 138.000000 0.099281 
0.905036 132.000000 0.094964 
0.912230 122.000000 0.087770 
0.894964 146.000000 0.105036 
0.885612 159.000000 0.114388 
0.897842 142.000000 0.102158 
0.898561 141.000000 0.101439 
0.902158 136.000000 0.097842 
0.895683 145.000000 0.104317 
0.900000 139.000000 0.100000 
0.899281 140.000000 0.100719 
0.903597 134.000000 0.096403 
0.907194 129.000000 0.092806 
0.893525 148.000000 0.106475 
0.900000 139.000000 0.100000 
0.909353 126.000000 0.090647 
0.893525 148.000000 0.106475 
0.897122 143.000000 0.102878 
0.901439 137.000000 0.098561 
0.907194 129.000000 0.092806 
0.896403 144.000000 0.103597 
0.900000 139.000000 0.100000 
0.911511 123.000000 0.088489 
0.889928 153.000000 0.110072 
0.897842 142.000000 0.102158 
0.893525 148.000000 0.106475 
0.902158 136.000000 0.097842 
0.893525 148.000000 0.106475 
0.900000 139.000000 0.100000 
0.895683 145.000000 0.104317 
0.915827 117.000000 0.084173 
0.898561 141.000000 0.101439 
0.906475 130.000000 0.093525 
0.902878 135.000000 0.097122 
0.901439 137.000000 0.098561 
0.901439 137.000000 0.098561 
0.905755 131.000000 0.094245 
0.900000 139.000000 0.100000 
0.896403 144.000000 0.103597 
0.894245 147.000000 0.105755 
0.894245 147.000000 0.105755 
0.902158 136.000000 0.097842 
0.908633 127.000000 0.091367 
0.894964 146.000000 0.105036 
0.897122 143.000000 0.102878 
0.892086 150.000000 0.107914 
0.903597 134.000000 0.096403 
0.902878 135.000000 0.097122 
0.900000 139.000000 0.100000 
0.893525 148.000000 0.106475 
0.905036 132.000000 0.094964 
0.898561 141.000000 0.101439 
0.894245 147.000000 0.105755 
0.905036 132.000000 0.094964 
0.899281 140.000000 0.100719 
0.908633 127.000000 0.091367 
0.890647 152.000000 0.109353 
0.898561 141.000000 0.101439 
0.893525 148.000000 0.106475 
0.925180 104.000000 0.074820 
0.894245 147.000000 0.105755 
0.898561 141.000000 0.101439 
0.907194 129.000000 0.092806 
0.890647 152.000000 0.109353 
0.905036 132.000000 0.094964 
0.905755 131.000000 0.094245 
0.900719 138.000000 0.099281 
0.900000 139.000000 0.100000 
0.894245 147.000000 0.105755 
0.902158 136.000000 0.097842 
0.898561 141.000000 0.101439 
0.896403 144.000000 0.103597 
0.894964 146.000000 0.105036 
0.896403 144.000000 0.103597 
0.893525 148.000000 0.106475 
0.902878 135.000000 0.097122 
0.900719 138.000000 0.099281 
0.898561 141.000000 0.101439 
0.892086 150.000000 0.107914 
0.894245 147.000000 0.105755 
0.908633 127.000000 0.091367 
0.905036 132.000000 0.094964 
0.901439 137.000000 0.098561 
0.892086 150.000000 0.107914 
0.908633 127.000000 0.091367 
0.895683 145.000000 0.104317 
0.897122 143.000000 0.102878 
0.893525 148.000000 0.106475 
0.900000 139.000000 0.100000 
0.895683 145.000000 0.104317 
0.899281 140.000000 0.100719 
0.886331 158.000000 0.113669 
0.900000 139.000000 0.100000 
0.904317 133.000000 0.095683 
0.902158 136.000000 0.097842 
0.912230 122.000000 0.087770 
0.897122 143.000000 0.102878 
0.893525 148.000000 0.106475 
0.900000 139.000000 0.100000 
0.902158 136.000000 0.097842 
0.902158 136.000000 0.097842 
0.902878 135.000000 0.097122 
0.897842 142.000000 0.102158 
0.894245 147.000000 0.105755 
0.908633 127.000000 0.091367 
0.897122 143.000000 0.102878 
0.905755 131.000000 0.094245 
0.899281 140.000000 0.100719 
0.900719 138.000000 0.099281 
0.899281 140.000000 0.100719 
0.898561 141.000000 0.101439 
0.902878 135.000000 0.097122 
0.899281 140.000000 0.100719 
0.897122 143.000000 0.102878 
0.900719 138.000000 0.099281 
0.912230 122.000000 0.087770 
0.900719 138.000000 0.099281 
0.907194 129.000000 0.092806 
0.894245 147.000000 0.105755 
0.900000 139.000000 0.100000 
0.910072 125.000000 0.089928 
0.902878 135.000000 0.097122 
0.896403 144.000000 0.103597 
0.898561 141.000000 0.101439 
0.894245 147.000000 0.105755 
0.913669 120.000000 0.086331 
0.903597 134.000000 0.096403 
0.899281 140.000000 0.100719 
0.905755 131.000000 0.094245 
0.903597 134.000000 0.096403 
0.894245 147.000000 0.105755 
0.895683 145.000000 0.104317 
0.896403 144.000000 0.103597 
0.905755 131.000000 0.094245 
0.899281 140.000000 0.100719 
0.898561 141.000000 0.101439 
0.894964 146.000000 0.105036 
0.900719 138.000000 0.099281 
0.897122 143.000000 0.102878 
0.897122 143.000000 0.102878 
0.901439 137.000000 0.098561 
0.900000 139.000000 0.100000 
0.896403 144.000000 0.103597 
0.899281 140.000000 0.100719 
0.898561 141.000000 0.101439 
0.898561 141.000000 0.101439 
0.915108 118.000000 0.084892 
0.895683 145.000000 0.104317 
0.899281 140.000000 0.100719 
0.895683 145.000000 0.104317 
0.898561 141.000000 0.101439 
0.901439 137.000000 0.098561 
0.905036 132.000000 0.094964 
0.898561 141.000000 0.101439 
0.897842 142.000000 0.102158 
0.903597 134.000000 0.096403 
0.907194 129.000000 0.092806 
0.898561 141.000000 0.101439 
0.898561 141.000000 0.101439 
0.897122 143.000000 0.102878 
0.902158 136.000000 0.097842 
0.900719 138.000000 0.099281 
0.908633 127.000000 0.091367 
0.906475 130.000000 0.093525 
0.902158 136.000000 0.097842 
0.902158 136.000000 0.097842 
0.902158 136.000000 0.097842 
0.902158 136.000000 0.097842 
0.905036 132.000000 0.094964 
0.902878 135.000000 0.097122 
0.902158 136.000000 0.097842 
0.903597 134.000000 0.096403 
0.912230 122.000000 0.087770 
0.898561 141.000000 0.101439 
0.902158 136.000000 0.097842 
0.898561 141.000000 0.101439 
0.900719 138.000000 0.099281 
0.897122 143.000000 0.102878 
0.914388 119.000000 0.085612 
0.904317 133.000000 0.095683 
0.891367 151.000000 0.108633 
0.907914 128.000000 0.092086 
0.892086 150.000000 0.107914 
0.894964 146.000000 0.105036 
0.896403 144.000000 0.103597 
0.910072 125.000000 0.089928 
0.902158 136.000000 0.097842 
0.907914 128.000000 0.092086 
0.896403 144.000000 0.103597 
0.893525 148.000000 0.106475 
0.900719 138.000000 0.099281 
0.907194 129.000000 0.092806 
0.895683 145.000000 0.104317 
0.893525 148.000000 0.106475 
0.900719 138.000000 0.099281 
0.900719 138.000000 0.099281 
0.893525 148.000000 0.106475 
0.893525 148.000000 0.106475 
0.905755 131.000000 0.094245 
0.902878 135.000000 0.097122 
0.900000 139.000000 0.100000 
0.901439 137.000000 0.098561 
0.897842 142.000000 0.102158 
0.903597 134.000000 0.096403 
0.892806 149.000000 0.107194 
0.902158 136.000000 0.097842 
0.900719 138.000000 0.099281 
0.901439 137.000000 0.098561 
0.900719 138.000000 0.099281 
0.899281 140.000000 0.100719 
0.905755 131.000000 0.094245 
0.901439 137.000000 0.098561 
0.900000 139.000000 0.100000 
0.891367 151.000000 0.108633 
0.905755 131.000000 0.094245 
0.897842 142.000000 0.102158 
0.898561 141.000000 0.101439 
0.900719 138.000000 0.099281 
0.896403 144.000000 0.103597 
0.892806 149.000000 0.107194 
0.891367 151.000000 0.108633 
0.895683 145.000000 0.104317 
0.902158 136.000000 0.097842 
0.904317 133.000000 0.095683 
0.902158 136.000000 0.097842 
0.900000 139.000000 0.100000 
0.909353 126.000000 0.090647 
0.904317 133.000000 0.095683 
0.894245 147.000000 0.105755 
0.887770 156.000000 0.112230 
0.902158 136.000000 0.097842 
0.895683 145.000000 0.104317 
0.907194 129.000000 0.092806 
0.900719 138.000000 0.099281 
0.910072 125.000000 0.089928 
0.910791 124.000000 0.089209 
0.898561 141.000000 0.101439 
0.892086 150.000000 0.107914 
0.897122 143.000000 0.102878 
0.896403 144.000000 0.103597 
0.910791 124.000000 0.089209 
0.900719 138.000000 0.099281 
0.908633 127.000000 0.091367 
0.912230 122.000000 0.087770 
0.900719 138.000000 0.099281 
0.905036 132.000000 0.094964 
0.899281 140.000000 0.100719 
0.894964 146.000000 0.105036 
0.905036 132.000000 0.094964 
0.889928 153.000000 0.110072 
0.900000 139.000000 0.100000 
0.901439 137.000000 0.098561 
0.897122 143.000000 0.102878 
0.904317 133.000000 0.095683 
0.898561 141.000000 0.101439 
0.898561 141.000000 0.101439 
0.900719 138.000000 0.099281 
0.915827 117.000000 0.084173 
0.904317 133.000000 0.095683 
0.904317 133.000000 0.095683 
0.896403 144.000000 0.103597 
0.892086 150.000000 0.107914 
0.897122 143.000000 0.102878 
0.905036 132.000000 0.094964 
0.891367 151.000000 0.108633 
0.897122 143.000000 0.102878 
0.898561 141.000000 0.101439 
0.903597 134.000000 0.096403 
0.894964 146.000000 0.105036 
0.911511 123.000000 0.088489 
0.907194 129.000000 0.092806 
0.905036 132.000000 0.094964 
0.904317 133.000000 0.095683 
0.908633 127.000000 0.091367 
0.901439 137.000000 0.098561 
0.903597 134.000000 0.096403 
0.899281 140.000000 0.100719 
0.892086 150.000000 0.107914 
0.912230 122.000000 0.087770 
0.902158 136.000000 0.097842 
0.894964 146.000000 0.105036 
0.905036 132.000000 0.094964 
0.900000 139.000000 0.100000 
0.894245 147.000000 0.105755 
0.906475 130.000000 0.093525 
0.901439 137.000000 0.098561 
0.898561 141.000000 0.101439 
0.893525 148.000000 0.106475 
0.898561 141.000000 0.101439 
0.909353 126.000000 0.090647 
0.906475 130.000000 0.093525 
0.904317 133.000000 0.095683 
0.897842 142.000000 0.102158 
0.903597 134.000000 0.096403 
0.891367 151.000000 0.108633 
0.905755 131.000000 0.094245 
0.905036 132.000000 0.094964 
0.898561 141.000000 0.101439 
0.908633 127.000000 0.091367 
0.908633 127.000000 0.091367 
0.903597 134.000000 0.096403 
0.896403 144.000000 0.103597 
0.911511 123.000000 0.088489 
0.900000 139.000000 0.100000 
0.907914 128.000000 0.092086 
0.897122 143.000000 0.102878 
0.890647 152.000000 0.109353 
0.897122 143.000000 0.102878 
0.900719 138.000000 0.099281 
0.900719 138.000000 0.099281 
0.900000 139.000000 0.100000 
0.903597 134.000000 0.096403 
0.905755 131.000000 0.094245 
0.900719 138.000000 0.099281 
0.897842 142.000000 0.102158 
0.904317 133.000000 0.095683 
0.901439 137.000000 0.098561 
0.901439 137.000000 0.098561 
0.886331 158.000000 0.113669 
0.900000 139.000000 0.100000 
0.909353 126.000000 0.090647 
0.900000 139.000000 0.100000 
0.902158 136.000000 0.097842 
0.889928 153.000000 0.110072 
0.902878 135.000000 0.097122 
0.905036 132.000000 0.094964 
0.905755 131.000000 0.094245 
0.903597 134.000000 0.096403 
0.898561 141.000000 0.101439 
0.895683 145.000000 0.104317 
0.900000 139.000000 0.100000 
0.897122 143.000000 0.102878 
0.893525 148.000000 0.106475 
0.900719 138.000000 0.099281 
0.900000 139.000000 0.100000 
0.905036 132.000000 0.094964 
0.902158 136.000000 0.097842 
0.903597 134.000000 0.096403 
0.900719 138.000000 0.099281 
0.904317 133.000000 0.095683 
0.910072 125.000000 0.089928 
0.897842 142.000000 0.102158 
0.910072 125.000000 0.089928 
0.909353 126.000000 0.090647 
0.901439 137.000000 0.098561 
0.901439 137.000000 0.098561 
0.897842 142.000000 0.102158 
0.900719 138.000000 0.099281 
0.892806 149.000000 0.107194 
0.912950 121.000000 0.087050 
0.900719 138.000000 0.099281 
0.900000 139.000000 0.100000 
0.894245 147.000000 0.105755 
0.900719 138.000000 0.099281 
0.900719 138.000000 0.099281 
0.895683 145.000000 0.104317 
0.905755 131.000000 0.094245 
0.894245 147.000000 0.105755 
0.902158 136.000000 0.097842 
0.904317 133.000000 0.095683 
0.899281 140.000000 0.100719 
0.902158 136.000000 0.097842 
0.897122 143.000000 0.102878 
0.900000 139.000000 0.100000 
0.900000 139.000000 0.100000 
0.897122 143.000000 0.102878 
0.897842 142.000000 0.102158 
0.902158 136.000000 0.097842 
0.899281 140.000000 0.100719 
0.906475 130.000000 0.093525 
0.902878 135.000000 0.097122 
0.892086 150.000000 0.107914 
0.901439 137.000000 0.098561 
0.905755 131.000000 0.094245 
0.898561 141.000000 0.101439 
0.894964 146.000000 0.105036 
0.902158 136.000000 0.097842 
0.907914 128.000000 0.092086 
0.906475 130.000000 0.093525 
0.904317 133.000000 0.095683 
0.900719 138.000000 0.099281 
0.902878 135.000000 0.097122 
0.889928 153.000000 0.110072 
0.900719 138.000000 0.099281 
0.907194 129.000000 0.092806 
0.910791 124.000000 0.089209 
0.897842 142.000000 0.102158 
0.892086 150.000000 0.107914 
0.903597 134.000000 0.096403 
0.902878 135.000000 0.097122 
0.897122 143.000000 0.102878 
0.894245 147.000000 0.105755 
0.912230 122.000000 0.087770 
0.908633 127.000000 0.091367 
0.898561 141.000000 0.101439 
0.895683 145.000000 0.104317 
0.896403 144.000000 0.103597 
0.907914 128.000000 0.092086 
0.908633 127.000000 0.091367 
0.898561 141.000000 0.101439 
0.892806 149.000000 0.107194 
0.897122 143.000000 0.102878 
0.897842 142.000000 0.102158 
0.900719 138.000000 0.099281 
0.894245 147.000000 0.105755 
0.901439 137.000000 0.098561 
0.903597 134.000000 0.096403 
0.906475 130.000000 0.093525 
0.902158 136.000000 0.097842 
0.894964 146.000000 0.105036 
0.896403 144.000000 0.103597 
0.910791 124.000000 0.089209 
0.895683 145.000000 0.104317 
0.905036 132.000000 0.094964 
0.915108 118.000000 0.084892 
0.911511 123.000000 0.088489 
0.899281 140.000000 0.100719 
0.898561 141.000000 0.101439 
0.905036 132.000000 0.094964 
0.901439 137.000000 0.098561 
0.902878 135.000000 0.097122 
0.902878 135.000000 0.097122 
0.898561 141.000000 0.101439 
0.895683 145.000000 0.104317 
0.904317 133.000000 0.095683 
0.899281 140.000000 0.100719 
0.896403 144.000000 0.103597 
0.902878 135.000000 0.097122 
0.905755 131.000000 0.094245 
0.895683 145.000000 0.104317 
0.902158 136.000000 0.097842 
0.900719 138.000000 0.099281 
0.905036 132.000000 0.094964 
0.893525 148.000000 0.106475 
0.887770 156.000000 0.112230 
0.910072 125.000000 0.089928 
0.894245 147.000000 0.105755 
0.910072 125.000000 0.089928 
0.902158 136.000000 0.097842 
0.903597 134.000000 0.096403 
0.900719 138.000000 0.099281 
0.897122 143.000000 0.102878 
0.918705 113.000000 0.081295 
0.906475 130.000000 0.093525 
0.895683 145.000000 0.104317 
0.906475 130.000000 0.093525 
0.889209 154.000000 0.110791 
0.902158 136.000000 0.097842 
0.905755 131.000000 0.094245 
0.901439 137.000000 0.098561 
0.897842 142.000000 0.102158 
0.897842 142.000000 0.102158 
0.900719 138.000000 0.099281 
0.890647 152.000000 0.109353 
0.900000 139.000000 0.100000 
0.905036 132.000000 0.094964 
0.905755 131.000000 0.094245 
0.901439 137.000000 0.098561 
0.903597 134.000000 0.096403 
0.895683 145.000000 0.104317 
0.899281 140.000000 0.100719 
0.905036 132.000000 0.094964 
0.905036 132.000000 0.094964 
0.906475 130.000000 0.093525 
0.886331 158.000000 0.113669 
0.894245 147.000000 0.105755 
0.895683 145.000000 0.104317 
0.895683 145.000000 0.104317 
0.901439 137.000000 0.098561 
0.908633 127.000000 0.091367 
0.899281 140.000000 0.100719 
0.907914 128.000000 0.092086 
0.907914 128.000000 0.092086 
0.892806 149.000000 0.107194 
0.899281 140.000000 0.100719 
0.897122 143.000000 0.102878 
0.907914 128.000000 0.092086 
0.902878 135.000000 0.097122 
0.900719 138.000000 0.099281 
0.906475 130.000000 0.093525 
0.907194 129.000000 0.092806 
0.894964 146.000000 0.105036 
0.900000 139.000000 0.100000 
0.898561 141.000000 0.101439 
0.899281 140.000000 0.100719 
0.894245 147.000000 0.105755 
0.905755 131.000000 0.094245 
0.897122 143.000000 0.102878 
0.902878 135.000000 0.097122 
0.893525 148.000000 0.106475 
0.900719 138.000000 0.099281 
0.902878 135.000000 0.097122 
0.905036 132.000000 0.094964 
0.900719 138.000000 0.099281 
0.907914 128.000000 0.092086 
0.889928 153.000000 0.110072 
0.905036 132.000000 0.094964 
0.889928 153.000000 0.110072 
0.891367 151.000000 0.108633 
0.907194 129.000000 0.092806 
0.903597 134.000000 0.096403 
0.900000 139.000000 0.100000 
0.894964 146.000000 0.105036 
0.898561 141.000000 0.101439 
0.908633 127.000000 0.091367 
0.894245 147.000000 0.105755 
0.898561 141.000000 0.101439 
0.898561 141.000000 0.101439 
0.910791 124.000000 0.089209 
0.896403 144.000000 0.103597 
0.907914 128.000000 0.092086 
0.907914 128.000000 0.092086 
0.902878 135.000000 0.097122 
0.894245 147.000000 0.105755 
0.894245 147.000000 0.105755 
0.897122 143.000000 0.102878 
0.892086 150.000000 0.107914 
0.899281 140.000000 0.100719 
0.896403 144.000000 0.103597 
0.899281 140.000000 0.100719 
0.899281 140.000000 0.100719 
0.893525 148.000000 0.106475 
0.899281 140.000000 0.100719 
0.887050 157.000000 0.112950 
0.902158 136.000000 0.097842 
0.895683 145.000000 0.104317 
0.897122 143.000000 0.102878 
0.910791 124.000000 0.089209 
0.900000 139.000000 0.100000 
0.902158 136.000000 0.097842 
0.910072 125.000000 0.089928 
0.896403 144.000000 0.103597 
0.894964 146.000000 0.105036 
0.898561 141.000000 0.101439 
0.904317 133.000000 0.095683 
0.894245 147.000000 0.105755 
0.901439 137.000000 0.098561 
0.905755 131.000000 0.094245 
0.912230 122.000000 0.087770 
0.901439 137.000000 0.098561 
0.897122 143.000000 0.102878 
0.905036 132.000000 0.094964 
0.898561 141.000000 0.101439 
0.905755 131.000000 0.094245 
0.892086 150.000000 0.107914 
0.907194 129.000000 0.092806 
0.899281 140.000000 0.100719 
0.907914 128.000000 0.092086 
0.914388 119.000000 0.085612 
0.898561 141.000000 0.101439 
0.907194 129.000000 0.092806 
0.899281 140.000000 0.100719 
0.903597 134.000000 0.096403 
0.895683 145.000000 0.104317 
0.900719 138.000000 0.099281 
0.899281 140.000000 0.100719 
0.905036 132.000000 0.094964 
0.897842 142.000000 0.102158 
0.910072 125.000000 0.089928 
0.900000 139.000000 0.100000 
0.898561 141.000000 0.101439 
0.902878 135.000000 0.097122 
0.905036 132.000000 0.094964 
0.915827 117.000000 0.084173 
0.901439 137.000000 0.098561 
0.906475 130.000000 0.093525 
0.911511 123.000000 0.088489 
0.896403 144.000000 0.103597 
0.904317 133.000000 0.095683 
0.906475 130.000000 0.093525 
0.910791 124.000000 0.089209 
0.898561 141.000000 0.101439 
0.904317 133.000000 0.095683 
0.900000 139.000000 0.100000 
0.896403 144.000000 0.103597 
0.894245 147.000000 0.105755 
0.902878 135.000000 0.097122 
0.903597 134.000000 0.096403 
0.892086 150.000000 0.107914 
0.902878 135.000000 0.097122 
0.907914 128.000000 0.092086 
0.891367 151.000000 0.108633 
0.908633 127.000000 0.091367 
0.906475 130.000000 0.093525 
0.905036 132.000000 0.094964 
0.898561 141.000000 0.101439 
0.907194 129.000000 0.092806 
0.894245 147.000000 0.105755 
0.898561 141.000000 0.101439 
0.907914 128.000000 0.092086 
0.894245 147.000000 0.105755 
0.894245 147.000000 0.105755 
0.895683 145.000000 0.104317 
0.894964 146.000000 0.105036 
0.893525 148.000000 0.106475 
0.905036 132.000000 0.094964 
0.901439 137.000000 0.098561 
0.895683 145.000000 0.104317 
0.893525 148.000000 0.106475 
0.904317 133.000000 0.095683 
0.900719 138.000000 0.099281 
0.899281 140.000000 0.100719 
0.902878 135.000000 0.097122 
0.900719 138.000000 0.099281 
0.904317 133.000000 0.095683 
0.905755 131.000000 0.094245 
0.905755 131.000000 0.094245 
0.892806 149.000000 0.107194 
0.904317 133.000000 0.095683 
0.900719 138.000000 0.099281 
0.907194 129.000000 0.092806 
0.897122 143.000000 0.102878 
0.895683 145.000000 0.104317 
0.907914 128.000000 0.092086 
0.898561 141.000000 0.101439 
0.903597 134.000000 0.096403 
0.914388 119.000000 0.085612 
0.894964 146.000000 0.105036 
0.895683 145.000000 0.104317 
0.912230 122.000000 0.087770 
0.905755 131.000000 0.094245 
0.893525 148.000000 0.106475 
0.898561 141.000000 0.101439 
0.905036 132.000000 0.094964 
0.901439 137.000000 0.098561 
0.900000 139.000000 0.100000 
0.899281 140.000000 0.100719 
0.897842 142.000000 0.102158 
0.901439 137.000000 0.098561 
0.895683 145.000000 0.104317 
0.901439 137.000000 0.098561 
0.894964 146.000000 0.105036 
0.889209 154.000000 0.110791 
0.897842 142.000000 0.102158 
0.902878 135.000000 0.097122 
0.904317 133.000000 0.095683 
0.897842 142.000000 0.102158 
0.897122 143.000000 0.102878 
0.897842 142.000000 0.102158 
0.899281 140.000000 0.100719 
0.909353 126.000000 0.090647 
0.909353 126.000000 0.090647 
0.907194 129.000000 0.092806 
0.903597 134.000000 0.096403 
0.908633 127.000000 0.091367 
0.908633 127.000000 0.091367 
0.906475 130.000000 0.093525 
0.900000 139.000000 0.100000 
0.885612 159.000000 0.114388 
0.907194 129.000000 0.092806 
0.897122 143.000000 0.102878 
0.904317 133.000000 0.095683 
0.901439 137.000000 0.098561 
0.897842 142.000000 0.102158 
0.900000 139.000000 0.100000 
0.901439 137.000000 0.098561 
0.901439 137.000000 0.098561 
0.909353 126.000000 0.090647 
0.880576 166.000000 0.119424 
0.910072 125.000000 0.089928 
0.889928 153.000000 0.110072 
0.895683 145.000000 0.104317 
0.896403 144.000000 0.103597 
0.902878 135.000000 0.097122 
0.903597 134.000000 0.096403 
0.899281 140.000000 0.100719 
0.897122 143.000000 0.102878 
0.892806 149.000000 0.107194 
0.902158 136.000000 0.097842 
0.900719 138.000000 0.099281 
0.908633 127.000000 0.091367 
0.894245 147.000000 0.105755 
0.903597 134.000000 0.096403 
0.909353 126.000000 0.090647 
0.907914 128.000000 0.092086 
0.897122 143.000000 0.102878 
0.898561 141.000000 0.101439 
0.898561 141.000000 0.101439 
0.910791 124.000000 0.089209 
0.902878 135.000000 0.097122 
0.905755 131.000000 0.094245 
0.903597 134.000000 0.096403 
0.900000 139.000000 0.100000 
0.898561 141.000000 0.101439 
0.902158 136.000000 0.097842 
0.902878 135.000000 0.097122 
0.894245 147.000000 0.105755 
0.902878 135.000000 0.097122 
0.901439 137.000000 0.098561 
0.899281 140.000000 0.100719 
0.887050 157.000000 0.112950 
0.897842 142.000000 0.102158 
0.902158 136.000000 0.097842 
0.899281 140.000000 0.100719 
0.899281 140.000000 0.100719 
0.897122 143.000000 0.102878 
0.897842 142.000000 0.102158 
0.897842 142.000000 0.102158 
0.903597 134.000000 0.096403 
0.890647 152.000000 0.109353 
0.891367 151.000000 0.108633 
0.907914 128.000000 0.092086 
0.907194 129.000000 0.092806 
0.904317 133.000000 0.095683 
0.910791 124.000000 0.089209 
0.899281 140.000000 0.100719 
0.894245 147.000000 0.105755 
0.900000 139.000000 0.100000 
0.900719 138.000000 0.099281 
0.899281 140.000000 0.100719 
0.897842 142.000000 0.102158 
0.888489 155.000000 0.111511 
0.898561 141.000000 0.101439 
0.912230 122.000000 0.087770 
0.907914 128.000000 0.092086 
0.897842 142.000000 0.102158 
0.894964 146.000000 0.105036 
0.894245 147.000000 0.105755 
0.903597 134.000000 0.096403 
0.900719 138.000000 0.099281 
0.898561 141.000000 0.101439 
0.903597 134.000000 0.096403 
0.902878 135.000000 0.097122 
0.894964 146.000000 0.105036 
0.903597 134.000000 0.096403 
0.903597 134.000000 0.096403 
0.900000 139.000000 0.100000 
0.904317 133.000000 0.095683 
0.894964 146.000000 0.105036 
0.897122 143.000000 0.102878 
0.908633 127.000000 0.091367 
0.896403 144.000000 0.103597 
0.900719 138.000000 0.099281 
0.904317 133.000000 0.095683 
0.900719 138.000000 0.099281 
0.889928 153.000000 0.110072 
0.907914 128.000000 0.092086 
0.900719 138.000000 0.099281 
0.905755 131.000000 0.094245 
0.902158 136.000000 0.097842 
0.899281 140.000000 0.100719 
0.910072 125.000000 0.089928 
0.903597 134.000000 0.096403 
0.911511 123.000000 0.088489 
0.904317 133.000000 0.095683 
0.902158 136.000000 0.097842 
0.902158 136.000000 0.097842 
0.897122 143.000000 0.102878 
0.896403 144.000000 0.103597 
0.892086 150.000000 0.107914 
0.902158 136.000000 0.097842 
0.895683 145.000000 0.104317 
0.888489 155.000000 0.111511 
0.902878 135.000000 0.097122 
0.889209 154.000000 0.110791 
0.900719 138.000000 0.099281 
0.911511 123.000000 0.088489 
0.899281 140.000000 0.100719 
0.902158 136.000000 0.097842 
0.907914 128.000000 0.092086 
0.898561 141.000000 0.101439 
0.895683 145.000000 0.104317 
0.901439 137.000000 0.098561 
0.896403 144.000000 0.103597 
0.906475 130.000000 0.093525 
0.892086 150.000000 0.107914 
0.895683 145.000000 0.104317 
0.905036 132.000000 0.094964 
0.898561 141.000000 0.101439 
0.900000 139.000000 0.100000 
0.893525 148.000000 0.106475 
0.897122 143.000000 0.102878 
0.912230 122.000000 0.087770 
0.894245 147.000000 0.105755 
0.894964 146.000000 0.105036 
0.891367 151.000000 0.108633 
0.905036 132.000000 0.094964 
0.900000 139.000000 0.100000 
0.909353 126.000000 0.090647 
0.887770 156.000000 0.112230 
0.900000 139.000000 0.100000 
0.910072 125.000000 0.089928 
0.897122 143.000000 0.102878 
0.900719 138.000000 0.099281 
0.887050 157.000000 0.112950 
0.901439 137.000000 0.098561 
0.900000 139.000000 0.100000 
0.897842 142.000000 0.102158 
0.897122 143.000000 0.102878 
0.899281 140.000000 0.100719 
0.894245 147.000000 0.105755 
0.900719 138.000000 0.099281 
0.886331 158.000000 0.113669 
0.895683 145.000000 0.104317 
0.901439 137.000000 0.098561 
0.899281 140.000000 0.100719 
0.889209 154.000000 0.110791 
0.902158 136.000000 0.097842 
0.894245 147.000000 0.105755 
0.896403 144.000000 0.103597 
0.898561 141.000000 0.101439 
0.894245 147.000000 0.105755 
0.894245 147.000000 0.105755 
0.899281 140.000000 0.100719 
0.905036 132.000000 0.094964 
0.897122 143.000000 0.102878 
0.894245 147.000000 0.105755 
0.894964 146.000000 0.105036 
0.897842 142.000000 0.102158 
0.903597 134.000000 0.096403 
0.901439 137.000000 0.098561 
0.901439 137.000000 0.098561 
0.901439 137.000000 0.098561 
0.897842 142.000000 0.102158 
0.906475 130.000000 0.093525 
0.900000 139.000000 0.100000 
0.910072 125.000000 0.089928 
0.900719 138.000000 0.099281 
0.895683 145.000000 0.104317 
0.900719 138.000000 0.099281 
0.902158 136.000000 0.097842 
0.903597 134.000000 0.096403 
0.895683 145.000000 0.104317 
0.892806 149.000000 0.107194 
0.892086 150.000000 0.107914 
0.898561 141.000000 0.101439 
0.895683 145.000000 0.104317 
0.893525 148.000000 0.106475 
0.904317 133.000000 0.095683 
0.898561 141.000000 0.101439 
0.895683 145.000000 0.104317 
0.904317 133.000000 0.095683 
0.894964 146.000000 0.105036 
0.913669 120.000000 0.086331 
0.896403 144.000000 0.103597 
0.892806 149.000000 0.107194 
0.892806 149.000000 0.107194 
0.901439 137.000000 0.098561 
0.902158 136.000000 0.097842 
0.890647 152.000000 0.109353 
0.901439 137.000000 0.098561 
0.895683 145.000000 0.104317 
0.898561 141.000000 0.101439 
0.887770 156.000000 0.112230 
0.902878 135.000000 0.097122 
0.901439 137.000000 0.098561 
0.890647 152.000000 0.109353 
0.907194 129.000000 0.092806 
0.897842 142.000000 0.102158 
0.905755 131.000000 0.094245 
0.894964 146.000000 0.105036 
0.900000 139.000000 0.100000 
0.904317 133.000000 0.095683 
0.898561 141.000000 0.101439 
0.902158 136.000000 0.097842 
0.902158 136.000000 0.097842 
0.897842 142.000000 0.102158 
0.903597 134.000000 0.096403 
0.894964 146.000000 0.105036 
0.887770 156.000000 0.112230 
0.902878 135.000000 0.097122 
0.905036 132.000000 0.094964 
0.905036 132.000000 0.094964 
0.895683 145.000000 0.104317 
0.899281 140.000000 0.100719 
0.900000 139.000000 0.100000 
0.897122 143.000000 0.102878 
0.897122 143.000000 0.102878 
0.902878 135.000000 0.097122 
0.901439 137.000000 0.098561 
0.901439 137.000000 0.098561 
0.902158 136.000000 0.097842 
0.896403 144.000000 0.103597 
0.902878 135.000000 0.097122 
0.894245 147.000000 0.105755 
0.903597 134.000000 0.096403 
0.902158 136.000000 0.097842 
0.894964 146.000000 0.105036 
0.895683 145.000000 0.104317 
0.905755 131.000000 0.094245 
0.906475 130.000000 0.093525 
0.886331 158.000000 0.113669 
0.894964 146.000000 0.105036 
0.912230 122.000000 0.087770 
0.884892 160.000000 0.115108 
0.903597 134.000000 0.096403 
0.892806 149.000000 0.107194 
0.899281 140.000000 0.100719 
0.894245 147.000000 0.105755 
0.906475 130.000000 0.093525 
0.906475 130.000000 0.093525 
0.899281 140.000000 0.100719 
0.902878 135.000000 0.097122 
0.902158 136.000000 0.097842 
0.900719 138.000000 0.099281 
0.910072 125.000000 0.089928 
0.900000 139.000000 0.100000 
0.905755 131.000000 0.094245 
0.889209 154.000000 0.110791 
0.892086 150.000000 0.107914 
0.890647 152.000000 0.109353 
0.894245 147.000000 0.105755 
0.912230 122.000000 0.087770 
0.904317 133.000000 0.095683 
0.907914 128.000000 0.092086 
0.908633 127.000000 0.091367 
0.894245 147.000000 0.105755 
0.897842 142.000000 0.102158 
0.899281 140.000000 0.100719 
0.904317 133.000000 0.095683 
0.901439 137.000000 0.098561 
0.890647 152.000000 0.109353 
0.900000 139.000000 0.100000 
0.886331 158.000000 0.113669 
0.912230 122.000000 0.087770 
0.897842 142.000000 0.102158 
0.900000 139.000000 0.100000 
0.910072 125.000000 0.089928 
0.900719 138.000000 0.099281 
0.907914 128.000000 0.092086 
0.905036 132.000000 0.094964 
0.900000 139.000000 0.100000 
0.894245 147.000000 0.105755 
0.906475 130.000000 0.093525 
0.905036 132.000000 0.094964 
0.900000 139.000000 0.100000 
0.904317 133.000000 0.095683 
0.903597 134.000000 0.096403 
0.906475 130.000000 0.093525 
0.902878 135.000000 0.097122 
0.902878 135.000000 0.097122 
0.895683 145.000000 0.104317 
0.897842 142.000000 0.102158 
0.903597 134.000000 0.096403 
0.907194 129.000000 0.092806 
0.901439 137.000000 0.098561 
0.905036 132.000000 0.094964 
0.897842 142.000000 0.102158 
0.897842 142.000000 0.102158 
0.891367 151.000000 0.108633 
0.904317 133.000000 0.095683 
0.900719 138.000000 0.099281 
0.910791 124.000000 0.089209 
0.889209 154.000000 0.110791 
0.894245 147.000000 0.105755 
0.905036 132.000000 0.094964 
0.889209 154.000000 0.110791 
0.914388 119.000000 0.085612 
0.897122 143.000000 0.102878 
0.898561 141.000000 0.101439 
0.904317 133.000000 0.095683 
0.907194 129.000000 0.092806 
0.910791 124.000000 0.089209 
0.904317 133.000000 0.095683 
0.902158 136.000000 0.097842 
0.905036 132.000000 0.094964 
0.909353 126.000000 0.090647 
0.908633 127.000000 0.091367 
0.907194 129.000000 0.092806 
0.902158 136.000000 0.097842 
0.906475 130.000000 0.093525 
0.907194 129.000000 0.092806 
0.902878 135.000000 0.097122 
0.894964 146.000000 0.105036 
0.902158 136.000000 0.097842 
0.905036 132.000000 0.094964 
0.900000 139.000000 0.100000 
0.908633 127.000000 0.091367 
0.894964 146.000000 0.105036 
0.897122 143.000000 0.102878 
0.900000 139.000000 0.100000 
0.906475 130.000000 0.093525 
0.898561 141.000000 0.101439 
0.909353 126.000000 0.090647 
0.900000 139.000000 0.100000 
0.903597 134.000000 0.096403 
0.900719 138.000000 0.099281 
0.894964 146.000000 0.105036 
0.909353 126.000000 0.090647 
0.902158 136.000000 0.097842 
0.892806 149.000000 0.107194 
0.892086 150.000000 0.107914 
0.909353 126.000000 0.090647 
0.900000 139.000000 0.100000 
0.899281 140.000000 0.100719 
0.897122 143.000000 0.102878 
0.892806 149.000000 0.107194 
0.902878 135.000000 0.097122 
0.899281 140.000000 0.100719 
0.907194 129.000000 0.092806 
0.895683 145.000000 0.104317 
0.895683 145.000000 0.104317 
0.897122 143.000000 0.102878 
0.897842 142.000000 0.102158 
0.901439 137.000000 0.098561 
0.899281 140.000000 0.100719 
0.904317 133.000000 0.095683 
0.901439 137.000000 0.098561 
0.899281 140.000000 0.100719 
0.905036 132.000000 0.094964 
0.902158 136.000000 0.097842 
0.892806 149.000000 0.107194 
0.902878 135.000000 0.097122 
0.903597 134.000000 0.096403 
0.906475 130.000000 0.093525 
0.900000 139.000000 0.100000 
0.889928 153.000000 0.110072 
0.894964 146.000000 0.105036 
0.903597 134.000000 0.096403 
0.896403 144.000000 0.103597 
0.903597 134.000000 0.096403 
0.906475 130.000000 0.093525 
0.902158 136.000000 0.097842 
0.895683 145.000000 0.104317 
0.897122 143.000000 0.102878 
0.906475 130.000000 0.093525 
0.889928 153.000000 0.110072 
0.896403 144.000000 0.103597 
0.900719 138.000000 0.099281 
0.898561 141.000000 0.101439 
0.905036 132.000000 0.094964 
0.896403 144.000000 0.103597 
0.905755 131.000000 0.094245 
0.900000 139.000000 0.100000 
0.894245 147.000000 0.105755 
0.910791 124.000000 0.089209 
0.895683 145.000000 0.104317 
0.908633 127.000000 0.091367 
0.902158 136.000000 0.097842 
0.901439 137.000000 0.098561 
0.900719 138.000000 0.099281 
0.905036 132.000000 0.094964 
0.905755 131.000000 0.094245 
0.900719 138.000000 0.099281 
0.902878 135.000000 0.097122 
0.889209 154.000000 0.110791 
0.898561 141.000000 0.101439 
0.907914 128.000000 0.092086 
0.892806 149.000000 0.107194 
0.907914 128.000000 0.092086 
0.892086 150.000000 0.107914 
0.907914 128.000000 0.092086 
0.895683 145.000000 0.104317 
0.906475 130.000000 0.093525 
0.900000 139.000000 0.100000 
0.910791 124.000000 0.089209 
0.909353 126.000000 0.090647 
0.900719 138.000000 0.099281 
0.894245 147.000000 0.105755 
0.909353 126.000000 0.090647 
0.899281 140.000000 0.100719 
0.903597 134.000000 0.096403 
0.900000 139.000000 0.100000 
0.898561 141.000000 0.101439 
0.897842 142.000000 0.102158 
0.896403 144.000000 0.103597 
0.889928 153.000000 0.110072 
0.906475 130.000000 0.093525 
0.892806 149.000000 0.107194 
0.892806 149.000000 0.107194 
0.902878 135.000000 0.097122 
0.906475 130.000000 0.093525 
0.895683 145.000000 0.104317 
0.902158 136.000000 0.097842 
0.892806 149.000000 0.107194 
0.884173 161.000000 0.115827 
0.898561 141.000000 0.101439 
0.899281 140.000000 0.100719 
0.900719 138.000000 0.099281 
0.896403 144.000000 0.103597 
0.897122 143.000000 0.102878 
0.900000 139.000000 0.100000 
0.904317 133.000000 0.095683 
0.902878 135.000000 0.097122 
0.903597 134.000000 0.096403 
0.888489 155.000000 0.111511 
0.892086 150.000000 0.107914 
0.902158 136.000000 0.097842 
0.901439 137.000000 0.098561 
0.901439 137.000000 0.098561 
0.894245 147.000000 0.105755 
0.893525 148.000000 0.106475 
0.901439 137.000000 0.098561 
0.911511 123.000000 0.088489 
0.894964 146.000000 0.105036 
0.894245 147.000000 0.105755 
0.902158 136.000000 0.097842 
0.900000 139.000000 0.100000 
0.899281 140.000000 0.100719 
0.905036 132.000000 0.094964 
0.897122 143.000000 0.102878 
0.907914 128.000000 0.092086 
0.899281 140.000000 0.100719 
0.910072 125.000000 0.089928 
0.903597 134.000000 0.096403 
0.891367 151.000000 0.108633 
0.898561 141.000000 0.101439 
0.903597 134.000000 0.096403 
0.896403 144.000000 0.103597 
0.899281 140.000000 0.100719 
0.892086 150.000000 0.107914 
0.911511 123.000000 0.088489 
0.906475 130.000000 0.093525 
0.900000 139.000000 0.100000 
0.902878 135.000000 0.097122 
0.893525 148.000000 0.106475 
0.897842 142.000000 0.102158 
0.894245 147.000000 0.105755 
0.900000 139.000000 0.100000 
0.903597 134.000000 0.096403 
0.910791 124.000000 0.089209 
0.903597 134.000000 0.096403 
0.894964 146.000000 0.105036 
0.907914 128.000000 0.092086 
0.897122 143.000000 0.102878 
0.886331 158.000000 0.113669 
0.898561 141.000000 0.101439 
0.900719 138.000000 0.099281 
0.899281 140.000000 0.100719 
0.910791 124.000000 0.089209 
0.904317 133.000000 0.095683 
0.902158 136.000000 0.097842 
0.906475 130.000000 0.093525 
0.890647 152.000000 0.109353 
0.903597 134.000000 0.096403 
0.894964 146.000000 0.105036 
0.904317 133.000000 0.095683 
0.904317 133.000000 0.095683 
0.898561 141.000000 0.101439 
0.903597 134.000000 0.096403 
0.903597 134.000000 0.096403 
0.910791 124.000000 0.089209 
0.900719 138.000000 0.099281 
0.902158 136.000000 0.097842 
0.899281 140.000000 0.100719 
0.901439 137.000000 0.098561 
0.895683 145.000000 0.104317 
0.890647 152.000000 0.109353 
0.896403 144.000000 0.103597 
0.901439 137.000000 0.098561 
0.912950 121.000000 0.087050 
0.898561 141.000000 0.101439 
0.894245 147.000000 0.105755 
0.909353 126.000000 0.090647 
0.898561 141.000000 0.101439 
0.889928 153.000000 0.110072 
0.892086 150.000000 0.107914 
0.899281 140.000000 0.100719 
0.907914 128.000000 0.092086 
0.905755 131.000000 0.094245 
0.909353 126.000000 0.090647 
0.894245 147.000000 0.105755 
0.902158 136.000000 0.097842 
0.904317 133.000000 0.095683 
0.900719 138.000000 0.099281 
0.898561 141.000000 0.101439 
0.907194 129.000000 0.092806 
0.902878 135.000000 0.097122 
0.904317 133.000000 0.095683 
0.903597 134.000000 0.096403 
0.905036 132.000000 0.094964 
0.897842 142.000000 0.102158 
0.894245 147.000000 0.105755 
0.899281 140.000000 0.100719 
0.895683 145.000000 0.104317 
0.899281 140.000000 0.100719 
0.908633 127.000000 0.091367 
0.900719 138.000000 0.099281 
0.900000 139.000000 0.100000 
0.893525 148.000000 0.106475 
0.891367 151.000000 0.108633 
0.907914 128.000000 0.092086 
0.908633 127.000000 0.091367 
0.892086 150.000000 0.107914 
0.894964 146.000000 0.105036 
0.902158 136.000000 0.097842 
0.897842 142.000000 0.102158 
0.910791 124.000000 0.089209 
0.902158 136.000000 0.097842 
0.893525 148.000000 0.106475 
0.905036 132.000000 0.094964 
0.905755 131.000000 0.094245 
0.905755 131.000000 0.094245 
0.890647 152.000000 0.109353 
0.893525 148.000000 0.106475 
0.897842 142.000000 0.102158 
0.905036 132.000000 0.094964 
0.897842 142.000000 0.102158 
0.910791 124.000000 0.089209 
0.907194 129.000000 0.092806 
0.902158 136.000000 0.097842 
0.907194 129.000000 0.092806 
0.902878 135.000000 0.097122 
0.897122 143.000000 0.102878 
0.903597 134.000000 0.096403 
0.896403 144.000000 0.103597 
0.897122 143.000000 0.102878 
0.898561 141.000000 0.101439 
0.902158 136.000000 0.097842 
0.902158 136.000000 0.097842 
0.907914 128.000000 0.092086 
0.905036 132.000000 0.094964 
0.906475 130.000000 0.093525 
0.901439 137.000000 0.098561 
0.891367 151.000000 0.108633 
0.897122 143.000000 0.102878 
0.902878 135.000000 0.097122 
0.897122 143.000000 0.102878 
0.899281 140.000000 0.100719 
0.899281 140.000000 0.100719 
0.895683 145.000000 0.104317 
0.901439 137.000000 0.098561 
0.891367 151.000000 0.108633 
0.903597 134.000000 0.096403 
0.897842 142.000000 0.102158 
0.902158 136.000000 0.097842 
0.896403 144.000000 0.103597 
0.901439 137.000000 0.098561 
0.894964 146.000000 0.105036 
0.901439 137.000000 0.098561 
0.900719 138.000000 0.099281 
0.904317 133.000000 0.095683 
0.906475 130.000000 0.093525 
0.901439 137.000000 0.098561 
0.902158 136.000000 0.097842 
0.900719 138.000000 0.099281 
0.898561 141.000000 0.101439 
0.901439 137.000000 0.098561 
0.891367 151.000000 0.108633 
0.900000 139.000000 0.100000 
0.904317 133.000000 0.095683 
0.894964 146.000000 0.105036 
0.909353 126.000000 0.090647 
0.904317 133.000000 0.095683 
0.902878 135.000000 0.097122 
0.884892 160.000000 0.115108 
0.896403 144.000000 0.103597 
0.899281 140.000000 0.100719 
0.907194 129.000000 0.092806 
0.902878 135.000000 0.097122 
0.898561 141.000000 0.101439 
0.904317 133.000000 0.095683 
0.910072 125.000000 0.089928 
0.902878 135.000000 0.097122 
0.903597 134.000000 0.096403 
0.903597 134.000000 0.096403 
0.894245 147.000000 0.105755 
0.905036 132.000000 0.094964 
0.897122 143.000000 0.102878 
0.899281 140.000000 0.100719 
0.913669 120.000000 0.086331 
0.895683 145.000000 0.104317 
0.894964 146.000000 0.105036 
0.907194 129.000000 0.092806 
0.905036 132.000000 0.094964 
0.900719 138.000000 0.099281 
0.903597 134.000000 0.096403 
0.900719 138.000000 0.099281 
0.898561 141.000000 0.101439 
0.905755 131.000000 0.094245 
0.909353 126.000000 0.090647 
0.903597 134.000000 0.096403 
0.897122 143.000000 0.102878 
0.913669 120.000000 0.086331 
0.897122 143.000000 0.102878 
0.900000 139.000000 0.100000 
0.897842 142.000000 0.102158 
0.905755 131.000000 0.094245 
0.917986 114.000000 0.082014 
0.900000 139.000000 0.100000 
0.902158 136.000000 0.097842 
0.896403 144.000000 0.103597 
0.897842 142.000000 0.102158 
0.902878 135.000000 0.097122 
0.901439 137.000000 0.098561 
0.906475 130.000000 0.093525 
0.911511 123.000000 0.088489 
0.902878 135.000000 0.097122 
0.893525 148.000000 0.106475 
0.902158 136.000000 0.097842 
0.902158 136.000000 0.097842 
0.897842 142.000000 0.102158 
0.897122 143.000000 0.102878 
0.894245 147.000000 0.105755 
0.902878 135.000000 0.097122 
0.900719 138.000000 0.099281 
0.905036 132.000000 0.094964 
0.896403 144.000000 0.103597 
0.904317 133.000000 0.095683 
0.900000 139.000000 0.100000 
0.907914 128.000000 0.092086 
0.900000 139.000000 0.100000 
0.902878 135.000000 0.097122 
0.905755 131.000000 0.094245 
0.890647 152.000000 0.109353 
0.905036 132.000000 0.094964 
0.891367 151.000000 0.108633 
0.900000 139.000000 0.100000 
0.895683 145.000000 0.104317 
0.902878 135.000000 0.097122 
0.902158 136.000000 0.097842 
0.907914 128.000000 0.092086 
0.906475 130.000000 0.093525 
0.903597 134.000000 0.096403 
0.897842 142.000000 0.102158 
0.904317 133.000000 0.095683 
0.893525 148.000000 0.106475 
0.900000 139.000000 0.100000 
0.897842 142.000000 0.102158 
0.903597 134.000000 0.096403 
0.898561 141.000000 0.101439 
0.906475 130.000000 0.093525 
0.905755 131.000000 0.094245 
0.889209 154.000000 0.110791 
0.910072 125.000000 0.089928 
0.899281 140.000000 0.100719 
0.909353 126.000000 0.090647 
0.907914 128.000000 0.092086 
0.895683 145.000000 0.104317 
0.899281 140.000000 0.100719 
0.897122 143.000000 0.102878 
0.896403 144.000000 0.103597 
0.896403 144.000000 0.103597 
0.907194 129.000000 0.092806 
0.901439 137.000000 0.098561 
0.902158 136.000000 0.097842 
0.899281 140.000000 0.100719 
0.893525 148.000000 0.106475 
0.903597 134.000000 0.096403 
0.905036 132.000000 0.094964 
0.907194 129.000000 0.092806 
0.905755 131.000000 0.094245 
0.911511 123.000000 0.088489 
0.907194 129.000000 0.092806 
0.898561 141.000000 0.101439 
0.896403 144.000000 0.103597 
0.895683 145.000000 0.104317 
0.889209 154.000000 0.110791 
0.902158 136.000000 0.097842 
0.899281 140.000000 0.100719 
0.895683 145.000000 0.104317 
0.900719 138.000000 0.099281 
0.896403 144.000000 0.103597 
0.908633 127.000000 0.091367 
0.900000 139.000000 0.100000 
0.893525 148.000000 0.106475 
0.905755 131.000000 0.094245 
0.912230 122.000000 0.087770 
0.904317 133.000000 0.095683 
0.900000 139.000000 0.100000 
0.899281 140.000000 0.100719 
0.903597 134.000000 0.096403 
0.899281 140.000000 0.100719 
0.905036 132.000000 0.094964 
0.905036 132.000000 0.094964 
0.892806 149.000000 0.107194 
0.902158 136.000000 0.097842 
0.891367 151.000000 0.108633 
0.910791 124.000000 0.089209 
0.892086 150.000000 0.107914 
0.910072 125.000000 0.089928 
0.902158 136.000000 0.097842 
0.900719 138.000000 0.099281 
0.903597 134.000000 0.096403 
0.905036 132.000000 0.094964 
0.910791 124.000000 0.089209 
0.894964 146.000000 0.105036 
0.898561 141.000000 0.101439 
0.900719 138.000000 0.099281 
0.907194 129.000000 0.092806 
0.900000 139.000000 0.100000 
0.906475 130.000000 0.093525 
0.890647 152.000000 0.109353 
0.892086 150.000000 0.107914 
0.899281 140.000000 0.100719 
0.908633 127.000000 0.091367 
0.881295 165.000000 0.118705 
0.900000 139.000000 0.100000 
0.901439 137.000000 0.098561 
0.907194 129.000000 0.092806 
0.892806 149.000000 0.107194 
0.899281 140.000000 0.100719 
0.899281 140.000000 0.100719 
0.905036 132.000000 0.094964 
0.902158 136.000000 0.097842 
0.897842 142.000000 0.102158 
0.904317 133.000000 0.095683 
0.900719 138.000000 0.099281 
0.901439 137.000000 0.098561 
0.896403 144.000000 0.103597 
0.905755 131.000000 0.094245 
0.899281 140.000000 0.100719 
0.895683 145.000000 0.104317 
0.892086 150.000000 0.107914 
0.902158 136.000000 0.097842 
0.905036 132.000000 0.094964 
0.898561 141.000000 0.101439 
0.897842 142.000000 0.102158 
0.901439 137.000000 0.098561 
0.901439 137.000000 0.098561 
0.911511 123.000000 0.088489 
0.902878 135.000000 0.097122 
0.899281 140.000000 0.100719 
0.903597 134.000000 0.096403 
0.900000 139.000000 0.100000 
0.892086 150.000000 0.107914 
0.907194 129.000000 0.092806 
0.907914 128.000000 0.092086 
0.903597 134.000000 0.096403 
0.897122 143.000000 0.102878 
0.912230 122.000000 0.087770 
0.891367 151.000000 0.108633 
0.894964 146.000000 0.105036 
0.907194 129.000000 0.092806 
0.902158 136.000000 0.097842 
0.899281 140.000000 0.100719 
0.911511 123.000000 0.088489 
0.896403 144.000000 0.103597 
0.892806 149.000000 0.107194 
0.905036 132.000000 0.094964 
0.902878 135.000000 0.097122 
0.905036 132.000000 0.094964 
0.901439 137.000000 0.098561 
0.900719 138.000000 0.099281 
0.898561 141.000000 0.101439 
0.890647 152.000000 0.109353 
0.896403 144.000000 0.103597 
0.904317 133.000000 0.095683 
0.900000 139.000000 0.100000 
0.900000 139.000000 0.100000 
0.902878 135.000000 0.097122 
0.905755 131.000000 0.094245 
0.899281 140.000000 0.100719 
0.903597 134.000000 0.096403 
0.901439 137.000000 0.098561 
0.910072 125.000000 0.089928 
0.903597 134.000000 0.096403 
0.897122 143.000000 0.102878 
0.897122 143.000000 0.102878 
0.887770 156.000000 0.112230 
0.900719 138.000000 0.099281 
0.905036 132.000000 0.094964 
0.894964 146.000000 0.105036 
0.907194 129.000000 0.092806 
0.890647 152.000000 0.109353 
0.897122 143.000000 0.102878 
0.894964 146.000000 0.105036 
0.902158 136.000000 0.097842 
0.900719 138.000000 0.099281 
0.900000 139.000000 0.100000 
0.906475 130.000000 0.093525 
0.899281 140.000000 0.100719 
0.897122 143.000000 0.102878 
0.907914 128.000000 0.092086 
0.902878 135.000000 0.097122 
0.901439 137.000000 0.098561 
0.905036 132.000000 0.094964 
0.897122 143.000000 0.102878 
0.901439 137.000000 0.098561 
0.900719 138.000000 0.099281 
0.892806 149.000000 0.107194 
0.898561 141.000000 0.101439 
0.898561 141.000000 0.101439 
0.898561 141.000000 0.101439 
0.901439 137.000000 0.098561 
0.899281 140.000000 0.100719 
0.903597 134.000000 0.096403 
0.895683 145.000000 0.104317 
0.886331 158.000000 0.113669 
0.910072 125.000000 0.089928 
0.898561 141.000000 0.101439 
0.893525 148.000000 0.106475 
0.889928 153.000000 0.110072 
0.902878 135.000000 0.097122 
0.898561 141.000000 0.101439 
0.902158 136.000000 0.097842 
0.903597 134.000000 0.096403 
0.905036 132.000000 0.094964 
0.894245 147.000000 0.105755 
0.901439 137.000000 0.098561 
0.898561 141.000000 0.101439 
0.899281 140.000000 0.100719 
0.891367 151.000000 0.108633 
0.897122 143.000000 0.102878 
0.902158 136.000000 0.097842 
0.900719 138.000000 0.099281 
0.892086 150.000000 0.107914 
0.896403 144.000000 0.103597 
0.897122 143.000000 0.102878 
0.882734 163.000000 0.117266 
0.896403 144.000000 0.103597 
0.907194 129.000000 0.092806 
0.892086 150.000000 0.107914 
0.894245 147.000000 0.105755 
0.905755 131.000000 0.094245 
0.891367 151.000000 0.108633 
0.899281 140.000000 0.100719 
0.904317 133.000000 0.095683 
0.897122 143.000000 0.102878 
0.900000 139.000000 0.100000 
0.902878 135.000000 0.097122 
0.915827 117.000000 0.084173 
0.896403 144.000000 0.103597 
0.907194 129.000000 0.092806 
0.900000 139.000000 0.100000 
0.888489 155.000000 0.111511 
0.897122 143.000000 0.102878 
0.900719 138.000000 0.099281 
0.901439 137.000000 0.098561 
0.900719 138.000000 0.099281 
0.897842 142.000000 0.102158 
0.894964 146.000000 0.105036 
0.894245 147.000000 0.105755 
0.894245 147.000000 0.105755 
0.898561 141.000000 0.101439 
0.902158 136.000000 0.097842 
0.895683 145.000000 0.104317 
0.890647 152.000000 0.109353 
0.899281 140.000000 0.100719 
0.884892 160.000000 0.115108 
0.910072 125.000000 0.089928 
0.902158 136.000000 0.097842 
0.906475 130.000000 0.093525 
0.905036 132.000000 0.094964 
0.897842 142.000000 0.102158 
0.901439 137.000000 0.098561 
0.897122 143.000000 0.102878 
0.905036 132.000000 0.094964 
0.900000 139.000000 0.100000 
0.889928 153.000000 0.110072 
0.907914 128.000000 0.092086 
0.890647 152.000000 0.109353 
0.899281 140.000000 0.100719 
0.896403 144.000000 0.103597 
0.905755 131.000000 0.094245 
0.904317 133.000000 0.095683 
0.894964 146.000000 0.105036 
0.890647 152.000000 0.109353 
0.900000 139.000000 0.100000 
0.892086 150.000000 0.107914 
0.909353 126.000000 0.090647 
0.890647 152.000000 0.109353 
0.905755 131.000000 0.094245 
0.898561 141.000000 0.101439 
0.901439 137.000000 0.098561 
0.897842 142.000000 0.102158 
0.903597 134.000000 0.096403 
0.897842 142.000000 0.102158 
0.901439 137.000000 0.098561 
0.896403 144.000000 0.103597 
0.896403 144.000000 0.103597 
0.897122 143.000000 0.102878 
0.892806 149.000000 0.107194 
0.902878 135.000000 0.097122 
0.904317 133.000000 0.095683 
0.901439 137.000000 0.098561 
0.897122 143.000000 0.102878 
0.900719 138.000000 0.099281 
0.901439 137.000000 0.098561 
0.911511 123.000000 0.088489 
0.905036 132.000000 0.094964 
0.901439 137.000000 0.098561 
0.901439 137.000000 0.098561 
0.904317 133.000000 0.095683 
0.905036 132.000000 0.094964 
0.894964 146.000000 0.105036 
0.900719 138.000000 0.099281 
0.894964 146.000000 0.105036 
0.899281 140.000000 0.100719 
0.912950 121.000000 0.087050 
0.896403 144.000000 0.103597 
0.905755 131.000000 0.094245 
0.901439 137.000000 0.098561 
0.897122 143.000000 0.102878 
0.900719 138.000000 0.099281 
0.908633 127.000000 0.091367 
0.900719 138.000000 0.099281 
0.907914 128.000000 0.092086 
0.900719 138.000000 0.099281 
0.896403 144.000000 0.103597 
0.909353 126.000000 0.090647 
0.902158 136.000000 0.097842 
0.906475 130.000000 0.093525 
0.897842 142.000000 0.102158 
0.899281 140.000000 0.100719 
0.900719 138.000000 0.099281 
0.903597 134.000000 0.096403 
0.905755 131.000000 0.094245 
0.900000 139.000000 0.100000 
0.899281 140.000000 0.100719 
0.894245 147.000000 0.105755 
0.897122 143.000000 0.102878 
0.896403 144.000000 0.103597 
0.907914 128.000000 0.092086 
0.907194 129.000000 0.092806 
0.897122 143.000000 0.102878 
0.896403 144.000000 0.103597 
0.897842 142.000000 0.102158 
0.904317 133.000000 0.095683 
0.897122 143.000000 0.102878 
0.900000 139.000000 0.100000 
0.898561 141.000000 0.101439 
0.903597 134.000000 0.096403 
0.890647 152.000000 0.109353 
0.901439 137.000000 0.098561 
0.890647 152.000000 0.109353 
0.905036 132.000000 0.094964 
0.912230 122.000000 0.087770 
0.905755 131.000000 0.094245 
0.894964 146.000000 0.105036 
0.896403 144.000000 0.103597 
0.902878 135.000000 0.097122 
0.899281 140.000000 0.100719 
0.894245 147.000000 0.105755 
0.902878 135.000000 0.097122 
0.900719 138.000000 0.099281 
0.902878 135.000000 0.097122 
0.897842 142.000000 0.102158 
0.901439 137.000000 0.098561 
0.895683 145.000000 0.104317 
0.900000 139.000000 0.100000 
0.905755 131.000000 0.094245 
0.894964 146.000000 0.105036 
0.900719 138.000000 0.099281 
0.905755 131.000000 0.094245 
0.902878 135.000000 0.097122 
0.896403 144.000000 0.103597 
0.904317 133.000000 0.095683 
0.896403 144.000000 0.103597 
0.899281 140.000000 0.100719 
0.898561 141.000000 0.101439 
0.901439 137.000000 0.098561 
0.895683 145.000000 0.104317 
0.903597 134.000000 0.096403 
0.900000 139.000000 0.100000 
0.907914 128.000000 0.092086 
0.904317 133.000000 0.095683 
0.904317 133.000000 0.095683 
0.888489 155.000000 0.111511 
0.894245 147.000000 0.105755 
0.901439 137.000000 0.098561 
0.897842 142.000000 0.102158 
0.898561 141.000000 0.101439 
0.915827 117.000000 0.084173 
0.904317 133.000000 0.095683 
0.902158 136.000000 0.097842 
0.907914 128.000000 0.092086 
0.902158 136.000000 0.097842 
0.905755 131.000000 0.094245 
0.898561 141.000000 0.101439 
0.902158 136.000000 0.097842 
0.894245 147.000000 0.105755 
0.902158 136.000000 0.097842 
0.907914 128.000000 0.092086 
0.902878 135.000000 0.097122 
0.903597 134.000000 0.096403 
0.897842 142.000000 0.102158 
0.905755 131.000000 0.094245 
0.905036 132.000000 0.094964 
0.905755 131.000000 0.094245 
0.898561 141.000000 0.101439 
0.898561 141.000000 0.101439 
0.901439 137.000000 0.098561 
0.903597 134.000000 0.096403 
0.897842 142.000000 0.102158 
0.907914 128.000000 0.092086 
0.901439 137.000000 0.098561 
0.899281 140.000000 0.100719 
0.896403 144.000000 0.103597 
0.913669 120.000000 0.086331 
0.900719 138.000000 0.099281 
0.907194 129.000000 0.092806 
0.903597 134.000000 0.096403 
0.900719 138.000000 0.099281 
0.900000 139.000000 0.100000 
0.905036 132.000000 0.094964 
0.897122 143.000000 0.102878 
0.905036 132.000000 0.094964 
0.903597 134.000000 0.096403 
0.897842 142.000000 0.102158 
0.903597 134.000000 0.096403 
0.902158 136.000000 0.097842 
0.905755 131.000000 0.094245 
0.900719 138.000000 0.099281 
0.908633 127.000000 0.091367 
0.904317 133.000000 0.095683 
0.897842 142.000000 0.102158 
0.903597 134.000000 0.096403 
0.894245 147.000000 0.105755 
0.901439 137.000000 0.098561 
0.898561 141.000000 0.101439 
0.894964 146.000000 0.105036 
0.889928 153.000000 0.110072 
0.896403 144.000000 0.103597 
0.901439 137.000000 0.098561 
0.906475 130.000000 0.093525 
0.895683 145.000000 0.104317 
0.897122 143.000000 0.102878 
0.898561 141.000000 0.101439 
0.898561 141.000000 0.101439 
0.887050 157.000000 0.112950 
0.895683 145.000000 0.104317 
0.897842 142.000000 0.102158 
0.910072 125.000000 0.089928 
0.897842 142.000000 0.102158 
0.908633 127.000000 0.091367 
0.898561 141.000000 0.101439 
0.901439 137.000000 0.098561 
0.892806 149.000000 0.107194 
0.905036 132.000000 0.094964 
0.904317 133.000000 0.095683 
0.894245 147.000000 0.105755 
0.907194 129.000000 0.092806 
0.902878 135.000000 0.097122 
0.903597 134.000000 0.096403 
0.890647 152.000000 0.109353 
0.913669 120.000000 0.086331 
0.894964 146.000000 0.105036 
0.897122 143.000000 0.102878 
0.901439 137.000000 0.098561 
0.898561 141.000000 0.101439 
0.908633 127.000000 0.091367 
0.903597 134.000000 0.096403 
0.907194 129.000000 0.092806 
0.896403 144.000000 0.103597 
0.894964 146.000000 0.105036 
0.902158 136.000000 0.097842 
0.897842 142.000000 0.102158 
0.898561 141.000000 0.101439 
0.895683 145.000000 0.104317 
0.893525 148.000000 0.106475 
0.901439 137.000000 0.098561 
0.900000 139.000000 0.100000 
0.901439 137.000000 0.098561 
0.909353 126.000000 0.090647 
0.907194 129.000000 0.092806 
0.900719 138.000000 0.099281 
0.898561 141.000000 0.101439 
0.900000 139.000000 0.100000 
0.902158 136.000000 0.097842 
0.896403 144.000000 0.103597 
0.899281 140.000000 0.100719 
0.903597 134.000000 0.096403 
0.904317 133.000000 0.095683 
0.902878 135.000000 0.097122 
0.900719 138.000000 0.099281 
0.903597 134.000000 0.096403 
0.903597 134.000000 0.096403 
0.895683 145.000000 0.104317 
0.904317 133.000000 0.095683 
0.900719 138.000000 0.099281 
0.909353 126.000000 0.090647 
0.900719 138.000000 0.099281 
0.897122 143.000000 0.102878 
0.905755 131.000000 0.094245 
0.897122 143.000000 0.102878 
0.902158 136.000000 0.097842 
0.896403 144.000000 0.103597 
0.906475 130.000000 0.093525 
0.895683 145.000000 0.104317 
0.910791 124.000000 0.089209 
0.903597 134.000000 0.096403 
0.896403 144.000000 0.103597 
0.897842 142.000000 0.102158 
0.892086 150.000000 0.107914 
0.897122 143.000000 0.102878 
0.901439 137.000000 0.098561 
0.902158 136.000000 0.097842 
0.908633 127.000000 0.091367 
0.903597 134.000000 0.096403 
0.901439 137.000000 0.098561 
0.896403 144.000000 0.103597 
0.906475 130.000000 0.093525 
0.903597 134.000000 0.096403 
0.902878 135.000000 0.097122 
0.897842 142.000000 0.102158 
0.903597 134.000000 0.096403 
0.907914 128.000000 0.092086 
0.893525 148.000000 0.106475 
0.900000 139.000000 0.100000 
0.900000 139.000000 0.100000 
0.897842 142.000000 0.102158 
0.906475 130.000000 0.093525 
0.910791 124.000000 0.089209 
0.908633 127.000000 0.091367 
0.905036 132.000000 0.094964 
0.903597 134.000000 0.096403 
0.898561 141.000000 0.101439 
0.903597 134.000000 0.096403 
0.913669 120.000000 0.086331 
0.891367 151.000000 0.108633 
0.910072 125.000000 0.089928 
0.900000 139.000000 0.100000 
0.905755 131.000000 0.094245 
0.907194 129.000000 0.092806 
0.895683 145.000000 0.104317 
0.897122 143.000000 0.102878 
0.897842 142.000000 0.102158 
0.902158 136.000000 0.097842 
0.894964 146.000000 0.105036 
0.899281 140.000000 0.100719 
0.910791 124.000000 0.089209 
0.895683 145.000000 0.104317 
0.902878 135.000000 0.097122 
0.893525 148.000000 0.106475 
0.893525 148.000000 0.106475 
0.897842 142.000000 0.102158 
0.907194 129.000000 0.092806 
0.896403 144.000000 0.103597 
0.894245 147.000000 0.105755 
0.898561 141.000000 0.101439 
0.901439 137.000000 0.098561 
0.892806 149.000000 0.107194 
0.902158 136.000000 0.097842 
0.901439 137.000000 0.098561 
