0.781295 304.000000 0.218705 
0.776259 311.000000 0.223741 
0.761871 331.000000 0.238129 
0.773381 315.000000 0.226619 
0.771223 318.000000 0.228777 
0.789209 293.000000 0.210791 
0.769784 320.000000 0.230216 
0.781295 304.000000 0.218705 
0.792086 289.000000 0.207914 
0.792086 289.000000 0.207914 
0.781295 304.000000 0.218705 
0.778417 308.000000 0.221583 
0.771942 317.000000 0.228058 
0.782734 302.000000 0.217266 
0.764748 327.000000 0.235252 
0.774820 313.000000 0.225180 
0.778417 308.000000 0.221583 
0.776259 311.000000 0.223741 
0.777698 309.000000 0.222302 
0.782014 303.000000 0.217986 
0.769065 321.000000 0.230935 
0.776978 310.000000 0.223022 
0.784173 300.000000 0.215827 
0.788489 294.000000 0.211511 
0.774101 314.000000 0.225899 
0.776978 310.000000 0.223022 
0.779856 306.000000 0.220144 
0.763309 329.000000 0.236691 
0.763309 329.000000 0.236691 
0.785612 298.000000 0.214388 
0.759712 334.000000 0.240288 
0.771942 317.000000 0.228058 
0.770504 319.000000 0.229496 
0.771942 317.000000 0.228058 
0.773381 315.000000 0.226619 
0.768345 322.000000 0.231655 
0.774101 314.000000 0.225899 
0.791367 290.000000 0.208633 
0.774101 314.000000 0.225899 
0.761871 331.000000 0.238129 
0.776259 311.000000 0.223741 
0.765468 326.000000 0.234532 
0.776978 310.000000 0.223022 
0.784173 300.000000 0.215827 
0.785612 298.000000 0.214388 
0.776978 310.000000 0.223022 
0.774101 314.000000 0.225899 
0.771942 317.000000 0.228058 
0.772662 316.000000 0.227338 
0.781295 304.000000 0.218705 
0.774101 314.000000 0.225899 
0.775540 312.000000 0.224460 
0.776259 311.000000 0.223741 
0.766906 324.000000 0.233094 
0.782734 302.000000 0.217266 
0.763309 329.000000 0.236691 
0.769065 321.000000 0.230935 
0.766906 324.000000 0.233094 
0.781295 304.000000 0.218705 
0.770504 319.000000 0.229496 
0.773381 315.000000 0.226619 
0.786331 297.000000 0.213669 
0.773381 315.000000 0.226619 
0.775540 312.000000 0.224460 
0.767626 323.000000 0.232374 
0.775540 312.000000 0.224460 
0.791367 290.000000 0.208633 
0.764029 328.000000 0.235971 
0.775540 312.000000 0.224460 
0.785612 298.000000 0.214388 
0.769065 321.000000 0.230935 
0.771223 318.000000 0.228777 
0.772662 316.000000 0.227338 
0.773381 315.000000 0.226619 
0.764029 328.000000 0.235971 
0.764748 327.000000 0.235252 
0.772662 316.000000 0.227338 
0.768345 322.000000 0.231655 
0.773381 315.000000 0.226619 
0.764029 328.000000 0.235971 
0.784173 300.000000 0.215827 
0.764748 327.000000 0.235252 
0.779137 307.000000 0.220863 
0.766187 325.000000 0.233813 
0.790647 291.000000 0.209353 
0.774820 313.000000 0.225180 
0.773381 315.000000 0.226619 
0.784173 300.000000 0.215827 
0.778417 308.000000 0.221583 
0.782734 302.000000 0.217266 
0.769784 320.000000 0.230216 
0.784173 300.000000 0.215827 
0.794964 285.000000 0.205036 
0.782014 303.000000 0.217986 
0.767626 323.000000 0.232374 
0.777698 309.000000 0.222302 
0.771942 317.000000 0.228058 
0.769784 320.000000 0.230216 
0.764029 328.000000 0.235971 
0.791367 290.000000 0.208633 
0.781295 304.000000 0.218705 
0.771942 317.000000 0.228058 
0.774101 314.000000 0.225899 
0.792806 288.000000 0.207194 
0.777698 309.000000 0.222302 
0.776978 310.000000 0.223022 
0.757554 337.000000 0.242446 
0.767626 323.000000 0.232374 
0.782014 303.000000 0.217986 
0.759712 334.000000 0.240288 
0.774101 314.000000 0.225899 
0.770504 319.000000 0.229496 
0.763309 329.000000 0.236691 
0.761871 331.000000 0.238129 
0.776978 310.000000 0.223022 
0.776259 311.000000 0.223741 
0.784173 300.000000 0.215827 
0.770504 319.000000 0.229496 
0.779137 307.000000 0.220863 
0.776259 311.000000 0.223741 
0.790647 291.000000 0.209353 
0.782734 302.000000 0.217266 
0.780576 305.000000 0.219424 
0.779137 307.000000 0.220863 
0.769784 320.000000 0.230216 
0.776259 311.000000 0.223741 
0.792086 289.000000 0.207914 
0.780576 305.000000 0.219424 
0.775540 312.000000 0.224460 
0.779856 306.000000 0.220144 
0.776259 311.000000 0.223741 
0.778417 308.000000 0.221583 
0.758993 335.000000 0.241007 
0.779137 307.000000 0.220863 
0.771223 318.000000 0.228777 
0.773381 315.000000 0.226619 
0.766906 324.000000 0.233094 
0.769784 320.000000 0.230216 
0.770504 319.000000 0.229496 
0.769784 320.000000 0.230216 
0.797122 282.000000 0.202878 
0.776978 310.000000 0.223022 
0.771942 317.000000 0.228058 
0.794245 286.000000 0.205755 
0.779856 306.000000 0.220144 
0.763309 329.000000 0.236691 
0.779137 307.000000 0.220863 
0.765468 326.000000 0.234532 
0.785612 298.000000 0.214388 
0.766906 324.000000 0.233094 
0.785612 298.000000 0.214388 
0.774820 313.000000 0.225180 
0.773381 315.000000 0.226619 
0.778417 308.000000 0.221583 
0.771223 318.000000 0.228777 
0.766906 324.000000 0.233094 
0.776978 310.000000 0.223022 
0.801439 276.000000 0.198561 
0.781295 304.000000 0.218705 
0.775540 312.000000 0.224460 
0.769784 320.000000 0.230216 
0.775540 312.000000 0.224460 
0.794245 286.000000 0.205755 
0.784892 299.000000 0.215108 
0.780576 305.000000 0.219424 
0.781295 304.000000 0.218705 
0.765468 326.000000 0.234532 
0.771223 318.000000 0.228777 
0.771223 318.000000 0.228777 
0.787770 295.000000 0.212230 
0.787050 296.000000 0.212950 
0.767626 323.000000 0.232374 
0.777698 309.000000 0.222302 
0.776978 310.000000 0.223022 
0.782734 302.000000 0.217266 
0.777698 309.000000 0.222302 
0.779856 306.000000 0.220144 
0.791367 290.000000 0.208633 
0.781295 304.000000 0.218705 
0.765468 326.000000 0.234532 
0.774820 313.000000 0.225180 
0.779137 307.000000 0.220863 
0.755396 340.000000 0.244604 
0.784892 299.000000 0.215108 
0.784173 300.000000 0.215827 
0.770504 319.000000 0.229496 
0.780576 305.000000 0.219424 
0.771223 318.000000 0.228777 
0.775540 312.000000 0.224460 
0.764029 328.000000 0.235971 
0.783453 301.000000 0.216547 
0.779856 306.000000 0.220144 
0.766187 325.000000 0.233813 
0.771223 318.000000 0.228777 
0.783453 301.000000 0.216547 
0.777698 309.000000 0.222302 
0.779856 306.000000 0.220144 
0.774101 314.000000 0.225899 
0.780576 305.000000 0.219424 
0.755396 340.000000 0.244604 
0.782014 303.000000 0.217986 
0.778417 308.000000 0.221583 
0.778417 308.000000 0.221583 
0.767626 323.000000 0.232374 
0.767626 323.000000 0.232374 
0.787050 296.000000 0.212950 
0.769065 321.000000 0.230935 
0.779137 307.000000 0.220863 
0.771942 317.000000 0.228058 
0.776259 311.000000 0.223741 
0.771942 317.000000 0.228058 
0.765468 326.000000 0.234532 
0.764029 328.000000 0.235971 
0.777698 309.000000 0.222302 
0.782014 303.000000 0.217986 
0.778417 308.000000 0.221583 
0.787050 296.000000 0.212950 
0.783453 301.000000 0.216547 
0.779137 307.000000 0.220863 
0.779137 307.000000 0.220863 
0.775540 312.000000 0.224460 
0.755396 340.000000 0.244604 
0.776978 310.000000 0.223022 
0.774820 313.000000 0.225180 
0.776978 310.000000 0.223022 
0.769065 321.000000 0.230935 
0.773381 315.000000 0.226619 
0.772662 316.000000 0.227338 
0.773381 315.000000 0.226619 
0.787050 296.000000 0.212950 
0.770504 319.000000 0.229496 
0.779856 306.000000 0.220144 
0.774820 313.000000 0.225180 
0.782734 302.000000 0.217266 
0.787050 296.000000 0.212950 
0.765468 326.000000 0.234532 
0.776978 310.000000 0.223022 
0.776978 310.000000 0.223022 
0.795683 284.000000 0.204317 
0.774101 314.000000 0.225899 
0.774820 313.000000 0.225180 
0.775540 312.000000 0.224460 
0.769065 321.000000 0.230935 
0.776259 311.000000 0.223741 
0.777698 309.000000 0.222302 
0.787770 295.000000 0.212230 
0.784173 300.000000 0.215827 
0.772662 316.000000 0.227338 
0.783453 301.000000 0.216547 
0.783453 301.000000 0.216547 
0.765468 326.000000 0.234532 
0.784173 300.000000 0.215827 
0.768345 322.000000 0.231655 
0.776978 310.000000 0.223022 
0.778417 308.000000 0.221583 
0.767626 323.000000 0.232374 
0.761151 332.000000 0.238849 
0.778417 308.000000 0.221583 
0.775540 312.000000 0.224460 
0.772662 316.000000 0.227338 
0.775540 312.000000 0.224460 
0.780576 305.000000 0.219424 
0.776259 311.000000 0.223741 
0.773381 315.000000 0.226619 
0.776978 310.000000 0.223022 
0.777698 309.000000 0.222302 
0.776259 311.000000 0.223741 
0.771942 317.000000 0.228058 
0.774101 314.000000 0.225899 
0.775540 312.000000 0.224460 
0.772662 316.000000 0.227338 
0.769065 321.000000 0.230935 
0.766906 324.000000 0.233094 
0.761151 332.000000 0.238849 
0.780576 305.000000 0.219424 
0.781295 304.000000 0.218705 
0.775540 312.000000 0.224460 
0.785612 298.000000 0.214388 
0.773381 315.000000 0.226619 
0.776978 310.000000 0.223022 
0.774101 314.000000 0.225899 
0.789928 292.000000 0.210072 
0.771942 317.000000 0.228058 
0.784173 300.000000 0.215827 
0.775540 312.000000 0.224460 
0.776978 310.000000 0.223022 
0.781295 304.000000 0.218705 
0.782014 303.000000 0.217986 
0.784892 299.000000 0.215108 
0.793525 287.000000 0.206475 
0.779856 306.000000 0.220144 
0.763309 329.000000 0.236691 
0.772662 316.000000 0.227338 
0.771942 317.000000 0.228058 
0.778417 308.000000 0.221583 
0.766187 325.000000 0.233813 
0.782014 303.000000 0.217986 
0.779137 307.000000 0.220863 
0.782014 303.000000 0.217986 
0.779137 307.000000 0.220863 
0.779137 307.000000 0.220863 
0.774820 313.000000 0.225180 
0.773381 315.000000 0.226619 
0.767626 323.000000 0.232374 
0.779856 306.000000 0.220144 
0.773381 315.000000 0.226619 
0.774820 313.000000 0.225180 
0.779137 307.000000 0.220863 
0.781295 304.000000 0.218705 
0.773381 315.000000 0.226619 
0.786331 297.000000 0.213669 
0.773381 315.000000 0.226619 
0.785612 298.000000 0.214388 
0.774101 314.000000 0.225899 
0.780576 305.000000 0.219424 
0.775540 312.000000 0.224460 
0.791367 290.000000 0.208633 
0.773381 315.000000 0.226619 
0.768345 322.000000 0.231655 
0.774101 314.000000 0.225899 
0.775540 312.000000 0.224460 
0.758993 335.000000 0.241007 
0.777698 309.000000 0.222302 
0.769784 320.000000 0.230216 
0.774820 313.000000 0.225180 
0.761151 332.000000 0.238849 
0.784892 299.000000 0.215108 
0.780576 305.000000 0.219424 
0.771942 317.000000 0.228058 
0.771942 317.000000 0.228058 
0.771942 317.000000 0.228058 
0.772662 316.000000 0.227338 
0.778417 308.000000 0.221583 
0.793525 287.000000 0.206475 
0.774820 313.000000 0.225180 
0.782014 303.000000 0.217986 
0.782734 302.000000 0.217266 
0.771942 317.000000 0.228058 
0.782014 303.000000 0.217986 
0.774101 314.000000 0.225899 
0.782014 303.000000 0.217986 
0.780576 305.000000 0.219424 
0.776978 310.000000 0.223022 
0.762590 330.000000 0.237410 
0.766187 325.000000 0.233813 
0.772662 316.000000 0.227338 
0.774101 314.000000 0.225899 
0.771223 318.000000 0.228777 
0.778417 308.000000 0.221583 
0.764748 327.000000 0.235252 
0.780576 305.000000 0.219424 
0.770504 319.000000 0.229496 
0.774820 313.000000 0.225180 
0.781295 304.000000 0.218705 
0.768345 322.000000 0.231655 
0.774820 313.000000 0.225180 
0.774101 314.000000 0.225899 
0.771942 317.000000 0.228058 
0.771942 317.000000 0.228058 
0.774820 313.000000 0.225180 
0.769784 320.000000 0.230216 
0.774820 313.000000 0.225180 
0.773381 315.000000 0.226619 
0.779137 307.000000 0.220863 
0.770504 319.000000 0.229496 
0.771942 317.000000 0.228058 
0.771942 317.000000 0.228058 
0.780576 305.000000 0.219424 
0.764748 327.000000 0.235252 
0.771942 317.000000 0.228058 
0.771942 317.000000 0.228058 
0.767626 323.000000 0.232374 
0.778417 308.000000 0.221583 
0.767626 323.000000 0.232374 
0.768345 322.000000 0.231655 
0.778417 308.000000 0.221583 
0.788489 294.000000 0.211511 
0.763309 329.000000 0.236691 
0.776259 311.000000 0.223741 
0.779137 307.000000 0.220863 
0.784173 300.000000 0.215827 
0.781295 304.000000 0.218705 
0.781295 304.000000 0.218705 
0.776259 311.000000 0.223741 
0.783453 301.000000 0.216547 
0.761871 331.000000 0.238129 
0.789209 293.000000 0.210791 
0.784892 299.000000 0.215108 
0.772662 316.000000 0.227338 
0.782014 303.000000 0.217986 
0.780576 305.000000 0.219424 
0.774101 314.000000 0.225899 
0.773381 315.000000 0.226619 
0.784892 299.000000 0.215108 
0.792086 289.000000 0.207914 
0.770504 319.000000 0.229496 
0.769784 320.000000 0.230216 
0.774820 313.000000 0.225180 
0.770504 319.000000 0.229496 
0.778417 308.000000 0.221583 
0.766906 324.000000 0.233094 
0.794964 285.000000 0.205036 
0.782014 303.000000 0.217986 
0.767626 323.000000 0.232374 
0.769784 320.000000 0.230216 
0.777698 309.000000 0.222302 
0.773381 315.000000 0.226619 
0.765468 326.000000 0.234532 
0.777698 309.000000 0.222302 
0.782014 303.000000 0.217986 
0.780576 305.000000 0.219424 
0.785612 298.000000 0.214388 
0.764748 327.000000 0.235252 
0.770504 319.000000 0.229496 
0.778417 308.000000 0.221583 
0.780576 305.000000 0.219424 
0.776978 310.000000 0.223022 
0.769784 320.000000 0.230216 
0.774820 313.000000 0.225180 
0.778417 308.000000 0.221583 
0.768345 322.000000 0.231655 
0.767626 323.000000 0.232374 
0.761871 331.000000 0.238129 
0.779137 307.000000 0.220863 
0.785612 298.000000 0.214388 
0.771942 317.000000 0.228058 
0.782734 302.000000 0.217266 
0.772662 316.000000 0.227338 
0.775540 312.000000 0.224460 
0.767626 323.000000 0.232374 
0.783453 301.000000 0.216547 
0.776978 310.000000 0.223022 
0.783453 301.000000 0.216547 
0.769065 321.000000 0.230935 
0.774101 314.000000 0.225899 
0.787770 295.000000 0.212230 
0.771942 317.000000 0.228058 
0.763309 329.000000 0.236691 
0.775540 312.000000 0.224460 
0.779856 306.000000 0.220144 
0.771942 317.000000 0.228058 
0.776978 310.000000 0.223022 
0.777698 309.000000 0.222302 
0.777698 309.000000 0.222302 
0.769065 321.000000 0.230935 
0.787050 296.000000 0.212950 
0.782734 302.000000 0.217266 
0.774820 313.000000 0.225180 
0.774101 314.000000 0.225899 
0.764748 327.000000 0.235252 
0.784892 299.000000 0.215108 
0.764029 328.000000 0.235971 
0.766187 325.000000 0.233813 
0.773381 315.000000 0.226619 
0.769065 321.000000 0.230935 
0.766187 325.000000 0.233813 
0.782014 303.000000 0.217986 
0.771942 317.000000 0.228058 
0.785612 298.000000 0.214388 
0.774820 313.000000 0.225180 
0.774820 313.000000 0.225180 
0.780576 305.000000 0.219424 
0.773381 315.000000 0.226619 
0.762590 330.000000 0.237410 
0.772662 316.000000 0.227338 
0.784173 300.000000 0.215827 
0.771223 318.000000 0.228777 
0.760432 333.000000 0.239568 
0.771942 317.000000 0.228058 
0.765468 326.000000 0.234532 
0.762590 330.000000 0.237410 
0.776259 311.000000 0.223741 
0.771942 317.000000 0.228058 
0.766187 325.000000 0.233813 
0.775540 312.000000 0.224460 
0.776259 311.000000 0.223741 
0.771223 318.000000 0.228777 
0.769065 321.000000 0.230935 
0.767626 323.000000 0.232374 
0.787050 296.000000 0.212950 
0.769784 320.000000 0.230216 
0.777698 309.000000 0.222302 
0.775540 312.000000 0.224460 
0.789928 292.000000 0.210072 
0.784173 300.000000 0.215827 
0.776259 311.000000 0.223741 
0.782014 303.000000 0.217986 
0.789209 293.000000 0.210791 
0.773381 315.000000 0.226619 
0.770504 319.000000 0.229496 
0.775540 312.000000 0.224460 
0.789928 292.000000 0.210072 
0.756835 338.000000 0.243165 
0.765468 326.000000 0.234532 
0.771223 318.000000 0.228777 
0.776259 311.000000 0.223741 
0.766906 324.000000 0.233094 
0.759712 334.000000 0.240288 
0.790647 291.000000 0.209353 
0.775540 312.000000 0.224460 
0.775540 312.000000 0.224460 
0.771942 317.000000 0.228058 
0.769065 321.000000 0.230935 
0.778417 308.000000 0.221583 
0.764029 328.000000 0.235971 
0.763309 329.000000 0.236691 
0.772662 316.000000 0.227338 
0.785612 298.000000 0.214388 
0.776978 310.000000 0.223022 
0.767626 323.000000 0.232374 
0.782014 303.000000 0.217986 
0.779137 307.000000 0.220863 
0.783453 301.000000 0.216547 
0.778417 308.000000 0.221583 
0.767626 323.000000 0.232374 
0.779137 307.000000 0.220863 
0.768345 322.000000 0.231655 
0.778417 308.000000 0.221583 
0.769065 321.000000 0.230935 
0.795683 284.000000 0.204317 
0.779137 307.000000 0.220863 
0.764029 328.000000 0.235971 
0.787770 295.000000 0.212230 
0.768345 322.000000 0.231655 
0.782014 303.000000 0.217986 
0.774101 314.000000 0.225899 
0.774820 313.000000 0.225180 
0.769065 321.000000 0.230935 
0.785612 298.000000 0.214388 
0.787770 295.000000 0.212230 
0.776259 311.000000 0.223741 
0.771942 317.000000 0.228058 
0.779137 307.000000 0.220863 
0.787050 296.000000 0.212950 
0.773381 315.000000 0.226619 
0.779137 307.000000 0.220863 
0.756835 338.000000 0.243165 
0.774101 314.000000 0.225899 
0.771942 317.000000 0.228058 
0.779856 306.000000 0.220144 
0.772662 316.000000 0.227338 
0.763309 329.000000 0.236691 
0.764748 327.000000 0.235252 
0.778417 308.000000 0.221583 
0.773381 315.000000 0.226619 
0.781295 304.000000 0.218705 
0.782734 302.000000 0.217266 
0.771942 317.000000 0.228058 
0.767626 323.000000 0.232374 
0.786331 297.000000 0.213669 
0.777698 309.000000 0.222302 
0.779856 306.000000 0.220144 
0.782734 302.000000 0.217266 
0.771942 317.000000 0.228058 
0.776978 310.000000 0.223022 
0.766906 324.000000 0.233094 
0.769784 320.000000 0.230216 
0.775540 312.000000 0.224460 
0.779137 307.000000 0.220863 
0.772662 316.000000 0.227338 
0.782734 302.000000 0.217266 
0.775540 312.000000 0.224460 
0.784173 300.000000 0.215827 
0.783453 301.000000 0.216547 
0.780576 305.000000 0.219424 
0.782014 303.000000 0.217986 
0.776978 310.000000 0.223022 
0.772662 316.000000 0.227338 
0.764748 327.000000 0.235252 
0.764748 327.000000 0.235252 
0.782014 303.000000 0.217986 
0.774820 313.000000 0.225180 
0.787770 295.000000 0.212230 
0.782014 303.000000 0.217986 
0.760432 333.000000 0.239568 
0.774820 313.000000 0.225180 
0.769784 320.000000 0.230216 
0.775540 312.000000 0.224460 
0.784173 300.000000 0.215827 
0.774101 314.000000 0.225899 
0.774820 313.000000 0.225180 
0.774101 314.000000 0.225899 
0.771223 318.000000 0.228777 
0.774101 314.000000 0.225899 
0.769065 321.000000 0.230935 
0.774101 314.000000 0.225899 
0.777698 309.000000 0.222302 
0.771942 317.000000 0.228058 
0.774820 313.000000 0.225180 
0.783453 301.000000 0.216547 
0.766906 324.000000 0.233094 
0.768345 322.000000 0.231655 
0.771223 318.000000 0.228777 
0.771942 317.000000 0.228058 
0.768345 322.000000 0.231655 
0.783453 301.000000 0.216547 
0.782014 303.000000 0.217986 
0.769784 320.000000 0.230216 
0.770504 319.000000 0.229496 
0.762590 330.000000 0.237410 
0.783453 301.000000 0.216547 
0.765468 326.000000 0.234532 
0.776259 311.000000 0.223741 
0.776978 310.000000 0.223022 
0.776978 310.000000 0.223022 
0.760432 333.000000 0.239568 
0.765468 326.000000 0.234532 
0.776978 310.000000 0.223022 
0.779856 306.000000 0.220144 
0.764748 327.000000 0.235252 
0.764029 328.000000 0.235971 
0.774101 314.000000 0.225899 
0.797842 281.000000 0.202158 
0.775540 312.000000 0.224460 
0.783453 301.000000 0.216547 
0.792806 288.000000 0.207194 
0.777698 309.000000 0.222302 
0.766187 325.000000 0.233813 
0.764748 327.000000 0.235252 
0.779856 306.000000 0.220144 
0.771942 317.000000 0.228058 
0.779137 307.000000 0.220863 
0.777698 309.000000 0.222302 
0.764748 327.000000 0.235252 
0.778417 308.000000 0.221583 
0.774101 314.000000 0.225899 
0.770504 319.000000 0.229496 
0.784892 299.000000 0.215108 
0.786331 297.000000 0.213669 
0.772662 316.000000 0.227338 
0.779856 306.000000 0.220144 
0.779856 306.000000 0.220144 
0.782014 303.000000 0.217986 
0.769784 320.000000 0.230216 
0.758993 335.000000 0.241007 
0.770504 319.000000 0.229496 
0.774101 314.000000 0.225899 
0.780576 305.000000 0.219424 
0.783453 301.000000 0.216547 
0.779137 307.000000 0.220863 
0.764748 327.000000 0.235252 
0.766187 325.000000 0.233813 
0.774101 314.000000 0.225899 
0.776978 310.000000 0.223022 
0.768345 322.000000 0.231655 
0.785612 298.000000 0.214388 
0.769784 320.000000 0.230216 
0.766187 325.000000 0.233813 
0.784173 300.000000 0.215827 
0.775540 312.000000 0.224460 
0.792086 289.000000 0.207914 
0.782014 303.000000 0.217986 
0.787050 296.000000 0.212950 
0.781295 304.000000 0.218705 
0.790647 291.000000 0.209353 
0.779137 307.000000 0.220863 
0.781295 304.000000 0.218705 
0.769784 320.000000 0.230216 
0.770504 319.000000 0.229496 
0.769065 321.000000 0.230935 
0.774820 313.000000 0.225180 
0.767626 323.000000 0.232374 
0.777698 309.000000 0.222302 
0.788489 294.000000 0.211511 
0.769065 321.000000 0.230935 
0.778417 308.000000 0.221583 
0.763309 329.000000 0.236691 
0.767626 323.000000 0.232374 
0.762590 330.000000 0.237410 
0.776259 311.000000 0.223741 
0.789209 293.000000 0.210791 
0.782014 303.000000 0.217986 
0.788489 294.000000 0.211511 
0.776978 310.000000 0.223022 
0.786331 297.000000 0.213669 
0.771942 317.000000 0.228058 
0.763309 329.000000 0.236691 
0.787770 295.000000 0.212230 
0.791367 290.000000 0.208633 
0.771223 318.000000 0.228777 
0.783453 301.000000 0.216547 
0.769065 321.000000 0.230935 
0.778417 308.000000 0.221583 
0.779137 307.000000 0.220863 
0.770504 319.000000 0.229496 
0.761151 332.000000 0.238849 
0.779856 306.000000 0.220144 
0.786331 297.000000 0.213669 
0.776259 311.000000 0.223741 
0.776978 310.000000 0.223022 
0.776259 311.000000 0.223741 
0.787050 296.000000 0.212950 
0.767626 323.000000 0.232374 
0.779856 306.000000 0.220144 
0.764748 327.000000 0.235252 
0.779856 306.000000 0.220144 
0.775540 312.000000 0.224460 
0.771942 317.000000 0.228058 
0.776259 311.000000 0.223741 
0.774101 314.000000 0.225899 
0.764029 328.000000 0.235971 
0.774820 313.000000 0.225180 
0.770504 319.000000 0.229496 
0.782014 303.000000 0.217986 
0.769065 321.000000 0.230935 
0.772662 316.000000 0.227338 
0.763309 329.000000 0.236691 
0.790647 291.000000 0.209353 
0.777698 309.000000 0.222302 
0.784173 300.000000 0.215827 
0.761151 332.000000 0.238849 
0.785612 298.000000 0.214388 
0.770504 319.000000 0.229496 
0.778417 308.000000 0.221583 
0.774101 314.000000 0.225899 
0.771223 318.000000 0.228777 
0.777698 309.000000 0.222302 
0.767626 323.000000 0.232374 
0.771223 318.000000 0.228777 
0.762590 330.000000 0.237410 
0.779856 306.000000 0.220144 
0.773381 315.000000 0.226619 
0.761151 332.000000 0.238849 
0.776978 310.000000 0.223022 
0.759712 334.000000 0.240288 
0.761151 332.000000 0.238849 
0.779856 306.000000 0.220144 
0.772662 316.000000 0.227338 
0.774101 314.000000 0.225899 
0.784892 299.000000 0.215108 
0.774101 314.000000 0.225899 
0.776259 311.000000 0.223741 
0.784892 299.000000 0.215108 
0.774820 313.000000 0.225180 
0.773381 315.000000 0.226619 
0.787050 296.000000 0.212950 
0.776978 310.000000 0.223022 
0.761151 332.000000 0.238849 
0.782014 303.000000 0.217986 
0.766906 324.000000 0.233094 
0.774101 314.000000 0.225899 
0.773381 315.000000 0.226619 
0.783453 301.000000 0.216547 
0.769784 320.000000 0.230216 
0.783453 301.000000 0.216547 
0.775540 312.000000 0.224460 
0.782014 303.000000 0.217986 
0.784892 299.000000 0.215108 
0.774101 314.000000 0.225899 
0.794964 285.000000 0.205036 
0.793525 287.000000 0.206475 
0.764029 328.000000 0.235971 
0.771223 318.000000 0.228777 
0.774820 313.000000 0.225180 
0.783453 301.000000 0.216547 
0.786331 297.000000 0.213669 
0.787770 295.000000 0.212230 
0.758993 335.000000 0.241007 
0.765468 326.000000 0.234532 
0.779137 307.000000 0.220863 
0.777698 309.000000 0.222302 
0.786331 297.000000 0.213669 
0.768345 322.000000 0.231655 
0.772662 316.000000 0.227338 
0.771942 317.000000 0.228058 
0.775540 312.000000 0.224460 
0.769065 321.000000 0.230935 
0.776259 311.000000 0.223741 
0.778417 308.000000 0.221583 
0.783453 301.000000 0.216547 
0.774820 313.000000 0.225180 
0.762590 330.000000 0.237410 
0.783453 301.000000 0.216547 
0.782014 303.000000 0.217986 
0.784173 300.000000 0.215827 
0.769065 321.000000 0.230935 
0.767626 323.000000 0.232374 
0.786331 297.000000 0.213669 
0.776259 311.000000 0.223741 
0.764748 327.000000 0.235252 
0.782014 303.000000 0.217986 
0.776978 310.000000 0.223022 
0.762590 330.000000 0.237410 
0.765468 326.000000 0.234532 
0.765468 326.000000 0.234532 
0.756115 339.000000 0.243885 
0.758273 336.000000 0.241727 
0.766906 324.000000 0.233094 
0.782014 303.000000 0.217986 
0.771223 318.000000 0.228777 
0.772662 316.000000 0.227338 
0.769065 321.000000 0.230935 
0.785612 298.000000 0.214388 
0.774820 313.000000 0.225180 
0.771942 317.000000 0.228058 
0.774820 313.000000 0.225180 
0.776978 310.000000 0.223022 
0.771942 317.000000 0.228058 
0.805755 270.000000 0.194245 
0.786331 297.000000 0.213669 
0.763309 329.000000 0.236691 
0.773381 315.000000 0.226619 
0.788489 294.000000 0.211511 
0.767626 323.000000 0.232374 
0.771223 318.000000 0.228777 
0.772662 316.000000 0.227338 
0.777698 309.000000 0.222302 
0.779856 306.000000 0.220144 
0.790647 291.000000 0.209353 
0.768345 322.000000 0.231655 
0.768345 322.000000 0.231655 
0.771942 317.000000 0.228058 
0.774820 313.000000 0.225180 
0.775540 312.000000 0.224460 
0.773381 315.000000 0.226619 
0.788489 294.000000 0.211511 
0.774101 314.000000 0.225899 
0.764748 327.000000 0.235252 
0.769065 321.000000 0.230935 
0.775540 312.000000 0.224460 
0.775540 312.000000 0.224460 
0.782734 302.000000 0.217266 
0.781295 304.000000 0.218705 
0.779137 307.000000 0.220863 
0.761151 332.000000 0.238849 
0.778417 308.000000 0.221583 
0.778417 308.000000 0.221583 
0.769065 321.000000 0.230935 
0.778417 308.000000 0.221583 
0.769784 320.000000 0.230216 
0.779856 306.000000 0.220144 
0.774101 314.000000 0.225899 
0.787770 295.000000 0.212230 
0.770504 319.000000 0.229496 
0.776978 310.000000 0.223022 
0.776259 311.000000 0.223741 
0.779856 306.000000 0.220144 
0.784173 300.000000 0.215827 
0.778417 308.000000 0.221583 
0.779137 307.000000 0.220863 
0.776259 311.000000 0.223741 
0.776978 310.000000 0.223022 
0.765468 326.000000 0.234532 
0.787770 295.000000 0.212230 
0.771223 318.000000 0.228777 
0.777698 309.000000 0.222302 
0.764748 327.000000 0.235252 
0.756835 338.000000 0.243165 
0.774101 314.000000 0.225899 
0.780576 305.000000 0.219424 
0.778417 308.000000 0.221583 
0.782014 303.000000 0.217986 
0.785612 298.000000 0.214388 
0.781295 304.000000 0.218705 
0.780576 305.000000 0.219424 
0.782734 302.000000 0.217266 
0.769065 321.000000 0.230935 
0.761151 332.000000 0.238849 
0.782734 302.000000 0.217266 
0.787050 296.000000 0.212950 
0.792086 289.000000 0.207914 
0.763309 329.000000 0.236691 
0.774820 313.000000 0.225180 
0.784892 299.000000 0.215108 
0.768345 322.000000 0.231655 
0.764748 327.000000 0.235252 
0.769065 321.000000 0.230935 
0.782734 302.000000 0.217266 
0.772662 316.000000 0.227338 
0.760432 333.000000 0.239568 
0.775540 312.000000 0.224460 
0.784173 300.000000 0.215827 
0.769784 320.000000 0.230216 
0.788489 294.000000 0.211511 
0.769065 321.000000 0.230935 
0.787050 296.000000 0.212950 
0.774820 313.000000 0.225180 
0.771942 317.000000 0.228058 
0.768345 322.000000 0.231655 
0.774820 313.000000 0.225180 
0.780576 305.000000 0.219424 
0.778417 308.000000 0.221583 
0.774101 314.000000 0.225899 
0.781295 304.000000 0.218705 
0.776259 311.000000 0.223741 
0.769784 320.000000 0.230216 
0.782014 303.000000 0.217986 
0.765468 326.000000 0.234532 
0.788489 294.000000 0.211511 
0.783453 301.000000 0.216547 
0.769065 321.000000 0.230935 
0.766906 324.000000 0.233094 
0.775540 312.000000 0.224460 
0.777698 309.000000 0.222302 
0.770504 319.000000 0.229496 
0.786331 297.000000 0.213669 
0.779856 306.000000 0.220144 
0.769784 320.000000 0.230216 
0.766906 324.000000 0.233094 
0.771942 317.000000 0.228058 
0.774101 314.000000 0.225899 
0.776259 311.000000 0.223741 
0.777698 309.000000 0.222302 
0.773381 315.000000 0.226619 
0.777698 309.000000 0.222302 
0.789928 292.000000 0.210072 
0.754676 341.000000 0.245324 
0.787050 296.000000 0.212950 
0.774101 314.000000 0.225899 
0.771223 318.000000 0.228777 
0.776978 310.000000 0.223022 
0.777698 309.000000 0.222302 
0.774101 314.000000 0.225899 
0.774101 314.000000 0.225899 
0.774820 313.000000 0.225180 
0.781295 304.000000 0.218705 
0.773381 315.000000 0.226619 
0.786331 297.000000 0.213669 
0.784892 299.000000 0.215108 
0.766906 324.000000 0.233094 
0.778417 308.000000 0.221583 
0.766906 324.000000 0.233094 
0.787050 296.000000 0.212950 
0.772662 316.000000 0.227338 
0.776259 311.000000 0.223741 
0.784892 299.000000 0.215108 
0.773381 315.000000 0.226619 
0.772662 316.000000 0.227338 
0.761871 331.000000 0.238129 
0.781295 304.000000 0.218705 
0.769784 320.000000 0.230216 
0.787050 296.000000 0.212950 
0.769784 320.000000 0.230216 
0.787770 295.000000 0.212230 
0.775540 312.000000 0.224460 
0.779856 306.000000 0.220144 
0.770504 319.000000 0.229496 
0.791367 290.000000 0.208633 
0.776978 310.000000 0.223022 
0.777698 309.000000 0.222302 
0.786331 297.000000 0.213669 
0.768345 322.000000 0.231655 
0.775540 312.000000 0.224460 
0.772662 316.000000 0.227338 
0.758273 336.000000 0.241727 
0.771223 318.000000 0.228777 
0.766187 325.000000 0.233813 
0.772662 316.000000 0.227338 
0.778417 308.000000 0.221583 
0.781295 304.000000 0.218705 
0.779137 307.000000 0.220863 
0.777698 309.000000 0.222302 
0.777698 309.000000 0.222302 
0.781295 304.000000 0.218705 
0.766906 324.000000 0.233094 
0.769065 321.000000 0.230935 
0.776978 310.000000 0.223022 
0.774820 313.000000 0.225180 
0.761151 332.000000 0.238849 
0.762590 330.000000 0.237410 
0.769784 320.000000 0.230216 
0.780576 305.000000 0.219424 
0.782734 302.000000 0.217266 
0.771942 317.000000 0.228058 
0.773381 315.000000 0.226619 
0.766187 325.000000 0.233813 
0.775540 312.000000 0.224460 
0.773381 315.000000 0.226619 
0.774820 313.000000 0.225180 
0.775540 312.000000 0.224460 
0.770504 319.000000 0.229496 
0.782734 302.000000 0.217266 
0.782014 303.000000 0.217986 
0.777698 309.000000 0.222302 
0.778417 308.000000 0.221583 
0.772662 316.000000 0.227338 
0.769784 320.000000 0.230216 
0.779137 307.000000 0.220863 
0.759712 334.000000 0.240288 
0.774101 314.000000 0.225899 
0.772662 316.000000 0.227338 
0.766906 324.000000 0.233094 
0.776259 311.000000 0.223741 
0.791367 290.000000 0.208633 
0.779856 306.000000 0.220144 
0.778417 308.000000 0.221583 
0.774820 313.000000 0.225180 
0.763309 329.000000 0.236691 
0.764029 328.000000 0.235971 
0.787050 296.000000 0.212950 
0.785612 298.000000 0.214388 
0.764029 328.000000 0.235971 
0.777698 309.000000 0.222302 
0.784892 299.000000 0.215108 
0.779856 306.000000 0.220144 
0.769065 321.000000 0.230935 
0.794245 286.000000 0.205755 
0.770504 319.000000 0.229496 
0.776259 311.000000 0.223741 
0.761151 332.000000 0.238849 
0.776259 311.000000 0.223741 
0.780576 305.000000 0.219424 
0.773381 315.000000 0.226619 
0.772662 316.000000 0.227338 
0.776259 311.000000 0.223741 
0.776978 310.000000 0.223022 
0.776259 311.000000 0.223741 
0.772662 316.000000 0.227338 
0.759712 334.000000 0.240288 
0.774820 313.000000 0.225180 
0.797842 281.000000 0.202158 
0.758993 335.000000 0.241007 
0.787050 296.000000 0.212950 
0.771942 317.000000 0.228058 
0.769065 321.000000 0.230935 
0.773381 315.000000 0.226619 
0.772662 316.000000 0.227338 
0.776978 310.000000 0.223022 
0.779137 307.000000 0.220863 
0.789209 293.000000 0.210791 
0.764029 328.000000 0.235971 
0.771942 317.000000 0.228058 
0.770504 319.000000 0.229496 
0.771223 318.000000 0.228777 
0.764029 328.000000 0.235971 
0.784173 300.000000 0.215827 
0.779856 306.000000 0.220144 
0.766906 324.000000 0.233094 
0.774820 313.000000 0.225180 
0.775540 312.000000 0.224460 
0.774101 314.000000 0.225899 
0.782014 303.000000 0.217986 
0.766906 324.000000 0.233094 
0.787050 296.000000 0.212950 
0.776259 311.000000 0.223741 
0.763309 329.000000 0.236691 
0.776259 311.000000 0.223741 
0.778417 308.000000 0.221583 
0.784892 299.000000 0.215108 
0.773381 315.000000 0.226619 
0.785612 298.000000 0.214388 
0.779856 306.000000 0.220144 
0.771223 318.000000 0.228777 
0.768345 322.000000 0.231655 
0.769065 321.000000 0.230935 
0.770504 319.000000 0.229496 
0.766187 325.000000 0.233813 
0.783453 301.000000 0.216547 
0.761151 332.000000 0.238849 
0.770504 319.000000 0.229496 
0.774101 314.000000 0.225899 
0.784892 299.000000 0.215108 
0.784892 299.000000 0.215108 
0.778417 308.000000 0.221583 
0.774820 313.000000 0.225180 
0.755396 340.000000 0.244604 
0.772662 316.000000 0.227338 
0.771942 317.000000 0.228058 
0.771942 317.000000 0.228058 
0.779856 306.000000 0.220144 
0.778417 308.000000 0.221583 
0.764748 327.000000 0.235252 
0.778417 308.000000 0.221583 
0.766906 324.000000 0.233094 
0.777698 309.000000 0.222302 
0.775540 312.000000 0.224460 
0.766906 324.000000 0.233094 
0.764029 328.000000 0.235971 
0.770504 319.000000 0.229496 
0.777698 309.000000 0.222302 
0.766187 325.000000 0.233813 
0.777698 309.000000 0.222302 
0.784173 300.000000 0.215827 
0.774101 314.000000 0.225899 
0.779856 306.000000 0.220144 
0.762590 330.000000 0.237410 
0.769065 321.000000 0.230935 
0.768345 322.000000 0.231655 
0.775540 312.000000 0.224460 
0.775540 312.000000 0.224460 
0.776978 310.000000 0.223022 
0.770504 319.000000 0.229496 
0.766187 325.000000 0.233813 
0.769784 320.000000 0.230216 
0.771223 318.000000 0.228777 
0.768345 322.000000 0.231655 
0.769065 321.000000 0.230935 
0.782014 303.000000 0.217986 
0.768345 322.000000 0.231655 
0.779137 307.000000 0.220863 
0.774820 313.000000 0.225180 
0.779856 306.000000 0.220144 
0.769784 320.000000 0.230216 
0.777698 309.000000 0.222302 
0.794245 286.000000 0.205755 
0.776978 310.000000 0.223022 
0.792086 289.000000 0.207914 
0.773381 315.000000 0.226619 
0.785612 298.000000 0.214388 
0.779856 306.000000 0.220144 
0.756835 338.000000 0.243165 
0.764029 328.000000 0.235971 
0.784173 300.000000 0.215827 
0.776259 311.000000 0.223741 
0.777698 309.000000 0.222302 
0.781295 304.000000 0.218705 
0.774101 314.000000 0.225899 
0.784173 300.000000 0.215827 
0.792806 288.000000 0.207194 
0.777698 309.000000 0.222302 
0.769065 321.000000 0.230935 
0.786331 297.000000 0.213669 
0.787770 295.000000 0.212230 
0.789209 293.000000 0.210791 
0.776259 311.000000 0.223741 
0.758273 336.000000 0.241727 
0.771942 317.000000 0.228058 
0.774820 313.000000 0.225180 
0.771942 317.000000 0.228058 
0.772662 316.000000 0.227338 
0.782734 302.000000 0.217266 
0.785612 298.000000 0.214388 
0.765468 326.000000 0.234532 
0.792086 289.000000 0.207914 
0.774101 314.000000 0.225899 
0.774101 314.000000 0.225899 
0.777698 309.000000 0.222302 
0.770504 319.000000 0.229496 
0.777698 309.000000 0.222302 
0.791367 290.000000 0.208633 
0.773381 315.000000 0.226619 
0.784173 300.000000 0.215827 
0.774820 313.000000 0.225180 
0.769065 321.000000 0.230935 
0.779137 307.000000 0.220863 
0.769065 321.000000 0.230935 
0.790647 291.000000 0.209353 
0.785612 298.000000 0.214388 
0.776978 310.000000 0.223022 
0.763309 329.000000 0.236691 
0.767626 323.000000 0.232374 
0.779137 307.000000 0.220863 
0.772662 316.000000 0.227338 
0.784892 299.000000 0.215108 
0.766187 325.000000 0.233813 
0.770504 319.000000 0.229496 
0.772662 316.000000 0.227338 
0.766906 324.000000 0.233094 
0.766187 325.000000 0.233813 
0.763309 329.000000 0.236691 
0.770504 319.000000 0.229496 
0.769784 320.000000 0.230216 
0.787770 295.000000 0.212230 
0.777698 309.000000 0.222302 
0.776978 310.000000 0.223022 
0.769065 321.000000 0.230935 
0.784173 300.000000 0.215827 
0.781295 304.000000 0.218705 
0.771942 317.000000 0.228058 
0.771223 318.000000 0.228777 
0.779856 306.000000 0.220144 
0.772662 316.000000 0.227338 
0.781295 304.000000 0.218705 
0.777698 309.000000 0.222302 
0.774101 314.000000 0.225899 
0.775540 312.000000 0.224460 
0.771942 317.000000 0.228058 
0.768345 322.000000 0.231655 
0.771942 317.000000 0.228058 
0.787050 296.000000 0.212950 
0.770504 319.000000 0.229496 
0.779856 306.000000 0.220144 
0.778417 308.000000 0.221583 
0.774820 313.000000 0.225180 
0.769065 321.000000 0.230935 
0.770504 319.000000 0.229496 
0.771223 318.000000 0.228777 
0.762590 330.000000 0.237410 
0.777698 309.000000 0.222302 
0.777698 309.000000 0.222302 
0.777698 309.000000 0.222302 
0.763309 329.000000 0.236691 
0.779856 306.000000 0.220144 
0.772662 316.000000 0.227338 
0.776978 310.000000 0.223022 
0.775540 312.000000 0.224460 
0.769784 320.000000 0.230216 
0.779137 307.000000 0.220863 
0.781295 304.000000 0.218705 
0.763309 329.000000 0.236691 
0.783453 301.000000 0.216547 
0.782734 302.000000 0.217266 
0.763309 329.000000 0.236691 
0.768345 322.000000 0.231655 
0.775540 312.000000 0.224460 
0.761871 331.000000 0.238129 
0.780576 305.000000 0.219424 
0.767626 323.000000 0.232374 
0.762590 330.000000 0.237410 
0.779137 307.000000 0.220863 
0.771942 317.000000 0.228058 
0.771223 318.000000 0.228777 
0.778417 308.000000 0.221583 
0.763309 329.000000 0.236691 
0.787770 295.000000 0.212230 
0.771942 317.000000 0.228058 
0.778417 308.000000 0.221583 
0.780576 305.000000 0.219424 
0.770504 319.000000 0.229496 
0.779856 306.000000 0.220144 
0.779856 306.000000 0.220144 
0.775540 312.000000 0.224460 
0.777698 309.000000 0.222302 
0.773381 315.000000 0.226619 
0.758993 335.000000 0.241007 
0.776259 311.000000 0.223741 
0.789209 293.000000 0.210791 
0.774101 314.000000 0.225899 
0.762590 330.000000 0.237410 
0.779856 306.000000 0.220144 
0.771942 317.000000 0.228058 
0.776259 311.000000 0.223741 
0.779856 306.000000 0.220144 
0.773381 315.000000 0.226619 
0.768345 322.000000 0.231655 
0.766906 324.000000 0.233094 
0.771942 317.000000 0.228058 
0.770504 319.000000 0.229496 
0.787770 295.000000 0.212230 
0.797842 281.000000 0.202158 
0.773381 315.000000 0.226619 
0.779137 307.000000 0.220863 
0.772662 316.000000 0.227338 
0.777698 309.000000 0.222302 
0.791367 290.000000 0.208633 
0.772662 316.000000 0.227338 
0.762590 330.000000 0.237410 
0.768345 322.000000 0.231655 
0.774820 313.000000 0.225180 
0.782014 303.000000 0.217986 
0.769065 321.000000 0.230935 
0.766906 324.000000 0.233094 
0.766187 325.000000 0.233813 
0.761871 331.000000 0.238129 
0.783453 301.000000 0.216547 
0.764748 327.000000 0.235252 
0.779137 307.000000 0.220863 
0.770504 319.000000 0.229496 
0.751079 346.000000 0.248921 
0.784892 299.000000 0.215108 
0.796403 283.000000 0.203597 
0.784173 300.000000 0.215827 
0.779856 306.000000 0.220144 
0.774820 313.000000 0.225180 
0.779856 306.000000 0.220144 
0.776978 310.000000 0.223022 
0.774101 314.000000 0.225899 
0.774101 314.000000 0.225899 
0.768345 322.000000 0.231655 
0.775540 312.000000 0.224460 
0.771223 318.000000 0.228777 
0.768345 322.000000 0.231655 
0.767626 323.000000 0.232374 
0.769065 321.000000 0.230935 
0.789209 293.000000 0.210791 
0.779137 307.000000 0.220863 
0.774820 313.000000 0.225180 
0.781295 304.000000 0.218705 
0.781295 304.000000 0.218705 
0.764748 327.000000 0.235252 
0.766187 325.000000 0.233813 
0.786331 297.000000 0.213669 
0.775540 312.000000 0.224460 
0.764029 328.000000 0.235971 
0.779137 307.000000 0.220863 
0.764748 327.000000 0.235252 
0.788489 294.000000 0.211511 
0.782014 303.000000 0.217986 
0.774820 313.000000 0.225180 
0.779137 307.000000 0.220863 
0.766906 324.000000 0.233094 
0.780576 305.000000 0.219424 
0.775540 312.000000 0.224460 
0.788489 294.000000 0.211511 
0.762590 330.000000 0.237410 
0.775540 312.000000 0.224460 
0.776259 311.000000 0.223741 
0.771223 318.000000 0.228777 
0.769065 321.000000 0.230935 
0.766906 324.000000 0.233094 
0.782014 303.000000 0.217986 
0.781295 304.000000 0.218705 
0.765468 326.000000 0.234532 
0.773381 315.000000 0.226619 
0.776978 310.000000 0.223022 
0.777698 309.000000 0.222302 
0.783453 301.000000 0.216547 
0.764029 328.000000 0.235971 
0.776978 310.000000 0.223022 
0.774101 314.000000 0.225899 
0.777698 309.000000 0.222302 
0.781295 304.000000 0.218705 
0.766906 324.000000 0.233094 
0.778417 308.000000 0.221583 
0.767626 323.000000 0.232374 
0.765468 326.000000 0.234532 
0.773381 315.000000 0.226619 
0.779137 307.000000 0.220863 
0.785612 298.000000 0.214388 
0.766187 325.000000 0.233813 
0.774101 314.000000 0.225899 
0.779856 306.000000 0.220144 
0.774101 314.000000 0.225899 
0.786331 297.000000 0.213669 
0.768345 322.000000 0.231655 
0.784173 300.000000 0.215827 
0.782014 303.000000 0.217986 
0.780576 305.000000 0.219424 
0.767626 323.000000 0.232374 
0.776978 310.000000 0.223022 
0.771942 317.000000 0.228058 
0.777698 309.000000 0.222302 
0.784173 300.000000 0.215827 
0.757554 337.000000 0.242446 
0.774820 313.000000 0.225180 
0.764029 328.000000 0.235971 
0.772662 316.000000 0.227338 
0.761871 331.000000 0.238129 
0.771942 317.000000 0.228058 
0.781295 304.000000 0.218705 
0.777698 309.000000 0.222302 
0.761871 331.000000 0.238129 
0.778417 308.000000 0.221583 
0.782734 302.000000 0.217266 
0.767626 323.000000 0.232374 
0.775540 312.000000 0.224460 
0.789928 292.000000 0.210072 
0.781295 304.000000 0.218705 
0.774101 314.000000 0.225899 
0.776259 311.000000 0.223741 
0.763309 329.000000 0.236691 
0.786331 297.000000 0.213669 
0.771223 318.000000 0.228777 
0.764029 328.000000 0.235971 
0.773381 315.000000 0.226619 
0.776978 310.000000 0.223022 
0.771223 318.000000 0.228777 
0.773381 315.000000 0.226619 
0.785612 298.000000 0.214388 
0.775540 312.000000 0.224460 
0.769065 321.000000 0.230935 
0.769065 321.000000 0.230935 
0.777698 309.000000 0.222302 
0.779137 307.000000 0.220863 
0.773381 315.000000 0.226619 
0.773381 315.000000 0.226619 
0.772662 316.000000 0.227338 
0.774101 314.000000 0.225899 
0.763309 329.000000 0.236691 
0.770504 319.000000 0.229496 
0.764748 327.000000 0.235252 
0.782014 303.000000 0.217986 
0.784892 299.000000 0.215108 
0.752518 344.000000 0.247482 
0.778417 308.000000 0.221583 
0.774101 314.000000 0.225899 
0.772662 316.000000 0.227338 
0.771942 317.000000 0.228058 
0.774101 314.000000 0.225899 
0.792806 288.000000 0.207194 
0.784173 300.000000 0.215827 
0.788489 294.000000 0.211511 
0.774101 314.000000 0.225899 
0.770504 319.000000 0.229496 
0.774101 314.000000 0.225899 
0.767626 323.000000 0.232374 
0.774820 313.000000 0.225180 
0.780576 305.000000 0.219424 
0.784173 300.000000 0.215827 
0.774820 313.000000 0.225180 
0.765468 326.000000 0.234532 
0.774820 313.000000 0.225180 
0.779856 306.000000 0.220144 
0.774101 314.000000 0.225899 
0.765468 326.000000 0.234532 
0.774101 314.000000 0.225899 
0.769784 320.000000 0.230216 
0.769065 321.000000 0.230935 
0.765468 326.000000 0.234532 
0.771942 317.000000 0.228058 
0.784173 300.000000 0.215827 
0.781295 304.000000 0.218705 
0.783453 301.000000 0.216547 
0.774820 313.000000 0.225180 
0.784173 300.000000 0.215827 
0.765468 326.000000 0.234532 
0.774820 313.000000 0.225180 
0.766906 324.000000 0.233094 
0.760432 333.000000 0.239568 
0.782014 303.000000 0.217986 
0.777698 309.000000 0.222302 
0.774820 313.000000 0.225180 
0.787770 295.000000 0.212230 
0.779137 307.000000 0.220863 
0.787770 295.000000 0.212230 
0.782014 303.000000 0.217986 
0.772662 316.000000 0.227338 
0.773381 315.000000 0.226619 
0.777698 309.000000 0.222302 
0.772662 316.000000 0.227338 
0.778417 308.000000 0.221583 
0.764748 327.000000 0.235252 
0.771223 318.000000 0.228777 
0.769784 320.000000 0.230216 
0.779137 307.000000 0.220863 
0.765468 326.000000 0.234532 
0.782734 302.000000 0.217266 
0.779137 307.000000 0.220863 
0.787770 295.000000 0.212230 
0.765468 326.000000 0.234532 
0.766187 325.000000 0.233813 
0.762590 330.000000 0.237410 
0.776259 311.000000 0.223741 
0.755396 340.000000 0.244604 
0.779137 307.000000 0.220863 
0.764748 327.000000 0.235252 
0.771942 317.000000 0.228058 
0.774101 314.000000 0.225899 
0.789209 293.000000 0.210791 
0.768345 322.000000 0.231655 
0.769065 321.000000 0.230935 
0.778417 308.000000 0.221583 
0.774101 314.000000 0.225899 
0.776978 310.000000 0.223022 
0.764748 327.000000 0.235252 
0.784892 299.000000 0.215108 
0.775540 312.000000 0.224460 
0.768345 322.000000 0.231655 
0.774820 313.000000 0.225180 
0.773381 315.000000 0.226619 
0.767626 323.000000 0.232374 
0.776259 311.000000 0.223741 
0.782014 303.000000 0.217986 
0.774101 314.000000 0.225899 
0.770504 319.000000 0.229496 
0.770504 319.000000 0.229496 
0.793525 287.000000 0.206475 
0.770504 319.000000 0.229496 
0.783453 301.000000 0.216547 
0.777698 309.000000 0.222302 
0.765468 326.000000 0.234532 
0.766906 324.000000 0.233094 
0.769065 321.000000 0.230935 
0.770504 319.000000 0.229496 
0.773381 315.000000 0.226619 
0.774820 313.000000 0.225180 
0.769065 321.000000 0.230935 
0.770504 319.000000 0.229496 
0.767626 323.000000 0.232374 
0.778417 308.000000 0.221583 
0.770504 319.000000 0.229496 
0.768345 322.000000 0.231655 
0.782734 302.000000 0.217266 
0.772662 316.000000 0.227338 
0.774101 314.000000 0.225899 
0.773381 315.000000 0.226619 
0.776978 310.000000 0.223022 
0.772662 316.000000 0.227338 
0.766906 324.000000 0.233094 
0.793525 287.000000 0.206475 
0.774101 314.000000 0.225899 
0.776978 310.000000 0.223022 
0.777698 309.000000 0.222302 
0.771942 317.000000 0.228058 
0.784173 300.000000 0.215827 
0.781295 304.000000 0.218705 
0.767626 323.000000 0.232374 
0.766187 325.000000 0.233813 
0.783453 301.000000 0.216547 
0.761871 331.000000 0.238129 
0.784173 300.000000 0.215827 
0.761871 331.000000 0.238129 
0.785612 298.000000 0.214388 
0.789928 292.000000 0.210072 
0.792806 288.000000 0.207194 
0.784892 299.000000 0.215108 
0.781295 304.000000 0.218705 
0.773381 315.000000 0.226619 
0.774820 313.000000 0.225180 
0.774820 313.000000 0.225180 
0.775540 312.000000 0.224460 
0.773381 315.000000 0.226619 
0.776259 311.000000 0.223741 
0.778417 308.000000 0.221583 
0.774101 314.000000 0.225899 
0.780576 305.000000 0.219424 
0.772662 316.000000 0.227338 
0.777698 309.000000 0.222302 
0.776978 310.000000 0.223022 
0.778417 308.000000 0.221583 
0.776978 310.000000 0.223022 
0.764748 327.000000 0.235252 
0.765468 326.000000 0.234532 
0.774101 314.000000 0.225899 
0.776259 311.000000 0.223741 
0.766906 324.000000 0.233094 
0.782734 302.000000 0.217266 
0.780576 305.000000 0.219424 
0.781295 304.000000 0.218705 
0.769065 321.000000 0.230935 
0.784173 300.000000 0.215827 
0.770504 319.000000 0.229496 
0.779856 306.000000 0.220144 
0.754676 341.000000 0.245324 
0.785612 298.000000 0.214388 
0.777698 309.000000 0.222302 
0.767626 323.000000 0.232374 
0.776978 310.000000 0.223022 
0.774101 314.000000 0.225899 
0.769065 321.000000 0.230935 
0.774820 313.000000 0.225180 
0.758993 335.000000 0.241007 
0.769065 321.000000 0.230935 
0.774820 313.000000 0.225180 
0.769065 321.000000 0.230935 
0.776259 311.000000 0.223741 
0.767626 323.000000 0.232374 
0.787770 295.000000 0.212230 
0.778417 308.000000 0.221583 
0.774101 314.000000 0.225899 
0.775540 312.000000 0.224460 
0.784173 300.000000 0.215827 
0.773381 315.000000 0.226619 
0.775540 312.000000 0.224460 
0.781295 304.000000 0.218705 
0.772662 316.000000 0.227338 
0.776978 310.000000 0.223022 
0.775540 312.000000 0.224460 
0.764748 327.000000 0.235252 
0.774820 313.000000 0.225180 
0.766187 325.000000 0.233813 
0.778417 308.000000 0.221583 
0.781295 304.000000 0.218705 
0.778417 308.000000 0.221583 
0.771223 318.000000 0.228777 
0.761151 332.000000 0.238849 
0.784892 299.000000 0.215108 
0.763309 329.000000 0.236691 
0.784173 300.000000 0.215827 
0.766906 324.000000 0.233094 
0.776978 310.000000 0.223022 
0.771223 318.000000 0.228777 
0.780576 305.000000 0.219424 
0.784173 300.000000 0.215827 
0.776978 310.000000 0.223022 
0.784173 300.000000 0.215827 
0.786331 297.000000 0.213669 
0.779137 307.000000 0.220863 
0.766187 325.000000 0.233813 
0.774101 314.000000 0.225899 
0.774820 313.000000 0.225180 
0.775540 312.000000 0.224460 
0.765468 326.000000 0.234532 
0.766906 324.000000 0.233094 
0.756835 338.000000 0.243165 
0.773381 315.000000 0.226619 
0.785612 298.000000 0.214388 
0.776259 311.000000 0.223741 
0.777698 309.000000 0.222302 
0.772662 316.000000 0.227338 
0.764029 328.000000 0.235971 
0.772662 316.000000 0.227338 
0.772662 316.000000 0.227338 
0.776978 310.000000 0.223022 
0.783453 301.000000 0.216547 
0.770504 319.000000 0.229496 
0.778417 308.000000 0.221583 
0.784892 299.000000 0.215108 
0.774101 314.000000 0.225899 
0.772662 316.000000 0.227338 
0.773381 315.000000 0.226619 
0.777698 309.000000 0.222302 
0.772662 316.000000 0.227338 
0.774820 313.000000 0.225180 
0.805755 270.000000 0.194245 
0.784173 300.000000 0.215827 
0.774820 313.000000 0.225180 
0.775540 312.000000 0.224460 
0.779856 306.000000 0.220144 
0.776978 310.000000 0.223022 
0.769784 320.000000 0.230216 
0.777698 309.000000 0.222302 
0.773381 315.000000 0.226619 
0.767626 323.000000 0.232374 
0.776978 310.000000 0.223022 
0.772662 316.000000 0.227338 
0.767626 323.000000 0.232374 
0.774820 313.000000 0.225180 
0.776978 310.000000 0.223022 
0.777698 309.000000 0.222302 
0.779856 306.000000 0.220144 
0.780576 305.000000 0.219424 
0.775540 312.000000 0.224460 
0.782734 302.000000 0.217266 
0.766906 324.000000 0.233094 
0.782014 303.000000 0.217986 
0.758273 336.000000 0.241727 
0.769784 320.000000 0.230216 
0.769065 321.000000 0.230935 
0.775540 312.000000 0.224460 
0.774101 314.000000 0.225899 
0.778417 308.000000 0.221583 
0.766187 325.000000 0.233813 
0.771942 317.000000 0.228058 
0.761871 331.000000 0.238129 
0.773381 315.000000 0.226619 
0.782014 303.000000 0.217986 
0.777698 309.000000 0.222302 
0.797842 281.000000 0.202158 
0.785612 298.000000 0.214388 
0.785612 298.000000 0.214388 
0.776259 311.000000 0.223741 
0.784173 300.000000 0.215827 
0.771223 318.000000 0.228777 
0.780576 305.000000 0.219424 
0.782734 302.000000 0.217266 
0.776978 310.000000 0.223022 
0.775540 312.000000 0.224460 
0.771942 317.000000 0.228058 
0.786331 297.000000 0.213669 
0.777698 309.000000 0.222302 
0.775540 312.000000 0.224460 
0.786331 297.000000 0.213669 
0.775540 312.000000 0.224460 
0.773381 315.000000 0.226619 
0.770504 319.000000 0.229496 
0.792086 289.000000 0.207914 
0.795683 284.000000 0.204317 
0.779856 306.000000 0.220144 
0.771223 318.000000 0.228777 
0.779137 307.000000 0.220863 
0.779856 306.000000 0.220144 
0.769784 320.000000 0.230216 
0.776978 310.000000 0.223022 
0.774820 313.000000 0.225180 
0.772662 316.000000 0.227338 
0.782734 302.000000 0.217266 
0.769784 320.000000 0.230216 
0.772662 316.000000 0.227338 
0.771942 317.000000 0.228058 
0.756835 338.000000 0.243165 
0.788489 294.000000 0.211511 
0.782014 303.000000 0.217986 
0.779856 306.000000 0.220144 
0.779856 306.000000 0.220144 
0.779856 306.000000 0.220144 
0.781295 304.000000 0.218705 
0.788489 294.000000 0.211511 
0.758273 336.000000 0.241727 
0.766187 325.000000 0.233813 
0.777698 309.000000 0.222302 
0.774101 314.000000 0.225899 
0.783453 301.000000 0.216547 
0.773381 315.000000 0.226619 
0.771223 318.000000 0.228777 
0.771223 318.000000 0.228777 
0.774101 314.000000 0.225899 
0.780576 305.000000 0.219424 
0.781295 304.000000 0.218705 
0.771942 317.000000 0.228058 
0.763309 329.000000 0.236691 
0.768345 322.000000 0.231655 
0.771942 317.000000 0.228058 
0.771942 317.000000 0.228058 
0.777698 309.000000 0.222302 
0.780576 305.000000 0.219424 
0.777698 309.000000 0.222302 
0.775540 312.000000 0.224460 
0.781295 304.000000 0.218705 
0.778417 308.000000 0.221583 
0.777698 309.000000 0.222302 
0.777698 309.000000 0.222302 
0.782734 302.000000 0.217266 
0.776978 310.000000 0.223022 
0.761151 332.000000 0.238849 
0.768345 322.000000 0.231655 
0.771223 318.000000 0.228777 
0.771942 317.000000 0.228058 
0.785612 298.000000 0.214388 
0.782014 303.000000 0.217986 
0.762590 330.000000 0.237410 
0.788489 294.000000 0.211511 
0.771223 318.000000 0.228777 
0.764029 328.000000 0.235971 
0.771223 318.000000 0.228777 
0.783453 301.000000 0.216547 
0.776978 310.000000 0.223022 
0.775540 312.000000 0.224460 
0.779856 306.000000 0.220144 
0.786331 297.000000 0.213669 
0.796403 283.000000 0.203597 
0.781295 304.000000 0.218705 
0.764029 328.000000 0.235971 
0.764748 327.000000 0.235252 
0.775540 312.000000 0.224460 
0.782734 302.000000 0.217266 
0.770504 319.000000 0.229496 
0.775540 312.000000 0.224460 
0.777698 309.000000 0.222302 
0.769065 321.000000 0.230935 
0.782014 303.000000 0.217986 
0.771223 318.000000 0.228777 
0.766187 325.000000 0.233813 
0.783453 301.000000 0.216547 
0.771942 317.000000 0.228058 
0.781295 304.000000 0.218705 
0.782014 303.000000 0.217986 
0.766187 325.000000 0.233813 
0.789928 292.000000 0.210072 
0.784173 300.000000 0.215827 
0.771223 318.000000 0.228777 
0.779856 306.000000 0.220144 
0.782014 303.000000 0.217986 
0.775540 312.000000 0.224460 
0.769784 320.000000 0.230216 
0.773381 315.000000 0.226619 
0.770504 319.000000 0.229496 
0.771942 317.000000 0.228058 
0.786331 297.000000 0.213669 
0.772662 316.000000 0.227338 
0.787050 296.000000 0.212950 
0.780576 305.000000 0.219424 
0.784173 300.000000 0.215827 
0.772662 316.000000 0.227338 
0.768345 322.000000 0.231655 
0.759712 334.000000 0.240288 
0.776978 310.000000 0.223022 
0.766187 325.000000 0.233813 
0.788489 294.000000 0.211511 
0.774820 313.000000 0.225180 
0.783453 301.000000 0.216547 
0.774101 314.000000 0.225899 
0.776978 310.000000 0.223022 
0.765468 326.000000 0.234532 
0.775540 312.000000 0.224460 
0.769784 320.000000 0.230216 
0.777698 309.000000 0.222302 
0.768345 322.000000 0.231655 
0.781295 304.000000 0.218705 
0.774101 314.000000 0.225899 
0.774101 314.000000 0.225899 
0.768345 322.000000 0.231655 
0.780576 305.000000 0.219424 
0.771942 317.000000 0.228058 
0.779856 306.000000 0.220144 
0.779137 307.000000 0.220863 
0.760432 333.000000 0.239568 
0.768345 322.000000 0.231655 
0.777698 309.000000 0.222302 
0.755396 340.000000 0.244604 
0.767626 323.000000 0.232374 
0.782734 302.000000 0.217266 
0.779856 306.000000 0.220144 
0.767626 323.000000 0.232374 
0.781295 304.000000 0.218705 
0.767626 323.000000 0.232374 
0.767626 323.000000 0.232374 
0.781295 304.000000 0.218705 
0.762590 330.000000 0.237410 
0.769784 320.000000 0.230216 
0.781295 304.000000 0.218705 
0.774820 313.000000 0.225180 
0.777698 309.000000 0.222302 
0.785612 298.000000 0.214388 
0.785612 298.000000 0.214388 
0.766906 324.000000 0.233094 
0.791367 290.000000 0.208633 
0.771942 317.000000 0.228058 
0.783453 301.000000 0.216547 
0.786331 297.000000 0.213669 
0.766187 325.000000 0.233813 
0.765468 326.000000 0.234532 
0.776978 310.000000 0.223022 
0.775540 312.000000 0.224460 
0.773381 315.000000 0.226619 
0.759712 334.000000 0.240288 
0.782734 302.000000 0.217266 
0.779856 306.000000 0.220144 
0.757554 337.000000 0.242446 
0.769784 320.000000 0.230216 
0.769065 321.000000 0.230935 
0.756115 339.000000 0.243885 
0.769784 320.000000 0.230216 
0.778417 308.000000 0.221583 
0.772662 316.000000 0.227338 
0.776978 310.000000 0.223022 
0.771223 318.000000 0.228777 
0.784892 299.000000 0.215108 
0.771942 317.000000 0.228058 
0.780576 305.000000 0.219424 
0.776259 311.000000 0.223741 
0.779137 307.000000 0.220863 
0.780576 305.000000 0.219424 
0.776978 310.000000 0.223022 
0.783453 301.000000 0.216547 
0.773381 315.000000 0.226619 
0.774101 314.000000 0.225899 
0.774101 314.000000 0.225899 
0.771942 317.000000 0.228058 
0.774101 314.000000 0.225899 
0.772662 316.000000 0.227338 
0.768345 322.000000 0.231655 
0.766187 325.000000 0.233813 
0.769065 321.000000 0.230935 
0.766187 325.000000 0.233813 
0.775540 312.000000 0.224460 
0.775540 312.000000 0.224460 
0.778417 308.000000 0.221583 
0.773381 315.000000 0.226619 
0.774820 313.000000 0.225180 
0.768345 322.000000 0.231655 
0.753957 342.000000 0.246043 
0.782734 302.000000 0.217266 
0.784173 300.000000 0.215827 
0.772662 316.000000 0.227338 
0.776978 310.000000 0.223022 
0.771223 318.000000 0.228777 
0.783453 301.000000 0.216547 
0.766906 324.000000 0.233094 
0.784173 300.000000 0.215827 
0.774101 314.000000 0.225899 
0.779856 306.000000 0.220144 
0.780576 305.000000 0.219424 
0.784892 299.000000 0.215108 
0.777698 309.000000 0.222302 
0.762590 330.000000 0.237410 
0.771942 317.000000 0.228058 
0.780576 305.000000 0.219424 
0.772662 316.000000 0.227338 
0.778417 308.000000 0.221583 
0.774101 314.000000 0.225899 
0.782014 303.000000 0.217986 
0.766187 325.000000 0.233813 
0.771942 317.000000 0.228058 
0.770504 319.000000 0.229496 
0.772662 316.000000 0.227338 
0.792086 289.000000 0.207914 
0.782734 302.000000 0.217266 
0.769784 320.000000 0.230216 
0.770504 319.000000 0.229496 
0.770504 319.000000 0.229496 
0.768345 322.000000 0.231655 
0.773381 315.000000 0.226619 
0.764748 327.000000 0.235252 
0.782014 303.000000 0.217986 
0.774101 314.000000 0.225899 
0.779137 307.000000 0.220863 
0.770504 319.000000 0.229496 
0.782014 303.000000 0.217986 
0.769065 321.000000 0.230935 
0.783453 301.000000 0.216547 
0.773381 315.000000 0.226619 
0.766187 325.000000 0.233813 
0.776978 310.000000 0.223022 
0.773381 315.000000 0.226619 
0.781295 304.000000 0.218705 
0.776978 310.000000 0.223022 
0.764748 327.000000 0.235252 
0.771223 318.000000 0.228777 
0.767626 323.000000 0.232374 
0.782734 302.000000 0.217266 
0.757554 337.000000 0.242446 
0.769784 320.000000 0.230216 
0.774820 313.000000 0.225180 
0.779856 306.000000 0.220144 
0.784173 300.000000 0.215827 
0.773381 315.000000 0.226619 
0.766906 324.000000 0.233094 
0.792086 289.000000 0.207914 
0.774820 313.000000 0.225180 
0.758273 336.000000 0.241727 
0.776259 311.000000 0.223741 
0.775540 312.000000 0.224460 
0.780576 305.000000 0.219424 
0.776259 311.000000 0.223741 
0.761871 331.000000 0.238129 
0.779856 306.000000 0.220144 
0.792806 288.000000 0.207194 
0.769065 321.000000 0.230935 
0.768345 322.000000 0.231655 
0.781295 304.000000 0.218705 
0.761151 332.000000 0.238849 
0.776259 311.000000 0.223741 
0.779137 307.000000 0.220863 
0.781295 304.000000 0.218705 
0.776259 311.000000 0.223741 
0.773381 315.000000 0.226619 
0.777698 309.000000 0.222302 
0.767626 323.000000 0.232374 
0.776259 311.000000 0.223741 
0.781295 304.000000 0.218705 
0.770504 319.000000 0.229496 
0.781295 304.000000 0.218705 
0.785612 298.000000 0.214388 
0.757554 337.000000 0.242446 
0.787770 295.000000 0.212230 
0.779856 306.000000 0.220144 
0.792086 289.000000 0.207914 
0.769065 321.000000 0.230935 
0.792086 289.000000 0.207914 
0.782014 303.000000 0.217986 
0.787770 295.000000 0.212230 
0.774101 314.000000 0.225899 
0.778417 308.000000 0.221583 
0.769065 321.000000 0.230935 
0.769065 321.000000 0.230935 
0.762590 330.000000 0.237410 
0.797842 281.000000 0.202158 
0.789209 293.000000 0.210791 
0.770504 319.000000 0.229496 
0.787050 296.000000 0.212950 
0.761871 331.000000 0.238129 
0.771942 317.000000 0.228058 
0.782014 303.000000 0.217986 
0.779137 307.000000 0.220863 
0.761151 332.000000 0.238849 
0.764029 328.000000 0.235971 
0.780576 305.000000 0.219424 
0.769784 320.000000 0.230216 
0.780576 305.000000 0.219424 
0.776259 311.000000 0.223741 
0.774820 313.000000 0.225180 
0.772662 316.000000 0.227338 
0.766906 324.000000 0.233094 
0.769065 321.000000 0.230935 
0.784173 300.000000 0.215827 
0.782014 303.000000 0.217986 
0.773381 315.000000 0.226619 
0.776978 310.000000 0.223022 
0.772662 316.000000 0.227338 
0.762590 330.000000 0.237410 
0.781295 304.000000 0.218705 
0.764029 328.000000 0.235971 
0.774101 314.000000 0.225899 
0.766906 324.000000 0.233094 
0.769784 320.000000 0.230216 
0.774820 313.000000 0.225180 
0.766906 324.000000 0.233094 
0.779856 306.000000 0.220144 
0.777698 309.000000 0.222302 
0.769784 320.000000 0.230216 
0.779137 307.000000 0.220863 
0.766906 324.000000 0.233094 
0.774820 313.000000 0.225180 
0.770504 319.000000 0.229496 
0.784173 300.000000 0.215827 
0.781295 304.000000 0.218705 
0.787770 295.000000 0.212230 
0.779137 307.000000 0.220863 
0.766187 325.000000 0.233813 
0.789209 293.000000 0.210791 
0.779137 307.000000 0.220863 
0.766906 324.000000 0.233094 
0.769065 321.000000 0.230935 
0.764748 327.000000 0.235252 
0.779856 306.000000 0.220144 
0.774101 314.000000 0.225899 
0.772662 316.000000 0.227338 
0.765468 326.000000 0.234532 
0.767626 323.000000 0.232374 
0.780576 305.000000 0.219424 
0.773381 315.000000 0.226619 
0.781295 304.000000 0.218705 
0.773381 315.000000 0.226619 
0.774101 314.000000 0.225899 
0.769065 321.000000 0.230935 
0.783453 301.000000 0.216547 
0.776978 310.000000 0.223022 
0.765468 326.000000 0.234532 
0.782014 303.000000 0.217986 
0.760432 333.000000 0.239568 
0.777698 309.000000 0.222302 
0.769784 320.000000 0.230216 
0.776978 310.000000 0.223022 
0.769784 320.000000 0.230216 
0.780576 305.000000 0.219424 
0.771942 317.000000 0.228058 
0.772662 316.000000 0.227338 
0.782734 302.000000 0.217266 
0.790647 291.000000 0.209353 
0.777698 309.000000 0.222302 
0.768345 322.000000 0.231655 
0.772662 316.000000 0.227338 
0.759712 334.000000 0.240288 
0.771223 318.000000 0.228777 
0.764748 327.000000 0.235252 
0.771223 318.000000 0.228777 
0.780576 305.000000 0.219424 
0.777698 309.000000 0.222302 
0.770504 319.000000 0.229496 
0.776259 311.000000 0.223741 
