0.091765 56.000000 0.193103 
0.093725 51.000000 0.175862 
0.087843 66.000000 0.227586 
0.088235 65.000000 0.224138 
0.083922 76.000000 0.262069 
0.087059 68.000000 0.234483 
0.085882 71.000000 0.244828 
0.085882 71.000000 0.244828 
0.089020 63.000000 0.217241 
0.088235 65.000000 0.224138 
0.087843 66.000000 0.227586 
0.090588 59.000000 0.203448 
0.088235 65.000000 0.224138 
0.093725 51.000000 0.175862 
0.095294 47.000000 0.162069 
0.085490 72.000000 0.248276 
0.090588 59.000000 0.203448 
0.083529 77.000000 0.265517 
0.088627 64.000000 0.220690 
0.087059 68.000000 0.234483 
0.087059 68.000000 0.234483 
0.091765 56.000000 0.193103 
0.090980 58.000000 0.200000 
0.091765 56.000000 0.193103 
0.089020 63.000000 0.217241 
0.087059 68.000000 0.234483 
0.082745 79.000000 0.272414 
0.090196 60.000000 0.206897 
0.090196 60.000000 0.206897 
0.090980 58.000000 0.200000 
0.086667 69.000000 0.237931 
0.090588 59.000000 0.203448 
0.083529 77.000000 0.265517 
0.088627 64.000000 0.220690 
0.089020 63.000000 0.217241 
0.089020 63.000000 0.217241 
0.085490 72.000000 0.248276 
0.087451 67.000000 0.231034 
0.090980 58.000000 0.200000 
0.088235 65.000000 0.224138 
0.092549 54.000000 0.186207 
0.087059 68.000000 0.234483 
0.091373 57.000000 0.196552 
0.084706 74.000000 0.255172 
0.091373 57.000000 0.196552 
0.085098 73.000000 0.251724 
0.089020 63.000000 0.217241 
0.094510 49.000000 0.168966 
0.089412 62.000000 0.213793 
0.086667 69.000000 0.237931 
0.087059 68.000000 0.234483 
0.086667 69.000000 0.237931 
0.085490 72.000000 0.248276 
0.082353 80.000000 0.275862 
0.086275 70.000000 0.241379 
0.088627 64.000000 0.220690 
0.090196 60.000000 0.206897 
0.088627 64.000000 0.220690 
0.087843 66.000000 0.227586 
0.087843 66.000000 0.227586 
0.091765 56.000000 0.193103 
0.087059 68.000000 0.234483 
0.089412 62.000000 0.213793 
0.088235 65.000000 0.224138 
0.086667 69.000000 0.237931 
0.091765 56.000000 0.193103 
0.085490 72.000000 0.248276 
0.089020 63.000000 0.217241 
0.090588 59.000000 0.203448 
0.090980 58.000000 0.200000 
0.088235 65.000000 0.224138 
0.090980 58.000000 0.200000 
0.089804 61.000000 0.210345 
0.084706 74.000000 0.255172 
0.089412 62.000000 0.213793 
0.090980 58.000000 0.200000 
0.087059 68.000000 0.234483 
0.089020 63.000000 0.217241 
0.090588 59.000000 0.203448 
0.090980 58.000000 0.200000 
0.089020 63.000000 0.217241 
0.089412 62.000000 0.213793 
0.093725 51.000000 0.175862 
0.089020 63.000000 0.217241 
0.092941 53.000000 0.182759 
0.092549 54.000000 0.186207 
0.087059 68.000000 0.234483 
0.087451 67.000000 0.231034 
0.090196 60.000000 0.206897 
0.087843 66.000000 0.227586 
0.084314 75.000000 0.258621 
0.090980 58.000000 0.200000 
0.089412 62.000000 0.213793 
0.091373 57.000000 0.196552 
0.085098 73.000000 0.251724 
0.082745 79.000000 0.272414 
0.084314 75.000000 0.258621 
0.090588 59.000000 0.203448 
0.092941 53.000000 0.182759 
0.092157 55.000000 0.189655 
0.092549 54.000000 0.186207 
0.091373 57.000000 0.196552 
0.089804 61.000000 0.210345 
0.090588 59.000000 0.203448 
0.090588 59.000000 0.203448 
0.090980 58.000000 0.200000 
0.089804 61.000000 0.210345 
0.087059 68.000000 0.234483 
0.088235 65.000000 0.224138 
0.093725 51.000000 0.175862 
0.087451 67.000000 0.231034 
0.091373 57.000000 0.196552 
0.087451 67.000000 0.231034 
0.088627 64.000000 0.220690 
0.089020 63.000000 0.217241 
0.089804 61.000000 0.210345 
0.096863 43.000000 0.148276 
0.086275 70.000000 0.241379 
0.090588 59.000000 0.203448 
0.089020 63.000000 0.217241 
0.092941 53.000000 0.182759 
0.090980 58.000000 0.200000 
0.088235 65.000000 0.224138 
0.086667 69.000000 0.237931 
0.088627 64.000000 0.220690 
0.091373 57.000000 0.196552 
0.084314 75.000000 0.258621 
0.092549 54.000000 0.186207 
0.089804 61.000000 0.210345 
0.089412 62.000000 0.213793 
0.087451 67.000000 0.231034 
0.088235 65.000000 0.224138 
0.082353 80.000000 0.275862 
0.085882 71.000000 0.244828 
0.089412 62.000000 0.213793 
0.093725 51.000000 0.175862 
0.087843 66.000000 0.227586 
0.092157 55.000000 0.189655 
0.088235 65.000000 0.224138 
0.092157 55.000000 0.189655 
0.089020 63.000000 0.217241 
0.088235 65.000000 0.224138 
0.087451 67.000000 0.231034 
0.088627 64.000000 0.220690 
0.089804 61.000000 0.210345 
0.090980 58.000000 0.200000 
0.089804 61.000000 0.210345 
0.090588 59.000000 0.203448 
0.087843 66.000000 0.227586 
0.083922 76.000000 0.262069 
0.087059 68.000000 0.234483 
0.088627 64.000000 0.220690 
0.085490 72.000000 0.248276 
0.087451 67.000000 0.231034 
0.088235 65.000000 0.224138 
0.092549 54.000000 0.186207 
0.089412 62.000000 0.213793 
0.087451 67.000000 0.231034 
0.091765 56.000000 0.193103 
0.089020 63.000000 0.217241 
0.091765 56.000000 0.193103 
0.085882 71.000000 0.244828 
0.088627 64.000000 0.220690 
0.090588 59.000000 0.203448 
0.088235 65.000000 0.224138 
0.087843 66.000000 0.227586 
0.089804 61.000000 0.210345 
0.090196 60.000000 0.206897 
0.094118 50.000000 0.172414 
0.095294 47.000000 0.162069 
0.085882 71.000000 0.244828 
0.093725 51.000000 0.175862 
0.090588 59.000000 0.203448 
0.089020 63.000000 0.217241 
0.090980 58.000000 0.200000 
0.089804 61.000000 0.210345 
0.088627 64.000000 0.220690 
0.083922 76.000000 0.262069 
0.088235 65.000000 0.224138 
0.087843 66.000000 0.227586 
0.091373 57.000000 0.196552 
0.090196 60.000000 0.206897 
0.087843 66.000000 0.227586 
0.088235 65.000000 0.224138 
0.090980 58.000000 0.200000 
0.093725 51.000000 0.175862 
0.090980 58.000000 0.200000 
0.092157 55.000000 0.189655 
0.087451 67.000000 0.231034 
0.089804 61.000000 0.210345 
0.087843 66.000000 0.227586 
0.087059 68.000000 0.234483 
0.085490 72.000000 0.248276 
0.089412 62.000000 0.213793 
0.089804 61.000000 0.210345 
0.087451 67.000000 0.231034 
0.094902 48.000000 0.165517 
0.088627 64.000000 0.220690 
0.094510 49.000000 0.168966 
0.085098 73.000000 0.251724 
0.089020 63.000000 0.217241 
0.089804 61.000000 0.210345 
0.092157 55.000000 0.189655 
0.091765 56.000000 0.193103 
0.087059 68.000000 0.234483 
0.086275 70.000000 0.241379 
0.085490 72.000000 0.248276 
0.089020 63.000000 0.217241 
0.083529 77.000000 0.265517 
0.086667 69.000000 0.237931 
0.085490 72.000000 0.248276 
0.090980 58.000000 0.200000 
0.089804 61.000000 0.210345 
0.087451 67.000000 0.231034 
0.092941 53.000000 0.182759 
0.095294 47.000000 0.162069 
0.092157 55.000000 0.189655 
0.091765 56.000000 0.193103 
0.089412 62.000000 0.213793 
0.084706 74.000000 0.255172 
0.085490 72.000000 0.248276 
0.090588 59.000000 0.203448 
0.092549 54.000000 0.186207 
0.087451 67.000000 0.231034 
0.088627 64.000000 0.220690 
0.090588 59.000000 0.203448 
0.087451 67.000000 0.231034 
0.089412 62.000000 0.213793 
0.085490 72.000000 0.248276 
0.092549 54.000000 0.186207 
0.091373 57.000000 0.196552 
0.091373 57.000000 0.196552 
0.090980 58.000000 0.200000 
0.092157 55.000000 0.189655 
0.090980 58.000000 0.200000 
0.092549 54.000000 0.186207 
0.090196 60.000000 0.206897 
0.092549 54.000000 0.186207 
0.090588 59.000000 0.203448 
0.085490 72.000000 0.248276 
0.084706 74.000000 0.255172 
0.085882 71.000000 0.244828 
0.091373 57.000000 0.196552 
0.087059 68.000000 0.234483 
0.089412 62.000000 0.213793 
0.094118 50.000000 0.172414 
0.091765 56.000000 0.193103 
0.087451 67.000000 0.231034 
0.090196 60.000000 0.206897 
0.086275 70.000000 0.241379 
0.091765 56.000000 0.193103 
0.094902 48.000000 0.165517 
0.089020 63.000000 0.217241 
0.091373 57.000000 0.196552 
0.089020 63.000000 0.217241 
0.089804 61.000000 0.210345 
0.090196 60.000000 0.206897 
0.089804 61.000000 0.210345 
0.089020 63.000000 0.217241 
0.089020 63.000000 0.217241 
0.087843 66.000000 0.227586 
0.091765 56.000000 0.193103 
0.090588 59.000000 0.203448 
0.090980 58.000000 0.200000 
0.083529 77.000000 0.265517 
0.088627 64.000000 0.220690 
0.091765 56.000000 0.193103 
0.083922 76.000000 0.262069 
0.094510 49.000000 0.168966 
0.088235 65.000000 0.224138 
0.093333 52.000000 0.179310 
0.085098 73.000000 0.251724 
0.088627 64.000000 0.220690 
0.085882 71.000000 0.244828 
0.092941 53.000000 0.182759 
0.091765 56.000000 0.193103 
0.087451 67.000000 0.231034 
0.084706 74.000000 0.255172 
0.092941 53.000000 0.182759 
0.083529 77.000000 0.265517 
0.091373 57.000000 0.196552 
0.087843 66.000000 0.227586 
0.089412 62.000000 0.213793 
0.088235 65.000000 0.224138 
0.086667 69.000000 0.237931 
0.088627 64.000000 0.220690 
0.088627 64.000000 0.220690 
0.088235 65.000000 0.224138 
0.092549 54.000000 0.186207 
0.089020 63.000000 0.217241 
0.092157 55.000000 0.189655 
0.088627 64.000000 0.220690 
0.083529 77.000000 0.265517 
0.088627 64.000000 0.220690 
0.089804 61.000000 0.210345 
0.091373 57.000000 0.196552 
0.092157 55.000000 0.189655 
0.090980 58.000000 0.200000 
0.089020 63.000000 0.217241 
0.090980 58.000000 0.200000 
0.088627 64.000000 0.220690 
0.089412 62.000000 0.213793 
0.083529 77.000000 0.265517 
0.092941 53.000000 0.182759 
0.090588 59.000000 0.203448 
0.095294 47.000000 0.162069 
0.083922 76.000000 0.262069 
0.089020 63.000000 0.217241 
0.088235 65.000000 0.224138 
0.091765 56.000000 0.193103 
0.089804 61.000000 0.210345 
0.098039 40.000000 0.137931 
0.085882 71.000000 0.244828 
0.093333 52.000000 0.179310 
0.086667 69.000000 0.237931 
0.087843 66.000000 0.227586 
0.096471 44.000000 0.151724 
0.089412 62.000000 0.213793 
0.089804 61.000000 0.210345 
0.085882 71.000000 0.244828 
0.088627 64.000000 0.220690 
0.091373 57.000000 0.196552 
0.088627 64.000000 0.220690 
0.090980 58.000000 0.200000 
0.085882 71.000000 0.244828 
0.093725 51.000000 0.175862 
0.090196 60.000000 0.206897 
0.090980 58.000000 0.200000 
0.092941 53.000000 0.182759 
0.084706 74.000000 0.255172 
0.089020 63.000000 0.217241 
0.091373 57.000000 0.196552 
0.090980 58.000000 0.200000 
0.092549 54.000000 0.186207 
0.085882 71.000000 0.244828 
0.091765 56.000000 0.193103 
0.082353 80.000000 0.275862 
0.086667 69.000000 0.237931 
0.093333 52.000000 0.179310 
0.089804 61.000000 0.210345 
0.087059 68.000000 0.234483 
0.089020 63.000000 0.217241 
0.085098 73.000000 0.251724 
0.085490 72.000000 0.248276 
0.087059 68.000000 0.234483 
0.091373 57.000000 0.196552 
0.086275 70.000000 0.241379 
0.089020 63.000000 0.217241 
0.089804 61.000000 0.210345 
0.092941 53.000000 0.182759 
0.091765 56.000000 0.193103 
0.088627 64.000000 0.220690 
0.088235 65.000000 0.224138 
0.089804 61.000000 0.210345 
0.087451 67.000000 0.231034 
0.087843 66.000000 0.227586 
0.089412 62.000000 0.213793 
0.087451 67.000000 0.231034 
0.091765 56.000000 0.193103 
0.086667 69.000000 0.237931 
0.086275 70.000000 0.241379 
0.089020 63.000000 0.217241 
0.083529 77.000000 0.265517 
0.094902 48.000000 0.165517 
0.089804 61.000000 0.210345 
0.086667 69.000000 0.237931 
0.092157 55.000000 0.189655 
0.086667 69.000000 0.237931 
0.092941 53.000000 0.182759 
0.090196 60.000000 0.206897 
0.090588 59.000000 0.203448 
0.090588 59.000000 0.203448 
0.088235 65.000000 0.224138 
0.089804 61.000000 0.210345 
0.089412 62.000000 0.213793 
0.082745 79.000000 0.272414 
0.087059 68.000000 0.234483 
0.091373 57.000000 0.196552 
0.094118 50.000000 0.172414 
0.087843 66.000000 0.227586 
0.088235 65.000000 0.224138 
0.089804 61.000000 0.210345 
0.085098 73.000000 0.251724 
0.088235 65.000000 0.224138 
0.089020 63.000000 0.217241 
0.095686 46.000000 0.158621 
0.089804 61.000000 0.210345 
0.087451 67.000000 0.231034 
0.086667 69.000000 0.237931 
0.087059 68.000000 0.234483 
0.091765 56.000000 0.193103 
0.088235 65.000000 0.224138 
0.083922 76.000000 0.262069 
0.090588 59.000000 0.203448 
0.082353 80.000000 0.275862 
0.089804 61.000000 0.210345 
0.092549 54.000000 0.186207 
0.085882 71.000000 0.244828 
0.090980 58.000000 0.200000 
0.082745 79.000000 0.272414 
0.094118 50.000000 0.172414 
0.092157 55.000000 0.189655 
0.088627 64.000000 0.220690 
0.087451 67.000000 0.231034 
0.090196 60.000000 0.206897 
0.089020 63.000000 0.217241 
0.085882 71.000000 0.244828 
0.089804 61.000000 0.210345 
0.092549 54.000000 0.186207 
0.092157 55.000000 0.189655 
0.087059 68.000000 0.234483 
0.091373 57.000000 0.196552 
0.084314 75.000000 0.258621 
0.086667 69.000000 0.237931 
0.089804 61.000000 0.210345 
0.088627 64.000000 0.220690 
0.092549 54.000000 0.186207 
0.087059 68.000000 0.234483 
0.085490 72.000000 0.248276 
0.087059 68.000000 0.234483 
0.087843 66.000000 0.227586 
0.090980 58.000000 0.200000 
0.087059 68.000000 0.234483 
0.084706 74.000000 0.255172 
0.092941 53.000000 0.182759 
0.085490 72.000000 0.248276 
0.089412 62.000000 0.213793 
0.085098 73.000000 0.251724 
0.091373 57.000000 0.196552 
0.090588 59.000000 0.203448 
0.086275 70.000000 0.241379 
0.085490 72.000000 0.248276 
0.088627 64.000000 0.220690 
0.089804 61.000000 0.210345 
0.092157 55.000000 0.189655 
0.087451 67.000000 0.231034 
0.094510 49.000000 0.168966 
0.082745 79.000000 0.272414 
0.090980 58.000000 0.200000 
0.092549 54.000000 0.186207 
0.090588 59.000000 0.203448 
0.092941 53.000000 0.182759 
0.089804 61.000000 0.210345 
0.090588 59.000000 0.203448 
0.086275 70.000000 0.241379 
0.092941 53.000000 0.182759 
0.087059 68.000000 0.234483 
0.087843 66.000000 0.227586 
0.087451 67.000000 0.231034 
0.090196 60.000000 0.206897 
0.089020 63.000000 0.217241 
0.086667 69.000000 0.237931 
0.087059 68.000000 0.234483 
0.088235 65.000000 0.224138 
0.090980 58.000000 0.200000 
0.091373 57.000000 0.196552 
0.087843 66.000000 0.227586 
0.085098 73.000000 0.251724 
0.089804 61.000000 0.210345 
0.093333 52.000000 0.179310 
0.087059 68.000000 0.234483 
0.090196 60.000000 0.206897 
0.083529 77.000000 0.265517 
0.088627 64.000000 0.220690 
0.086667 69.000000 0.237931 
0.087843 66.000000 0.227586 
0.087843 66.000000 0.227586 
0.089412 62.000000 0.213793 
0.091373 57.000000 0.196552 
0.096863 43.000000 0.148276 
0.091373 57.000000 0.196552 
0.090980 58.000000 0.200000 
0.087843 66.000000 0.227586 
0.090980 58.000000 0.200000 
0.087843 66.000000 0.227586 
0.091373 57.000000 0.196552 
0.091373 57.000000 0.196552 
0.085490 72.000000 0.248276 
0.090196 60.000000 0.206897 
0.087451 67.000000 0.231034 
0.090588 59.000000 0.203448 
0.088627 64.000000 0.220690 
0.083922 76.000000 0.262069 
0.089020 63.000000 0.217241 
0.091765 56.000000 0.193103 
0.085882 71.000000 0.244828 
0.087451 67.000000 0.231034 
0.089020 63.000000 0.217241 
0.087451 67.000000 0.231034 
0.085490 72.000000 0.248276 
0.089020 63.000000 0.217241 
0.090588 59.000000 0.203448 
0.094118 50.000000 0.172414 
0.090588 59.000000 0.203448 
0.089020 63.000000 0.217241 
0.088235 65.000000 0.224138 
0.085490 72.000000 0.248276 
0.091765 56.000000 0.193103 
0.091373 57.000000 0.196552 
0.092157 55.000000 0.189655 
0.090980 58.000000 0.200000 
0.089020 63.000000 0.217241 
0.086275 70.000000 0.241379 
0.089804 61.000000 0.210345 
0.089020 63.000000 0.217241 
0.090196 60.000000 0.206897 
0.089020 63.000000 0.217241 
0.092941 53.000000 0.182759 
0.086667 69.000000 0.237931 
0.085882 71.000000 0.244828 
0.090588 59.000000 0.203448 
0.087451 67.000000 0.231034 
0.090196 60.000000 0.206897 
0.095294 47.000000 0.162069 
0.092549 54.000000 0.186207 
0.087843 66.000000 0.227586 
0.085098 73.000000 0.251724 
0.090196 60.000000 0.206897 
0.089020 63.000000 0.217241 
0.085490 72.000000 0.248276 
0.089412 62.000000 0.213793 
0.090588 59.000000 0.203448 
0.084314 75.000000 0.258621 
0.085882 71.000000 0.244828 
0.092157 55.000000 0.189655 
0.093725 51.000000 0.175862 
0.092941 53.000000 0.182759 
0.094118 50.000000 0.172414 
0.085490 72.000000 0.248276 
0.087059 68.000000 0.234483 
0.089412 62.000000 0.213793 
0.089020 63.000000 0.217241 
0.092157 55.000000 0.189655 
0.087843 66.000000 0.227586 
0.088627 64.000000 0.220690 
0.089412 62.000000 0.213793 
0.086667 69.000000 0.237931 
0.092157 55.000000 0.189655 
0.085882 71.000000 0.244828 
0.087059 68.000000 0.234483 
0.085098 73.000000 0.251724 
0.091373 57.000000 0.196552 
0.093333 52.000000 0.179310 
0.086275 70.000000 0.241379 
0.087059 68.000000 0.234483 
0.090196 60.000000 0.206897 
0.091373 57.000000 0.196552 
0.090980 58.000000 0.200000 
0.089804 61.000000 0.210345 
0.088627 64.000000 0.220690 
0.090588 59.000000 0.203448 
0.090196 60.000000 0.206897 
0.087843 66.000000 0.227586 
0.088235 65.000000 0.224138 
0.090196 60.000000 0.206897 
0.090980 58.000000 0.200000 
0.089020 63.000000 0.217241 
0.081569 82.000000 0.282759 
0.089020 63.000000 0.217241 
0.089412 62.000000 0.213793 
0.091765 56.000000 0.193103 
0.087843 66.000000 0.227586 
0.087843 66.000000 0.227586 
0.093333 52.000000 0.179310 
0.092157 55.000000 0.189655 
0.089020 63.000000 0.217241 
0.092941 53.000000 0.182759 
0.090588 59.000000 0.203448 
0.088235 65.000000 0.224138 
0.083922 76.000000 0.262069 
0.088627 64.000000 0.220690 
0.091765 56.000000 0.193103 
0.089020 63.000000 0.217241 
0.090196 60.000000 0.206897 
0.093725 51.000000 0.175862 
0.096078 45.000000 0.155172 
0.097255 42.000000 0.144828 
0.091765 56.000000 0.193103 
0.090980 58.000000 0.200000 
0.089804 61.000000 0.210345 
0.089020 63.000000 0.217241 
0.091765 56.000000 0.193103 
0.085098 73.000000 0.251724 
0.087059 68.000000 0.234483 
0.089020 63.000000 0.217241 
0.091765 56.000000 0.193103 
0.082745 79.000000 0.272414 
0.085882 71.000000 0.244828 
0.090588 59.000000 0.203448 
0.089412 62.000000 0.213793 
0.092549 54.000000 0.186207 
0.085490 72.000000 0.248276 
0.087451 67.000000 0.231034 
0.089804 61.000000 0.210345 
0.088627 64.000000 0.220690 
0.086275 70.000000 0.241379 
0.086667 69.000000 0.237931 
0.087843 66.000000 0.227586 
0.092549 54.000000 0.186207 
0.090196 60.000000 0.206897 
0.090196 60.000000 0.206897 
0.090196 60.000000 0.206897 
0.087843 66.000000 0.227586 
0.090980 58.000000 0.200000 
0.085490 72.000000 0.248276 
0.091765 56.000000 0.193103 
0.090196 60.000000 0.206897 
0.092157 55.000000 0.189655 
0.092549 54.000000 0.186207 
0.092549 54.000000 0.186207 
0.089020 63.000000 0.217241 
0.091373 57.000000 0.196552 
0.086667 69.000000 0.237931 
0.089020 63.000000 0.217241 
0.091765 56.000000 0.193103 
0.085490 72.000000 0.248276 
0.084706 74.000000 0.255172 
0.091765 56.000000 0.193103 
0.087451 67.000000 0.231034 
0.086667 69.000000 0.237931 
0.089804 61.000000 0.210345 
0.089020 63.000000 0.217241 
0.089804 61.000000 0.210345 
0.089412 62.000000 0.213793 
0.088627 64.000000 0.220690 
0.085882 71.000000 0.244828 
0.086667 69.000000 0.237931 
0.092941 53.000000 0.182759 
0.088235 65.000000 0.224138 
0.088627 64.000000 0.220690 
0.083922 76.000000 0.262069 
0.091373 57.000000 0.196552 
0.089020 63.000000 0.217241 
0.085098 73.000000 0.251724 
0.089020 63.000000 0.217241 
0.081569 82.000000 0.282759 
0.090196 60.000000 0.206897 
0.089020 63.000000 0.217241 
0.090980 58.000000 0.200000 
0.091765 56.000000 0.193103 
0.089804 61.000000 0.210345 
0.088627 64.000000 0.220690 
0.089020 63.000000 0.217241 
0.088627 64.000000 0.220690 
0.091765 56.000000 0.193103 
0.088627 64.000000 0.220690 
0.089020 63.000000 0.217241 
0.090980 58.000000 0.200000 
0.085098 73.000000 0.251724 
0.087451 67.000000 0.231034 
0.087451 67.000000 0.231034 
0.087843 66.000000 0.227586 
0.092941 53.000000 0.182759 
0.092549 54.000000 0.186207 
0.090588 59.000000 0.203448 
0.091765 56.000000 0.193103 
0.087451 67.000000 0.231034 
0.092941 53.000000 0.182759 
0.089804 61.000000 0.210345 
0.089020 63.000000 0.217241 
0.090588 59.000000 0.203448 
0.088235 65.000000 0.224138 
0.089020 63.000000 0.217241 
0.086667 69.000000 0.237931 
0.090980 58.000000 0.200000 
0.084706 74.000000 0.255172 
0.096863 43.000000 0.148276 
0.089412 62.000000 0.213793 
0.089020 63.000000 0.217241 
0.091765 56.000000 0.193103 
0.084706 74.000000 0.255172 
0.087059 68.000000 0.234483 
0.090196 60.000000 0.206897 
0.093333 52.000000 0.179310 
0.084706 74.000000 0.255172 
0.083137 78.000000 0.268966 
0.091765 56.000000 0.193103 
0.088235 65.000000 0.224138 
0.085490 72.000000 0.248276 
0.090980 58.000000 0.200000 
0.089412 62.000000 0.213793 
0.093725 51.000000 0.175862 
0.090588 59.000000 0.203448 
0.087843 66.000000 0.227586 
0.094510 49.000000 0.168966 
0.095294 47.000000 0.162069 
0.087451 67.000000 0.231034 
0.088627 64.000000 0.220690 
0.089412 62.000000 0.213793 
0.089804 61.000000 0.210345 
0.090588 59.000000 0.203448 
0.089412 62.000000 0.213793 
0.089020 63.000000 0.217241 
0.088627 64.000000 0.220690 
0.090196 60.000000 0.206897 
0.089804 61.000000 0.210345 
0.091373 57.000000 0.196552 
0.089804 61.000000 0.210345 
0.086667 69.000000 0.237931 
0.092941 53.000000 0.182759 
0.092941 53.000000 0.182759 
0.086275 70.000000 0.241379 
0.089020 63.000000 0.217241 
0.087059 68.000000 0.234483 
0.083529 77.000000 0.265517 
0.090588 59.000000 0.203448 
0.085098 73.000000 0.251724 
0.091765 56.000000 0.193103 
0.093333 52.000000 0.179310 
0.087843 66.000000 0.227586 
0.092941 53.000000 0.182759 
0.090980 58.000000 0.200000 
0.083137 78.000000 0.268966 
0.093725 51.000000 0.175862 
0.092941 53.000000 0.182759 
0.090196 60.000000 0.206897 
0.087059 68.000000 0.234483 
0.087451 67.000000 0.231034 
0.090588 59.000000 0.203448 
0.092941 53.000000 0.182759 
0.089412 62.000000 0.213793 
0.092941 53.000000 0.182759 
0.087843 66.000000 0.227586 
0.088627 64.000000 0.220690 
0.093725 51.000000 0.175862 
0.092549 54.000000 0.186207 
0.094118 50.000000 0.172414 
0.087059 68.000000 0.234483 
0.086275 70.000000 0.241379 
0.089804 61.000000 0.210345 
0.088235 65.000000 0.224138 
0.090588 59.000000 0.203448 
0.090980 58.000000 0.200000 
0.086275 70.000000 0.241379 
0.087059 68.000000 0.234483 
0.089412 62.000000 0.213793 
0.090588 59.000000 0.203448 
0.090980 58.000000 0.200000 
0.094902 48.000000 0.165517 
0.088235 65.000000 0.224138 
0.092941 53.000000 0.182759 
0.085490 72.000000 0.248276 
0.095686 46.000000 0.158621 
0.090980 58.000000 0.200000 
0.090980 58.000000 0.200000 
0.092941 53.000000 0.182759 
0.087451 67.000000 0.231034 
0.093725 51.000000 0.175862 
0.089020 63.000000 0.217241 
0.090980 58.000000 0.200000 
0.093725 51.000000 0.175862 
0.087451 67.000000 0.231034 
0.085098 73.000000 0.251724 
0.089020 63.000000 0.217241 
0.091373 57.000000 0.196552 
0.089804 61.000000 0.210345 
0.088235 65.000000 0.224138 
0.095686 46.000000 0.158621 
0.090980 58.000000 0.200000 
0.091765 56.000000 0.193103 
0.089020 63.000000 0.217241 
0.084314 75.000000 0.258621 
0.090980 58.000000 0.200000 
0.092549 54.000000 0.186207 
0.094118 50.000000 0.172414 
0.085882 71.000000 0.244828 
0.094118 50.000000 0.172414 
0.091765 56.000000 0.193103 
0.083529 77.000000 0.265517 
0.090588 59.000000 0.203448 
0.094510 49.000000 0.168966 
0.085098 73.000000 0.251724 
0.090980 58.000000 0.200000 
0.084706 74.000000 0.255172 
0.090196 60.000000 0.206897 
0.084706 74.000000 0.255172 
0.085098 73.000000 0.251724 
0.087451 67.000000 0.231034 
0.089412 62.000000 0.213793 
0.092157 55.000000 0.189655 
0.090196 60.000000 0.206897 
0.091765 56.000000 0.193103 
0.087059 68.000000 0.234483 
0.092157 55.000000 0.189655 
0.086275 70.000000 0.241379 
0.090196 60.000000 0.206897 
0.091373 57.000000 0.196552 
0.087451 67.000000 0.231034 
0.091373 57.000000 0.196552 
0.094902 48.000000 0.165517 
0.090196 60.000000 0.206897 
0.087451 67.000000 0.231034 
0.090980 58.000000 0.200000 
0.085098 73.000000 0.251724 
0.088627 64.000000 0.220690 
0.087451 67.000000 0.231034 
0.092157 55.000000 0.189655 
0.089412 62.000000 0.213793 
0.089020 63.000000 0.217241 
0.088235 65.000000 0.224138 
0.093333 52.000000 0.179310 
0.084314 75.000000 0.258621 
0.088627 64.000000 0.220690 
0.090196 60.000000 0.206897 
0.090196 60.000000 0.206897 
0.092549 54.000000 0.186207 
0.092157 55.000000 0.189655 
0.091373 57.000000 0.196552 
0.085882 71.000000 0.244828 
0.090588 59.000000 0.203448 
0.092157 55.000000 0.189655 
0.090196 60.000000 0.206897 
0.090196 60.000000 0.206897 
0.089412 62.000000 0.213793 
0.095686 46.000000 0.158621 
0.085490 72.000000 0.248276 
0.090196 60.000000 0.206897 
0.088627 64.000000 0.220690 
0.092157 55.000000 0.189655 
0.089020 63.000000 0.217241 
0.091765 56.000000 0.193103 
0.084706 74.000000 0.255172 
0.090980 58.000000 0.200000 
0.088235 65.000000 0.224138 
0.088627 64.000000 0.220690 
0.088627 64.000000 0.220690 
0.087843 66.000000 0.227586 
0.086275 70.000000 0.241379 
0.088235 65.000000 0.224138 
0.091765 56.000000 0.193103 
0.084706 74.000000 0.255172 
0.090196 60.000000 0.206897 
0.091765 56.000000 0.193103 
0.088627 64.000000 0.220690 
0.087059 68.000000 0.234483 
0.083922 76.000000 0.262069 
0.088627 64.000000 0.220690 
0.094510 49.000000 0.168966 
0.088627 64.000000 0.220690 
0.095686 46.000000 0.158621 
0.088627 64.000000 0.220690 
0.090196 60.000000 0.206897 
0.084706 74.000000 0.255172 
0.092941 53.000000 0.182759 
0.088235 65.000000 0.224138 
0.090980 58.000000 0.200000 
0.089020 63.000000 0.217241 
0.090196 60.000000 0.206897 
0.093333 52.000000 0.179310 
0.090980 58.000000 0.200000 
0.091373 57.000000 0.196552 
0.087843 66.000000 0.227586 
0.090196 60.000000 0.206897 
0.091373 57.000000 0.196552 
0.085490 72.000000 0.248276 
0.090588 59.000000 0.203448 
0.089020 63.000000 0.217241 
0.092157 55.000000 0.189655 
0.090588 59.000000 0.203448 
0.087843 66.000000 0.227586 
0.085490 72.000000 0.248276 
0.089020 63.000000 0.217241 
0.092941 53.000000 0.182759 
0.092549 54.000000 0.186207 
0.087843 66.000000 0.227586 
0.088235 65.000000 0.224138 
0.090588 59.000000 0.203448 
0.090980 58.000000 0.200000 
0.091373 57.000000 0.196552 
0.089020 63.000000 0.217241 
0.086667 69.000000 0.237931 
0.090196 60.000000 0.206897 
0.086667 69.000000 0.237931 
0.087843 66.000000 0.227586 
0.088627 64.000000 0.220690 
0.085882 71.000000 0.244828 
0.088627 64.000000 0.220690 
0.095294 47.000000 0.162069 
0.090196 60.000000 0.206897 
0.087843 66.000000 0.227586 
0.091765 56.000000 0.193103 
0.090980 58.000000 0.200000 
0.090196 60.000000 0.206897 
0.085490 72.000000 0.248276 
0.089412 62.000000 0.213793 
0.091373 57.000000 0.196552 
0.090980 58.000000 0.200000 
0.090588 59.000000 0.203448 
0.093725 51.000000 0.175862 
0.092941 53.000000 0.182759 
0.090588 59.000000 0.203448 
0.090196 60.000000 0.206897 
0.087843 66.000000 0.227586 
0.092941 53.000000 0.182759 
0.089020 63.000000 0.217241 
0.092549 54.000000 0.186207 
0.086667 69.000000 0.237931 
0.088235 65.000000 0.224138 
0.089804 61.000000 0.210345 
0.086275 70.000000 0.241379 
0.088235 65.000000 0.224138 
0.094118 50.000000 0.172414 
0.087059 68.000000 0.234483 
0.089412 62.000000 0.213793 
0.092549 54.000000 0.186207 
0.087059 68.000000 0.234483 
0.088235 65.000000 0.224138 
0.087843 66.000000 0.227586 
0.083137 78.000000 0.268966 
0.095294 47.000000 0.162069 
0.090588 59.000000 0.203448 
0.091765 56.000000 0.193103 
0.089020 63.000000 0.217241 
0.089412 62.000000 0.213793 
0.087059 68.000000 0.234483 
0.087451 67.000000 0.231034 
0.088235 65.000000 0.224138 
0.092549 54.000000 0.186207 
0.084314 75.000000 0.258621 
0.084706 74.000000 0.255172 
0.088627 64.000000 0.220690 
0.089412 62.000000 0.213793 
0.091765 56.000000 0.193103 
0.096471 44.000000 0.151724 
0.089804 61.000000 0.210345 
0.087059 68.000000 0.234483 
0.089020 63.000000 0.217241 
0.087059 68.000000 0.234483 
0.090980 58.000000 0.200000 
0.089804 61.000000 0.210345 
0.094118 50.000000 0.172414 
0.086667 69.000000 0.237931 
0.087843 66.000000 0.227586 
0.087059 68.000000 0.234483 
0.089804 61.000000 0.210345 
0.091765 56.000000 0.193103 
0.085098 73.000000 0.251724 
0.090588 59.000000 0.203448 
0.092549 54.000000 0.186207 
0.089804 61.000000 0.210345 
0.090980 58.000000 0.200000 
0.091765 56.000000 0.193103 
0.091765 56.000000 0.193103 
0.086667 69.000000 0.237931 
0.090196 60.000000 0.206897 
0.084314 75.000000 0.258621 
0.092157 55.000000 0.189655 
0.087451 67.000000 0.231034 
0.088627 64.000000 0.220690 
0.091765 56.000000 0.193103 
0.091765 56.000000 0.193103 
0.085882 71.000000 0.244828 
0.089804 61.000000 0.210345 
0.091765 56.000000 0.193103 
0.087451 67.000000 0.231034 
0.088235 65.000000 0.224138 
0.089412 62.000000 0.213793 
0.089804 61.000000 0.210345 
0.090980 58.000000 0.200000 
0.094510 49.000000 0.168966 
0.089804 61.000000 0.210345 
0.085882 71.000000 0.244828 
0.085882 71.000000 0.244828 
0.086275 70.000000 0.241379 
0.093725 51.000000 0.175862 
0.085882 71.000000 0.244828 
0.087059 68.000000 0.234483 
0.090196 60.000000 0.206897 
0.092549 54.000000 0.186207 
0.085490 72.000000 0.248276 
0.090588 59.000000 0.203448 
0.093333 52.000000 0.179310 
0.088235 65.000000 0.224138 
0.091373 57.000000 0.196552 
0.084314 75.000000 0.258621 
0.088627 64.000000 0.220690 
0.088235 65.000000 0.224138 
0.089804 61.000000 0.210345 
0.086667 69.000000 0.237931 
0.089804 61.000000 0.210345 
0.091373 57.000000 0.196552 
0.090196 60.000000 0.206897 
0.082745 79.000000 0.272414 
0.094902 48.000000 0.165517 
0.085490 72.000000 0.248276 
0.085490 72.000000 0.248276 
0.087059 68.000000 0.234483 
0.090980 58.000000 0.200000 
0.091765 56.000000 0.193103 
0.089412 62.000000 0.213793 
0.091765 56.000000 0.193103 
0.091765 56.000000 0.193103 
0.087843 66.000000 0.227586 
0.090980 58.000000 0.200000 
0.084706 74.000000 0.255172 
0.086667 69.000000 0.237931 
0.089020 63.000000 0.217241 
0.090588 59.000000 0.203448 
0.098824 38.000000 0.131034 
0.090196 60.000000 0.206897 
0.090588 59.000000 0.203448 
0.089804 61.000000 0.210345 
0.087843 66.000000 0.227586 
0.085490 72.000000 0.248276 
0.091373 57.000000 0.196552 
0.092157 55.000000 0.189655 
0.092157 55.000000 0.189655 
0.084706 74.000000 0.255172 
0.092157 55.000000 0.189655 
0.091765 56.000000 0.193103 
0.087843 66.000000 0.227586 
0.089020 63.000000 0.217241 
0.089020 63.000000 0.217241 
0.086667 69.000000 0.237931 
0.089020 63.000000 0.217241 
0.090588 59.000000 0.203448 
0.086275 70.000000 0.241379 
0.087843 66.000000 0.227586 
0.091373 57.000000 0.196552 
0.090196 60.000000 0.206897 
0.093333 52.000000 0.179310 
0.091373 57.000000 0.196552 
0.091765 56.000000 0.193103 
0.092941 53.000000 0.182759 
0.080784 84.000000 0.289655 
0.091765 56.000000 0.193103 
0.086275 70.000000 0.241379 
0.087451 67.000000 0.231034 
0.090980 58.000000 0.200000 
0.087451 67.000000 0.231034 
0.084706 74.000000 0.255172 
0.085098 73.000000 0.251724 
0.091373 57.000000 0.196552 
0.087843 66.000000 0.227586 
0.085490 72.000000 0.248276 
0.083137 78.000000 0.268966 
0.090980 58.000000 0.200000 
0.092941 53.000000 0.182759 
0.094118 50.000000 0.172414 
0.088235 65.000000 0.224138 
0.087451 67.000000 0.231034 
0.085882 71.000000 0.244828 
0.089412 62.000000 0.213793 
0.089412 62.000000 0.213793 
0.092549 54.000000 0.186207 
0.090196 60.000000 0.206897 
0.090980 58.000000 0.200000 
0.087451 67.000000 0.231034 
0.088627 64.000000 0.220690 
0.091373 57.000000 0.196552 
0.089412 62.000000 0.213793 
0.089804 61.000000 0.210345 
0.094902 48.000000 0.165517 
0.087843 66.000000 0.227586 
0.088235 65.000000 0.224138 
0.090980 58.000000 0.200000 
0.090196 60.000000 0.206897 
0.083137 78.000000 0.268966 
0.087059 68.000000 0.234483 
0.092157 55.000000 0.189655 
0.094902 48.000000 0.165517 
0.088627 64.000000 0.220690 
0.089804 61.000000 0.210345 
0.090196 60.000000 0.206897 
0.087843 66.000000 0.227586 
0.091373 57.000000 0.196552 
0.090980 58.000000 0.200000 
0.090980 58.000000 0.200000 
0.088235 65.000000 0.224138 
0.092157 55.000000 0.189655 
0.090980 58.000000 0.200000 
0.090980 58.000000 0.200000 
0.083529 77.000000 0.265517 
0.087843 66.000000 0.227586 
0.090588 59.000000 0.203448 
0.084706 74.000000 0.255172 
0.086275 70.000000 0.241379 
0.084314 75.000000 0.258621 
0.087059 68.000000 0.234483 
0.089412 62.000000 0.213793 
0.093725 51.000000 0.175862 
0.087451 67.000000 0.231034 
0.090980 58.000000 0.200000 
0.090980 58.000000 0.200000 
0.084706 74.000000 0.255172 
0.089020 63.000000 0.217241 
0.090980 58.000000 0.200000 
0.093725 51.000000 0.175862 
0.092157 55.000000 0.189655 
0.090980 58.000000 0.200000 
0.088627 64.000000 0.220690 
0.087843 66.000000 0.227586 
0.089412 62.000000 0.213793 
0.084706 74.000000 0.255172 
0.091765 56.000000 0.193103 
0.089804 61.000000 0.210345 
0.091765 56.000000 0.193103 
0.092549 54.000000 0.186207 
0.090588 59.000000 0.203448 
0.095686 46.000000 0.158621 
0.092549 54.000000 0.186207 
0.093333 52.000000 0.179310 
0.090980 58.000000 0.200000 
0.088235 65.000000 0.224138 
0.088235 65.000000 0.224138 
0.092549 54.000000 0.186207 
0.094118 50.000000 0.172414 
0.091765 56.000000 0.193103 
0.091765 56.000000 0.193103 
0.090196 60.000000 0.206897 
0.090588 59.000000 0.203448 
0.091373 57.000000 0.196552 
0.087059 68.000000 0.234483 
0.090588 59.000000 0.203448 
0.093333 52.000000 0.179310 
0.087451 67.000000 0.231034 
0.087843 66.000000 0.227586 
0.088235 65.000000 0.224138 
0.086667 69.000000 0.237931 
0.089020 63.000000 0.217241 
0.092549 54.000000 0.186207 
0.090980 58.000000 0.200000 
0.086667 69.000000 0.237931 
0.085882 71.000000 0.244828 
0.087451 67.000000 0.231034 
0.091373 57.000000 0.196552 
0.085490 72.000000 0.248276 
0.088627 64.000000 0.220690 
0.089412 62.000000 0.213793 
0.084314 75.000000 0.258621 
0.092549 54.000000 0.186207 
0.092157 55.000000 0.189655 
0.089412 62.000000 0.213793 
0.088235 65.000000 0.224138 
0.089412 62.000000 0.213793 
0.092941 53.000000 0.182759 
0.085490 72.000000 0.248276 
0.085098 73.000000 0.251724 
0.086667 69.000000 0.237931 
0.086275 70.000000 0.241379 
0.088627 64.000000 0.220690 
0.089412 62.000000 0.213793 
0.085882 71.000000 0.244828 
0.087843 66.000000 0.227586 
0.088627 64.000000 0.220690 
0.088627 64.000000 0.220690 
0.085882 71.000000 0.244828 
0.094118 50.000000 0.172414 
0.091765 56.000000 0.193103 
0.095294 47.000000 0.162069 
0.088235 65.000000 0.224138 
0.085490 72.000000 0.248276 
0.089020 63.000000 0.217241 
0.087843 66.000000 0.227586 
0.089804 61.000000 0.210345 
0.090196 60.000000 0.206897 
0.087843 66.000000 0.227586 
0.088627 64.000000 0.220690 
0.089412 62.000000 0.213793 
0.092941 53.000000 0.182759 
0.085490 72.000000 0.248276 
0.088627 64.000000 0.220690 
0.091765 56.000000 0.193103 
0.092157 55.000000 0.189655 
0.089804 61.000000 0.210345 
0.093333 52.000000 0.179310 
0.091373 57.000000 0.196552 
0.091765 56.000000 0.193103 
0.086667 69.000000 0.237931 
0.090588 59.000000 0.203448 
0.090196 60.000000 0.206897 
0.090588 59.000000 0.203448 
0.087059 68.000000 0.234483 
0.090588 59.000000 0.203448 
0.087451 67.000000 0.231034 
0.089020 63.000000 0.217241 
0.087843 66.000000 0.227586 
0.089020 63.000000 0.217241 
0.087843 66.000000 0.227586 
0.089804 61.000000 0.210345 
0.092157 55.000000 0.189655 
0.090980 58.000000 0.200000 
0.089412 62.000000 0.213793 
0.089020 63.000000 0.217241 
0.085882 71.000000 0.244828 
0.091765 56.000000 0.193103 
0.087059 68.000000 0.234483 
0.089412 62.000000 0.213793 
0.092549 54.000000 0.186207 
0.092549 54.000000 0.186207 
0.089020 63.000000 0.217241 
0.090980 58.000000 0.200000 
0.090980 58.000000 0.200000 
0.089804 61.000000 0.210345 
0.087451 67.000000 0.231034 
0.090196 60.000000 0.206897 
0.093333 52.000000 0.179310 
0.089412 62.000000 0.213793 
0.094118 50.000000 0.172414 
0.090196 60.000000 0.206897 
0.092941 53.000000 0.182759 
0.089020 63.000000 0.217241 
0.090588 59.000000 0.203448 
0.094902 48.000000 0.165517 
0.091373 57.000000 0.196552 
0.085098 73.000000 0.251724 
0.088627 64.000000 0.220690 
0.092941 53.000000 0.182759 
0.090588 59.000000 0.203448 
0.087451 67.000000 0.231034 
0.091373 57.000000 0.196552 
0.091765 56.000000 0.193103 
0.086667 69.000000 0.237931 
0.085882 71.000000 0.244828 
0.091373 57.000000 0.196552 
0.088627 64.000000 0.220690 
0.096863 43.000000 0.148276 
0.092941 53.000000 0.182759 
0.090980 58.000000 0.200000 
0.092157 55.000000 0.189655 
0.094118 50.000000 0.172414 
0.083137 78.000000 0.268966 
0.089412 62.000000 0.213793 
0.083529 77.000000 0.265517 
0.085882 71.000000 0.244828 
0.094118 50.000000 0.172414 
0.085882 71.000000 0.244828 
0.084314 75.000000 0.258621 
0.088235 65.000000 0.224138 
0.091373 57.000000 0.196552 
0.090196 60.000000 0.206897 
0.091373 57.000000 0.196552 
0.088627 64.000000 0.220690 
0.089412 62.000000 0.213793 
0.096863 43.000000 0.148276 
0.085098 73.000000 0.251724 
0.092941 53.000000 0.182759 
0.086275 70.000000 0.241379 
0.086275 70.000000 0.241379 
0.091373 57.000000 0.196552 
0.089020 63.000000 0.217241 
0.087843 66.000000 0.227586 
0.086275 70.000000 0.241379 
0.090196 60.000000 0.206897 
0.090196 60.000000 0.206897 
0.087059 68.000000 0.234483 
0.087843 66.000000 0.227586 
0.092941 53.000000 0.182759 
0.095686 46.000000 0.158621 
0.083922 76.000000 0.262069 
0.087451 67.000000 0.231034 
0.091373 57.000000 0.196552 
0.086275 70.000000 0.241379 
0.091765 56.000000 0.193103 
0.087059 68.000000 0.234483 
0.094902 48.000000 0.165517 
0.085098 73.000000 0.251724 
0.087843 66.000000 0.227586 
0.082745 79.000000 0.272414 
0.087843 66.000000 0.227586 
0.090588 59.000000 0.203448 
0.084706 74.000000 0.255172 
0.092157 55.000000 0.189655 
0.094118 50.000000 0.172414 
0.087451 67.000000 0.231034 
0.087059 68.000000 0.234483 
0.091373 57.000000 0.196552 
0.090196 60.000000 0.206897 
0.087843 66.000000 0.227586 
0.094510 49.000000 0.168966 
0.086667 69.000000 0.237931 
0.089412 62.000000 0.213793 
0.085098 73.000000 0.251724 
0.089412 62.000000 0.213793 
0.087843 66.000000 0.227586 
0.086275 70.000000 0.241379 
0.094510 49.000000 0.168966 
0.089804 61.000000 0.210345 
0.086667 69.000000 0.237931 
0.092549 54.000000 0.186207 
0.089020 63.000000 0.217241 
0.089020 63.000000 0.217241 
0.088627 64.000000 0.220690 
0.092941 53.000000 0.182759 
0.090980 58.000000 0.200000 
0.086275 70.000000 0.241379 
0.086275 70.000000 0.241379 
0.085490 72.000000 0.248276 
0.087059 68.000000 0.234483 
0.092549 54.000000 0.186207 
0.092157 55.000000 0.189655 
0.091373 57.000000 0.196552 
0.092549 54.000000 0.186207 
0.091765 56.000000 0.193103 
0.087059 68.000000 0.234483 
0.088235 65.000000 0.224138 
0.083922 76.000000 0.262069 
0.087843 66.000000 0.227586 
0.085490 72.000000 0.248276 
0.087059 68.000000 0.234483 
0.086667 69.000000 0.237931 
0.092549 54.000000 0.186207 
0.087843 66.000000 0.227586 
0.090980 58.000000 0.200000 
0.086275 70.000000 0.241379 
0.090196 60.000000 0.206897 
0.090196 60.000000 0.206897 
0.091765 56.000000 0.193103 
0.089412 62.000000 0.213793 
0.086275 70.000000 0.241379 
0.091373 57.000000 0.196552 
0.091765 56.000000 0.193103 
0.093333 52.000000 0.179310 
0.087843 66.000000 0.227586 
0.094510 49.000000 0.168966 
0.092941 53.000000 0.182759 
0.097647 41.000000 0.141379 
0.093725 51.000000 0.175862 
0.085098 73.000000 0.251724 
0.088235 65.000000 0.224138 
0.093725 51.000000 0.175862 
0.091765 56.000000 0.193103 
0.085490 72.000000 0.248276 
0.084706 74.000000 0.255172 
0.087843 66.000000 0.227586 
0.087843 66.000000 0.227586 
0.090980 58.000000 0.200000 
0.085098 73.000000 0.251724 
0.089412 62.000000 0.213793 
0.089412 62.000000 0.213793 
0.094902 48.000000 0.165517 
0.085882 71.000000 0.244828 
0.095294 47.000000 0.162069 
0.087843 66.000000 0.227586 
0.091765 56.000000 0.193103 
0.089804 61.000000 0.210345 
0.090588 59.000000 0.203448 
0.089804 61.000000 0.210345 
0.094118 50.000000 0.172414 
0.087059 68.000000 0.234483 
0.087843 66.000000 0.227586 
0.091373 57.000000 0.196552 
0.089412 62.000000 0.213793 
0.091373 57.000000 0.196552 
0.090588 59.000000 0.203448 
0.087843 66.000000 0.227586 
0.087451 67.000000 0.231034 
0.094510 49.000000 0.168966 
0.092549 54.000000 0.186207 
0.088627 64.000000 0.220690 
0.091373 57.000000 0.196552 
0.090196 60.000000 0.206897 
0.087843 66.000000 0.227586 
0.090980 58.000000 0.200000 
0.090196 60.000000 0.206897 
0.089804 61.000000 0.210345 
0.092157 55.000000 0.189655 
0.092941 53.000000 0.182759 
0.087451 67.000000 0.231034 
0.086667 69.000000 0.237931 
0.095686 46.000000 0.158621 
0.087843 66.000000 0.227586 
0.093725 51.000000 0.175862 
0.089020 63.000000 0.217241 
0.091373 57.000000 0.196552 
0.087059 68.000000 0.234483 
0.089804 61.000000 0.210345 
0.086667 69.000000 0.237931 
0.089412 62.000000 0.213793 
0.087451 67.000000 0.231034 
0.089020 63.000000 0.217241 
0.087843 66.000000 0.227586 
0.087843 66.000000 0.227586 
0.090980 58.000000 0.200000 
0.093725 51.000000 0.175862 
0.086667 69.000000 0.237931 
0.088627 64.000000 0.220690 
0.087843 66.000000 0.227586 
0.090588 59.000000 0.203448 
0.090980 58.000000 0.200000 
0.094902 48.000000 0.165517 
0.091765 56.000000 0.193103 
0.092941 53.000000 0.182759 
0.091373 57.000000 0.196552 
0.090588 59.000000 0.203448 
0.090980 58.000000 0.200000 
0.087059 68.000000 0.234483 
0.086667 69.000000 0.237931 
0.090196 60.000000 0.206897 
0.091765 56.000000 0.193103 
0.094902 48.000000 0.165517 
0.085882 71.000000 0.244828 
0.089020 63.000000 0.217241 
0.089804 61.000000 0.210345 
0.083137 78.000000 0.268966 
0.091373 57.000000 0.196552 
0.092157 55.000000 0.189655 
0.083137 78.000000 0.268966 
0.087059 68.000000 0.234483 
0.083529 77.000000 0.265517 
0.092549 54.000000 0.186207 
0.089804 61.000000 0.210345 
0.089020 63.000000 0.217241 
0.085098 73.000000 0.251724 
0.095686 46.000000 0.158621 
0.089804 61.000000 0.210345 
0.088627 64.000000 0.220690 
0.088235 65.000000 0.224138 
0.092549 54.000000 0.186207 
0.093725 51.000000 0.175862 
0.086667 69.000000 0.237931 
0.083529 77.000000 0.265517 
0.085098 73.000000 0.251724 
0.086667 69.000000 0.237931 
0.093333 52.000000 0.179310 
0.087843 66.000000 0.227586 
0.090588 59.000000 0.203448 
0.094118 50.000000 0.172414 
0.087451 67.000000 0.231034 
0.090588 59.000000 0.203448 
0.094510 49.000000 0.168966 
0.095294 47.000000 0.162069 
0.092157 55.000000 0.189655 
0.093333 52.000000 0.179310 
0.087059 68.000000 0.234483 
0.085490 72.000000 0.248276 
0.088627 64.000000 0.220690 
0.089804 61.000000 0.210345 
0.093725 51.000000 0.175862 
0.089412 62.000000 0.213793 
0.090196 60.000000 0.206897 
0.088235 65.000000 0.224138 
0.083529 77.000000 0.265517 
0.092549 54.000000 0.186207 
0.092941 53.000000 0.182759 
0.084706 74.000000 0.255172 
0.094118 50.000000 0.172414 
0.086275 70.000000 0.241379 
0.084314 75.000000 0.258621 
0.093333 52.000000 0.179310 
0.086275 70.000000 0.241379 
0.090588 59.000000 0.203448 
0.089804 61.000000 0.210345 
0.088627 64.000000 0.220690 
0.084314 75.000000 0.258621 
0.090588 59.000000 0.203448 
0.088235 65.000000 0.224138 
0.089412 62.000000 0.213793 
0.089804 61.000000 0.210345 
0.084706 74.000000 0.255172 
0.090196 60.000000 0.206897 
0.090980 58.000000 0.200000 
0.088235 65.000000 0.224138 
0.088235 65.000000 0.224138 
0.087451 67.000000 0.231034 
0.083922 76.000000 0.262069 
0.096471 44.000000 0.151724 
0.086275 70.000000 0.241379 
0.090196 60.000000 0.206897 
0.090588 59.000000 0.203448 
0.085882 71.000000 0.244828 
0.087843 66.000000 0.227586 
0.085882 71.000000 0.244828 
0.086667 69.000000 0.237931 
0.090980 58.000000 0.200000 
0.091373 57.000000 0.196552 
0.085098 73.000000 0.251724 
0.090588 59.000000 0.203448 
0.087451 67.000000 0.231034 
0.089804 61.000000 0.210345 
0.090980 58.000000 0.200000 
0.087843 66.000000 0.227586 
0.085490 72.000000 0.248276 
0.089020 63.000000 0.217241 
0.089020 63.000000 0.217241 
0.087843 66.000000 0.227586 
0.089804 61.000000 0.210345 
0.090588 59.000000 0.203448 
0.089804 61.000000 0.210345 
0.089804 61.000000 0.210345 
0.089412 62.000000 0.213793 
0.094510 49.000000 0.168966 
0.092549 54.000000 0.186207 
0.081961 81.000000 0.279310 
0.089804 61.000000 0.210345 
0.083137 78.000000 0.268966 
0.090196 60.000000 0.206897 
0.089412 62.000000 0.213793 
0.092941 53.000000 0.182759 
0.087843 66.000000 0.227586 
0.084706 74.000000 0.255172 
0.090980 58.000000 0.200000 
0.090980 58.000000 0.200000 
0.090196 60.000000 0.206897 
0.091765 56.000000 0.193103 
0.089020 63.000000 0.217241 
0.090980 58.000000 0.200000 
0.083922 76.000000 0.262069 
0.089412 62.000000 0.213793 
0.093725 51.000000 0.175862 
0.088627 64.000000 0.220690 
0.093333 52.000000 0.179310 
0.086275 70.000000 0.241379 
0.090980 58.000000 0.200000 
0.088235 65.000000 0.224138 
0.087843 66.000000 0.227586 
0.087843 66.000000 0.227586 
0.089412 62.000000 0.213793 
0.085882 71.000000 0.244828 
0.088235 65.000000 0.224138 
0.090980 58.000000 0.200000 
0.086275 70.000000 0.241379 
0.087059 68.000000 0.234483 
0.090588 59.000000 0.203448 
0.090980 58.000000 0.200000 
0.091373 57.000000 0.196552 
0.088627 64.000000 0.220690 
0.094510 49.000000 0.168966 
0.090588 59.000000 0.203448 
0.087843 66.000000 0.227586 
0.087843 66.000000 0.227586 
0.088235 65.000000 0.224138 
0.088235 65.000000 0.224138 
0.090196 60.000000 0.206897 
0.087451 67.000000 0.231034 
0.089804 61.000000 0.210345 
0.088235 65.000000 0.224138 
0.084706 74.000000 0.255172 
0.089020 63.000000 0.217241 
0.087059 68.000000 0.234483 
0.087843 66.000000 0.227586 
0.090196 60.000000 0.206897 
0.091765 56.000000 0.193103 
0.094510 49.000000 0.168966 
0.087059 68.000000 0.234483 
0.093725 51.000000 0.175862 
0.090196 60.000000 0.206897 
0.089804 61.000000 0.210345 
0.088627 64.000000 0.220690 
0.089804 61.000000 0.210345 
0.087059 68.000000 0.234483 
0.089412 62.000000 0.213793 
0.087843 66.000000 0.227586 
0.087843 66.000000 0.227586 
0.084706 74.000000 0.255172 
0.085882 71.000000 0.244828 
0.088235 65.000000 0.224138 
0.089412 62.000000 0.213793 
0.089412 62.000000 0.213793 
0.086275 70.000000 0.241379 
0.089804 61.000000 0.210345 
0.087059 68.000000 0.234483 
0.090196 60.000000 0.206897 
0.089804 61.000000 0.210345 
0.084706 74.000000 0.255172 
0.086667 69.000000 0.237931 
0.091765 56.000000 0.193103 
0.087451 67.000000 0.231034 
0.089804 61.000000 0.210345 
0.084314 75.000000 0.258621 
0.085882 71.000000 0.244828 
0.089412 62.000000 0.213793 
0.090588 59.000000 0.203448 
0.089412 62.000000 0.213793 
0.090196 60.000000 0.206897 
0.091373 57.000000 0.196552 
0.092941 53.000000 0.182759 
0.089804 61.000000 0.210345 
0.091373 57.000000 0.196552 
0.088235 65.000000 0.224138 
0.087843 66.000000 0.227586 
0.088235 65.000000 0.224138 
0.091765 56.000000 0.193103 
0.086667 69.000000 0.237931 
0.087843 66.000000 0.227586 
0.085882 71.000000 0.244828 
0.092157 55.000000 0.189655 
0.092549 54.000000 0.186207 
0.092157 55.000000 0.189655 
0.092941 53.000000 0.182759 
0.089804 61.000000 0.210345 
0.087059 68.000000 0.234483 
0.092157 55.000000 0.189655 
0.087059 68.000000 0.234483 
0.085490 72.000000 0.248276 
0.094902 48.000000 0.165517 
0.090980 58.000000 0.200000 
0.090980 58.000000 0.200000 
0.092941 53.000000 0.182759 
0.090980 58.000000 0.200000 
0.088627 64.000000 0.220690 
0.089412 62.000000 0.213793 
0.089804 61.000000 0.210345 
0.090980 58.000000 0.200000 
0.090588 59.000000 0.203448 
0.090588 59.000000 0.203448 
0.092157 55.000000 0.189655 
0.094118 50.000000 0.172414 
0.087059 68.000000 0.234483 
0.088235 65.000000 0.224138 
0.085882 71.000000 0.244828 
0.085490 72.000000 0.248276 
0.083922 76.000000 0.262069 
0.092941 53.000000 0.182759 
0.090588 59.000000 0.203448 
0.087451 67.000000 0.231034 
0.094118 50.000000 0.172414 
0.088235 65.000000 0.224138 
0.089020 63.000000 0.217241 
0.089804 61.000000 0.210345 
0.088627 64.000000 0.220690 
0.088235 65.000000 0.224138 
0.090588 59.000000 0.203448 
0.089412 62.000000 0.213793 
0.087843 66.000000 0.227586 
0.093725 51.000000 0.175862 
0.093333 52.000000 0.179310 
0.087059 68.000000 0.234483 
0.085882 71.000000 0.244828 
0.093333 52.000000 0.179310 
0.086275 70.000000 0.241379 
0.088235 65.000000 0.224138 
0.085098 73.000000 0.251724 
0.089020 63.000000 0.217241 
0.086667 69.000000 0.237931 
0.090980 58.000000 0.200000 
0.084706 74.000000 0.255172 
0.092549 54.000000 0.186207 
0.087451 67.000000 0.231034 
0.087451 67.000000 0.231034 
0.089020 63.000000 0.217241 
0.088235 65.000000 0.224138 
0.088235 65.000000 0.224138 
0.085490 72.000000 0.248276 
0.088627 64.000000 0.220690 
0.090196 60.000000 0.206897 
0.091765 56.000000 0.193103 
0.090588 59.000000 0.203448 
0.090196 60.000000 0.206897 
0.090588 59.000000 0.203448 
0.083922 76.000000 0.262069 
0.087059 68.000000 0.234483 
0.090588 59.000000 0.203448 
0.087059 68.000000 0.234483 
0.093725 51.000000 0.175862 
0.086275 70.000000 0.241379 
0.093333 52.000000 0.179310 
0.090196 60.000000 0.206897 
0.085490 72.000000 0.248276 
0.092157 55.000000 0.189655 
0.085882 71.000000 0.244828 
0.092549 54.000000 0.186207 
0.092941 53.000000 0.182759 
0.087059 68.000000 0.234483 
0.095294 47.000000 0.162069 
0.089412 62.000000 0.213793 
0.089412 62.000000 0.213793 
0.090588 59.000000 0.203448 
0.091765 56.000000 0.193103 
0.089412 62.000000 0.213793 
0.091765 56.000000 0.193103 
0.092941 53.000000 0.182759 
0.087843 66.000000 0.227586 
0.084706 74.000000 0.255172 
0.089020 63.000000 0.217241 
0.092549 54.000000 0.186207 
0.090980 58.000000 0.200000 
0.087451 67.000000 0.231034 
0.087843 66.000000 0.227586 
0.089804 61.000000 0.210345 
0.089020 63.000000 0.217241 
0.090980 58.000000 0.200000 
0.089412 62.000000 0.213793 
0.089412 62.000000 0.213793 
0.086275 70.000000 0.241379 
0.086275 70.000000 0.241379 
0.089412 62.000000 0.213793 
0.090980 58.000000 0.200000 
0.089412 62.000000 0.213793 
0.094902 48.000000 0.165517 
0.089020 63.000000 0.217241 
0.092157 55.000000 0.189655 
0.089804 61.000000 0.210345 
0.089412 62.000000 0.213793 
0.091373 57.000000 0.196552 
0.088627 64.000000 0.220690 
0.085882 71.000000 0.244828 
0.087451 67.000000 0.231034 
0.091765 56.000000 0.193103 
0.090196 60.000000 0.206897 
0.091373 57.000000 0.196552 
0.091373 57.000000 0.196552 
0.088627 64.000000 0.220690 
0.090980 58.000000 0.200000 
0.089020 63.000000 0.217241 
0.091373 57.000000 0.196552 
0.089020 63.000000 0.217241 
0.084314 75.000000 0.258621 
0.092549 54.000000 0.186207 
0.091373 57.000000 0.196552 
0.094510 49.000000 0.168966 
0.087059 68.000000 0.234483 
0.085882 71.000000 0.244828 
0.089804 61.000000 0.210345 
0.089412 62.000000 0.213793 
0.090196 60.000000 0.206897 
0.093725 51.000000 0.175862 
0.086667 69.000000 0.237931 
0.090196 60.000000 0.206897 
0.084706 74.000000 0.255172 
0.081176 83.000000 0.286207 
0.088627 64.000000 0.220690 
0.090196 60.000000 0.206897 
0.087843 66.000000 0.227586 
0.090588 59.000000 0.203448 
0.091373 57.000000 0.196552 
0.087843 66.000000 0.227586 
0.084314 75.000000 0.258621 
0.092549 54.000000 0.186207 
0.095686 46.000000 0.158621 
0.087451 67.000000 0.231034 
0.091373 57.000000 0.196552 
0.090980 58.000000 0.200000 
0.089020 63.000000 0.217241 
0.089412 62.000000 0.213793 
0.088235 65.000000 0.224138 
0.089020 63.000000 0.217241 
0.087843 66.000000 0.227586 
0.094902 48.000000 0.165517 
0.088627 64.000000 0.220690 
0.086667 69.000000 0.237931 
0.085490 72.000000 0.248276 
0.087843 66.000000 0.227586 
0.085098 73.000000 0.251724 
0.093725 51.000000 0.175862 
0.093333 52.000000 0.179310 
0.091373 57.000000 0.196552 
0.087451 67.000000 0.231034 
0.086275 70.000000 0.241379 
0.086275 70.000000 0.241379 
0.086667 69.000000 0.237931 
0.090588 59.000000 0.203448 
0.092157 55.000000 0.189655 
0.087843 66.000000 0.227586 
0.084314 75.000000 0.258621 
0.086275 70.000000 0.241379 
0.090196 60.000000 0.206897 
0.092941 53.000000 0.182759 
0.090588 59.000000 0.203448 
0.086667 69.000000 0.237931 
0.088627 64.000000 0.220690 
0.085098 73.000000 0.251724 
0.086275 70.000000 0.241379 
0.090980 58.000000 0.200000 
0.088235 65.000000 0.224138 
0.086667 69.000000 0.237931 
0.084706 74.000000 0.255172 
0.089804 61.000000 0.210345 
0.086275 70.000000 0.241379 
0.089804 61.000000 0.210345 
0.087451 67.000000 0.231034 
0.089804 61.000000 0.210345 
0.087059 68.000000 0.234483 
0.088235 65.000000 0.224138 
0.085098 73.000000 0.251724 
0.090980 58.000000 0.200000 
0.087843 66.000000 0.227586 
0.090588 59.000000 0.203448 
0.091373 57.000000 0.196552 
0.088235 65.000000 0.224138 
0.088235 65.000000 0.224138 
0.089412 62.000000 0.213793 
0.090196 60.000000 0.206897 
0.090588 59.000000 0.203448 
0.085490 72.000000 0.248276 
0.086275 70.000000 0.241379 
0.088627 64.000000 0.220690 
0.094510 49.000000 0.168966 
0.088627 64.000000 0.220690 
0.092549 54.000000 0.186207 
0.092941 53.000000 0.182759 
0.086275 70.000000 0.241379 
0.086275 70.000000 0.241379 
0.090588 59.000000 0.203448 
0.092941 53.000000 0.182759 
0.085490 72.000000 0.248276 
0.088235 65.000000 0.224138 
0.088627 64.000000 0.220690 
0.090980 58.000000 0.200000 
0.090980 58.000000 0.200000 
0.089804 61.000000 0.210345 
0.089804 61.000000 0.210345 
0.090196 60.000000 0.206897 
0.089020 63.000000 0.217241 
0.086275 70.000000 0.241379 
0.085490 72.000000 0.248276 
0.093725 51.000000 0.175862 
0.083922 76.000000 0.262069 
0.086667 69.000000 0.237931 
0.087059 68.000000 0.234483 
0.087059 68.000000 0.234483 
0.087843 66.000000 0.227586 
0.092549 54.000000 0.186207 
0.091765 56.000000 0.193103 
0.085098 73.000000 0.251724 
0.088627 64.000000 0.220690 
0.090196 60.000000 0.206897 
0.094902 48.000000 0.165517 
0.085490 72.000000 0.248276 
0.087451 67.000000 0.231034 
0.087059 68.000000 0.234483 
0.090980 58.000000 0.200000 
0.094118 50.000000 0.172414 
0.089804 61.000000 0.210345 
0.088235 65.000000 0.224138 
0.090588 59.000000 0.203448 
0.093725 51.000000 0.175862 
0.092157 55.000000 0.189655 
0.089412 62.000000 0.213793 
0.086275 70.000000 0.241379 
0.091765 56.000000 0.193103 
0.093333 52.000000 0.179310 
0.085490 72.000000 0.248276 
0.087843 66.000000 0.227586 
0.087451 67.000000 0.231034 
0.094118 50.000000 0.172414 
0.091373 57.000000 0.196552 
0.085882 71.000000 0.244828 
0.091373 57.000000 0.196552 
0.088235 65.000000 0.224138 
0.088627 64.000000 0.220690 
0.089804 61.000000 0.210345 
0.088235 65.000000 0.224138 
0.090196 60.000000 0.206897 
0.092549 54.000000 0.186207 
0.090980 58.000000 0.200000 
0.090196 60.000000 0.206897 
0.089020 63.000000 0.217241 
0.087843 66.000000 0.227586 
0.091373 57.000000 0.196552 
0.093333 52.000000 0.179310 
0.084314 75.000000 0.258621 
0.091765 56.000000 0.193103 
0.088235 65.000000 0.224138 
0.089412 62.000000 0.213793 
0.094118 50.000000 0.172414 
0.088235 65.000000 0.224138 
0.087843 66.000000 0.227586 
0.088627 64.000000 0.220690 
0.089804 61.000000 0.210345 
0.087451 67.000000 0.231034 
0.093333 52.000000 0.179310 
0.085098 73.000000 0.251724 
0.093333 52.000000 0.179310 
0.085098 73.000000 0.251724 
0.093333 52.000000 0.179310 
0.090588 59.000000 0.203448 
0.094510 49.000000 0.168966 
0.085882 71.000000 0.244828 
0.092157 55.000000 0.189655 
0.090588 59.000000 0.203448 
0.092941 53.000000 0.182759 
0.090588 59.000000 0.203448 
0.086275 70.000000 0.241379 
0.091373 57.000000 0.196552 
0.086667 69.000000 0.237931 
0.089804 61.000000 0.210345 
0.087843 66.000000 0.227586 
0.086275 70.000000 0.241379 
0.090196 60.000000 0.206897 
0.084706 74.000000 0.255172 
0.088627 64.000000 0.220690 
0.088235 65.000000 0.224138 
0.092941 53.000000 0.182759 
0.090980 58.000000 0.200000 
0.087843 66.000000 0.227586 
0.090196 60.000000 0.206897 
0.090588 59.000000 0.203448 
0.085490 72.000000 0.248276 
0.091765 56.000000 0.193103 
0.092157 55.000000 0.189655 
0.086275 70.000000 0.241379 
0.087451 67.000000 0.231034 
0.091765 56.000000 0.193103 
0.085490 72.000000 0.248276 
0.092941 53.000000 0.182759 
0.088627 64.000000 0.220690 
0.089412 62.000000 0.213793 
0.096471 44.000000 0.151724 
0.089020 63.000000 0.217241 
0.091373 57.000000 0.196552 
0.090980 58.000000 0.200000 
0.088235 65.000000 0.224138 
0.095686 46.000000 0.158621 
0.093725 51.000000 0.175862 
0.089412 62.000000 0.213793 
0.087059 68.000000 0.234483 
0.089020 63.000000 0.217241 
0.090588 59.000000 0.203448 
0.085490 72.000000 0.248276 
0.092157 55.000000 0.189655 
0.090196 60.000000 0.206897 
0.089020 63.000000 0.217241 
0.090980 58.000000 0.200000 
0.089804 61.000000 0.210345 
0.091765 56.000000 0.193103 
0.090588 59.000000 0.203448 
0.088627 64.000000 0.220690 
0.094510 49.000000 0.168966 
0.087059 68.000000 0.234483 
0.090196 60.000000 0.206897 
0.089020 63.000000 0.217241 
0.084706 74.000000 0.255172 
0.093725 51.000000 0.175862 
0.089020 63.000000 0.217241 
0.087451 67.000000 0.231034 
0.087451 67.000000 0.231034 
0.087059 68.000000 0.234483 
0.091373 57.000000 0.196552 
0.087451 67.000000 0.231034 
0.087843 66.000000 0.227586 
0.089804 61.000000 0.210345 
0.087451 67.000000 0.231034 
0.087843 66.000000 0.227586 
0.087451 67.000000 0.231034 
0.090196 60.000000 0.206897 
0.087059 68.000000 0.234483 
0.090980 58.000000 0.200000 
0.088627 64.000000 0.220690 
0.087843 66.000000 0.227586 
0.089412 62.000000 0.213793 
0.089020 63.000000 0.217241 
0.098039 40.000000 0.137931 
0.090980 58.000000 0.200000 
0.087451 67.000000 0.231034 
0.091765 56.000000 0.193103 
0.088627 64.000000 0.220690 
0.092941 53.000000 0.182759 
0.089020 63.000000 0.217241 
0.092157 55.000000 0.189655 
0.088235 65.000000 0.224138 
0.088235 65.000000 0.224138 
0.097255 42.000000 0.144828 
0.092941 53.000000 0.182759 
0.087843 66.000000 0.227586 
0.091373 57.000000 0.196552 
0.088235 65.000000 0.224138 
0.096078 45.000000 0.155172 
0.092549 54.000000 0.186207 
0.090588 59.000000 0.203448 
0.085490 72.000000 0.248276 
0.084314 75.000000 0.258621 
0.091765 56.000000 0.193103 
0.087843 66.000000 0.227586 
0.085882 71.000000 0.244828 
0.085490 72.000000 0.248276 
0.093333 52.000000 0.179310 
0.091765 56.000000 0.193103 
0.093333 52.000000 0.179310 
0.085490 72.000000 0.248276 
0.086667 69.000000 0.237931 
0.090588 59.000000 0.203448 
0.090980 58.000000 0.200000 
0.092549 54.000000 0.186207 
0.090980 58.000000 0.200000 
0.089804 61.000000 0.210345 
0.087059 68.000000 0.234483 
0.089020 63.000000 0.217241 
0.092549 54.000000 0.186207 
0.089020 63.000000 0.217241 
0.087059 68.000000 0.234483 
0.089804 61.000000 0.210345 
0.089020 63.000000 0.217241 
0.091373 57.000000 0.196552 
0.090196 60.000000 0.206897 
0.092941 53.000000 0.182759 
0.090980 58.000000 0.200000 
0.090196 60.000000 0.206897 
0.092549 54.000000 0.186207 
0.085490 72.000000 0.248276 
0.087843 66.000000 0.227586 
0.093333 52.000000 0.179310 
0.089412 62.000000 0.213793 
0.089020 63.000000 0.217241 
0.090196 60.000000 0.206897 
0.085490 72.000000 0.248276 
0.088627 64.000000 0.220690 
0.087059 68.000000 0.234483 
0.089412 62.000000 0.213793 
0.084706 74.000000 0.255172 
0.091373 57.000000 0.196552 
0.092941 53.000000 0.182759 
0.092549 54.000000 0.186207 
0.081569 82.000000 0.282759 
0.082745 79.000000 0.272414 
0.095686 46.000000 0.158621 
0.089020 63.000000 0.217241 
0.086667 69.000000 0.237931 
0.089020 63.000000 0.217241 
0.087059 68.000000 0.234483 
0.089804 61.000000 0.210345 
