0.487059 68.000000 0.051908 
0.490588 59.000000 0.045038 
0.491373 57.000000 0.043511 
0.488235 65.000000 0.049618 
0.484706 74.000000 0.056489 
0.492941 53.000000 0.040458 
0.488235 65.000000 0.049618 
0.496471 44.000000 0.033588 
0.493725 51.000000 0.038931 
0.490588 59.000000 0.045038 
0.484706 74.000000 0.056489 
0.490980 58.000000 0.044275 
0.494118 50.000000 0.038168 
0.491373 57.000000 0.043511 
0.494118 50.000000 0.038168 
0.490196 60.000000 0.045802 
0.485882 71.000000 0.054198 
0.487843 66.000000 0.050382 
0.493725 51.000000 0.038931 
0.491373 57.000000 0.043511 
0.485882 71.000000 0.054198 
0.485882 71.000000 0.054198 
0.490980 58.000000 0.044275 
0.483529 77.000000 0.058779 
0.484706 74.000000 0.056489 
0.489412 62.000000 0.047328 
0.487451 67.000000 0.051145 
0.489412 62.000000 0.047328 
0.484314 75.000000 0.057252 
0.496078 45.000000 0.034351 
0.485882 71.000000 0.054198 
0.484706 74.000000 0.056489 
0.483137 78.000000 0.059542 
0.485882 71.000000 0.054198 
0.480392 85.000000 0.064885 
0.487451 67.000000 0.051145 
0.479608 87.000000 0.066412 
0.494510 49.000000 0.037405 
0.489020 63.000000 0.048092 
0.483137 78.000000 0.059542 
0.485882 71.000000 0.054198 
0.485490 72.000000 0.054962 
0.483922 76.000000 0.058015 
0.490588 59.000000 0.045038 
0.490980 58.000000 0.044275 
0.491765 56.000000 0.042748 
0.486275 70.000000 0.053435 
0.480392 85.000000 0.064885 
0.492549 54.000000 0.041221 
0.495686 46.000000 0.035115 
0.493725 51.000000 0.038931 
0.481569 82.000000 0.062595 
0.489804 61.000000 0.046565 
0.489020 63.000000 0.048092 
0.486275 70.000000 0.053435 
0.492549 54.000000 0.041221 
0.475686 97.000000 0.074046 
0.494118 50.000000 0.038168 
0.489412 62.000000 0.047328 
0.496078 45.000000 0.034351 
0.491373 57.000000 0.043511 
0.485490 72.000000 0.054962 
0.487451 67.000000 0.051145 
0.490588 59.000000 0.045038 
0.490196 60.000000 0.045802 
0.494510 49.000000 0.037405 
0.488627 64.000000 0.048855 
0.490196 60.000000 0.045802 
0.487059 68.000000 0.051908 
0.490196 60.000000 0.045802 
0.489412 62.000000 0.047328 
0.486667 69.000000 0.052672 
0.492157 55.000000 0.041985 
0.493333 52.000000 0.039695 
0.485490 72.000000 0.054962 
0.489412 62.000000 0.047328 
0.483137 78.000000 0.059542 
0.485490 72.000000 0.054962 
0.490196 60.000000 0.045802 
0.492941 53.000000 0.040458 
0.486275 70.000000 0.053435 
0.492941 53.000000 0.040458 
0.498431 39.000000 0.029771 
0.488627 64.000000 0.048855 
0.488627 64.000000 0.048855 
0.489804 61.000000 0.046565 
0.492157 55.000000 0.041985 
0.489804 61.000000 0.046565 
0.490980 58.000000 0.044275 
0.488627 64.000000 0.048855 
0.489804 61.000000 0.046565 
0.481176 83.000000 0.063359 
0.488627 64.000000 0.048855 
0.484706 74.000000 0.056489 
0.487451 67.000000 0.051145 
0.490980 58.000000 0.044275 
0.485882 71.000000 0.054198 
0.484314 75.000000 0.057252 
0.484706 74.000000 0.056489 
0.495686 46.000000 0.035115 
0.490196 60.000000 0.045802 
0.491373 57.000000 0.043511 
0.482353 80.000000 0.061069 
0.489804 61.000000 0.046565 
0.492941 53.000000 0.040458 
0.494118 50.000000 0.038168 
0.493333 52.000000 0.039695 
0.483922 76.000000 0.058015 
0.489804 61.000000 0.046565 
0.488627 64.000000 0.048855 
0.496863 43.000000 0.032824 
0.487451 67.000000 0.051145 
0.487451 67.000000 0.051145 
0.491765 56.000000 0.042748 
0.487451 67.000000 0.051145 
0.489804 61.000000 0.046565 
0.489020 63.000000 0.048092 
0.488235 65.000000 0.049618 
0.493333 52.000000 0.039695 
0.488627 64.000000 0.048855 
0.479608 87.000000 0.066412 
0.490196 60.000000 0.045802 
0.486275 70.000000 0.053435 
0.483529 77.000000 0.058779 
0.490980 58.000000 0.044275 
0.489020 63.000000 0.048092 
0.488627 64.000000 0.048855 
0.492549 54.000000 0.041221 
0.486667 69.000000 0.052672 
0.480392 85.000000 0.064885 
0.476078 96.000000 0.073282 
0.489804 61.000000 0.046565 
0.484706 74.000000 0.056489 
0.492157 55.000000 0.041985 
0.484706 74.000000 0.056489 
0.497647 41.000000 0.031298 
0.480000 86.000000 0.065649 
0.491765 56.000000 0.042748 
0.488627 64.000000 0.048855 
0.486275 70.000000 0.053435 
0.495294 47.000000 0.035878 
0.485490 72.000000 0.054962 
0.483922 76.000000 0.058015 
0.490196 60.000000 0.045802 
0.488235 65.000000 0.049618 
0.481961 81.000000 0.061832 
0.492157 55.000000 0.041985 
0.487843 66.000000 0.050382 
0.481961 81.000000 0.061832 
0.496078 45.000000 0.034351 
0.484314 75.000000 0.057252 
0.479216 88.000000 0.067176 
0.492549 54.000000 0.041221 
0.482353 80.000000 0.061069 
0.492941 53.000000 0.040458 
0.485490 72.000000 0.054962 
0.486667 69.000000 0.052672 
0.489412 62.000000 0.047328 
0.490588 59.000000 0.045038 
0.485098 73.000000 0.055725 
0.493333 52.000000 0.039695 
0.486667 69.000000 0.052672 
0.494902 48.000000 0.036641 
0.490196 60.000000 0.045802 
0.474902 99.000000 0.075573 
0.486667 69.000000 0.052672 
0.484706 74.000000 0.056489 
0.487059 68.000000 0.051908 
0.492157 55.000000 0.041985 
0.483922 76.000000 0.058015 
0.483137 78.000000 0.059542 
0.483922 76.000000 0.058015 
0.490196 60.000000 0.045802 
0.481961 81.000000 0.061832 
0.485490 72.000000 0.054962 
0.487451 67.000000 0.051145 
0.488235 65.000000 0.049618 
0.495294 47.000000 0.035878 
0.490196 60.000000 0.045802 
0.492549 54.000000 0.041221 
0.487451 67.000000 0.051145 
0.493725 51.000000 0.038931 
0.498824 38.000000 0.029008 
0.485490 72.000000 0.054962 
0.488235 65.000000 0.049618 
0.487843 66.000000 0.050382 
0.489412 62.000000 0.047328 
0.482745 79.000000 0.060305 
0.486667 69.000000 0.052672 
0.491373 57.000000 0.043511 
0.489020 63.000000 0.048092 
0.484706 74.000000 0.056489 
0.487451 67.000000 0.051145 
0.489412 62.000000 0.047328 
0.493333 52.000000 0.039695 
0.490980 58.000000 0.044275 
0.491765 56.000000 0.042748 
0.485882 71.000000 0.054198 
0.485882 71.000000 0.054198 
0.490980 58.000000 0.044275 
0.482745 79.000000 0.060305 
0.490196 60.000000 0.045802 
0.485490 72.000000 0.054962 
0.488235 65.000000 0.049618 
0.493725 51.000000 0.038931 
0.481569 82.000000 0.062595 
0.491373 57.000000 0.043511 
0.498039 40.000000 0.030534 
0.485882 71.000000 0.054198 
0.482745 79.000000 0.060305 
0.488627 64.000000 0.048855 
0.496471 44.000000 0.033588 
0.490196 60.000000 0.045802 
0.492157 55.000000 0.041985 
0.489412 62.000000 0.047328 
0.489020 63.000000 0.048092 
0.490196 60.000000 0.045802 
0.493725 51.000000 0.038931 
0.485098 73.000000 0.055725 
0.491373 57.000000 0.043511 
0.484706 74.000000 0.056489 
0.479216 88.000000 0.067176 
0.489804 61.000000 0.046565 
0.488627 64.000000 0.048855 
0.495686 46.000000 0.035115 
0.491765 56.000000 0.042748 
0.493725 51.000000 0.038931 
0.485882 71.000000 0.054198 
0.489020 63.000000 0.048092 
0.486667 69.000000 0.052672 
0.487843 66.000000 0.050382 
0.488627 64.000000 0.048855 
0.481569 82.000000 0.062595 
0.490980 58.000000 0.044275 
0.492549 54.000000 0.041221 
0.484314 75.000000 0.057252 
0.483922 76.000000 0.058015 
0.493333 52.000000 0.039695 
0.485490 72.000000 0.054962 
0.487059 68.000000 0.051908 
0.488235 65.000000 0.049618 
0.489412 62.000000 0.047328 
0.493333 52.000000 0.039695 
0.495686 46.000000 0.035115 
0.483529 77.000000 0.058779 
0.494118 50.000000 0.038168 
0.487059 68.000000 0.051908 
0.485882 71.000000 0.054198 
0.491765 56.000000 0.042748 
0.491765 56.000000 0.042748 
0.496078 45.000000 0.034351 
0.485882 71.000000 0.054198 
0.490980 58.000000 0.044275 
0.492549 54.000000 0.041221 
0.490980 58.000000 0.044275 
0.492157 55.000000 0.041985 
0.490588 59.000000 0.045038 
0.487059 68.000000 0.051908 
0.486275 70.000000 0.053435 
0.494118 50.000000 0.038168 
0.480000 86.000000 0.065649 
0.490980 58.000000 0.044275 
0.491765 56.000000 0.042748 
0.485098 73.000000 0.055725 
0.493333 52.000000 0.039695 
0.487451 67.000000 0.051145 
0.496471 44.000000 0.033588 
0.490588 59.000000 0.045038 
0.489804 61.000000 0.046565 
0.494118 50.000000 0.038168 
0.486667 69.000000 0.052672 
0.488235 65.000000 0.049618 
0.487059 68.000000 0.051908 
0.490196 60.000000 0.045802 
0.492549 54.000000 0.041221 
0.496471 44.000000 0.033588 
0.492549 54.000000 0.041221 
0.489804 61.000000 0.046565 
0.485882 71.000000 0.054198 
0.486667 69.000000 0.052672 
0.485490 72.000000 0.054962 
0.490588 59.000000 0.045038 
0.488235 65.000000 0.049618 
0.490196 60.000000 0.045802 
0.485098 73.000000 0.055725 
0.490196 60.000000 0.045802 
0.485882 71.000000 0.054198 
0.483529 77.000000 0.058779 
0.492549 54.000000 0.041221 
0.492549 54.000000 0.041221 
0.484706 74.000000 0.056489 
0.480392 85.000000 0.064885 
0.488235 65.000000 0.049618 
0.489020 63.000000 0.048092 
0.490196 60.000000 0.045802 
0.491373 57.000000 0.043511 
0.489804 61.000000 0.046565 
0.488235 65.000000 0.049618 
0.493725 51.000000 0.038931 
0.490196 60.000000 0.045802 
0.490980 58.000000 0.044275 
0.485882 71.000000 0.054198 
0.489804 61.000000 0.046565 
0.493333 52.000000 0.039695 
0.486667 69.000000 0.052672 
0.491373 57.000000 0.043511 
0.492157 55.000000 0.041985 
0.490196 60.000000 0.045802 
0.478824 89.000000 0.067939 
0.488627 64.000000 0.048855 
0.495294 47.000000 0.035878 
0.490196 60.000000 0.045802 
0.487451 67.000000 0.051145 
0.489804 61.000000 0.046565 
0.489020 63.000000 0.048092 
0.490196 60.000000 0.045802 
0.491373 57.000000 0.043511 
0.492941 53.000000 0.040458 
0.489804 61.000000 0.046565 
0.488627 64.000000 0.048855 
0.483137 78.000000 0.059542 
0.474902 99.000000 0.075573 
0.484314 75.000000 0.057252 
0.489804 61.000000 0.046565 
0.493725 51.000000 0.038931 
0.483529 77.000000 0.058779 
0.486275 70.000000 0.053435 
0.488235 65.000000 0.049618 
0.486275 70.000000 0.053435 
0.495686 46.000000 0.035115 
0.492549 54.000000 0.041221 
0.490588 59.000000 0.045038 
0.493333 52.000000 0.039695 
0.487843 66.000000 0.050382 
0.488235 65.000000 0.049618 
0.487059 68.000000 0.051908 
0.492157 55.000000 0.041985 
0.487451 67.000000 0.051145 
0.490980 58.000000 0.044275 
0.486275 70.000000 0.053435 
0.485098 73.000000 0.055725 
0.490588 59.000000 0.045038 
0.496863 43.000000 0.032824 
0.488235 65.000000 0.049618 
0.492549 54.000000 0.041221 
0.491373 57.000000 0.043511 
0.487451 67.000000 0.051145 
0.495294 47.000000 0.035878 
0.485490 72.000000 0.054962 
0.493333 52.000000 0.039695 
0.491373 57.000000 0.043511 
0.493333 52.000000 0.039695 
0.489412 62.000000 0.047328 
0.487451 67.000000 0.051145 
0.490980 58.000000 0.044275 
0.494510 49.000000 0.037405 
0.493333 52.000000 0.039695 
0.490588 59.000000 0.045038 
0.489020 63.000000 0.048092 
0.485882 71.000000 0.054198 
0.486275 70.000000 0.053435 
0.489020 63.000000 0.048092 
0.491765 56.000000 0.042748 
0.491373 57.000000 0.043511 
0.496863 43.000000 0.032824 
0.489412 62.000000 0.047328 
0.483137 78.000000 0.059542 
0.481176 83.000000 0.063359 
0.483529 77.000000 0.058779 
0.494902 48.000000 0.036641 
0.493725 51.000000 0.038931 
0.486667 69.000000 0.052672 
0.487843 66.000000 0.050382 
0.481176 83.000000 0.063359 
0.487451 67.000000 0.051145 
0.492941 53.000000 0.040458 
0.488235 65.000000 0.049618 
0.487843 66.000000 0.050382 
0.489804 61.000000 0.046565 
0.491373 57.000000 0.043511 
0.486667 69.000000 0.052672 
0.493333 52.000000 0.039695 
0.485882 71.000000 0.054198 
0.488627 64.000000 0.048855 
0.489412 62.000000 0.047328 
0.493333 52.000000 0.039695 
0.487843 66.000000 0.050382 
0.480784 84.000000 0.064122 
0.486275 70.000000 0.053435 
0.494902 48.000000 0.036641 
0.484706 74.000000 0.056489 
0.494902 48.000000 0.036641 
0.492157 55.000000 0.041985 
0.486667 69.000000 0.052672 
0.484314 75.000000 0.057252 
0.489412 62.000000 0.047328 
0.494902 48.000000 0.036641 
0.488235 65.000000 0.049618 
0.494902 48.000000 0.036641 
0.480000 86.000000 0.065649 
0.487843 66.000000 0.050382 
0.481961 81.000000 0.061832 
0.488235 65.000000 0.049618 
0.500000 35.000000 0.026718 
0.484706 74.000000 0.056489 
0.489412 62.000000 0.047328 
0.485098 73.000000 0.055725 
0.487843 66.000000 0.050382 
0.488235 65.000000 0.049618 
0.483922 76.000000 0.058015 
0.487451 67.000000 0.051145 
0.496078 45.000000 0.034351 
0.480784 84.000000 0.064122 
0.497255 42.000000 0.032061 
0.492157 55.000000 0.041985 
0.491373 57.000000 0.043511 
0.489020 63.000000 0.048092 
0.492941 53.000000 0.040458 
0.490196 60.000000 0.045802 
0.491765 56.000000 0.042748 
0.483529 77.000000 0.058779 
0.496078 45.000000 0.034351 
0.489020 63.000000 0.048092 
0.492157 55.000000 0.041985 
0.489412 62.000000 0.047328 
0.492549 54.000000 0.041221 
0.487059 68.000000 0.051908 
0.492157 55.000000 0.041985 
0.492157 55.000000 0.041985 
0.493725 51.000000 0.038931 
0.492549 54.000000 0.041221 
0.485882 71.000000 0.054198 
0.492157 55.000000 0.041985 
0.488627 64.000000 0.048855 
0.487059 68.000000 0.051908 
0.492157 55.000000 0.041985 
0.481569 82.000000 0.062595 
0.498039 40.000000 0.030534 
0.485490 72.000000 0.054962 
0.487843 66.000000 0.050382 
0.480392 85.000000 0.064885 
0.490980 58.000000 0.044275 
0.485882 71.000000 0.054198 
0.485098 73.000000 0.055725 
0.489804 61.000000 0.046565 
0.492549 54.000000 0.041221 
0.484314 75.000000 0.057252 
0.491373 57.000000 0.043511 
0.488235 65.000000 0.049618 
0.495686 46.000000 0.035115 
0.492549 54.000000 0.041221 
0.497255 42.000000 0.032061 
0.481569 82.000000 0.062595 
0.489804 61.000000 0.046565 
0.480784 84.000000 0.064122 
0.492549 54.000000 0.041221 
0.492157 55.000000 0.041985 
0.489804 61.000000 0.046565 
0.498431 39.000000 0.029771 
0.494118 50.000000 0.038168 
0.481176 83.000000 0.063359 
0.492549 54.000000 0.041221 
0.480392 85.000000 0.064885 
0.487843 66.000000 0.050382 
0.488627 64.000000 0.048855 
0.485490 72.000000 0.054962 
0.485882 71.000000 0.054198 
0.484706 74.000000 0.056489 
0.494510 49.000000 0.037405 
0.485490 72.000000 0.054962 
0.495686 46.000000 0.035115 
0.492549 54.000000 0.041221 
0.494118 50.000000 0.038168 
0.485882 71.000000 0.054198 
0.483137 78.000000 0.059542 
0.490980 58.000000 0.044275 
0.488235 65.000000 0.049618 
0.491765 56.000000 0.042748 
0.483137 78.000000 0.059542 
0.490588 59.000000 0.045038 
0.487059 68.000000 0.051908 
0.489020 63.000000 0.048092 
0.494118 50.000000 0.038168 
0.492941 53.000000 0.040458 
0.491373 57.000000 0.043511 
0.483529 77.000000 0.058779 
0.479216 88.000000 0.067176 
0.490588 59.000000 0.045038 
0.485882 71.000000 0.054198 
0.493333 52.000000 0.039695 
0.495294 47.000000 0.035878 
0.491765 56.000000 0.042748 
0.483922 76.000000 0.058015 
0.491373 57.000000 0.043511 
0.484314 75.000000 0.057252 
0.493333 52.000000 0.039695 
0.490980 58.000000 0.044275 
0.492157 55.000000 0.041985 
0.486667 69.000000 0.052672 
0.493725 51.000000 0.038931 
0.489412 62.000000 0.047328 
