0.641569 234.000000 0.125134 
0.638431 242.000000 0.129412 
0.643922 228.000000 0.121925 
0.640392 237.000000 0.126738 
0.647451 219.000000 0.117112 
0.640000 238.000000 0.127273 
0.647059 220.000000 0.117647 
0.641961 233.000000 0.124599 
0.645098 225.000000 0.120321 
0.642353 232.000000 0.124064 
0.641176 235.000000 0.125668 
0.652549 206.000000 0.110160 
0.643922 228.000000 0.121925 
0.642353 232.000000 0.124064 
0.635686 249.000000 0.133155 
0.641961 233.000000 0.124599 
0.642353 232.000000 0.124064 
0.640784 236.000000 0.126203 
0.643137 230.000000 0.122995 
0.640392 237.000000 0.126738 
0.640392 237.000000 0.126738 
0.641569 234.000000 0.125134 
0.640784 236.000000 0.126203 
0.638431 242.000000 0.129412 
0.640784 236.000000 0.126203 
0.636863 246.000000 0.131551 
0.641569 234.000000 0.125134 
0.644706 226.000000 0.120856 
0.642745 231.000000 0.123529 
0.637255 245.000000 0.131016 
0.640784 236.000000 0.126203 
0.640392 237.000000 0.126738 
0.643529 229.000000 0.122460 
0.647451 219.000000 0.117112 
0.645098 225.000000 0.120321 
0.639608 239.000000 0.127807 
0.642353 232.000000 0.124064 
0.638824 241.000000 0.128877 
0.638039 243.000000 0.129947 
0.644706 226.000000 0.120856 
0.638824 241.000000 0.128877 
0.638824 241.000000 0.128877 
0.638824 241.000000 0.128877 
0.640392 237.000000 0.126738 
0.643529 229.000000 0.122460 
0.640784 236.000000 0.126203 
0.645882 223.000000 0.119251 
0.639608 239.000000 0.127807 
0.642745 231.000000 0.123529 
0.643529 229.000000 0.122460 
0.638824 241.000000 0.128877 
0.645882 223.000000 0.119251 
0.639216 240.000000 0.128342 
0.638431 242.000000 0.129412 
0.643922 228.000000 0.121925 
0.640784 236.000000 0.126203 
0.643137 230.000000 0.122995 
0.640392 237.000000 0.126738 
0.641569 234.000000 0.125134 
0.640784 236.000000 0.126203 
0.642353 232.000000 0.124064 
0.641961 233.000000 0.124599 
0.639216 240.000000 0.128342 
0.638039 243.000000 0.129947 
0.638039 243.000000 0.129947 
0.643137 230.000000 0.122995 
0.641569 234.000000 0.125134 
0.649020 215.000000 0.114973 
0.642745 231.000000 0.123529 
0.640784 236.000000 0.126203 
0.638824 241.000000 0.128877 
0.645098 225.000000 0.120321 
0.646275 222.000000 0.118717 
0.644314 227.000000 0.121390 
0.640392 237.000000 0.126738 
0.642745 231.000000 0.123529 
0.638824 241.000000 0.128877 
0.641961 233.000000 0.124599 
0.640784 236.000000 0.126203 
0.645098 225.000000 0.120321 
0.640784 236.000000 0.126203 
0.641176 235.000000 0.125668 
0.637255 245.000000 0.131016 
0.641569 234.000000 0.125134 
0.646275 222.000000 0.118717 
0.642353 232.000000 0.124064 
0.636078 248.000000 0.132620 
0.647059 220.000000 0.117647 
0.639216 240.000000 0.128342 
0.642353 232.000000 0.124064 
0.645490 224.000000 0.119786 
0.640784 236.000000 0.126203 
0.641569 234.000000 0.125134 
0.647059 220.000000 0.117647 
0.634118 253.000000 0.135294 
0.640784 236.000000 0.126203 
0.637647 244.000000 0.130481 
0.644314 227.000000 0.121390 
0.638824 241.000000 0.128877 
0.643922 228.000000 0.121925 
0.643529 229.000000 0.122460 
0.645098 225.000000 0.120321 
0.641176 235.000000 0.125668 
0.647843 218.000000 0.116578 
0.640000 238.000000 0.127273 
0.643922 228.000000 0.121925 
0.640000 238.000000 0.127273 
0.636078 248.000000 0.132620 
0.642745 231.000000 0.123529 
0.646667 221.000000 0.118182 
0.638824 241.000000 0.128877 
0.643137 230.000000 0.122995 
0.640784 236.000000 0.126203 
0.645882 223.000000 0.119251 
0.640784 236.000000 0.126203 
0.641176 235.000000 0.125668 
0.647059 220.000000 0.117647 
0.639608 239.000000 0.127807 
0.643529 229.000000 0.122460 
0.638039 243.000000 0.129947 
0.640392 237.000000 0.126738 
0.641961 233.000000 0.124599 
0.639608 239.000000 0.127807 
0.646275 222.000000 0.118717 
0.640392 237.000000 0.126738 
0.640784 236.000000 0.126203 
0.651765 208.000000 0.111230 
0.644706 226.000000 0.120856 
0.641176 235.000000 0.125668 
0.640000 238.000000 0.127273 
0.642745 231.000000 0.123529 
0.640784 236.000000 0.126203 
0.642353 232.000000 0.124064 
0.637647 244.000000 0.130481 
0.640784 236.000000 0.126203 
0.643137 230.000000 0.122995 
0.639608 239.000000 0.127807 
0.637647 244.000000 0.130481 
0.638039 243.000000 0.129947 
0.639608 239.000000 0.127807 
0.643529 229.000000 0.122460 
0.642353 232.000000 0.124064 
0.638039 243.000000 0.129947 
0.639608 239.000000 0.127807 
0.644314 227.000000 0.121390 
0.643922 228.000000 0.121925 
0.640000 238.000000 0.127273 
0.641569 234.000000 0.125134 
0.645098 225.000000 0.120321 
0.643137 230.000000 0.122995 
0.640392 237.000000 0.126738 
0.639216 240.000000 0.128342 
0.641176 235.000000 0.125668 
0.638431 242.000000 0.129412 
0.641176 235.000000 0.125668 
0.636863 246.000000 0.131551 
0.644314 227.000000 0.121390 
0.641961 233.000000 0.124599 
0.642353 232.000000 0.124064 
0.643137 230.000000 0.122995 
0.638431 242.000000 0.129412 
0.636078 248.000000 0.132620 
0.639216 240.000000 0.128342 
0.641569 234.000000 0.125134 
0.641961 233.000000 0.124599 
0.641961 233.000000 0.124599 
0.642353 232.000000 0.124064 
0.636078 248.000000 0.132620 
0.642353 232.000000 0.124064 
0.644706 226.000000 0.120856 
0.642353 232.000000 0.124064 
0.636078 248.000000 0.132620 
0.635686 249.000000 0.133155 
0.643922 228.000000 0.121925 
0.641569 234.000000 0.125134 
0.649412 214.000000 0.114439 
0.640392 237.000000 0.126738 
0.643137 230.000000 0.122995 
0.642353 232.000000 0.124064 
0.643529 229.000000 0.122460 
0.641569 234.000000 0.125134 
0.640000 238.000000 0.127273 
0.641569 234.000000 0.125134 
0.641176 235.000000 0.125668 
0.643137 230.000000 0.122995 
0.641961 233.000000 0.124599 
0.639608 239.000000 0.127807 
0.641961 233.000000 0.124599 
0.643529 229.000000 0.122460 
0.641176 235.000000 0.125668 
0.637255 245.000000 0.131016 
0.636863 246.000000 0.131551 
0.642353 232.000000 0.124064 
0.648235 217.000000 0.116043 
0.639608 239.000000 0.127807 
0.640000 238.000000 0.127273 
0.641961 233.000000 0.124599 
0.643529 229.000000 0.122460 
0.641961 233.000000 0.124599 
0.641961 233.000000 0.124599 
0.643922 228.000000 0.121925 
0.639608 239.000000 0.127807 
0.642353 232.000000 0.124064 
0.637647 244.000000 0.130481 
0.641961 233.000000 0.124599 
0.633725 254.000000 0.135829 
0.640392 237.000000 0.126738 
0.640784 236.000000 0.126203 
0.642353 232.000000 0.124064 
0.641569 234.000000 0.125134 
0.638824 241.000000 0.128877 
0.639216 240.000000 0.128342 
0.647059 220.000000 0.117647 
0.638431 242.000000 0.129412 
0.643137 230.000000 0.122995 
0.643922 228.000000 0.121925 
0.638039 243.000000 0.129947 
0.638431 242.000000 0.129412 
0.638824 241.000000 0.128877 
0.641961 233.000000 0.124599 
0.642745 231.000000 0.123529 
0.638824 241.000000 0.128877 
0.645098 225.000000 0.120321 
0.640392 237.000000 0.126738 
0.642745 231.000000 0.123529 
0.642745 231.000000 0.123529 
0.643529 229.000000 0.122460 
0.645490 224.000000 0.119786 
0.641569 234.000000 0.125134 
0.636863 246.000000 0.131551 
0.640392 237.000000 0.126738 
0.640784 236.000000 0.126203 
0.641176 235.000000 0.125668 
0.642353 232.000000 0.124064 
0.638431 242.000000 0.129412 
0.637647 244.000000 0.130481 
0.642353 232.000000 0.124064 
0.640000 238.000000 0.127273 
0.645490 224.000000 0.119786 
0.643137 230.000000 0.122995 
0.634118 253.000000 0.135294 
0.643137 230.000000 0.122995 
0.643137 230.000000 0.122995 
0.642353 232.000000 0.124064 
0.640000 238.000000 0.127273 
0.643529 229.000000 0.122460 
0.638039 243.000000 0.129947 
0.642353 232.000000 0.124064 
0.642745 231.000000 0.123529 
0.637647 244.000000 0.130481 
0.640392 237.000000 0.126738 
0.638824 241.000000 0.128877 
0.641176 235.000000 0.125668 
0.637647 244.000000 0.130481 
0.640784 236.000000 0.126203 
0.639216 240.000000 0.128342 
0.638039 243.000000 0.129947 
0.644706 226.000000 0.120856 
0.642745 231.000000 0.123529 
0.640000 238.000000 0.127273 
0.640000 238.000000 0.127273 
0.643137 230.000000 0.122995 
0.641961 233.000000 0.124599 
0.641176 235.000000 0.125668 
0.646275 222.000000 0.118717 
0.640000 238.000000 0.127273 
0.642745 231.000000 0.123529 
0.641176 235.000000 0.125668 
0.643922 228.000000 0.121925 
0.641961 233.000000 0.124599 
0.637255 245.000000 0.131016 
0.641569 234.000000 0.125134 
0.642353 232.000000 0.124064 
0.636078 248.000000 0.132620 
0.642745 231.000000 0.123529 
0.634902 251.000000 0.134225 
0.641569 234.000000 0.125134 
0.634118 253.000000 0.135294 
0.637647 244.000000 0.130481 
0.638431 242.000000 0.129412 
0.645098 225.000000 0.120321 
0.644314 227.000000 0.121390 
0.637647 244.000000 0.130481 
0.640392 237.000000 0.126738 
0.641176 235.000000 0.125668 
0.639608 239.000000 0.127807 
0.641569 234.000000 0.125134 
0.641569 234.000000 0.125134 
0.638431 242.000000 0.129412 
0.641569 234.000000 0.125134 
0.640000 238.000000 0.127273 
0.636863 246.000000 0.131551 
0.638039 243.000000 0.129947 
0.643922 228.000000 0.121925 
0.640000 238.000000 0.127273 
0.645490 224.000000 0.119786 
0.643529 229.000000 0.122460 
0.643137 230.000000 0.122995 
0.643922 228.000000 0.121925 
0.640784 236.000000 0.126203 
0.640392 237.000000 0.126738 
0.644314 227.000000 0.121390 
0.645882 223.000000 0.119251 
0.640000 238.000000 0.127273 
0.640784 236.000000 0.126203 
0.639216 240.000000 0.128342 
0.643137 230.000000 0.122995 
0.641961 233.000000 0.124599 
0.638824 241.000000 0.128877 
0.643529 229.000000 0.122460 
0.641176 235.000000 0.125668 
0.636471 247.000000 0.132086 
0.640000 238.000000 0.127273 
0.640784 236.000000 0.126203 
0.642353 232.000000 0.124064 
0.644314 227.000000 0.121390 
0.645098 225.000000 0.120321 
0.645882 223.000000 0.119251 
0.639608 239.000000 0.127807 
0.641961 233.000000 0.124599 
0.640000 238.000000 0.127273 
0.640000 238.000000 0.127273 
0.638039 243.000000 0.129947 
0.643137 230.000000 0.122995 
0.640784 236.000000 0.126203 
0.643529 229.000000 0.122460 
0.643529 229.000000 0.122460 
0.644706 226.000000 0.120856 
0.641569 234.000000 0.125134 
0.640784 236.000000 0.126203 
0.641176 235.000000 0.125668 
0.637647 244.000000 0.130481 
0.640784 236.000000 0.126203 
0.641961 233.000000 0.124599 
0.643529 229.000000 0.122460 
0.641961 233.000000 0.124599 
0.640000 238.000000 0.127273 
0.639216 240.000000 0.128342 
0.639608 239.000000 0.127807 
0.652549 206.000000 0.110160 
0.643529 229.000000 0.122460 
0.639216 240.000000 0.128342 
0.641569 234.000000 0.125134 
0.638039 243.000000 0.129947 
0.641961 233.000000 0.124599 
0.634902 251.000000 0.134225 
0.641961 233.000000 0.124599 
0.636863 246.000000 0.131551 
0.636078 248.000000 0.132620 
0.638824 241.000000 0.128877 
0.639216 240.000000 0.128342 
0.645882 223.000000 0.119251 
0.638431 242.000000 0.129412 
0.636471 247.000000 0.132086 
0.638431 242.000000 0.129412 
0.638431 242.000000 0.129412 
0.641961 233.000000 0.124599 
0.643137 230.000000 0.122995 
0.644706 226.000000 0.120856 
0.640000 238.000000 0.127273 
0.642745 231.000000 0.123529 
0.639608 239.000000 0.127807 
0.638431 242.000000 0.129412 
0.641176 235.000000 0.125668 
0.640000 238.000000 0.127273 
0.643529 229.000000 0.122460 
0.644314 227.000000 0.121390 
0.645098 225.000000 0.120321 
0.641176 235.000000 0.125668 
0.643529 229.000000 0.122460 
0.638039 243.000000 0.129947 
0.636863 246.000000 0.131551 
0.643529 229.000000 0.122460 
0.641961 233.000000 0.124599 
0.644314 227.000000 0.121390 
0.643922 228.000000 0.121925 
0.643529 229.000000 0.122460 
0.638039 243.000000 0.129947 
0.644314 227.000000 0.121390 
0.641569 234.000000 0.125134 
0.640000 238.000000 0.127273 
0.640000 238.000000 0.127273 
0.636078 248.000000 0.132620 
0.643137 230.000000 0.122995 
0.643529 229.000000 0.122460 
0.643137 230.000000 0.122995 
0.640784 236.000000 0.126203 
0.641961 233.000000 0.124599 
0.637647 244.000000 0.130481 
0.643922 228.000000 0.121925 
0.636863 246.000000 0.131551 
0.638431 242.000000 0.129412 
0.638431 242.000000 0.129412 
0.640392 237.000000 0.126738 
0.645098 225.000000 0.120321 
0.644314 227.000000 0.121390 
0.638431 242.000000 0.129412 
0.641961 233.000000 0.124599 
0.643529 229.000000 0.122460 
0.642745 231.000000 0.123529 
0.645882 223.000000 0.119251 
0.645098 225.000000 0.120321 
0.640000 238.000000 0.127273 
0.641176 235.000000 0.125668 
0.642353 232.000000 0.124064 
0.643137 230.000000 0.122995 
0.639608 239.000000 0.127807 
0.638431 242.000000 0.129412 
0.643137 230.000000 0.122995 
0.647059 220.000000 0.117647 
0.646667 221.000000 0.118182 
0.645882 223.000000 0.119251 
0.640784 236.000000 0.126203 
0.644314 227.000000 0.121390 
0.645098 225.000000 0.120321 
0.643529 229.000000 0.122460 
0.637255 245.000000 0.131016 
0.644314 227.000000 0.121390 
0.636471 247.000000 0.132086 
0.649412 214.000000 0.114439 
0.638824 241.000000 0.128877 
0.641961 233.000000 0.124599 
0.641569 234.000000 0.125134 
0.636863 246.000000 0.131551 
0.642745 231.000000 0.123529 
0.641176 235.000000 0.125668 
0.636863 246.000000 0.131551 
0.642745 231.000000 0.123529 
0.637647 244.000000 0.130481 
0.636863 246.000000 0.131551 
0.646275 222.000000 0.118717 
0.643529 229.000000 0.122460 
0.645882 223.000000 0.119251 
0.640392 237.000000 0.126738 
0.638431 242.000000 0.129412 
0.641176 235.000000 0.125668 
0.637647 244.000000 0.130481 
0.642353 232.000000 0.124064 
0.643529 229.000000 0.122460 
0.638039 243.000000 0.129947 
0.643922 228.000000 0.121925 
0.645490 224.000000 0.119786 
0.641569 234.000000 0.125134 
0.642353 232.000000 0.124064 
0.643529 229.000000 0.122460 
0.641176 235.000000 0.125668 
0.640392 237.000000 0.126738 
0.644706 226.000000 0.120856 
0.645490 224.000000 0.119786 
0.640784 236.000000 0.126203 
0.643137 230.000000 0.122995 
0.641176 235.000000 0.125668 
0.637647 244.000000 0.130481 
0.644706 226.000000 0.120856 
0.642353 232.000000 0.124064 
0.643922 228.000000 0.121925 
0.641961 233.000000 0.124599 
0.645490 224.000000 0.119786 
0.638824 241.000000 0.128877 
0.641176 235.000000 0.125668 
0.638039 243.000000 0.129947 
0.644314 227.000000 0.121390 
0.639608 239.000000 0.127807 
0.644314 227.000000 0.121390 
0.643529 229.000000 0.122460 
0.642745 231.000000 0.123529 
0.641961 233.000000 0.124599 
0.641176 235.000000 0.125668 
0.641176 235.000000 0.125668 
0.638824 241.000000 0.128877 
0.641961 233.000000 0.124599 
0.643922 228.000000 0.121925 
0.638824 241.000000 0.128877 
0.642745 231.000000 0.123529 
0.643922 228.000000 0.121925 
0.643922 228.000000 0.121925 
0.647843 218.000000 0.116578 
0.642745 231.000000 0.123529 
0.649020 215.000000 0.114973 
0.640000 238.000000 0.127273 
0.642745 231.000000 0.123529 
0.644314 227.000000 0.121390 
0.646667 221.000000 0.118182 
0.641961 233.000000 0.124599 
0.643137 230.000000 0.122995 
0.635686 249.000000 0.133155 
0.641176 235.000000 0.125668 
0.645490 224.000000 0.119786 
0.642353 232.000000 0.124064 
0.639216 240.000000 0.128342 
0.643137 230.000000 0.122995 
0.644706 226.000000 0.120856 
0.640000 238.000000 0.127273 
0.637647 244.000000 0.130481 
0.641176 235.000000 0.125668 
0.638431 242.000000 0.129412 
0.638039 243.000000 0.129947 
0.643529 229.000000 0.122460 
0.644706 226.000000 0.120856 
0.644706 226.000000 0.120856 
0.641569 234.000000 0.125134 
