0.445161 22.000000 0.137500 
0.441935 23.000000 0.143750 
0.480645 11.000000 0.068750 
0.454839 19.000000 0.118750 
0.474194 13.000000 0.081250 
0.458065 18.000000 0.112500 
0.441935 23.000000 0.143750 
0.470968 14.000000 0.087500 
0.477419 12.000000 0.075000 
0.474194 13.000000 0.081250 
0.461290 17.000000 0.106250 
0.474194 13.000000 0.081250 
0.461290 17.000000 0.106250 
0.470968 14.000000 0.087500 
0.451613 20.000000 0.125000 
0.448387 21.000000 0.131250 
0.448387 21.000000 0.131250 
0.464516 16.000000 0.100000 
0.461290 17.000000 0.106250 
0.454839 19.000000 0.118750 
0.467742 15.000000 0.093750 
0.464516 16.000000 0.100000 
0.448387 21.000000 0.131250 
0.458065 18.000000 0.112500 
0.477419 12.000000 0.075000 
0.480645 11.000000 0.068750 
0.445161 22.000000 0.137500 
0.458065 18.000000 0.112500 
0.470968 14.000000 0.087500 
0.461290 17.000000 0.106250 
0.474194 13.000000 0.081250 
0.451613 20.000000 0.125000 
0.480645 11.000000 0.068750 
0.445161 22.000000 0.137500 
0.477419 12.000000 0.075000 
0.474194 13.000000 0.081250 
0.441935 23.000000 0.143750 
0.454839 19.000000 0.118750 
0.458065 18.000000 0.112500 
0.477419 12.000000 0.075000 
0.467742 15.000000 0.093750 
0.454839 19.000000 0.118750 
0.470968 14.000000 0.087500 
0.435484 25.000000 0.156250 
0.467742 15.000000 0.093750 
0.458065 18.000000 0.112500 
0.467742 15.000000 0.093750 
0.461290 17.000000 0.106250 
0.464516 16.000000 0.100000 
0.454839 19.000000 0.118750 
0.458065 18.000000 0.112500 
0.458065 18.000000 0.112500 
0.454839 19.000000 0.118750 
0.467742 15.000000 0.093750 
0.470968 14.000000 0.087500 
0.461290 17.000000 0.106250 
0.467742 15.000000 0.093750 
0.458065 18.000000 0.112500 
0.448387 21.000000 0.131250 
0.483871 10.000000 0.062500 
0.470968 14.000000 0.087500 
0.454839 19.000000 0.118750 
0.454839 19.000000 0.118750 
0.448387 21.000000 0.131250 
0.454839 19.000000 0.118750 
0.483871 10.000000 0.062500 
0.461290 17.000000 0.106250 
0.464516 16.000000 0.100000 
0.464516 16.000000 0.100000 
0.470968 14.000000 0.087500 
0.461290 17.000000 0.106250 
0.483871 10.000000 0.062500 
0.480645 11.000000 0.068750 
0.461290 17.000000 0.106250 
0.470968 14.000000 0.087500 
0.480645 11.000000 0.068750 
0.467742 15.000000 0.093750 
0.477419 12.000000 0.075000 
0.445161 22.000000 0.137500 
0.477419 12.000000 0.075000 
0.483871 10.000000 0.062500 
0.454839 19.000000 0.118750 
0.441935 23.000000 0.143750 
0.461290 17.000000 0.106250 
0.470968 14.000000 0.087500 
0.470968 14.000000 0.087500 
0.454839 19.000000 0.118750 
0.467742 15.000000 0.093750 
0.464516 16.000000 0.100000 
0.470968 14.000000 0.087500 
0.461290 17.000000 0.106250 
0.458065 18.000000 0.112500 
0.461290 17.000000 0.106250 
0.477419 12.000000 0.075000 
0.474194 13.000000 0.081250 
0.467742 15.000000 0.093750 
0.477419 12.000000 0.075000 
0.467742 15.000000 0.093750 
0.454839 19.000000 0.118750 
0.451613 20.000000 0.125000 
0.454839 19.000000 0.118750 
0.461290 17.000000 0.106250 
0.454839 19.000000 0.118750 
0.461290 17.000000 0.106250 
0.467742 15.000000 0.093750 
0.458065 18.000000 0.112500 
0.470968 14.000000 0.087500 
0.458065 18.000000 0.112500 
0.448387 21.000000 0.131250 
0.474194 13.000000 0.081250 
0.470968 14.000000 0.087500 
0.467742 15.000000 0.093750 
0.448387 21.000000 0.131250 
0.470968 14.000000 0.087500 
0.454839 19.000000 0.118750 
0.461290 17.000000 0.106250 
0.474194 13.000000 0.081250 
0.454839 19.000000 0.118750 
0.464516 16.000000 0.100000 
0.461290 17.000000 0.106250 
0.445161 22.000000 0.137500 
0.470968 14.000000 0.087500 
0.461290 17.000000 0.106250 
0.458065 18.000000 0.112500 
0.445161 22.000000 0.137500 
0.470968 14.000000 0.087500 
0.464516 16.000000 0.100000 
0.464516 16.000000 0.100000 
0.451613 20.000000 0.125000 
0.464516 16.000000 0.100000 
0.483871 10.000000 0.062500 
0.477419 12.000000 0.075000 
0.467742 15.000000 0.093750 
0.461290 17.000000 0.106250 
0.474194 13.000000 0.081250 
0.470968 14.000000 0.087500 
0.467742 15.000000 0.093750 
0.487097 9.000000 0.056250 
0.470968 14.000000 0.087500 
0.454839 19.000000 0.118750 
0.451613 20.000000 0.125000 
0.448387 21.000000 0.131250 
0.448387 21.000000 0.131250 
0.464516 16.000000 0.100000 
0.470968 14.000000 0.087500 
0.470968 14.000000 0.087500 
0.461290 17.000000 0.106250 
0.477419 12.000000 0.075000 
0.454839 19.000000 0.118750 
0.477419 12.000000 0.075000 
0.451613 20.000000 0.125000 
0.438710 24.000000 0.150000 
0.464516 16.000000 0.100000 
0.470968 14.000000 0.087500 
0.470968 14.000000 0.087500 
0.480645 11.000000 0.068750 
0.467742 15.000000 0.093750 
0.461290 17.000000 0.106250 
0.448387 21.000000 0.131250 
0.467742 15.000000 0.093750 
0.480645 11.000000 0.068750 
0.467742 15.000000 0.093750 
0.477419 12.000000 0.075000 
0.480645 11.000000 0.068750 
0.458065 18.000000 0.112500 
0.464516 16.000000 0.100000 
0.461290 17.000000 0.106250 
0.454839 19.000000 0.118750 
0.467742 15.000000 0.093750 
0.480645 11.000000 0.068750 
0.483871 10.000000 0.062500 
0.480645 11.000000 0.068750 
0.454839 19.000000 0.118750 
0.477419 12.000000 0.075000 
0.461290 17.000000 0.106250 
0.467742 15.000000 0.093750 
0.461290 17.000000 0.106250 
0.458065 18.000000 0.112500 
0.461290 17.000000 0.106250 
0.451613 20.000000 0.125000 
0.464516 16.000000 0.100000 
0.477419 12.000000 0.075000 
0.470968 14.000000 0.087500 
0.464516 16.000000 0.100000 
0.458065 18.000000 0.112500 
0.464516 16.000000 0.100000 
0.477419 12.000000 0.075000 
0.474194 13.000000 0.081250 
0.461290 17.000000 0.106250 
0.461290 17.000000 0.106250 
0.451613 20.000000 0.125000 
0.464516 16.000000 0.100000 
0.464516 16.000000 0.100000 
0.474194 13.000000 0.081250 
0.464516 16.000000 0.100000 
0.480645 11.000000 0.068750 
0.461290 17.000000 0.106250 
0.487097 9.000000 0.056250 
0.474194 13.000000 0.081250 
0.467742 15.000000 0.093750 
0.445161 22.000000 0.137500 
0.467742 15.000000 0.093750 
0.483871 10.000000 0.062500 
0.467742 15.000000 0.093750 
0.474194 13.000000 0.081250 
0.480645 11.000000 0.068750 
0.467742 15.000000 0.093750 
0.470968 14.000000 0.087500 
0.461290 17.000000 0.106250 
0.445161 22.000000 0.137500 
0.454839 19.000000 0.118750 
0.464516 16.000000 0.100000 
0.474194 13.000000 0.081250 
0.470968 14.000000 0.087500 
0.461290 17.000000 0.106250 
0.454839 19.000000 0.118750 
0.470968 14.000000 0.087500 
0.474194 13.000000 0.081250 
0.470968 14.000000 0.087500 
0.448387 21.000000 0.131250 
0.480645 11.000000 0.068750 
0.480645 11.000000 0.068750 
0.470968 14.000000 0.087500 
0.464516 16.000000 0.100000 
0.458065 18.000000 0.112500 
0.470968 14.000000 0.087500 
0.467742 15.000000 0.093750 
0.474194 13.000000 0.081250 
0.467742 15.000000 0.093750 
0.490323 8.000000 0.050000 
0.467742 15.000000 0.093750 
0.454839 19.000000 0.118750 
0.464516 16.000000 0.100000 
0.461290 17.000000 0.106250 
0.470968 14.000000 0.087500 
0.464516 16.000000 0.100000 
0.464516 16.000000 0.100000 
0.467742 15.000000 0.093750 
0.461290 17.000000 0.106250 
0.448387 21.000000 0.131250 
0.480645 11.000000 0.068750 
0.467742 15.000000 0.093750 
0.451613 20.000000 0.125000 
0.467742 15.000000 0.093750 
0.470968 14.000000 0.087500 
0.470968 14.000000 0.087500 
0.445161 22.000000 0.137500 
0.451613 20.000000 0.125000 
0.461290 17.000000 0.106250 
0.448387 21.000000 0.131250 
0.461290 17.000000 0.106250 
0.461290 17.000000 0.106250 
0.454839 19.000000 0.118750 
0.474194 13.000000 0.081250 
0.470968 14.000000 0.087500 
0.454839 19.000000 0.118750 
0.470968 14.000000 0.087500 
0.461290 17.000000 0.106250 
0.467742 15.000000 0.093750 
0.461290 17.000000 0.106250 
0.470968 14.000000 0.087500 
0.467742 15.000000 0.093750 
0.470968 14.000000 0.087500 
0.474194 13.000000 0.081250 
0.454839 19.000000 0.118750 
0.461290 17.000000 0.106250 
0.458065 18.000000 0.112500 
0.470968 14.000000 0.087500 
0.467742 15.000000 0.093750 
0.474194 13.000000 0.081250 
0.438710 24.000000 0.150000 
0.461290 17.000000 0.106250 
0.458065 18.000000 0.112500 
0.429032 27.000000 0.168750 
0.474194 13.000000 0.081250 
0.461290 17.000000 0.106250 
0.438710 24.000000 0.150000 
0.483871 10.000000 0.062500 
0.464516 16.000000 0.100000 
0.458065 18.000000 0.112500 
0.461290 17.000000 0.106250 
0.458065 18.000000 0.112500 
0.429032 27.000000 0.168750 
0.461290 17.000000 0.106250 
0.470968 14.000000 0.087500 
0.470968 14.000000 0.087500 
0.467742 15.000000 0.093750 
0.451613 20.000000 0.125000 
0.467742 15.000000 0.093750 
0.470968 14.000000 0.087500 
0.467742 15.000000 0.093750 
0.458065 18.000000 0.112500 
0.451613 20.000000 0.125000 
0.464516 16.000000 0.100000 
0.487097 9.000000 0.056250 
0.470968 14.000000 0.087500 
0.483871 10.000000 0.062500 
0.467742 15.000000 0.093750 
0.451613 20.000000 0.125000 
0.458065 18.000000 0.112500 
0.467742 15.000000 0.093750 
0.458065 18.000000 0.112500 
0.464516 16.000000 0.100000 
0.477419 12.000000 0.075000 
0.477419 12.000000 0.075000 
0.480645 11.000000 0.068750 
0.467742 15.000000 0.093750 
0.461290 17.000000 0.106250 
0.461290 17.000000 0.106250 
0.467742 15.000000 0.093750 
0.470968 14.000000 0.087500 
0.477419 12.000000 0.075000 
0.451613 20.000000 0.125000 
0.448387 21.000000 0.131250 
0.448387 21.000000 0.131250 
0.451613 20.000000 0.125000 
0.477419 12.000000 0.075000 
0.445161 22.000000 0.137500 
0.480645 11.000000 0.068750 
0.458065 18.000000 0.112500 
0.458065 18.000000 0.112500 
0.477419 12.000000 0.075000 
0.477419 12.000000 0.075000 
0.454839 19.000000 0.118750 
0.464516 16.000000 0.100000 
0.441935 23.000000 0.143750 
0.448387 21.000000 0.131250 
0.458065 18.000000 0.112500 
0.467742 15.000000 0.093750 
0.480645 11.000000 0.068750 
0.464516 16.000000 0.100000 
0.474194 13.000000 0.081250 
0.467742 15.000000 0.093750 
0.464516 16.000000 0.100000 
0.461290 17.000000 0.106250 
0.451613 20.000000 0.125000 
0.467742 15.000000 0.093750 
0.470968 14.000000 0.087500 
0.487097 9.000000 0.056250 
0.464516 16.000000 0.100000 
0.464516 16.000000 0.100000 
0.483871 10.000000 0.062500 
0.451613 20.000000 0.125000 
0.454839 19.000000 0.118750 
0.461290 17.000000 0.106250 
0.467742 15.000000 0.093750 
0.464516 16.000000 0.100000 
0.464516 16.000000 0.100000 
0.451613 20.000000 0.125000 
0.451613 20.000000 0.125000 
0.467742 15.000000 0.093750 
0.454839 19.000000 0.118750 
0.435484 25.000000 0.156250 
0.451613 20.000000 0.125000 
0.464516 16.000000 0.100000 
0.458065 18.000000 0.112500 
0.458065 18.000000 0.112500 
0.445161 22.000000 0.137500 
0.470968 14.000000 0.087500 
0.480645 11.000000 0.068750 
0.470968 14.000000 0.087500 
0.474194 13.000000 0.081250 
0.464516 16.000000 0.100000 
0.461290 17.000000 0.106250 
0.461290 17.000000 0.106250 
0.435484 25.000000 0.156250 
0.451613 20.000000 0.125000 
0.445161 22.000000 0.137500 
0.458065 18.000000 0.112500 
0.470968 14.000000 0.087500 
0.474194 13.000000 0.081250 
0.474194 13.000000 0.081250 
0.454839 19.000000 0.118750 
0.470968 14.000000 0.087500 
0.454839 19.000000 0.118750 
0.464516 16.000000 0.100000 
0.464516 16.000000 0.100000 
0.458065 18.000000 0.112500 
0.435484 25.000000 0.156250 
0.487097 9.000000 0.056250 
0.458065 18.000000 0.112500 
0.470968 14.000000 0.087500 
0.451613 20.000000 0.125000 
0.464516 16.000000 0.100000 
0.470968 14.000000 0.087500 
0.458065 18.000000 0.112500 
0.470968 14.000000 0.087500 
0.480645 11.000000 0.068750 
0.438710 24.000000 0.150000 
0.477419 12.000000 0.075000 
0.458065 18.000000 0.112500 
0.470968 14.000000 0.087500 
0.451613 20.000000 0.125000 
0.474194 13.000000 0.081250 
0.441935 23.000000 0.143750 
0.441935 23.000000 0.143750 
0.467742 15.000000 0.093750 
0.467742 15.000000 0.093750 
0.464516 16.000000 0.100000 
0.470968 14.000000 0.087500 
0.464516 16.000000 0.100000 
0.461290 17.000000 0.106250 
0.477419 12.000000 0.075000 
0.470968 14.000000 0.087500 
0.461290 17.000000 0.106250 
0.464516 16.000000 0.100000 
0.464516 16.000000 0.100000 
0.454839 19.000000 0.118750 
0.470968 14.000000 0.087500 
0.429032 27.000000 0.168750 
0.464516 16.000000 0.100000 
0.464516 16.000000 0.100000 
0.477419 12.000000 0.075000 
0.470968 14.000000 0.087500 
0.467742 15.000000 0.093750 
0.458065 18.000000 0.112500 
0.474194 13.000000 0.081250 
0.464516 16.000000 0.100000 
0.458065 18.000000 0.112500 
0.458065 18.000000 0.112500 
0.445161 22.000000 0.137500 
0.461290 17.000000 0.106250 
0.461290 17.000000 0.106250 
0.474194 13.000000 0.081250 
0.474194 13.000000 0.081250 
0.458065 18.000000 0.112500 
0.448387 21.000000 0.131250 
0.467742 15.000000 0.093750 
0.474194 13.000000 0.081250 
0.470968 14.000000 0.087500 
0.470968 14.000000 0.087500 
0.467742 15.000000 0.093750 
0.458065 18.000000 0.112500 
0.474194 13.000000 0.081250 
0.467742 15.000000 0.093750 
0.470968 14.000000 0.087500 
0.470968 14.000000 0.087500 
0.477419 12.000000 0.075000 
0.483871 10.000000 0.062500 
0.454839 19.000000 0.118750 
0.467742 15.000000 0.093750 
0.454839 19.000000 0.118750 
0.467742 15.000000 0.093750 
0.461290 17.000000 0.106250 
0.451613 20.000000 0.125000 
0.470968 14.000000 0.087500 
0.474194 13.000000 0.081250 
0.461290 17.000000 0.106250 
0.477419 12.000000 0.075000 
0.441935 23.000000 0.143750 
0.467742 15.000000 0.093750 
0.448387 21.000000 0.131250 
0.464516 16.000000 0.100000 
0.464516 16.000000 0.100000 
0.461290 17.000000 0.106250 
0.454839 19.000000 0.118750 
0.464516 16.000000 0.100000 
0.474194 13.000000 0.081250 
0.464516 16.000000 0.100000 
0.461290 17.000000 0.106250 
0.458065 18.000000 0.112500 
0.445161 22.000000 0.137500 
0.464516 16.000000 0.100000 
0.448387 21.000000 0.131250 
0.461290 17.000000 0.106250 
0.477419 12.000000 0.075000 
0.451613 20.000000 0.125000 
0.438710 24.000000 0.150000 
0.461290 17.000000 0.106250 
0.458065 18.000000 0.112500 
0.467742 15.000000 0.093750 
0.477419 12.000000 0.075000 
0.458065 18.000000 0.112500 
0.461290 17.000000 0.106250 
0.461290 17.000000 0.106250 
0.461290 17.000000 0.106250 
0.454839 19.000000 0.118750 
0.438710 24.000000 0.150000 
0.451613 20.000000 0.125000 
0.464516 16.000000 0.100000 
0.474194 13.000000 0.081250 
0.458065 18.000000 0.112500 
0.451613 20.000000 0.125000 
0.474194 13.000000 0.081250 
0.451613 20.000000 0.125000 
0.477419 12.000000 0.075000 
0.464516 16.000000 0.100000 
0.474194 13.000000 0.081250 
0.467742 15.000000 0.093750 
0.474194 13.000000 0.081250 
0.477419 12.000000 0.075000 
0.458065 18.000000 0.112500 
0.451613 20.000000 0.125000 
0.470968 14.000000 0.087500 
0.487097 9.000000 0.056250 
0.451613 20.000000 0.125000 
0.483871 10.000000 0.062500 
0.464516 16.000000 0.100000 
0.461290 17.000000 0.106250 
0.474194 13.000000 0.081250 
0.467742 15.000000 0.093750 
0.590323 27.000000 0.128571 
0.593548 26.000000 0.123810 
0.583871 29.000000 0.138095 
0.574194 32.000000 0.152381 
0.593548 26.000000 0.123810 
0.606452 22.000000 0.104762 
0.590323 27.000000 0.128571 
0.583871 29.000000 0.138095 
0.583871 29.000000 0.138095 
0.590323 27.000000 0.128571 
0.593548 26.000000 0.123810 
0.574194 32.000000 0.152381 
0.590323 27.000000 0.128571 
0.590323 27.000000 0.128571 
0.583871 29.000000 0.138095 
0.596774 25.000000 0.119048 
0.587097 28.000000 0.133333 
0.564516 35.000000 0.166667 
0.577419 31.000000 0.147619 
0.587097 28.000000 0.133333 
0.574194 32.000000 0.152381 
0.583871 29.000000 0.138095 
0.577419 31.000000 0.147619 
0.600000 24.000000 0.114286 
0.574194 32.000000 0.152381 
0.583871 29.000000 0.138095 
0.596774 25.000000 0.119048 
0.580645 30.000000 0.142857 
0.561290 36.000000 0.171429 
0.580645 30.000000 0.142857 
0.570968 33.000000 0.157143 
0.603226 23.000000 0.109524 
0.583871 29.000000 0.138095 
0.596774 25.000000 0.119048 
0.596774 25.000000 0.119048 
0.577419 31.000000 0.147619 
0.600000 24.000000 0.114286 
0.587097 28.000000 0.133333 
0.590323 27.000000 0.128571 
0.567742 34.000000 0.161905 
0.587097 28.000000 0.133333 
0.593548 26.000000 0.123810 
0.583871 29.000000 0.138095 
0.587097 28.000000 0.133333 
0.583871 29.000000 0.138095 
0.587097 28.000000 0.133333 
0.596774 25.000000 0.119048 
0.590323 27.000000 0.128571 
0.600000 24.000000 0.114286 
0.590323 27.000000 0.128571 
0.596774 25.000000 0.119048 
0.590323 27.000000 0.128571 
0.590323 27.000000 0.128571 
0.593548 26.000000 0.123810 
0.587097 28.000000 0.133333 
0.590323 27.000000 0.128571 
0.596774 25.000000 0.119048 
0.590323 27.000000 0.128571 
0.596774 25.000000 0.119048 
0.554839 38.000000 0.180952 
0.574194 32.000000 0.152381 
0.593548 26.000000 0.123810 
0.587097 28.000000 0.133333 
0.590323 27.000000 0.128571 
0.590323 27.000000 0.128571 
0.590323 27.000000 0.128571 
0.587097 28.000000 0.133333 
0.570968 33.000000 0.157143 
0.603226 23.000000 0.109524 
0.593548 26.000000 0.123810 
0.564516 35.000000 0.166667 
0.596774 25.000000 0.119048 
0.590323 27.000000 0.128571 
0.567742 34.000000 0.161905 
0.596774 25.000000 0.119048 
0.580645 30.000000 0.142857 
0.567742 34.000000 0.161905 
0.570968 33.000000 0.157143 
0.606452 22.000000 0.104762 
0.593548 26.000000 0.123810 
0.583871 29.000000 0.138095 
0.603226 23.000000 0.109524 
0.590323 27.000000 0.128571 
0.593548 26.000000 0.123810 
0.590323 27.000000 0.128571 
0.577419 31.000000 0.147619 
0.580645 30.000000 0.142857 
0.593548 26.000000 0.123810 
0.567742 34.000000 0.161905 
0.574194 32.000000 0.152381 
0.593548 26.000000 0.123810 
0.574194 32.000000 0.152381 
0.593548 26.000000 0.123810 
0.600000 24.000000 0.114286 
0.587097 28.000000 0.133333 
0.577419 31.000000 0.147619 
0.574194 32.000000 0.152381 
0.590323 27.000000 0.128571 
0.587097 28.000000 0.133333 
0.593548 26.000000 0.123810 
0.590323 27.000000 0.128571 
0.570968 33.000000 0.157143 
0.590323 27.000000 0.128571 
0.600000 24.000000 0.114286 
0.583871 29.000000 0.138095 
0.580645 30.000000 0.142857 
0.580645 30.000000 0.142857 
0.587097 28.000000 0.133333 
0.587097 28.000000 0.133333 
0.580645 30.000000 0.142857 
0.590323 27.000000 0.128571 
0.593548 26.000000 0.123810 
0.574194 32.000000 0.152381 
0.606452 22.000000 0.104762 
0.616129 19.000000 0.090476 
0.609677 21.000000 0.100000 
0.577419 31.000000 0.147619 
0.612903 20.000000 0.095238 
0.606452 22.000000 0.104762 
0.590323 27.000000 0.128571 
0.590323 27.000000 0.128571 
0.580645 30.000000 0.142857 
0.570968 33.000000 0.157143 
0.593548 26.000000 0.123810 
0.587097 28.000000 0.133333 
0.600000 24.000000 0.114286 
0.587097 28.000000 0.133333 
0.596774 25.000000 0.119048 
0.570968 33.000000 0.157143 
0.603226 23.000000 0.109524 
0.583871 29.000000 0.138095 
0.616129 19.000000 0.090476 
0.587097 28.000000 0.133333 
0.574194 32.000000 0.152381 
0.583871 29.000000 0.138095 
0.593548 26.000000 0.123810 
0.600000 24.000000 0.114286 
0.583871 29.000000 0.138095 
0.587097 28.000000 0.133333 
0.583871 29.000000 0.138095 
0.561290 36.000000 0.171429 
0.596774 25.000000 0.119048 
0.600000 24.000000 0.114286 
0.600000 24.000000 0.114286 
0.574194 32.000000 0.152381 
0.590323 27.000000 0.128571 
0.580645 30.000000 0.142857 
0.577419 31.000000 0.147619 
0.590323 27.000000 0.128571 
0.570968 33.000000 0.157143 
0.593548 26.000000 0.123810 
0.593548 26.000000 0.123810 
0.593548 26.000000 0.123810 
0.593548 26.000000 0.123810 
0.600000 24.000000 0.114286 
0.583871 29.000000 0.138095 
0.587097 28.000000 0.133333 
0.603226 23.000000 0.109524 
0.600000 24.000000 0.114286 
0.596774 25.000000 0.119048 
0.590323 27.000000 0.128571 
0.590323 27.000000 0.128571 
0.574194 32.000000 0.152381 
0.593548 26.000000 0.123810 
0.574194 32.000000 0.152381 
0.590323 27.000000 0.128571 
0.567742 34.000000 0.161905 
0.606452 22.000000 0.104762 
0.577419 31.000000 0.147619 
0.590323 27.000000 0.128571 
0.570968 33.000000 0.157143 
0.580645 30.000000 0.142857 
0.600000 24.000000 0.114286 
0.596774 25.000000 0.119048 
0.603226 23.000000 0.109524 
0.596774 25.000000 0.119048 
0.577419 31.000000 0.147619 
0.567742 34.000000 0.161905 
0.593548 26.000000 0.123810 
0.561290 36.000000 0.171429 
0.609677 21.000000 0.100000 
0.616129 19.000000 0.090476 
0.554839 38.000000 0.180952 
0.600000 24.000000 0.114286 
0.564516 35.000000 0.166667 
0.577419 31.000000 0.147619 
0.587097 28.000000 0.133333 
0.577419 31.000000 0.147619 
0.583871 29.000000 0.138095 
0.603226 23.000000 0.109524 
0.583871 29.000000 0.138095 
0.600000 24.000000 0.114286 
0.603226 23.000000 0.109524 
0.596774 25.000000 0.119048 
0.590323 27.000000 0.128571 
0.583871 29.000000 0.138095 
0.600000 24.000000 0.114286 
0.567742 34.000000 0.161905 
0.583871 29.000000 0.138095 
0.596774 25.000000 0.119048 
0.600000 24.000000 0.114286 
0.590323 27.000000 0.128571 
0.570968 33.000000 0.157143 
0.574194 32.000000 0.152381 
0.590323 27.000000 0.128571 
0.580645 30.000000 0.142857 
0.603226 23.000000 0.109524 
0.580645 30.000000 0.142857 
0.577419 31.000000 0.147619 
0.600000 24.000000 0.114286 
0.574194 32.000000 0.152381 
0.583871 29.000000 0.138095 
0.570968 33.000000 0.157143 
0.580645 30.000000 0.142857 
0.574194 32.000000 0.152381 
0.612903 20.000000 0.095238 
0.593548 26.000000 0.123810 
0.583871 29.000000 0.138095 
0.596774 25.000000 0.119048 
0.593548 26.000000 0.123810 
0.587097 28.000000 0.133333 
0.616129 19.000000 0.090476 
0.577419 31.000000 0.147619 
0.583871 29.000000 0.138095 
0.587097 28.000000 0.133333 
0.600000 24.000000 0.114286 
0.580645 30.000000 0.142857 
0.583871 29.000000 0.138095 
0.596774 25.000000 0.119048 
0.609677 21.000000 0.100000 
0.583871 29.000000 0.138095 
0.577419 31.000000 0.147619 
0.593548 26.000000 0.123810 
0.600000 24.000000 0.114286 
0.583871 29.000000 0.138095 
0.596774 25.000000 0.119048 
0.587097 28.000000 0.133333 
0.619355 18.000000 0.085714 
0.596774 25.000000 0.119048 
0.583871 29.000000 0.138095 
0.603226 23.000000 0.109524 
0.564516 35.000000 0.166667 
0.564516 35.000000 0.166667 
0.606452 22.000000 0.104762 
0.577419 31.000000 0.147619 
0.603226 23.000000 0.109524 
0.580645 30.000000 0.142857 
0.580645 30.000000 0.142857 
0.593548 26.000000 0.123810 
0.609677 21.000000 0.100000 
0.612903 20.000000 0.095238 
0.606452 22.000000 0.104762 
0.600000 24.000000 0.114286 
0.600000 24.000000 0.114286 
0.600000 24.000000 0.114286 
0.570968 33.000000 0.157143 
0.593548 26.000000 0.123810 
0.580645 30.000000 0.142857 
0.593548 26.000000 0.123810 
0.596774 25.000000 0.119048 
0.574194 32.000000 0.152381 
0.590323 27.000000 0.128571 
0.583871 29.000000 0.138095 
0.593548 26.000000 0.123810 
0.600000 24.000000 0.114286 
0.574194 32.000000 0.152381 
0.583871 29.000000 0.138095 
0.554839 38.000000 0.180952 
0.577419 31.000000 0.147619 
0.603226 23.000000 0.109524 
0.590323 27.000000 0.128571 
0.600000 24.000000 0.114286 
0.587097 28.000000 0.133333 
0.577419 31.000000 0.147619 
0.600000 24.000000 0.114286 
0.558065 37.000000 0.176190 
0.577419 31.000000 0.147619 
0.580645 30.000000 0.142857 
0.593548 26.000000 0.123810 
0.600000 24.000000 0.114286 
0.609677 21.000000 0.100000 
0.590323 27.000000 0.128571 
0.593548 26.000000 0.123810 
0.580645 30.000000 0.142857 
0.600000 24.000000 0.114286 
0.583871 29.000000 0.138095 
0.587097 28.000000 0.133333 
0.606452 22.000000 0.104762 
0.590323 27.000000 0.128571 
0.606452 22.000000 0.104762 
0.577419 31.000000 0.147619 
0.580645 30.000000 0.142857 
0.596774 25.000000 0.119048 
0.580645 30.000000 0.142857 
0.606452 22.000000 0.104762 
0.577419 31.000000 0.147619 
0.590323 27.000000 0.128571 
0.593548 26.000000 0.123810 
0.593548 26.000000 0.123810 
0.596774 25.000000 0.119048 
0.590323 27.000000 0.128571 
0.587097 28.000000 0.133333 
0.596774 25.000000 0.119048 
0.596774 25.000000 0.119048 
0.570968 33.000000 0.157143 
0.603226 23.000000 0.109524 
0.609677 21.000000 0.100000 
0.596774 25.000000 0.119048 
0.593548 26.000000 0.123810 
0.587097 28.000000 0.133333 
0.587097 28.000000 0.133333 
0.574194 32.000000 0.152381 
0.590323 27.000000 0.128571 
0.587097 28.000000 0.133333 
0.587097 28.000000 0.133333 
0.564516 35.000000 0.166667 
0.574194 32.000000 0.152381 
0.583871 29.000000 0.138095 
0.583871 29.000000 0.138095 
0.561290 36.000000 0.171429 
0.577419 31.000000 0.147619 
0.600000 24.000000 0.114286 
0.577419 31.000000 0.147619 
0.600000 24.000000 0.114286 
0.587097 28.000000 0.133333 
0.577419 31.000000 0.147619 
0.580645 30.000000 0.142857 
0.583871 29.000000 0.138095 
0.593548 26.000000 0.123810 
0.577419 31.000000 0.147619 
0.603226 23.000000 0.109524 
0.596774 25.000000 0.119048 
0.590323 27.000000 0.128571 
0.587097 28.000000 0.133333 
0.564516 35.000000 0.166667 
0.567742 34.000000 0.161905 
0.583871 29.000000 0.138095 
0.577419 31.000000 0.147619 
0.590323 27.000000 0.128571 
0.580645 30.000000 0.142857 
0.583871 29.000000 0.138095 
0.593548 26.000000 0.123810 
0.603226 23.000000 0.109524 
0.590323 27.000000 0.128571 
0.583871 29.000000 0.138095 
0.587097 28.000000 0.133333 
0.596774 25.000000 0.119048 
0.580645 30.000000 0.142857 
0.570968 33.000000 0.157143 
0.596774 25.000000 0.119048 
0.590323 27.000000 0.128571 
0.590323 27.000000 0.128571 
0.558065 37.000000 0.176190 
0.603226 23.000000 0.109524 
0.590323 27.000000 0.128571 
0.580645 30.000000 0.142857 
0.574194 32.000000 0.152381 
0.587097 28.000000 0.133333 
0.583871 29.000000 0.138095 
0.577419 31.000000 0.147619 
0.577419 31.000000 0.147619 
0.600000 24.000000 0.114286 
0.590323 27.000000 0.128571 
0.587097 28.000000 0.133333 
0.590323 27.000000 0.128571 
0.593548 26.000000 0.123810 
0.600000 24.000000 0.114286 
0.580645 30.000000 0.142857 
0.567742 34.000000 0.161905 
0.603226 23.000000 0.109524 
0.590323 27.000000 0.128571 
0.577419 31.000000 0.147619 
0.583871 29.000000 0.138095 
0.580645 30.000000 0.142857 
0.583871 29.000000 0.138095 
0.590323 27.000000 0.128571 
0.583871 29.000000 0.138095 
0.596774 25.000000 0.119048 
0.587097 28.000000 0.133333 
0.567742 34.000000 0.161905 
0.600000 24.000000 0.114286 
0.603226 23.000000 0.109524 
0.570968 33.000000 0.157143 
0.574194 32.000000 0.152381 
0.606452 22.000000 0.104762 
0.609677 21.000000 0.100000 
0.593548 26.000000 0.123810 
0.593548 26.000000 0.123810 
0.583871 29.000000 0.138095 
0.593548 26.000000 0.123810 
0.590323 27.000000 0.128571 
0.600000 24.000000 0.114286 
0.577419 31.000000 0.147619 
0.587097 28.000000 0.133333 
0.574194 32.000000 0.152381 
0.612903 20.000000 0.095238 
0.580645 30.000000 0.142857 
0.583871 29.000000 0.138095 
0.583871 29.000000 0.138095 
0.577419 31.000000 0.147619 
0.619355 18.000000 0.085714 
0.577419 31.000000 0.147619 
0.590323 27.000000 0.128571 
0.593548 26.000000 0.123810 
0.593548 26.000000 0.123810 
0.596774 25.000000 0.119048 
0.587097 28.000000 0.133333 
0.600000 24.000000 0.114286 
0.574194 32.000000 0.152381 
0.596774 25.000000 0.119048 
0.612903 20.000000 0.095238 
0.593548 26.000000 0.123810 
0.587097 28.000000 0.133333 
0.593548 26.000000 0.123810 
0.600000 24.000000 0.114286 
0.577419 31.000000 0.147619 
0.587097 28.000000 0.133333 
0.616129 19.000000 0.090476 
0.590323 27.000000 0.128571 
0.606452 22.000000 0.104762 
0.590323 27.000000 0.128571 
0.564516 35.000000 0.166667 
0.596774 25.000000 0.119048 
0.574194 32.000000 0.152381 
0.583871 29.000000 0.138095 
0.577419 31.000000 0.147619 
0.593548 26.000000 0.123810 
0.587097 28.000000 0.133333 
0.593548 26.000000 0.123810 
0.580645 30.000000 0.142857 
0.580645 30.000000 0.142857 
0.600000 24.000000 0.114286 
0.580645 30.000000 0.142857 
0.583871 29.000000 0.138095 
0.596774 25.000000 0.119048 
0.603226 23.000000 0.109524 
0.609677 21.000000 0.100000 
0.593548 26.000000 0.123810 
0.593548 26.000000 0.123810 
0.603226 23.000000 0.109524 
0.590323 27.000000 0.128571 
0.577419 31.000000 0.147619 
0.587097 28.000000 0.133333 
0.561290 36.000000 0.171429 
0.603226 23.000000 0.109524 
0.577419 31.000000 0.147619 
0.593548 26.000000 0.123810 
0.561290 36.000000 0.171429 
0.593548 26.000000 0.123810 
0.587097 28.000000 0.133333 
0.583871 29.000000 0.138095 
0.590323 27.000000 0.128571 
0.570968 33.000000 0.157143 
0.567742 34.000000 0.161905 
0.603226 23.000000 0.109524 
0.590323 27.000000 0.128571 
0.570968 33.000000 0.157143 
0.558065 37.000000 0.176190 
0.590323 27.000000 0.128571 
0.590323 27.000000 0.128571 
0.590323 27.000000 0.128571 
0.583871 29.000000 0.138095 
0.577419 31.000000 0.147619 
0.570968 33.000000 0.157143 
0.580645 30.000000 0.142857 
0.593548 26.000000 0.123810 
0.587097 28.000000 0.133333 
0.590323 27.000000 0.128571 
0.580645 30.000000 0.142857 
0.600000 24.000000 0.114286 
0.596774 25.000000 0.119048 
0.612903 20.000000 0.095238 
0.580645 30.000000 0.142857 
0.587097 28.000000 0.133333 
0.609677 21.000000 0.100000 
0.606452 22.000000 0.104762 
0.603226 23.000000 0.109524 
0.574194 32.000000 0.152381 
0.577419 31.000000 0.147619 
0.577419 31.000000 0.147619 
0.600000 24.000000 0.114286 
0.580645 30.000000 0.142857 
0.606452 22.000000 0.104762 
0.590323 27.000000 0.128571 
0.583871 29.000000 0.138095 
0.593548 26.000000 0.123810 
0.590323 27.000000 0.128571 
0.600000 24.000000 0.114286 
0.574194 32.000000 0.152381 
0.583871 29.000000 0.138095 
0.593548 26.000000 0.123810 
0.590323 27.000000 0.128571 
0.596774 25.000000 0.119048 
0.590323 27.000000 0.128571 
0.583871 29.000000 0.138095 
0.590323 27.000000 0.128571 
0.583871 29.000000 0.138095 
0.603226 23.000000 0.109524 
0.593548 26.000000 0.123810 
0.587097 28.000000 0.133333 
0.587097 28.000000 0.133333 
