0.447059 170.000000 0.129771 
0.445882 173.000000 0.132061 
0.448627 166.000000 0.126718 
0.446667 171.000000 0.130534 
0.450588 161.000000 0.122901 
0.447843 168.000000 0.128244 
0.452941 155.000000 0.118321 
0.447451 169.000000 0.129008 
0.451765 158.000000 0.120611 
0.451373 159.000000 0.121374 
0.452157 157.000000 0.119847 
0.445882 173.000000 0.132061 
0.443529 179.000000 0.136641 
0.448235 167.000000 0.127481 
0.450588 161.000000 0.122901 
0.450196 162.000000 0.123664 
0.456078 147.000000 0.112214 
0.452941 155.000000 0.118321 
0.444314 177.000000 0.135115 
0.449412 164.000000 0.125191 
0.447843 168.000000 0.128244 
0.452941 155.000000 0.118321 
0.448627 166.000000 0.126718 
0.453725 153.000000 0.116794 
0.445490 174.000000 0.132824 
0.446275 172.000000 0.131298 
0.446667 171.000000 0.130534 
0.445098 175.000000 0.133588 
0.451765 158.000000 0.120611 
0.445098 175.000000 0.133588 
0.448235 167.000000 0.127481 
0.442745 181.000000 0.138168 
0.444314 177.000000 0.135115 
0.445098 175.000000 0.133588 
0.450980 160.000000 0.122137 
0.447451 169.000000 0.129008 
0.450196 162.000000 0.123664 
0.443529 179.000000 0.136641 
0.450588 161.000000 0.122901 
0.444314 177.000000 0.135115 
0.448235 167.000000 0.127481 
0.448235 167.000000 0.127481 
0.453333 154.000000 0.117557 
0.449804 163.000000 0.124427 
0.446667 171.000000 0.130534 
0.447451 169.000000 0.129008 
0.449804 163.000000 0.124427 
0.446667 171.000000 0.130534 
0.445490 174.000000 0.132824 
0.446667 171.000000 0.130534 
0.448235 167.000000 0.127481 
0.452941 155.000000 0.118321 
0.445882 173.000000 0.132061 
0.450196 162.000000 0.123664 
0.440784 186.000000 0.141985 
0.447059 170.000000 0.129771 
0.449020 165.000000 0.125954 
0.445882 173.000000 0.132061 
0.452549 156.000000 0.119084 
0.449020 165.000000 0.125954 
0.456471 146.000000 0.111450 
0.447843 168.000000 0.128244 
0.452941 155.000000 0.118321 
0.449412 164.000000 0.125191 
0.448627 166.000000 0.126718 
0.456471 146.000000 0.111450 
0.447451 169.000000 0.129008 
0.452549 156.000000 0.119084 
0.454118 152.000000 0.116031 
0.447451 169.000000 0.129008 
0.454902 150.000000 0.114504 
0.454902 150.000000 0.114504 
0.447059 170.000000 0.129771 
0.451765 158.000000 0.120611 
0.443922 178.000000 0.135878 
0.449412 164.000000 0.125191 
0.445882 173.000000 0.132061 
0.448627 166.000000 0.126718 
0.455686 148.000000 0.112977 
0.449020 165.000000 0.125954 
0.452157 157.000000 0.119847 
0.453725 153.000000 0.116794 
0.448235 167.000000 0.127481 
0.449804 163.000000 0.124427 
0.451373 159.000000 0.121374 
0.445882 173.000000 0.132061 
0.448627 166.000000 0.126718 
0.448235 167.000000 0.127481 
0.449020 165.000000 0.125954 
0.447451 169.000000 0.129008 
0.448235 167.000000 0.127481 
0.446275 172.000000 0.131298 
0.448627 166.000000 0.126718 
0.448235 167.000000 0.127481 
0.454118 152.000000 0.116031 
0.445882 173.000000 0.132061 
0.448235 167.000000 0.127481 
0.448235 167.000000 0.127481 
0.447451 169.000000 0.129008 
0.446275 172.000000 0.131298 
0.455686 148.000000 0.112977 
0.452941 155.000000 0.118321 
0.450588 161.000000 0.122901 
0.452941 155.000000 0.118321 
0.450980 160.000000 0.122137 
0.443529 179.000000 0.136641 
0.446667 171.000000 0.130534 
0.444706 176.000000 0.134351 
0.449804 163.000000 0.124427 
0.443922 178.000000 0.135878 
0.445490 174.000000 0.132824 
0.448235 167.000000 0.127481 
0.455686 148.000000 0.112977 
0.448235 167.000000 0.127481 
0.449020 165.000000 0.125954 
0.451373 159.000000 0.121374 
0.448235 167.000000 0.127481 
0.454118 152.000000 0.116031 
0.450588 161.000000 0.122901 
0.447843 168.000000 0.128244 
0.446275 172.000000 0.131298 
0.447843 168.000000 0.128244 
0.446667 171.000000 0.130534 
0.452549 156.000000 0.119084 
0.451765 158.000000 0.120611 
0.449020 165.000000 0.125954 
0.443922 178.000000 0.135878 
0.442353 182.000000 0.138931 
0.449020 165.000000 0.125954 
0.450196 162.000000 0.123664 
0.449020 165.000000 0.125954 
0.453725 153.000000 0.116794 
0.450980 160.000000 0.122137 
0.449412 164.000000 0.125191 
0.448627 166.000000 0.126718 
0.447059 170.000000 0.129771 
0.451373 159.000000 0.121374 
0.452549 156.000000 0.119084 
0.449804 163.000000 0.124427 
0.450196 162.000000 0.123664 
0.446667 171.000000 0.130534 
0.447059 170.000000 0.129771 
0.444314 177.000000 0.135115 
0.446667 171.000000 0.130534 
0.449804 163.000000 0.124427 
0.451765 158.000000 0.120611 
0.445882 173.000000 0.132061 
0.442745 181.000000 0.138168 
0.447843 168.000000 0.128244 
0.451373 159.000000 0.121374 
0.449412 164.000000 0.125191 
0.452157 157.000000 0.119847 
0.447843 168.000000 0.128244 
0.451373 159.000000 0.121374 
0.444706 176.000000 0.134351 
0.452941 155.000000 0.118321 
0.449412 164.000000 0.125191 
0.446275 172.000000 0.131298 
0.452941 155.000000 0.118321 
0.454510 151.000000 0.115267 
0.447059 170.000000 0.129771 
0.448627 166.000000 0.126718 
0.455686 148.000000 0.112977 
0.448235 167.000000 0.127481 
0.447059 170.000000 0.129771 
0.452549 156.000000 0.119084 
0.455294 149.000000 0.113740 
0.451765 158.000000 0.120611 
0.449804 163.000000 0.124427 
0.449020 165.000000 0.125954 
0.452549 156.000000 0.119084 
0.451765 158.000000 0.120611 
0.447843 168.000000 0.128244 
0.454118 152.000000 0.116031 
0.452157 157.000000 0.119847 
0.451765 158.000000 0.120611 
0.449020 165.000000 0.125954 
0.448235 167.000000 0.127481 
0.450588 161.000000 0.122901 
0.442745 181.000000 0.138168 
0.452941 155.000000 0.118321 
0.449804 163.000000 0.124427 
0.448627 166.000000 0.126718 
0.449804 163.000000 0.124427 
0.452941 155.000000 0.118321 
0.448627 166.000000 0.126718 
0.449020 165.000000 0.125954 
0.445098 175.000000 0.133588 
0.447059 170.000000 0.129771 
0.442353 182.000000 0.138931 
0.454118 152.000000 0.116031 
0.442353 182.000000 0.138931 
0.447843 168.000000 0.128244 
0.454118 152.000000 0.116031 
0.448235 167.000000 0.127481 
0.440784 186.000000 0.141985 
0.452549 156.000000 0.119084 
0.446667 171.000000 0.130534 
0.446667 171.000000 0.130534 
0.448235 167.000000 0.127481 
0.448235 167.000000 0.127481 
0.450980 160.000000 0.122137 
0.443922 178.000000 0.135878 
0.445098 175.000000 0.133588 
0.450588 161.000000 0.122901 
0.450980 160.000000 0.122137 
0.450588 161.000000 0.122901 
0.453725 153.000000 0.116794 
0.445882 173.000000 0.132061 
0.452941 155.000000 0.118321 
0.450588 161.000000 0.122901 
0.452549 156.000000 0.119084 
0.440392 187.000000 0.142748 
0.450196 162.000000 0.123664 
0.450196 162.000000 0.123664 
0.451373 159.000000 0.121374 
0.450196 162.000000 0.123664 
0.449804 163.000000 0.124427 
0.447843 168.000000 0.128244 
0.449412 164.000000 0.125191 
0.445882 173.000000 0.132061 
0.450980 160.000000 0.122137 
0.448627 166.000000 0.126718 
0.454118 152.000000 0.116031 
0.454118 152.000000 0.116031 
0.448627 166.000000 0.126718 
0.448235 167.000000 0.127481 
0.443529 179.000000 0.136641 
0.448627 166.000000 0.126718 
0.452549 156.000000 0.119084 
0.451373 159.000000 0.121374 
0.451765 158.000000 0.120611 
0.448235 167.000000 0.127481 
0.451765 158.000000 0.120611 
0.450588 161.000000 0.122901 
0.450588 161.000000 0.122901 
0.448235 167.000000 0.127481 
0.447451 169.000000 0.129008 
0.448235 167.000000 0.127481 
0.448235 167.000000 0.127481 
0.451765 158.000000 0.120611 
0.450588 161.000000 0.122901 
0.447843 168.000000 0.128244 
0.450588 161.000000 0.122901 
0.450588 161.000000 0.122901 
0.450196 162.000000 0.123664 
0.452549 156.000000 0.119084 
0.447843 168.000000 0.128244 
0.448235 167.000000 0.127481 
0.454118 152.000000 0.116031 
0.446667 171.000000 0.130534 
0.447451 169.000000 0.129008 
0.451373 159.000000 0.121374 
0.450980 160.000000 0.122137 
0.447843 168.000000 0.128244 
0.452941 155.000000 0.118321 
0.447451 169.000000 0.129008 
0.447059 170.000000 0.129771 
0.449804 163.000000 0.124427 
0.448627 166.000000 0.126718 
0.447451 169.000000 0.129008 
0.452549 156.000000 0.119084 
0.447843 168.000000 0.128244 
0.451373 159.000000 0.121374 
0.444314 177.000000 0.135115 
0.450980 160.000000 0.122137 
0.448235 167.000000 0.127481 
0.449020 165.000000 0.125954 
0.450196 162.000000 0.123664 
0.449412 164.000000 0.125191 
0.446275 172.000000 0.131298 
0.449412 164.000000 0.125191 
0.452941 155.000000 0.118321 
0.447059 170.000000 0.129771 
0.446275 172.000000 0.131298 
0.452941 155.000000 0.118321 
0.443529 179.000000 0.136641 
0.448235 167.000000 0.127481 
0.450980 160.000000 0.122137 
0.444314 177.000000 0.135115 
0.448235 167.000000 0.127481 
0.441176 185.000000 0.141221 
0.447451 169.000000 0.129008 
0.447843 168.000000 0.128244 
0.450196 162.000000 0.123664 
0.453725 153.000000 0.116794 
0.448627 166.000000 0.126718 
0.451373 159.000000 0.121374 
0.452157 157.000000 0.119847 
0.447059 170.000000 0.129771 
0.450588 161.000000 0.122901 
0.443922 178.000000 0.135878 
0.452549 156.000000 0.119084 
0.449020 165.000000 0.125954 
0.445882 173.000000 0.132061 
0.456863 145.000000 0.110687 
0.448235 167.000000 0.127481 
0.447451 169.000000 0.129008 
0.454902 150.000000 0.114504 
0.452549 156.000000 0.119084 
0.445490 174.000000 0.132824 
0.450980 160.000000 0.122137 
0.454510 151.000000 0.115267 
0.451765 158.000000 0.120611 
0.450588 161.000000 0.122901 
0.449412 164.000000 0.125191 
0.445882 173.000000 0.132061 
0.450196 162.000000 0.123664 
0.446667 171.000000 0.130534 
0.443529 179.000000 0.136641 
0.447843 168.000000 0.128244 
0.448627 166.000000 0.126718 
0.446667 171.000000 0.130534 
0.450196 162.000000 0.123664 
0.448235 167.000000 0.127481 
0.451765 158.000000 0.120611 
0.445098 175.000000 0.133588 
0.449020 165.000000 0.125954 
0.458431 141.000000 0.107634 
0.450980 160.000000 0.122137 
0.451373 159.000000 0.121374 
0.441176 185.000000 0.141221 
0.449020 165.000000 0.125954 
0.447059 170.000000 0.129771 
0.450196 162.000000 0.123664 
0.452157 157.000000 0.119847 
0.444314 177.000000 0.135115 
0.445098 175.000000 0.133588 
0.445098 175.000000 0.133588 
0.450588 161.000000 0.122901 
0.445490 174.000000 0.132824 
0.445882 173.000000 0.132061 
0.453725 153.000000 0.116794 
0.450980 160.000000 0.122137 
0.449804 163.000000 0.124427 
0.448627 166.000000 0.126718 
0.448627 166.000000 0.126718 
0.447451 169.000000 0.129008 
0.452157 157.000000 0.119847 
0.446275 172.000000 0.131298 
0.450196 162.000000 0.123664 
0.454118 152.000000 0.116031 
0.445098 175.000000 0.133588 
0.450980 160.000000 0.122137 
0.445882 173.000000 0.132061 
0.449412 164.000000 0.125191 
0.452157 157.000000 0.119847 
0.453725 153.000000 0.116794 
0.446275 172.000000 0.131298 
0.449020 165.000000 0.125954 
0.448627 166.000000 0.126718 
0.444706 176.000000 0.134351 
0.449804 163.000000 0.124427 
0.447059 170.000000 0.129771 
0.450196 162.000000 0.123664 
0.445098 175.000000 0.133588 
0.452549 156.000000 0.119084 
0.445490 174.000000 0.132824 
0.457647 143.000000 0.109160 
0.446667 171.000000 0.130534 
0.445882 173.000000 0.132061 
0.451373 159.000000 0.121374 
0.449412 164.000000 0.125191 
0.449804 163.000000 0.124427 
0.452157 157.000000 0.119847 
0.448627 166.000000 0.126718 
0.448235 167.000000 0.127481 
0.454902 150.000000 0.114504 
0.443922 178.000000 0.135878 
0.448235 167.000000 0.127481 
0.456471 146.000000 0.111450 
0.452941 155.000000 0.118321 
0.458431 141.000000 0.107634 
0.442353 182.000000 0.138931 
0.450588 161.000000 0.122901 
0.452941 155.000000 0.118321 
0.454118 152.000000 0.116031 
0.451765 158.000000 0.120611 
0.450980 160.000000 0.122137 
0.451373 159.000000 0.121374 
0.452157 157.000000 0.119847 
0.452941 155.000000 0.118321 
0.451765 158.000000 0.120611 
0.449412 164.000000 0.125191 
0.449020 165.000000 0.125954 
0.447059 170.000000 0.129771 
0.449412 164.000000 0.125191 
0.445882 173.000000 0.132061 
0.444314 177.000000 0.135115 
0.449412 164.000000 0.125191 
0.450980 160.000000 0.122137 
0.451373 159.000000 0.121374 
0.449020 165.000000 0.125954 
0.451765 158.000000 0.120611 
0.452549 156.000000 0.119084 
0.449412 164.000000 0.125191 
0.444706 176.000000 0.134351 
0.445098 175.000000 0.133588 
0.449804 163.000000 0.124427 
0.448627 166.000000 0.126718 
0.454118 152.000000 0.116031 
0.447059 170.000000 0.129771 
0.447843 168.000000 0.128244 
0.448627 166.000000 0.126718 
0.447843 168.000000 0.128244 
0.450980 160.000000 0.122137 
0.445490 174.000000 0.132824 
0.449412 164.000000 0.125191 
0.449020 165.000000 0.125954 
0.455686 148.000000 0.112977 
0.449804 163.000000 0.124427 
0.448235 167.000000 0.127481 
0.449804 163.000000 0.124427 
0.449804 163.000000 0.124427 
0.449804 163.000000 0.124427 
0.450196 162.000000 0.123664 
0.450196 162.000000 0.123664 
0.448235 167.000000 0.127481 
0.449412 164.000000 0.125191 
0.450980 160.000000 0.122137 
0.445098 175.000000 0.133588 
0.443922 178.000000 0.135878 
0.445490 174.000000 0.132824 
0.450980 160.000000 0.122137 
0.444706 176.000000 0.134351 
0.442745 181.000000 0.138168 
0.447059 170.000000 0.129771 
0.455686 148.000000 0.112977 
0.447843 168.000000 0.128244 
0.452941 155.000000 0.118321 
0.444314 177.000000 0.135115 
0.448235 167.000000 0.127481 
0.447059 170.000000 0.129771 
0.444706 176.000000 0.134351 
0.449412 164.000000 0.125191 
0.440784 186.000000 0.141985 
0.447059 170.000000 0.129771 
0.450980 160.000000 0.122137 
0.452549 156.000000 0.119084 
0.449412 164.000000 0.125191 
0.445490 174.000000 0.132824 
0.451765 158.000000 0.120611 
0.452549 156.000000 0.119084 
0.452549 156.000000 0.119084 
0.452549 156.000000 0.119084 
0.447451 169.000000 0.129008 
0.452157 157.000000 0.119847 
0.447059 170.000000 0.129771 
0.448627 166.000000 0.126718 
0.447843 168.000000 0.128244 
0.445882 173.000000 0.132061 
0.454902 150.000000 0.114504 
0.452941 155.000000 0.118321 
0.450980 160.000000 0.122137 
0.455294 149.000000 0.113740 
0.454510 151.000000 0.115267 
0.446275 172.000000 0.131298 
0.448235 167.000000 0.127481 
0.450588 161.000000 0.122901 
0.444314 177.000000 0.135115 
0.451373 159.000000 0.121374 
0.446275 172.000000 0.131298 
0.454902 150.000000 0.114504 
0.447059 170.000000 0.129771 
0.449020 165.000000 0.125954 
0.446667 171.000000 0.130534 
0.444314 177.000000 0.135115 
0.449804 163.000000 0.124427 
0.446667 171.000000 0.130534 
0.454510 151.000000 0.115267 
0.448627 166.000000 0.126718 
0.450196 162.000000 0.123664 
0.450980 160.000000 0.122137 
0.444706 176.000000 0.134351 
0.443529 179.000000 0.136641 
0.450196 162.000000 0.123664 
0.452941 155.000000 0.118321 
0.448627 166.000000 0.126718 
0.450980 160.000000 0.122137 
0.449412 164.000000 0.125191 
0.449804 163.000000 0.124427 
0.447059 170.000000 0.129771 
0.449412 164.000000 0.125191 
0.451765 158.000000 0.120611 
0.449804 163.000000 0.124427 
0.454118 152.000000 0.116031 
0.451373 159.000000 0.121374 
0.447059 170.000000 0.129771 
0.450196 162.000000 0.123664 
0.452157 157.000000 0.119847 
0.443529 179.000000 0.136641 
0.449804 163.000000 0.124427 
0.452549 156.000000 0.119084 
0.448235 167.000000 0.127481 
0.448235 167.000000 0.127481 
0.446667 171.000000 0.130534 
0.450980 160.000000 0.122137 
0.454118 152.000000 0.116031 
0.449020 165.000000 0.125954 
0.450588 161.000000 0.122901 
0.452941 155.000000 0.118321 
