0.507451 96.000000 0.069065 
0.503922 105.000000 0.075540 
0.509020 92.000000 0.066187 
0.507451 96.000000 0.069065 
0.512549 83.000000 0.059712 
0.507843 95.000000 0.068345 
0.507451 96.000000 0.069065 
0.510196 89.000000 0.064029 
0.509804 90.000000 0.064748 
0.512549 83.000000 0.059712 
0.511765 85.000000 0.061151 
0.509412 91.000000 0.065468 
0.508235 94.000000 0.067626 
0.506275 99.000000 0.071223 
0.507059 97.000000 0.069784 
0.505490 101.000000 0.072662 
0.514118 79.000000 0.056835 
0.514510 78.000000 0.056115 
0.510980 87.000000 0.062590 
0.509412 91.000000 0.065468 
0.510196 89.000000 0.064029 
0.505882 100.000000 0.071942 
0.509412 91.000000 0.065468 
0.510588 88.000000 0.063309 
0.510588 88.000000 0.063309 
0.507059 97.000000 0.069784 
0.507059 97.000000 0.069784 
0.506275 99.000000 0.071223 
0.505098 102.000000 0.073381 
0.512549 83.000000 0.059712 
0.510196 89.000000 0.064029 
0.506667 98.000000 0.070504 
0.509020 92.000000 0.066187 
0.507451 96.000000 0.069065 
0.504314 104.000000 0.074820 
0.511765 85.000000 0.061151 
0.508235 94.000000 0.067626 
0.515686 75.000000 0.053957 
0.507843 95.000000 0.068345 
0.502745 108.000000 0.077698 
0.513333 81.000000 0.058273 
0.511765 85.000000 0.061151 
0.503529 106.000000 0.076259 
0.507059 97.000000 0.069784 
0.508235 94.000000 0.067626 
0.512157 84.000000 0.060432 
0.507843 95.000000 0.068345 
0.505882 100.000000 0.071942 
0.512549 83.000000 0.059712 
0.504706 103.000000 0.074101 
0.512941 82.000000 0.058993 
0.514118 79.000000 0.056835 
0.509020 92.000000 0.066187 
0.512941 82.000000 0.058993 
0.504706 103.000000 0.074101 
0.510980 87.000000 0.062590 
0.509412 91.000000 0.065468 
0.513725 80.000000 0.057554 
0.509804 90.000000 0.064748 
0.511373 86.000000 0.061871 
0.513333 81.000000 0.058273 
0.509412 91.000000 0.065468 
0.508235 94.000000 0.067626 
0.507059 97.000000 0.069784 
0.512549 83.000000 0.059712 
0.511765 85.000000 0.061151 
0.503529 106.000000 0.076259 
0.505490 101.000000 0.072662 
0.510196 89.000000 0.064029 
0.512157 84.000000 0.060432 
0.520000 64.000000 0.046043 
0.506667 98.000000 0.070504 
0.515294 76.000000 0.054676 
0.512941 82.000000 0.058993 
0.502353 109.000000 0.078417 
0.506667 98.000000 0.070504 
0.505098 102.000000 0.073381 
0.509804 90.000000 0.064748 
0.510196 89.000000 0.064029 
0.510588 88.000000 0.063309 
0.509412 91.000000 0.065468 
0.506667 98.000000 0.070504 
0.511765 85.000000 0.061151 
0.507843 95.000000 0.068345 
0.508235 94.000000 0.067626 
0.508235 94.000000 0.067626 
0.505098 102.000000 0.073381 
0.510980 87.000000 0.062590 
0.515686 75.000000 0.053957 
0.505882 100.000000 0.071942 
0.507451 96.000000 0.069065 
0.509412 91.000000 0.065468 
0.512941 82.000000 0.058993 
0.503529 106.000000 0.076259 
0.501569 111.000000 0.079856 
0.506667 98.000000 0.070504 
0.506667 98.000000 0.070504 
0.512549 83.000000 0.059712 
0.503922 105.000000 0.075540 
0.505882 100.000000 0.071942 
0.504706 103.000000 0.074101 
0.513333 81.000000 0.058273 
0.509412 91.000000 0.065468 
0.506275 99.000000 0.071223 
0.515686 75.000000 0.053957 
0.511765 85.000000 0.061151 
0.505490 101.000000 0.072662 
0.505098 102.000000 0.073381 
0.507843 95.000000 0.068345 
0.514118 79.000000 0.056835 
0.515686 75.000000 0.053957 
0.514902 77.000000 0.055396 
0.508627 93.000000 0.066906 
0.507451 96.000000 0.069065 
0.510588 88.000000 0.063309 
0.514118 79.000000 0.056835 
0.506667 98.000000 0.070504 
0.507059 97.000000 0.069784 
0.510196 89.000000 0.064029 
0.507059 97.000000 0.069784 
0.506667 98.000000 0.070504 
0.508627 93.000000 0.066906 
0.513725 80.000000 0.057554 
0.509020 92.000000 0.066187 
0.508235 94.000000 0.067626 
0.511765 85.000000 0.061151 
0.506275 99.000000 0.071223 
0.506667 98.000000 0.070504 
0.510980 87.000000 0.062590 
0.506667 98.000000 0.070504 
0.513725 80.000000 0.057554 
0.507059 97.000000 0.069784 
0.516471 73.000000 0.052518 
0.511765 85.000000 0.061151 
0.503137 107.000000 0.076978 
0.514510 78.000000 0.056115 
0.508627 93.000000 0.066906 
0.507843 95.000000 0.068345 
0.514902 77.000000 0.055396 
0.513333 81.000000 0.058273 
0.511765 85.000000 0.061151 
0.510980 87.000000 0.062590 
0.514510 78.000000 0.056115 
0.505490 101.000000 0.072662 
0.504314 104.000000 0.074820 
0.505490 101.000000 0.072662 
0.512941 82.000000 0.058993 
0.503529 106.000000 0.076259 
0.510196 89.000000 0.064029 
0.508235 94.000000 0.067626 
0.515294 76.000000 0.054676 
0.512549 83.000000 0.059712 
0.508235 94.000000 0.067626 
0.510980 87.000000 0.062590 
0.510588 88.000000 0.063309 
0.506275 99.000000 0.071223 
0.512157 84.000000 0.060432 
0.512157 84.000000 0.060432 
0.507451 96.000000 0.069065 
0.503137 107.000000 0.076978 
0.507843 95.000000 0.068345 
0.503529 106.000000 0.076259 
0.509412 91.000000 0.065468 
0.514510 78.000000 0.056115 
0.513725 80.000000 0.057554 
0.505490 101.000000 0.072662 
0.508235 94.000000 0.067626 
0.518039 69.000000 0.049640 
0.518431 68.000000 0.048921 
0.505882 100.000000 0.071942 
0.507843 95.000000 0.068345 
0.509804 90.000000 0.064748 
0.504706 103.000000 0.074101 
0.510196 89.000000 0.064029 
0.511373 86.000000 0.061871 
0.513725 80.000000 0.057554 
0.515294 76.000000 0.054676 
0.506667 98.000000 0.070504 
0.505098 102.000000 0.073381 
0.502353 109.000000 0.078417 
0.514118 79.000000 0.056835 
0.509412 91.000000 0.065468 
0.510196 89.000000 0.064029 
0.515294 76.000000 0.054676 
0.511373 86.000000 0.061871 
0.509412 91.000000 0.065468 
0.509020 92.000000 0.066187 
0.512941 82.000000 0.058993 
0.516863 72.000000 0.051799 
0.507451 96.000000 0.069065 
0.512157 84.000000 0.060432 
0.505490 101.000000 0.072662 
0.514118 79.000000 0.056835 
0.514902 77.000000 0.055396 
0.514902 77.000000 0.055396 
0.505490 101.000000 0.072662 
0.510196 89.000000 0.064029 
0.505098 102.000000 0.073381 
0.501961 110.000000 0.079137 
0.515294 76.000000 0.054676 
0.510196 89.000000 0.064029 
0.511765 85.000000 0.061151 
0.511373 86.000000 0.061871 
0.515294 76.000000 0.054676 
0.508627 93.000000 0.066906 
0.505882 100.000000 0.071942 
0.507843 95.000000 0.068345 
0.505882 100.000000 0.071942 
0.507843 95.000000 0.068345 
0.512941 82.000000 0.058993 
0.507059 97.000000 0.069784 
0.510588 88.000000 0.063309 
0.516863 72.000000 0.051799 
0.509804 90.000000 0.064748 
0.510980 87.000000 0.062590 
0.513333 81.000000 0.058273 
0.509020 92.000000 0.066187 
0.507843 95.000000 0.068345 
0.505098 102.000000 0.073381 
0.505490 101.000000 0.072662 
0.512157 84.000000 0.060432 
0.512941 82.000000 0.058993 
0.512941 82.000000 0.058993 
0.511373 86.000000 0.061871 
0.507059 97.000000 0.069784 
0.510980 87.000000 0.062590 
0.509020 92.000000 0.066187 
0.509804 90.000000 0.064748 
0.514902 77.000000 0.055396 
0.512941 82.000000 0.058993 
0.515686 75.000000 0.053957 
0.513333 81.000000 0.058273 
0.505098 102.000000 0.073381 
0.507843 95.000000 0.068345 
0.507451 96.000000 0.069065 
0.505490 101.000000 0.072662 
0.509412 91.000000 0.065468 
0.509412 91.000000 0.065468 
0.507451 96.000000 0.069065 
0.507451 96.000000 0.069065 
0.509412 91.000000 0.065468 
0.504706 103.000000 0.074101 
0.507843 95.000000 0.068345 
0.503529 106.000000 0.076259 
0.504706 103.000000 0.074101 
0.511373 86.000000 0.061871 
0.507843 95.000000 0.068345 
0.511765 85.000000 0.061151 
0.506667 98.000000 0.070504 
0.509412 91.000000 0.065468 
0.512549 83.000000 0.059712 
0.510196 89.000000 0.064029 
0.512941 82.000000 0.058993 
0.511373 86.000000 0.061871 
0.510196 89.000000 0.064029 
0.518039 69.000000 0.049640 
0.510980 87.000000 0.062590 
0.511765 85.000000 0.061151 
0.512549 83.000000 0.059712 
0.508235 94.000000 0.067626 
0.511765 85.000000 0.061151 
0.510196 89.000000 0.064029 
0.516863 72.000000 0.051799 
0.504314 104.000000 0.074820 
0.505490 101.000000 0.072662 
0.503529 106.000000 0.076259 
0.511373 86.000000 0.061871 
0.510980 87.000000 0.062590 
0.512941 82.000000 0.058993 
0.509412 91.000000 0.065468 
0.510588 88.000000 0.063309 
0.507843 95.000000 0.068345 
0.509804 90.000000 0.064748 
0.510196 89.000000 0.064029 
0.508235 94.000000 0.067626 
0.507059 97.000000 0.069784 
0.504706 103.000000 0.074101 
0.510980 87.000000 0.062590 
0.504314 104.000000 0.074820 
0.509020 92.000000 0.066187 
0.512549 83.000000 0.059712 
0.508235 94.000000 0.067626 
0.503922 105.000000 0.075540 
0.515686 75.000000 0.053957 
0.512549 83.000000 0.059712 
0.508235 94.000000 0.067626 
0.507451 96.000000 0.069065 
0.509804 90.000000 0.064748 
0.511373 86.000000 0.061871 
0.511765 85.000000 0.061151 
0.505490 101.000000 0.072662 
0.514510 78.000000 0.056115 
0.505098 102.000000 0.073381 
0.517647 70.000000 0.050360 
0.512157 84.000000 0.060432 
0.513725 80.000000 0.057554 
0.505490 101.000000 0.072662 
0.512549 83.000000 0.059712 
0.509804 90.000000 0.064748 
0.514902 77.000000 0.055396 
0.505098 102.000000 0.073381 
0.510588 88.000000 0.063309 
0.514902 77.000000 0.055396 
0.508235 94.000000 0.067626 
0.506667 98.000000 0.070504 
0.515686 75.000000 0.053957 
0.508235 94.000000 0.067626 
0.509804 90.000000 0.064748 
0.511765 85.000000 0.061151 
0.506275 99.000000 0.071223 
0.515294 76.000000 0.054676 
0.510196 89.000000 0.064029 
0.509020 92.000000 0.066187 
0.512549 83.000000 0.059712 
0.507059 97.000000 0.069784 
0.507451 96.000000 0.069065 
0.507059 97.000000 0.069784 
0.507843 95.000000 0.068345 
0.514510 78.000000 0.056115 
0.511765 85.000000 0.061151 
0.510980 87.000000 0.062590 
0.511373 86.000000 0.061871 
0.500392 114.000000 0.082014 
0.510980 87.000000 0.062590 
0.509412 91.000000 0.065468 
0.502745 108.000000 0.077698 
0.505882 100.000000 0.071942 
0.508627 93.000000 0.066906 
0.506275 99.000000 0.071223 
0.502353 109.000000 0.078417 
0.505098 102.000000 0.073381 
0.512549 83.000000 0.059712 
0.511373 86.000000 0.061871 
0.504314 104.000000 0.074820 
0.509804 90.000000 0.064748 
0.510588 88.000000 0.063309 
0.507059 97.000000 0.069784 
0.512941 82.000000 0.058993 
0.509412 91.000000 0.065468 
0.506667 98.000000 0.070504 
0.511373 86.000000 0.061871 
0.504314 104.000000 0.074820 
0.503137 107.000000 0.076978 
0.514902 77.000000 0.055396 
0.511765 85.000000 0.061151 
0.504706 103.000000 0.074101 
0.515294 76.000000 0.054676 
0.509804 90.000000 0.064748 
0.509020 92.000000 0.066187 
0.509804 90.000000 0.064748 
0.507843 95.000000 0.068345 
0.512549 83.000000 0.059712 
0.512941 82.000000 0.058993 
0.511765 85.000000 0.061151 
0.508627 93.000000 0.066906 
0.510196 89.000000 0.064029 
0.508627 93.000000 0.066906 
0.504706 103.000000 0.074101 
0.514902 77.000000 0.055396 
0.506667 98.000000 0.070504 
0.514118 79.000000 0.056835 
0.505490 101.000000 0.072662 
0.505098 102.000000 0.073381 
0.509020 92.000000 0.066187 
0.503137 107.000000 0.076978 
0.509804 90.000000 0.064748 
0.514902 77.000000 0.055396 
0.507843 95.000000 0.068345 
0.505490 101.000000 0.072662 
0.510980 87.000000 0.062590 
0.508235 94.000000 0.067626 
0.507059 97.000000 0.069784 
0.507843 95.000000 0.068345 
0.511373 86.000000 0.061871 
0.509804 90.000000 0.064748 
0.506667 98.000000 0.070504 
0.507843 95.000000 0.068345 
0.512157 84.000000 0.060432 
0.501961 110.000000 0.079137 
0.510588 88.000000 0.063309 
0.513333 81.000000 0.058273 
0.510980 87.000000 0.062590 
0.507059 97.000000 0.069784 
0.521176 61.000000 0.043885 
0.512157 84.000000 0.060432 
0.507451 96.000000 0.069065 
0.506275 99.000000 0.071223 
0.510196 89.000000 0.064029 
0.509020 92.000000 0.066187 
0.508235 94.000000 0.067626 
0.509020 92.000000 0.066187 
0.509804 90.000000 0.064748 
0.511765 85.000000 0.061151 
0.507059 97.000000 0.069784 
0.506667 98.000000 0.070504 
0.506667 98.000000 0.070504 
0.503922 105.000000 0.075540 
0.512549 83.000000 0.059712 
0.510980 87.000000 0.062590 
0.511373 86.000000 0.061871 
0.503529 106.000000 0.076259 
0.506667 98.000000 0.070504 
0.505098 102.000000 0.073381 
0.509020 92.000000 0.066187 
0.510980 87.000000 0.062590 
0.506667 98.000000 0.070504 
0.505882 100.000000 0.071942 
0.516863 72.000000 0.051799 
0.505882 100.000000 0.071942 
0.504706 103.000000 0.074101 
0.507843 95.000000 0.068345 
0.507843 95.000000 0.068345 
0.503137 107.000000 0.076978 
0.515686 75.000000 0.053957 
0.505882 100.000000 0.071942 
0.512549 83.000000 0.059712 
0.515686 75.000000 0.053957 
0.508235 94.000000 0.067626 
0.511373 86.000000 0.061871 
0.513725 80.000000 0.057554 
0.512549 83.000000 0.059712 
0.513333 81.000000 0.058273 
0.509412 91.000000 0.065468 
0.510196 89.000000 0.064029 
0.507451 96.000000 0.069065 
0.512549 83.000000 0.059712 
0.506667 98.000000 0.070504 
0.509804 90.000000 0.064748 
0.509412 91.000000 0.065468 
0.507059 97.000000 0.069784 
0.510588 88.000000 0.063309 
0.510980 87.000000 0.062590 
0.514118 79.000000 0.056835 
0.510588 88.000000 0.063309 
0.508627 93.000000 0.066906 
0.518039 69.000000 0.049640 
0.511765 85.000000 0.061151 
0.510196 89.000000 0.064029 
0.501569 111.000000 0.079856 
0.506275 99.000000 0.071223 
0.508627 93.000000 0.066906 
0.516863 72.000000 0.051799 
0.509020 92.000000 0.066187 
0.500392 114.000000 0.082014 
0.507843 95.000000 0.068345 
0.503922 105.000000 0.075540 
0.510980 87.000000 0.062590 
0.510196 89.000000 0.064029 
0.515294 76.000000 0.054676 
0.509020 92.000000 0.066187 
0.509804 90.000000 0.064748 
0.506275 99.000000 0.071223 
0.511765 85.000000 0.061151 
0.507843 95.000000 0.068345 
0.510196 89.000000 0.064029 
0.511373 86.000000 0.061871 
0.511373 86.000000 0.061871 
0.514902 77.000000 0.055396 
0.509412 91.000000 0.065468 
0.508235 94.000000 0.067626 
0.510980 87.000000 0.062590 
0.513333 81.000000 0.058273 
0.506275 99.000000 0.071223 
0.503137 107.000000 0.076978 
0.506275 99.000000 0.071223 
0.509020 92.000000 0.066187 
0.508235 94.000000 0.067626 
0.505882 100.000000 0.071942 
0.511373 86.000000 0.061871 
0.511373 86.000000 0.061871 
0.509804 90.000000 0.064748 
0.506275 99.000000 0.071223 
0.512941 82.000000 0.058993 
0.505490 101.000000 0.072662 
0.511373 86.000000 0.061871 
0.514510 78.000000 0.056115 
0.505882 100.000000 0.071942 
0.507843 95.000000 0.068345 
0.508235 94.000000 0.067626 
0.510588 88.000000 0.063309 
0.507059 97.000000 0.069784 
0.509804 90.000000 0.064748 
0.507451 96.000000 0.069065 
0.505882 100.000000 0.071942 
0.507059 97.000000 0.069784 
0.509412 91.000000 0.065468 
0.510196 89.000000 0.064029 
0.514902 77.000000 0.055396 
0.514510 78.000000 0.056115 
0.505098 102.000000 0.073381 
0.508235 94.000000 0.067626 
0.509804 90.000000 0.064748 
0.510196 89.000000 0.064029 
0.509412 91.000000 0.065468 
0.516078 74.000000 0.053237 
0.510196 89.000000 0.064029 
0.514118 79.000000 0.056835 
0.506275 99.000000 0.071223 
0.509020 92.000000 0.066187 
0.512549 83.000000 0.059712 
0.516078 74.000000 0.053237 
