0.754839 26.000000 0.100000 
0.748387 28.000000 0.107692 
0.751613 27.000000 0.103846 
0.764516 23.000000 0.088462 
0.761290 24.000000 0.092308 
0.777419 19.000000 0.073077 
0.767742 22.000000 0.084615 
0.761290 24.000000 0.092308 
0.767742 22.000000 0.084615 
0.754839 26.000000 0.100000 
0.748387 28.000000 0.107692 
0.774194 20.000000 0.076923 
0.761290 24.000000 0.092308 
0.761290 24.000000 0.092308 
0.758065 25.000000 0.096154 
0.770968 21.000000 0.080769 
0.764516 23.000000 0.088462 
0.754839 26.000000 0.100000 
0.767742 22.000000 0.084615 
0.770968 21.000000 0.080769 
0.748387 28.000000 0.107692 
0.770968 21.000000 0.080769 
0.767742 22.000000 0.084615 
0.761290 24.000000 0.092308 
0.767742 22.000000 0.084615 
0.758065 25.000000 0.096154 
0.738710 31.000000 0.119231 
0.751613 27.000000 0.103846 
0.751613 27.000000 0.103846 
0.764516 23.000000 0.088462 
0.758065 25.000000 0.096154 
0.761290 24.000000 0.092308 
0.748387 28.000000 0.107692 
0.774194 20.000000 0.076923 
0.758065 25.000000 0.096154 
0.780645 18.000000 0.069231 
0.748387 28.000000 0.107692 
0.754839 26.000000 0.100000 
0.767742 22.000000 0.084615 
0.758065 25.000000 0.096154 
0.761290 24.000000 0.092308 
0.761290 24.000000 0.092308 
0.777419 19.000000 0.073077 
0.761290 24.000000 0.092308 
0.780645 18.000000 0.069231 
0.745161 29.000000 0.111538 
0.764516 23.000000 0.088462 
0.777419 19.000000 0.073077 
0.758065 25.000000 0.096154 
0.764516 23.000000 0.088462 
0.751613 27.000000 0.103846 
0.767742 22.000000 0.084615 
0.745161 29.000000 0.111538 
0.764516 23.000000 0.088462 
0.774194 20.000000 0.076923 
0.764516 23.000000 0.088462 
0.764516 23.000000 0.088462 
0.754839 26.000000 0.100000 
0.758065 25.000000 0.096154 
0.754839 26.000000 0.100000 
0.764516 23.000000 0.088462 
0.754839 26.000000 0.100000 
0.758065 25.000000 0.096154 
0.767742 22.000000 0.084615 
0.761290 24.000000 0.092308 
0.767742 22.000000 0.084615 
0.758065 25.000000 0.096154 
0.767742 22.000000 0.084615 
0.780645 18.000000 0.069231 
0.754839 26.000000 0.100000 
0.764516 23.000000 0.088462 
0.764516 23.000000 0.088462 
0.754839 26.000000 0.100000 
0.758065 25.000000 0.096154 
0.764516 23.000000 0.088462 
0.751613 27.000000 0.103846 
0.770968 21.000000 0.080769 
0.774194 20.000000 0.076923 
0.764516 23.000000 0.088462 
0.761290 24.000000 0.092308 
0.774194 20.000000 0.076923 
0.754839 26.000000 0.100000 
0.767742 22.000000 0.084615 
0.758065 25.000000 0.096154 
0.758065 25.000000 0.096154 
0.751613 27.000000 0.103846 
0.787097 16.000000 0.061538 
0.767742 22.000000 0.084615 
0.783871 17.000000 0.065385 
0.783871 17.000000 0.065385 
0.770968 21.000000 0.080769 
0.761290 24.000000 0.092308 
0.764516 23.000000 0.088462 
0.764516 23.000000 0.088462 
0.761290 24.000000 0.092308 
0.751613 27.000000 0.103846 
0.777419 19.000000 0.073077 
0.758065 25.000000 0.096154 
0.767742 22.000000 0.084615 
0.751613 27.000000 0.103846 
0.764516 23.000000 0.088462 
0.748387 28.000000 0.107692 
0.764516 23.000000 0.088462 
0.767742 22.000000 0.084615 
0.764516 23.000000 0.088462 
0.770968 21.000000 0.080769 
0.764516 23.000000 0.088462 
0.767742 22.000000 0.084615 
0.774194 20.000000 0.076923 
0.748387 28.000000 0.107692 
0.751613 27.000000 0.103846 
0.767742 22.000000 0.084615 
0.745161 29.000000 0.111538 
0.751613 27.000000 0.103846 
0.758065 25.000000 0.096154 
0.780645 18.000000 0.069231 
0.745161 29.000000 0.111538 
0.767742 22.000000 0.084615 
0.767742 22.000000 0.084615 
0.754839 26.000000 0.100000 
0.751613 27.000000 0.103846 
0.761290 24.000000 0.092308 
0.761290 24.000000 0.092308 
0.777419 19.000000 0.073077 
0.770968 21.000000 0.080769 
0.758065 25.000000 0.096154 
0.790323 15.000000 0.057692 
0.761290 24.000000 0.092308 
0.761290 24.000000 0.092308 
0.745161 29.000000 0.111538 
0.761290 24.000000 0.092308 
0.774194 20.000000 0.076923 
0.758065 25.000000 0.096154 
0.754839 26.000000 0.100000 
0.745161 29.000000 0.111538 
0.758065 25.000000 0.096154 
0.754839 26.000000 0.100000 
0.767742 22.000000 0.084615 
0.770968 21.000000 0.080769 
0.764516 23.000000 0.088462 
0.758065 25.000000 0.096154 
0.767742 22.000000 0.084615 
0.767742 22.000000 0.084615 
0.764516 23.000000 0.088462 
0.751613 27.000000 0.103846 
0.748387 28.000000 0.107692 
0.745161 29.000000 0.111538 
0.754839 26.000000 0.100000 
0.770968 21.000000 0.080769 
0.764516 23.000000 0.088462 
0.758065 25.000000 0.096154 
0.770968 21.000000 0.080769 
0.761290 24.000000 0.092308 
0.761290 24.000000 0.092308 
0.745161 29.000000 0.111538 
0.761290 24.000000 0.092308 
0.770968 21.000000 0.080769 
0.764516 23.000000 0.088462 
0.770968 21.000000 0.080769 
0.748387 28.000000 0.107692 
0.758065 25.000000 0.096154 
0.770968 21.000000 0.080769 
0.764516 23.000000 0.088462 
0.748387 28.000000 0.107692 
0.761290 24.000000 0.092308 
0.754839 26.000000 0.100000 
0.761290 24.000000 0.092308 
0.745161 29.000000 0.111538 
0.767742 22.000000 0.084615 
0.745161 29.000000 0.111538 
0.761290 24.000000 0.092308 
0.774194 20.000000 0.076923 
0.770968 21.000000 0.080769 
0.754839 26.000000 0.100000 
0.758065 25.000000 0.096154 
0.767742 22.000000 0.084615 
0.761290 24.000000 0.092308 
0.761290 24.000000 0.092308 
0.754839 26.000000 0.100000 
0.741935 30.000000 0.115385 
0.761290 24.000000 0.092308 
0.748387 28.000000 0.107692 
0.777419 19.000000 0.073077 
0.751613 27.000000 0.103846 
0.767742 22.000000 0.084615 
0.764516 23.000000 0.088462 
0.758065 25.000000 0.096154 
0.748387 28.000000 0.107692 
0.758065 25.000000 0.096154 
0.777419 19.000000 0.073077 
0.758065 25.000000 0.096154 
0.738710 31.000000 0.119231 
0.748387 28.000000 0.107692 
0.758065 25.000000 0.096154 
0.748387 28.000000 0.107692 
0.770968 21.000000 0.080769 
0.758065 25.000000 0.096154 
0.758065 25.000000 0.096154 
0.770968 21.000000 0.080769 
0.767742 22.000000 0.084615 
0.748387 28.000000 0.107692 
0.751613 27.000000 0.103846 
0.777419 19.000000 0.073077 
0.751613 27.000000 0.103846 
0.754839 26.000000 0.100000 
0.764516 23.000000 0.088462 
0.761290 24.000000 0.092308 
0.754839 26.000000 0.100000 
0.774194 20.000000 0.076923 
0.754839 26.000000 0.100000 
0.758065 25.000000 0.096154 
0.764516 23.000000 0.088462 
0.751613 27.000000 0.103846 
0.764516 23.000000 0.088462 
0.748387 28.000000 0.107692 
0.764516 23.000000 0.088462 
0.761290 24.000000 0.092308 
0.758065 25.000000 0.096154 
0.770968 21.000000 0.080769 
0.764516 23.000000 0.088462 
0.761290 24.000000 0.092308 
0.751613 27.000000 0.103846 
0.754839 26.000000 0.100000 
0.741935 30.000000 0.115385 
0.767742 22.000000 0.084615 
0.764516 23.000000 0.088462 
0.754839 26.000000 0.100000 
0.758065 25.000000 0.096154 
0.770968 21.000000 0.080769 
0.758065 25.000000 0.096154 
0.751613 27.000000 0.103846 
0.758065 25.000000 0.096154 
0.758065 25.000000 0.096154 
0.767742 22.000000 0.084615 
0.774194 20.000000 0.076923 
0.748387 28.000000 0.107692 
0.761290 24.000000 0.092308 
0.764516 23.000000 0.088462 
0.777419 19.000000 0.073077 
0.751613 27.000000 0.103846 
0.777419 19.000000 0.073077 
0.770968 21.000000 0.080769 
0.748387 28.000000 0.107692 
0.767742 22.000000 0.084615 
0.770968 21.000000 0.080769 
0.754839 26.000000 0.100000 
0.761290 24.000000 0.092308 
0.761290 24.000000 0.092308 
0.764516 23.000000 0.088462 
0.751613 27.000000 0.103846 
0.751613 27.000000 0.103846 
0.767742 22.000000 0.084615 
0.770968 21.000000 0.080769 
0.748387 28.000000 0.107692 
0.761290 24.000000 0.092308 
0.764516 23.000000 0.088462 
0.751613 27.000000 0.103846 
0.764516 23.000000 0.088462 
0.754839 26.000000 0.100000 
0.754839 26.000000 0.100000 
0.754839 26.000000 0.100000 
0.764516 23.000000 0.088462 
0.774194 20.000000 0.076923 
0.758065 25.000000 0.096154 
0.758065 25.000000 0.096154 
0.758065 25.000000 0.096154 
0.783871 17.000000 0.065385 
0.774194 20.000000 0.076923 
0.764516 23.000000 0.088462 
0.761290 24.000000 0.092308 
0.764516 23.000000 0.088462 
0.758065 25.000000 0.096154 
0.770968 21.000000 0.080769 
0.758065 25.000000 0.096154 
0.764516 23.000000 0.088462 
0.774194 20.000000 0.076923 
0.738710 31.000000 0.119231 
0.761290 24.000000 0.092308 
0.764516 23.000000 0.088462 
0.761290 24.000000 0.092308 
0.748387 28.000000 0.107692 
0.758065 25.000000 0.096154 
0.767742 22.000000 0.084615 
0.758065 25.000000 0.096154 
0.761290 24.000000 0.092308 
0.770968 21.000000 0.080769 
0.758065 25.000000 0.096154 
0.764516 23.000000 0.088462 
0.770968 21.000000 0.080769 
0.761290 24.000000 0.092308 
0.761290 24.000000 0.092308 
0.741935 30.000000 0.115385 
0.758065 25.000000 0.096154 
0.767742 22.000000 0.084615 
0.748387 28.000000 0.107692 
0.770968 21.000000 0.080769 
0.770968 21.000000 0.080769 
0.758065 25.000000 0.096154 
0.754839 26.000000 0.100000 
0.764516 23.000000 0.088462 
0.767742 22.000000 0.084615 
0.777419 19.000000 0.073077 
0.758065 25.000000 0.096154 
0.770968 21.000000 0.080769 
0.758065 25.000000 0.096154 
0.751613 27.000000 0.103846 
0.770968 21.000000 0.080769 
0.758065 25.000000 0.096154 
0.758065 25.000000 0.096154 
0.748387 28.000000 0.107692 
0.758065 25.000000 0.096154 
0.774194 20.000000 0.076923 
0.745161 29.000000 0.111538 
0.758065 25.000000 0.096154 
0.764516 23.000000 0.088462 
0.754839 26.000000 0.100000 
0.754839 26.000000 0.100000 
0.783871 17.000000 0.065385 
0.761290 24.000000 0.092308 
0.764516 23.000000 0.088462 
0.764516 23.000000 0.088462 
0.748387 28.000000 0.107692 
0.777419 19.000000 0.073077 
0.758065 25.000000 0.096154 
0.761290 24.000000 0.092308 
0.780645 18.000000 0.069231 
0.758065 25.000000 0.096154 
0.754839 26.000000 0.100000 
0.761290 24.000000 0.092308 
0.767742 22.000000 0.084615 
0.764516 23.000000 0.088462 
0.758065 25.000000 0.096154 
0.754839 26.000000 0.100000 
0.754839 26.000000 0.100000 
0.758065 25.000000 0.096154 
0.767742 22.000000 0.084615 
0.758065 25.000000 0.096154 
0.770968 21.000000 0.080769 
0.751613 27.000000 0.103846 
0.770968 21.000000 0.080769 
0.751613 27.000000 0.103846 
0.754839 26.000000 0.100000 
0.754839 26.000000 0.100000 
0.770968 21.000000 0.080769 
0.745161 29.000000 0.111538 
0.767742 22.000000 0.084615 
0.741935 30.000000 0.115385 
0.754839 26.000000 0.100000 
0.783871 17.000000 0.065385 
0.780645 18.000000 0.069231 
0.761290 24.000000 0.092308 
0.774194 20.000000 0.076923 
0.761290 24.000000 0.092308 
0.764516 23.000000 0.088462 
0.758065 25.000000 0.096154 
0.767742 22.000000 0.084615 
0.774194 20.000000 0.076923 
0.754839 26.000000 0.100000 
0.783871 17.000000 0.065385 
0.767742 22.000000 0.084615 
0.748387 28.000000 0.107692 
0.790323 15.000000 0.057692 
0.770968 21.000000 0.080769 
0.761290 24.000000 0.092308 
0.767742 22.000000 0.084615 
0.770968 21.000000 0.080769 
0.751613 27.000000 0.103846 
0.764516 23.000000 0.088462 
0.738710 31.000000 0.119231 
0.767742 22.000000 0.084615 
0.754839 26.000000 0.100000 
0.741935 30.000000 0.115385 
0.767742 22.000000 0.084615 
0.754839 26.000000 0.100000 
0.748387 28.000000 0.107692 
0.761290 24.000000 0.092308 
0.767742 22.000000 0.084615 
0.767742 22.000000 0.084615 
0.758065 25.000000 0.096154 
0.758065 25.000000 0.096154 
0.764516 23.000000 0.088462 
0.783871 17.000000 0.065385 
0.751613 27.000000 0.103846 
0.764516 23.000000 0.088462 
0.748387 28.000000 0.107692 
0.761290 24.000000 0.092308 
0.767742 22.000000 0.084615 
0.761290 24.000000 0.092308 
0.770968 21.000000 0.080769 
0.767742 22.000000 0.084615 
0.754839 26.000000 0.100000 
0.761290 24.000000 0.092308 
0.745161 29.000000 0.111538 
0.764516 23.000000 0.088462 
0.761290 24.000000 0.092308 
0.751613 27.000000 0.103846 
0.761290 24.000000 0.092308 
0.761290 24.000000 0.092308 
0.774194 20.000000 0.076923 
0.758065 25.000000 0.096154 
0.780645 18.000000 0.069231 
0.767742 22.000000 0.084615 
0.761290 24.000000 0.092308 
0.758065 25.000000 0.096154 
0.758065 25.000000 0.096154 
0.761290 24.000000 0.092308 
0.751613 27.000000 0.103846 
0.777419 19.000000 0.073077 
0.767742 22.000000 0.084615 
0.764516 23.000000 0.088462 
0.764516 23.000000 0.088462 
0.777419 19.000000 0.073077 
0.761290 24.000000 0.092308 
0.764516 23.000000 0.088462 
0.764516 23.000000 0.088462 
0.767742 22.000000 0.084615 
0.770968 21.000000 0.080769 
0.758065 25.000000 0.096154 
0.748387 28.000000 0.107692 
0.770968 21.000000 0.080769 
0.764516 23.000000 0.088462 
0.764516 23.000000 0.088462 
0.758065 25.000000 0.096154 
0.754839 26.000000 0.100000 
0.745161 29.000000 0.111538 
0.751613 27.000000 0.103846 
0.764516 23.000000 0.088462 
0.767742 22.000000 0.084615 
0.761290 24.000000 0.092308 
0.758065 25.000000 0.096154 
0.758065 25.000000 0.096154 
0.748387 28.000000 0.107692 
0.783871 17.000000 0.065385 
0.754839 26.000000 0.100000 
0.764516 23.000000 0.088462 
0.754839 26.000000 0.100000 
0.751613 27.000000 0.103846 
0.754839 26.000000 0.100000 
0.770968 21.000000 0.080769 
0.767742 22.000000 0.084615 
0.758065 25.000000 0.096154 
0.758065 25.000000 0.096154 
0.780645 18.000000 0.069231 
0.770968 21.000000 0.080769 
0.745161 29.000000 0.111538 
0.770968 21.000000 0.080769 
0.745161 29.000000 0.111538 
0.761290 24.000000 0.092308 
0.745161 29.000000 0.111538 
0.748387 28.000000 0.107692 
0.761290 24.000000 0.092308 
0.751613 27.000000 0.103846 
0.774194 20.000000 0.076923 
0.754839 26.000000 0.100000 
0.758065 25.000000 0.096154 
0.758065 25.000000 0.096154 
0.774194 20.000000 0.076923 
0.751613 27.000000 0.103846 
0.777419 19.000000 0.073077 
0.745161 29.000000 0.111538 
0.770968 21.000000 0.080769 
0.754839 26.000000 0.100000 
0.748387 28.000000 0.107692 
0.764516 23.000000 0.088462 
0.777419 19.000000 0.073077 
0.758065 25.000000 0.096154 
0.751613 27.000000 0.103846 
0.764516 23.000000 0.088462 
0.774194 20.000000 0.076923 
0.761290 24.000000 0.092308 
0.761290 24.000000 0.092308 
0.767742 22.000000 0.084615 
0.764516 23.000000 0.088462 
0.751613 27.000000 0.103846 
0.761290 24.000000 0.092308 
0.758065 25.000000 0.096154 
0.770968 21.000000 0.080769 
0.780645 18.000000 0.069231 
0.767742 22.000000 0.084615 
0.745161 29.000000 0.111538 
0.758065 25.000000 0.096154 
0.754839 26.000000 0.100000 
0.767742 22.000000 0.084615 
0.748387 28.000000 0.107692 
0.758065 25.000000 0.096154 
0.780645 18.000000 0.069231 
0.748387 28.000000 0.107692 
0.745161 29.000000 0.111538 
0.764516 23.000000 0.088462 
0.758065 25.000000 0.096154 
0.754839 26.000000 0.100000 
0.764516 23.000000 0.088462 
0.761290 24.000000 0.092308 
0.764516 23.000000 0.088462 
0.754839 26.000000 0.100000 
0.758065 25.000000 0.096154 
0.754839 26.000000 0.100000 
0.767742 22.000000 0.084615 
0.754839 26.000000 0.100000 
0.758065 25.000000 0.096154 
0.758065 25.000000 0.096154 
