0.480799 128.000000 0.290249 
0.466974 137.000000 0.310658 
0.486943 124.000000 0.281179 
0.474654 132.000000 0.299320 
0.468510 136.000000 0.308390 
0.468510 136.000000 0.308390 
0.471582 134.000000 0.303855 
0.480799 128.000000 0.290249 
0.471582 134.000000 0.303855 
0.476190 131.000000 0.297052 
0.448541 149.000000 0.337868 
0.477727 130.000000 0.294785 
0.465438 138.000000 0.312925 
0.453149 146.000000 0.331066 
0.477727 130.000000 0.294785 
0.463902 139.000000 0.315193 
0.486943 124.000000 0.281179 
0.474654 132.000000 0.299320 
0.470046 135.000000 0.306122 
0.485407 125.000000 0.283447 
0.470046 135.000000 0.306122 
0.483871 126.000000 0.285714 
0.476190 131.000000 0.297052 
0.485407 125.000000 0.283447 
0.479263 129.000000 0.292517 
0.486943 124.000000 0.281179 
0.479263 129.000000 0.292517 
0.477727 130.000000 0.294785 
0.474654 132.000000 0.299320 
0.474654 132.000000 0.299320 
0.485407 125.000000 0.283447 
0.474654 132.000000 0.299320 
0.470046 135.000000 0.306122 
0.468510 136.000000 0.308390 
0.463902 139.000000 0.315193 
0.468510 136.000000 0.308390 
0.480799 128.000000 0.290249 
0.482335 127.000000 0.287982 
0.480799 128.000000 0.290249 
0.465438 138.000000 0.312925 
0.463902 139.000000 0.315193 
0.480799 128.000000 0.290249 
0.474654 132.000000 0.299320 
0.440860 154.000000 0.349206 
0.482335 127.000000 0.287982 
0.462366 140.000000 0.317460 
0.466974 137.000000 0.310658 
0.482335 127.000000 0.287982 
0.477727 130.000000 0.294785 
0.479263 129.000000 0.292517 
0.490015 122.000000 0.276644 
0.471582 134.000000 0.303855 
0.468510 136.000000 0.308390 
0.468510 136.000000 0.308390 
0.476190 131.000000 0.297052 
0.463902 139.000000 0.315193 
0.502304 114.000000 0.258503 
0.483871 126.000000 0.285714 
0.462366 140.000000 0.317460 
0.479263 129.000000 0.292517 
0.468510 136.000000 0.308390 
0.488479 123.000000 0.278912 
0.474654 132.000000 0.299320 
0.459293 142.000000 0.321995 
0.488479 123.000000 0.278912 
0.471582 134.000000 0.303855 
0.477727 130.000000 0.294785 
0.466974 137.000000 0.310658 
0.482335 127.000000 0.287982 
0.482335 127.000000 0.287982 
0.471582 134.000000 0.303855 
0.473118 133.000000 0.301587 
0.486943 124.000000 0.281179 
0.473118 133.000000 0.301587 
0.476190 131.000000 0.297052 
0.476190 131.000000 0.297052 
0.463902 139.000000 0.315193 
0.473118 133.000000 0.301587 
0.473118 133.000000 0.301587 
0.474654 132.000000 0.299320 
0.471582 134.000000 0.303855 
0.486943 124.000000 0.281179 
0.477727 130.000000 0.294785 
0.474654 132.000000 0.299320 
0.470046 135.000000 0.306122 
0.466974 137.000000 0.310658 
0.476190 131.000000 0.297052 
0.470046 135.000000 0.306122 
0.471582 134.000000 0.303855 
0.471582 134.000000 0.303855 
0.471582 134.000000 0.303855 
0.479263 129.000000 0.292517 
0.474654 132.000000 0.299320 
0.457757 143.000000 0.324263 
0.480799 128.000000 0.290249 
0.479263 129.000000 0.292517 
0.468510 136.000000 0.308390 
0.453149 146.000000 0.331066 
0.476190 131.000000 0.297052 
0.482335 127.000000 0.287982 
0.483871 126.000000 0.285714 
0.480799 128.000000 0.290249 
0.482335 127.000000 0.287982 
0.460829 141.000000 0.319728 
0.497696 117.000000 0.265306 
0.482335 127.000000 0.287982 
0.485407 125.000000 0.283447 
0.470046 135.000000 0.306122 
0.488479 123.000000 0.278912 
0.473118 133.000000 0.301587 
0.476190 131.000000 0.297052 
0.486943 124.000000 0.281179 
0.470046 135.000000 0.306122 
0.482335 127.000000 0.287982 
0.473118 133.000000 0.301587 
0.474654 132.000000 0.299320 
0.468510 136.000000 0.308390 
0.494624 119.000000 0.269841 
0.454685 145.000000 0.328798 
0.462366 140.000000 0.317460 
0.480799 128.000000 0.290249 
0.483871 126.000000 0.285714 
0.474654 132.000000 0.299320 
0.477727 130.000000 0.294785 
0.483871 126.000000 0.285714 
0.485407 125.000000 0.283447 
0.502304 114.000000 0.258503 
0.471582 134.000000 0.303855 
0.483871 126.000000 0.285714 
0.465438 138.000000 0.312925 
0.490015 122.000000 0.276644 
0.470046 135.000000 0.306122 
0.457757 143.000000 0.324263 
0.482335 127.000000 0.287982 
0.482335 127.000000 0.287982 
0.474654 132.000000 0.299320 
0.465438 138.000000 0.312925 
0.483871 126.000000 0.285714 
0.465438 138.000000 0.312925 
0.468510 136.000000 0.308390 
0.474654 132.000000 0.299320 
0.471582 134.000000 0.303855 
0.466974 137.000000 0.310658 
0.470046 135.000000 0.306122 
0.482335 127.000000 0.287982 
0.479263 129.000000 0.292517 
0.493088 120.000000 0.272109 
0.476190 131.000000 0.297052 
0.485407 125.000000 0.283447 
0.463902 139.000000 0.315193 
0.466974 137.000000 0.310658 
0.479263 129.000000 0.292517 
0.463902 139.000000 0.315193 
0.477727 130.000000 0.294785 
0.480799 128.000000 0.290249 
0.476190 131.000000 0.297052 
0.479263 129.000000 0.292517 
0.477727 130.000000 0.294785 
0.477727 130.000000 0.294785 
0.482335 127.000000 0.287982 
0.485407 125.000000 0.283447 
0.479263 129.000000 0.292517 
0.479263 129.000000 0.292517 
0.466974 137.000000 0.310658 
0.482335 127.000000 0.287982 
0.476190 131.000000 0.297052 
0.493088 120.000000 0.272109 
0.474654 132.000000 0.299320 
0.490015 122.000000 0.276644 
0.480799 128.000000 0.290249 
0.473118 133.000000 0.301587 
0.479263 129.000000 0.292517 
0.485407 125.000000 0.283447 
0.479263 129.000000 0.292517 
0.488479 123.000000 0.278912 
0.465438 138.000000 0.312925 
0.470046 135.000000 0.306122 
0.456221 144.000000 0.326531 
0.466974 137.000000 0.310658 
0.471582 134.000000 0.303855 
0.483871 126.000000 0.285714 
0.486943 124.000000 0.281179 
0.471582 134.000000 0.303855 
0.463902 139.000000 0.315193 
0.476190 131.000000 0.297052 
0.479263 129.000000 0.292517 
0.465438 138.000000 0.312925 
0.482335 127.000000 0.287982 
0.479263 129.000000 0.292517 
0.474654 132.000000 0.299320 
0.486943 124.000000 0.281179 
0.476190 131.000000 0.297052 
0.460829 141.000000 0.319728 
0.465438 138.000000 0.312925 
0.486943 124.000000 0.281179 
0.483871 126.000000 0.285714 
0.471582 134.000000 0.303855 
0.479263 129.000000 0.292517 
0.485407 125.000000 0.283447 
0.465438 138.000000 0.312925 
0.473118 133.000000 0.301587 
0.473118 133.000000 0.301587 
0.486943 124.000000 0.281179 
0.473118 133.000000 0.301587 
0.473118 133.000000 0.301587 
0.471582 134.000000 0.303855 
0.465438 138.000000 0.312925 
0.476190 131.000000 0.297052 
0.485407 125.000000 0.283447 
0.470046 135.000000 0.306122 
0.488479 123.000000 0.278912 
0.476190 131.000000 0.297052 
0.480799 128.000000 0.290249 
0.482335 127.000000 0.287982 
0.473118 133.000000 0.301587 
0.479263 129.000000 0.292517 
0.477727 130.000000 0.294785 
0.482335 127.000000 0.287982 
0.474654 132.000000 0.299320 
0.483871 126.000000 0.285714 
0.468510 136.000000 0.308390 
0.471582 134.000000 0.303855 
0.466974 137.000000 0.310658 
0.470046 135.000000 0.306122 
0.459293 142.000000 0.321995 
0.479263 129.000000 0.292517 
0.483871 126.000000 0.285714 
0.486943 124.000000 0.281179 
0.474654 132.000000 0.299320 
0.468510 136.000000 0.308390 
0.450077 148.000000 0.335601 
0.476190 131.000000 0.297052 
0.468510 136.000000 0.308390 
0.479263 129.000000 0.292517 
0.482335 127.000000 0.287982 
0.485407 125.000000 0.283447 
0.465438 138.000000 0.312925 
0.465438 138.000000 0.312925 
0.502304 114.000000 0.258503 
0.486943 124.000000 0.281179 
0.473118 133.000000 0.301587 
0.496160 118.000000 0.267574 
0.473118 133.000000 0.301587 
0.476190 131.000000 0.297052 
0.470046 135.000000 0.306122 
0.476190 131.000000 0.297052 
0.479263 129.000000 0.292517 
0.466974 137.000000 0.310658 
0.493088 120.000000 0.272109 
0.470046 135.000000 0.306122 
0.480799 128.000000 0.290249 
0.477727 130.000000 0.294785 
0.485407 125.000000 0.283447 
0.479263 129.000000 0.292517 
0.462366 140.000000 0.317460 
0.470046 135.000000 0.306122 
0.479263 129.000000 0.292517 
0.479263 129.000000 0.292517 
0.485407 125.000000 0.283447 
0.474654 132.000000 0.299320 
0.482335 127.000000 0.287982 
0.459293 142.000000 0.321995 
0.471582 134.000000 0.303855 
0.470046 135.000000 0.306122 
0.471582 134.000000 0.303855 
0.485407 125.000000 0.283447 
0.473118 133.000000 0.301587 
0.497696 117.000000 0.265306 
0.485407 125.000000 0.283447 
0.471582 134.000000 0.303855 
0.463902 139.000000 0.315193 
0.468510 136.000000 0.308390 
0.473118 133.000000 0.301587 
0.457757 143.000000 0.324263 
0.473118 133.000000 0.301587 
0.477727 130.000000 0.294785 
0.485407 125.000000 0.283447 
0.471582 134.000000 0.303855 
0.473118 133.000000 0.301587 
0.476190 131.000000 0.297052 
0.451613 147.000000 0.333333 
0.466974 137.000000 0.310658 
0.471582 134.000000 0.303855 
0.473118 133.000000 0.301587 
0.466974 137.000000 0.310658 
0.473118 133.000000 0.301587 
0.471582 134.000000 0.303855 
0.483871 126.000000 0.285714 
0.476190 131.000000 0.297052 
0.485407 125.000000 0.283447 
0.471582 134.000000 0.303855 
0.482335 127.000000 0.287982 
0.463902 139.000000 0.315193 
0.483871 126.000000 0.285714 
0.479263 129.000000 0.292517 
0.457757 143.000000 0.324263 
0.486943 124.000000 0.281179 
0.482335 127.000000 0.287982 
0.462366 140.000000 0.317460 
0.483871 126.000000 0.285714 
0.468510 136.000000 0.308390 
0.477727 130.000000 0.294785 
0.479263 129.000000 0.292517 
0.468510 136.000000 0.308390 
0.482335 127.000000 0.287982 
0.468510 136.000000 0.308390 
0.486943 124.000000 0.281179 
0.462366 140.000000 0.317460 
0.477727 130.000000 0.294785 
0.486943 124.000000 0.281179 
0.480799 128.000000 0.290249 
0.480799 128.000000 0.290249 
0.471582 134.000000 0.303855 
0.482335 127.000000 0.287982 
0.482335 127.000000 0.287982 
0.473118 133.000000 0.301587 
0.476190 131.000000 0.297052 
0.470046 135.000000 0.306122 
0.491551 121.000000 0.274376 
0.457757 143.000000 0.324263 
0.483871 126.000000 0.285714 
0.476190 131.000000 0.297052 
0.491551 121.000000 0.274376 
0.488479 123.000000 0.278912 
0.474654 132.000000 0.299320 
0.491551 121.000000 0.274376 
0.460829 141.000000 0.319728 
0.476190 131.000000 0.297052 
0.488479 123.000000 0.278912 
0.454685 145.000000 0.328798 
0.453149 146.000000 0.331066 
0.482335 127.000000 0.287982 
0.459293 142.000000 0.321995 
0.477727 130.000000 0.294785 
0.483871 126.000000 0.285714 
0.485407 125.000000 0.283447 
0.462366 140.000000 0.317460 
0.470046 135.000000 0.306122 
0.480799 128.000000 0.290249 
0.476190 131.000000 0.297052 
0.466974 137.000000 0.310658 
0.471582 134.000000 0.303855 
0.479263 129.000000 0.292517 
0.470046 135.000000 0.306122 
0.470046 135.000000 0.306122 
0.473118 133.000000 0.301587 
0.473118 133.000000 0.301587 
0.465438 138.000000 0.312925 
0.482335 127.000000 0.287982 
0.476190 131.000000 0.297052 
0.479263 129.000000 0.292517 
0.496160 118.000000 0.267574 
0.482335 127.000000 0.287982 
0.473118 133.000000 0.301587 
0.485407 125.000000 0.283447 
0.476190 131.000000 0.297052 
0.468510 136.000000 0.308390 
0.465438 138.000000 0.312925 
0.465438 138.000000 0.312925 
0.465438 138.000000 0.312925 
0.473118 133.000000 0.301587 
0.466974 137.000000 0.310658 
0.491551 121.000000 0.274376 
0.468510 136.000000 0.308390 
0.486943 124.000000 0.281179 
0.482335 127.000000 0.287982 
0.462366 140.000000 0.317460 
0.476190 131.000000 0.297052 
0.477727 130.000000 0.294785 
0.488479 123.000000 0.278912 
0.460829 141.000000 0.319728 
0.473118 133.000000 0.301587 
0.480799 128.000000 0.290249 
0.466974 137.000000 0.310658 
0.462366 140.000000 0.317460 
0.465438 138.000000 0.312925 
0.462366 140.000000 0.317460 
0.473118 133.000000 0.301587 
0.476190 131.000000 0.297052 
0.486943 124.000000 0.281179 
0.486943 124.000000 0.281179 
0.459293 142.000000 0.321995 
0.468510 136.000000 0.308390 
0.468510 136.000000 0.308390 
0.476190 131.000000 0.297052 
0.488479 123.000000 0.278912 
0.465438 138.000000 0.312925 
0.485407 125.000000 0.283447 
0.479263 129.000000 0.292517 
0.476190 131.000000 0.297052 
0.480799 128.000000 0.290249 
0.465438 138.000000 0.312925 
0.479263 129.000000 0.292517 
0.462366 140.000000 0.317460 
0.473118 133.000000 0.301587 
0.468510 136.000000 0.308390 
0.474654 132.000000 0.299320 
0.468510 136.000000 0.308390 
0.480799 128.000000 0.290249 
0.459293 142.000000 0.321995 
0.482335 127.000000 0.287982 
0.471582 134.000000 0.303855 
0.490015 122.000000 0.276644 
0.479263 129.000000 0.292517 
0.473118 133.000000 0.301587 
0.479263 129.000000 0.292517 
0.477727 130.000000 0.294785 
0.480799 128.000000 0.290249 
0.474654 132.000000 0.299320 
0.471582 134.000000 0.303855 
0.483871 126.000000 0.285714 
0.483871 126.000000 0.285714 
0.479263 129.000000 0.292517 
0.468510 136.000000 0.308390 
0.471582 134.000000 0.303855 
0.491551 121.000000 0.274376 
0.470046 135.000000 0.306122 
0.476190 131.000000 0.297052 
0.488479 123.000000 0.278912 
0.479263 129.000000 0.292517 
0.468510 136.000000 0.308390 
0.476190 131.000000 0.297052 
0.465438 138.000000 0.312925 
0.474654 132.000000 0.299320 
0.486943 124.000000 0.281179 
0.505376 112.000000 0.253968 
0.496160 118.000000 0.267574 
0.473118 133.000000 0.301587 
0.480799 128.000000 0.290249 
0.473118 133.000000 0.301587 
0.485407 125.000000 0.283447 
0.486943 124.000000 0.281179 
0.476190 131.000000 0.297052 
0.465438 138.000000 0.312925 
0.482335 127.000000 0.287982 
0.474654 132.000000 0.299320 
0.474654 132.000000 0.299320 
0.488479 123.000000 0.278912 
0.473118 133.000000 0.301587 
0.476190 131.000000 0.297052 
0.471582 134.000000 0.303855 
0.454685 145.000000 0.328798 
0.471582 134.000000 0.303855 
0.471582 134.000000 0.303855 
0.482335 127.000000 0.287982 
0.490015 122.000000 0.276644 
0.482335 127.000000 0.287982 
0.463902 139.000000 0.315193 
0.476190 131.000000 0.297052 
0.493088 120.000000 0.272109 
0.471582 134.000000 0.303855 
0.485407 125.000000 0.283447 
0.486943 124.000000 0.281179 
0.462366 140.000000 0.317460 
0.473118 133.000000 0.301587 
0.483871 126.000000 0.285714 
0.474654 132.000000 0.299320 
0.470046 135.000000 0.306122 
0.471582 134.000000 0.303855 
0.471582 134.000000 0.303855 
0.476190 131.000000 0.297052 
0.482335 127.000000 0.287982 
0.485407 125.000000 0.283447 
0.482335 127.000000 0.287982 
0.493088 120.000000 0.272109 
0.476190 131.000000 0.297052 
0.479263 129.000000 0.292517 
0.482335 127.000000 0.287982 
0.480799 128.000000 0.290249 
0.477727 130.000000 0.294785 
0.490015 122.000000 0.276644 
0.471582 134.000000 0.303855 
0.485407 125.000000 0.283447 
0.493088 120.000000 0.272109 
0.490015 122.000000 0.276644 
0.473118 133.000000 0.301587 
0.477727 130.000000 0.294785 
0.474654 132.000000 0.299320 
0.473118 133.000000 0.301587 
0.473118 133.000000 0.301587 
0.499232 116.000000 0.263039 
0.485407 125.000000 0.283447 
0.474654 132.000000 0.299320 
0.477727 130.000000 0.294785 
0.477727 130.000000 0.294785 
0.470046 135.000000 0.306122 
0.473118 133.000000 0.301587 
0.473118 133.000000 0.301587 
0.477727 130.000000 0.294785 
0.468510 136.000000 0.308390 
0.479263 129.000000 0.292517 
0.468510 136.000000 0.308390 
0.488479 123.000000 0.278912 
0.482335 127.000000 0.287982 
0.486943 124.000000 0.281179 
0.485407 125.000000 0.283447 
0.491551 121.000000 0.274376 
0.471582 134.000000 0.303855 
0.465438 138.000000 0.312925 
0.485407 125.000000 0.283447 
0.490015 122.000000 0.276644 
0.491551 121.000000 0.274376 
0.462366 140.000000 0.317460 
0.471582 134.000000 0.303855 
0.474654 132.000000 0.299320 
0.462366 140.000000 0.317460 
0.485407 125.000000 0.283447 
0.482335 127.000000 0.287982 
0.480799 128.000000 0.290249 
0.479263 129.000000 0.292517 
0.470046 135.000000 0.306122 
0.476190 131.000000 0.297052 
0.473118 133.000000 0.301587 
0.460829 141.000000 0.319728 
0.486943 124.000000 0.281179 
0.462366 140.000000 0.317460 
0.454685 145.000000 0.328798 
0.490015 122.000000 0.276644 
0.465438 138.000000 0.312925 
0.493088 120.000000 0.272109 
0.493088 120.000000 0.272109 
0.466974 137.000000 0.310658 
0.480799 128.000000 0.290249 
0.479263 129.000000 0.292517 
0.486943 124.000000 0.281179 
0.482335 127.000000 0.287982 
0.471582 134.000000 0.303855 
0.471582 134.000000 0.303855 
0.479263 129.000000 0.292517 
0.483871 126.000000 0.285714 
0.480799 128.000000 0.290249 
0.468510 136.000000 0.308390 
0.474654 132.000000 0.299320 
0.488479 123.000000 0.278912 
0.482335 127.000000 0.287982 
0.460829 141.000000 0.319728 
0.485407 125.000000 0.283447 
0.482335 127.000000 0.287982 
0.470046 135.000000 0.306122 
0.463902 139.000000 0.315193 
0.486943 124.000000 0.281179 
0.477727 130.000000 0.294785 
0.471582 134.000000 0.303855 
0.459293 142.000000 0.321995 
0.491551 121.000000 0.274376 
0.476190 131.000000 0.297052 
0.483871 126.000000 0.285714 
0.468510 136.000000 0.308390 
0.462366 140.000000 0.317460 
0.479263 129.000000 0.292517 
0.480799 128.000000 0.290249 
0.482335 127.000000 0.287982 
0.474654 132.000000 0.299320 
0.470046 135.000000 0.306122 
0.479263 129.000000 0.292517 
0.477727 130.000000 0.294785 
0.477727 130.000000 0.294785 
0.470046 135.000000 0.306122 
0.486943 124.000000 0.281179 
0.470046 135.000000 0.306122 
0.476190 131.000000 0.297052 
0.477727 130.000000 0.294785 
0.471582 134.000000 0.303855 
0.479263 129.000000 0.292517 
0.486943 124.000000 0.281179 
0.463902 139.000000 0.315193 
0.473118 133.000000 0.301587 
0.482335 127.000000 0.287982 
0.470046 135.000000 0.306122 
0.479263 129.000000 0.292517 
0.496160 118.000000 0.267574 
0.471582 134.000000 0.303855 
0.483871 126.000000 0.285714 
0.486943 124.000000 0.281179 
0.476190 131.000000 0.297052 
0.483871 126.000000 0.285714 
0.485407 125.000000 0.283447 
0.480799 128.000000 0.290249 
0.486943 124.000000 0.281179 
0.473118 133.000000 0.301587 
0.470046 135.000000 0.306122 
0.465438 138.000000 0.312925 
0.490015 122.000000 0.276644 
0.479263 129.000000 0.292517 
0.479263 129.000000 0.292517 
0.474654 132.000000 0.299320 
0.477727 130.000000 0.294785 
0.471582 134.000000 0.303855 
0.477727 130.000000 0.294785 
0.470046 135.000000 0.306122 
0.465438 138.000000 0.312925 
0.462366 140.000000 0.317460 
0.480799 128.000000 0.290249 
0.483871 126.000000 0.285714 
0.466974 137.000000 0.310658 
0.485407 125.000000 0.283447 
0.462366 140.000000 0.317460 
0.474654 132.000000 0.299320 
0.482335 127.000000 0.287982 
0.480799 128.000000 0.290249 
0.471582 134.000000 0.303855 
0.488479 123.000000 0.278912 
0.470046 135.000000 0.306122 
0.476190 131.000000 0.297052 
0.470046 135.000000 0.306122 
0.466974 137.000000 0.310658 
0.466974 137.000000 0.310658 
0.465438 138.000000 0.312925 
0.473118 133.000000 0.301587 
0.476190 131.000000 0.297052 
0.465438 138.000000 0.312925 
0.483871 126.000000 0.285714 
0.474654 132.000000 0.299320 
0.468510 136.000000 0.308390 
0.471582 134.000000 0.303855 
0.463902 139.000000 0.315193 
0.462366 140.000000 0.317460 
0.471582 134.000000 0.303855 
0.471582 134.000000 0.303855 
0.482335 127.000000 0.287982 
0.471582 134.000000 0.303855 
0.477727 130.000000 0.294785 
0.483871 126.000000 0.285714 
0.485407 125.000000 0.283447 
0.476190 131.000000 0.297052 
0.471582 134.000000 0.303855 
0.482335 127.000000 0.287982 
0.462366 140.000000 0.317460 
0.471582 134.000000 0.303855 
0.477727 130.000000 0.294785 
0.465438 138.000000 0.312925 
0.459293 142.000000 0.321995 
0.482335 127.000000 0.287982 
0.483871 126.000000 0.285714 
0.468510 136.000000 0.308390 
0.496160 118.000000 0.267574 
0.471582 134.000000 0.303855 
0.460829 141.000000 0.319728 
0.468510 136.000000 0.308390 
0.479263 129.000000 0.292517 
0.476190 131.000000 0.297052 
0.466974 137.000000 0.310658 
0.476190 131.000000 0.297052 
0.463902 139.000000 0.315193 
0.479263 129.000000 0.292517 
0.473118 133.000000 0.301587 
0.477727 130.000000 0.294785 
0.476190 131.000000 0.297052 
0.483871 126.000000 0.285714 
0.473118 133.000000 0.301587 
0.473118 133.000000 0.301587 
0.474654 132.000000 0.299320 
0.499232 116.000000 0.263039 
0.471582 134.000000 0.303855 
0.473118 133.000000 0.301587 
0.473118 133.000000 0.301587 
0.480799 128.000000 0.290249 
0.451613 147.000000 0.333333 
0.476190 131.000000 0.297052 
0.496160 118.000000 0.267574 
0.482335 127.000000 0.287982 
0.477727 130.000000 0.294785 
0.479263 129.000000 0.292517 
0.470046 135.000000 0.306122 
0.463902 139.000000 0.315193 
0.473118 133.000000 0.301587 
0.474654 132.000000 0.299320 
0.463902 139.000000 0.315193 
0.480799 128.000000 0.290249 
0.466974 137.000000 0.310658 
0.473118 133.000000 0.301587 
0.480799 128.000000 0.290249 
0.488479 123.000000 0.278912 
0.474654 132.000000 0.299320 
0.466974 137.000000 0.310658 
0.479263 129.000000 0.292517 
0.483871 126.000000 0.285714 
0.468510 136.000000 0.308390 
0.471582 134.000000 0.303855 
0.479263 129.000000 0.292517 
0.473118 133.000000 0.301587 
0.471582 134.000000 0.303855 
0.479263 129.000000 0.292517 
0.474654 132.000000 0.299320 
0.462366 140.000000 0.317460 
0.473118 133.000000 0.301587 
0.482335 127.000000 0.287982 
0.457757 143.000000 0.324263 
0.476190 131.000000 0.297052 
0.479263 129.000000 0.292517 
0.456221 144.000000 0.326531 
0.482335 127.000000 0.287982 
0.479263 129.000000 0.292517 
0.476190 131.000000 0.297052 
0.483871 126.000000 0.285714 
0.470046 135.000000 0.306122 
0.466974 137.000000 0.310658 
0.466974 137.000000 0.310658 
0.477727 130.000000 0.294785 
0.491551 121.000000 0.274376 
0.493088 120.000000 0.272109 
0.468510 136.000000 0.308390 
0.463902 139.000000 0.315193 
0.496160 118.000000 0.267574 
0.480799 128.000000 0.290249 
0.457757 143.000000 0.324263 
0.490015 122.000000 0.276644 
0.474654 132.000000 0.299320 
0.460829 141.000000 0.319728 
0.476190 131.000000 0.297052 
0.457757 143.000000 0.324263 
0.485407 125.000000 0.283447 
0.466974 137.000000 0.310658 
0.479263 129.000000 0.292517 
0.491551 121.000000 0.274376 
0.476190 131.000000 0.297052 
0.479263 129.000000 0.292517 
0.482335 127.000000 0.287982 
0.468510 136.000000 0.308390 
0.476190 131.000000 0.297052 
0.483871 126.000000 0.285714 
0.493088 120.000000 0.272109 
0.465438 138.000000 0.312925 
0.474654 132.000000 0.299320 
0.503840 113.000000 0.256236 
0.474654 132.000000 0.299320 
0.494624 119.000000 0.269841 
0.476190 131.000000 0.297052 
0.480799 128.000000 0.290249 
0.465438 138.000000 0.312925 
0.482335 127.000000 0.287982 
0.471582 134.000000 0.303855 
0.471582 134.000000 0.303855 
0.477727 130.000000 0.294785 
0.480799 128.000000 0.290249 
0.474654 132.000000 0.299320 
0.480799 128.000000 0.290249 
0.485407 125.000000 0.283447 
0.480799 128.000000 0.290249 
0.477727 130.000000 0.294785 
0.471582 134.000000 0.303855 
0.480799 128.000000 0.290249 
0.477727 130.000000 0.294785 
0.493088 120.000000 0.272109 
0.488479 123.000000 0.278912 
0.488479 123.000000 0.278912 
0.483871 126.000000 0.285714 
0.476190 131.000000 0.297052 
0.463902 139.000000 0.315193 
0.473118 133.000000 0.301587 
0.482335 127.000000 0.287982 
0.473118 133.000000 0.301587 
0.468510 136.000000 0.308390 
0.465438 138.000000 0.312925 
0.460829 141.000000 0.319728 
0.473118 133.000000 0.301587 
0.463902 139.000000 0.315193 
0.470046 135.000000 0.306122 
0.468510 136.000000 0.308390 
0.465438 138.000000 0.312925 
0.473118 133.000000 0.301587 
0.476190 131.000000 0.297052 
0.473118 133.000000 0.301587 
0.463902 139.000000 0.315193 
0.451613 147.000000 0.333333 
0.490015 122.000000 0.276644 
0.483871 126.000000 0.285714 
0.490015 122.000000 0.276644 
0.457757 143.000000 0.324263 
0.466974 137.000000 0.310658 
0.499232 116.000000 0.263039 
0.482335 127.000000 0.287982 
0.490015 122.000000 0.276644 
0.470046 135.000000 0.306122 
0.479263 129.000000 0.292517 
0.466974 137.000000 0.310658 
0.466974 137.000000 0.310658 
0.479263 129.000000 0.292517 
0.459293 142.000000 0.321995 
0.465438 138.000000 0.312925 
0.476190 131.000000 0.297052 
0.476190 131.000000 0.297052 
0.468510 136.000000 0.308390 
0.468510 136.000000 0.308390 
0.479263 129.000000 0.292517 
0.471582 134.000000 0.303855 
0.468510 136.000000 0.308390 
0.474654 132.000000 0.299320 
0.483871 126.000000 0.285714 
0.463902 139.000000 0.315193 
0.466974 137.000000 0.310658 
0.485407 125.000000 0.283447 
0.480799 128.000000 0.290249 
0.486943 124.000000 0.281179 
0.468510 136.000000 0.308390 
0.486943 124.000000 0.281179 
0.485407 125.000000 0.283447 
0.466974 137.000000 0.310658 
0.468510 136.000000 0.308390 
0.479263 129.000000 0.292517 
0.486943 124.000000 0.281179 
0.482335 127.000000 0.287982 
0.480799 128.000000 0.290249 
0.488479 123.000000 0.278912 
0.468510 136.000000 0.308390 
0.480799 128.000000 0.290249 
0.474654 132.000000 0.299320 
0.480799 128.000000 0.290249 
0.474654 132.000000 0.299320 
0.485407 125.000000 0.283447 
0.490015 122.000000 0.276644 
0.471582 134.000000 0.303855 
0.486943 124.000000 0.281179 
0.454685 145.000000 0.328798 
0.470046 135.000000 0.306122 
0.463902 139.000000 0.315193 
0.477727 130.000000 0.294785 
0.490015 122.000000 0.276644 
0.474654 132.000000 0.299320 
0.470046 135.000000 0.306122 
0.468510 136.000000 0.308390 
0.482335 127.000000 0.287982 
0.474654 132.000000 0.299320 
0.473118 133.000000 0.301587 
0.474654 132.000000 0.299320 
0.466974 137.000000 0.310658 
0.457757 143.000000 0.324263 
0.470046 135.000000 0.306122 
0.491551 121.000000 0.274376 
0.477727 130.000000 0.294785 
0.480799 128.000000 0.290249 
0.465438 138.000000 0.312925 
0.477727 130.000000 0.294785 
0.460829 141.000000 0.319728 
0.474654 132.000000 0.299320 
0.477727 130.000000 0.294785 
0.480799 128.000000 0.290249 
0.473118 133.000000 0.301587 
0.476190 131.000000 0.297052 
0.483871 126.000000 0.285714 
0.471582 134.000000 0.303855 
0.483871 126.000000 0.285714 
0.477727 130.000000 0.294785 
0.488479 123.000000 0.278912 
0.476190 131.000000 0.297052 
0.470046 135.000000 0.306122 
0.463902 139.000000 0.315193 
0.470046 135.000000 0.306122 
0.454685 145.000000 0.328798 
0.476190 131.000000 0.297052 
0.477727 130.000000 0.294785 
0.474654 132.000000 0.299320 
0.476190 131.000000 0.297052 
0.477727 130.000000 0.294785 
0.471582 134.000000 0.303855 
0.476190 131.000000 0.297052 
0.477727 130.000000 0.294785 
0.471582 134.000000 0.303855 
0.486943 124.000000 0.281179 
0.477727 130.000000 0.294785 
0.491551 121.000000 0.274376 
0.488479 123.000000 0.278912 
0.466974 137.000000 0.310658 
0.463902 139.000000 0.315193 
0.466974 137.000000 0.310658 
0.459293 142.000000 0.321995 
0.482335 127.000000 0.287982 
0.466974 137.000000 0.310658 
0.482335 127.000000 0.287982 
0.477727 130.000000 0.294785 
0.459293 142.000000 0.321995 
0.476190 131.000000 0.297052 
0.462366 140.000000 0.317460 
0.463902 139.000000 0.315193 
0.482335 127.000000 0.287982 
0.468510 136.000000 0.308390 
0.456221 144.000000 0.326531 
0.476190 131.000000 0.297052 
0.480799 128.000000 0.290249 
0.470046 135.000000 0.306122 
0.473118 133.000000 0.301587 
0.470046 135.000000 0.306122 
0.474654 132.000000 0.299320 
0.477727 130.000000 0.294785 
0.490015 122.000000 0.276644 
0.477727 130.000000 0.294785 
0.466974 137.000000 0.310658 
0.473118 133.000000 0.301587 
0.468510 136.000000 0.308390 
0.468510 136.000000 0.308390 
0.474654 132.000000 0.299320 
0.462366 140.000000 0.317460 
0.482335 127.000000 0.287982 
0.479263 129.000000 0.292517 
0.483871 126.000000 0.285714 
0.473118 133.000000 0.301587 
0.482335 127.000000 0.287982 
0.500768 115.000000 0.260771 
0.479263 129.000000 0.292517 
0.457757 143.000000 0.324263 
0.473118 133.000000 0.301587 
0.468510 136.000000 0.308390 
0.471582 134.000000 0.303855 
0.479263 129.000000 0.292517 
0.482335 127.000000 0.287982 
0.476190 131.000000 0.297052 
0.474654 132.000000 0.299320 
0.476190 131.000000 0.297052 
0.477727 130.000000 0.294785 
0.462366 140.000000 0.317460 
0.476190 131.000000 0.297052 
0.457757 143.000000 0.324263 
0.466974 137.000000 0.310658 
0.477727 130.000000 0.294785 
0.468510 136.000000 0.308390 
0.474654 132.000000 0.299320 
0.482335 127.000000 0.287982 
0.483871 126.000000 0.285714 
0.480799 128.000000 0.290249 
0.479263 129.000000 0.292517 
0.465438 138.000000 0.312925 
0.465438 138.000000 0.312925 
0.486943 124.000000 0.281179 
0.476190 131.000000 0.297052 
0.479263 129.000000 0.292517 
0.477727 130.000000 0.294785 
0.482335 127.000000 0.287982 
0.485407 125.000000 0.283447 
0.468510 136.000000 0.308390 
0.459293 142.000000 0.321995 
0.482335 127.000000 0.287982 
0.476190 131.000000 0.297052 
0.474654 132.000000 0.299320 
0.474654 132.000000 0.299320 
0.473118 133.000000 0.301587 
0.465438 138.000000 0.312925 
0.482335 127.000000 0.287982 
0.493088 120.000000 0.272109 
0.463902 139.000000 0.315193 
0.465438 138.000000 0.312925 
0.473118 133.000000 0.301587 
0.473118 133.000000 0.301587 
0.488479 123.000000 0.278912 
0.470046 135.000000 0.306122 
0.483871 126.000000 0.285714 
0.485407 125.000000 0.283447 
0.474654 132.000000 0.299320 
0.483871 126.000000 0.285714 
0.470046 135.000000 0.306122 
0.490015 122.000000 0.276644 
0.477727 130.000000 0.294785 
0.462366 140.000000 0.317460 
0.477727 130.000000 0.294785 
0.477727 130.000000 0.294785 
0.483871 126.000000 0.285714 
0.465438 138.000000 0.312925 
0.486943 124.000000 0.281179 
0.474654 132.000000 0.299320 
0.483871 126.000000 0.285714 
0.485407 125.000000 0.283447 
0.480799 128.000000 0.290249 
0.482335 127.000000 0.287982 
0.465438 138.000000 0.312925 
0.485407 125.000000 0.283447 
0.479263 129.000000 0.292517 
0.471582 134.000000 0.303855 
0.479263 129.000000 0.292517 
0.459293 142.000000 0.321995 
0.477727 130.000000 0.294785 
0.480799 128.000000 0.290249 
0.488479 123.000000 0.278912 
0.473118 133.000000 0.301587 
0.471582 134.000000 0.303855 
0.479263 129.000000 0.292517 
0.486943 124.000000 0.281179 
0.466974 137.000000 0.310658 
0.480799 128.000000 0.290249 
0.494624 119.000000 0.269841 
0.463902 139.000000 0.315193 
0.470046 135.000000 0.306122 
0.488479 123.000000 0.278912 
0.479263 129.000000 0.292517 
0.473118 133.000000 0.301587 
0.471582 134.000000 0.303855 
0.473118 133.000000 0.301587 
0.490015 122.000000 0.276644 
0.494624 119.000000 0.269841 
0.491551 121.000000 0.274376 
0.474654 132.000000 0.299320 
0.473118 133.000000 0.301587 
0.471582 134.000000 0.303855 
0.466974 137.000000 0.310658 
0.470046 135.000000 0.306122 
0.486943 124.000000 0.281179 
0.468510 136.000000 0.308390 
0.473118 133.000000 0.301587 
0.470046 135.000000 0.306122 
0.488479 123.000000 0.278912 
0.470046 135.000000 0.306122 
0.471582 134.000000 0.303855 
0.470046 135.000000 0.306122 
0.477727 130.000000 0.294785 
0.462366 140.000000 0.317460 
0.477727 130.000000 0.294785 
0.473118 133.000000 0.301587 
0.474654 132.000000 0.299320 
0.476190 131.000000 0.297052 
0.474654 132.000000 0.299320 
0.490015 122.000000 0.276644 
0.465438 138.000000 0.312925 
0.468510 136.000000 0.308390 
0.466974 137.000000 0.310658 
0.488479 123.000000 0.278912 
0.470046 135.000000 0.306122 
0.473118 133.000000 0.301587 
0.476190 131.000000 0.297052 
0.463902 139.000000 0.315193 
0.471582 134.000000 0.303855 
0.463902 139.000000 0.315193 
0.473118 133.000000 0.301587 
0.463902 139.000000 0.315193 
0.486943 124.000000 0.281179 
0.485407 125.000000 0.283447 
0.480799 128.000000 0.290249 
0.474654 132.000000 0.299320 
0.479263 129.000000 0.292517 
0.493088 120.000000 0.272109 
0.470046 135.000000 0.306122 
0.474654 132.000000 0.299320 
0.483871 126.000000 0.285714 
0.459293 142.000000 0.321995 
0.479263 129.000000 0.292517 
0.466974 137.000000 0.310658 
0.485407 125.000000 0.283447 
0.482335 127.000000 0.287982 
0.468510 136.000000 0.308390 
0.480799 128.000000 0.290249 
0.468510 136.000000 0.308390 
0.499232 116.000000 0.263039 
0.473118 133.000000 0.301587 
0.482335 127.000000 0.287982 
0.477727 130.000000 0.294785 
0.488479 123.000000 0.278912 
0.473118 133.000000 0.301587 
0.488479 123.000000 0.278912 
0.465438 138.000000 0.312925 
0.470046 135.000000 0.306122 
0.490015 122.000000 0.276644 
0.473118 133.000000 0.301587 
0.490015 122.000000 0.276644 
0.488479 123.000000 0.278912 
0.477727 130.000000 0.294785 
0.473118 133.000000 0.301587 
0.453149 146.000000 0.331066 
0.462366 140.000000 0.317460 
0.465438 138.000000 0.312925 
0.477727 130.000000 0.294785 
0.471582 134.000000 0.303855 
0.490015 122.000000 0.276644 
0.468510 136.000000 0.308390 
0.456221 144.000000 0.326531 
0.486943 124.000000 0.281179 
0.473118 133.000000 0.301587 
0.471582 134.000000 0.303855 
0.468510 136.000000 0.308390 
0.490015 122.000000 0.276644 
0.485407 125.000000 0.283447 
0.470046 135.000000 0.306122 
0.468510 136.000000 0.308390 
0.447005 150.000000 0.340136 
0.482335 127.000000 0.287982 
0.474654 132.000000 0.299320 
0.471582 134.000000 0.303855 
0.456221 144.000000 0.326531 
0.490015 122.000000 0.276644 
0.476190 131.000000 0.297052 
0.480799 128.000000 0.290249 
0.465438 138.000000 0.312925 
0.454685 145.000000 0.328798 
0.463902 139.000000 0.315193 
0.485407 125.000000 0.283447 
0.466974 137.000000 0.310658 
0.473118 133.000000 0.301587 
0.471582 134.000000 0.303855 
0.486943 124.000000 0.281179 
0.485407 125.000000 0.283447 
0.493088 120.000000 0.272109 
0.483871 126.000000 0.285714 
0.480799 128.000000 0.290249 
0.468510 136.000000 0.308390 
0.460829 141.000000 0.319728 
0.474654 132.000000 0.299320 
0.457757 143.000000 0.324263 
0.448541 149.000000 0.337868 
0.462366 140.000000 0.317460 
0.482335 127.000000 0.287982 
0.490015 122.000000 0.276644 
0.471582 134.000000 0.303855 
0.480799 128.000000 0.290249 
0.477727 130.000000 0.294785 
0.482335 127.000000 0.287982 
0.468510 136.000000 0.308390 
0.462366 140.000000 0.317460 
0.476190 131.000000 0.297052 
0.483871 126.000000 0.285714 
0.479263 129.000000 0.292517 
0.476190 131.000000 0.297052 
0.476190 131.000000 0.297052 
0.480799 128.000000 0.290249 
0.473118 133.000000 0.301587 
0.476190 131.000000 0.297052 
0.486943 124.000000 0.281179 
0.473118 133.000000 0.301587 
0.485407 125.000000 0.283447 
0.471582 134.000000 0.303855 
0.474654 132.000000 0.299320 
0.480799 128.000000 0.290249 
0.468510 136.000000 0.308390 
0.465438 138.000000 0.312925 
0.474654 132.000000 0.299320 
0.473118 133.000000 0.301587 
0.456221 144.000000 0.326531 
0.465438 138.000000 0.312925 
0.470046 135.000000 0.306122 
0.480799 128.000000 0.290249 
0.470046 135.000000 0.306122 
0.474654 132.000000 0.299320 
0.479263 129.000000 0.292517 
0.466974 137.000000 0.310658 
0.485407 125.000000 0.283447 
0.482335 127.000000 0.287982 
0.485407 125.000000 0.283447 
0.480799 128.000000 0.290249 
0.466974 137.000000 0.310658 
0.493088 120.000000 0.272109 
0.460829 141.000000 0.319728 
0.468510 136.000000 0.308390 
0.473118 133.000000 0.301587 
0.486943 124.000000 0.281179 
0.476190 131.000000 0.297052 
0.483871 126.000000 0.285714 
0.470046 135.000000 0.306122 
0.465438 138.000000 0.312925 
0.470046 135.000000 0.306122 
0.471582 134.000000 0.303855 
0.470046 135.000000 0.306122 
0.479263 129.000000 0.292517 
0.483871 126.000000 0.285714 
0.466974 137.000000 0.310658 
0.483871 126.000000 0.285714 
0.483871 126.000000 0.285714 
0.468510 136.000000 0.308390 
0.473118 133.000000 0.301587 
0.476190 131.000000 0.297052 
0.471582 134.000000 0.303855 
0.479263 129.000000 0.292517 
0.474654 132.000000 0.299320 
0.474654 132.000000 0.299320 
0.466974 137.000000 0.310658 
0.466974 137.000000 0.310658 
0.466974 137.000000 0.310658 
0.466974 137.000000 0.310658 
0.465438 138.000000 0.312925 
0.468510 136.000000 0.308390 
0.454685 145.000000 0.328798 
0.477727 130.000000 0.294785 
0.480799 128.000000 0.290249 
0.480799 128.000000 0.290249 
0.460829 141.000000 0.319728 
0.483871 126.000000 0.285714 
0.482335 127.000000 0.287982 
0.476190 131.000000 0.297052 
0.480799 128.000000 0.290249 
0.482335 127.000000 0.287982 
0.474654 132.000000 0.299320 
0.471582 134.000000 0.303855 
0.479263 129.000000 0.292517 
0.480799 128.000000 0.290249 
0.494624 119.000000 0.269841 
0.476190 131.000000 0.297052 
0.480799 128.000000 0.290249 
0.463902 139.000000 0.315193 
0.483871 126.000000 0.285714 
0.477727 130.000000 0.294785 
0.476190 131.000000 0.297052 
0.465438 138.000000 0.312925 
0.496160 118.000000 0.267574 
0.474654 132.000000 0.299320 
0.463902 139.000000 0.315193 
0.483871 126.000000 0.285714 
0.470046 135.000000 0.306122 
0.485407 125.000000 0.283447 
0.470046 135.000000 0.306122 
0.470046 135.000000 0.306122 
0.474654 132.000000 0.299320 
0.466974 137.000000 0.310658 
0.477727 130.000000 0.294785 
0.497696 117.000000 0.265306 
0.494624 119.000000 0.269841 
0.476190 131.000000 0.297052 
0.463902 139.000000 0.315193 
0.483871 126.000000 0.285714 
0.488479 123.000000 0.278912 
0.477727 130.000000 0.294785 
0.466974 137.000000 0.310658 
0.471582 134.000000 0.303855 
0.474654 132.000000 0.299320 
0.468510 136.000000 0.308390 
0.462366 140.000000 0.317460 
0.482335 127.000000 0.287982 
0.473118 133.000000 0.301587 
0.470046 135.000000 0.306122 
0.479263 129.000000 0.292517 
0.476190 131.000000 0.297052 
0.466974 137.000000 0.310658 
0.480799 128.000000 0.290249 
0.485407 125.000000 0.283447 
0.479263 129.000000 0.292517 
0.474654 132.000000 0.299320 
0.470046 135.000000 0.306122 
0.480799 128.000000 0.290249 
0.470046 135.000000 0.306122 
0.486943 124.000000 0.281179 
0.488479 123.000000 0.278912 
0.479263 129.000000 0.292517 
0.477727 130.000000 0.294785 
0.462366 140.000000 0.317460 
0.473118 133.000000 0.301587 
0.480799 128.000000 0.290249 
0.490015 122.000000 0.276644 
0.468510 136.000000 0.308390 
0.465438 138.000000 0.312925 
0.470046 135.000000 0.306122 
0.470046 135.000000 0.306122 
0.477727 130.000000 0.294785 
0.490015 122.000000 0.276644 
0.474654 132.000000 0.299320 
0.480799 128.000000 0.290249 
0.468510 136.000000 0.308390 
0.474654 132.000000 0.299320 
0.488479 123.000000 0.278912 
0.476190 131.000000 0.297052 
0.466974 137.000000 0.310658 
0.470046 135.000000 0.306122 
0.485407 125.000000 0.283447 
0.457757 143.000000 0.324263 
0.493088 120.000000 0.272109 
0.480799 128.000000 0.290249 
0.477727 130.000000 0.294785 
0.485407 125.000000 0.283447 
0.479263 129.000000 0.292517 
0.486943 124.000000 0.281179 
0.471582 134.000000 0.303855 
0.479263 129.000000 0.292517 
0.482335 127.000000 0.287982 
0.479263 129.000000 0.292517 
0.479263 129.000000 0.292517 
0.486943 124.000000 0.281179 
0.468510 136.000000 0.308390 
0.471582 134.000000 0.303855 
0.477727 130.000000 0.294785 
0.479263 129.000000 0.292517 
0.482335 127.000000 0.287982 
0.473118 133.000000 0.301587 
0.485407 125.000000 0.283447 
0.470046 135.000000 0.306122 
0.490015 122.000000 0.276644 
0.483871 126.000000 0.285714 
0.483871 126.000000 0.285714 
0.470046 135.000000 0.306122 
0.466974 137.000000 0.310658 
0.466974 137.000000 0.310658 
0.468510 136.000000 0.308390 
0.482335 127.000000 0.287982 
0.473118 133.000000 0.301587 
0.483871 126.000000 0.285714 
0.480799 128.000000 0.290249 
0.476190 131.000000 0.297052 
0.466974 137.000000 0.310658 
0.482335 127.000000 0.287982 
0.482335 127.000000 0.287982 
0.480799 128.000000 0.290249 
0.483871 126.000000 0.285714 
0.482335 127.000000 0.287982 
0.486943 124.000000 0.281179 
0.466974 137.000000 0.310658 
0.453149 146.000000 0.331066 
0.462366 140.000000 0.317460 
0.462366 140.000000 0.317460 
0.473118 133.000000 0.301587 
0.454685 145.000000 0.328798 
0.468510 136.000000 0.308390 
0.470046 135.000000 0.306122 
0.488479 123.000000 0.278912 
0.483871 126.000000 0.285714 
0.473118 133.000000 0.301587 
0.463902 139.000000 0.315193 
0.470046 135.000000 0.306122 
0.486943 124.000000 0.281179 
0.497696 117.000000 0.265306 
0.477727 130.000000 0.294785 
0.490015 122.000000 0.276644 
0.482335 127.000000 0.287982 
0.466974 137.000000 0.310658 
0.477727 130.000000 0.294785 
0.479263 129.000000 0.292517 
0.473118 133.000000 0.301587 
0.485407 125.000000 0.283447 
0.476190 131.000000 0.297052 
0.471582 134.000000 0.303855 
0.473118 133.000000 0.301587 
0.460829 141.000000 0.319728 
0.474654 132.000000 0.299320 
0.479263 129.000000 0.292517 
0.490015 122.000000 0.276644 
0.465438 138.000000 0.312925 
0.488479 123.000000 0.278912 
0.470046 135.000000 0.306122 
0.466974 137.000000 0.310658 
0.473118 133.000000 0.301587 
0.459293 142.000000 0.321995 
0.476190 131.000000 0.297052 
0.471582 134.000000 0.303855 
0.474654 132.000000 0.299320 
0.479263 129.000000 0.292517 
0.477727 130.000000 0.294785 
0.474654 132.000000 0.299320 
0.463902 139.000000 0.315193 
0.491551 121.000000 0.274376 
0.470046 135.000000 0.306122 
0.471582 134.000000 0.303855 
0.473118 133.000000 0.301587 
0.471582 134.000000 0.303855 
0.476190 131.000000 0.297052 
0.480799 128.000000 0.290249 
0.471582 134.000000 0.303855 
0.465438 138.000000 0.312925 
0.450077 148.000000 0.335601 
0.474654 132.000000 0.299320 
0.460829 141.000000 0.319728 
0.485407 125.000000 0.283447 
0.479263 129.000000 0.292517 
0.486943 124.000000 0.281179 
0.471582 134.000000 0.303855 
0.499232 116.000000 0.263039 
0.463902 139.000000 0.315193 
0.486943 124.000000 0.281179 
0.479263 129.000000 0.292517 
0.476190 131.000000 0.297052 
0.485407 125.000000 0.283447 
0.497696 117.000000 0.265306 
0.476190 131.000000 0.297052 
0.480799 128.000000 0.290249 
0.480799 128.000000 0.290249 
0.466974 137.000000 0.310658 
0.470046 135.000000 0.306122 
0.485407 125.000000 0.283447 
0.483871 126.000000 0.285714 
0.471582 134.000000 0.303855 
0.457757 143.000000 0.324263 
0.476190 131.000000 0.297052 
0.463902 139.000000 0.315193 
0.477727 130.000000 0.294785 
0.471582 134.000000 0.303855 
0.480799 128.000000 0.290249 
0.477727 130.000000 0.294785 
0.474654 132.000000 0.299320 
0.453149 146.000000 0.331066 
0.494624 119.000000 0.269841 
0.466974 137.000000 0.310658 
0.470046 135.000000 0.306122 
0.476190 131.000000 0.297052 
0.470046 135.000000 0.306122 
0.482335 127.000000 0.287982 
0.465438 138.000000 0.312925 
0.457757 143.000000 0.324263 
0.480799 128.000000 0.290249 
0.474654 132.000000 0.299320 
0.471582 134.000000 0.303855 
0.474654 132.000000 0.299320 
0.488479 123.000000 0.278912 
0.465438 138.000000 0.312925 
0.470046 135.000000 0.306122 
0.460829 141.000000 0.319728 
0.476190 131.000000 0.297052 
0.483871 126.000000 0.285714 
0.468510 136.000000 0.308390 
0.476190 131.000000 0.297052 
0.451613 147.000000 0.333333 
0.490015 122.000000 0.276644 
0.463902 139.000000 0.315193 
0.466974 137.000000 0.310658 
0.485407 125.000000 0.283447 
0.486943 124.000000 0.281179 
0.493088 120.000000 0.272109 
0.490015 122.000000 0.276644 
0.468510 136.000000 0.308390 
0.482335 127.000000 0.287982 
0.470046 135.000000 0.306122 
0.473118 133.000000 0.301587 
0.483871 126.000000 0.285714 
0.480799 128.000000 0.290249 
0.491551 121.000000 0.274376 
0.468510 136.000000 0.308390 
0.491551 121.000000 0.274376 
0.486943 124.000000 0.281179 
0.466974 137.000000 0.310658 
0.476190 131.000000 0.297052 
0.459293 142.000000 0.321995 
0.490015 122.000000 0.276644 
0.486943 124.000000 0.281179 
0.463902 139.000000 0.315193 
0.465438 138.000000 0.312925 
0.483871 126.000000 0.285714 
0.488479 123.000000 0.278912 
0.466974 137.000000 0.310658 
0.483871 126.000000 0.285714 
0.466974 137.000000 0.310658 
0.491551 121.000000 0.274376 
0.480799 128.000000 0.290249 
0.457757 143.000000 0.324263 
0.486943 124.000000 0.281179 
0.471582 134.000000 0.303855 
0.470046 135.000000 0.306122 
0.477727 130.000000 0.294785 
0.480799 128.000000 0.290249 
0.463902 139.000000 0.315193 
0.482335 127.000000 0.287982 
0.483871 126.000000 0.285714 
0.456221 144.000000 0.326531 
0.494624 119.000000 0.269841 
0.468510 136.000000 0.308390 
0.482335 127.000000 0.287982 
0.479263 129.000000 0.292517 
0.463902 139.000000 0.315193 
0.490015 122.000000 0.276644 
0.482335 127.000000 0.287982 
0.477727 130.000000 0.294785 
0.462366 140.000000 0.317460 
0.493088 120.000000 0.272109 
0.479263 129.000000 0.292517 
0.466974 137.000000 0.310658 
0.479263 129.000000 0.292517 
0.471582 134.000000 0.303855 
0.471582 134.000000 0.303855 
0.490015 122.000000 0.276644 
0.474654 132.000000 0.299320 
0.477727 130.000000 0.294785 
0.490015 122.000000 0.276644 
0.460829 141.000000 0.319728 
0.465438 138.000000 0.312925 
0.471582 134.000000 0.303855 
0.483871 126.000000 0.285714 
0.477727 130.000000 0.294785 
0.496160 118.000000 0.267574 
0.463902 139.000000 0.315193 
0.479263 129.000000 0.292517 
0.474654 132.000000 0.299320 
0.471582 134.000000 0.303855 
0.471582 134.000000 0.303855 
0.491551 121.000000 0.274376 
0.476190 131.000000 0.297052 
0.454685 145.000000 0.328798 
0.462366 140.000000 0.317460 
0.470046 135.000000 0.306122 
0.482335 127.000000 0.287982 
0.485407 125.000000 0.283447 
0.468510 136.000000 0.308390 
0.483871 126.000000 0.285714 
0.482335 127.000000 0.287982 
0.480799 128.000000 0.290249 
0.477727 130.000000 0.294785 
0.473118 133.000000 0.301587 
0.490015 122.000000 0.276644 
0.471582 134.000000 0.303855 
0.485407 125.000000 0.283447 
0.482335 127.000000 0.287982 
0.476190 131.000000 0.297052 
0.468510 136.000000 0.308390 
0.466974 137.000000 0.310658 
0.462366 140.000000 0.317460 
0.477727 130.000000 0.294785 
0.485407 125.000000 0.283447 
0.463902 139.000000 0.315193 
0.474654 132.000000 0.299320 
0.490015 122.000000 0.276644 
0.477727 130.000000 0.294785 
0.477727 130.000000 0.294785 
0.491551 121.000000 0.274376 
0.463902 139.000000 0.315193 
0.471582 134.000000 0.303855 
0.485407 125.000000 0.283447 
0.490015 122.000000 0.276644 
0.462366 140.000000 0.317460 
0.483871 126.000000 0.285714 
0.459293 142.000000 0.321995 
0.465438 138.000000 0.312925 
0.474654 132.000000 0.299320 
0.483871 126.000000 0.285714 
0.480799 128.000000 0.290249 
0.465438 138.000000 0.312925 
0.477727 130.000000 0.294785 
0.480799 128.000000 0.290249 
0.474654 132.000000 0.299320 
0.482335 127.000000 0.287982 
0.477727 130.000000 0.294785 
0.468510 136.000000 0.308390 
0.477727 130.000000 0.294785 
0.474654 132.000000 0.299320 
0.482335 127.000000 0.287982 
0.457757 143.000000 0.324263 
0.483871 126.000000 0.285714 
0.491551 121.000000 0.274376 
0.471582 134.000000 0.303855 
0.482335 127.000000 0.287982 
0.474654 132.000000 0.299320 
0.476190 131.000000 0.297052 
0.471582 134.000000 0.303855 
0.473118 133.000000 0.301587 
0.476190 131.000000 0.297052 
0.476190 131.000000 0.297052 
0.483871 126.000000 0.285714 
0.479263 129.000000 0.292517 
0.490015 122.000000 0.276644 
0.483871 126.000000 0.285714 
0.474654 132.000000 0.299320 
0.485407 125.000000 0.283447 
0.482335 127.000000 0.287982 
0.471582 134.000000 0.303855 
0.459293 142.000000 0.321995 
0.477727 130.000000 0.294785 
0.479263 129.000000 0.292517 
0.474654 132.000000 0.299320 
0.473118 133.000000 0.301587 
0.480799 128.000000 0.290249 
0.486943 124.000000 0.281179 
0.471582 134.000000 0.303855 
0.474654 132.000000 0.299320 
0.485407 125.000000 0.283447 
0.474654 132.000000 0.299320 
0.454685 145.000000 0.328798 
0.479263 129.000000 0.292517 
0.460829 141.000000 0.319728 
0.476190 131.000000 0.297052 
0.468510 136.000000 0.308390 
0.482335 127.000000 0.287982 
0.488479 123.000000 0.278912 
0.473118 133.000000 0.301587 
0.483871 126.000000 0.285714 
0.468510 136.000000 0.308390 
0.477727 130.000000 0.294785 
0.479263 129.000000 0.292517 
0.477727 130.000000 0.294785 
0.470046 135.000000 0.306122 
0.476190 131.000000 0.297052 
0.483871 126.000000 0.285714 
0.474654 132.000000 0.299320 
0.463902 139.000000 0.315193 
0.479263 129.000000 0.292517 
0.473118 133.000000 0.301587 
0.482335 127.000000 0.287982 
0.476190 131.000000 0.297052 
0.474654 132.000000 0.299320 
0.488479 123.000000 0.278912 
0.490015 122.000000 0.276644 
0.483871 126.000000 0.285714 
0.486943 124.000000 0.281179 
0.465438 138.000000 0.312925 
0.479263 129.000000 0.292517 
0.476190 131.000000 0.297052 
0.480799 128.000000 0.290249 
0.480799 128.000000 0.290249 
0.463902 139.000000 0.315193 
0.491551 121.000000 0.274376 
0.477727 130.000000 0.294785 
0.483871 126.000000 0.285714 
0.480799 128.000000 0.290249 
0.482335 127.000000 0.287982 
0.466974 137.000000 0.310658 
0.474654 132.000000 0.299320 
0.482335 127.000000 0.287982 
0.465438 138.000000 0.312925 
0.488479 123.000000 0.278912 
0.476190 131.000000 0.297052 
0.488479 123.000000 0.278912 
0.476190 131.000000 0.297052 
0.470046 135.000000 0.306122 
0.482335 127.000000 0.287982 
0.468510 136.000000 0.308390 
0.485407 125.000000 0.283447 
0.471582 134.000000 0.303855 
0.470046 135.000000 0.306122 
0.471582 134.000000 0.303855 
0.465438 138.000000 0.312925 
0.462366 140.000000 0.317460 
0.477727 130.000000 0.294785 
0.470046 135.000000 0.306122 
0.480799 128.000000 0.290249 
0.453149 146.000000 0.331066 
0.474654 132.000000 0.299320 
0.488479 123.000000 0.278912 
0.474654 132.000000 0.299320 
0.470046 135.000000 0.306122 
0.471582 134.000000 0.303855 
0.476190 131.000000 0.297052 
0.463902 139.000000 0.315193 
0.473118 133.000000 0.301587 
0.480799 128.000000 0.290249 
0.479263 129.000000 0.292517 
0.463902 139.000000 0.315193 
0.465438 138.000000 0.312925 
0.486943 124.000000 0.281179 
0.483871 126.000000 0.285714 
0.480799 128.000000 0.290249 
0.459293 142.000000 0.321995 
0.460829 141.000000 0.319728 
0.493088 120.000000 0.272109 
0.466974 137.000000 0.310658 
0.473118 133.000000 0.301587 
0.482335 127.000000 0.287982 
0.471582 134.000000 0.303855 
0.480799 128.000000 0.290249 
0.453149 146.000000 0.331066 
0.476190 131.000000 0.297052 
0.477727 130.000000 0.294785 
0.474654 132.000000 0.299320 
0.480799 128.000000 0.290249 
0.468510 136.000000 0.308390 
0.473118 133.000000 0.301587 
0.470046 135.000000 0.306122 
0.468510 136.000000 0.308390 
0.480799 128.000000 0.290249 
0.480799 128.000000 0.290249 
0.476190 131.000000 0.297052 
0.491551 121.000000 0.274376 
0.483871 126.000000 0.285714 
0.466974 137.000000 0.310658 
0.480799 128.000000 0.290249 
0.466974 137.000000 0.310658 
0.485407 125.000000 0.283447 
0.490015 122.000000 0.276644 
0.462366 140.000000 0.317460 
0.493088 120.000000 0.272109 
0.457757 143.000000 0.324263 
0.474654 132.000000 0.299320 
0.470046 135.000000 0.306122 
0.485407 125.000000 0.283447 
0.476190 131.000000 0.297052 
0.456221 144.000000 0.326531 
0.482335 127.000000 0.287982 
0.485407 125.000000 0.283447 
0.471582 134.000000 0.303855 
0.453149 146.000000 0.331066 
0.477727 130.000000 0.294785 
0.486943 124.000000 0.281179 
0.476190 131.000000 0.297052 
0.470046 135.000000 0.306122 
0.477727 130.000000 0.294785 
0.465438 138.000000 0.312925 
0.471582 134.000000 0.303855 
0.488479 123.000000 0.278912 
0.459293 142.000000 0.321995 
0.476190 131.000000 0.297052 
0.470046 135.000000 0.306122 
0.456221 144.000000 0.326531 
0.476190 131.000000 0.297052 
0.477727 130.000000 0.294785 
0.486943 124.000000 0.281179 
0.471582 134.000000 0.303855 
0.480799 128.000000 0.290249 
0.479263 129.000000 0.292517 
0.466974 137.000000 0.310658 
0.471582 134.000000 0.303855 
0.474654 132.000000 0.299320 
0.485407 125.000000 0.283447 
0.491551 121.000000 0.274376 
0.463902 139.000000 0.315193 
0.471582 134.000000 0.303855 
0.491551 121.000000 0.274376 
0.483871 126.000000 0.285714 
0.479263 129.000000 0.292517 
0.497696 117.000000 0.265306 
0.477727 130.000000 0.294785 
0.483871 126.000000 0.285714 
0.482335 127.000000 0.287982 
0.477727 130.000000 0.294785 
0.465438 138.000000 0.312925 
0.480799 128.000000 0.290249 
0.488479 123.000000 0.278912 
0.473118 133.000000 0.301587 
0.468510 136.000000 0.308390 
0.474654 132.000000 0.299320 
0.465438 138.000000 0.312925 
0.490015 122.000000 0.276644 
0.494624 119.000000 0.269841 
0.470046 135.000000 0.306122 
0.488479 123.000000 0.278912 
0.466974 137.000000 0.310658 
0.459293 142.000000 0.321995 
0.470046 135.000000 0.306122 
0.473118 133.000000 0.301587 
0.474654 132.000000 0.299320 
0.466974 137.000000 0.310658 
0.488479 123.000000 0.278912 
0.470046 135.000000 0.306122 
0.486943 124.000000 0.281179 
0.482335 127.000000 0.287982 
0.473118 133.000000 0.301587 
0.494624 119.000000 0.269841 
0.496160 118.000000 0.267574 
0.465438 138.000000 0.312925 
0.483871 126.000000 0.285714 
0.477727 130.000000 0.294785 
0.468510 136.000000 0.308390 
0.490015 122.000000 0.276644 
0.482335 127.000000 0.287982 
0.485407 125.000000 0.283447 
0.477727 130.000000 0.294785 
0.466974 137.000000 0.310658 
0.476190 131.000000 0.297052 
0.473118 133.000000 0.301587 
0.468510 136.000000 0.308390 
0.490015 122.000000 0.276644 
0.474654 132.000000 0.299320 
0.473118 133.000000 0.301587 
0.468510 136.000000 0.308390 
0.470046 135.000000 0.306122 
0.471582 134.000000 0.303855 
0.480799 128.000000 0.290249 
0.480799 128.000000 0.290249 
0.479263 129.000000 0.292517 
0.463902 139.000000 0.315193 
0.463902 139.000000 0.315193 
0.473118 133.000000 0.301587 
0.474654 132.000000 0.299320 
0.474654 132.000000 0.299320 
0.482335 127.000000 0.287982 
0.470046 135.000000 0.306122 
0.482335 127.000000 0.287982 
0.460829 141.000000 0.319728 
0.476190 131.000000 0.297052 
0.477727 130.000000 0.294785 
0.460829 141.000000 0.319728 
0.476190 131.000000 0.297052 
0.459293 142.000000 0.321995 
0.479263 129.000000 0.292517 
0.463902 139.000000 0.315193 
0.477727 130.000000 0.294785 
0.462366 140.000000 0.317460 
0.474654 132.000000 0.299320 
0.477727 130.000000 0.294785 
0.480799 128.000000 0.290249 
0.465438 138.000000 0.312925 
0.477727 130.000000 0.294785 
0.479263 129.000000 0.292517 
0.474654 132.000000 0.299320 
0.483871 126.000000 0.285714 
0.470046 135.000000 0.306122 
0.485407 125.000000 0.283447 
0.465438 138.000000 0.312925 
0.494624 119.000000 0.269841 
0.491551 121.000000 0.274376 
0.473118 133.000000 0.301587 
0.477727 130.000000 0.294785 
0.474654 132.000000 0.299320 
0.456221 144.000000 0.326531 
0.480799 128.000000 0.290249 
0.468510 136.000000 0.308390 
0.482335 127.000000 0.287982 
0.479263 129.000000 0.292517 
0.479263 129.000000 0.292517 
0.482335 127.000000 0.287982 
0.479263 129.000000 0.292517 
0.471582 134.000000 0.303855 
0.463902 139.000000 0.315193 
0.468510 136.000000 0.308390 
0.473118 133.000000 0.301587 
0.483871 126.000000 0.285714 
0.474654 132.000000 0.299320 
0.482335 127.000000 0.287982 
0.479263 129.000000 0.292517 
0.463902 139.000000 0.315193 
0.463902 139.000000 0.315193 
0.473118 133.000000 0.301587 
0.482335 127.000000 0.287982 
0.473118 133.000000 0.301587 
0.470046 135.000000 0.306122 
0.477727 130.000000 0.294785 
0.483871 126.000000 0.285714 
0.482335 127.000000 0.287982 
0.473118 133.000000 0.301587 
0.490015 122.000000 0.276644 
0.486943 124.000000 0.281179 
0.473118 133.000000 0.301587 
0.483871 126.000000 0.285714 
0.483871 126.000000 0.285714 
0.476190 131.000000 0.297052 
0.471582 134.000000 0.303855 
0.468510 136.000000 0.308390 
0.462366 140.000000 0.317460 
0.473118 133.000000 0.301587 
0.471582 134.000000 0.303855 
0.468510 136.000000 0.308390 
0.462366 140.000000 0.317460 
0.465438 138.000000 0.312925 
0.473118 133.000000 0.301587 
0.509985 109.000000 0.247166 
0.473118 133.000000 0.301587 
0.474654 132.000000 0.299320 
0.468510 136.000000 0.308390 
0.476190 131.000000 0.297052 
0.451613 147.000000 0.333333 
0.466974 137.000000 0.310658 
0.465438 138.000000 0.312925 
0.457757 143.000000 0.324263 
0.471582 134.000000 0.303855 
0.465438 138.000000 0.312925 
0.476190 131.000000 0.297052 
0.479263 129.000000 0.292517 
0.474654 132.000000 0.299320 
0.506912 111.000000 0.251701 
0.453149 146.000000 0.331066 
0.471582 134.000000 0.303855 
0.483871 126.000000 0.285714 
0.486943 124.000000 0.281179 
0.482335 127.000000 0.287982 
0.473118 133.000000 0.301587 
0.465438 138.000000 0.312925 
0.491551 121.000000 0.274376 
0.477727 130.000000 0.294785 
0.480799 128.000000 0.290249 
0.482335 127.000000 0.287982 
0.474654 132.000000 0.299320 
0.480799 128.000000 0.290249 
0.479263 129.000000 0.292517 
0.483871 126.000000 0.285714 
0.459293 142.000000 0.321995 
0.466974 137.000000 0.310658 
0.474654 132.000000 0.299320 
0.483871 126.000000 0.285714 
0.471582 134.000000 0.303855 
0.485407 125.000000 0.283447 
0.488479 123.000000 0.278912 
0.479263 129.000000 0.292517 
0.471582 134.000000 0.303855 
0.483871 126.000000 0.285714 
0.468510 136.000000 0.308390 
0.471582 134.000000 0.303855 
0.474654 132.000000 0.299320 
0.474654 132.000000 0.299320 
0.470046 135.000000 0.306122 
0.477727 130.000000 0.294785 
0.480799 128.000000 0.290249 
0.466974 137.000000 0.310658 
0.476190 131.000000 0.297052 
0.453149 146.000000 0.331066 
0.468510 136.000000 0.308390 
0.474654 132.000000 0.299320 
0.476190 131.000000 0.297052 
0.465438 138.000000 0.312925 
0.485407 125.000000 0.283447 
0.473118 133.000000 0.301587 
0.482335 127.000000 0.287982 
0.482335 127.000000 0.287982 
0.480799 128.000000 0.290249 
0.476190 131.000000 0.297052 
0.462366 140.000000 0.317460 
0.479263 129.000000 0.292517 
0.466974 137.000000 0.310658 
0.485407 125.000000 0.283447 
0.476190 131.000000 0.297052 
0.479263 129.000000 0.292517 
0.480799 128.000000 0.290249 
0.490015 122.000000 0.276644 
0.491551 121.000000 0.274376 
0.483871 126.000000 0.285714 
0.465438 138.000000 0.312925 
0.466974 137.000000 0.310658 
0.466974 137.000000 0.310658 
0.473118 133.000000 0.301587 
0.480799 128.000000 0.290249 
0.491551 121.000000 0.274376 
0.486943 124.000000 0.281179 
0.476190 131.000000 0.297052 
0.485407 125.000000 0.283447 
0.474654 132.000000 0.299320 
0.468510 136.000000 0.308390 
0.479263 129.000000 0.292517 
0.451613 147.000000 0.333333 
0.468510 136.000000 0.308390 
0.476190 131.000000 0.297052 
0.468510 136.000000 0.308390 
0.486943 124.000000 0.281179 
0.486943 124.000000 0.281179 
0.494624 119.000000 0.269841 
0.483871 126.000000 0.285714 
0.485407 125.000000 0.283447 
0.456221 144.000000 0.326531 
0.483871 126.000000 0.285714 
0.485407 125.000000 0.283447 
0.465438 138.000000 0.312925 
0.476190 131.000000 0.297052 
0.477727 130.000000 0.294785 
0.474654 132.000000 0.299320 
0.470046 135.000000 0.306122 
0.466974 137.000000 0.310658 
0.471582 134.000000 0.303855 
0.494624 119.000000 0.269841 
0.479263 129.000000 0.292517 
0.470046 135.000000 0.306122 
0.491551 121.000000 0.274376 
0.482335 127.000000 0.287982 
0.480799 128.000000 0.290249 
0.493088 120.000000 0.272109 
0.479263 129.000000 0.292517 
0.468510 136.000000 0.308390 
0.480799 128.000000 0.290249 
0.471582 134.000000 0.303855 
0.474654 132.000000 0.299320 
0.482335 127.000000 0.287982 
0.476190 131.000000 0.297052 
0.471582 134.000000 0.303855 
0.485407 125.000000 0.283447 
0.491551 121.000000 0.274376 
0.483871 126.000000 0.285714 
0.479263 129.000000 0.292517 
0.483871 126.000000 0.285714 
0.482335 127.000000 0.287982 
0.471582 134.000000 0.303855 
0.465438 138.000000 0.312925 
0.477727 130.000000 0.294785 
0.485407 125.000000 0.283447 
0.471582 134.000000 0.303855 
0.460829 141.000000 0.319728 
0.471582 134.000000 0.303855 
0.483871 126.000000 0.285714 
0.471582 134.000000 0.303855 
0.477727 130.000000 0.294785 
0.480799 128.000000 0.290249 
0.482335 127.000000 0.287982 
0.483871 126.000000 0.285714 
0.485407 125.000000 0.283447 
0.474654 132.000000 0.299320 
0.474654 132.000000 0.299320 
0.480799 128.000000 0.290249 
0.463902 139.000000 0.315193 
0.483871 126.000000 0.285714 
0.477727 130.000000 0.294785 
0.476190 131.000000 0.297052 
0.477727 130.000000 0.294785 
0.490015 122.000000 0.276644 
0.471582 134.000000 0.303855 
0.462366 140.000000 0.317460 
0.483871 126.000000 0.285714 
0.468510 136.000000 0.308390 
0.477727 130.000000 0.294785 
0.485407 125.000000 0.283447 
0.494624 119.000000 0.269841 
0.473118 133.000000 0.301587 
0.471582 134.000000 0.303855 
0.470046 135.000000 0.306122 
0.477727 130.000000 0.294785 
0.493088 120.000000 0.272109 
0.470046 135.000000 0.306122 
0.463902 139.000000 0.315193 
0.485407 125.000000 0.283447 
0.474654 132.000000 0.299320 
0.470046 135.000000 0.306122 
0.462366 140.000000 0.317460 
0.468510 136.000000 0.308390 
0.473118 133.000000 0.301587 
0.479263 129.000000 0.292517 
0.474654 132.000000 0.299320 
0.483871 126.000000 0.285714 
0.460829 141.000000 0.319728 
0.479263 129.000000 0.292517 
0.457757 143.000000 0.324263 
0.473118 133.000000 0.301587 
0.470046 135.000000 0.306122 
0.465438 138.000000 0.312925 
0.476190 131.000000 0.297052 
0.466974 137.000000 0.310658 
0.490015 122.000000 0.276644 
0.476190 131.000000 0.297052 
0.474654 132.000000 0.299320 
0.466974 137.000000 0.310658 
0.474654 132.000000 0.299320 
0.490015 122.000000 0.276644 
0.476190 131.000000 0.297052 
0.477727 130.000000 0.294785 
0.471582 134.000000 0.303855 
0.480799 128.000000 0.290249 
0.497696 117.000000 0.265306 
0.474654 132.000000 0.299320 
0.473118 133.000000 0.301587 
0.477727 130.000000 0.294785 
0.476190 131.000000 0.297052 
0.482335 127.000000 0.287982 
0.471582 134.000000 0.303855 
0.485407 125.000000 0.283447 
0.480799 128.000000 0.290249 
