0.654118 722.000000 0.302092 
0.652549 726.000000 0.303766 
0.650588 731.000000 0.305858 
0.655294 719.000000 0.300837 
0.650588 731.000000 0.305858 
0.656471 716.000000 0.299582 
0.654118 722.000000 0.302092 
0.656863 715.000000 0.299163 
0.657647 713.000000 0.298326 
0.651373 729.000000 0.305021 
0.655294 719.000000 0.300837 
0.656863 715.000000 0.299163 
0.654510 721.000000 0.301674 
0.656078 717.000000 0.300000 
0.658431 711.000000 0.297490 
0.657647 713.000000 0.298326 
0.653333 724.000000 0.302929 
0.658431 711.000000 0.297490 
0.654510 721.000000 0.301674 
0.652549 726.000000 0.303766 
0.651765 728.000000 0.304603 
0.659216 709.000000 0.296653 
0.655686 718.000000 0.300418 
0.656078 717.000000 0.300000 
0.659216 709.000000 0.296653 
0.654902 720.000000 0.301255 
0.650980 730.000000 0.305439 
0.652157 727.000000 0.304184 
0.653333 724.000000 0.302929 
0.654902 720.000000 0.301255 
0.657255 714.000000 0.298745 
0.653333 724.000000 0.302929 
0.658039 712.000000 0.297908 
0.654902 720.000000 0.301255 
0.656471 716.000000 0.299582 
0.654510 721.000000 0.301674 
0.650196 732.000000 0.306276 
0.657647 713.000000 0.298326 
0.656471 716.000000 0.299582 
0.655294 719.000000 0.300837 
0.652941 725.000000 0.303347 
0.648235 737.000000 0.308368 
0.654902 720.000000 0.301255 
0.650980 730.000000 0.305439 
0.655294 719.000000 0.300837 
0.656078 717.000000 0.300000 
0.650980 730.000000 0.305439 
0.656078 717.000000 0.300000 
0.656078 717.000000 0.300000 
0.657255 714.000000 0.298745 
0.652157 727.000000 0.304184 
0.654118 722.000000 0.302092 
0.662745 700.000000 0.292887 
0.657647 713.000000 0.298326 
0.653333 724.000000 0.302929 
0.651373 729.000000 0.305021 
0.656863 715.000000 0.299163 
0.652941 725.000000 0.303347 
0.652157 727.000000 0.304184 
0.654118 722.000000 0.302092 
0.654510 721.000000 0.301674 
0.652941 725.000000 0.303347 
0.654902 720.000000 0.301255 
0.653333 724.000000 0.302929 
0.652549 726.000000 0.303766 
0.659608 708.000000 0.296234 
0.652549 726.000000 0.303766 
0.655686 718.000000 0.300418 
0.658039 712.000000 0.297908 
0.654118 722.000000 0.302092 
0.657647 713.000000 0.298326 
0.651765 728.000000 0.304603 
0.653725 723.000000 0.302510 
0.656078 717.000000 0.300000 
0.654510 721.000000 0.301674 
0.657647 713.000000 0.298326 
0.652549 726.000000 0.303766 
0.650196 732.000000 0.306276 
0.652549 726.000000 0.303766 
0.652549 726.000000 0.303766 
0.654902 720.000000 0.301255 
0.653333 724.000000 0.302929 
0.654902 720.000000 0.301255 
0.654510 721.000000 0.301674 
0.654902 720.000000 0.301255 
0.655686 718.000000 0.300418 
0.654902 720.000000 0.301255 
0.652549 726.000000 0.303766 
0.652941 725.000000 0.303347 
0.654902 720.000000 0.301255 
0.654510 721.000000 0.301674 
0.652549 726.000000 0.303766 
0.652549 726.000000 0.303766 
0.652941 725.000000 0.303347 
0.654510 721.000000 0.301674 
0.660000 707.000000 0.295816 
0.658431 711.000000 0.297490 
0.654510 721.000000 0.301674 
0.650980 730.000000 0.305439 
0.656471 716.000000 0.299582 
0.649804 733.000000 0.306695 
0.646667 741.000000 0.310042 
0.654902 720.000000 0.301255 
0.656078 717.000000 0.300000 
0.650588 731.000000 0.305858 
0.655294 719.000000 0.300837 
0.654510 721.000000 0.301674 
0.656863 715.000000 0.299163 
0.656471 716.000000 0.299582 
0.654118 722.000000 0.302092 
0.654902 720.000000 0.301255 
0.658039 712.000000 0.297908 
0.651765 728.000000 0.304603 
0.656863 715.000000 0.299163 
0.649412 734.000000 0.307113 
0.659608 708.000000 0.296234 
0.653333 724.000000 0.302929 
0.658824 710.000000 0.297071 
0.649020 735.000000 0.307531 
0.657255 714.000000 0.298745 
0.654902 720.000000 0.301255 
0.659216 709.000000 0.296653 
0.655686 718.000000 0.300418 
0.653333 724.000000 0.302929 
0.655294 719.000000 0.300837 
0.653725 723.000000 0.302510 
0.654902 720.000000 0.301255 
0.650588 731.000000 0.305858 
0.652549 726.000000 0.303766 
0.652549 726.000000 0.303766 
0.656863 715.000000 0.299163 
0.658039 712.000000 0.297908 
0.654510 721.000000 0.301674 
0.654118 722.000000 0.302092 
0.656471 716.000000 0.299582 
0.657647 713.000000 0.298326 
0.651373 729.000000 0.305021 
0.654510 721.000000 0.301674 
0.653333 724.000000 0.302929 
0.657255 714.000000 0.298745 
0.656078 717.000000 0.300000 
0.654902 720.000000 0.301255 
0.658039 712.000000 0.297908 
0.653725 723.000000 0.302510 
0.654118 722.000000 0.302092 
0.652941 725.000000 0.303347 
0.656078 717.000000 0.300000 
0.652157 727.000000 0.304184 
0.652941 725.000000 0.303347 
0.656471 716.000000 0.299582 
0.653725 723.000000 0.302510 
0.658824 710.000000 0.297071 
0.654118 722.000000 0.302092 
0.658824 710.000000 0.297071 
0.653333 724.000000 0.302929 
0.658824 710.000000 0.297071 
0.654902 720.000000 0.301255 
0.652157 727.000000 0.304184 
0.650980 730.000000 0.305439 
0.657255 714.000000 0.298745 
0.658824 710.000000 0.297071 
0.654902 720.000000 0.301255 
0.656863 715.000000 0.299163 
0.653725 723.000000 0.302510 
0.655686 718.000000 0.300418 
0.652157 727.000000 0.304184 
0.649804 733.000000 0.306695 
0.650980 730.000000 0.305439 
0.654510 721.000000 0.301674 
0.653725 723.000000 0.302510 
0.650196 732.000000 0.306276 
0.654902 720.000000 0.301255 
0.653333 724.000000 0.302929 
0.652157 727.000000 0.304184 
0.652941 725.000000 0.303347 
0.656078 717.000000 0.300000 
0.649804 733.000000 0.306695 
0.652157 727.000000 0.304184 
0.653725 723.000000 0.302510 
0.652157 727.000000 0.304184 
0.652941 725.000000 0.303347 
0.656078 717.000000 0.300000 
0.651765 728.000000 0.304603 
0.653725 723.000000 0.302510 
0.657647 713.000000 0.298326 
0.654510 721.000000 0.301674 
0.652157 727.000000 0.304184 
0.650980 730.000000 0.305439 
0.652549 726.000000 0.303766 
0.655686 718.000000 0.300418 
0.653333 724.000000 0.302929 
0.652157 727.000000 0.304184 
0.646667 741.000000 0.310042 
0.654118 722.000000 0.302092 
0.656863 715.000000 0.299163 
0.660000 707.000000 0.295816 
0.656078 717.000000 0.300000 
0.653725 723.000000 0.302510 
0.657255 714.000000 0.298745 
0.660392 706.000000 0.295397 
0.653333 724.000000 0.302929 
0.656863 715.000000 0.299163 
0.658431 711.000000 0.297490 
0.655686 718.000000 0.300418 
0.657255 714.000000 0.298745 
0.656863 715.000000 0.299163 
0.651765 728.000000 0.304603 
0.651765 728.000000 0.304603 
0.652157 727.000000 0.304184 
0.658824 710.000000 0.297071 
0.656471 716.000000 0.299582 
0.653725 723.000000 0.302510 
0.655686 718.000000 0.300418 
0.650588 731.000000 0.305858 
0.656078 717.000000 0.300000 
0.654902 720.000000 0.301255 
0.656471 716.000000 0.299582 
0.650980 730.000000 0.305439 
0.651373 729.000000 0.305021 
0.655294 719.000000 0.300837 
0.652941 725.000000 0.303347 
0.654902 720.000000 0.301255 
0.659216 709.000000 0.296653 
0.661961 702.000000 0.293724 
0.654118 722.000000 0.302092 
0.652941 725.000000 0.303347 
0.657647 713.000000 0.298326 
0.656471 716.000000 0.299582 
0.652157 727.000000 0.304184 
0.654902 720.000000 0.301255 
0.655686 718.000000 0.300418 
0.654510 721.000000 0.301674 
0.652941 725.000000 0.303347 
0.658824 710.000000 0.297071 
0.654902 720.000000 0.301255 
0.655294 719.000000 0.300837 
0.651373 729.000000 0.305021 
0.654902 720.000000 0.301255 
0.656863 715.000000 0.299163 
0.655294 719.000000 0.300837 
0.653725 723.000000 0.302510 
0.652157 727.000000 0.304184 
0.658824 710.000000 0.297071 
0.649412 734.000000 0.307113 
0.648627 736.000000 0.307950 
0.654902 720.000000 0.301255 
0.652549 726.000000 0.303766 
0.656078 717.000000 0.300000 
0.654510 721.000000 0.301674 
0.656863 715.000000 0.299163 
0.654902 720.000000 0.301255 
0.657255 714.000000 0.298745 
0.653725 723.000000 0.302510 
0.650980 730.000000 0.305439 
0.654118 722.000000 0.302092 
0.655686 718.000000 0.300418 
0.655686 718.000000 0.300418 
0.660784 705.000000 0.294979 
0.656078 717.000000 0.300000 
0.656471 716.000000 0.299582 
0.653333 724.000000 0.302929 
0.655294 719.000000 0.300837 
0.654902 720.000000 0.301255 
0.653725 723.000000 0.302510 
0.659216 709.000000 0.296653 
0.650980 730.000000 0.305439 
0.655686 718.000000 0.300418 
0.653333 724.000000 0.302929 
0.650588 731.000000 0.305858 
0.649020 735.000000 0.307531 
0.652549 726.000000 0.303766 
0.655686 718.000000 0.300418 
0.649804 733.000000 0.306695 
0.653333 724.000000 0.302929 
0.655686 718.000000 0.300418 
0.654902 720.000000 0.301255 
0.652157 727.000000 0.304184 
0.653725 723.000000 0.302510 
0.654510 721.000000 0.301674 
0.653725 723.000000 0.302510 
0.654902 720.000000 0.301255 
0.652549 726.000000 0.303766 
0.652549 726.000000 0.303766 
0.658431 711.000000 0.297490 
0.653725 723.000000 0.302510 
0.655686 718.000000 0.300418 
0.657255 714.000000 0.298745 
0.654902 720.000000 0.301255 
0.656078 717.000000 0.300000 
0.652941 725.000000 0.303347 
0.656863 715.000000 0.299163 
0.654902 720.000000 0.301255 
0.658824 710.000000 0.297071 
0.655294 719.000000 0.300837 
0.652549 726.000000 0.303766 
0.658824 710.000000 0.297071 
0.653725 723.000000 0.302510 
0.655686 718.000000 0.300418 
0.657255 714.000000 0.298745 
0.655294 719.000000 0.300837 
0.650196 732.000000 0.306276 
0.655294 719.000000 0.300837 
0.652549 726.000000 0.303766 
0.654118 722.000000 0.302092 
0.658824 710.000000 0.297071 
0.655294 719.000000 0.300837 
0.656863 715.000000 0.299163 
0.654510 721.000000 0.301674 
0.657255 714.000000 0.298745 
0.655294 719.000000 0.300837 
0.652549 726.000000 0.303766 
0.658039 712.000000 0.297908 
0.654902 720.000000 0.301255 
0.656863 715.000000 0.299163 
0.652157 727.000000 0.304184 
0.655294 719.000000 0.300837 
0.648235 737.000000 0.308368 
0.656078 717.000000 0.300000 
0.656078 717.000000 0.300000 
0.652941 725.000000 0.303347 
0.653333 724.000000 0.302929 
0.654510 721.000000 0.301674 
0.652157 727.000000 0.304184 
0.658431 711.000000 0.297490 
0.652941 725.000000 0.303347 
0.651765 728.000000 0.304603 
0.650980 730.000000 0.305439 
0.656078 717.000000 0.300000 
0.656078 717.000000 0.300000 
0.654510 721.000000 0.301674 
0.652549 726.000000 0.303766 
0.656471 716.000000 0.299582 
0.654902 720.000000 0.301255 
0.648627 736.000000 0.307950 
0.654510 721.000000 0.301674 
0.658039 712.000000 0.297908 
0.651373 729.000000 0.305021 
0.659216 709.000000 0.296653 
0.659216 709.000000 0.296653 
0.657647 713.000000 0.298326 
0.659608 708.000000 0.296234 
0.652549 726.000000 0.303766 
0.656078 717.000000 0.300000 
0.656078 717.000000 0.300000 
0.658824 710.000000 0.297071 
0.656471 716.000000 0.299582 
0.652157 727.000000 0.304184 
0.652157 727.000000 0.304184 
0.654118 722.000000 0.302092 
0.655686 718.000000 0.300418 
0.654118 722.000000 0.302092 
0.654510 721.000000 0.301674 
0.652941 725.000000 0.303347 
0.658039 712.000000 0.297908 
0.652941 725.000000 0.303347 
0.649804 733.000000 0.306695 
0.650980 730.000000 0.305439 
0.658039 712.000000 0.297908 
0.652157 727.000000 0.304184 
0.652549 726.000000 0.303766 
0.652941 725.000000 0.303347 
0.656078 717.000000 0.300000 
0.654902 720.000000 0.301255 
0.656471 716.000000 0.299582 
0.655294 719.000000 0.300837 
0.656471 716.000000 0.299582 
0.649804 733.000000 0.306695 
0.652941 725.000000 0.303347 
0.652941 725.000000 0.303347 
0.653333 724.000000 0.302929 
0.650980 730.000000 0.305439 
0.652941 725.000000 0.303347 
0.649020 735.000000 0.307531 
0.651373 729.000000 0.305021 
0.653333 724.000000 0.302929 
0.651765 728.000000 0.304603 
0.660392 706.000000 0.295397 
0.654510 721.000000 0.301674 
0.654510 721.000000 0.301674 
0.652157 727.000000 0.304184 
0.657255 714.000000 0.298745 
0.652157 727.000000 0.304184 
0.649804 733.000000 0.306695 
0.659216 709.000000 0.296653 
0.652941 725.000000 0.303347 
0.655294 719.000000 0.300837 
0.651373 729.000000 0.305021 
0.654510 721.000000 0.301674 
0.654510 721.000000 0.301674 
0.656471 716.000000 0.299582 
0.652549 726.000000 0.303766 
0.654902 720.000000 0.301255 
0.652549 726.000000 0.303766 
0.654510 721.000000 0.301674 
0.652941 725.000000 0.303347 
0.658039 712.000000 0.297908 
0.654510 721.000000 0.301674 
0.655686 718.000000 0.300418 
0.650980 730.000000 0.305439 
0.650980 730.000000 0.305439 
0.659216 709.000000 0.296653 
0.651765 728.000000 0.304603 
0.654510 721.000000 0.301674 
0.654118 722.000000 0.302092 
0.654510 721.000000 0.301674 
0.653725 723.000000 0.302510 
0.651373 729.000000 0.305021 
0.657255 714.000000 0.298745 
0.654118 722.000000 0.302092 
0.656078 717.000000 0.300000 
0.654118 722.000000 0.302092 
0.658824 710.000000 0.297071 
0.656471 716.000000 0.299582 
0.654118 722.000000 0.302092 
0.656078 717.000000 0.300000 
0.654118 722.000000 0.302092 
0.653333 724.000000 0.302929 
0.650588 731.000000 0.305858 
0.655686 718.000000 0.300418 
0.653725 723.000000 0.302510 
0.658431 711.000000 0.297490 
0.653725 723.000000 0.302510 
0.650980 730.000000 0.305439 
0.650980 730.000000 0.305439 
0.655294 719.000000 0.300837 
0.654118 722.000000 0.302092 
0.652549 726.000000 0.303766 
0.659608 708.000000 0.296234 
0.654118 722.000000 0.302092 
0.654902 720.000000 0.301255 
0.652549 726.000000 0.303766 
0.653333 724.000000 0.302929 
0.657647 713.000000 0.298326 
0.655686 718.000000 0.300418 
0.652941 725.000000 0.303347 
0.654902 720.000000 0.301255 
0.654510 721.000000 0.301674 
0.654118 722.000000 0.302092 
0.655686 718.000000 0.300418 
0.656863 715.000000 0.299163 
0.656471 716.000000 0.299582 
0.660784 705.000000 0.294979 
0.652941 725.000000 0.303347 
0.655686 718.000000 0.300418 
0.655294 719.000000 0.300837 
0.652549 726.000000 0.303766 
0.655686 718.000000 0.300418 
0.654510 721.000000 0.301674 
0.653333 724.000000 0.302929 
0.658039 712.000000 0.297908 
0.654902 720.000000 0.301255 
0.655294 719.000000 0.300837 
0.649412 734.000000 0.307113 
0.656078 717.000000 0.300000 
0.653725 723.000000 0.302510 
0.658824 710.000000 0.297071 
0.650588 731.000000 0.305858 
0.652941 725.000000 0.303347 
0.657255 714.000000 0.298745 
0.653725 723.000000 0.302510 
0.660000 707.000000 0.295816 
0.654118 722.000000 0.302092 
0.650588 731.000000 0.305858 
0.653333 724.000000 0.302929 
0.654902 720.000000 0.301255 
0.654902 720.000000 0.301255 
0.655294 719.000000 0.300837 
0.658431 711.000000 0.297490 
0.651373 729.000000 0.305021 
0.656863 715.000000 0.299163 
0.651373 729.000000 0.305021 
0.656863 715.000000 0.299163 
0.654118 722.000000 0.302092 
0.654902 720.000000 0.301255 
0.654510 721.000000 0.301674 
0.653333 724.000000 0.302929 
0.656863 715.000000 0.299163 
0.653725 723.000000 0.302510 
0.659608 708.000000 0.296234 
0.654118 722.000000 0.302092 
0.655294 719.000000 0.300837 
0.655294 719.000000 0.300837 
0.654902 720.000000 0.301255 
0.655294 719.000000 0.300837 
0.656863 715.000000 0.299163 
0.653725 723.000000 0.302510 
0.653333 724.000000 0.302929 
0.651765 728.000000 0.304603 
0.650588 731.000000 0.305858 
0.654118 722.000000 0.302092 
0.656078 717.000000 0.300000 
0.653725 723.000000 0.302510 
0.650588 731.000000 0.305858 
0.653333 724.000000 0.302929 
0.656078 717.000000 0.300000 
0.658431 711.000000 0.297490 
0.654902 720.000000 0.301255 
0.651373 729.000000 0.305021 
0.655686 718.000000 0.300418 
0.652157 727.000000 0.304184 
0.651765 728.000000 0.304603 
0.656078 717.000000 0.300000 
0.655686 718.000000 0.300418 
0.656863 715.000000 0.299163 
0.653725 723.000000 0.302510 
0.654510 721.000000 0.301674 
0.656078 717.000000 0.300000 
0.654510 721.000000 0.301674 
0.656078 717.000000 0.300000 
0.655294 719.000000 0.300837 
0.651373 729.000000 0.305021 
0.656863 715.000000 0.299163 
0.652941 725.000000 0.303347 
0.652157 727.000000 0.304184 
0.651373 729.000000 0.305021 
0.655294 719.000000 0.300837 
0.652549 726.000000 0.303766 
0.651765 728.000000 0.304603 
0.654510 721.000000 0.301674 
0.657647 713.000000 0.298326 
0.658039 712.000000 0.297908 
0.658431 711.000000 0.297490 
0.652941 725.000000 0.303347 
0.655294 719.000000 0.300837 
0.654902 720.000000 0.301255 
0.653725 723.000000 0.302510 
0.653725 723.000000 0.302510 
0.656471 716.000000 0.299582 
0.653333 724.000000 0.302929 
0.656863 715.000000 0.299163 
0.656863 715.000000 0.299163 
0.658431 711.000000 0.297490 
0.654118 722.000000 0.302092 
0.655686 718.000000 0.300418 
0.651373 729.000000 0.305021 
0.656471 716.000000 0.299582 
0.652941 725.000000 0.303347 
0.652549 726.000000 0.303766 
0.652941 725.000000 0.303347 
0.658039 712.000000 0.297908 
0.654902 720.000000 0.301255 
0.656078 717.000000 0.300000 
0.653725 723.000000 0.302510 
0.653725 723.000000 0.302510 
0.656863 715.000000 0.299163 
0.651765 728.000000 0.304603 
0.654902 720.000000 0.301255 
0.653333 724.000000 0.302929 
0.656078 717.000000 0.300000 
0.656078 717.000000 0.300000 
0.659216 709.000000 0.296653 
0.652157 727.000000 0.304184 
0.651373 729.000000 0.305021 
0.658824 710.000000 0.297071 
0.656863 715.000000 0.299163 
0.655294 719.000000 0.300837 
0.652941 725.000000 0.303347 
0.658431 711.000000 0.297490 
0.654902 720.000000 0.301255 
0.651765 728.000000 0.304603 
0.651765 728.000000 0.304603 
0.657255 714.000000 0.298745 
0.654510 721.000000 0.301674 
0.655686 718.000000 0.300418 
0.653333 724.000000 0.302929 
0.653333 724.000000 0.302929 
0.656078 717.000000 0.300000 
0.657647 713.000000 0.298326 
0.656471 716.000000 0.299582 
0.656078 717.000000 0.300000 
0.656863 715.000000 0.299163 
0.654902 720.000000 0.301255 
0.651373 729.000000 0.305021 
0.649804 733.000000 0.306695 
0.651373 729.000000 0.305021 
0.651765 728.000000 0.304603 
0.655686 718.000000 0.300418 
0.648627 736.000000 0.307950 
0.654902 720.000000 0.301255 
0.656078 717.000000 0.300000 
0.653725 723.000000 0.302510 
0.658824 710.000000 0.297071 
0.656471 716.000000 0.299582 
0.658039 712.000000 0.297908 
0.656863 715.000000 0.299163 
0.656471 716.000000 0.299582 
0.652549 726.000000 0.303766 
0.655294 719.000000 0.300837 
0.652941 725.000000 0.303347 
0.654902 720.000000 0.301255 
0.656078 717.000000 0.300000 
0.655294 719.000000 0.300837 
0.651373 729.000000 0.305021 
0.655294 719.000000 0.300837 
0.656863 715.000000 0.299163 
0.650980 730.000000 0.305439 
0.652157 727.000000 0.304184 
0.657255 714.000000 0.298745 
0.656863 715.000000 0.299163 
0.654510 721.000000 0.301674 
0.654510 721.000000 0.301674 
0.654902 720.000000 0.301255 
0.655686 718.000000 0.300418 
0.655686 718.000000 0.300418 
0.657255 714.000000 0.298745 
0.656863 715.000000 0.299163 
0.655294 719.000000 0.300837 
0.652549 726.000000 0.303766 
0.650196 732.000000 0.306276 
0.656863 715.000000 0.299163 
0.654902 720.000000 0.301255 
0.658824 710.000000 0.297071 
0.652941 725.000000 0.303347 
0.654510 721.000000 0.301674 
0.654902 720.000000 0.301255 
0.656078 717.000000 0.300000 
0.653725 723.000000 0.302510 
0.660000 707.000000 0.295816 
0.661176 704.000000 0.294561 
0.655686 718.000000 0.300418 
0.655294 719.000000 0.300837 
0.655686 718.000000 0.300418 
0.655686 718.000000 0.300418 
0.656863 715.000000 0.299163 
0.657255 714.000000 0.298745 
0.654902 720.000000 0.301255 
0.657647 713.000000 0.298326 
0.654510 721.000000 0.301674 
0.655294 719.000000 0.300837 
0.660000 707.000000 0.295816 
0.656863 715.000000 0.299163 
0.653725 723.000000 0.302510 
0.654118 722.000000 0.302092 
0.657255 714.000000 0.298745 
0.658824 710.000000 0.297071 
0.654118 722.000000 0.302092 
0.661569 703.000000 0.294142 
0.654510 721.000000 0.301674 
0.655294 719.000000 0.300837 
0.650980 730.000000 0.305439 
0.655294 719.000000 0.300837 
0.657255 714.000000 0.298745 
0.657647 713.000000 0.298326 
0.653725 723.000000 0.302510 
0.651373 729.000000 0.305021 
0.653333 724.000000 0.302929 
0.652157 727.000000 0.304184 
0.655686 718.000000 0.300418 
0.655686 718.000000 0.300418 
0.650980 730.000000 0.305439 
0.656863 715.000000 0.299163 
0.656471 716.000000 0.299582 
0.657647 713.000000 0.298326 
0.656471 716.000000 0.299582 
0.653333 724.000000 0.302929 
0.652157 727.000000 0.304184 
0.652549 726.000000 0.303766 
0.654510 721.000000 0.301674 
0.655294 719.000000 0.300837 
0.653725 723.000000 0.302510 
0.654510 721.000000 0.301674 
0.657255 714.000000 0.298745 
0.656471 716.000000 0.299582 
0.653333 724.000000 0.302929 
0.654902 720.000000 0.301255 
0.652549 726.000000 0.303766 
0.654118 722.000000 0.302092 
0.654510 721.000000 0.301674 
0.653333 724.000000 0.302929 
0.654902 720.000000 0.301255 
0.654902 720.000000 0.301255 
0.655294 719.000000 0.300837 
0.652941 725.000000 0.303347 
0.653725 723.000000 0.302510 
0.655686 718.000000 0.300418 
0.654510 721.000000 0.301674 
0.655686 718.000000 0.300418 
0.656863 715.000000 0.299163 
0.652549 726.000000 0.303766 
0.654118 722.000000 0.302092 
0.659216 709.000000 0.296653 
0.653725 723.000000 0.302510 
0.653333 724.000000 0.302929 
0.654118 722.000000 0.302092 
0.651765 728.000000 0.304603 
0.654118 722.000000 0.302092 
0.653725 723.000000 0.302510 
0.654902 720.000000 0.301255 
0.656078 717.000000 0.300000 
0.652941 725.000000 0.303347 
0.656471 716.000000 0.299582 
0.656863 715.000000 0.299163 
0.658824 710.000000 0.297071 
0.657255 714.000000 0.298745 
0.652549 726.000000 0.303766 
0.653333 724.000000 0.302929 
0.655686 718.000000 0.300418 
0.652157 727.000000 0.304184 
0.654902 720.000000 0.301255 
0.654510 721.000000 0.301674 
0.651373 729.000000 0.305021 
0.655294 719.000000 0.300837 
0.657255 714.000000 0.298745 
0.656471 716.000000 0.299582 
0.658431 711.000000 0.297490 
0.650980 730.000000 0.305439 
0.656863 715.000000 0.299163 
0.654510 721.000000 0.301674 
0.650588 731.000000 0.305858 
0.654902 720.000000 0.301255 
0.651373 729.000000 0.305021 
0.653725 723.000000 0.302510 
0.655294 719.000000 0.300837 
0.652157 727.000000 0.304184 
0.652549 726.000000 0.303766 
0.652157 727.000000 0.304184 
0.654510 721.000000 0.301674 
0.652941 725.000000 0.303347 
0.657647 713.000000 0.298326 
0.657255 714.000000 0.298745 
0.655294 719.000000 0.300837 
0.652549 726.000000 0.303766 
0.654902 720.000000 0.301255 
0.653333 724.000000 0.302929 
0.658824 710.000000 0.297071 
0.650980 730.000000 0.305439 
0.651373 729.000000 0.305021 
0.657255 714.000000 0.298745 
0.654902 720.000000 0.301255 
0.655294 719.000000 0.300837 
0.655686 718.000000 0.300418 
0.656863 715.000000 0.299163 
0.654118 722.000000 0.302092 
0.653333 724.000000 0.302929 
0.653725 723.000000 0.302510 
0.650980 730.000000 0.305439 
0.653725 723.000000 0.302510 
0.662353 701.000000 0.293305 
0.655294 719.000000 0.300837 
0.653333 724.000000 0.302929 
0.655686 718.000000 0.300418 
0.656078 717.000000 0.300000 
0.655294 719.000000 0.300837 
0.655294 719.000000 0.300837 
0.652549 726.000000 0.303766 
0.654902 720.000000 0.301255 
0.657255 714.000000 0.298745 
0.653333 724.000000 0.302929 
0.654118 722.000000 0.302092 
0.653333 724.000000 0.302929 
0.654510 721.000000 0.301674 
0.655686 718.000000 0.300418 
0.654510 721.000000 0.301674 
0.657255 714.000000 0.298745 
0.653725 723.000000 0.302510 
0.654902 720.000000 0.301255 
0.650980 730.000000 0.305439 
0.652157 727.000000 0.304184 
0.654902 720.000000 0.301255 
0.655686 718.000000 0.300418 
0.653333 724.000000 0.302929 
0.656863 715.000000 0.299163 
0.654118 722.000000 0.302092 
0.653333 724.000000 0.302929 
0.653333 724.000000 0.302929 
0.654902 720.000000 0.301255 
0.652549 726.000000 0.303766 
0.653725 723.000000 0.302510 
0.652157 727.000000 0.304184 
0.655294 719.000000 0.300837 
0.650196 732.000000 0.306276 
0.654118 722.000000 0.302092 
0.658039 712.000000 0.297908 
0.653725 723.000000 0.302510 
0.654902 720.000000 0.301255 
0.659216 709.000000 0.296653 
0.661176 704.000000 0.294561 
0.654902 720.000000 0.301255 
0.653725 723.000000 0.302510 
0.656863 715.000000 0.299163 
0.657255 714.000000 0.298745 
0.658039 712.000000 0.297908 
0.658431 711.000000 0.297490 
0.659216 709.000000 0.296653 
0.647059 740.000000 0.309623 
0.660392 706.000000 0.295397 
0.654118 722.000000 0.302092 
0.657647 713.000000 0.298326 
0.659216 709.000000 0.296653 
0.656863 715.000000 0.299163 
0.656863 715.000000 0.299163 
0.653725 723.000000 0.302510 
0.650980 730.000000 0.305439 
0.653725 723.000000 0.302510 
0.653333 724.000000 0.302929 
0.656471 716.000000 0.299582 
0.656471 716.000000 0.299582 
0.654902 720.000000 0.301255 
0.656863 715.000000 0.299163 
0.657255 714.000000 0.298745 
0.653725 723.000000 0.302510 
0.654510 721.000000 0.301674 
0.654510 721.000000 0.301674 
0.655686 718.000000 0.300418 
0.654118 722.000000 0.302092 
0.654510 721.000000 0.301674 
0.660000 707.000000 0.295816 
0.653725 723.000000 0.302510 
0.651765 728.000000 0.304603 
0.658431 711.000000 0.297490 
0.659608 708.000000 0.296234 
0.655686 718.000000 0.300418 
0.654902 720.000000 0.301255 
0.652941 725.000000 0.303347 
0.654510 721.000000 0.301674 
0.658431 711.000000 0.297490 
0.653333 724.000000 0.302929 
0.659216 709.000000 0.296653 
0.658431 711.000000 0.297490 
0.653725 723.000000 0.302510 
0.657255 714.000000 0.298745 
0.655686 718.000000 0.300418 
0.655686 718.000000 0.300418 
0.658824 710.000000 0.297071 
0.652549 726.000000 0.303766 
0.658824 710.000000 0.297071 
0.658431 711.000000 0.297490 
0.651765 728.000000 0.304603 
0.652941 725.000000 0.303347 
0.657255 714.000000 0.298745 
0.653725 723.000000 0.302510 
0.650196 732.000000 0.306276 
0.652549 726.000000 0.303766 
0.649412 734.000000 0.307113 
0.652941 725.000000 0.303347 
0.654510 721.000000 0.301674 
0.657647 713.000000 0.298326 
0.654902 720.000000 0.301255 
0.655294 719.000000 0.300837 
0.652941 725.000000 0.303347 
0.653333 724.000000 0.302929 
0.652549 726.000000 0.303766 
0.652549 726.000000 0.303766 
0.653725 723.000000 0.302510 
0.660000 707.000000 0.295816 
0.659608 708.000000 0.296234 
0.656863 715.000000 0.299163 
0.656471 716.000000 0.299582 
0.657647 713.000000 0.298326 
0.652941 725.000000 0.303347 
0.654902 720.000000 0.301255 
0.656078 717.000000 0.300000 
0.653725 723.000000 0.302510 
0.654510 721.000000 0.301674 
0.657647 713.000000 0.298326 
0.650588 731.000000 0.305858 
0.657255 714.000000 0.298745 
0.658039 712.000000 0.297908 
0.652549 726.000000 0.303766 
0.654118 722.000000 0.302092 
0.653333 724.000000 0.302929 
0.654510 721.000000 0.301674 
0.660784 705.000000 0.294979 
0.657647 713.000000 0.298326 
0.656863 715.000000 0.299163 
0.657647 713.000000 0.298326 
0.656078 717.000000 0.300000 
0.654118 722.000000 0.302092 
0.656471 716.000000 0.299582 
0.653333 724.000000 0.302929 
0.652157 727.000000 0.304184 
0.650196 732.000000 0.306276 
0.656863 715.000000 0.299163 
0.652941 725.000000 0.303347 
0.654118 722.000000 0.302092 
0.652157 727.000000 0.304184 
0.660784 705.000000 0.294979 
0.654118 722.000000 0.302092 
0.652941 725.000000 0.303347 
0.652157 727.000000 0.304184 
0.655686 718.000000 0.300418 
0.650980 730.000000 0.305439 
0.654118 722.000000 0.302092 
0.656078 717.000000 0.300000 
0.652549 726.000000 0.303766 
0.652157 727.000000 0.304184 
0.660000 707.000000 0.295816 
0.654510 721.000000 0.301674 
0.660392 706.000000 0.295397 
0.653333 724.000000 0.302929 
0.657647 713.000000 0.298326 
0.654118 722.000000 0.302092 
0.656078 717.000000 0.300000 
0.654510 721.000000 0.301674 
0.654510 721.000000 0.301674 
0.654902 720.000000 0.301255 
0.655686 718.000000 0.300418 
0.653333 724.000000 0.302929 
0.650196 732.000000 0.306276 
0.657255 714.000000 0.298745 
0.659216 709.000000 0.296653 
0.654510 721.000000 0.301674 
0.658039 712.000000 0.297908 
0.652549 726.000000 0.303766 
0.655686 718.000000 0.300418 
0.653333 724.000000 0.302929 
0.654902 720.000000 0.301255 
0.658039 712.000000 0.297908 
0.653333 724.000000 0.302929 
0.659608 708.000000 0.296234 
0.651765 728.000000 0.304603 
0.650980 730.000000 0.305439 
0.654510 721.000000 0.301674 
0.656078 717.000000 0.300000 
0.655294 719.000000 0.300837 
0.653725 723.000000 0.302510 
0.656471 716.000000 0.299582 
0.654510 721.000000 0.301674 
0.653333 724.000000 0.302929 
0.654510 721.000000 0.301674 
0.657255 714.000000 0.298745 
0.655686 718.000000 0.300418 
0.659608 708.000000 0.296234 
0.654118 722.000000 0.302092 
0.653333 724.000000 0.302929 
0.652549 726.000000 0.303766 
0.648235 737.000000 0.308368 
0.653725 723.000000 0.302510 
0.651373 729.000000 0.305021 
0.650196 732.000000 0.306276 
0.655686 718.000000 0.300418 
0.653725 723.000000 0.302510 
0.654902 720.000000 0.301255 
0.654510 721.000000 0.301674 
0.654902 720.000000 0.301255 
0.656078 717.000000 0.300000 
0.655686 718.000000 0.300418 
0.655294 719.000000 0.300837 
0.652157 727.000000 0.304184 
0.653333 724.000000 0.302929 
0.655294 719.000000 0.300837 
0.657647 713.000000 0.298326 
0.652549 726.000000 0.303766 
0.653333 724.000000 0.302929 
0.652941 725.000000 0.303347 
0.655294 719.000000 0.300837 
0.654510 721.000000 0.301674 
0.655686 718.000000 0.300418 
0.654902 720.000000 0.301255 
0.653333 724.000000 0.302929 
0.654510 721.000000 0.301674 
0.658039 712.000000 0.297908 
0.649412 734.000000 0.307113 
0.653333 724.000000 0.302929 
0.656471 716.000000 0.299582 
0.653333 724.000000 0.302929 
0.655686 718.000000 0.300418 
0.651373 729.000000 0.305021 
0.658431 711.000000 0.297490 
0.659216 709.000000 0.296653 
0.655294 719.000000 0.300837 
0.652549 726.000000 0.303766 
0.655686 718.000000 0.300418 
0.649020 735.000000 0.307531 
0.656863 715.000000 0.299163 
0.656078 717.000000 0.300000 
0.655686 718.000000 0.300418 
0.652157 727.000000 0.304184 
0.656471 716.000000 0.299582 
0.653725 723.000000 0.302510 
0.658039 712.000000 0.297908 
0.654902 720.000000 0.301255 
0.654902 720.000000 0.301255 
0.655686 718.000000 0.300418 
0.655686 718.000000 0.300418 
0.655686 718.000000 0.300418 
0.653333 724.000000 0.302929 
0.657255 714.000000 0.298745 
0.651765 728.000000 0.304603 
0.654510 721.000000 0.301674 
0.654118 722.000000 0.302092 
0.656078 717.000000 0.300000 
0.654902 720.000000 0.301255 
0.654902 720.000000 0.301255 
0.656471 716.000000 0.299582 
0.658039 712.000000 0.297908 
0.655294 719.000000 0.300837 
0.653333 724.000000 0.302929 
0.652549 726.000000 0.303766 
0.654510 721.000000 0.301674 
0.658039 712.000000 0.297908 
0.654118 722.000000 0.302092 
0.651765 728.000000 0.304603 
0.654118 722.000000 0.302092 
0.655294 719.000000 0.300837 
0.655686 718.000000 0.300418 
0.656471 716.000000 0.299582 
0.658039 712.000000 0.297908 
0.653725 723.000000 0.302510 
0.654510 721.000000 0.301674 
0.651373 729.000000 0.305021 
0.656863 715.000000 0.299163 
0.655686 718.000000 0.300418 
0.656863 715.000000 0.299163 
0.656471 716.000000 0.299582 
0.649412 734.000000 0.307113 
0.648627 736.000000 0.307950 
0.652549 726.000000 0.303766 
0.653725 723.000000 0.302510 
0.651373 729.000000 0.305021 
0.653725 723.000000 0.302510 
0.657647 713.000000 0.298326 
0.656863 715.000000 0.299163 
0.653725 723.000000 0.302510 
0.656471 716.000000 0.299582 
0.659216 709.000000 0.296653 
0.654510 721.000000 0.301674 
0.652941 725.000000 0.303347 
0.651765 728.000000 0.304603 
0.656078 717.000000 0.300000 
0.654118 722.000000 0.302092 
0.654902 720.000000 0.301255 
0.654510 721.000000 0.301674 
0.652941 725.000000 0.303347 
0.652941 725.000000 0.303347 
0.655294 719.000000 0.300837 
0.657255 714.000000 0.298745 
0.651765 728.000000 0.304603 
0.657647 713.000000 0.298326 
0.652157 727.000000 0.304184 
0.650196 732.000000 0.306276 
0.654510 721.000000 0.301674 
0.651373 729.000000 0.305021 
0.656078 717.000000 0.300000 
0.651373 729.000000 0.305021 
0.658431 711.000000 0.297490 
0.654510 721.000000 0.301674 
0.649412 734.000000 0.307113 
0.658824 710.000000 0.297071 
0.654902 720.000000 0.301255 
0.651765 728.000000 0.304603 
0.650980 730.000000 0.305439 
0.650196 732.000000 0.306276 
0.651373 729.000000 0.305021 
0.654510 721.000000 0.301674 
0.653725 723.000000 0.302510 
0.652941 725.000000 0.303347 
0.653725 723.000000 0.302510 
0.654510 721.000000 0.301674 
0.653333 724.000000 0.302929 
0.654902 720.000000 0.301255 
0.655686 718.000000 0.300418 
0.656863 715.000000 0.299163 
0.658824 710.000000 0.297071 
0.656078 717.000000 0.300000 
0.649412 734.000000 0.307113 
0.653333 724.000000 0.302929 
0.651373 729.000000 0.305021 
0.656078 717.000000 0.300000 
0.654510 721.000000 0.301674 
0.654902 720.000000 0.301255 
0.653725 723.000000 0.302510 
0.659608 708.000000 0.296234 
0.656078 717.000000 0.300000 
0.655294 719.000000 0.300837 
0.654902 720.000000 0.301255 
0.653725 723.000000 0.302510 
0.652157 727.000000 0.304184 
0.654118 722.000000 0.302092 
0.658039 712.000000 0.297908 
0.656471 716.000000 0.299582 
0.654118 722.000000 0.302092 
0.653333 724.000000 0.302929 
0.657647 713.000000 0.298326 
0.654902 720.000000 0.301255 
0.654510 721.000000 0.301674 
0.651373 729.000000 0.305021 
0.651765 728.000000 0.304603 
0.657647 713.000000 0.298326 
0.654902 720.000000 0.301255 
0.657255 714.000000 0.298745 
0.652941 725.000000 0.303347 
0.652941 725.000000 0.303347 
0.659608 708.000000 0.296234 
0.654510 721.000000 0.301674 
0.655686 718.000000 0.300418 
0.653333 724.000000 0.302929 
0.652549 726.000000 0.303766 
0.654902 720.000000 0.301255 
0.660392 706.000000 0.295397 
0.652941 725.000000 0.303347 
0.650980 730.000000 0.305439 
0.657647 713.000000 0.298326 
0.656863 715.000000 0.299163 
0.655294 719.000000 0.300837 
0.652549 726.000000 0.303766 
0.656471 716.000000 0.299582 
0.653333 724.000000 0.302929 
0.655686 718.000000 0.300418 
0.651765 728.000000 0.304603 
0.653333 724.000000 0.302929 
0.653333 724.000000 0.302929 
0.655686 718.000000 0.300418 
0.654902 720.000000 0.301255 
0.660000 707.000000 0.295816 
0.658039 712.000000 0.297908 
0.659608 708.000000 0.296234 
0.654510 721.000000 0.301674 
0.653725 723.000000 0.302510 
0.654510 721.000000 0.301674 
0.654118 722.000000 0.302092 
0.652157 727.000000 0.304184 
0.651373 729.000000 0.305021 
0.656078 717.000000 0.300000 
0.656471 716.000000 0.299582 
0.652941 725.000000 0.303347 
0.652549 726.000000 0.303766 
0.653333 724.000000 0.302929 
0.654510 721.000000 0.301674 
0.652941 725.000000 0.303347 
0.656078 717.000000 0.300000 
0.656471 716.000000 0.299582 
0.657255 714.000000 0.298745 
0.656471 716.000000 0.299582 
0.652941 725.000000 0.303347 
0.655686 718.000000 0.300418 
0.656078 717.000000 0.300000 
0.657647 713.000000 0.298326 
0.654902 720.000000 0.301255 
0.654902 720.000000 0.301255 
0.650980 730.000000 0.305439 
0.655294 719.000000 0.300837 
0.651765 728.000000 0.304603 
0.656471 716.000000 0.299582 
0.653725 723.000000 0.302510 
0.657647 713.000000 0.298326 
0.657647 713.000000 0.298326 
0.651765 728.000000 0.304603 
0.654118 722.000000 0.302092 
0.653333 724.000000 0.302929 
0.654510 721.000000 0.301674 
0.653333 724.000000 0.302929 
0.650980 730.000000 0.305439 
0.656078 717.000000 0.300000 
0.662745 700.000000 0.292887 
0.652157 727.000000 0.304184 
0.656078 717.000000 0.300000 
0.652941 725.000000 0.303347 
0.656863 715.000000 0.299163 
0.656863 715.000000 0.299163 
0.655686 718.000000 0.300418 
0.652157 727.000000 0.304184 
0.653725 723.000000 0.302510 
0.654118 722.000000 0.302092 
0.657255 714.000000 0.298745 
0.650588 731.000000 0.305858 
0.653725 723.000000 0.302510 
0.656471 716.000000 0.299582 
0.657255 714.000000 0.298745 
0.654510 721.000000 0.301674 
0.655686 718.000000 0.300418 
0.655686 718.000000 0.300418 
0.655686 718.000000 0.300418 
0.651373 729.000000 0.305021 
0.658431 711.000000 0.297490 
0.654902 720.000000 0.301255 
0.651373 729.000000 0.305021 
0.657255 714.000000 0.298745 
0.657647 713.000000 0.298326 
0.655686 718.000000 0.300418 
0.654510 721.000000 0.301674 
0.652549 726.000000 0.303766 
0.651373 729.000000 0.305021 
0.657255 714.000000 0.298745 
0.652157 727.000000 0.304184 
0.655294 719.000000 0.300837 
0.653725 723.000000 0.302510 
0.656471 716.000000 0.299582 
0.650588 731.000000 0.305858 
0.659608 708.000000 0.296234 
0.659608 708.000000 0.296234 
0.651373 729.000000 0.305021 
0.655686 718.000000 0.300418 
0.653333 724.000000 0.302929 
0.652941 725.000000 0.303347 
0.654118 722.000000 0.302092 
0.655294 719.000000 0.300837 
0.653725 723.000000 0.302510 
0.652549 726.000000 0.303766 
0.654902 720.000000 0.301255 
0.655686 718.000000 0.300418 
0.655686 718.000000 0.300418 
0.655686 718.000000 0.300418 
0.651765 728.000000 0.304603 
0.656078 717.000000 0.300000 
0.650980 730.000000 0.305439 
0.655686 718.000000 0.300418 
0.659216 709.000000 0.296653 
0.656078 717.000000 0.300000 
0.656078 717.000000 0.300000 
0.656471 716.000000 0.299582 
0.656863 715.000000 0.299163 
0.650980 730.000000 0.305439 
0.657255 714.000000 0.298745 
0.656863 715.000000 0.299163 
0.658431 711.000000 0.297490 
0.656471 716.000000 0.299582 
0.653333 724.000000 0.302929 
0.652941 725.000000 0.303347 
0.650980 730.000000 0.305439 
0.657647 713.000000 0.298326 
0.654902 720.000000 0.301255 
0.658431 711.000000 0.297490 
0.654510 721.000000 0.301674 
0.654118 722.000000 0.302092 
0.657647 713.000000 0.298326 
0.652157 727.000000 0.304184 
0.656471 716.000000 0.299582 
0.652941 725.000000 0.303347 
0.647843 738.000000 0.308787 
0.651373 729.000000 0.305021 
0.658039 712.000000 0.297908 
0.653333 724.000000 0.302929 
0.654902 720.000000 0.301255 
0.650588 731.000000 0.305858 
0.651765 728.000000 0.304603 
0.652941 725.000000 0.303347 
0.653725 723.000000 0.302510 
0.651765 728.000000 0.304603 
0.654902 720.000000 0.301255 
0.655294 719.000000 0.300837 
0.657647 713.000000 0.298326 
0.656078 717.000000 0.300000 
0.649804 733.000000 0.306695 
0.654902 720.000000 0.301255 
0.656471 716.000000 0.299582 
0.656471 716.000000 0.299582 
0.652549 726.000000 0.303766 
0.655294 719.000000 0.300837 
0.658039 712.000000 0.297908 
0.656078 717.000000 0.300000 
0.651765 728.000000 0.304603 
0.656863 715.000000 0.299163 
0.656471 716.000000 0.299582 
0.658431 711.000000 0.297490 
0.649804 733.000000 0.306695 
0.650980 730.000000 0.305439 
0.654118 722.000000 0.302092 
0.655686 718.000000 0.300418 
0.657255 714.000000 0.298745 
0.657255 714.000000 0.298745 
0.655686 718.000000 0.300418 
0.654902 720.000000 0.301255 
0.655686 718.000000 0.300418 
0.657255 714.000000 0.298745 
0.652941 725.000000 0.303347 
0.656078 717.000000 0.300000 
0.656078 717.000000 0.300000 
0.654118 722.000000 0.302092 
0.650980 730.000000 0.305439 
0.654118 722.000000 0.302092 
0.656471 716.000000 0.299582 
0.652941 725.000000 0.303347 
0.658824 710.000000 0.297071 
0.658039 712.000000 0.297908 
0.661176 704.000000 0.294561 
0.657255 714.000000 0.298745 
0.652941 725.000000 0.303347 
0.652549 726.000000 0.303766 
0.659216 709.000000 0.296653 
0.656471 716.000000 0.299582 
0.654902 720.000000 0.301255 
0.652157 727.000000 0.304184 
0.652549 726.000000 0.303766 
0.650980 730.000000 0.305439 
0.652157 727.000000 0.304184 
0.649804 733.000000 0.306695 
0.655294 719.000000 0.300837 
0.656078 717.000000 0.300000 
0.658824 710.000000 0.297071 
0.654902 720.000000 0.301255 
0.654902 720.000000 0.301255 
0.651373 729.000000 0.305021 
0.650980 730.000000 0.305439 
0.649412 734.000000 0.307113 
0.655686 718.000000 0.300418 
0.656471 716.000000 0.299582 
0.651373 729.000000 0.305021 
0.657255 714.000000 0.298745 
0.652549 726.000000 0.303766 
0.654118 722.000000 0.302092 
0.652941 725.000000 0.303347 
0.653333 724.000000 0.302929 
0.653725 723.000000 0.302510 
0.657647 713.000000 0.298326 
0.658824 710.000000 0.297071 
0.655294 719.000000 0.300837 
0.653725 723.000000 0.302510 
0.655686 718.000000 0.300418 
0.654902 720.000000 0.301255 
0.654510 721.000000 0.301674 
0.654118 722.000000 0.302092 
0.650196 732.000000 0.306276 
0.656471 716.000000 0.299582 
0.656863 715.000000 0.299163 
0.656078 717.000000 0.300000 
0.657255 714.000000 0.298745 
0.654118 722.000000 0.302092 
0.654902 720.000000 0.301255 
0.652157 727.000000 0.304184 
0.653333 724.000000 0.302929 
0.652549 726.000000 0.303766 
0.656471 716.000000 0.299582 
0.651373 729.000000 0.305021 
0.650980 730.000000 0.305439 
0.651373 729.000000 0.305021 
0.651373 729.000000 0.305021 
0.659608 708.000000 0.296234 
0.655686 718.000000 0.300418 
0.660392 706.000000 0.295397 
0.656863 715.000000 0.299163 
0.657255 714.000000 0.298745 
0.660000 707.000000 0.295816 
0.654510 721.000000 0.301674 
0.655294 719.000000 0.300837 
0.653333 724.000000 0.302929 
0.658824 710.000000 0.297071 
0.658824 710.000000 0.297071 
0.659608 708.000000 0.296234 
0.658039 712.000000 0.297908 
0.656863 715.000000 0.299163 
0.654118 722.000000 0.302092 
0.654902 720.000000 0.301255 
0.650980 730.000000 0.305439 
0.654510 721.000000 0.301674 
0.652157 727.000000 0.304184 
0.654510 721.000000 0.301674 
0.658824 710.000000 0.297071 
0.658431 711.000000 0.297490 
0.661176 704.000000 0.294561 
0.653725 723.000000 0.302510 
0.653725 723.000000 0.302510 
0.652157 727.000000 0.304184 
0.655686 718.000000 0.300418 
0.660000 707.000000 0.295816 
0.654510 721.000000 0.301674 
0.655686 718.000000 0.300418 
0.654510 721.000000 0.301674 
0.653725 723.000000 0.302510 
0.654510 721.000000 0.301674 
0.654510 721.000000 0.301674 
0.653333 724.000000 0.302929 
0.657255 714.000000 0.298745 
0.656471 716.000000 0.299582 
0.656078 717.000000 0.300000 
0.656863 715.000000 0.299163 
0.650196 732.000000 0.306276 
0.653333 724.000000 0.302929 
0.653333 724.000000 0.302929 
0.656078 717.000000 0.300000 
0.654902 720.000000 0.301255 
0.655294 719.000000 0.300837 
0.654902 720.000000 0.301255 
0.657255 714.000000 0.298745 
0.654118 722.000000 0.302092 
0.659216 709.000000 0.296653 
0.658431 711.000000 0.297490 
0.655686 718.000000 0.300418 
0.655294 719.000000 0.300837 
0.653333 724.000000 0.302929 
0.654510 721.000000 0.301674 
0.657647 713.000000 0.298326 
0.650980 730.000000 0.305439 
0.654118 722.000000 0.302092 
0.653725 723.000000 0.302510 
0.653333 724.000000 0.302929 
0.655294 719.000000 0.300837 
0.650588 731.000000 0.305858 
0.657255 714.000000 0.298745 
0.650588 731.000000 0.305858 
0.655294 719.000000 0.300837 
0.653725 723.000000 0.302510 
0.653333 724.000000 0.302929 
0.654510 721.000000 0.301674 
0.657255 714.000000 0.298745 
0.651765 728.000000 0.304603 
0.660000 707.000000 0.295816 
0.658039 712.000000 0.297908 
0.654510 721.000000 0.301674 
0.654118 722.000000 0.302092 
0.652157 727.000000 0.304184 
0.658431 711.000000 0.297490 
0.654118 722.000000 0.302092 
0.656471 716.000000 0.299582 
0.655686 718.000000 0.300418 
0.654118 722.000000 0.302092 
0.658039 712.000000 0.297908 
0.656471 716.000000 0.299582 
0.654510 721.000000 0.301674 
0.657255 714.000000 0.298745 
0.653725 723.000000 0.302510 
0.654902 720.000000 0.301255 
0.652157 727.000000 0.304184 
0.650588 731.000000 0.305858 
0.652941 725.000000 0.303347 
0.656078 717.000000 0.300000 
0.654118 722.000000 0.302092 
0.652549 726.000000 0.303766 
0.655294 719.000000 0.300837 
0.654902 720.000000 0.301255 
0.654118 722.000000 0.302092 
0.654118 722.000000 0.302092 
0.657255 714.000000 0.298745 
0.658431 711.000000 0.297490 
0.656471 716.000000 0.299582 
0.650588 731.000000 0.305858 
0.650588 731.000000 0.305858 
0.653333 724.000000 0.302929 
0.649804 733.000000 0.306695 
0.655686 718.000000 0.300418 
0.660000 707.000000 0.295816 
0.653333 724.000000 0.302929 
0.657255 714.000000 0.298745 
0.656471 716.000000 0.299582 
0.657255 714.000000 0.298745 
0.653725 723.000000 0.302510 
0.649412 734.000000 0.307113 
0.654118 722.000000 0.302092 
0.653333 724.000000 0.302929 
0.652941 725.000000 0.303347 
0.654902 720.000000 0.301255 
0.652157 727.000000 0.304184 
0.655686 718.000000 0.300418 
0.651373 729.000000 0.305021 
0.661569 703.000000 0.294142 
0.654118 722.000000 0.302092 
0.654902 720.000000 0.301255 
0.654902 720.000000 0.301255 
0.650196 732.000000 0.306276 
0.658039 712.000000 0.297908 
0.656078 717.000000 0.300000 
0.659216 709.000000 0.296653 
0.653725 723.000000 0.302510 
0.652941 725.000000 0.303347 
0.654510 721.000000 0.301674 
0.657647 713.000000 0.298326 
0.654510 721.000000 0.301674 
0.654118 722.000000 0.302092 
0.657647 713.000000 0.298326 
0.657255 714.000000 0.298745 
0.656863 715.000000 0.299163 
0.651373 729.000000 0.305021 
0.656471 716.000000 0.299582 
0.660392 706.000000 0.295397 
0.656078 717.000000 0.300000 
0.653725 723.000000 0.302510 
0.656863 715.000000 0.299163 
0.655294 719.000000 0.300837 
0.652941 725.000000 0.303347 
0.655686 718.000000 0.300418 
0.656078 717.000000 0.300000 
0.652941 725.000000 0.303347 
0.657255 714.000000 0.298745 
0.652549 726.000000 0.303766 
0.656078 717.000000 0.300000 
0.653333 724.000000 0.302929 
0.656078 717.000000 0.300000 
0.659608 708.000000 0.296234 
0.660392 706.000000 0.295397 
0.657255 714.000000 0.298745 
0.657647 713.000000 0.298326 
0.654510 721.000000 0.301674 
0.652549 726.000000 0.303766 
0.657255 714.000000 0.298745 
0.651765 728.000000 0.304603 
0.652941 725.000000 0.303347 
0.654902 720.000000 0.301255 
0.655294 719.000000 0.300837 
0.653333 724.000000 0.302929 
0.653725 723.000000 0.302510 
0.658039 712.000000 0.297908 
0.650196 732.000000 0.306276 
0.654510 721.000000 0.301674 
0.652941 725.000000 0.303347 
0.655294 719.000000 0.300837 
0.654118 722.000000 0.302092 
0.656863 715.000000 0.299163 
0.654902 720.000000 0.301255 
0.653333 724.000000 0.302929 
0.654118 722.000000 0.302092 
0.657647 713.000000 0.298326 
0.653333 724.000000 0.302929 
0.655686 718.000000 0.300418 
0.655294 719.000000 0.300837 
0.654902 720.000000 0.301255 
0.654118 722.000000 0.302092 
0.653333 724.000000 0.302929 
0.653725 723.000000 0.302510 
0.651373 729.000000 0.305021 
0.654902 720.000000 0.301255 
0.653725 723.000000 0.302510 
0.653333 724.000000 0.302929 
0.656078 717.000000 0.300000 
0.655686 718.000000 0.300418 
0.654902 720.000000 0.301255 
0.658431 711.000000 0.297490 
0.659216 709.000000 0.296653 
0.655294 719.000000 0.300837 
0.655294 719.000000 0.300837 
0.655686 718.000000 0.300418 
0.657647 713.000000 0.298326 
0.648627 736.000000 0.307950 
0.652941 725.000000 0.303347 
0.654902 720.000000 0.301255 
0.652941 725.000000 0.303347 
0.654510 721.000000 0.301674 
0.653333 724.000000 0.302929 
0.659216 709.000000 0.296653 
0.654510 721.000000 0.301674 
0.657647 713.000000 0.298326 
0.650588 731.000000 0.305858 
0.650980 730.000000 0.305439 
0.657255 714.000000 0.298745 
0.646275 742.000000 0.310460 
0.655294 719.000000 0.300837 
0.652549 726.000000 0.303766 
0.659608 708.000000 0.296234 
0.652941 725.000000 0.303347 
0.654118 722.000000 0.302092 
0.651765 728.000000 0.304603 
0.656471 716.000000 0.299582 
0.653725 723.000000 0.302510 
0.658431 711.000000 0.297490 
0.657647 713.000000 0.298326 
0.655294 719.000000 0.300837 
0.654510 721.000000 0.301674 
0.655294 719.000000 0.300837 
0.658431 711.000000 0.297490 
0.653333 724.000000 0.302929 
0.647451 739.000000 0.309205 
0.652157 727.000000 0.304184 
0.653725 723.000000 0.302510 
0.653333 724.000000 0.302929 
0.655686 718.000000 0.300418 
0.650588 731.000000 0.305858 
0.652941 725.000000 0.303347 
0.658824 710.000000 0.297071 
0.654902 720.000000 0.301255 
0.653333 724.000000 0.302929 
0.654118 722.000000 0.302092 
0.651765 728.000000 0.304603 
0.653725 723.000000 0.302510 
0.653725 723.000000 0.302510 
0.660392 706.000000 0.295397 
0.656471 716.000000 0.299582 
0.652549 726.000000 0.303766 
0.652941 725.000000 0.303347 
0.650588 731.000000 0.305858 
0.654902 720.000000 0.301255 
0.658824 710.000000 0.297071 
0.653725 723.000000 0.302510 
0.654902 720.000000 0.301255 
0.660392 706.000000 0.295397 
0.656078 717.000000 0.300000 
0.650980 730.000000 0.305439 
0.655686 718.000000 0.300418 
0.652549 726.000000 0.303766 
0.654902 720.000000 0.301255 
0.653725 723.000000 0.302510 
0.658039 712.000000 0.297908 
0.656863 715.000000 0.299163 
0.654510 721.000000 0.301674 
0.654510 721.000000 0.301674 
0.652941 725.000000 0.303347 
0.654118 722.000000 0.302092 
0.651765 728.000000 0.304603 
0.657255 714.000000 0.298745 
0.651373 729.000000 0.305021 
0.654510 721.000000 0.301674 
0.650980 730.000000 0.305439 
0.652549 726.000000 0.303766 
0.654118 722.000000 0.302092 
0.653725 723.000000 0.302510 
0.657647 713.000000 0.298326 
0.654902 720.000000 0.301255 
0.659216 709.000000 0.296653 
0.658824 710.000000 0.297071 
0.652157 727.000000 0.304184 
0.652157 727.000000 0.304184 
0.654510 721.000000 0.301674 
0.659608 708.000000 0.296234 
0.655294 719.000000 0.300837 
0.652549 726.000000 0.303766 
0.655686 718.000000 0.300418 
0.650980 730.000000 0.305439 
0.653333 724.000000 0.302929 
0.653725 723.000000 0.302510 
0.650980 730.000000 0.305439 
0.649020 735.000000 0.307531 
0.650196 732.000000 0.306276 
0.654118 722.000000 0.302092 
0.656078 717.000000 0.300000 
0.657647 713.000000 0.298326 
0.654510 721.000000 0.301674 
0.652941 725.000000 0.303347 
0.658039 712.000000 0.297908 
0.653725 723.000000 0.302510 
0.656078 717.000000 0.300000 
0.656471 716.000000 0.299582 
0.652941 725.000000 0.303347 
0.652549 726.000000 0.303766 
0.651373 729.000000 0.305021 
0.658824 710.000000 0.297071 
0.660000 707.000000 0.295816 
0.656078 717.000000 0.300000 
0.651765 728.000000 0.304603 
0.656863 715.000000 0.299163 
0.657255 714.000000 0.298745 
0.655294 719.000000 0.300837 
0.657255 714.000000 0.298745 
0.656078 717.000000 0.300000 
0.658431 711.000000 0.297490 
0.653333 724.000000 0.302929 
0.654902 720.000000 0.301255 
0.655294 719.000000 0.300837 
0.652941 725.000000 0.303347 
0.653333 724.000000 0.302929 
0.654510 721.000000 0.301674 
0.655686 718.000000 0.300418 
0.658039 712.000000 0.297908 
0.655294 719.000000 0.300837 
0.656863 715.000000 0.299163 
0.653333 724.000000 0.302929 
0.657647 713.000000 0.298326 
0.650980 730.000000 0.305439 
0.653725 723.000000 0.302510 
0.654118 722.000000 0.302092 
0.652549 726.000000 0.303766 
0.654118 722.000000 0.302092 
0.656471 716.000000 0.299582 
0.651765 728.000000 0.304603 
0.655686 718.000000 0.300418 
0.649412 734.000000 0.307113 
0.651765 728.000000 0.304603 
0.652157 727.000000 0.304184 
0.652941 725.000000 0.303347 
0.657255 714.000000 0.298745 
0.655294 719.000000 0.300837 
0.659608 708.000000 0.296234 
0.650196 732.000000 0.306276 
0.653725 723.000000 0.302510 
0.653333 724.000000 0.302929 
0.655686 718.000000 0.300418 
0.654510 721.000000 0.301674 
0.652941 725.000000 0.303347 
0.657647 713.000000 0.298326 
0.653725 723.000000 0.302510 
0.650980 730.000000 0.305439 
0.656078 717.000000 0.300000 
0.656863 715.000000 0.299163 
0.652941 725.000000 0.303347 
0.655294 719.000000 0.300837 
0.656863 715.000000 0.299163 
0.648627 736.000000 0.307950 
0.657255 714.000000 0.298745 
0.652157 727.000000 0.304184 
0.654118 722.000000 0.302092 
0.655686 718.000000 0.300418 
0.655294 719.000000 0.300837 
0.657255 714.000000 0.298745 
0.653333 724.000000 0.302929 
0.656078 717.000000 0.300000 
0.657647 713.000000 0.298326 
0.654902 720.000000 0.301255 
0.650980 730.000000 0.305439 
0.655686 718.000000 0.300418 
0.651373 729.000000 0.305021 
0.655686 718.000000 0.300418 
0.652941 725.000000 0.303347 
0.653725 723.000000 0.302510 
0.654510 721.000000 0.301674 
0.654118 722.000000 0.302092 
0.658039 712.000000 0.297908 
0.656863 715.000000 0.299163 
0.655686 718.000000 0.300418 
0.651765 728.000000 0.304603 
0.657255 714.000000 0.298745 
0.653333 724.000000 0.302929 
0.652941 725.000000 0.303347 
0.656471 716.000000 0.299582 
0.653725 723.000000 0.302510 
0.654118 722.000000 0.302092 
0.659608 708.000000 0.296234 
0.652941 725.000000 0.303347 
0.654902 720.000000 0.301255 
0.652549 726.000000 0.303766 
0.649804 733.000000 0.306695 
0.654510 721.000000 0.301674 
0.654902 720.000000 0.301255 
0.647451 739.000000 0.309205 
0.656078 717.000000 0.300000 
0.657255 714.000000 0.298745 
0.653725 723.000000 0.302510 
0.653333 724.000000 0.302929 
0.655686 718.000000 0.300418 
0.651765 728.000000 0.304603 
0.657647 713.000000 0.298326 
0.653725 723.000000 0.302510 
0.652157 727.000000 0.304184 
0.658431 711.000000 0.297490 
0.652941 725.000000 0.303347 
0.652941 725.000000 0.303347 
0.651373 729.000000 0.305021 
0.650588 731.000000 0.305858 
0.652941 725.000000 0.303347 
0.652157 727.000000 0.304184 
0.654510 721.000000 0.301674 
0.652549 726.000000 0.303766 
0.654510 721.000000 0.301674 
0.653333 724.000000 0.302929 
0.657647 713.000000 0.298326 
0.655686 718.000000 0.300418 
0.657255 714.000000 0.298745 
0.650588 731.000000 0.305858 
0.653333 724.000000 0.302929 
0.654510 721.000000 0.301674 
0.662353 701.000000 0.293305 
0.654118 722.000000 0.302092 
0.656471 716.000000 0.299582 
0.652157 727.000000 0.304184 
0.656078 717.000000 0.300000 
0.654902 720.000000 0.301255 
0.656078 717.000000 0.300000 
0.657255 714.000000 0.298745 
0.655686 718.000000 0.300418 
0.656471 716.000000 0.299582 
0.652157 727.000000 0.304184 
0.650588 731.000000 0.305858 
0.652157 727.000000 0.304184 
0.656471 716.000000 0.299582 
0.657647 713.000000 0.298326 
0.653333 724.000000 0.302929 
0.651373 729.000000 0.305021 
0.656471 716.000000 0.299582 
0.661176 704.000000 0.294561 
0.656471 716.000000 0.299582 
0.652549 726.000000 0.303766 
0.651765 728.000000 0.304603 
0.651765 728.000000 0.304603 
0.657647 713.000000 0.298326 
0.655686 718.000000 0.300418 
0.655294 719.000000 0.300837 
0.653725 723.000000 0.302510 
0.658431 711.000000 0.297490 
0.654902 720.000000 0.301255 
0.651765 728.000000 0.304603 
0.656471 716.000000 0.299582 
0.653725 723.000000 0.302510 
0.652157 727.000000 0.304184 
0.657255 714.000000 0.298745 
0.653725 723.000000 0.302510 
0.654118 722.000000 0.302092 
0.655686 718.000000 0.300418 
0.647451 739.000000 0.309205 
0.653725 723.000000 0.302510 
0.652941 725.000000 0.303347 
0.658039 712.000000 0.297908 
0.656471 716.000000 0.299582 
0.654902 720.000000 0.301255 
0.652941 725.000000 0.303347 
0.648235 737.000000 0.308368 
0.653725 723.000000 0.302510 
0.657647 713.000000 0.298326 
0.652157 727.000000 0.304184 
0.654118 722.000000 0.302092 
0.655294 719.000000 0.300837 
0.650980 730.000000 0.305439 
0.652157 727.000000 0.304184 
0.650980 730.000000 0.305439 
0.654510 721.000000 0.301674 
0.653333 724.000000 0.302929 
0.654510 721.000000 0.301674 
0.656078 717.000000 0.300000 
0.656078 717.000000 0.300000 
0.654510 721.000000 0.301674 
0.655294 719.000000 0.300837 
0.657647 713.000000 0.298326 
0.656471 716.000000 0.299582 
0.658431 711.000000 0.297490 
0.652549 726.000000 0.303766 
0.653333 724.000000 0.302929 
0.650196 732.000000 0.306276 
0.653333 724.000000 0.302929 
0.655294 719.000000 0.300837 
0.651373 729.000000 0.305021 
0.652549 726.000000 0.303766 
0.653333 724.000000 0.302929 
0.652549 726.000000 0.303766 
0.650980 730.000000 0.305439 
0.654902 720.000000 0.301255 
0.647451 739.000000 0.309205 
0.655294 719.000000 0.300837 
0.655294 719.000000 0.300837 
0.657647 713.000000 0.298326 
0.654118 722.000000 0.302092 
0.660000 707.000000 0.295816 
0.655686 718.000000 0.300418 
0.652941 725.000000 0.303347 
0.652941 725.000000 0.303347 
0.656078 717.000000 0.300000 
0.654118 722.000000 0.302092 
0.656471 716.000000 0.299582 
0.653725 723.000000 0.302510 
0.653725 723.000000 0.302510 
0.656471 716.000000 0.299582 
0.654510 721.000000 0.301674 
0.654510 721.000000 0.301674 
0.655294 719.000000 0.300837 
0.654902 720.000000 0.301255 
0.658039 712.000000 0.297908 
0.652941 725.000000 0.303347 
0.659216 709.000000 0.296653 
0.653725 723.000000 0.302510 
0.654902 720.000000 0.301255 
0.650588 731.000000 0.305858 
0.658431 711.000000 0.297490 
0.656471 716.000000 0.299582 
0.657255 714.000000 0.298745 
0.654118 722.000000 0.302092 
0.652941 725.000000 0.303347 
0.654118 722.000000 0.302092 
0.655294 719.000000 0.300837 
0.652549 726.000000 0.303766 
0.655294 719.000000 0.300837 
0.656863 715.000000 0.299163 
0.658824 710.000000 0.297071 
0.656863 715.000000 0.299163 
0.654902 720.000000 0.301255 
0.654510 721.000000 0.301674 
0.655686 718.000000 0.300418 
0.653333 724.000000 0.302929 
0.656863 715.000000 0.299163 
0.653333 724.000000 0.302929 
0.656863 715.000000 0.299163 
0.653333 724.000000 0.302929 
0.654510 721.000000 0.301674 
0.653725 723.000000 0.302510 
0.654118 722.000000 0.302092 
0.658039 712.000000 0.297908 
0.655686 718.000000 0.300418 
0.654510 721.000000 0.301674 
0.658039 712.000000 0.297908 
0.657255 714.000000 0.298745 
0.653725 723.000000 0.302510 
0.653333 724.000000 0.302929 
0.654118 722.000000 0.302092 
0.658039 712.000000 0.297908 
0.657255 714.000000 0.298745 
0.656078 717.000000 0.300000 
0.657255 714.000000 0.298745 
0.654510 721.000000 0.301674 
0.659608 708.000000 0.296234 
0.659608 708.000000 0.296234 
0.654118 722.000000 0.302092 
0.656471 716.000000 0.299582 
0.652157 727.000000 0.304184 
0.656471 716.000000 0.299582 
0.653333 724.000000 0.302929 
0.655686 718.000000 0.300418 
0.650980 730.000000 0.305439 
0.653725 723.000000 0.302510 
0.655294 719.000000 0.300837 
0.653333 724.000000 0.302929 
0.654118 722.000000 0.302092 
0.656078 717.000000 0.300000 
0.657647 713.000000 0.298326 
0.651765 728.000000 0.304603 
0.655686 718.000000 0.300418 
0.653333 724.000000 0.302929 
0.657647 713.000000 0.298326 
0.652941 725.000000 0.303347 
0.653725 723.000000 0.302510 
0.654118 722.000000 0.302092 
0.651765 728.000000 0.304603 
0.651373 729.000000 0.305021 
0.658824 710.000000 0.297071 
0.654902 720.000000 0.301255 
0.654510 721.000000 0.301674 
0.655294 719.000000 0.300837 
0.653333 724.000000 0.302929 
0.654902 720.000000 0.301255 
0.653725 723.000000 0.302510 
0.652157 727.000000 0.304184 
0.658824 710.000000 0.297071 
0.656078 717.000000 0.300000 
0.656078 717.000000 0.300000 
0.658431 711.000000 0.297490 
0.659216 709.000000 0.296653 
0.656078 717.000000 0.300000 
0.653725 723.000000 0.302510 
0.650980 730.000000 0.305439 
0.654510 721.000000 0.301674 
0.655686 718.000000 0.300418 
0.650980 730.000000 0.305439 
0.656078 717.000000 0.300000 
0.654118 722.000000 0.302092 
0.657255 714.000000 0.298745 
0.655686 718.000000 0.300418 
0.652549 726.000000 0.303766 
0.655294 719.000000 0.300837 
0.655686 718.000000 0.300418 
0.653725 723.000000 0.302510 
0.652549 726.000000 0.303766 
0.653725 723.000000 0.302510 
0.660392 706.000000 0.295397 
0.649412 734.000000 0.307113 
0.649804 733.000000 0.306695 
0.652549 726.000000 0.303766 
0.655294 719.000000 0.300837 
0.655686 718.000000 0.300418 
0.654118 722.000000 0.302092 
0.651765 728.000000 0.304603 
0.659216 709.000000 0.296653 
0.656863 715.000000 0.299163 
0.655294 719.000000 0.300837 
0.655294 719.000000 0.300837 
0.657647 713.000000 0.298326 
0.657255 714.000000 0.298745 
0.651373 729.000000 0.305021 
0.652157 727.000000 0.304184 
0.657647 713.000000 0.298326 
0.651373 729.000000 0.305021 
0.654510 721.000000 0.301674 
0.651373 729.000000 0.305021 
0.660000 707.000000 0.295816 
0.657647 713.000000 0.298326 
0.658039 712.000000 0.297908 
0.653333 724.000000 0.302929 
0.655686 718.000000 0.300418 
0.656078 717.000000 0.300000 
0.653725 723.000000 0.302510 
0.654902 720.000000 0.301255 
0.661176 704.000000 0.294561 
0.655294 719.000000 0.300837 
0.657255 714.000000 0.298745 
0.653333 724.000000 0.302929 
0.649804 733.000000 0.306695 
0.651765 728.000000 0.304603 
0.659608 708.000000 0.296234 
0.658039 712.000000 0.297908 
0.653333 724.000000 0.302929 
0.656471 716.000000 0.299582 
0.654118 722.000000 0.302092 
0.658431 711.000000 0.297490 
0.660000 707.000000 0.295816 
0.653333 724.000000 0.302929 
0.657647 713.000000 0.298326 
0.656863 715.000000 0.299163 
0.652549 726.000000 0.303766 
0.653725 723.000000 0.302510 
0.656863 715.000000 0.299163 
0.657255 714.000000 0.298745 
0.654118 722.000000 0.302092 
0.648627 736.000000 0.307950 
0.654902 720.000000 0.301255 
0.654510 721.000000 0.301674 
0.653333 724.000000 0.302929 
0.656863 715.000000 0.299163 
0.652549 726.000000 0.303766 
0.651373 729.000000 0.305021 
0.658824 710.000000 0.297071 
0.655686 718.000000 0.300418 
0.650196 732.000000 0.306276 
0.652549 726.000000 0.303766 
0.654902 720.000000 0.301255 
0.654510 721.000000 0.301674 
0.654902 720.000000 0.301255 
0.656078 717.000000 0.300000 
0.654902 720.000000 0.301255 
0.652549 726.000000 0.303766 
0.657647 713.000000 0.298326 
0.655294 719.000000 0.300837 
0.651373 729.000000 0.305021 
0.657647 713.000000 0.298326 
0.650980 730.000000 0.305439 
0.658824 710.000000 0.297071 
0.652941 725.000000 0.303347 
0.655294 719.000000 0.300837 
0.658039 712.000000 0.297908 
0.656471 716.000000 0.299582 
0.650588 731.000000 0.305858 
0.657255 714.000000 0.298745 
0.654510 721.000000 0.301674 
0.655686 718.000000 0.300418 
0.654510 721.000000 0.301674 
0.651373 729.000000 0.305021 
0.657647 713.000000 0.298326 
0.657647 713.000000 0.298326 
0.654510 721.000000 0.301674 
0.653333 724.000000 0.302929 
0.652941 725.000000 0.303347 
