8 191 8 0.025 0,992722264867561 13,9005497251374 0,00727773513243369
8 191 8 0.05 0,952221279360324 91,2573713143428 0,0477787206396808
8 191 8 0.075 0,924799911544219 143,632183908046 0,0752000884557729
8 191 8 0.1 0,900024345327338 190,953523238381 0,0999756546726635
8 191 8 0.125 0,874902346326833 238,936531734133 0,125097653673164
8 191 8 0.15 0,849867215892048 286,753623188406 0,150132784107947
8 191 8 0.175 0,82472742678661 334,770614692654 0,175272573213393
8 191 8 0.2 0,800056783608196 381,891554222889 0,199943216391802
8 191 8 0.225 0,775064317841082 429,627186406797 0,22493568215892
8 191 8 0.25 0,749811482758622 477,860069965017 0,250188517241379
8 191 8 0.275 0,724793889055471 525,64367816092 0,275206110944529
8 191 8 0.3 0,700260861569214 572,501749125437 0,299739138430787
