5 11 5 0.025 1 0 0
5 11 5 0.05 0,999545677161419 0,0499750124937531 0,00045432283858071
5 11 5 0.075 0,994916132933535 0,559220389805097 0,00508386706646676
5 11 5 0.1 0,983517226886562 1,81309345327336 0,0164827731134433
5 11 5 0.125 0,958089064967521 4,61019490254873 0,0419109350324837
5 11 5 0.15 0,92249336331834 8,52573713143428 0,0775066366816591
5 11 5 0.175 0,879746451274362 13,2278860569715 0,120253548725637
5 11 5 0.2 0,83999819190405 17,60019990005 0,160001808095952
5 11 5 0.225 0,797342236881561 22,2923538230885 0,202657763118441
5 11 5 0.25 0,757139591204399 26,7146426786607 0,242860408795602
5 11 5 0.275 0,72368816591704 30,3943028485757 0,276311834082958
5 11 5 0.3 0,696815220889555 33,3503248375812 0,303184779110445
