8 131 18 0.025 0,999997329335332 0,00349825087456272 2,67066466766617E-06
8 131 18 0.05 0,99619996251874 4,97801099450275 0,00380003748125939
8 131 18 0.075 0,95180957371314 63,1294352823588 0,0481904262868564
8 131 18 0.1 0,903754993503246 126,08095952024 0,0962450064967517
8 131 18 0.125 0,875133817591206 163,574712643678 0,124866182408796
8 131 18 0.15 0,849938398300846 196,580709645177 0,150061601699151
8 131 18 0.175 0,824696427286361 229,647676161919 0,175303572713643
8 131 18 0.2 0,800004957021491 261,993503248376 0,199995042978511
8 131 18 0.225 0,77507544127936 294,651174412794 0,22492455872064
8 131 18 0.25 0,749839971514242 327,709645177411 0,250160028485757
8 131 18 0.275 0,724568627686156 360,815092453773 0,275431372313843
8 131 18 0.3 0,700391020989505 392,487756121939 0,299608979010495
