5 26 1 0.025 0,988236624687653 2,94852573713143 0,0117633753123436
5 26 1 0.05 0,957890435032491 10,2393803098451 0,0421095649675154
5 26 1 0.075 0,922279531484263 18,6014492753623 0,0777204685157439
5 26 1 0.1 0,892286482758643 25,5859570214893 0,107713517241383
5 26 1 0.125 0,86036011019491 32,9835082458771 0,139639889805101
5 26 1 0.15 0,831512959520248 39,684407796102 0,168487040479762
5 26 1 0.175 0,804243014469015 46,5208845208845 0,195756985530987
5 26 1 0.2 0,78138047926036 56,8410794602699 0,218619520739631
5 26 1 0.225 0,757359764617687 63,0864567716142 0,24264023538231
5 26 1 0.25 0,733204567216399 69,3668165917042 0,266795432783607
5 26 1 0.275 0,708399641179416 75,816091954023 0,291600358820589
5 26 1 0.3 0,687219864067966 81,3228385807096 0,312780135932033
