8 239 2 0.025 0,971567160919535 67,9545227386307 0,0284328390804599
8 239 2 0.05 0,946395036481763 128,115942028986 0,0536049635182406
8 239 2 0.075 0,921309891054473 188,069465267366 0,0786901089455271
8 239 2 0.1 0,896856798600702 246,512243878061 0,1031432013993
8 239 2 0.125 0,872042225387302 305,819090454773 0,127957774612693
8 239 2 0.15 0,847186687156422 365,223888055972 0,152813312843578
8 239 2 0.175 0,822240165917039 424,846076961519 0,177759834082958
8 239 2 0.2 0,797665180909547 483,580209895052 0,202334819090455
8 239 2 0.225 0,772772828585707 543,072963518241 0,227227171414292
8 239 2 0.25 0,747867509745131 602,596701649175 0,252132490254873
8 239 2 0.275 0,722909501749124 662,246376811594 0,277090498250876
8 239 2 0.3 0,698298129935032 721,067466266867 0,301701870064967
