5 16 3 0.025 0,999281609195402 0,114942528735632 0,000718390804597701
5 16 3 0.05 0,990492253873064 1,52123938030985 0,00950774612693654
5 16 3 0.075 0,966354322838583 5,38330834582709 0,0336456771614193
5 16 3 0.1 0,937921664167917 9,93253373313343 0,0620783358320839
5 16 3 0.125 0,898375812093952 16,2598700649675 0,101624187906047
5 16 3 0.15 0,860953898050974 22,2473763118441 0,139046101949026
5 16 3 0.175 0,8271864067966 27,6501749125437 0,172813593203398
5 16 3 0.2 0,800128060969514 31,9795102448776 0,199871939030485
5 16 3 0.225 0,770830209895052 36,6671664167916 0,229169790104947
5 16 3 0.25 0,743384557721137 41,0584707646177 0,25661544227886
5 16 3 0.275 0,717641179410294 45,1774112943528 0,282358820589705
5 16 3 0.3 0,694156046976511 48,9350324837581 0,305843953023488
