8 13 59 0.025 1 0 0
8 13 59 0.05 1 0 0
8 13 59 0.075 1 0 0
8 13 59 0.1 1 0 0
8 13 59 0.125 1 0 0
8 13 59 0.15 0,999984623188406 0,00199900049975012 1,53768115942029E-05
8 13 59 0.175 0,9983661944028 0,212393803098451 0,0016338055972014
8 13 59 0.2 0,980590437781119 2,5232383808096 0,0194095622188905
8 13 59 0.225 0,907707689155428 11,9980009995002 0,0922923108445773
8 13 59 0.25 0,806308388305851 25,1799100449775 0,193691611694154
8 13 59 0.275 0,736431785607195 34,263868065967 0,263568214392803
8 13 59 0.3 0,700315225387306 38,9590204897551 0,299684774612692
