5 11 5 0.025 1 0 0
5 11 5 0.05 0,999545677161419 0,0499750124937531 0,00045432283858071
5 11 5 0.075 0,994916132933535 0,559220389805097 0,00508386706646676
5 11 5 0.1 0,983517226886562 1,81309345327336 0,0164827731134433
5 11 5 0.125 0,958089064967521 4,61019490254873 0,0419109350324837
5 11 5 0.15 0,92249336331834 8,52573713143428 0,0775066366816591
5 11 5 0.175 0,879746451274362 13,2278860569715 0,120253548725637
5 11 5 0.2 0,83999819190405 17,60019990005 0,160001808095952
5 11 5 0.225 0,797342236881561 22,2923538230885 0,202657763118441
5 11 5 0.25 0,757139591204399 26,7146426786607 0,242860408795602
5 11 5 0.275 0,72368816591704 30,3943028485757 0,276311834082958
5 11 5 0.3 0,696815220889555 33,3503248375812 0,303184779110445
5 16 3 0.025 0,999281609195402 0,114942528735632 0,000718390804597701
5 16 3 0.05 0,990492253873064 1,52123938030985 0,00950774612693654
5 16 3 0.075 0,966354322838583 5,38330834582709 0,0336456771614193
5 16 3 0.1 0,937921664167917 9,93253373313343 0,0620783358320839
5 16 3 0.125 0,898375812093952 16,2598700649675 0,101624187906047
5 16 3 0.15 0,860953898050974 22,2473763118441 0,139046101949026
5 16 3 0.175 0,8271864067966 27,6501749125437 0,172813593203398
5 16 3 0.2 0,800128060969514 31,9795102448776 0,199871939030485
5 16 3 0.225 0,770830209895052 36,6671664167916 0,229169790104947
5 16 3 0.25 0,743384557721137 41,0584707646177 0,25661544227886
5 16 3 0.275 0,717641179410294 45,1774112943528 0,282358820589705
5 16 3 0.3 0,694156046976511 48,9350324837581 0,305843953023488
5 21 2 0.025 0,995387938530723 0,968515742128936 0,00461206146926538
5 21 2 0.05 0,971802177911023 5,92153923038481 0,0281978220889549
5 21 2 0.075 0,936048610694642 13,4297851074463 0,0639513893053457
5 21 2 0.1 0,902810526736624 20,4097951024488 0,0971894732633656
5 21 2 0.125 0,867085496251867 27,912043978011 0,132914503748123
5 21 2 0.15 0,834339967516249 34,7886056971514 0,165660032483756
5 21 2 0.175 0,806946546726637 40,5412293853073 0,193053453273361
5 21 2 0.2 0,783560561219393 45,4522738630685 0,216439438780608
5 21 2 0.225 0,759555931534236 50,4932533733133 0,240444068465766
5 21 2 0.25 0,734011571714138 55,8575712143928 0,265988428285858
5 21 2 0.275 0,708550512743629 61,2043978010995 0,291449487256373
5 21 2 0.3 0,688700854572711 65,3728135932034 0,311299145427286
5 26 1 0.025 0,988236624687653 2,94852573713143 0,0117633753123436
5 26 1 0.05 0,957890435032491 10,2393803098451 0,0421095649675154
5 26 1 0.075 0,922279531484263 18,6014492753623 0,0777204685157439
5 26 1 0.1 0,892286482758643 25,5859570214893 0,107713517241383
5 26 1 0.125 0,86036011019491 32,9835082458771 0,139639889805101
5 26 1 0.15 0,831512959520248 39,684407796102 0,168487040479762
5 26 1 0.175 0,804243014469015 46,5208845208845 0,195756985530987
5 26 1 0.2 0,78138047926036 56,8410794602699 0,218619520739631
5 26 1 0.225 0,757359764617687 63,0864567716142 0,24264023538231
5 26 1 0.25 0,733204567216399 69,3668165917042 0,266795432783607
5 26 1 0.275 0,708399641179416 75,816091954023 0,291600358820589
5 26 1 0.3 0,687219864067966 81,3228385807096 0,312780135932033
5 6 7 0.025 1 0 0
5 6 7 0.05 1 0 0
5 6 7 0.075 0,999733466766617 0,015992003998001 0,000266533233383308
5 6 7 0.1 0,998092617691153 0,114442778610695 0,00190738230884557
5 6 7 0.125 0,992578712643673 0,44527736131934 0,00742128735632188
5 6 7 0.15 0,979093777111432 1,2543728135932 0,0209062228885556
5 6 7 0.175 0,952681993003484 2,83908045977011 0,047318006996501
5 6 7 0.2 0,923829745127428 4,57021489255372 0,0761702548725634
5 6 7 0.225 0,881059459770114 7,13643178410795 0,118940540229885
5 6 7 0.25 0,831209399300354 10,1274362818591 0,168790600699649
5 6 7 0.275 0,780801274362822 13,151924037981 0,21919872563718
5 6 7 0.3 0,740163247376311 15,5902048975512 0,259836752623689
8 131 18 0.025 0,999997329335332 0,00349825087456272 2,67066466766617E-06
8 131 18 0.05 0,99619996251874 4,97801099450275 0,00380003748125939
8 131 18 0.075 0,95180957371314 63,1294352823588 0,0481904262868564
8 131 18 0.1 0,903754993503246 126,08095952024 0,0962450064967517
8 131 18 0.125 0,875133817591206 163,574712643678 0,124866182408796
8 131 18 0.15 0,849938398300846 196,580709645177 0,150061601699151
8 131 18 0.175 0,824696427286361 229,647676161919 0,175303572713643
8 131 18 0.2 0,800004957021491 261,993503248376 0,199995042978511
8 131 18 0.225 0,77507544127936 294,651174412794 0,22492455872064
8 131 18 0.25 0,749839971514242 327,709645177411 0,250160028485757
8 131 18 0.275 0,724568627686156 360,815092453773 0,275431372313843
8 131 18 0.3 0,700391020989505 392,487756121939 0,299608979010495
8 139 15 0.025 0,999987056971514 0,0179910044977511 1,29430284857571E-05
8 139 15 0.05 0,986079289855072 19,3498250874563 0,0139207101449275
8 139 15 0.075 0,934094806096951 91,608195902049 0,0659051939030485
8 139 15 0.1 0,900617307846077 138,141929035482 0,0993826921539232
8 139 15 0.125 0,874796418290856 174,032983508246 0,125203581709146
8 139 15 0.15 0,849600372313845 209,055472263868 0,150399627686156
8 139 15 0.175 0,824782564217895 243,552223888056 0,175217435782109
8 139 15 0.2 0,800273956021993 277,619190404798 0,199726043978011
8 139 15 0.225 0,775268124437784 312,377311344328 0,224731875562219
8 139 15 0.25 0,749738805097452 347,863068465767 0,250261194902549
8 139 15 0.275 0,724826063968015 382,491754122939 0,275173936031984
8 139 15 0.3 0,700118283858069 416,835582208896 0,299881716141928
8 13 59 0.025 1 0 0
8 13 59 0.05 1 0 0
8 13 59 0.075 1 0 0
8 13 59 0.1 1 0 0
8 13 59 0.125 1 0 0
8 13 59 0.15 0,999984623188406 0,00199900049975012 1,53768115942029E-05
8 13 59 0.175 0,9983661944028 0,212393803098451 0,0016338055972014
8 13 59 0.2 0,980590437781119 2,5232383808096 0,0194095622188905
8 13 59 0.225 0,907707689155428 11,9980009995002 0,0922923108445773
8 13 59 0.25 0,806308388305851 25,1799100449775 0,193691611694154
8 13 59 0.275 0,736431785607195 34,263868065967 0,263568214392803
8 13 59 0.3 0,700315225387306 38,9590204897551 0,299684774612692
8 187 9 0.025 0,99576066466766 7,92753623188406 0,00423933533233385
8 187 9 0.05 0,954872533233385 84,3883058470765 0,0451274667666174
8 187 9 0.075 0,924696710644675 140,817091454273 0,0753032893553221
8 187 9 0.1 0,899911542728635 187,165417291354 0,100088457271363
8 187 9 0.125 0,874793917541231 234,135432283858 0,12520608245877
8 187 9 0.15 0,849834426786603 280,809595202399 0,150165573213396
8 187 9 0.175 0,824765152423785 327,689155422289 0,175234847576213
8 187 9 0.2 0,799990108945528 374,018490754623 0,20000989105447
8 187 9 0.225 0,7750368145927 420,68115942029 0,224963185407299
8 187 9 0.25 0,749516686156921 468,40379810095 0,250483313843078
8 187 9 0.275 0,724858954522744 514,513743128436 0,275141045477258
8 187 9 0.3 0,69992596251874 561,138430784608 0,300074037481262
8 191 8 0.025 0,992722264867561 13,9005497251374 0,00727773513243369
8 191 8 0.05 0,952221279360324 91,2573713143428 0,0477787206396808
8 191 8 0.075 0,924799911544219 143,632183908046 0,0752000884557729
8 191 8 0.1 0,900024345327338 190,953523238381 0,0999756546726635
8 191 8 0.125 0,874902346326833 238,936531734133 0,125097653673164
8 191 8 0.15 0,849867215892048 286,753623188406 0,150132784107947
8 191 8 0.175 0,82472742678661 334,770614692654 0,175272573213393
8 191 8 0.2 0,800056783608196 381,891554222889 0,199943216391802
8 191 8 0.225 0,775064317841082 429,627186406797 0,22493568215892
8 191 8 0.25 0,749811482758622 477,860069965017 0,250188517241379
8 191 8 0.275 0,724793889055471 525,64367816092 0,275206110944529
8 191 8 0.3 0,700260861569214 572,501749125437 0,299739138430787
8 239 2 0.025 0,971567160919535 67,9545227386307 0,0284328390804599
8 239 2 0.05 0,946395036481763 128,115942028986 0,0536049635182406
8 239 2 0.075 0,921309891054473 188,069465267366 0,0786901089455271
8 239 2 0.1 0,896856798600702 246,512243878061 0,1031432013993
8 239 2 0.125 0,872042225387302 305,819090454773 0,127957774612693
8 239 2 0.15 0,847186687156422 365,223888055972 0,152813312843578
8 239 2 0.175 0,822240165917039 424,846076961519 0,177759834082958
8 239 2 0.2 0,797665180909547 483,580209895052 0,202334819090455
8 239 2 0.225 0,772772828585707 543,072963518241 0,227227171414292
8 239 2 0.25 0,747867509745131 602,596701649175 0,252132490254873
8 239 2 0.275 0,722909501749124 662,246376811594 0,277090498250876
8 239 2 0.3 0,698298129935032 721,067466266867 0,301701870064967
8 247 1 0.025 0,971265068965495 70,9750124937531 0,0287349310344832
8 247 1 0.05 0,946275067466259 132,700649675162 0,0537249325337328
8 247 1 0.075 0,921354860069962 194,253373313343 0,0786451399300341
8 247 1 0.1 0,896931906046971 254,578210894553 0,103068093953025
8 247 1 0.125 0,871998954022988 316,162418790605 0,128001045977014
8 247 1 0.15 0,847030747626185 377,834082958521 0,15296925237381
8 247 1 0.175 0,822106499750116 439,3968015992 0,17789350024987
8 247 1 0.2 0,797712479760114 499,650174912544 0,202287520239876
8 247 1 0.225 0,772730416291871 561,355822088956 0,227269583708146
8 247 1 0.25 0,747799590204908 622,935032483758 0,252200409795106
8 247 1 0.275 0,722920666166925 684,385807096452 0,277079333833091
8 247 1 0.3 0,698415583208403 744,913543228386 0,301584416791604
8 29 47 0.025 1 0 0
8 29 47 0.05 1 0 0
8 29 47 0.075 1 0 0
8 29 47 0.1 1 0 0
8 29 47 0.125 0,999806994002999 0,0559720139930035 0,000193005997001499
8 29 47 0.15 0,990487532233883 2,75862068965517 0,00951246776611691
8 29 47 0.175 0,936895333333335 18,3003498250875 0,0631046666666666
8 29 47 0.2 0,847734752123949 44,1569215392304 0,152265247876062
8 29 47 0.225 0,784854139430286 62,392303848076 0,215145860569715
8 29 47 0.25 0,749535583708145 72,6346826586707 0,250464416291854
8 29 47 0.275 0,724523938030983 79,888055972014 0,275476061969015
8 29 47 0.3 0,700046535732133 86,9865067466267 0,299953464267866
