0.945344 135.000000 0.054656 
0.948178 128.000000 0.051822 
0.944939 136.000000 0.055061 
0.946154 133.000000 0.053846 
0.947368 130.000000 0.052632 
0.946154 133.000000 0.053846 
0.946559 132.000000 0.053441 
0.946559 132.000000 0.053441 
0.945344 135.000000 0.054656 
0.946154 133.000000 0.053846 
0.946964 131.000000 0.053036 
0.946154 133.000000 0.053846 
0.946559 132.000000 0.053441 
0.945344 135.000000 0.054656 
0.946559 132.000000 0.053441 
0.946559 132.000000 0.053441 
0.946964 131.000000 0.053036 
0.946154 133.000000 0.053846 
0.946964 131.000000 0.053036 
0.946559 132.000000 0.053441 
0.947368 130.000000 0.052632 
0.945749 134.000000 0.054251 
0.945749 134.000000 0.054251 
0.944939 136.000000 0.055061 
0.945344 135.000000 0.054656 
0.945749 134.000000 0.054251 
0.946154 133.000000 0.053846 
0.945749 134.000000 0.054251 
0.946964 131.000000 0.053036 
0.946559 132.000000 0.053441 
0.947773 129.000000 0.052227 
0.946964 131.000000 0.053036 
0.944939 136.000000 0.055061 
0.946559 132.000000 0.053441 
0.946559 132.000000 0.053441 
0.945344 135.000000 0.054656 
0.948178 128.000000 0.051822 
0.945344 135.000000 0.054656 
0.945344 135.000000 0.054656 
0.947773 129.000000 0.052227 
0.945749 134.000000 0.054251 
0.946964 131.000000 0.053036 
0.946964 131.000000 0.053036 
0.947773 129.000000 0.052227 
0.946154 133.000000 0.053846 
0.946154 133.000000 0.053846 
0.946154 133.000000 0.053846 
0.946154 133.000000 0.053846 
0.946964 131.000000 0.053036 
0.946154 133.000000 0.053846 
0.946964 131.000000 0.053036 
0.944939 136.000000 0.055061 
0.946964 131.000000 0.053036 
0.946964 131.000000 0.053036 
0.946964 131.000000 0.053036 
0.945749 134.000000 0.054251 
0.945344 135.000000 0.054656 
0.946154 133.000000 0.053846 
0.947773 129.000000 0.052227 
0.946964 131.000000 0.053036 
0.945344 135.000000 0.054656 
0.945344 135.000000 0.054656 
0.946154 133.000000 0.053846 
0.946154 133.000000 0.053846 
0.944939 136.000000 0.055061 
0.945344 135.000000 0.054656 
0.946964 131.000000 0.053036 
0.947773 129.000000 0.052227 
0.946559 132.000000 0.053441 
0.945344 135.000000 0.054656 
0.945344 135.000000 0.054656 
0.947368 130.000000 0.052632 
0.946154 133.000000 0.053846 
0.946154 133.000000 0.053846 
0.946154 133.000000 0.053846 
0.946964 131.000000 0.053036 
0.946964 131.000000 0.053036 
0.946559 132.000000 0.053441 
0.946964 131.000000 0.053036 
0.946559 132.000000 0.053441 
0.947368 130.000000 0.052632 
0.945344 135.000000 0.054656 
0.946559 132.000000 0.053441 
0.947368 130.000000 0.052632 
0.946964 131.000000 0.053036 
0.946154 133.000000 0.053846 
0.945344 135.000000 0.054656 
0.946154 133.000000 0.053846 
0.946154 133.000000 0.053846 
0.944534 137.000000 0.055466 
0.946154 133.000000 0.053846 
0.947368 130.000000 0.052632 
0.946964 131.000000 0.053036 
0.944939 136.000000 0.055061 
0.947368 130.000000 0.052632 
0.947368 130.000000 0.052632 
0.946559 132.000000 0.053441 
0.945749 134.000000 0.054251 
0.945344 135.000000 0.054656 
0.945749 134.000000 0.054251 
0.946154 133.000000 0.053846 
0.946964 131.000000 0.053036 
0.944939 136.000000 0.055061 
0.946154 133.000000 0.053846 
0.948178 128.000000 0.051822 
0.946559 132.000000 0.053441 
0.948988 126.000000 0.051012 
0.946154 133.000000 0.053846 
0.946154 133.000000 0.053846 
0.947368 130.000000 0.052632 
0.945749 134.000000 0.054251 
0.946154 133.000000 0.053846 
0.944939 136.000000 0.055061 
0.946154 133.000000 0.053846 
0.946559 132.000000 0.053441 
0.945749 134.000000 0.054251 
0.946154 133.000000 0.053846 
0.946559 132.000000 0.053441 
0.945749 134.000000 0.054251 
0.947368 130.000000 0.052632 
0.946154 133.000000 0.053846 
0.947773 129.000000 0.052227 
0.946964 131.000000 0.053036 
0.946964 131.000000 0.053036 
0.945344 135.000000 0.054656 
0.945749 134.000000 0.054251 
0.946964 131.000000 0.053036 
0.947368 130.000000 0.052632 
0.945344 135.000000 0.054656 
0.946559 132.000000 0.053441 
0.947773 129.000000 0.052227 
0.946154 133.000000 0.053846 
0.944939 136.000000 0.055061 
0.946964 131.000000 0.053036 
0.945749 134.000000 0.054251 
0.944939 136.000000 0.055061 
0.948178 128.000000 0.051822 
0.946964 131.000000 0.053036 
0.945749 134.000000 0.054251 
0.946154 133.000000 0.053846 
0.946559 132.000000 0.053441 
0.947773 129.000000 0.052227 
0.945344 135.000000 0.054656 
0.945344 135.000000 0.054656 
0.947773 129.000000 0.052227 
0.947368 130.000000 0.052632 
0.946154 133.000000 0.053846 
0.945344 135.000000 0.054656 
0.945344 135.000000 0.054656 
0.946154 133.000000 0.053846 
0.944534 137.000000 0.055466 
0.945749 134.000000 0.054251 
0.946559 132.000000 0.053441 
0.947773 129.000000 0.052227 
0.947773 129.000000 0.052227 
0.945749 134.000000 0.054251 
0.946964 131.000000 0.053036 
0.946154 133.000000 0.053846 
0.946559 132.000000 0.053441 
0.945344 135.000000 0.054656 
0.946559 132.000000 0.053441 
0.946964 131.000000 0.053036 
0.945344 135.000000 0.054656 
0.946154 133.000000 0.053846 
0.945344 135.000000 0.054656 
0.946154 133.000000 0.053846 
0.946964 131.000000 0.053036 
0.945344 135.000000 0.054656 
0.945344 135.000000 0.054656 
0.945749 134.000000 0.054251 
0.945749 134.000000 0.054251 
0.944939 136.000000 0.055061 
0.946154 133.000000 0.053846 
0.946964 131.000000 0.053036 
0.946559 132.000000 0.053441 
0.946559 132.000000 0.053441 
0.946559 132.000000 0.053441 
0.946964 131.000000 0.053036 
0.944534 137.000000 0.055466 
0.945344 135.000000 0.054656 
0.945749 134.000000 0.054251 
0.947368 130.000000 0.052632 
0.947368 130.000000 0.052632 
0.944534 137.000000 0.055466 
0.946559 132.000000 0.053441 
0.945749 134.000000 0.054251 
0.944534 137.000000 0.055466 
0.945749 134.000000 0.054251 
0.946559 132.000000 0.053441 
0.946964 131.000000 0.053036 
0.946964 131.000000 0.053036 
0.946559 132.000000 0.053441 
0.945344 135.000000 0.054656 
0.945344 135.000000 0.054656 
0.945344 135.000000 0.054656 
0.947773 129.000000 0.052227 
0.948178 128.000000 0.051822 
0.946154 133.000000 0.053846 
0.946964 131.000000 0.053036 
0.945749 134.000000 0.054251 
0.946964 131.000000 0.053036 
0.945344 135.000000 0.054656 
0.946559 132.000000 0.053441 
0.945344 135.000000 0.054656 
0.946964 131.000000 0.053036 
0.944939 136.000000 0.055061 
0.945749 134.000000 0.054251 
0.946964 131.000000 0.053036 
0.944939 136.000000 0.055061 
0.945344 135.000000 0.054656 
0.945749 134.000000 0.054251 
0.946559 132.000000 0.053441 
0.945344 135.000000 0.054656 
0.945749 134.000000 0.054251 
0.946154 133.000000 0.053846 
0.946154 133.000000 0.053846 
0.947368 130.000000 0.052632 
0.946559 132.000000 0.053441 
0.945749 134.000000 0.054251 
0.946154 133.000000 0.053846 
0.946154 133.000000 0.053846 
