0.552157 462.000000 0.247059 
0.545882 478.000000 0.255615 
0.556863 450.000000 0.240642 
0.540784 491.000000 0.262567 
0.550980 465.000000 0.248663 
0.552549 461.000000 0.246524 
0.554510 456.000000 0.243850 
0.556471 451.000000 0.241176 
0.544706 481.000000 0.257219 
0.550588 466.000000 0.249198 
0.553725 458.000000 0.244920 
0.551765 463.000000 0.247594 
0.548235 472.000000 0.252406 
0.552941 460.000000 0.245989 
0.552549 461.000000 0.246524 
0.540392 492.000000 0.263102 
0.543137 485.000000 0.259358 
0.550980 465.000000 0.248663 
0.552157 462.000000 0.247059 
0.547451 474.000000 0.253476 
0.550980 465.000000 0.248663 
0.553725 458.000000 0.244920 
0.554510 456.000000 0.243850 
0.556863 450.000000 0.240642 
0.547451 474.000000 0.253476 
0.549412 469.000000 0.250802 
0.542745 486.000000 0.259893 
0.549412 469.000000 0.250802 
0.547451 474.000000 0.253476 
0.548235 472.000000 0.252406 
0.554118 457.000000 0.244385 
0.554510 456.000000 0.243850 
0.541176 490.000000 0.262032 
0.546275 477.000000 0.255080 
0.550588 466.000000 0.249198 
0.547059 475.000000 0.254011 
0.551373 464.000000 0.248128 
0.545882 478.000000 0.255615 
0.549804 468.000000 0.250267 
0.547451 474.000000 0.253476 
0.548627 471.000000 0.251872 
0.546275 477.000000 0.255080 
0.551373 464.000000 0.248128 
0.549020 470.000000 0.251337 
0.548235 472.000000 0.252406 
0.554118 457.000000 0.244385 
0.555294 454.000000 0.242781 
0.552157 462.000000 0.247059 
0.548627 471.000000 0.251872 
0.550588 466.000000 0.249198 
0.545882 478.000000 0.255615 
0.548235 472.000000 0.252406 
0.551373 464.000000 0.248128 
0.550196 467.000000 0.249733 
0.551765 463.000000 0.247594 
0.551765 463.000000 0.247594 
0.553333 459.000000 0.245455 
0.543137 485.000000 0.259358 
0.553725 458.000000 0.244920 
0.547843 473.000000 0.252941 
0.548627 471.000000 0.251872 
0.551373 464.000000 0.248128 
0.546275 477.000000 0.255080 
0.549804 468.000000 0.250267 
0.549804 468.000000 0.250267 
0.541961 488.000000 0.260963 
0.549412 469.000000 0.250802 
0.550196 467.000000 0.249733 
0.546275 477.000000 0.255080 
0.551765 463.000000 0.247594 
0.549804 468.000000 0.250267 
0.548627 471.000000 0.251872 
0.552157 462.000000 0.247059 
0.550196 467.000000 0.249733 
0.551373 464.000000 0.248128 
0.550196 467.000000 0.249733 
0.548235 472.000000 0.252406 
0.555686 453.000000 0.242246 
0.552157 462.000000 0.247059 
0.551373 464.000000 0.248128 
0.551373 464.000000 0.248128 
0.552157 462.000000 0.247059 
0.548235 472.000000 0.252406 
0.550588 466.000000 0.249198 
0.554510 456.000000 0.243850 
0.548235 472.000000 0.252406 
0.551373 464.000000 0.248128 
0.550980 465.000000 0.248663 
0.552157 462.000000 0.247059 
0.548627 471.000000 0.251872 
0.552941 460.000000 0.245989 
0.549412 469.000000 0.250802 
0.553333 459.000000 0.245455 
0.549020 470.000000 0.251337 
0.548627 471.000000 0.251872 
0.549020 470.000000 0.251337 
0.547451 474.000000 0.253476 
0.552549 461.000000 0.246524 
0.551765 463.000000 0.247594 
0.546667 476.000000 0.254545 
0.554902 455.000000 0.243316 
0.550980 465.000000 0.248663 
0.547451 474.000000 0.253476 
0.550980 465.000000 0.248663 
0.550980 465.000000 0.248663 
0.552941 460.000000 0.245989 
0.545882 478.000000 0.255615 
0.558039 447.000000 0.239037 
0.549020 470.000000 0.251337 
0.543529 484.000000 0.258824 
0.552549 461.000000 0.246524 
0.546667 476.000000 0.254545 
0.550196 467.000000 0.249733 
0.548627 471.000000 0.251872 
0.549020 470.000000 0.251337 
0.554902 455.000000 0.243316 
0.549020 470.000000 0.251337 
0.555686 453.000000 0.242246 
0.552941 460.000000 0.245989 
0.546667 476.000000 0.254545 
0.545098 480.000000 0.256684 
0.553725 458.000000 0.244920 
0.549412 469.000000 0.250802 
0.545490 479.000000 0.256150 
0.547843 473.000000 0.252941 
0.540784 491.000000 0.262567 
0.543137 485.000000 0.259358 
0.550980 465.000000 0.248663 
0.544706 481.000000 0.257219 
0.552157 462.000000 0.247059 
0.540784 491.000000 0.262567 
0.548235 472.000000 0.252406 
0.553725 458.000000 0.244920 
0.549412 469.000000 0.250802 
0.551765 463.000000 0.247594 
0.550196 467.000000 0.249733 
0.544706 481.000000 0.257219 
0.555294 454.000000 0.242781 
0.550980 465.000000 0.248663 
0.546667 476.000000 0.254545 
0.554118 457.000000 0.244385 
0.550980 465.000000 0.248663 
0.556078 452.000000 0.241711 
0.549020 470.000000 0.251337 
0.558431 446.000000 0.238503 
0.549804 468.000000 0.250267 
0.548235 472.000000 0.252406 
0.547843 473.000000 0.252941 
0.543529 484.000000 0.258824 
0.549020 470.000000 0.251337 
0.549804 468.000000 0.250267 
0.545882 478.000000 0.255615 
0.549412 469.000000 0.250802 
0.548627 471.000000 0.251872 
0.547843 473.000000 0.252941 
0.558431 446.000000 0.238503 
0.543137 485.000000 0.259358 
0.548235 472.000000 0.252406 
0.541961 488.000000 0.260963 
0.547843 473.000000 0.252941 
0.548627 471.000000 0.251872 
0.552157 462.000000 0.247059 
0.549020 470.000000 0.251337 
0.552157 462.000000 0.247059 
0.549020 470.000000 0.251337 
0.550980 465.000000 0.248663 
0.549020 470.000000 0.251337 
0.554510 456.000000 0.243850 
0.550196 467.000000 0.249733 
0.545490 479.000000 0.256150 
0.552941 460.000000 0.245989 
0.547843 473.000000 0.252941 
0.546667 476.000000 0.254545 
0.546667 476.000000 0.254545 
0.551765 463.000000 0.247594 
0.547059 475.000000 0.254011 
0.556471 451.000000 0.241176 
0.547843 473.000000 0.252941 
0.554118 457.000000 0.244385 
0.549020 470.000000 0.251337 
0.553725 458.000000 0.244920 
0.552157 462.000000 0.247059 
0.555294 454.000000 0.242781 
0.548627 471.000000 0.251872 
0.549020 470.000000 0.251337 
0.552157 462.000000 0.247059 
0.552157 462.000000 0.247059 
0.549412 469.000000 0.250802 
0.550196 467.000000 0.249733 
0.550196 467.000000 0.249733 
0.546667 476.000000 0.254545 
0.550196 467.000000 0.249733 
0.545882 478.000000 0.255615 
0.549020 470.000000 0.251337 
0.541961 488.000000 0.260963 
0.547451 474.000000 0.253476 
0.554510 456.000000 0.243850 
0.553725 458.000000 0.244920 
0.554902 455.000000 0.243316 
0.548627 471.000000 0.251872 
0.556078 452.000000 0.241711 
0.552941 460.000000 0.245989 
0.551765 463.000000 0.247594 
0.548627 471.000000 0.251872 
0.552941 460.000000 0.245989 
0.547451 474.000000 0.253476 
0.555294 454.000000 0.242781 
0.550196 467.000000 0.249733 
0.549020 470.000000 0.251337 
0.543137 485.000000 0.259358 
0.551373 464.000000 0.248128 
0.548235 472.000000 0.252406 
0.549804 468.000000 0.250267 
0.550980 465.000000 0.248663 
0.552157 462.000000 0.247059 
0.546667 476.000000 0.254545 
0.543137 485.000000 0.259358 
0.555294 454.000000 0.242781 
0.554510 456.000000 0.243850 
0.550196 467.000000 0.249733 
0.557647 448.000000 0.239572 
0.547451 474.000000 0.253476 
0.549020 470.000000 0.251337 
0.543137 485.000000 0.259358 
0.545882 478.000000 0.255615 
0.541961 488.000000 0.260963 
0.553333 459.000000 0.245455 
0.548627 471.000000 0.251872 
0.547059 475.000000 0.254011 
0.552941 460.000000 0.245989 
0.558431 446.000000 0.238503 
0.545882 478.000000 0.255615 
0.547059 475.000000 0.254011 
0.549412 469.000000 0.250802 
0.544314 482.000000 0.257754 
0.548627 471.000000 0.251872 
0.548627 471.000000 0.251872 
0.547059 475.000000 0.254011 
0.547451 474.000000 0.253476 
0.547059 475.000000 0.254011 
0.550196 467.000000 0.249733 
0.545098 480.000000 0.256684 
0.546667 476.000000 0.254545 
0.550588 466.000000 0.249198 
0.545490 479.000000 0.256150 
0.546667 476.000000 0.254545 
0.545098 480.000000 0.256684 
0.550980 465.000000 0.248663 
0.552941 460.000000 0.245989 
0.552549 461.000000 0.246524 
0.544706 481.000000 0.257219 
0.556863 450.000000 0.240642 
0.544314 482.000000 0.257754 
0.545490 479.000000 0.256150 
0.548235 472.000000 0.252406 
0.550588 466.000000 0.249198 
0.554118 457.000000 0.244385 
0.548235 472.000000 0.252406 
0.549804 468.000000 0.250267 
0.559216 444.000000 0.237433 
0.553725 458.000000 0.244920 
0.554902 455.000000 0.243316 
0.547451 474.000000 0.253476 
0.550196 467.000000 0.249733 
0.551373 464.000000 0.248128 
0.549412 469.000000 0.250802 
0.548627 471.000000 0.251872 
0.556863 450.000000 0.240642 
0.551765 463.000000 0.247594 
0.548235 472.000000 0.252406 
0.545882 478.000000 0.255615 
0.549020 470.000000 0.251337 
0.552941 460.000000 0.245989 
0.550980 465.000000 0.248663 
0.548235 472.000000 0.252406 
0.552941 460.000000 0.245989 
0.547843 473.000000 0.252941 
0.547451 474.000000 0.253476 
0.551373 464.000000 0.248128 
0.550196 467.000000 0.249733 
0.560392 441.000000 0.235829 
0.554118 457.000000 0.244385 
0.555686 453.000000 0.242246 
0.548627 471.000000 0.251872 
0.551765 463.000000 0.247594 
0.547059 475.000000 0.254011 
0.543137 485.000000 0.259358 
0.550196 467.000000 0.249733 
0.549804 468.000000 0.250267 
0.546667 476.000000 0.254545 
0.552941 460.000000 0.245989 
0.545882 478.000000 0.255615 
0.552157 462.000000 0.247059 
0.549020 470.000000 0.251337 
0.550196 467.000000 0.249733 
0.555686 453.000000 0.242246 
0.547843 473.000000 0.252941 
0.542353 487.000000 0.260428 
0.552157 462.000000 0.247059 
0.549020 470.000000 0.251337 
0.553333 459.000000 0.245455 
0.551765 463.000000 0.247594 
0.547843 473.000000 0.252941 
0.557255 449.000000 0.240107 
0.547843 473.000000 0.252941 
0.554902 455.000000 0.243316 
0.552549 461.000000 0.246524 
0.544706 481.000000 0.257219 
0.549804 468.000000 0.250267 
0.553725 458.000000 0.244920 
0.542353 487.000000 0.260428 
0.547843 473.000000 0.252941 
0.553725 458.000000 0.244920 
0.556471 451.000000 0.241176 
0.545098 480.000000 0.256684 
0.550196 467.000000 0.249733 
0.547843 473.000000 0.252941 
0.553333 459.000000 0.245455 
0.545490 479.000000 0.256150 
0.548627 471.000000 0.251872 
0.554510 456.000000 0.243850 
0.552157 462.000000 0.247059 
0.549020 470.000000 0.251337 
0.552157 462.000000 0.247059 
0.544314 482.000000 0.257754 
0.545098 480.000000 0.256684 
0.543529 484.000000 0.258824 
0.548627 471.000000 0.251872 
0.548235 472.000000 0.252406 
0.550980 465.000000 0.248663 
0.547451 474.000000 0.253476 
0.544706 481.000000 0.257219 
0.548627 471.000000 0.251872 
0.549020 470.000000 0.251337 
0.554118 457.000000 0.244385 
0.553725 458.000000 0.244920 
0.549412 469.000000 0.250802 
0.553333 459.000000 0.245455 
0.543529 484.000000 0.258824 
0.550196 467.000000 0.249733 
0.552549 461.000000 0.246524 
0.552157 462.000000 0.247059 
0.548235 472.000000 0.252406 
0.547451 474.000000 0.253476 
0.549804 468.000000 0.250267 
0.550980 465.000000 0.248663 
0.549020 470.000000 0.251337 
0.548235 472.000000 0.252406 
0.547843 473.000000 0.252941 
0.551765 463.000000 0.247594 
0.551373 464.000000 0.248128 
0.552549 461.000000 0.246524 
0.551373 464.000000 0.248128 
0.549804 468.000000 0.250267 
0.552941 460.000000 0.245989 
0.543922 483.000000 0.258289 
0.552157 462.000000 0.247059 
0.548627 471.000000 0.251872 
0.550588 466.000000 0.249198 
0.552157 462.000000 0.247059 
0.548235 472.000000 0.252406 
0.554902 455.000000 0.243316 
0.543529 484.000000 0.258824 
0.551373 464.000000 0.248128 
0.548235 472.000000 0.252406 
0.544314 482.000000 0.257754 
0.551373 464.000000 0.248128 
0.551765 463.000000 0.247594 
0.543529 484.000000 0.258824 
0.553333 459.000000 0.245455 
0.553725 458.000000 0.244920 
0.548627 471.000000 0.251872 
0.543137 485.000000 0.259358 
0.550588 466.000000 0.249198 
0.545882 478.000000 0.255615 
0.549412 469.000000 0.250802 
0.552549 461.000000 0.246524 
0.550588 466.000000 0.249198 
0.552941 460.000000 0.245989 
0.552549 461.000000 0.246524 
0.552549 461.000000 0.246524 
0.549804 468.000000 0.250267 
0.545490 479.000000 0.256150 
0.547843 473.000000 0.252941 
0.541176 490.000000 0.262032 
0.541961 488.000000 0.260963 
0.549412 469.000000 0.250802 
0.551373 464.000000 0.248128 
0.549412 469.000000 0.250802 
0.552157 462.000000 0.247059 
0.557647 448.000000 0.239572 
0.544314 482.000000 0.257754 
0.556863 450.000000 0.240642 
0.550588 466.000000 0.249198 
0.548235 472.000000 0.252406 
0.548627 471.000000 0.251872 
0.544706 481.000000 0.257219 
0.547451 474.000000 0.253476 
0.545098 480.000000 0.256684 
0.549020 470.000000 0.251337 
0.555294 454.000000 0.242781 
0.550588 466.000000 0.249198 
0.548235 472.000000 0.252406 
0.545882 478.000000 0.255615 
0.549804 468.000000 0.250267 
0.552941 460.000000 0.245989 
0.554118 457.000000 0.244385 
0.545882 478.000000 0.255615 
0.551765 463.000000 0.247594 
0.556078 452.000000 0.241711 
0.556078 452.000000 0.241711 
0.548627 471.000000 0.251872 
0.551373 464.000000 0.248128 
0.552157 462.000000 0.247059 
0.550588 466.000000 0.249198 
0.549412 469.000000 0.250802 
0.552157 462.000000 0.247059 
0.549804 468.000000 0.250267 
0.548235 472.000000 0.252406 
0.547059 475.000000 0.254011 
0.552549 461.000000 0.246524 
0.548235 472.000000 0.252406 
0.541176 490.000000 0.262032 
0.545490 479.000000 0.256150 
0.544706 481.000000 0.257219 
0.553333 459.000000 0.245455 
0.547843 473.000000 0.252941 
0.552549 461.000000 0.246524 
0.548627 471.000000 0.251872 
0.548627 471.000000 0.251872 
0.545098 480.000000 0.256684 
0.541961 488.000000 0.260963 
0.550196 467.000000 0.249733 
0.552549 461.000000 0.246524 
0.547843 473.000000 0.252941 
0.549804 468.000000 0.250267 
0.546275 477.000000 0.255080 
0.552157 462.000000 0.247059 
0.550196 467.000000 0.249733 
0.545490 479.000000 0.256150 
0.550196 467.000000 0.249733 
0.543922 483.000000 0.258289 
0.552549 461.000000 0.246524 
0.547059 475.000000 0.254011 
0.545882 478.000000 0.255615 
0.551373 464.000000 0.248128 
0.554118 457.000000 0.244385 
0.546275 477.000000 0.255080 
0.551765 463.000000 0.247594 
0.553725 458.000000 0.244920 
0.545490 479.000000 0.256150 
0.549412 469.000000 0.250802 
0.550980 465.000000 0.248663 
0.545490 479.000000 0.256150 
0.552549 461.000000 0.246524 
0.548235 472.000000 0.252406 
0.550196 467.000000 0.249733 
0.552549 461.000000 0.246524 
0.548627 471.000000 0.251872 
0.544706 481.000000 0.257219 
0.545882 478.000000 0.255615 
0.545882 478.000000 0.255615 
0.554902 455.000000 0.243316 
0.550196 467.000000 0.249733 
0.548627 471.000000 0.251872 
0.544706 481.000000 0.257219 
0.548235 472.000000 0.252406 
0.545098 480.000000 0.256684 
0.546275 477.000000 0.255080 
0.548627 471.000000 0.251872 
0.545490 479.000000 0.256150 
0.545098 480.000000 0.256684 
0.555686 453.000000 0.242246 
0.550980 465.000000 0.248663 
0.549804 468.000000 0.250267 
0.557255 449.000000 0.240107 
0.547451 474.000000 0.253476 
0.547451 474.000000 0.253476 
0.549020 470.000000 0.251337 
0.546275 477.000000 0.255080 
0.549804 468.000000 0.250267 
0.549804 468.000000 0.250267 
0.549412 469.000000 0.250802 
0.547843 473.000000 0.252941 
0.545882 478.000000 0.255615 
0.550196 467.000000 0.249733 
0.545882 478.000000 0.255615 
0.556471 451.000000 0.241176 
0.546275 477.000000 0.255080 
0.548235 472.000000 0.252406 
0.549412 469.000000 0.250802 
0.549020 470.000000 0.251337 
0.552157 462.000000 0.247059 
0.549804 468.000000 0.250267 
0.550588 466.000000 0.249198 
0.554118 457.000000 0.244385 
0.546667 476.000000 0.254545 
0.547843 473.000000 0.252941 
0.548235 472.000000 0.252406 
0.554118 457.000000 0.244385 
0.556078 452.000000 0.241711 
0.545098 480.000000 0.256684 
0.547059 475.000000 0.254011 
0.551765 463.000000 0.247594 
0.549412 469.000000 0.250802 
0.550588 466.000000 0.249198 
0.551765 463.000000 0.247594 
0.551765 463.000000 0.247594 
0.557647 448.000000 0.239572 
0.553725 458.000000 0.244920 
0.550980 465.000000 0.248663 
0.550980 465.000000 0.248663 
0.552941 460.000000 0.245989 
0.553333 459.000000 0.245455 
0.546667 476.000000 0.254545 
0.544314 482.000000 0.257754 
0.552157 462.000000 0.247059 
0.547843 473.000000 0.252941 
0.543529 484.000000 0.258824 
0.546275 477.000000 0.255080 
0.551765 463.000000 0.247594 
0.547059 475.000000 0.254011 
0.549020 470.000000 0.251337 
0.544706 481.000000 0.257219 
0.552941 460.000000 0.245989 
0.552941 460.000000 0.245989 
0.550980 465.000000 0.248663 
0.546667 476.000000 0.254545 
0.547059 475.000000 0.254011 
0.545098 480.000000 0.256684 
0.550588 466.000000 0.249198 
0.554118 457.000000 0.244385 
0.548627 471.000000 0.251872 
0.549412 469.000000 0.250802 
0.548627 471.000000 0.251872 
0.552549 461.000000 0.246524 
0.550980 465.000000 0.248663 
0.549804 468.000000 0.250267 
0.543529 484.000000 0.258824 
0.546667 476.000000 0.254545 
0.549804 468.000000 0.250267 
0.550196 467.000000 0.249733 
0.547843 473.000000 0.252941 
0.548235 472.000000 0.252406 
0.554118 457.000000 0.244385 
0.547451 474.000000 0.253476 
0.543922 483.000000 0.258289 
0.556078 452.000000 0.241711 
0.549020 470.000000 0.251337 
0.552157 462.000000 0.247059 
0.547451 474.000000 0.253476 
0.545882 478.000000 0.255615 
0.548627 471.000000 0.251872 
0.544314 482.000000 0.257754 
0.553333 459.000000 0.245455 
0.556078 452.000000 0.241711 
0.551373 464.000000 0.248128 
0.547843 473.000000 0.252941 
0.552549 461.000000 0.246524 
0.552157 462.000000 0.247059 
0.549804 468.000000 0.250267 
0.554510 456.000000 0.243850 
0.550196 467.000000 0.249733 
0.545490 479.000000 0.256150 
0.544706 481.000000 0.257219 
0.547059 475.000000 0.254011 
0.546667 476.000000 0.254545 
0.552549 461.000000 0.246524 
0.543529 484.000000 0.258824 
0.550980 465.000000 0.248663 
0.547843 473.000000 0.252941 
0.554902 455.000000 0.243316 
0.554118 457.000000 0.244385 
0.549412 469.000000 0.250802 
0.540392 492.000000 0.263102 
0.548627 471.000000 0.251872 
0.554510 456.000000 0.243850 
0.547451 474.000000 0.253476 
0.555294 454.000000 0.242781 
0.555686 453.000000 0.242246 
0.554510 456.000000 0.243850 
0.552549 461.000000 0.246524 
0.553725 458.000000 0.244920 
0.543922 483.000000 0.258289 
0.542745 486.000000 0.259893 
0.548235 472.000000 0.252406 
0.545882 478.000000 0.255615 
0.550196 467.000000 0.249733 
0.540392 492.000000 0.263102 
0.555686 453.000000 0.242246 
0.547451 474.000000 0.253476 
0.548627 471.000000 0.251872 
0.559608 443.000000 0.236898 
0.542353 487.000000 0.260428 
0.550980 465.000000 0.248663 
0.554118 457.000000 0.244385 
0.554118 457.000000 0.244385 
0.551765 463.000000 0.247594 
0.545490 479.000000 0.256150 
0.554118 457.000000 0.244385 
0.553725 458.000000 0.244920 
0.540784 491.000000 0.262567 
0.553333 459.000000 0.245455 
0.547059 475.000000 0.254011 
0.539608 494.000000 0.264171 
0.548235 472.000000 0.252406 
0.550980 465.000000 0.248663 
0.541961 488.000000 0.260963 
0.549804 468.000000 0.250267 
0.556471 451.000000 0.241176 
0.544706 481.000000 0.257219 
0.558824 445.000000 0.237968 
0.552157 462.000000 0.247059 
0.554118 457.000000 0.244385 
0.552157 462.000000 0.247059 
0.547843 473.000000 0.252941 
0.549804 468.000000 0.250267 
0.543137 485.000000 0.259358 
0.549020 470.000000 0.251337 
0.541961 488.000000 0.260963 
0.552157 462.000000 0.247059 
0.547451 474.000000 0.253476 
0.550588 466.000000 0.249198 
0.550196 467.000000 0.249733 
0.554510 456.000000 0.243850 
0.547059 475.000000 0.254011 
0.547843 473.000000 0.252941 
0.550196 467.000000 0.249733 
0.548627 471.000000 0.251872 
0.544314 482.000000 0.257754 
0.553333 459.000000 0.245455 
0.552157 462.000000 0.247059 
0.545882 478.000000 0.255615 
0.550980 465.000000 0.248663 
0.549020 470.000000 0.251337 
0.550196 467.000000 0.249733 
0.548627 471.000000 0.251872 
0.549804 468.000000 0.250267 
0.553333 459.000000 0.245455 
0.554510 456.000000 0.243850 
0.542745 486.000000 0.259893 
0.550588 466.000000 0.249198 
0.547451 474.000000 0.253476 
0.549804 468.000000 0.250267 
0.552941 460.000000 0.245989 
0.552941 460.000000 0.245989 
0.547843 473.000000 0.252941 
0.551373 464.000000 0.248128 
0.549804 468.000000 0.250267 
0.552157 462.000000 0.247059 
0.552549 461.000000 0.246524 
0.547059 475.000000 0.254011 
0.554510 456.000000 0.243850 
0.548235 472.000000 0.252406 
0.550980 465.000000 0.248663 
0.541176 490.000000 0.262032 
0.552549 461.000000 0.246524 
0.547059 475.000000 0.254011 
0.547451 474.000000 0.253476 
0.551373 464.000000 0.248128 
0.547843 473.000000 0.252941 
0.542745 486.000000 0.259893 
0.552157 462.000000 0.247059 
0.557255 449.000000 0.240107 
0.548627 471.000000 0.251872 
0.547451 474.000000 0.253476 
0.548235 472.000000 0.252406 
0.547843 473.000000 0.252941 
0.549020 470.000000 0.251337 
0.546275 477.000000 0.255080 
0.550980 465.000000 0.248663 
0.545882 478.000000 0.255615 
0.560784 440.000000 0.235294 
0.556471 451.000000 0.241176 
0.552157 462.000000 0.247059 
0.549412 469.000000 0.250802 
0.552549 461.000000 0.246524 
0.550588 466.000000 0.249198 
0.553333 459.000000 0.245455 
0.539216 495.000000 0.264706 
0.554510 456.000000 0.243850 
0.552157 462.000000 0.247059 
0.549412 469.000000 0.250802 
0.546275 477.000000 0.255080 
0.551765 463.000000 0.247594 
0.550196 467.000000 0.249733 
0.554510 456.000000 0.243850 
0.549804 468.000000 0.250267 
0.554902 455.000000 0.243316 
0.557647 448.000000 0.239572 
0.545490 479.000000 0.256150 
0.554510 456.000000 0.243850 
0.550588 466.000000 0.249198 
0.552157 462.000000 0.247059 
0.545882 478.000000 0.255615 
0.554902 455.000000 0.243316 
0.547843 473.000000 0.252941 
0.552549 461.000000 0.246524 
0.554118 457.000000 0.244385 
0.544706 481.000000 0.257219 
0.547451 474.000000 0.253476 
0.549412 469.000000 0.250802 
0.552157 462.000000 0.247059 
0.545882 478.000000 0.255615 
0.547059 475.000000 0.254011 
0.545882 478.000000 0.255615 
0.551765 463.000000 0.247594 
0.545882 478.000000 0.255615 
0.544314 482.000000 0.257754 
0.548235 472.000000 0.252406 
0.543922 483.000000 0.258289 
0.549412 469.000000 0.250802 
0.554902 455.000000 0.243316 
0.548627 471.000000 0.251872 
0.547451 474.000000 0.253476 
0.545490 479.000000 0.256150 
0.545098 480.000000 0.256684 
0.552549 461.000000 0.246524 
0.548235 472.000000 0.252406 
0.550196 467.000000 0.249733 
0.552157 462.000000 0.247059 
0.550588 466.000000 0.249198 
0.545098 480.000000 0.256684 
0.550196 467.000000 0.249733 
0.546275 477.000000 0.255080 
0.556078 452.000000 0.241711 
0.556471 451.000000 0.241176 
0.554902 455.000000 0.243316 
0.551373 464.000000 0.248128 
0.547843 473.000000 0.252941 
0.550588 466.000000 0.249198 
0.551765 463.000000 0.247594 
0.550588 466.000000 0.249198 
0.545098 480.000000 0.256684 
0.552157 462.000000 0.247059 
0.552549 461.000000 0.246524 
0.548235 472.000000 0.252406 
0.547843 473.000000 0.252941 
0.551765 463.000000 0.247594 
0.554510 456.000000 0.243850 
0.552157 462.000000 0.247059 
0.552157 462.000000 0.247059 
0.549412 469.000000 0.250802 
0.549412 469.000000 0.250802 
0.551373 464.000000 0.248128 
0.556471 451.000000 0.241176 
0.559216 444.000000 0.237433 
0.550588 466.000000 0.249198 
0.545490 479.000000 0.256150 
0.560000 442.000000 0.236364 
0.557255 449.000000 0.240107 
0.552157 462.000000 0.247059 
0.550980 465.000000 0.248663 
0.541961 488.000000 0.260963 
0.549020 470.000000 0.251337 
0.549804 468.000000 0.250267 
0.549804 468.000000 0.250267 
0.549412 469.000000 0.250802 
0.546275 477.000000 0.255080 
0.548235 472.000000 0.252406 
0.551765 463.000000 0.247594 
0.555686 453.000000 0.242246 
0.554510 456.000000 0.243850 
0.549804 468.000000 0.250267 
0.539608 494.000000 0.264171 
0.550980 465.000000 0.248663 
0.552549 461.000000 0.246524 
0.548235 472.000000 0.252406 
0.553725 458.000000 0.244920 
0.543137 485.000000 0.259358 
0.544706 481.000000 0.257219 
0.552549 461.000000 0.246524 
0.543529 484.000000 0.258824 
0.554510 456.000000 0.243850 
0.547451 474.000000 0.253476 
0.543529 484.000000 0.258824 
0.550980 465.000000 0.248663 
0.547451 474.000000 0.253476 
0.550588 466.000000 0.249198 
0.547059 475.000000 0.254011 
0.548235 472.000000 0.252406 
0.549804 468.000000 0.250267 
0.545490 479.000000 0.256150 
0.552157 462.000000 0.247059 
0.542745 486.000000 0.259893 
0.548235 472.000000 0.252406 
0.551765 463.000000 0.247594 
0.546667 476.000000 0.254545 
0.545098 480.000000 0.256684 
0.552549 461.000000 0.246524 
0.549412 469.000000 0.250802 
0.544314 482.000000 0.257754 
0.558824 445.000000 0.237968 
0.555686 453.000000 0.242246 
0.552157 462.000000 0.247059 
0.553725 458.000000 0.244920 
0.551765 463.000000 0.247594 
0.548627 471.000000 0.251872 
0.545098 480.000000 0.256684 
0.550980 465.000000 0.248663 
0.547059 475.000000 0.254011 
0.547451 474.000000 0.253476 
0.547843 473.000000 0.252941 
0.550980 465.000000 0.248663 
0.554902 455.000000 0.243316 
0.550196 467.000000 0.249733 
0.551765 463.000000 0.247594 
0.550588 466.000000 0.249198 
0.546275 477.000000 0.255080 
0.550196 467.000000 0.249733 
0.557255 449.000000 0.240107 
0.547843 473.000000 0.252941 
0.553725 458.000000 0.244920 
0.550196 467.000000 0.249733 
0.544706 481.000000 0.257219 
0.552549 461.000000 0.246524 
0.549412 469.000000 0.250802 
0.548235 472.000000 0.252406 
0.545490 479.000000 0.256150 
0.552549 461.000000 0.246524 
0.549412 469.000000 0.250802 
0.549804 468.000000 0.250267 
0.547451 474.000000 0.253476 
0.547843 473.000000 0.252941 
0.552941 460.000000 0.245989 
0.552549 461.000000 0.246524 
0.550588 466.000000 0.249198 
0.560000 442.000000 0.236364 
0.550196 467.000000 0.249733 
0.548627 471.000000 0.251872 
0.549412 469.000000 0.250802 
0.549804 468.000000 0.250267 
0.547059 475.000000 0.254011 
0.542353 487.000000 0.260428 
0.547843 473.000000 0.252941 
0.548627 471.000000 0.251872 
0.539608 494.000000 0.264171 
0.557647 448.000000 0.239572 
0.556863 450.000000 0.240642 
0.551765 463.000000 0.247594 
0.549804 468.000000 0.250267 
0.555686 453.000000 0.242246 
0.547059 475.000000 0.254011 
0.550980 465.000000 0.248663 
0.543137 485.000000 0.259358 
0.545490 479.000000 0.256150 
0.550196 467.000000 0.249733 
0.553333 459.000000 0.245455 
0.552549 461.000000 0.246524 
0.543529 484.000000 0.258824 
0.545490 479.000000 0.256150 
0.543922 483.000000 0.258289 
0.548627 471.000000 0.251872 
0.550196 467.000000 0.249733 
0.547451 474.000000 0.253476 
0.546667 476.000000 0.254545 
0.546667 476.000000 0.254545 
0.548627 471.000000 0.251872 
0.551373 464.000000 0.248128 
0.546667 476.000000 0.254545 
0.549020 470.000000 0.251337 
0.550588 466.000000 0.249198 
0.550588 466.000000 0.249198 
0.547451 474.000000 0.253476 
0.550588 466.000000 0.249198 
0.550588 466.000000 0.249198 
0.552157 462.000000 0.247059 
0.549412 469.000000 0.250802 
0.548235 472.000000 0.252406 
0.552941 460.000000 0.245989 
0.545882 478.000000 0.255615 
0.550980 465.000000 0.248663 
0.557255 449.000000 0.240107 
0.552941 460.000000 0.245989 
0.550196 467.000000 0.249733 
0.550588 466.000000 0.249198 
0.554902 455.000000 0.243316 
0.548235 472.000000 0.252406 
0.555294 454.000000 0.242781 
0.554902 455.000000 0.243316 
0.546667 476.000000 0.254545 
0.542745 486.000000 0.259893 
0.550980 465.000000 0.248663 
0.547843 473.000000 0.252941 
0.552941 460.000000 0.245989 
0.544706 481.000000 0.257219 
0.553725 458.000000 0.244920 
0.552941 460.000000 0.245989 
0.554118 457.000000 0.244385 
0.550588 466.000000 0.249198 
0.547451 474.000000 0.253476 
0.545490 479.000000 0.256150 
0.548627 471.000000 0.251872 
0.550980 465.000000 0.248663 
0.550196 467.000000 0.249733 
0.552157 462.000000 0.247059 
0.546667 476.000000 0.254545 
0.550980 465.000000 0.248663 
0.548627 471.000000 0.251872 
0.550980 465.000000 0.248663 
0.548627 471.000000 0.251872 
0.539608 494.000000 0.264171 
0.550588 466.000000 0.249198 
0.553333 459.000000 0.245455 
0.548627 471.000000 0.251872 
0.552549 461.000000 0.246524 
0.555686 453.000000 0.242246 
0.545098 480.000000 0.256684 
0.547451 474.000000 0.253476 
0.549020 470.000000 0.251337 
0.555686 453.000000 0.242246 
0.547451 474.000000 0.253476 
0.547843 473.000000 0.252941 
0.552549 461.000000 0.246524 
0.550980 465.000000 0.248663 
0.546667 476.000000 0.254545 
0.551373 464.000000 0.248128 
0.549804 468.000000 0.250267 
0.545490 479.000000 0.256150 
0.547843 473.000000 0.252941 
0.554902 455.000000 0.243316 
0.549020 470.000000 0.251337 
0.543137 485.000000 0.259358 
0.548235 472.000000 0.252406 
0.543922 483.000000 0.258289 
0.551373 464.000000 0.248128 
0.552941 460.000000 0.245989 
0.549412 469.000000 0.250802 
0.554510 456.000000 0.243850 
0.552941 460.000000 0.245989 
0.558431 446.000000 0.238503 
0.553725 458.000000 0.244920 
0.554118 457.000000 0.244385 
0.555294 454.000000 0.242781 
0.553725 458.000000 0.244920 
0.549020 470.000000 0.251337 
0.547843 473.000000 0.252941 
0.539608 494.000000 0.264171 
0.547843 473.000000 0.252941 
0.555686 453.000000 0.242246 
0.555294 454.000000 0.242781 
0.548627 471.000000 0.251872 
0.548627 471.000000 0.251872 
0.548627 471.000000 0.251872 
0.550196 467.000000 0.249733 
0.558039 447.000000 0.239037 
0.553333 459.000000 0.245455 
0.555294 454.000000 0.242781 
0.549412 469.000000 0.250802 
0.547059 475.000000 0.254011 
0.550980 465.000000 0.248663 
0.543922 483.000000 0.258289 
0.546275 477.000000 0.255080 
0.547843 473.000000 0.252941 
0.546667 476.000000 0.254545 
0.547451 474.000000 0.253476 
0.550980 465.000000 0.248663 
0.549412 469.000000 0.250802 
0.551373 464.000000 0.248128 
0.547451 474.000000 0.253476 
0.545098 480.000000 0.256684 
0.553725 458.000000 0.244920 
0.550588 466.000000 0.249198 
0.545098 480.000000 0.256684 
0.545098 480.000000 0.256684 
0.550196 467.000000 0.249733 
0.547843 473.000000 0.252941 
0.554510 456.000000 0.243850 
0.551373 464.000000 0.248128 
0.550980 465.000000 0.248663 
0.553725 458.000000 0.244920 
0.554510 456.000000 0.243850 
0.551373 464.000000 0.248128 
0.547451 474.000000 0.253476 
0.545098 480.000000 0.256684 
0.547843 473.000000 0.252941 
0.549412 469.000000 0.250802 
0.550196 467.000000 0.249733 
0.552549 461.000000 0.246524 
0.548235 472.000000 0.252406 
0.549804 468.000000 0.250267 
0.543137 485.000000 0.259358 
0.549412 469.000000 0.250802 
0.554118 457.000000 0.244385 
0.554118 457.000000 0.244385 
0.547843 473.000000 0.252941 
0.553333 459.000000 0.245455 
0.551765 463.000000 0.247594 
0.548627 471.000000 0.251872 
0.552549 461.000000 0.246524 
0.551765 463.000000 0.247594 
0.539216 495.000000 0.264706 
0.551373 464.000000 0.248128 
0.547451 474.000000 0.253476 
0.555686 453.000000 0.242246 
0.546667 476.000000 0.254545 
0.553333 459.000000 0.245455 
0.551373 464.000000 0.248128 
0.550196 467.000000 0.249733 
0.555294 454.000000 0.242781 
0.552941 460.000000 0.245989 
0.550588 466.000000 0.249198 
0.550588 466.000000 0.249198 
0.548627 471.000000 0.251872 
0.553333 459.000000 0.245455 
0.551373 464.000000 0.248128 
0.550588 466.000000 0.249198 
0.547451 474.000000 0.253476 
0.547843 473.000000 0.252941 
0.552941 460.000000 0.245989 
0.544314 482.000000 0.257754 
0.547451 474.000000 0.253476 
0.552549 461.000000 0.246524 
0.558824 445.000000 0.237968 
0.553333 459.000000 0.245455 
0.545098 480.000000 0.256684 
0.545490 479.000000 0.256150 
0.547059 475.000000 0.254011 
0.552941 460.000000 0.245989 
0.543529 484.000000 0.258824 
0.553725 458.000000 0.244920 
0.543529 484.000000 0.258824 
0.546275 477.000000 0.255080 
0.552157 462.000000 0.247059 
0.553725 458.000000 0.244920 
0.553333 459.000000 0.245455 
0.546667 476.000000 0.254545 
0.547451 474.000000 0.253476 
0.551373 464.000000 0.248128 
0.545098 480.000000 0.256684 
0.547059 475.000000 0.254011 
0.543529 484.000000 0.258824 
0.548627 471.000000 0.251872 
0.547451 474.000000 0.253476 
0.553333 459.000000 0.245455 
0.542745 486.000000 0.259893 
0.550980 465.000000 0.248663 
0.555294 454.000000 0.242781 
0.556863 450.000000 0.240642 
0.550196 467.000000 0.249733 
0.552157 462.000000 0.247059 
0.551373 464.000000 0.248128 
0.552549 461.000000 0.246524 
0.547451 474.000000 0.253476 
0.553333 459.000000 0.245455 
0.552941 460.000000 0.245989 
0.549804 468.000000 0.250267 
0.550588 466.000000 0.249198 
0.546667 476.000000 0.254545 
0.542353 487.000000 0.260428 
0.552157 462.000000 0.247059 
0.553333 459.000000 0.245455 
0.549412 469.000000 0.250802 
0.550588 466.000000 0.249198 
0.547059 475.000000 0.254011 
0.553333 459.000000 0.245455 
0.558039 447.000000 0.239037 
0.548627 471.000000 0.251872 
0.549804 468.000000 0.250267 
0.547843 473.000000 0.252941 
0.554118 457.000000 0.244385 
0.545882 478.000000 0.255615 
0.548627 471.000000 0.251872 
0.548627 471.000000 0.251872 
0.556863 450.000000 0.240642 
0.553725 458.000000 0.244920 
0.547059 475.000000 0.254011 
0.553725 458.000000 0.244920 
0.547843 473.000000 0.252941 
0.543137 485.000000 0.259358 
0.550196 467.000000 0.249733 
0.552941 460.000000 0.245989 
0.549412 469.000000 0.250802 
0.552941 460.000000 0.245989 
0.548627 471.000000 0.251872 
0.540392 492.000000 0.263102 
0.545098 480.000000 0.256684 
0.545490 479.000000 0.256150 
0.550980 465.000000 0.248663 
0.550196 467.000000 0.249733 
0.551765 463.000000 0.247594 
0.552157 462.000000 0.247059 
0.541961 488.000000 0.260963 
0.555686 453.000000 0.242246 
0.553725 458.000000 0.244920 
0.547843 473.000000 0.252941 
0.545882 478.000000 0.255615 
0.549020 470.000000 0.251337 
0.548235 472.000000 0.252406 
0.547843 473.000000 0.252941 
0.552157 462.000000 0.247059 
0.547451 474.000000 0.253476 
0.551765 463.000000 0.247594 
0.548627 471.000000 0.251872 
0.551373 464.000000 0.248128 
0.547451 474.000000 0.253476 
0.550196 467.000000 0.249733 
0.552157 462.000000 0.247059 
0.542745 486.000000 0.259893 
0.552157 462.000000 0.247059 
0.556078 452.000000 0.241711 
0.550980 465.000000 0.248663 
0.546667 476.000000 0.254545 
0.546667 476.000000 0.254545 
0.546275 477.000000 0.255080 
0.550588 466.000000 0.249198 
0.544314 482.000000 0.257754 
0.553725 458.000000 0.244920 
0.553725 458.000000 0.244920 
0.548235 472.000000 0.252406 
0.552549 461.000000 0.246524 
0.551373 464.000000 0.248128 
0.549412 469.000000 0.250802 
0.544706 481.000000 0.257219 
0.552549 461.000000 0.246524 
0.553725 458.000000 0.244920 
0.549020 470.000000 0.251337 
0.552157 462.000000 0.247059 
0.547843 473.000000 0.252941 
0.549020 470.000000 0.251337 
0.544706 481.000000 0.257219 
0.550980 465.000000 0.248663 
0.549020 470.000000 0.251337 
0.541176 490.000000 0.262032 
0.547059 475.000000 0.254011 
0.555686 453.000000 0.242246 
0.544706 481.000000 0.257219 
0.557647 448.000000 0.239572 
0.552941 460.000000 0.245989 
0.551765 463.000000 0.247594 
0.549412 469.000000 0.250802 
0.549412 469.000000 0.250802 
0.547843 473.000000 0.252941 
0.557255 449.000000 0.240107 
0.552941 460.000000 0.245989 
0.552157 462.000000 0.247059 
0.547451 474.000000 0.253476 
0.548627 471.000000 0.251872 
0.557255 449.000000 0.240107 
0.549020 470.000000 0.251337 
0.552157 462.000000 0.247059 
0.553725 458.000000 0.244920 
0.548627 471.000000 0.251872 
0.555294 454.000000 0.242781 
0.548627 471.000000 0.251872 
0.553725 458.000000 0.244920 
0.551373 464.000000 0.248128 
0.547059 475.000000 0.254011 
0.543922 483.000000 0.258289 
0.551765 463.000000 0.247594 
0.548627 471.000000 0.251872 
0.550588 466.000000 0.249198 
0.553725 458.000000 0.244920 
0.549804 468.000000 0.250267 
0.544314 482.000000 0.257754 
0.556863 450.000000 0.240642 
0.557647 448.000000 0.239572 
0.545490 479.000000 0.256150 
0.552157 462.000000 0.247059 
0.545882 478.000000 0.255615 
0.543529 484.000000 0.258824 
0.552941 460.000000 0.245989 
0.550196 467.000000 0.249733 
0.554118 457.000000 0.244385 
0.551765 463.000000 0.247594 
0.545490 479.000000 0.256150 
0.548235 472.000000 0.252406 
0.552549 461.000000 0.246524 
0.548235 472.000000 0.252406 
0.551373 464.000000 0.248128 
0.550980 465.000000 0.248663 
0.550980 465.000000 0.248663 
0.551373 464.000000 0.248128 
0.552549 461.000000 0.246524 
0.554510 456.000000 0.243850 
0.549020 470.000000 0.251337 
0.552941 460.000000 0.245989 
0.547059 475.000000 0.254011 
0.554510 456.000000 0.243850 
0.550980 465.000000 0.248663 
0.552549 461.000000 0.246524 
0.544706 481.000000 0.257219 
0.555686 453.000000 0.242246 
0.550980 465.000000 0.248663 
0.547843 473.000000 0.252941 
0.555294 454.000000 0.242781 
0.545882 478.000000 0.255615 
0.548235 472.000000 0.252406 
0.555294 454.000000 0.242781 
0.552941 460.000000 0.245989 
0.547059 475.000000 0.254011 
0.549412 469.000000 0.250802 
0.547451 474.000000 0.253476 
0.552941 460.000000 0.245989 
0.552941 460.000000 0.245989 
0.548235 472.000000 0.252406 
0.554510 456.000000 0.243850 
0.547843 473.000000 0.252941 
0.549020 470.000000 0.251337 
0.552157 462.000000 0.247059 
0.543922 483.000000 0.258289 
0.547843 473.000000 0.252941 
0.552157 462.000000 0.247059 
0.544706 481.000000 0.257219 
0.550980 465.000000 0.248663 
0.553333 459.000000 0.245455 
0.548235 472.000000 0.252406 
0.552157 462.000000 0.247059 
0.549412 469.000000 0.250802 
0.555294 454.000000 0.242781 
0.548627 471.000000 0.251872 
0.556078 452.000000 0.241711 
0.551373 464.000000 0.248128 
0.545490 479.000000 0.256150 
0.547059 475.000000 0.254011 
0.547843 473.000000 0.252941 
0.553333 459.000000 0.245455 
0.547843 473.000000 0.252941 
0.545490 479.000000 0.256150 
0.552941 460.000000 0.245989 
0.549412 469.000000 0.250802 
0.556078 452.000000 0.241711 
0.552549 461.000000 0.246524 
0.550588 466.000000 0.249198 
0.547843 473.000000 0.252941 
0.556078 452.000000 0.241711 
0.555686 453.000000 0.242246 
0.550980 465.000000 0.248663 
0.547451 474.000000 0.253476 
0.550980 465.000000 0.248663 
0.548235 472.000000 0.252406 
0.541569 489.000000 0.261497 
0.550196 467.000000 0.249733 
0.545882 478.000000 0.255615 
0.549804 468.000000 0.250267 
0.554510 456.000000 0.243850 
0.550980 465.000000 0.248663 
0.551765 463.000000 0.247594 
0.552941 460.000000 0.245989 
0.549804 468.000000 0.250267 
0.544314 482.000000 0.257754 
0.547059 475.000000 0.254011 
0.545098 480.000000 0.256684 
0.549020 470.000000 0.251337 
0.547843 473.000000 0.252941 
0.545098 480.000000 0.256684 
0.543922 483.000000 0.258289 
0.547059 475.000000 0.254011 
0.547843 473.000000 0.252941 
0.546667 476.000000 0.254545 
0.551373 464.000000 0.248128 
0.550980 465.000000 0.248663 
0.554902 455.000000 0.243316 
0.554902 455.000000 0.243316 
0.554510 456.000000 0.243850 
0.545490 479.000000 0.256150 
0.550588 466.000000 0.249198 
0.552549 461.000000 0.246524 
0.545098 480.000000 0.256684 
0.552941 460.000000 0.245989 
0.548627 471.000000 0.251872 
0.552549 461.000000 0.246524 
0.546275 477.000000 0.255080 
0.549412 469.000000 0.250802 
0.549804 468.000000 0.250267 
0.544314 482.000000 0.257754 
0.550980 465.000000 0.248663 
0.552549 461.000000 0.246524 
0.549020 470.000000 0.251337 
0.552941 460.000000 0.245989 
0.547059 475.000000 0.254011 
0.553333 459.000000 0.245455 
0.546667 476.000000 0.254545 
0.544706 481.000000 0.257219 
0.546275 477.000000 0.255080 
0.550588 466.000000 0.249198 
0.554902 455.000000 0.243316 
0.550588 466.000000 0.249198 
0.552941 460.000000 0.245989 
0.546275 477.000000 0.255080 
0.547843 473.000000 0.252941 
0.549412 469.000000 0.250802 
0.551765 463.000000 0.247594 
0.552157 462.000000 0.247059 
0.546667 476.000000 0.254545 
0.549412 469.000000 0.250802 
0.548627 471.000000 0.251872 
0.550588 466.000000 0.249198 
0.551373 464.000000 0.248128 
0.548235 472.000000 0.252406 
0.549412 469.000000 0.250802 
0.553725 458.000000 0.244920 
0.545882 478.000000 0.255615 
0.550196 467.000000 0.249733 
0.542353 487.000000 0.260428 
0.550588 466.000000 0.249198 
0.543137 485.000000 0.259358 
0.549020 470.000000 0.251337 
0.545098 480.000000 0.256684 
0.554118 457.000000 0.244385 
0.545882 478.000000 0.255615 
0.549412 469.000000 0.250802 
0.545882 478.000000 0.255615 
0.555686 453.000000 0.242246 
0.549412 469.000000 0.250802 
0.545490 479.000000 0.256150 
0.549412 469.000000 0.250802 
0.548627 471.000000 0.251872 
0.559216 444.000000 0.237433 
0.544706 481.000000 0.257219 
0.560392 441.000000 0.235829 
0.544314 482.000000 0.257754 
0.550980 465.000000 0.248663 
0.555294 454.000000 0.242781 
0.546275 477.000000 0.255080 
0.552549 461.000000 0.246524 
0.544314 482.000000 0.257754 
0.555294 454.000000 0.242781 
0.550196 467.000000 0.249733 
0.551765 463.000000 0.247594 
0.549804 468.000000 0.250267 
0.548235 472.000000 0.252406 
0.547451 474.000000 0.253476 
0.550196 467.000000 0.249733 
0.549804 468.000000 0.250267 
0.547451 474.000000 0.253476 
0.543922 483.000000 0.258289 
0.543529 484.000000 0.258824 
0.544314 482.000000 0.257754 
0.547843 473.000000 0.252941 
0.550196 467.000000 0.249733 
0.552549 461.000000 0.246524 
0.545882 478.000000 0.255615 
0.550588 466.000000 0.249198 
0.543137 485.000000 0.259358 
0.547843 473.000000 0.252941 
0.549412 469.000000 0.250802 
0.554118 457.000000 0.244385 
0.546667 476.000000 0.254545 
0.553725 458.000000 0.244920 
0.545490 479.000000 0.256150 
0.554902 455.000000 0.243316 
0.551765 463.000000 0.247594 
0.550196 467.000000 0.249733 
0.545490 479.000000 0.256150 
0.548235 472.000000 0.252406 
0.549412 469.000000 0.250802 
0.545882 478.000000 0.255615 
0.549412 469.000000 0.250802 
0.548627 471.000000 0.251872 
0.548627 471.000000 0.251872 
0.546667 476.000000 0.254545 
0.549804 468.000000 0.250267 
0.543922 483.000000 0.258289 
0.549804 468.000000 0.250267 
0.547451 474.000000 0.253476 
0.544314 482.000000 0.257754 
0.549020 470.000000 0.251337 
0.546667 476.000000 0.254545 
0.543529 484.000000 0.258824 
0.556863 450.000000 0.240642 
0.549804 468.000000 0.250267 
0.546275 477.000000 0.255080 
0.550980 465.000000 0.248663 
0.547843 473.000000 0.252941 
0.554118 457.000000 0.244385 
0.549804 468.000000 0.250267 
0.553725 458.000000 0.244920 
0.551765 463.000000 0.247594 
0.545098 480.000000 0.256684 
0.552549 461.000000 0.246524 
0.548235 472.000000 0.252406 
0.554118 457.000000 0.244385 
0.558431 446.000000 0.238503 
0.547059 475.000000 0.254011 
0.548627 471.000000 0.251872 
0.559608 443.000000 0.236898 
0.560784 440.000000 0.235294 
0.549412 469.000000 0.250802 
0.546667 476.000000 0.254545 
0.550980 465.000000 0.248663 
0.549804 468.000000 0.250267 
0.552941 460.000000 0.245989 
0.551373 464.000000 0.248128 
0.552157 462.000000 0.247059 
0.546275 477.000000 0.255080 
0.550196 467.000000 0.249733 
0.548627 471.000000 0.251872 
0.553333 459.000000 0.245455 
0.553333 459.000000 0.245455 
0.547451 474.000000 0.253476 
0.549804 468.000000 0.250267 
0.548235 472.000000 0.252406 
0.543922 483.000000 0.258289 
0.555294 454.000000 0.242781 
0.553725 458.000000 0.244920 
0.553333 459.000000 0.245455 
0.545490 479.000000 0.256150 
0.554902 455.000000 0.243316 
0.545882 478.000000 0.255615 
0.555294 454.000000 0.242781 
0.549804 468.000000 0.250267 
0.550980 465.000000 0.248663 
0.549020 470.000000 0.251337 
0.544706 481.000000 0.257219 
0.549020 470.000000 0.251337 
0.546275 477.000000 0.255080 
0.537255 500.000000 0.267380 
0.555294 454.000000 0.242781 
0.553725 458.000000 0.244920 
0.553725 458.000000 0.244920 
0.556471 451.000000 0.241176 
0.551765 463.000000 0.247594 
0.549412 469.000000 0.250802 
0.551373 464.000000 0.248128 
0.554902 455.000000 0.243316 
0.549412 469.000000 0.250802 
0.556863 450.000000 0.240642 
0.550588 466.000000 0.249198 
0.554902 455.000000 0.243316 
0.547451 474.000000 0.253476 
0.551373 464.000000 0.248128 
0.543529 484.000000 0.258824 
0.547843 473.000000 0.252941 
0.554118 457.000000 0.244385 
0.551765 463.000000 0.247594 
0.547451 474.000000 0.253476 
0.549020 470.000000 0.251337 
0.554510 456.000000 0.243850 
0.546667 476.000000 0.254545 
0.551765 463.000000 0.247594 
0.549804 468.000000 0.250267 
0.547843 473.000000 0.252941 
0.552549 461.000000 0.246524 
0.549804 468.000000 0.250267 
0.554902 455.000000 0.243316 
0.556863 450.000000 0.240642 
0.549804 468.000000 0.250267 
0.551373 464.000000 0.248128 
0.544706 481.000000 0.257219 
0.558039 447.000000 0.239037 
0.545098 480.000000 0.256684 
0.554902 455.000000 0.243316 
0.554510 456.000000 0.243850 
0.557647 448.000000 0.239572 
0.553333 459.000000 0.245455 
0.545490 479.000000 0.256150 
0.549804 468.000000 0.250267 
0.551765 463.000000 0.247594 
0.545490 479.000000 0.256150 
0.551373 464.000000 0.248128 
0.547843 473.000000 0.252941 
0.552549 461.000000 0.246524 
0.545490 479.000000 0.256150 
0.552157 462.000000 0.247059 
0.552157 462.000000 0.247059 
0.554118 457.000000 0.244385 
0.555686 453.000000 0.242246 
0.547843 473.000000 0.252941 
0.550980 465.000000 0.248663 
0.543922 483.000000 0.258289 
0.558431 446.000000 0.238503 
0.549804 468.000000 0.250267 
0.556471 451.000000 0.241176 
0.547451 474.000000 0.253476 
0.549804 468.000000 0.250267 
0.549020 470.000000 0.251337 
0.543529 484.000000 0.258824 
0.547843 473.000000 0.252941 
0.550980 465.000000 0.248663 
0.554902 455.000000 0.243316 
0.551765 463.000000 0.247594 
0.547451 474.000000 0.253476 
0.557255 449.000000 0.240107 
0.549412 469.000000 0.250802 
0.554118 457.000000 0.244385 
0.556863 450.000000 0.240642 
0.551373 464.000000 0.248128 
0.546275 477.000000 0.255080 
0.550588 466.000000 0.249198 
0.548627 471.000000 0.251872 
0.550588 466.000000 0.249198 
0.547843 473.000000 0.252941 
0.547451 474.000000 0.253476 
0.557255 449.000000 0.240107 
0.549412 469.000000 0.250802 
0.543529 484.000000 0.258824 
0.543922 483.000000 0.258289 
0.552549 461.000000 0.246524 
0.549020 470.000000 0.251337 
0.547451 474.000000 0.253476 
0.555294 454.000000 0.242781 
0.548627 471.000000 0.251872 
0.544314 482.000000 0.257754 
0.547451 474.000000 0.253476 
0.550980 465.000000 0.248663 
0.551373 464.000000 0.248128 
0.542353 487.000000 0.260428 
0.549804 468.000000 0.250267 
0.547451 474.000000 0.253476 
0.548235 472.000000 0.252406 
0.549804 468.000000 0.250267 
0.545098 480.000000 0.256684 
0.554118 457.000000 0.244385 
0.549412 469.000000 0.250802 
0.551373 464.000000 0.248128 
0.558824 445.000000 0.237968 
0.553725 458.000000 0.244920 
0.552157 462.000000 0.247059 
0.550196 467.000000 0.249733 
0.552941 460.000000 0.245989 
0.551373 464.000000 0.248128 
0.549412 469.000000 0.250802 
0.551765 463.000000 0.247594 
0.556078 452.000000 0.241711 
0.551373 464.000000 0.248128 
0.547843 473.000000 0.252941 
0.545098 480.000000 0.256684 
0.554510 456.000000 0.243850 
0.548235 472.000000 0.252406 
0.549804 468.000000 0.250267 
0.553333 459.000000 0.245455 
0.548235 472.000000 0.252406 
0.550980 465.000000 0.248663 
0.551373 464.000000 0.248128 
0.548235 472.000000 0.252406 
0.549412 469.000000 0.250802 
0.553725 458.000000 0.244920 
0.550980 465.000000 0.248663 
0.550196 467.000000 0.249733 
0.550588 466.000000 0.249198 
0.552941 460.000000 0.245989 
0.546667 476.000000 0.254545 
0.555294 454.000000 0.242781 
0.553333 459.000000 0.245455 
0.547843 473.000000 0.252941 
0.556471 451.000000 0.241176 
0.548627 471.000000 0.251872 
0.544314 482.000000 0.257754 
0.551373 464.000000 0.248128 
0.539608 494.000000 0.264171 
0.552157 462.000000 0.247059 
0.556863 450.000000 0.240642 
0.549412 469.000000 0.250802 
0.550588 466.000000 0.249198 
0.546667 476.000000 0.254545 
0.550588 466.000000 0.249198 
0.547451 474.000000 0.253476 
0.543529 484.000000 0.258824 
0.554118 457.000000 0.244385 
0.550588 466.000000 0.249198 
0.548627 471.000000 0.251872 
0.556078 452.000000 0.241711 
0.551765 463.000000 0.247594 
0.550980 465.000000 0.248663 
0.550196 467.000000 0.249733 
0.544314 482.000000 0.257754 
0.546667 476.000000 0.254545 
0.544706 481.000000 0.257219 
0.547059 475.000000 0.254011 
0.544706 481.000000 0.257219 
0.553333 459.000000 0.245455 
0.552549 461.000000 0.246524 
0.542745 486.000000 0.259893 
0.547843 473.000000 0.252941 
0.547843 473.000000 0.252941 
0.549804 468.000000 0.250267 
0.545490 479.000000 0.256150 
0.546275 477.000000 0.255080 
0.547843 473.000000 0.252941 
0.550588 466.000000 0.249198 
0.549412 469.000000 0.250802 
0.545490 479.000000 0.256150 
0.556078 452.000000 0.241711 
0.543922 483.000000 0.258289 
0.551373 464.000000 0.248128 
0.547059 475.000000 0.254011 
0.550588 466.000000 0.249198 
0.553725 458.000000 0.244920 
0.550980 465.000000 0.248663 
0.546667 476.000000 0.254545 
0.552157 462.000000 0.247059 
0.541961 488.000000 0.260963 
0.549804 468.000000 0.250267 
0.552157 462.000000 0.247059 
0.554902 455.000000 0.243316 
0.548627 471.000000 0.251872 
0.550196 467.000000 0.249733 
0.548235 472.000000 0.252406 
0.551373 464.000000 0.248128 
0.560392 441.000000 0.235829 
0.553725 458.000000 0.244920 
0.550980 465.000000 0.248663 
0.545882 478.000000 0.255615 
0.551765 463.000000 0.247594 
0.550196 467.000000 0.249733 
0.552941 460.000000 0.245989 
0.545098 480.000000 0.256684 
0.553725 458.000000 0.244920 
0.547843 473.000000 0.252941 
0.550980 465.000000 0.248663 
0.550196 467.000000 0.249733 
0.545490 479.000000 0.256150 
0.546667 476.000000 0.254545 
0.549412 469.000000 0.250802 
0.549804 468.000000 0.250267 
0.549020 470.000000 0.251337 
0.552941 460.000000 0.245989 
0.553725 458.000000 0.244920 
0.550588 466.000000 0.249198 
0.549020 470.000000 0.251337 
0.546667 476.000000 0.254545 
0.547843 473.000000 0.252941 
0.550980 465.000000 0.248663 
0.545490 479.000000 0.256150 
0.554118 457.000000 0.244385 
0.547451 474.000000 0.253476 
0.542745 486.000000 0.259893 
0.551373 464.000000 0.248128 
0.545882 478.000000 0.255615 
0.547451 474.000000 0.253476 
0.550980 465.000000 0.248663 
0.556471 451.000000 0.241176 
0.552157 462.000000 0.247059 
0.562353 436.000000 0.233155 
0.548235 472.000000 0.252406 
0.553725 458.000000 0.244920 
0.552157 462.000000 0.247059 
0.551373 464.000000 0.248128 
0.547451 474.000000 0.253476 
0.547843 473.000000 0.252941 
0.552549 461.000000 0.246524 
0.547059 475.000000 0.254011 
0.550196 467.000000 0.249733 
0.545882 478.000000 0.255615 
0.551373 464.000000 0.248128 
0.549020 470.000000 0.251337 
0.549804 468.000000 0.250267 
0.543529 484.000000 0.258824 
0.552941 460.000000 0.245989 
0.544314 482.000000 0.257754 
0.558824 445.000000 0.237968 
0.547451 474.000000 0.253476 
0.548235 472.000000 0.252406 
0.549412 469.000000 0.250802 
0.549020 470.000000 0.251337 
0.545098 480.000000 0.256684 
0.547843 473.000000 0.252941 
0.553725 458.000000 0.244920 
0.552157 462.000000 0.247059 
0.551765 463.000000 0.247594 
0.547451 474.000000 0.253476 
0.550588 466.000000 0.249198 
0.544314 482.000000 0.257754 
0.550980 465.000000 0.248663 
0.549020 470.000000 0.251337 
0.547451 474.000000 0.253476 
0.535294 505.000000 0.270053 
0.546667 476.000000 0.254545 
0.548235 472.000000 0.252406 
0.557647 448.000000 0.239572 
0.550980 465.000000 0.248663 
0.549020 470.000000 0.251337 
0.551373 464.000000 0.248128 
0.552549 461.000000 0.246524 
0.546275 477.000000 0.255080 
0.550196 467.000000 0.249733 
0.544706 481.000000 0.257219 
0.552157 462.000000 0.247059 
0.545098 480.000000 0.256684 
0.550196 467.000000 0.249733 
0.552157 462.000000 0.247059 
0.545882 478.000000 0.255615 
0.549804 468.000000 0.250267 
0.550980 465.000000 0.248663 
0.546667 476.000000 0.254545 
0.546275 477.000000 0.255080 
0.554510 456.000000 0.243850 
0.547451 474.000000 0.253476 
0.550980 465.000000 0.248663 
0.542745 486.000000 0.259893 
0.544314 482.000000 0.257754 
0.549804 468.000000 0.250267 
0.547451 474.000000 0.253476 
0.547059 475.000000 0.254011 
0.548627 471.000000 0.251872 
0.552157 462.000000 0.247059 
0.553333 459.000000 0.245455 
0.547843 473.000000 0.252941 
0.550588 466.000000 0.249198 
0.555294 454.000000 0.242781 
0.552549 461.000000 0.246524 
0.551373 464.000000 0.248128 
0.549412 469.000000 0.250802 
0.556078 452.000000 0.241711 
0.549412 469.000000 0.250802 
0.547843 473.000000 0.252941 
0.551373 464.000000 0.248128 
0.553725 458.000000 0.244920 
0.550588 466.000000 0.249198 
0.544314 482.000000 0.257754 
0.545882 478.000000 0.255615 
0.550588 466.000000 0.249198 
0.551765 463.000000 0.247594 
0.554902 455.000000 0.243316 
0.547843 473.000000 0.252941 
0.545098 480.000000 0.256684 
0.551373 464.000000 0.248128 
0.550196 467.000000 0.249733 
0.548235 472.000000 0.252406 
0.547059 475.000000 0.254011 
0.547451 474.000000 0.253476 
0.549412 469.000000 0.250802 
0.555294 454.000000 0.242781 
0.541176 490.000000 0.262032 
0.553725 458.000000 0.244920 
0.558431 446.000000 0.238503 
0.550588 466.000000 0.249198 
0.545882 478.000000 0.255615 
0.552941 460.000000 0.245989 
0.549020 470.000000 0.251337 
0.550196 467.000000 0.249733 
0.549804 468.000000 0.250267 
0.547059 475.000000 0.254011 
0.552941 460.000000 0.245989 
0.545098 480.000000 0.256684 
0.552549 461.000000 0.246524 
0.551373 464.000000 0.248128 
0.552157 462.000000 0.247059 
0.551373 464.000000 0.248128 
0.552549 461.000000 0.246524 
0.552941 460.000000 0.245989 
0.547059 475.000000 0.254011 
0.552549 461.000000 0.246524 
0.551373 464.000000 0.248128 
0.555294 454.000000 0.242781 
0.547451 474.000000 0.253476 
0.558431 446.000000 0.238503 
0.557647 448.000000 0.239572 
0.550980 465.000000 0.248663 
0.549412 469.000000 0.250802 
0.549020 470.000000 0.251337 
0.542745 486.000000 0.259893 
0.548235 472.000000 0.252406 
0.553725 458.000000 0.244920 
0.554118 457.000000 0.244385 
0.550980 465.000000 0.248663 
0.545098 480.000000 0.256684 
0.548627 471.000000 0.251872 
0.547843 473.000000 0.252941 
0.548627 471.000000 0.251872 
0.542745 486.000000 0.259893 
0.547843 473.000000 0.252941 
0.548627 471.000000 0.251872 
0.560000 442.000000 0.236364 
0.544314 482.000000 0.257754 
0.550196 467.000000 0.249733 
0.544314 482.000000 0.257754 
0.552941 460.000000 0.245989 
0.549804 468.000000 0.250267 
0.547451 474.000000 0.253476 
0.549020 470.000000 0.251337 
0.559216 444.000000 0.237433 
0.549804 468.000000 0.250267 
0.556078 452.000000 0.241711 
0.545490 479.000000 0.256150 
0.546275 477.000000 0.255080 
0.550196 467.000000 0.249733 
0.550980 465.000000 0.248663 
0.552941 460.000000 0.245989 
0.548627 471.000000 0.251872 
0.551765 463.000000 0.247594 
0.541176 490.000000 0.262032 
0.553725 458.000000 0.244920 
0.547059 475.000000 0.254011 
0.552157 462.000000 0.247059 
0.549412 469.000000 0.250802 
0.546667 476.000000 0.254545 
0.553725 458.000000 0.244920 
0.549412 469.000000 0.250802 
0.551765 463.000000 0.247594 
0.547451 474.000000 0.253476 
0.553725 458.000000 0.244920 
0.552941 460.000000 0.245989 
0.541961 488.000000 0.260963 
0.548235 472.000000 0.252406 
0.554902 455.000000 0.243316 
0.551765 463.000000 0.247594 
0.551373 464.000000 0.248128 
0.552941 460.000000 0.245989 
0.546667 476.000000 0.254545 
0.547451 474.000000 0.253476 
0.545490 479.000000 0.256150 
0.554118 457.000000 0.244385 
0.552549 461.000000 0.246524 
0.556078 452.000000 0.241711 
0.555294 454.000000 0.242781 
0.552941 460.000000 0.245989 
0.548627 471.000000 0.251872 
0.545490 479.000000 0.256150 
0.557647 448.000000 0.239572 
0.553333 459.000000 0.245455 
0.558824 445.000000 0.237968 
0.547451 474.000000 0.253476 
0.550980 465.000000 0.248663 
0.553333 459.000000 0.245455 
0.549804 468.000000 0.250267 
0.548627 471.000000 0.251872 
0.559216 444.000000 0.237433 
0.550196 467.000000 0.249733 
0.545490 479.000000 0.256150 
0.551373 464.000000 0.248128 
0.548627 471.000000 0.251872 
0.550588 466.000000 0.249198 
0.545882 478.000000 0.255615 
0.546275 477.000000 0.255080 
0.553725 458.000000 0.244920 
0.545882 478.000000 0.255615 
0.557647 448.000000 0.239572 
0.552157 462.000000 0.247059 
0.552549 461.000000 0.246524 
0.551373 464.000000 0.248128 
0.553725 458.000000 0.244920 
0.543922 483.000000 0.258289 
0.552157 462.000000 0.247059 
0.549020 470.000000 0.251337 
0.547059 475.000000 0.254011 
0.556078 452.000000 0.241711 
0.543529 484.000000 0.258824 
0.551373 464.000000 0.248128 
0.548627 471.000000 0.251872 
0.547451 474.000000 0.253476 
0.546275 477.000000 0.255080 
0.550196 467.000000 0.249733 
0.545098 480.000000 0.256684 
0.546275 477.000000 0.255080 
0.550588 466.000000 0.249198 
0.550196 467.000000 0.249733 
0.553725 458.000000 0.244920 
0.552549 461.000000 0.246524 
0.550980 465.000000 0.248663 
0.552549 461.000000 0.246524 
0.554902 455.000000 0.243316 
0.550196 467.000000 0.249733 
0.549020 470.000000 0.251337 
0.539608 494.000000 0.264171 
0.543922 483.000000 0.258289 
0.551373 464.000000 0.248128 
0.547451 474.000000 0.253476 
0.556078 452.000000 0.241711 
0.554118 457.000000 0.244385 
0.550196 467.000000 0.249733 
0.545882 478.000000 0.255615 
0.549412 469.000000 0.250802 
0.549412 469.000000 0.250802 
0.545882 478.000000 0.255615 
0.549412 469.000000 0.250802 
0.550980 465.000000 0.248663 
0.547451 474.000000 0.253476 
0.548627 471.000000 0.251872 
0.553333 459.000000 0.245455 
0.545882 478.000000 0.255615 
0.550980 465.000000 0.248663 
0.553333 459.000000 0.245455 
0.549412 469.000000 0.250802 
0.552157 462.000000 0.247059 
0.551373 464.000000 0.248128 
0.545490 479.000000 0.256150 
0.551765 463.000000 0.247594 
0.550196 467.000000 0.249733 
0.548235 472.000000 0.252406 
0.548627 471.000000 0.251872 
0.546667 476.000000 0.254545 
0.545098 480.000000 0.256684 
0.542745 486.000000 0.259893 
0.547451 474.000000 0.253476 
0.547843 473.000000 0.252941 
0.548235 472.000000 0.252406 
0.550980 465.000000 0.248663 
0.543137 485.000000 0.259358 
0.543529 484.000000 0.258824 
0.549804 468.000000 0.250267 
0.553333 459.000000 0.245455 
0.549412 469.000000 0.250802 
0.542745 486.000000 0.259893 
0.550588 466.000000 0.249198 
0.549412 469.000000 0.250802 
0.544314 482.000000 0.257754 
0.549412 469.000000 0.250802 
0.543529 484.000000 0.258824 
0.550980 465.000000 0.248663 
0.552157 462.000000 0.247059 
0.546667 476.000000 0.254545 
0.541961 488.000000 0.260963 
0.545490 479.000000 0.256150 
0.555294 454.000000 0.242781 
0.550980 465.000000 0.248663 
0.541569 489.000000 0.261497 
0.554118 457.000000 0.244385 
0.554510 456.000000 0.243850 
0.546667 476.000000 0.254545 
0.549020 470.000000 0.251337 
0.550588 466.000000 0.249198 
0.557255 449.000000 0.240107 
0.547843 473.000000 0.252941 
0.548235 472.000000 0.252406 
0.545490 479.000000 0.256150 
0.554118 457.000000 0.244385 
0.550196 467.000000 0.249733 
0.548235 472.000000 0.252406 
0.549412 469.000000 0.250802 
0.544314 482.000000 0.257754 
0.544314 482.000000 0.257754 
0.549804 468.000000 0.250267 
0.557647 448.000000 0.239572 
0.542353 487.000000 0.260428 
0.551765 463.000000 0.247594 
0.550588 466.000000 0.249198 
0.551373 464.000000 0.248128 
0.552157 462.000000 0.247059 
0.551765 463.000000 0.247594 
0.550196 467.000000 0.249733 
0.547451 474.000000 0.253476 
0.550588 466.000000 0.249198 
0.552941 460.000000 0.245989 
0.547843 473.000000 0.252941 
0.553725 458.000000 0.244920 
0.557255 449.000000 0.240107 
0.549804 468.000000 0.250267 
0.550980 465.000000 0.248663 
0.551373 464.000000 0.248128 
0.547843 473.000000 0.252941 
0.549020 470.000000 0.251337 
0.553725 458.000000 0.244920 
0.558039 447.000000 0.239037 
0.549412 469.000000 0.250802 
0.551765 463.000000 0.247594 
0.539608 494.000000 0.264171 
0.543137 485.000000 0.259358 
0.549020 470.000000 0.251337 
0.552941 460.000000 0.245989 
0.552549 461.000000 0.246524 
0.552941 460.000000 0.245989 
0.547451 474.000000 0.253476 
0.545882 478.000000 0.255615 
0.549804 468.000000 0.250267 
0.553333 459.000000 0.245455 
0.551373 464.000000 0.248128 
0.545098 480.000000 0.256684 
0.548627 471.000000 0.251872 
0.554118 457.000000 0.244385 
0.553333 459.000000 0.245455 
0.551373 464.000000 0.248128 
0.549412 469.000000 0.250802 
0.549020 470.000000 0.251337 
0.546667 476.000000 0.254545 
0.552941 460.000000 0.245989 
0.554902 455.000000 0.243316 
0.554902 455.000000 0.243316 
0.544314 482.000000 0.257754 
0.552157 462.000000 0.247059 
0.552157 462.000000 0.247059 
0.548235 472.000000 0.252406 
0.552157 462.000000 0.247059 
0.550588 466.000000 0.249198 
0.546667 476.000000 0.254545 
0.544706 481.000000 0.257219 
0.547451 474.000000 0.253476 
0.552941 460.000000 0.245989 
0.548627 471.000000 0.251872 
0.541176 490.000000 0.262032 
0.547843 473.000000 0.252941 
0.543922 483.000000 0.258289 
0.552157 462.000000 0.247059 
0.540392 492.000000 0.263102 
0.550588 466.000000 0.249198 
0.557255 449.000000 0.240107 
0.552941 460.000000 0.245989 
0.553333 459.000000 0.245455 
0.548235 472.000000 0.252406 
0.552941 460.000000 0.245989 
0.552941 460.000000 0.245989 
0.545490 479.000000 0.256150 
0.548627 471.000000 0.251872 
0.550980 465.000000 0.248663 
0.541176 490.000000 0.262032 
0.546275 477.000000 0.255080 
0.550196 467.000000 0.249733 
0.553725 458.000000 0.244920 
0.545490 479.000000 0.256150 
0.552549 461.000000 0.246524 
0.551765 463.000000 0.247594 
0.550196 467.000000 0.249733 
0.545098 480.000000 0.256684 
0.552941 460.000000 0.245989 
0.549412 469.000000 0.250802 
0.541176 490.000000 0.262032 
0.557255 449.000000 0.240107 
0.545490 479.000000 0.256150 
0.547843 473.000000 0.252941 
0.548235 472.000000 0.252406 
