0.696865 1739.000000 0.049730 
0.696236 1769.000000 0.050588 
0.697054 1730.000000 0.049472 
0.697809 1694.000000 0.048443 
0.695397 1809.000000 0.051732 
0.696550 1754.000000 0.050159 
0.697368 1715.000000 0.049043 
0.696718 1746.000000 0.049930 
0.696676 1748.000000 0.049987 
0.696299 1766.000000 0.050502 
0.695858 1787.000000 0.051102 
0.696760 1744.000000 0.049873 
0.697054 1730.000000 0.049472 
0.696655 1749.000000 0.050016 
0.696634 1750.000000 0.050044 
0.696278 1767.000000 0.050530 
0.695984 1781.000000 0.050931 
0.696487 1757.000000 0.050245 
0.696592 1752.000000 0.050102 
0.697158 1725.000000 0.049329 
0.696634 1750.000000 0.050044 
0.696907 1737.000000 0.049673 
0.696466 1758.000000 0.050273 
0.695586 1800.000000 0.051474 
0.697033 1731.000000 0.049501 
0.696529 1755.000000 0.050187 
0.697075 1729.000000 0.049444 
0.696592 1752.000000 0.050102 
0.697347 1716.000000 0.049072 
0.697179 1724.000000 0.049301 
0.697137 1726.000000 0.049358 
0.696697 1747.000000 0.049959 
0.697054 1730.000000 0.049472 
0.696383 1762.000000 0.050387 
0.696362 1763.000000 0.050416 
0.696697 1747.000000 0.049959 
0.696844 1740.000000 0.049758 
0.697934 1688.000000 0.048271 
0.696823 1741.000000 0.049787 
0.696508 1756.000000 0.050216 
0.697242 1721.000000 0.049215 
0.696466 1758.000000 0.050273 
0.696655 1749.000000 0.050016 
0.696949 1735.000000 0.049615 
0.695963 1782.000000 0.050959 
0.696928 1736.000000 0.049644 
0.696571 1753.000000 0.050130 
0.697075 1729.000000 0.049444 
0.696068 1777.000000 0.050816 
0.696781 1743.000000 0.049844 
0.696508 1756.000000 0.050216 
0.696383 1762.000000 0.050387 
0.696676 1748.000000 0.049987 
0.696466 1758.000000 0.050273 
0.696131 1774.000000 0.050731 
0.697305 1718.000000 0.049129 
0.697641 1702.000000 0.048672 
0.697075 1729.000000 0.049444 
0.696718 1746.000000 0.049930 
0.696403 1761.000000 0.050359 
0.695879 1786.000000 0.051074 
0.696823 1741.000000 0.049787 
0.697054 1730.000000 0.049472 
0.696949 1735.000000 0.049615 
0.696424 1760.000000 0.050330 
0.697054 1730.000000 0.049472 
0.696718 1746.000000 0.049930 
0.696550 1754.000000 0.050159 
0.696928 1736.000000 0.049644 
0.697284 1719.000000 0.049158 
0.696110 1775.000000 0.050759 
0.696781 1743.000000 0.049844 
0.696802 1742.000000 0.049816 
0.696970 1734.000000 0.049587 
0.697746 1697.000000 0.048529 
0.697096 1728.000000 0.049415 
0.696529 1755.000000 0.050187 
0.696676 1748.000000 0.049987 
0.697473 1710.000000 0.048900 
0.697033 1731.000000 0.049501 
0.696529 1755.000000 0.050187 
0.697347 1716.000000 0.049072 
0.696886 1738.000000 0.049701 
0.696928 1736.000000 0.049644 
0.696823 1741.000000 0.049787 
0.696928 1736.000000 0.049644 
0.696550 1754.000000 0.050159 
0.696781 1743.000000 0.049844 
0.696320 1765.000000 0.050473 
0.697305 1718.000000 0.049129 
0.696991 1733.000000 0.049558 
0.696487 1757.000000 0.050245 
0.696676 1748.000000 0.049987 
0.696676 1748.000000 0.049987 
0.696529 1755.000000 0.050187 
0.696592 1752.000000 0.050102 
0.696403 1761.000000 0.050359 
0.696299 1766.000000 0.050502 
0.696550 1754.000000 0.050159 
0.696508 1756.000000 0.050216 
0.696886 1738.000000 0.049701 
0.697200 1723.000000 0.049272 
0.697410 1713.000000 0.048986 
0.696655 1749.000000 0.050016 
0.696299 1766.000000 0.050502 
0.696613 1751.000000 0.050073 
0.696341 1764.000000 0.050445 
0.696299 1766.000000 0.050502 
0.696718 1746.000000 0.049930 
0.696823 1741.000000 0.049787 
0.695984 1781.000000 0.050931 
0.697284 1719.000000 0.049158 
0.696697 1747.000000 0.049959 
0.696592 1752.000000 0.050102 
0.696550 1754.000000 0.050159 
0.695963 1782.000000 0.050959 
0.696550 1754.000000 0.050159 
0.696907 1737.000000 0.049673 
0.696655 1749.000000 0.050016 
0.696592 1752.000000 0.050102 
0.696487 1757.000000 0.050245 
0.697200 1723.000000 0.049272 
0.696445 1759.000000 0.050302 
0.695858 1787.000000 0.051102 
0.696466 1758.000000 0.050273 
0.696236 1769.000000 0.050588 
0.696991 1733.000000 0.049558 
0.696068 1777.000000 0.050816 
0.696739 1745.000000 0.049901 
0.696739 1745.000000 0.049901 
0.697200 1723.000000 0.049272 
0.696886 1738.000000 0.049701 
0.696508 1756.000000 0.050216 
0.696383 1762.000000 0.050387 
0.697263 1720.000000 0.049186 
0.696341 1764.000000 0.050445 
0.696362 1763.000000 0.050416 
0.696445 1759.000000 0.050302 
0.696781 1743.000000 0.049844 
0.697305 1718.000000 0.049129 
0.696676 1748.000000 0.049987 
0.696634 1750.000000 0.050044 
0.696655 1749.000000 0.050016 
0.696949 1735.000000 0.049615 
0.696865 1739.000000 0.049730 
0.696131 1774.000000 0.050731 
0.697158 1725.000000 0.049329 
0.697137 1726.000000 0.049358 
0.696529 1755.000000 0.050187 
0.696634 1750.000000 0.050044 
0.696655 1749.000000 0.050016 
0.696802 1742.000000 0.049816 
0.696571 1753.000000 0.050130 
0.695711 1794.000000 0.051303 
0.696068 1777.000000 0.050816 
0.696320 1765.000000 0.050473 
0.697200 1723.000000 0.049272 
0.695795 1790.000000 0.051188 
0.696571 1753.000000 0.050130 
0.696781 1743.000000 0.049844 
0.696571 1753.000000 0.050130 
0.696383 1762.000000 0.050387 
0.695942 1783.000000 0.050988 
0.696299 1766.000000 0.050502 
0.696949 1735.000000 0.049615 
0.696718 1746.000000 0.049930 
0.696655 1749.000000 0.050016 
0.696676 1748.000000 0.049987 
0.696424 1760.000000 0.050330 
0.696781 1743.000000 0.049844 
0.696823 1741.000000 0.049787 
0.696341 1764.000000 0.050445 
0.696844 1740.000000 0.049758 
0.697012 1732.000000 0.049530 
0.696739 1745.000000 0.049901 
0.696739 1745.000000 0.049901 
0.696571 1753.000000 0.050130 
0.696928 1736.000000 0.049644 
0.696383 1762.000000 0.050387 
0.696907 1737.000000 0.049673 
0.696949 1735.000000 0.049615 
0.696802 1742.000000 0.049816 
0.696676 1748.000000 0.049987 
0.696466 1758.000000 0.050273 
0.696634 1750.000000 0.050044 
0.695984 1781.000000 0.050931 
0.696676 1748.000000 0.049987 
0.696299 1766.000000 0.050502 
0.696697 1747.000000 0.049959 
0.696403 1761.000000 0.050359 
0.696215 1770.000000 0.050616 
0.696110 1775.000000 0.050759 
0.696697 1747.000000 0.049959 
0.697221 1722.000000 0.049244 
0.696634 1750.000000 0.050044 
0.696383 1762.000000 0.050387 
0.696445 1759.000000 0.050302 
0.697012 1732.000000 0.049530 
0.696949 1735.000000 0.049615 
0.696571 1753.000000 0.050130 
0.696781 1743.000000 0.049844 
0.696970 1734.000000 0.049587 
0.697494 1709.000000 0.048872 
0.696760 1744.000000 0.049873 
0.696236 1769.000000 0.050588 
0.696571 1753.000000 0.050130 
0.696068 1777.000000 0.050816 
0.696970 1734.000000 0.049587 
0.697284 1719.000000 0.049158 
0.696634 1750.000000 0.050044 
0.696341 1764.000000 0.050445 
0.696320 1765.000000 0.050473 
0.696445 1759.000000 0.050302 
0.696089 1776.000000 0.050788 
0.696886 1738.000000 0.049701 
0.696907 1737.000000 0.049673 
0.696571 1753.000000 0.050130 
0.696110 1775.000000 0.050759 
0.696550 1754.000000 0.050159 
0.696718 1746.000000 0.049930 
0.697137 1726.000000 0.049358 
0.696739 1745.000000 0.049901 
0.696865 1739.000000 0.049730 
0.696047 1778.000000 0.050845 
0.696508 1756.000000 0.050216 
0.696550 1754.000000 0.050159 
0.697033 1731.000000 0.049501 
0.696802 1742.000000 0.049816 
0.695711 1794.000000 0.051303 
0.696634 1750.000000 0.050044 
0.696991 1733.000000 0.049558 
0.696844 1740.000000 0.049758 
0.696991 1733.000000 0.049558 
0.696424 1760.000000 0.050330 
0.697850 1692.000000 0.048386 
0.696739 1745.000000 0.049901 
0.696802 1742.000000 0.049816 
0.697137 1726.000000 0.049358 
0.696152 1773.000000 0.050702 
0.696362 1763.000000 0.050416 
0.696970 1734.000000 0.049587 
0.696970 1734.000000 0.049587 
0.695816 1789.000000 0.051160 
0.696508 1756.000000 0.050216 
0.696823 1741.000000 0.049787 
0.696970 1734.000000 0.049587 
0.697054 1730.000000 0.049472 
0.695837 1788.000000 0.051131 
0.696613 1751.000000 0.050073 
0.697788 1695.000000 0.048472 
0.696571 1753.000000 0.050130 
0.696571 1753.000000 0.050130 
0.696110 1775.000000 0.050759 
0.697473 1710.000000 0.048900 
0.696886 1738.000000 0.049701 
0.697012 1732.000000 0.049530 
0.696718 1746.000000 0.049930 
0.697284 1719.000000 0.049158 
0.696529 1755.000000 0.050187 
0.697179 1724.000000 0.049301 
0.696634 1750.000000 0.050044 
0.696907 1737.000000 0.049673 
0.696278 1767.000000 0.050530 
0.698039 1683.000000 0.048128 
0.696991 1733.000000 0.049558 
0.696823 1741.000000 0.049787 
0.697452 1711.000000 0.048929 
0.697221 1722.000000 0.049244 
0.696466 1758.000000 0.050273 
0.696341 1764.000000 0.050445 
0.696424 1760.000000 0.050330 
0.696466 1758.000000 0.050273 
0.696550 1754.000000 0.050159 
0.697494 1709.000000 0.048872 
0.697116 1727.000000 0.049387 
0.696341 1764.000000 0.050445 
0.696949 1735.000000 0.049615 
0.696970 1734.000000 0.049587 
0.696571 1753.000000 0.050130 
0.697200 1723.000000 0.049272 
0.696424 1760.000000 0.050330 
0.696466 1758.000000 0.050273 
0.696529 1755.000000 0.050187 
0.696697 1747.000000 0.049959 
0.696592 1752.000000 0.050102 
0.696215 1770.000000 0.050616 
0.696802 1742.000000 0.049816 
0.696928 1736.000000 0.049644 
0.696131 1774.000000 0.050731 
0.697368 1715.000000 0.049043 
0.697641 1702.000000 0.048672 
0.696320 1765.000000 0.050473 
0.695879 1786.000000 0.051074 
0.696886 1738.000000 0.049701 
0.696928 1736.000000 0.049644 
0.697305 1718.000000 0.049129 
0.696068 1777.000000 0.050816 
0.696907 1737.000000 0.049673 
0.696865 1739.000000 0.049730 
0.696194 1771.000000 0.050645 
0.696949 1735.000000 0.049615 
0.696928 1736.000000 0.049644 
0.697242 1721.000000 0.049215 
0.696760 1744.000000 0.049873 
0.696634 1750.000000 0.050044 
0.696949 1735.000000 0.049615 
0.695858 1787.000000 0.051102 
0.697096 1728.000000 0.049415 
0.697137 1726.000000 0.049358 
0.696991 1733.000000 0.049558 
0.696550 1754.000000 0.050159 
0.696026 1779.000000 0.050874 
0.695816 1789.000000 0.051160 
0.697242 1721.000000 0.049215 
0.696047 1778.000000 0.050845 
0.697473 1710.000000 0.048900 
0.697054 1730.000000 0.049472 
0.696424 1760.000000 0.050330 
0.697242 1721.000000 0.049215 
0.696110 1775.000000 0.050759 
0.696970 1734.000000 0.049587 
0.695669 1796.000000 0.051360 
0.696634 1750.000000 0.050044 
0.696403 1761.000000 0.050359 
0.696676 1748.000000 0.049987 
0.696970 1734.000000 0.049587 
0.697788 1695.000000 0.048472 
0.696320 1765.000000 0.050473 
0.696257 1768.000000 0.050559 
0.697242 1721.000000 0.049215 
0.695921 1784.000000 0.051017 
0.696907 1737.000000 0.049673 
0.696487 1757.000000 0.050245 
0.696823 1741.000000 0.049787 
0.696362 1763.000000 0.050416 
0.697809 1694.000000 0.048443 
0.695984 1781.000000 0.050931 
0.696508 1756.000000 0.050216 
0.697012 1732.000000 0.049530 
0.696991 1733.000000 0.049558 
0.696781 1743.000000 0.049844 
0.696634 1750.000000 0.050044 
0.696550 1754.000000 0.050159 
0.696718 1746.000000 0.049930 
0.696928 1736.000000 0.049644 
0.696341 1764.000000 0.050445 
0.697158 1725.000000 0.049329 
0.696991 1733.000000 0.049558 
0.696823 1741.000000 0.049787 
0.695565 1801.000000 0.051503 
0.696529 1755.000000 0.050187 
0.696445 1759.000000 0.050302 
0.696529 1755.000000 0.050187 
0.696676 1748.000000 0.049987 
0.696173 1772.000000 0.050673 
0.696362 1763.000000 0.050416 
0.696613 1751.000000 0.050073 
0.697452 1711.000000 0.048929 
0.696865 1739.000000 0.049730 
0.697200 1723.000000 0.049272 
0.697494 1709.000000 0.048872 
0.696802 1742.000000 0.049816 
0.696655 1749.000000 0.050016 
0.696320 1765.000000 0.050473 
0.696991 1733.000000 0.049558 
0.696760 1744.000000 0.049873 
0.696634 1750.000000 0.050044 
0.696613 1751.000000 0.050073 
0.696320 1765.000000 0.050473 
0.696257 1768.000000 0.050559 
0.696529 1755.000000 0.050187 
0.696592 1752.000000 0.050102 
0.696152 1773.000000 0.050702 
0.696571 1753.000000 0.050130 
0.696823 1741.000000 0.049787 
0.696320 1765.000000 0.050473 
0.696110 1775.000000 0.050759 
0.697075 1729.000000 0.049444 
0.696424 1760.000000 0.050330 
0.697116 1727.000000 0.049387 
0.696466 1758.000000 0.050273 
0.696508 1756.000000 0.050216 
0.696320 1765.000000 0.050473 
0.696949 1735.000000 0.049615 
0.696613 1751.000000 0.050073 
0.696131 1774.000000 0.050731 
0.696173 1772.000000 0.050673 
0.696194 1771.000000 0.050645 
0.696403 1761.000000 0.050359 
0.696194 1771.000000 0.050645 
0.696299 1766.000000 0.050502 
0.696299 1766.000000 0.050502 
0.695795 1790.000000 0.051188 
0.697452 1711.000000 0.048929 
0.696760 1744.000000 0.049873 
0.697158 1725.000000 0.049329 
0.696991 1733.000000 0.049558 
0.695607 1799.000000 0.051446 
0.696886 1738.000000 0.049701 
0.697263 1720.000000 0.049186 
0.696718 1746.000000 0.049930 
0.696718 1746.000000 0.049930 
0.697473 1710.000000 0.048900 
0.696424 1760.000000 0.050330 
0.695963 1782.000000 0.050959 
0.696047 1778.000000 0.050845 
0.697347 1716.000000 0.049072 
0.695858 1787.000000 0.051102 
0.696466 1758.000000 0.050273 
0.696655 1749.000000 0.050016 
0.696991 1733.000000 0.049558 
0.696739 1745.000000 0.049901 
0.696508 1756.000000 0.050216 
0.696676 1748.000000 0.049987 
0.696320 1765.000000 0.050473 
0.696215 1770.000000 0.050616 
0.696739 1745.000000 0.049901 
0.697033 1731.000000 0.049501 
0.696844 1740.000000 0.049758 
0.697137 1726.000000 0.049358 
0.696718 1746.000000 0.049930 
0.696445 1759.000000 0.050302 
0.696823 1741.000000 0.049787 
0.696760 1744.000000 0.049873 
0.696991 1733.000000 0.049558 
0.696928 1736.000000 0.049644 
0.696403 1761.000000 0.050359 
0.696865 1739.000000 0.049730 
0.696991 1733.000000 0.049558 
0.697578 1705.000000 0.048757 
0.696718 1746.000000 0.049930 
0.697012 1732.000000 0.049530 
0.696655 1749.000000 0.050016 
0.696508 1756.000000 0.050216 
0.696991 1733.000000 0.049558 
0.696781 1743.000000 0.049844 
0.696718 1746.000000 0.049930 
0.696676 1748.000000 0.049987 
0.697242 1721.000000 0.049215 
0.697221 1722.000000 0.049244 
0.695900 1785.000000 0.051045 
0.696634 1750.000000 0.050044 
0.696928 1736.000000 0.049644 
0.696403 1761.000000 0.050359 
0.697410 1713.000000 0.048986 
0.697284 1719.000000 0.049158 
0.696215 1770.000000 0.050616 
0.697054 1730.000000 0.049472 
0.696089 1776.000000 0.050788 
0.697221 1722.000000 0.049244 
0.695481 1805.000000 0.051617 
0.696865 1739.000000 0.049730 
0.696529 1755.000000 0.050187 
0.696383 1762.000000 0.050387 
0.697368 1715.000000 0.049043 
0.697347 1716.000000 0.049072 
0.696739 1745.000000 0.049901 
0.696278 1767.000000 0.050530 
0.696236 1769.000000 0.050588 
0.696362 1763.000000 0.050416 
0.697536 1707.000000 0.048815 
0.696110 1775.000000 0.050759 
0.696550 1754.000000 0.050159 
0.696026 1779.000000 0.050874 
0.696655 1749.000000 0.050016 
0.696089 1776.000000 0.050788 
0.696299 1766.000000 0.050502 
0.695921 1784.000000 0.051017 
0.697263 1720.000000 0.049186 
0.696550 1754.000000 0.050159 
0.696571 1753.000000 0.050130 
0.695942 1783.000000 0.050988 
0.696991 1733.000000 0.049558 
0.697096 1728.000000 0.049415 
0.696445 1759.000000 0.050302 
0.697431 1712.000000 0.048958 
0.696236 1769.000000 0.050588 
0.697054 1730.000000 0.049472 
0.696320 1765.000000 0.050473 
0.696550 1754.000000 0.050159 
0.696089 1776.000000 0.050788 
0.696257 1768.000000 0.050559 
0.696865 1739.000000 0.049730 
0.695963 1782.000000 0.050959 
0.697221 1722.000000 0.049244 
0.696760 1744.000000 0.049873 
0.696718 1746.000000 0.049930 
0.696278 1767.000000 0.050530 
0.696320 1765.000000 0.050473 
0.697116 1727.000000 0.049387 
0.696970 1734.000000 0.049587 
0.696362 1763.000000 0.050416 
0.696529 1755.000000 0.050187 
0.695921 1784.000000 0.051017 
0.697033 1731.000000 0.049501 
0.696362 1763.000000 0.050416 
0.696508 1756.000000 0.050216 
0.696991 1733.000000 0.049558 
0.696928 1736.000000 0.049644 
0.697326 1717.000000 0.049101 
0.696781 1743.000000 0.049844 
