0.568166 7876.000000 0.225228 
0.570116 7783.000000 0.222569 
0.569257 7824.000000 0.223741 
0.569466 7814.000000 0.223455 
0.567621 7902.000000 0.225972 
0.568082 7880.000000 0.225342 
0.568774 7847.000000 0.224399 
0.568355 7867.000000 0.224971 
0.567558 7905.000000 0.226057 
0.568648 7853.000000 0.224570 
0.568166 7876.000000 0.225228 
0.569068 7833.000000 0.223998 
0.566803 7941.000000 0.227087 
0.567453 7910.000000 0.226200 
0.569655 7805.000000 0.223198 
0.567831 7892.000000 0.225686 
0.568816 7845.000000 0.224342 
0.569089 7832.000000 0.223970 
0.568208 7874.000000 0.225171 
0.567872 7890.000000 0.225628 
0.567558 7905.000000 0.226057 
0.567621 7902.000000 0.225972 
0.568397 7865.000000 0.224913 
0.568586 7856.000000 0.224656 
0.567600 7903.000000 0.226000 
0.568355 7867.000000 0.224971 
0.567264 7919.000000 0.226458 
0.567872 7890.000000 0.225628 
0.568586 7856.000000 0.224656 
0.569613 7807.000000 0.223255 
0.567600 7903.000000 0.226000 
0.569634 7806.000000 0.223226 
0.568271 7871.000000 0.225085 
0.568879 7842.000000 0.224256 
0.567034 7930.000000 0.226772 
0.568229 7873.000000 0.225142 
0.567977 7885.000000 0.225485 
0.567831 7892.000000 0.225686 
0.568208 7874.000000 0.225171 
0.568774 7847.000000 0.224399 
0.567768 7895.000000 0.225771 
0.567642 7901.000000 0.225943 
0.567810 7893.000000 0.225714 
0.568481 7861.000000 0.224799 
0.568502 7860.000000 0.224771 
0.568921 7840.000000 0.224199 
0.568418 7864.000000 0.224885 
0.567705 7898.000000 0.225857 
0.568271 7871.000000 0.225085 
0.568837 7844.000000 0.224313 
0.568837 7844.000000 0.224313 
0.569403 7817.000000 0.223541 
0.569781 7799.000000 0.223026 
0.569403 7817.000000 0.223541 
0.568250 7872.000000 0.225114 
0.565796 7989.000000 0.228459 
0.567893 7889.000000 0.225600 
0.567034 7930.000000 0.226772 
0.568271 7871.000000 0.225085 
0.567118 7926.000000 0.226658 
0.569068 7833.000000 0.223998 
0.566929 7935.000000 0.226915 
0.569550 7810.000000 0.223341 
0.567998 7884.000000 0.225457 
0.569403 7817.000000 0.223541 
0.567935 7887.000000 0.225543 
0.568292 7870.000000 0.225056 
0.568942 7839.000000 0.224170 
0.568376 7866.000000 0.224942 
0.570033 7787.000000 0.222683 
0.568669 7852.000000 0.224542 
0.567432 7911.000000 0.226229 
0.568732 7849.000000 0.224456 
0.569550 7810.000000 0.223341 
0.567495 7908.000000 0.226143 
0.568208 7874.000000 0.225171 
0.567180 7923.000000 0.226572 
0.569865 7795.000000 0.222912 
0.568145 7877.000000 0.225257 
0.566614 7950.000000 0.227344 
0.568627 7854.000000 0.224599 
0.568481 7861.000000 0.224799 
0.568418 7864.000000 0.224885 
0.567055 7929.000000 0.226744 
0.566950 7934.000000 0.226887 
0.567663 7900.000000 0.225914 
0.568816 7845.000000 0.224342 
0.568753 7848.000000 0.224427 
0.567600 7903.000000 0.226000 
0.566342 7963.000000 0.227716 
0.567914 7888.000000 0.225571 
0.567789 7894.000000 0.225743 
0.568460 7862.000000 0.224828 
0.566384 7961.000000 0.227659 
0.568292 7870.000000 0.225056 
0.568879 7842.000000 0.224256 
0.569991 7789.000000 0.222740 
0.568208 7874.000000 0.225171 
0.569278 7823.000000 0.223712 
0.569194 7827.000000 0.223827 
0.567956 7886.000000 0.225514 
0.569424 7816.000000 0.223512 
0.568565 7857.000000 0.224685 
0.568439 7863.000000 0.224856 
0.567243 7920.000000 0.226486 
0.567159 7924.000000 0.226601 
0.567852 7891.000000 0.225657 
0.569424 7816.000000 0.223512 
0.568753 7848.000000 0.224427 
0.567935 7887.000000 0.225543 
0.568334 7868.000000 0.224999 
0.567076 7928.000000 0.226715 
0.567872 7890.000000 0.225628 
0.568627 7854.000000 0.224599 
0.568586 7856.000000 0.224656 
0.567747 7896.000000 0.225800 
0.568523 7859.000000 0.224742 
0.568187 7875.000000 0.225199 
0.567180 7923.000000 0.226572 
0.567726 7897.000000 0.225829 
0.569005 7836.000000 0.224084 
0.569278 7823.000000 0.223712 
0.569697 7803.000000 0.223140 
0.568942 7839.000000 0.224170 
0.569194 7827.000000 0.223827 
0.569571 7809.000000 0.223312 
0.567935 7887.000000 0.225543 
0.568208 7874.000000 0.225171 
0.566384 7961.000000 0.227659 
0.566929 7935.000000 0.226915 
0.566384 7961.000000 0.227659 
0.567642 7901.000000 0.225943 
0.569739 7801.000000 0.223083 
0.568103 7879.000000 0.225314 
0.567684 7899.000000 0.225886 
0.567306 7917.000000 0.226401 
0.569361 7819.000000 0.223598 
0.567285 7918.000000 0.226429 
0.569215 7826.000000 0.223798 
0.568900 7841.000000 0.224227 
0.567684 7899.000000 0.225886 
0.569340 7820.000000 0.223627 
0.568858 7843.000000 0.224284 
0.568439 7863.000000 0.224856 
0.568858 7843.000000 0.224284 
0.567327 7916.000000 0.226372 
0.568816 7845.000000 0.224342 
0.568879 7842.000000 0.224256 
0.567118 7926.000000 0.226658 
0.567243 7920.000000 0.226486 
0.567914 7888.000000 0.225571 
0.568984 7837.000000 0.224113 
0.568334 7868.000000 0.224999 
0.569634 7806.000000 0.223226 
0.568292 7870.000000 0.225056 
0.567705 7898.000000 0.225857 
0.569340 7820.000000 0.223627 
0.567201 7922.000000 0.226544 
0.567726 7897.000000 0.225829 
0.568355 7867.000000 0.224971 
0.567180 7923.000000 0.226572 
0.569257 7824.000000 0.223741 
0.568229 7873.000000 0.225142 
0.568942 7839.000000 0.224170 
0.568900 7841.000000 0.224227 
0.569445 7815.000000 0.223484 
0.567810 7893.000000 0.225714 
0.569487 7813.000000 0.223426 
0.569068 7833.000000 0.223998 
0.569152 7829.000000 0.223884 
0.568879 7842.000000 0.224256 
0.568481 7861.000000 0.224799 
0.568627 7854.000000 0.224599 
0.566908 7936.000000 0.226944 
0.566153 7972.000000 0.227973 
0.568187 7875.000000 0.225199 
0.566929 7935.000000 0.226915 
0.569340 7820.000000 0.223627 
0.568606 7855.000000 0.224628 
0.567097 7927.000000 0.226686 
0.568544 7858.000000 0.224713 
0.568166 7876.000000 0.225228 
0.567726 7897.000000 0.225829 
0.567956 7886.000000 0.225514 
0.568565 7857.000000 0.224685 
0.568648 7853.000000 0.224570 
0.568271 7871.000000 0.225085 
0.568103 7879.000000 0.225314 
0.568900 7841.000000 0.224227 
0.567810 7893.000000 0.225714 
0.569131 7830.000000 0.223913 
0.569026 7835.000000 0.224056 
0.567516 7907.000000 0.226115 
0.567055 7929.000000 0.226744 
0.567831 7892.000000 0.225686 
0.567831 7892.000000 0.225686 
0.567348 7915.000000 0.226343 
0.568858 7843.000000 0.224284 
0.569110 7831.000000 0.223941 
0.568187 7875.000000 0.225199 
0.568040 7882.000000 0.225400 
0.568355 7867.000000 0.224971 
0.567453 7910.000000 0.226200 
0.567726 7897.000000 0.225829 
0.567537 7906.000000 0.226086 
0.568523 7859.000000 0.224742 
0.568481 7861.000000 0.224799 
0.568711 7850.000000 0.224485 
0.569382 7818.000000 0.223569 
0.566446 7958.000000 0.227573 
0.569424 7816.000000 0.223512 
0.568606 7855.000000 0.224628 
0.568816 7845.000000 0.224342 
0.568061 7881.000000 0.225371 
0.567893 7889.000000 0.225600 
0.568187 7875.000000 0.225199 
0.569508 7812.000000 0.223398 
0.567977 7885.000000 0.225485 
0.568627 7854.000000 0.224599 
0.568984 7837.000000 0.224113 
0.567139 7925.000000 0.226629 
0.569257 7824.000000 0.223741 
0.567264 7919.000000 0.226458 
0.567537 7906.000000 0.226086 
0.568648 7853.000000 0.224570 
0.567432 7911.000000 0.226229 
0.568313 7869.000000 0.225028 
0.568460 7862.000000 0.224828 
0.568669 7852.000000 0.224542 
0.567306 7917.000000 0.226401 
0.568145 7877.000000 0.225257 
0.569781 7799.000000 0.223026 
0.567726 7897.000000 0.225829 
0.569907 7793.000000 0.222855 
0.569424 7816.000000 0.223512 
0.568040 7882.000000 0.225400 
0.567872 7890.000000 0.225628 
0.567243 7920.000000 0.226486 
0.566908 7936.000000 0.226944 
0.569089 7832.000000 0.223970 
0.568145 7877.000000 0.225257 
0.568690 7851.000000 0.224513 
0.568334 7868.000000 0.224999 
0.569152 7829.000000 0.223884 
0.568208 7874.000000 0.225171 
0.567977 7885.000000 0.225485 
0.569928 7792.000000 0.222826 
0.568166 7876.000000 0.225228 
0.567327 7916.000000 0.226372 
0.567621 7902.000000 0.225972 
0.569550 7810.000000 0.223341 
0.566866 7938.000000 0.227001 
0.568565 7857.000000 0.224685 
0.568921 7840.000000 0.224199 
0.566950 7934.000000 0.226887 
0.566887 7937.000000 0.226972 
0.568606 7855.000000 0.224628 
0.567956 7886.000000 0.225514 
0.568397 7865.000000 0.224913 
0.568397 7865.000000 0.224913 
0.569236 7825.000000 0.223770 
0.569299 7822.000000 0.223684 
0.569487 7813.000000 0.223426 
0.568837 7844.000000 0.224313 
0.566593 7951.000000 0.227373 
0.568711 7850.000000 0.224485 
0.569005 7836.000000 0.224084 
0.568942 7839.000000 0.224170 
0.569005 7836.000000 0.224084 
0.568816 7845.000000 0.224342 
0.568460 7862.000000 0.224828 
0.568858 7843.000000 0.224284 
0.568900 7841.000000 0.224227 
0.568208 7874.000000 0.225171 
0.567831 7892.000000 0.225686 
0.565922 7983.000000 0.228288 
0.569382 7818.000000 0.223569 
0.569110 7831.000000 0.223941 
0.568900 7841.000000 0.224227 
0.568334 7868.000000 0.224999 
0.568166 7876.000000 0.225228 
0.567139 7925.000000 0.226629 
0.567831 7892.000000 0.225686 
0.569613 7807.000000 0.223255 
0.568690 7851.000000 0.224513 
0.568124 7878.000000 0.225285 
0.568502 7860.000000 0.224771 
0.567306 7917.000000 0.226401 
0.569110 7831.000000 0.223941 
0.569257 7824.000000 0.223741 
0.569110 7831.000000 0.223941 
0.567579 7904.000000 0.226029 
0.568313 7869.000000 0.225028 
0.568061 7881.000000 0.225371 
0.567663 7900.000000 0.225914 
0.567768 7895.000000 0.225771 
0.568816 7845.000000 0.224342 
0.567139 7925.000000 0.226629 
0.568732 7849.000000 0.224456 
0.568124 7878.000000 0.225285 
0.567495 7908.000000 0.226143 
0.568355 7867.000000 0.224971 
0.570347 7772.000000 0.222254 
0.567495 7908.000000 0.226143 
0.569970 7790.000000 0.222769 
0.569655 7805.000000 0.223198 
0.567579 7904.000000 0.226029 
0.567642 7901.000000 0.225943 
0.568124 7878.000000 0.225285 
0.568984 7837.000000 0.224113 
0.568040 7882.000000 0.225400 
0.569236 7825.000000 0.223770 
0.568837 7844.000000 0.224313 
0.567411 7912.000000 0.226258 
0.567705 7898.000000 0.225857 
0.568523 7859.000000 0.224742 
0.567705 7898.000000 0.225857 
0.568376 7866.000000 0.224942 
0.568690 7851.000000 0.224513 
0.567432 7911.000000 0.226229 
0.567600 7903.000000 0.226000 
0.567998 7884.000000 0.225457 
0.568627 7854.000000 0.224599 
0.567705 7898.000000 0.225857 
0.570137 7782.000000 0.222540 
0.567474 7909.000000 0.226172 
0.567935 7887.000000 0.225543 
0.568690 7851.000000 0.224513 
0.567285 7918.000000 0.226429 
0.569592 7808.000000 0.223283 
0.569529 7811.000000 0.223369 
0.568040 7882.000000 0.225400 
0.568837 7844.000000 0.224313 
0.567621 7902.000000 0.225972 
0.568711 7850.000000 0.224485 
0.569005 7836.000000 0.224084 
0.568250 7872.000000 0.225114 
0.569529 7811.000000 0.223369 
0.569110 7831.000000 0.223941 
0.567600 7903.000000 0.226000 
0.569382 7818.000000 0.223569 
0.569152 7829.000000 0.223884 
0.566719 7945.000000 0.227201 
0.568774 7847.000000 0.224399 
0.569068 7833.000000 0.223998 
0.569131 7830.000000 0.223913 
0.567390 7913.000000 0.226286 
0.568648 7853.000000 0.224570 
0.565901 7984.000000 0.228317 
0.567243 7920.000000 0.226486 
0.569047 7834.000000 0.224027 
0.566614 7950.000000 0.227344 
0.570263 7776.000000 0.222368 
0.567201 7922.000000 0.226544 
0.567810 7893.000000 0.225714 
0.568900 7841.000000 0.224227 
0.568606 7855.000000 0.224628 
0.569529 7811.000000 0.223369 
0.566782 7942.000000 0.227115 
0.568040 7882.000000 0.225400 
0.567516 7907.000000 0.226115 
0.569047 7834.000000 0.224027 
0.568711 7850.000000 0.224485 
0.568124 7878.000000 0.225285 
0.567453 7910.000000 0.226200 
0.569047 7834.000000 0.224027 
0.567118 7926.000000 0.226658 
0.568355 7867.000000 0.224971 
0.569068 7833.000000 0.223998 
0.568502 7860.000000 0.224771 
0.570473 7766.000000 0.222082 
0.570452 7767.000000 0.222111 
0.566614 7950.000000 0.227344 
0.569110 7831.000000 0.223941 
0.568418 7864.000000 0.224885 
0.566887 7937.000000 0.226972 
0.569215 7826.000000 0.223798 
0.568418 7864.000000 0.224885 
0.568313 7869.000000 0.225028 
0.567768 7895.000000 0.225771 
0.567159 7924.000000 0.226601 
0.570221 7778.000000 0.222426 
0.567306 7917.000000 0.226401 
0.568544 7858.000000 0.224713 
0.567977 7885.000000 0.225485 
0.569613 7807.000000 0.223255 
0.568606 7855.000000 0.224628 
0.569005 7836.000000 0.224084 
0.569697 7803.000000 0.223140 
0.567537 7906.000000 0.226086 
0.569361 7819.000000 0.223598 
0.567453 7910.000000 0.226200 
0.568250 7872.000000 0.225114 
0.568711 7850.000000 0.224485 
0.569445 7815.000000 0.223484 
0.567180 7923.000000 0.226572 
0.567516 7907.000000 0.226115 
0.568124 7878.000000 0.225285 
0.567411 7912.000000 0.226258 
0.568271 7871.000000 0.225085 
0.570158 7781.000000 0.222511 
0.569236 7825.000000 0.223770 
0.568544 7858.000000 0.224713 
0.568921 7840.000000 0.224199 
0.568837 7844.000000 0.224313 
0.567516 7907.000000 0.226115 
0.568040 7882.000000 0.225400 
0.568837 7844.000000 0.224313 
0.567369 7914.000000 0.226315 
0.570473 7766.000000 0.222082 
0.569382 7818.000000 0.223569 
0.569215 7826.000000 0.223798 
0.569508 7812.000000 0.223398 
0.567348 7915.000000 0.226343 
0.568040 7882.000000 0.225400 
0.568774 7847.000000 0.224399 
0.568481 7861.000000 0.224799 
0.569865 7795.000000 0.222912 
0.566593 7951.000000 0.227373 
0.568690 7851.000000 0.224513 
0.567831 7892.000000 0.225686 
0.567139 7925.000000 0.226629 
0.568502 7860.000000 0.224771 
0.568124 7878.000000 0.225285 
0.569194 7827.000000 0.223827 
0.567789 7894.000000 0.225743 
0.568019 7883.000000 0.225428 
0.567726 7897.000000 0.225829 
0.567097 7927.000000 0.226686 
0.568879 7842.000000 0.224256 
0.570829 7749.000000 0.221596 
0.567159 7924.000000 0.226601 
0.565964 7981.000000 0.228231 
0.568208 7874.000000 0.225171 
0.568669 7852.000000 0.224542 
0.567516 7907.000000 0.226115 
0.568103 7879.000000 0.225314 
0.568355 7867.000000 0.224971 
0.568984 7837.000000 0.224113 
0.568040 7882.000000 0.225400 
0.567474 7909.000000 0.226172 
0.570284 7775.000000 0.222340 
0.566929 7935.000000 0.226915 
0.568187 7875.000000 0.225199 
0.567831 7892.000000 0.225686 
0.568753 7848.000000 0.224427 
0.569089 7832.000000 0.223970 
0.568606 7855.000000 0.224628 
0.567684 7899.000000 0.225886 
0.567495 7908.000000 0.226143 
0.568313 7869.000000 0.225028 
0.570012 7788.000000 0.222712 
0.567684 7899.000000 0.225886 
0.568669 7852.000000 0.224542 
0.568523 7859.000000 0.224742 
0.569382 7818.000000 0.223569 
0.568040 7882.000000 0.225400 
0.569110 7831.000000 0.223941 
0.567558 7905.000000 0.226057 
0.569089 7832.000000 0.223970 
0.567998 7884.000000 0.225457 
0.568816 7845.000000 0.224342 
0.569152 7829.000000 0.223884 
0.567977 7885.000000 0.225485 
0.569844 7796.000000 0.222940 
0.566195 7970.000000 0.227916 
0.567935 7887.000000 0.225543 
0.567726 7897.000000 0.225829 
0.568439 7863.000000 0.224856 
0.568648 7853.000000 0.224570 
0.567369 7914.000000 0.226315 
0.568879 7842.000000 0.224256 
0.568544 7858.000000 0.224713 
0.568795 7846.000000 0.224370 
0.569236 7825.000000 0.223770 
0.568565 7857.000000 0.224685 
0.568858 7843.000000 0.224284 
0.567243 7920.000000 0.226486 
0.568103 7879.000000 0.225314 
0.568187 7875.000000 0.225199 
0.568082 7880.000000 0.225342 
0.567432 7911.000000 0.226229 
0.567369 7914.000000 0.226315 
0.569529 7811.000000 0.223369 
0.568921 7840.000000 0.224199 
0.568460 7862.000000 0.224828 
0.567076 7928.000000 0.226715 
0.566761 7943.000000 0.227144 
0.569865 7795.000000 0.222912 
0.568418 7864.000000 0.224885 
0.568019 7883.000000 0.225428 
0.568166 7876.000000 0.225228 
0.569382 7818.000000 0.223569 
0.568481 7861.000000 0.224799 
0.568292 7870.000000 0.225056 
0.568103 7879.000000 0.225314 
0.568229 7873.000000 0.225142 
0.567789 7894.000000 0.225743 
0.568523 7859.000000 0.224742 
0.569361 7819.000000 0.223598 
0.568711 7850.000000 0.224485 
