0.512488 10531.000000 0.301152 
0.513684 10474.000000 0.299522 
0.511880 10560.000000 0.301982 
0.513516 10482.000000 0.299751 
0.511628 10572.000000 0.302325 
0.513914 10463.000000 0.299208 
0.512048 10552.000000 0.301753 
0.514040 10457.000000 0.299036 
0.512719 10520.000000 0.300838 
0.513264 10494.000000 0.300094 
0.513075 10503.000000 0.300352 
0.513432 10486.000000 0.299866 
0.512614 10525.000000 0.300981 
0.512509 10530.000000 0.301124 
0.512887 10512.000000 0.300609 
0.512950 10509.000000 0.300523 
0.512006 10554.000000 0.301810 
0.513495 10483.000000 0.299780 
0.511775 10565.000000 0.302125 
0.512278 10541.000000 0.301438 
0.514271 10446.000000 0.298722 
0.514229 10448.000000 0.298779 
0.513914 10463.000000 0.299208 
0.511964 10556.000000 0.301867 
0.513474 10484.000000 0.299808 
0.514061 10456.000000 0.299008 
0.513411 10487.000000 0.299894 
0.513705 10473.000000 0.299494 
0.513516 10482.000000 0.299751 
0.512992 10507.000000 0.300466 
0.513390 10488.000000 0.299923 
0.513075 10503.000000 0.300352 
0.512467 10532.000000 0.301181 
0.513684 10474.000000 0.299522 
0.512341 10538.000000 0.301353 
0.512258 10542.000000 0.301467 
0.513998 10459.000000 0.299093 
0.512740 10519.000000 0.300809 
0.513369 10489.000000 0.299951 
0.512698 10521.000000 0.300866 
0.513390 10488.000000 0.299923 
0.513642 10476.000000 0.299580 
0.512509 10530.000000 0.301124 
0.513012 10506.000000 0.300438 
0.512048 10552.000000 0.301753 
0.511649 10571.000000 0.302296 
0.513453 10485.000000 0.299837 
0.513180 10498.000000 0.300209 
0.513872 10465.000000 0.299265 
0.513663 10475.000000 0.299551 
0.513830 10467.000000 0.299322 
0.513474 10484.000000 0.299808 
0.514019 10458.000000 0.299065 
0.513012 10506.000000 0.300438 
0.513705 10473.000000 0.299494 
0.513159 10499.000000 0.300237 
0.512551 10528.000000 0.301067 
0.513705 10473.000000 0.299494 
0.513621 10477.000000 0.299608 
0.515466 10389.000000 0.297092 
0.512132 10548.000000 0.301639 
0.512992 10507.000000 0.300466 
0.512362 10537.000000 0.301324 
0.515110 10406.000000 0.297578 
0.514229 10448.000000 0.298779 
0.512803 10516.000000 0.300723 
0.515634 10381.000000 0.296863 
0.512677 10522.000000 0.300895 
0.513264 10494.000000 0.300094 
0.513222 10496.000000 0.300152 
0.512677 10522.000000 0.300895 
0.513327 10491.000000 0.300009 
0.512782 10517.000000 0.300752 
0.513956 10461.000000 0.299151 
0.516053 10361.000000 0.296291 
0.513033 10505.000000 0.300409 
0.513516 10482.000000 0.299751 
0.513411 10487.000000 0.299894 
0.512593 10526.000000 0.301009 
0.513809 10468.000000 0.299351 
0.513222 10496.000000 0.300152 
0.513998 10459.000000 0.299093 
0.513705 10473.000000 0.299494 
0.514732 10424.000000 0.298093 
0.513285 10493.000000 0.300066 
0.513558 10480.000000 0.299694 
0.513935 10462.000000 0.299179 
0.514480 10436.000000 0.298436 
0.513432 10486.000000 0.299866 
0.511838 10562.000000 0.302039 
0.512803 10516.000000 0.300723 
0.513117 10501.000000 0.300295 
0.511083 10598.000000 0.303068 
0.514439 10438.000000 0.298493 
0.513285 10493.000000 0.300066 
0.513684 10474.000000 0.299522 
0.513705 10473.000000 0.299494 
0.511524 10577.000000 0.302468 
0.512509 10530.000000 0.301124 
0.512656 10523.000000 0.300924 
0.513180 10498.000000 0.300209 
0.513788 10469.000000 0.299379 
0.512824 10515.000000 0.300695 
0.514606 10430.000000 0.298264 
0.512887 10512.000000 0.300609 
0.514690 10426.000000 0.298150 
0.512425 10534.000000 0.301238 
0.513705 10473.000000 0.299494 
0.515906 10368.000000 0.296491 
0.512237 10543.000000 0.301496 
0.513767 10470.000000 0.299408 
0.513537 10481.000000 0.299723 
0.514187 10450.000000 0.298836 
0.511985 10555.000000 0.301839 
0.512635 10524.000000 0.300952 
0.513705 10473.000000 0.299494 
0.512467 10532.000000 0.301181 
0.512341 10538.000000 0.301353 
0.515361 10394.000000 0.297235 
0.513767 10470.000000 0.299408 
0.511733 10567.000000 0.302182 
0.512908 10511.000000 0.300581 
0.515005 10411.000000 0.297721 
0.513012 10506.000000 0.300438 
0.514606 10430.000000 0.298264 
0.512866 10513.000000 0.300638 
0.513558 10480.000000 0.299694 
0.515235 10400.000000 0.297406 
0.513390 10488.000000 0.299923 
0.512677 10522.000000 0.300895 
0.513369 10489.000000 0.299951 
0.513012 10506.000000 0.300438 
0.514166 10451.000000 0.298865 
0.513453 10485.000000 0.299837 
0.511796 10564.000000 0.302096 
0.514292 10445.000000 0.298693 
0.512698 10521.000000 0.300866 
0.512971 10508.000000 0.300495 
0.513075 10503.000000 0.300352 
0.512278 10541.000000 0.301438 
0.513306 10492.000000 0.300037 
0.513621 10477.000000 0.299608 
0.511796 10564.000000 0.302096 
0.513096 10502.000000 0.300323 
0.513306 10492.000000 0.300037 
0.513851 10466.000000 0.299294 
0.513558 10480.000000 0.299694 
0.514229 10448.000000 0.298779 
0.512761 10518.000000 0.300781 
0.514082 10455.000000 0.298979 
0.513725 10472.000000 0.299465 
0.513369 10489.000000 0.299951 
0.514816 10420.000000 0.297978 
0.514795 10421.000000 0.298007 
0.515529 10386.000000 0.297006 
0.512153 10547.000000 0.301610 
0.512572 10527.000000 0.301038 
0.513243 10495.000000 0.300123 
0.513642 10476.000000 0.299580 
0.513830 10467.000000 0.299322 
0.513558 10480.000000 0.299694 
0.514229 10448.000000 0.298779 
0.512824 10515.000000 0.300695 
0.511796 10564.000000 0.302096 
0.514963 10413.000000 0.297778 
0.513788 10469.000000 0.299379 
0.512950 10509.000000 0.300523 
0.512845 10514.000000 0.300666 
0.512006 10554.000000 0.301810 
0.511985 10555.000000 0.301839 
0.513096 10502.000000 0.300323 
0.511859 10561.000000 0.302010 
0.514124 10453.000000 0.298922 
0.512593 10526.000000 0.301009 
0.512635 10524.000000 0.300952 
0.514292 10445.000000 0.298693 
0.513075 10503.000000 0.300352 
0.512698 10521.000000 0.300866 
0.514313 10444.000000 0.298665 
0.513369 10489.000000 0.299951 
0.513537 10481.000000 0.299723 
0.512216 10544.000000 0.301524 
0.513642 10476.000000 0.299580 
0.513998 10459.000000 0.299093 
0.512782 10517.000000 0.300752 
0.513663 10475.000000 0.299551 
0.513012 10506.000000 0.300438 
0.513977 10460.000000 0.299122 
0.512153 10547.000000 0.301610 
0.511796 10564.000000 0.302096 
0.512992 10507.000000 0.300466 
0.513579 10479.000000 0.299665 
0.513893 10464.000000 0.299236 
0.512950 10509.000000 0.300523 
0.513285 10493.000000 0.300066 
0.514459 10437.000000 0.298464 
0.514355 10442.000000 0.298607 
0.515445 10390.000000 0.297120 
0.513222 10496.000000 0.300152 
0.512677 10522.000000 0.300895 
0.513893 10464.000000 0.299236 
0.513432 10486.000000 0.299866 
0.512971 10508.000000 0.300495 
0.511859 10561.000000 0.302010 
0.512887 10512.000000 0.300609 
0.515340 10395.000000 0.297263 
0.511901 10559.000000 0.301953 
0.512971 10508.000000 0.300495 
0.513935 10462.000000 0.299179 
0.513243 10495.000000 0.300123 
0.515235 10400.000000 0.297406 
0.513914 10463.000000 0.299208 
0.512761 10518.000000 0.300781 
0.512971 10508.000000 0.300495 
0.513851 10466.000000 0.299294 
0.511565 10575.000000 0.302411 
0.514837 10419.000000 0.297950 
0.513851 10466.000000 0.299294 
0.514816 10420.000000 0.297978 
0.513851 10466.000000 0.299294 
0.511922 10558.000000 0.301925 
0.513117 10501.000000 0.300295 
0.514313 10444.000000 0.298665 
0.511964 10556.000000 0.301867 
0.512509 10530.000000 0.301124 
0.513851 10466.000000 0.299294 
0.513705 10473.000000 0.299494 
0.513096 10502.000000 0.300323 
0.513872 10465.000000 0.299265 
0.511922 10558.000000 0.301925 
0.514564 10432.000000 0.298321 
0.512950 10509.000000 0.300523 
0.512509 10530.000000 0.301124 
0.512929 10510.000000 0.300552 
0.512509 10530.000000 0.301124 
0.514376 10441.000000 0.298579 
0.511901 10559.000000 0.301953 
0.514418 10439.000000 0.298522 
0.512782 10517.000000 0.300752 
0.512845 10514.000000 0.300666 
0.513327 10491.000000 0.300009 
0.514564 10432.000000 0.298321 
0.513201 10497.000000 0.300180 
0.513348 10490.000000 0.299980 
0.512299 10540.000000 0.301410 
0.513327 10491.000000 0.300009 
0.513411 10487.000000 0.299894 
0.513809 10468.000000 0.299351 
0.513285 10493.000000 0.300066 
0.514376 10441.000000 0.298579 
0.514564 10432.000000 0.298321 
0.513033 10505.000000 0.300409 
0.512027 10553.000000 0.301782 
0.514942 10414.000000 0.297807 
0.511461 10580.000000 0.302554 
0.512866 10513.000000 0.300638 
0.513075 10503.000000 0.300352 
0.512656 10523.000000 0.300924 
0.512551 10528.000000 0.301067 
0.514627 10429.000000 0.298236 
0.512132 10548.000000 0.301639 
0.512446 10533.000000 0.301210 
0.512992 10507.000000 0.300466 
0.514103 10454.000000 0.298950 
0.514669 10427.000000 0.298178 
0.511880 10560.000000 0.301982 
0.515298 10397.000000 0.297320 
0.514376 10441.000000 0.298579 
0.512887 10512.000000 0.300609 
0.513180 10498.000000 0.300209 
0.515277 10398.000000 0.297349 
0.513809 10468.000000 0.299351 
0.511964 10556.000000 0.301867 
0.513159 10499.000000 0.300237 
0.513495 10483.000000 0.299780 
0.512551 10528.000000 0.301067 
0.514019 10458.000000 0.299065 
0.514355 10442.000000 0.298607 
0.513264 10494.000000 0.300094 
0.513243 10495.000000 0.300123 
0.513663 10475.000000 0.299551 
0.513474 10484.000000 0.299808 
0.513243 10495.000000 0.300123 
0.512425 10534.000000 0.301238 
0.514627 10429.000000 0.298236 
0.513222 10496.000000 0.300152 
0.513998 10459.000000 0.299093 
0.512803 10516.000000 0.300723 
0.513684 10474.000000 0.299522 
0.514313 10444.000000 0.298665 
0.514250 10447.000000 0.298750 
0.514879 10417.000000 0.297892 
0.513621 10477.000000 0.299608 
0.514795 10421.000000 0.298007 
0.514585 10431.000000 0.298293 
0.512971 10508.000000 0.300495 
0.512929 10510.000000 0.300552 
0.514648 10428.000000 0.298207 
0.513495 10483.000000 0.299780 
0.513663 10475.000000 0.299551 
0.513767 10470.000000 0.299408 
0.514418 10439.000000 0.298522 
0.512572 10527.000000 0.301038 
0.511565 10575.000000 0.302411 
0.514900 10416.000000 0.297864 
0.512048 10552.000000 0.301753 
0.511838 10562.000000 0.302039 
0.512551 10528.000000 0.301067 
0.512992 10507.000000 0.300466 
0.513012 10506.000000 0.300438 
0.511838 10562.000000 0.302039 
0.514397 10440.000000 0.298550 
0.512446 10533.000000 0.301210 
0.512782 10517.000000 0.300752 
0.512216 10544.000000 0.301524 
0.513075 10503.000000 0.300352 
0.514124 10453.000000 0.298922 
0.511272 10589.000000 0.302811 
0.513579 10479.000000 0.299665 
0.513306 10492.000000 0.300037 
0.511796 10564.000000 0.302096 
0.514292 10445.000000 0.298693 
0.513977 10460.000000 0.299122 
0.513285 10493.000000 0.300066 
0.513369 10489.000000 0.299951 
0.514334 10443.000000 0.298636 
0.513642 10476.000000 0.299580 
0.513746 10471.000000 0.299437 
0.515319 10396.000000 0.297292 
0.512488 10531.000000 0.301152 
0.514480 10436.000000 0.298436 
0.513956 10461.000000 0.299151 
0.512740 10519.000000 0.300809 
0.513621 10477.000000 0.299608 
0.513537 10481.000000 0.299723 
0.512887 10512.000000 0.300609 
0.512488 10531.000000 0.301152 
0.513411 10487.000000 0.299894 
0.514019 10458.000000 0.299065 
0.512048 10552.000000 0.301753 
0.512908 10511.000000 0.300581 
0.512740 10519.000000 0.300809 
0.514439 10438.000000 0.298493 
0.513642 10476.000000 0.299580 
0.512320 10539.000000 0.301381 
0.512320 10539.000000 0.301381 
0.513180 10498.000000 0.300209 
0.513474 10484.000000 0.299808 
0.512593 10526.000000 0.301009 
0.512845 10514.000000 0.300666 
0.513474 10484.000000 0.299808 
0.512488 10531.000000 0.301152 
0.513453 10485.000000 0.299837 
0.512593 10526.000000 0.301009 
0.514103 10454.000000 0.298950 
0.512908 10511.000000 0.300581 
0.513516 10482.000000 0.299751 
0.513872 10465.000000 0.299265 
0.512887 10512.000000 0.300609 
0.513663 10475.000000 0.299551 
0.512929 10510.000000 0.300552 
0.513809 10468.000000 0.299351 
0.513453 10485.000000 0.299837 
0.514250 10447.000000 0.298750 
0.513054 10504.000000 0.300380 
0.512153 10547.000000 0.301610 
0.514648 10428.000000 0.298207 
0.513411 10487.000000 0.299894 
0.513054 10504.000000 0.300380 
0.514103 10454.000000 0.298950 
0.513998 10459.000000 0.299093 
0.514921 10415.000000 0.297835 
0.514187 10450.000000 0.298836 
0.514900 10416.000000 0.297864 
0.515005 10411.000000 0.297721 
0.513851 10466.000000 0.299294 
0.511817 10563.000000 0.302068 
0.514732 10424.000000 0.298093 
0.512887 10512.000000 0.300609 
0.514229 10448.000000 0.298779 
0.514711 10425.000000 0.298121 
0.511901 10559.000000 0.301953 
0.514627 10429.000000 0.298236 
0.512992 10507.000000 0.300466 
0.511922 10558.000000 0.301925 
0.514627 10429.000000 0.298236 
0.512111 10549.000000 0.301667 
0.514564 10432.000000 0.298321 
0.513872 10465.000000 0.299265 
0.514124 10453.000000 0.298922 
0.511922 10558.000000 0.301925 
0.513746 10471.000000 0.299437 
0.513809 10468.000000 0.299351 
0.513222 10496.000000 0.300152 
0.512950 10509.000000 0.300523 
0.512824 10515.000000 0.300695 
0.513453 10485.000000 0.299837 
0.512216 10544.000000 0.301524 
0.514082 10455.000000 0.298979 
0.514690 10426.000000 0.298150 
0.512887 10512.000000 0.300609 
0.515005 10411.000000 0.297721 
0.512299 10540.000000 0.301410 
0.514376 10441.000000 0.298579 
0.513663 10475.000000 0.299551 
0.512153 10547.000000 0.301610 
0.513327 10491.000000 0.300009 
0.513075 10503.000000 0.300352 
0.513684 10474.000000 0.299522 
0.513138 10500.000000 0.300266 
0.512237 10543.000000 0.301496 
0.513725 10472.000000 0.299465 
0.513117 10501.000000 0.300295 
0.511398 10583.000000 0.302639 
0.512971 10508.000000 0.300495 
0.512320 10539.000000 0.301381 
0.515319 10396.000000 0.297292 
0.514208 10449.000000 0.298808 
0.513663 10475.000000 0.299551 
0.514648 10428.000000 0.298207 
0.514187 10450.000000 0.298836 
0.512971 10508.000000 0.300495 
0.514103 10454.000000 0.298950 
0.513537 10481.000000 0.299723 
0.513033 10505.000000 0.300409 
0.511565 10575.000000 0.302411 
0.511649 10571.000000 0.302296 
0.512572 10527.000000 0.301038 
0.513327 10491.000000 0.300009 
0.513348 10490.000000 0.299980 
0.514732 10424.000000 0.298093 
0.512195 10545.000000 0.301553 
0.512174 10546.000000 0.301581 
0.512090 10550.000000 0.301696 
0.513809 10468.000000 0.299351 
0.512614 10525.000000 0.300981 
0.513684 10474.000000 0.299522 
0.511754 10566.000000 0.302153 
0.514900 10416.000000 0.297864 
0.514900 10416.000000 0.297864 
0.513012 10506.000000 0.300438 
0.515802 10373.000000 0.296634 
0.512572 10527.000000 0.301038 
0.513998 10459.000000 0.299093 
0.513159 10499.000000 0.300237 
0.514061 10456.000000 0.299008 
0.513138 10500.000000 0.300266 
0.513558 10480.000000 0.299694 
0.512048 10552.000000 0.301753 
0.512887 10512.000000 0.300609 
0.513767 10470.000000 0.299408 
0.512299 10540.000000 0.301410 
0.513893 10464.000000 0.299236 
0.513432 10486.000000 0.299866 
0.512132 10548.000000 0.301639 
0.512530 10529.000000 0.301095 
0.514837 10419.000000 0.297950 
0.514250 10447.000000 0.298750 
0.512593 10526.000000 0.301009 
0.512950 10509.000000 0.300523 
0.512614 10525.000000 0.300981 
0.513537 10481.000000 0.299723 
0.514271 10446.000000 0.298722 
0.511901 10559.000000 0.301953 
0.512761 10518.000000 0.300781 
0.512635 10524.000000 0.300952 
0.513369 10489.000000 0.299951 
0.513243 10495.000000 0.300123 
0.512006 10554.000000 0.301810 
0.512845 10514.000000 0.300666 
0.512341 10538.000000 0.301353 
0.512677 10522.000000 0.300895 
0.512866 10513.000000 0.300638 
0.512740 10519.000000 0.300809 
0.514019 10458.000000 0.299065 
0.512572 10527.000000 0.301038 
0.514564 10432.000000 0.298321 
0.512614 10525.000000 0.300981 
0.511817 10563.000000 0.302068 
0.514061 10456.000000 0.299008 
0.511880 10560.000000 0.301982 
0.512320 10539.000000 0.301381 
0.513411 10487.000000 0.299894 
0.512530 10529.000000 0.301095 
0.513411 10487.000000 0.299894 
0.515026 10410.000000 0.297692 
0.512929 10510.000000 0.300552 
0.512719 10520.000000 0.300838 
0.514355 10442.000000 0.298607 
0.513264 10494.000000 0.300094 
0.514229 10448.000000 0.298779 
0.512530 10529.000000 0.301095 
0.513579 10479.000000 0.299665 
0.512824 10515.000000 0.300695 
0.512551 10528.000000 0.301067 
0.514732 10424.000000 0.298093 
0.512929 10510.000000 0.300552 
0.512530 10529.000000 0.301095 
0.512341 10538.000000 0.301353 
0.512929 10510.000000 0.300552 
0.512677 10522.000000 0.300895 
