0.604844 6127.000000 0.175212 
0.605012 6119.000000 0.174984 
0.604194 6158.000000 0.176099 
0.605956 6074.000000 0.173697 
0.605620 6090.000000 0.174154 
0.605641 6089.000000 0.174126 
0.605830 6080.000000 0.173868 
0.604677 6135.000000 0.175441 
0.605473 6097.000000 0.174354 
0.605096 6115.000000 0.174869 
0.604677 6135.000000 0.175441 
0.605872 6078.000000 0.173811 
0.605431 6099.000000 0.174412 
0.606249 6060.000000 0.173296 
0.604886 6125.000000 0.175155 
0.604362 6150.000000 0.175870 
0.605557 6093.000000 0.174240 
0.605557 6093.000000 0.174240 
0.605012 6119.000000 0.174984 
0.605704 6086.000000 0.174040 
0.605369 6102.000000 0.174497 
0.605788 6082.000000 0.173925 
0.604047 6165.000000 0.176299 
0.604844 6127.000000 0.175212 
0.605536 6094.000000 0.174269 
0.603670 6183.000000 0.176814 
0.605033 6118.000000 0.174955 
0.605390 6101.000000 0.174469 
0.605683 6087.000000 0.174068 
0.605725 6085.000000 0.174011 
0.604614 6138.000000 0.175527 
0.605348 6103.000000 0.174526 
0.604949 6122.000000 0.175069 
0.605704 6086.000000 0.174040 
0.605201 6110.000000 0.174726 
0.604425 6147.000000 0.175784 
0.604614 6138.000000 0.175527 
0.604886 6125.000000 0.175155 
0.604781 6130.000000 0.175298 
0.604530 6142.000000 0.175641 
0.604760 6131.000000 0.175327 
0.603880 6173.000000 0.176528 
0.606543 6046.000000 0.172896 
0.604760 6131.000000 0.175327 
0.604739 6132.000000 0.175355 
0.604446 6146.000000 0.175756 
0.604635 6137.000000 0.175498 
0.605641 6089.000000 0.174126 
0.604404 6148.000000 0.175813 
0.605515 6095.000000 0.174297 
0.604991 6120.000000 0.175012 
0.604593 6139.000000 0.175555 
0.605117 6114.000000 0.174841 
0.605557 6093.000000 0.174240 
0.605746 6084.000000 0.173983 
0.605180 6111.000000 0.174755 
0.605620 6090.000000 0.174154 
0.605431 6099.000000 0.174412 
0.604152 6160.000000 0.176156 
0.603586 6187.000000 0.176928 
0.604802 6129.000000 0.175270 
0.605327 6104.000000 0.174555 
0.605222 6109.000000 0.174698 
0.605515 6095.000000 0.174297 
0.605117 6114.000000 0.174841 
0.604509 6143.000000 0.175670 
0.605494 6096.000000 0.174326 
0.605536 6094.000000 0.174269 
0.605306 6105.000000 0.174583 
0.606333 6056.000000 0.173182 
0.604718 6133.000000 0.175384 
0.604152 6160.000000 0.176156 
0.603125 6209.000000 0.177557 
0.604236 6156.000000 0.176042 
0.606291 6058.000000 0.173239 
0.603397 6196.000000 0.177186 
0.606082 6068.000000 0.173525 
0.605306 6105.000000 0.174583 
0.603355 6198.000000 0.177243 
0.605662 6088.000000 0.174097 
0.605872 6078.000000 0.173811 
0.605977 6073.000000 0.173668 
0.604886 6125.000000 0.175155 
0.605704 6086.000000 0.174040 
0.605180 6111.000000 0.174755 
0.604509 6143.000000 0.175670 
0.604446 6146.000000 0.175756 
0.606543 6046.000000 0.172896 
0.604844 6127.000000 0.175212 
0.604194 6158.000000 0.176099 
0.605641 6089.000000 0.174126 
0.605935 6075.000000 0.173725 
0.605264 6107.000000 0.174640 
0.605390 6101.000000 0.174469 
0.604949 6122.000000 0.175069 
0.604362 6150.000000 0.175870 
0.604781 6130.000000 0.175298 
0.604488 6144.000000 0.175698 
0.605348 6103.000000 0.174526 
0.605578 6092.000000 0.174211 
0.605054 6117.000000 0.174926 
0.605725 6085.000000 0.174011 
0.604236 6156.000000 0.176042 
0.604509 6143.000000 0.175670 
0.605033 6118.000000 0.174955 
0.604383 6149.000000 0.175841 
0.605452 6098.000000 0.174383 
0.605494 6096.000000 0.174326 
0.604551 6141.000000 0.175613 
0.604970 6121.000000 0.175041 
0.605767 6083.000000 0.173954 
0.605536 6094.000000 0.174269 
0.604635 6137.000000 0.175498 
0.605054 6117.000000 0.174926 
0.605264 6107.000000 0.174640 
0.603838 6175.000000 0.176585 
0.604110 6162.000000 0.176213 
0.606186 6063.000000 0.173382 
0.605180 6111.000000 0.174755 
0.604404 6148.000000 0.175813 
0.604005 6167.000000 0.176356 
0.605914 6076.000000 0.173754 
0.604530 6142.000000 0.175641 
0.604739 6132.000000 0.175355 
0.604152 6160.000000 0.176156 
0.604131 6161.000000 0.176185 
0.604635 6137.000000 0.175498 
0.605956 6074.000000 0.173697 
0.604488 6144.000000 0.175698 
0.604865 6126.000000 0.175184 
0.604047 6165.000000 0.176299 
0.603775 6178.000000 0.176671 
0.605369 6102.000000 0.174497 
0.604823 6128.000000 0.175241 
0.606019 6071.000000 0.173611 
0.605075 6116.000000 0.174898 
0.604697 6134.000000 0.175413 
0.606270 6059.000000 0.173268 
0.603733 6180.000000 0.176728 
0.605641 6089.000000 0.174126 
0.605956 6074.000000 0.173697 
0.606061 6069.000000 0.173554 
0.606920 6028.000000 0.172381 
0.605872 6078.000000 0.173811 
0.605327 6104.000000 0.174555 
0.605452 6098.000000 0.174383 
0.605243 6108.000000 0.174669 
0.606627 6042.000000 0.172782 
0.605767 6083.000000 0.173954 
0.605159 6112.000000 0.174783 
0.605411 6100.000000 0.174440 
0.605893 6077.000000 0.173782 
0.604593 6139.000000 0.175555 
0.603292 6201.000000 0.177328 
0.605411 6100.000000 0.174440 
0.604991 6120.000000 0.175012 
0.604991 6120.000000 0.175012 
0.605872 6078.000000 0.173811 
0.604362 6150.000000 0.175870 
0.604509 6143.000000 0.175670 
0.605599 6091.000000 0.174183 
0.604551 6141.000000 0.175613 
0.606333 6056.000000 0.173182 
0.605075 6116.000000 0.174898 
0.604823 6128.000000 0.175241 
0.605620 6090.000000 0.174154 
0.603376 6197.000000 0.177214 
0.605159 6112.000000 0.174783 
0.605431 6099.000000 0.174412 
0.604760 6131.000000 0.175327 
0.604173 6159.000000 0.176127 
0.604823 6128.000000 0.175241 
0.604362 6150.000000 0.175870 
0.604739 6132.000000 0.175355 
0.605788 6082.000000 0.173925 
0.604572 6140.000000 0.175584 
0.604928 6123.000000 0.175098 
0.605683 6087.000000 0.174068 
0.605830 6080.000000 0.173868 
0.605012 6119.000000 0.174984 
0.605369 6102.000000 0.174497 
0.604760 6131.000000 0.175327 
0.606249 6060.000000 0.173296 
0.605243 6108.000000 0.174669 
0.604991 6120.000000 0.175012 
0.605075 6116.000000 0.174898 
0.604089 6163.000000 0.176242 
0.605201 6110.000000 0.174726 
0.604488 6144.000000 0.175698 
0.604635 6137.000000 0.175498 
0.605557 6093.000000 0.174240 
0.603712 6181.000000 0.176757 
0.604844 6127.000000 0.175212 
0.605033 6118.000000 0.174955 
0.606669 6040.000000 0.172724 
0.605977 6073.000000 0.173668 
0.605935 6075.000000 0.173725 
0.604781 6130.000000 0.175298 
0.604907 6124.000000 0.175127 
0.604635 6137.000000 0.175498 
0.604089 6163.000000 0.176242 
0.604802 6129.000000 0.175270 
0.605851 6079.000000 0.173840 
0.603775 6178.000000 0.176671 
0.603984 6168.000000 0.176385 
0.606082 6068.000000 0.173525 
0.605033 6118.000000 0.174955 
0.604236 6156.000000 0.176042 
0.604278 6154.000000 0.175984 
0.605243 6108.000000 0.174669 
0.604047 6165.000000 0.176299 
0.604970 6121.000000 0.175041 
0.604467 6145.000000 0.175727 
0.606082 6068.000000 0.173525 
0.605096 6115.000000 0.174869 
0.605369 6102.000000 0.174497 
0.603712 6181.000000 0.176757 
0.605390 6101.000000 0.174469 
0.604278 6154.000000 0.175984 
0.605515 6095.000000 0.174297 
0.604236 6156.000000 0.176042 
0.604257 6155.000000 0.176013 
0.605012 6119.000000 0.174984 
0.606124 6066.000000 0.173468 
0.604173 6159.000000 0.176127 
0.605998 6072.000000 0.173640 
0.603901 6172.000000 0.176499 
0.605431 6099.000000 0.174412 
0.605494 6096.000000 0.174326 
0.604677 6135.000000 0.175441 
0.604530 6142.000000 0.175641 
0.604530 6142.000000 0.175641 
0.604635 6137.000000 0.175498 
0.605914 6076.000000 0.173754 
0.605452 6098.000000 0.174383 
0.605935 6075.000000 0.173725 
0.605431 6099.000000 0.174412 
0.604844 6127.000000 0.175212 
0.605431 6099.000000 0.174412 
0.605159 6112.000000 0.174783 
0.603922 6171.000000 0.176471 
0.604089 6163.000000 0.176242 
0.604739 6132.000000 0.175355 
0.604509 6143.000000 0.175670 
0.604425 6147.000000 0.175784 
0.605977 6073.000000 0.173668 
0.604949 6122.000000 0.175069 
0.605662 6088.000000 0.174097 
0.606585 6044.000000 0.172839 
0.604404 6148.000000 0.175813 
0.604257 6155.000000 0.176013 
0.604802 6129.000000 0.175270 
0.604572 6140.000000 0.175584 
0.603292 6201.000000 0.177328 
0.605369 6102.000000 0.174497 
0.603984 6168.000000 0.176385 
0.605138 6113.000000 0.174812 
0.604677 6135.000000 0.175441 
0.606333 6056.000000 0.173182 
0.605390 6101.000000 0.174469 
0.603943 6170.000000 0.176442 
0.605683 6087.000000 0.174068 
0.605054 6117.000000 0.174926 
0.606312 6057.000000 0.173211 
0.604677 6135.000000 0.175441 
0.604341 6151.000000 0.175899 
0.603670 6183.000000 0.176814 
0.603712 6181.000000 0.176757 
0.605033 6118.000000 0.174955 
0.604844 6127.000000 0.175212 
0.605767 6083.000000 0.173954 
0.604194 6158.000000 0.176099 
0.605306 6105.000000 0.174583 
0.604089 6163.000000 0.176242 
0.604697 6134.000000 0.175413 
0.605851 6079.000000 0.173840 
0.604593 6139.000000 0.175555 
0.605054 6117.000000 0.174926 
0.604823 6128.000000 0.175241 
0.605348 6103.000000 0.174526 
0.606459 6050.000000 0.173010 
0.604614 6138.000000 0.175527 
0.605054 6117.000000 0.174926 
0.606207 6062.000000 0.173354 
0.604844 6127.000000 0.175212 
0.605054 6117.000000 0.174926 
0.604551 6141.000000 0.175613 
0.604949 6122.000000 0.175069 
0.605390 6101.000000 0.174469 
0.604341 6151.000000 0.175899 
0.604677 6135.000000 0.175441 
0.606124 6066.000000 0.173468 
0.605222 6109.000000 0.174698 
0.603167 6207.000000 0.177500 
0.605599 6091.000000 0.174183 
0.606124 6066.000000 0.173468 
0.605557 6093.000000 0.174240 
0.605830 6080.000000 0.173868 
0.604257 6155.000000 0.176013 
0.604991 6120.000000 0.175012 
0.604718 6133.000000 0.175384 
0.605012 6119.000000 0.174984 
0.604677 6135.000000 0.175441 
0.604781 6130.000000 0.175298 
0.604173 6159.000000 0.176127 
0.604865 6126.000000 0.175184 
0.603607 6186.000000 0.176900 
0.605704 6086.000000 0.174040 
0.604509 6143.000000 0.175670 
0.606124 6066.000000 0.173468 
0.604404 6148.000000 0.175813 
0.605431 6099.000000 0.174412 
0.604194 6158.000000 0.176099 
0.605243 6108.000000 0.174669 
0.605306 6105.000000 0.174583 
0.605138 6113.000000 0.174812 
0.605452 6098.000000 0.174383 
0.605348 6103.000000 0.174526 
0.605138 6113.000000 0.174812 
0.605117 6114.000000 0.174841 
0.604488 6144.000000 0.175698 
0.604404 6148.000000 0.175813 
0.604697 6134.000000 0.175413 
0.603964 6169.000000 0.176413 
0.605431 6099.000000 0.174412 
0.605452 6098.000000 0.174383 
0.604362 6150.000000 0.175870 
0.604760 6131.000000 0.175327 
0.605369 6102.000000 0.174497 
0.604865 6126.000000 0.175184 
0.604467 6145.000000 0.175727 
0.604404 6148.000000 0.175813 
0.605536 6094.000000 0.174269 
0.604865 6126.000000 0.175184 
0.605473 6097.000000 0.174354 
0.603670 6183.000000 0.176814 
0.604362 6150.000000 0.175870 
0.605117 6114.000000 0.174841 
0.605641 6089.000000 0.174126 
0.605264 6107.000000 0.174640 
0.604823 6128.000000 0.175241 
0.605033 6118.000000 0.174955 
0.604299 6153.000000 0.175956 
0.605054 6117.000000 0.174926 
0.605725 6085.000000 0.174011 
0.605557 6093.000000 0.174240 
0.604341 6151.000000 0.175899 
0.605369 6102.000000 0.174497 
0.605180 6111.000000 0.174755 
0.604928 6123.000000 0.175098 
0.604614 6138.000000 0.175527 
0.604802 6129.000000 0.175270 
0.604656 6136.000000 0.175470 
0.604718 6133.000000 0.175384 
0.603922 6171.000000 0.176471 
0.604865 6126.000000 0.175184 
0.603984 6168.000000 0.176385 
0.604026 6166.000000 0.176328 
0.604614 6138.000000 0.175527 
0.606186 6063.000000 0.173382 
0.604467 6145.000000 0.175727 
0.604530 6142.000000 0.175641 
0.604383 6149.000000 0.175841 
0.606061 6069.000000 0.173554 
0.604697 6134.000000 0.175413 
0.604865 6126.000000 0.175184 
0.605830 6080.000000 0.173868 
0.605725 6085.000000 0.174011 
0.604823 6128.000000 0.175241 
0.605641 6089.000000 0.174126 
0.605662 6088.000000 0.174097 
0.605620 6090.000000 0.174154 
0.605872 6078.000000 0.173811 
0.604551 6141.000000 0.175613 
0.605075 6116.000000 0.174898 
0.604739 6132.000000 0.175355 
0.606333 6056.000000 0.173182 
0.605159 6112.000000 0.174783 
0.605935 6075.000000 0.173725 
0.605872 6078.000000 0.173811 
0.605725 6085.000000 0.174011 
0.605893 6077.000000 0.173782 
0.604131 6161.000000 0.176185 
0.605599 6091.000000 0.174183 
0.603146 6208.000000 0.177529 
0.605138 6113.000000 0.174812 
0.605977 6073.000000 0.173668 
0.605494 6096.000000 0.174326 
0.604257 6155.000000 0.176013 
0.604844 6127.000000 0.175212 
0.605369 6102.000000 0.174497 
0.605138 6113.000000 0.174812 
0.606480 6049.000000 0.172982 
0.605243 6108.000000 0.174669 
0.604467 6145.000000 0.175727 
0.605117 6114.000000 0.174841 
0.604635 6137.000000 0.175498 
0.605180 6111.000000 0.174755 
0.604110 6162.000000 0.176213 
0.603670 6183.000000 0.176814 
0.606165 6064.000000 0.173411 
0.606375 6054.000000 0.173125 
0.604026 6166.000000 0.176328 
0.606040 6070.000000 0.173582 
0.605348 6103.000000 0.174526 
0.605327 6104.000000 0.174555 
0.605054 6117.000000 0.174926 
0.605033 6118.000000 0.174955 
0.604278 6154.000000 0.175984 
0.605243 6108.000000 0.174669 
0.605159 6112.000000 0.174783 
0.605830 6080.000000 0.173868 
0.604844 6127.000000 0.175212 
0.604362 6150.000000 0.175870 
0.605096 6115.000000 0.174869 
0.605180 6111.000000 0.174755 
0.604677 6135.000000 0.175441 
0.606312 6057.000000 0.173211 
0.603586 6187.000000 0.176928 
0.604110 6162.000000 0.176213 
0.604530 6142.000000 0.175641 
0.604739 6132.000000 0.175355 
0.605306 6105.000000 0.174583 
0.605452 6098.000000 0.174383 
0.604760 6131.000000 0.175327 
0.604194 6158.000000 0.176099 
0.605054 6117.000000 0.174926 
0.606249 6060.000000 0.173296 
0.604991 6120.000000 0.175012 
0.604928 6123.000000 0.175098 
0.605306 6105.000000 0.174583 
0.604760 6131.000000 0.175327 
0.604152 6160.000000 0.176156 
0.605893 6077.000000 0.173782 
0.604886 6125.000000 0.175155 
0.604697 6134.000000 0.175413 
0.604677 6135.000000 0.175441 
0.604739 6132.000000 0.175355 
0.603901 6172.000000 0.176499 
0.604467 6145.000000 0.175727 
0.605348 6103.000000 0.174526 
0.605096 6115.000000 0.174869 
0.604026 6166.000000 0.176328 
0.604781 6130.000000 0.175298 
0.606732 6037.000000 0.172639 
0.604970 6121.000000 0.175041 
0.605096 6115.000000 0.174869 
0.604530 6142.000000 0.175641 
0.605683 6087.000000 0.174068 
0.604341 6151.000000 0.175899 
0.604110 6162.000000 0.176213 
0.604110 6162.000000 0.176213 
0.605411 6100.000000 0.174440 
0.604257 6155.000000 0.176013 
0.606648 6041.000000 0.172753 
0.605117 6114.000000 0.174841 
0.604656 6136.000000 0.175470 
0.604656 6136.000000 0.175470 
0.604949 6122.000000 0.175069 
0.605054 6117.000000 0.174926 
0.604865 6126.000000 0.175184 
0.606082 6068.000000 0.173525 
0.604089 6163.000000 0.176242 
0.603502 6191.000000 0.177043 
0.604697 6134.000000 0.175413 
0.605180 6111.000000 0.174755 
0.604110 6162.000000 0.176213 
0.605452 6098.000000 0.174383 
0.605201 6110.000000 0.174726 
0.603397 6196.000000 0.177186 
0.605411 6100.000000 0.174440 
0.604278 6154.000000 0.175984 
0.604718 6133.000000 0.175384 
0.603859 6174.000000 0.176556 
0.605494 6096.000000 0.174326 
0.606019 6071.000000 0.173611 
0.603523 6190.000000 0.177014 
0.605201 6110.000000 0.174726 
0.605138 6113.000000 0.174812 
0.605767 6083.000000 0.173954 
0.604886 6125.000000 0.175155 
0.602496 6239.000000 0.178415 
0.604194 6158.000000 0.176099 
0.605746 6084.000000 0.173983 
0.603041 6213.000000 0.177672 
0.605117 6114.000000 0.174841 
0.605159 6112.000000 0.174783 
0.604928 6123.000000 0.175098 
0.605725 6085.000000 0.174011 
0.606669 6040.000000 0.172724 
0.606061 6069.000000 0.173554 
0.604970 6121.000000 0.175041 
0.604152 6160.000000 0.176156 
0.605893 6077.000000 0.173782 
0.604467 6145.000000 0.175727 
0.604844 6127.000000 0.175212 
0.605452 6098.000000 0.174383 
0.604718 6133.000000 0.175384 
0.604026 6166.000000 0.176328 
0.607109 6019.000000 0.172124 
0.605096 6115.000000 0.174869 
