0.848276 44.000000 0.151724 
0.858621 41.000000 0.141379 
0.827586 50.000000 0.172414 
0.837931 47.000000 0.162069 
0.824138 51.000000 0.175862 
0.886207 33.000000 0.113793 
0.827586 50.000000 0.172414 
0.886207 33.000000 0.113793 
0.827586 50.000000 0.172414 
0.831034 49.000000 0.168966 
0.862069 40.000000 0.137931 
0.872414 37.000000 0.127586 
0.879310 35.000000 0.120690 
0.886207 33.000000 0.113793 
0.858621 41.000000 0.141379 
0.879310 35.000000 0.120690 
0.831034 49.000000 0.168966 
0.817241 53.000000 0.182759 
0.875862 36.000000 0.124138 
0.813793 54.000000 0.186207 
0.865517 39.000000 0.134483 
0.879310 35.000000 0.120690 
0.841379 46.000000 0.158621 
0.865517 39.000000 0.134483 
0.865517 39.000000 0.134483 
0.834483 48.000000 0.165517 
0.872414 37.000000 0.127586 
0.855172 42.000000 0.144828 
0.855172 42.000000 0.144828 
0.851724 43.000000 0.148276 
0.848276 44.000000 0.151724 
0.813793 54.000000 0.186207 
0.844828 45.000000 0.155172 
0.834483 48.000000 0.165517 
0.855172 42.000000 0.144828 
0.862069 40.000000 0.137931 
0.831034 49.000000 0.168966 
0.879310 35.000000 0.120690 
0.879310 35.000000 0.120690 
0.872414 37.000000 0.127586 
0.831034 49.000000 0.168966 
0.786207 62.000000 0.213793 
0.806897 56.000000 0.193103 
0.868966 38.000000 0.131034 
0.813793 54.000000 0.186207 
0.848276 44.000000 0.151724 
0.886207 33.000000 0.113793 
0.855172 42.000000 0.144828 
0.858621 41.000000 0.141379 
0.851724 43.000000 0.148276 
0.834483 48.000000 0.165517 
0.841379 46.000000 0.158621 
0.844828 45.000000 0.155172 
0.824138 51.000000 0.175862 
0.803448 57.000000 0.196552 
0.868966 38.000000 0.131034 
0.858621 41.000000 0.141379 
0.803448 57.000000 0.196552 
0.889655 32.000000 0.110345 
0.868966 38.000000 0.131034 
0.855172 42.000000 0.144828 
0.851724 43.000000 0.148276 
0.810345 55.000000 0.189655 
0.855172 42.000000 0.144828 
0.831034 49.000000 0.168966 
0.813793 54.000000 0.186207 
0.851724 43.000000 0.148276 
0.872414 37.000000 0.127586 
0.875862 36.000000 0.124138 
0.817241 53.000000 0.182759 
0.868966 38.000000 0.131034 
0.865517 39.000000 0.134483 
0.882759 34.000000 0.117241 
0.803448 57.000000 0.196552 
0.865517 39.000000 0.134483 
0.903448 28.000000 0.096552 
0.868966 38.000000 0.131034 
0.855172 42.000000 0.144828 
0.851724 43.000000 0.148276 
0.896552 30.000000 0.103448 
0.844828 45.000000 0.155172 
0.900000 29.000000 0.100000 
0.851724 43.000000 0.148276 
0.844828 45.000000 0.155172 
0.841379 46.000000 0.158621 
0.803448 57.000000 0.196552 
0.872414 37.000000 0.127586 
0.834483 48.000000 0.165517 
0.837931 47.000000 0.162069 
0.834483 48.000000 0.165517 
0.865517 39.000000 0.134483 
0.841379 46.000000 0.158621 
0.844828 45.000000 0.155172 
0.858621 41.000000 0.141379 
0.879310 35.000000 0.120690 
0.886207 33.000000 0.113793 
0.841379 46.000000 0.158621 
0.837931 47.000000 0.162069 
0.858621 41.000000 0.141379 
0.793103 60.000000 0.206897 
0.855172 42.000000 0.144828 
0.841379 46.000000 0.158621 
0.862069 40.000000 0.137931 
0.886207 33.000000 0.113793 
0.848276 44.000000 0.151724 
0.848276 44.000000 0.151724 
0.813793 54.000000 0.186207 
0.851724 43.000000 0.148276 
0.810345 55.000000 0.189655 
0.865517 39.000000 0.134483 
0.872414 37.000000 0.127586 
0.841379 46.000000 0.158621 
0.820690 52.000000 0.179310 
0.848276 44.000000 0.151724 
0.820690 52.000000 0.179310 
0.900000 29.000000 0.100000 
0.872414 37.000000 0.127586 
0.893103 31.000000 0.106897 
0.886207 33.000000 0.113793 
0.855172 42.000000 0.144828 
0.865517 39.000000 0.134483 
0.831034 49.000000 0.168966 
0.837931 47.000000 0.162069 
0.882759 34.000000 0.117241 
0.896552 30.000000 0.103448 
0.831034 49.000000 0.168966 
0.841379 46.000000 0.158621 
0.817241 53.000000 0.182759 
0.827586 50.000000 0.172414 
0.848276 44.000000 0.151724 
0.831034 49.000000 0.168966 
0.865517 39.000000 0.134483 
0.875862 36.000000 0.124138 
0.855172 42.000000 0.144828 
0.824138 51.000000 0.175862 
0.827586 50.000000 0.172414 
0.824138 51.000000 0.175862 
0.848276 44.000000 0.151724 
0.848276 44.000000 0.151724 
0.855172 42.000000 0.144828 
0.851724 43.000000 0.148276 
0.886207 33.000000 0.113793 
0.810345 55.000000 0.189655 
0.910345 26.000000 0.089655 
0.848276 44.000000 0.151724 
0.848276 44.000000 0.151724 
0.817241 53.000000 0.182759 
0.841379 46.000000 0.158621 
0.865517 39.000000 0.134483 
0.831034 49.000000 0.168966 
0.831034 49.000000 0.168966 
0.820690 52.000000 0.179310 
0.820690 52.000000 0.179310 
0.841379 46.000000 0.158621 
0.862069 40.000000 0.137931 
0.872414 37.000000 0.127586 
0.875862 36.000000 0.124138 
0.831034 49.000000 0.168966 
0.841379 46.000000 0.158621 
0.858621 41.000000 0.141379 
0.858621 41.000000 0.141379 
0.810345 55.000000 0.189655 
0.841379 46.000000 0.158621 
0.906897 27.000000 0.093103 
0.886207 33.000000 0.113793 
0.855172 42.000000 0.144828 
0.851724 43.000000 0.148276 
0.889655 32.000000 0.110345 
0.834483 48.000000 0.165517 
0.862069 40.000000 0.137931 
0.872414 37.000000 0.127586 
0.800000 58.000000 0.200000 
0.844828 45.000000 0.155172 
0.865517 39.000000 0.134483 
0.855172 42.000000 0.144828 
0.824138 51.000000 0.175862 
0.834483 48.000000 0.165517 
0.858621 41.000000 0.141379 
0.834483 48.000000 0.165517 
0.882759 34.000000 0.117241 
0.834483 48.000000 0.165517 
0.844828 45.000000 0.155172 
0.820690 52.000000 0.179310 
0.882759 34.000000 0.117241 
0.882759 34.000000 0.117241 
0.817241 53.000000 0.182759 
0.862069 40.000000 0.137931 
0.889655 32.000000 0.110345 
0.858621 41.000000 0.141379 
0.800000 58.000000 0.200000 
0.782759 63.000000 0.217241 
0.813793 54.000000 0.186207 
0.862069 40.000000 0.137931 
0.868966 38.000000 0.131034 
0.868966 38.000000 0.131034 
0.858621 41.000000 0.141379 
0.837931 47.000000 0.162069 
0.841379 46.000000 0.158621 
0.834483 48.000000 0.165517 
0.875862 36.000000 0.124138 
0.875862 36.000000 0.124138 
0.875862 36.000000 0.124138 
0.844828 45.000000 0.155172 
0.868966 38.000000 0.131034 
0.837931 47.000000 0.162069 
0.827586 50.000000 0.172414 
0.855172 42.000000 0.144828 
0.868966 38.000000 0.131034 
0.817241 53.000000 0.182759 
0.844828 45.000000 0.155172 
0.834483 48.000000 0.165517 
0.848276 44.000000 0.151724 
0.868966 38.000000 0.131034 
0.868966 38.000000 0.131034 
0.831034 49.000000 0.168966 
0.865517 39.000000 0.134483 
0.820690 52.000000 0.179310 
0.844828 45.000000 0.155172 
0.855172 42.000000 0.144828 
0.800000 58.000000 0.200000 
0.868966 38.000000 0.131034 
0.841379 46.000000 0.158621 
0.848276 44.000000 0.151724 
0.827586 50.000000 0.172414 
0.872414 37.000000 0.127586 
0.858621 41.000000 0.141379 
0.851724 43.000000 0.148276 
0.875862 36.000000 0.124138 
0.879310 35.000000 0.120690 
0.851724 43.000000 0.148276 
0.841379 46.000000 0.158621 
0.837931 47.000000 0.162069 
0.837931 47.000000 0.162069 
0.910345 26.000000 0.089655 
0.824138 51.000000 0.175862 
0.837931 47.000000 0.162069 
0.844828 45.000000 0.155172 
0.820690 52.000000 0.179310 
0.848276 44.000000 0.151724 
0.858621 41.000000 0.141379 
0.851724 43.000000 0.148276 
0.841379 46.000000 0.158621 
0.824138 51.000000 0.175862 
0.820690 52.000000 0.179310 
0.875862 36.000000 0.124138 
0.848276 44.000000 0.151724 
0.844828 45.000000 0.155172 
0.858621 41.000000 0.141379 
0.813793 54.000000 0.186207 
0.848276 44.000000 0.151724 
0.851724 43.000000 0.148276 
0.868966 38.000000 0.131034 
0.800000 58.000000 0.200000 
0.841379 46.000000 0.158621 
0.868966 38.000000 0.131034 
0.786207 62.000000 0.213793 
0.841379 46.000000 0.158621 
0.820690 52.000000 0.179310 
0.841379 46.000000 0.158621 
0.827586 50.000000 0.172414 
0.779310 64.000000 0.220690 
0.800000 58.000000 0.200000 
0.837931 47.000000 0.162069 
0.896552 30.000000 0.103448 
0.820690 52.000000 0.179310 
0.834483 48.000000 0.165517 
0.862069 40.000000 0.137931 
0.848276 44.000000 0.151724 
0.837931 47.000000 0.162069 
0.817241 53.000000 0.182759 
0.820690 52.000000 0.179310 
0.834483 48.000000 0.165517 
0.827586 50.000000 0.172414 
0.844828 45.000000 0.155172 
0.827586 50.000000 0.172414 
0.872414 37.000000 0.127586 
0.844828 45.000000 0.155172 
0.855172 42.000000 0.144828 
0.844828 45.000000 0.155172 
0.879310 35.000000 0.120690 
0.824138 51.000000 0.175862 
0.851724 43.000000 0.148276 
0.820690 52.000000 0.179310 
0.868966 38.000000 0.131034 
0.837931 47.000000 0.162069 
0.879310 35.000000 0.120690 
0.834483 48.000000 0.165517 
0.865517 39.000000 0.134483 
0.848276 44.000000 0.151724 
0.831034 49.000000 0.168966 
0.813793 54.000000 0.186207 
0.831034 49.000000 0.168966 
0.848276 44.000000 0.151724 
0.806897 56.000000 0.193103 
0.879310 35.000000 0.120690 
0.837931 47.000000 0.162069 
0.900000 29.000000 0.100000 
0.837931 47.000000 0.162069 
0.813793 54.000000 0.186207 
0.817241 53.000000 0.182759 
0.844828 45.000000 0.155172 
0.834483 48.000000 0.165517 
0.831034 49.000000 0.168966 
0.848276 44.000000 0.151724 
0.851724 43.000000 0.148276 
0.851724 43.000000 0.148276 
0.827586 50.000000 0.172414 
0.848276 44.000000 0.151724 
0.834483 48.000000 0.165517 
0.868966 38.000000 0.131034 
0.827586 50.000000 0.172414 
0.855172 42.000000 0.144828 
0.824138 51.000000 0.175862 
0.858621 41.000000 0.141379 
0.865517 39.000000 0.134483 
0.827586 50.000000 0.172414 
0.855172 42.000000 0.144828 
0.796552 59.000000 0.203448 
0.868966 38.000000 0.131034 
0.841379 46.000000 0.158621 
0.810345 55.000000 0.189655 
0.837931 47.000000 0.162069 
0.789655 61.000000 0.210345 
0.813793 54.000000 0.186207 
0.848276 44.000000 0.151724 
0.834483 48.000000 0.165517 
0.827586 50.000000 0.172414 
0.851724 43.000000 0.148276 
0.858621 41.000000 0.141379 
0.882759 34.000000 0.117241 
0.872414 37.000000 0.127586 
0.824138 51.000000 0.175862 
0.893103 31.000000 0.106897 
0.806897 56.000000 0.193103 
0.858621 41.000000 0.141379 
0.872414 37.000000 0.127586 
0.875862 36.000000 0.124138 
0.837931 47.000000 0.162069 
0.855172 42.000000 0.144828 
0.875862 36.000000 0.124138 
0.817241 53.000000 0.182759 
0.848276 44.000000 0.151724 
0.810345 55.000000 0.189655 
0.865517 39.000000 0.134483 
0.827586 50.000000 0.172414 
0.831034 49.000000 0.168966 
0.841379 46.000000 0.158621 
0.844828 45.000000 0.155172 
0.789655 61.000000 0.210345 
0.827586 50.000000 0.172414 
0.848276 44.000000 0.151724 
0.817241 53.000000 0.182759 
0.893103 31.000000 0.106897 
0.848276 44.000000 0.151724 
0.858621 41.000000 0.141379 
0.858621 41.000000 0.141379 
0.855172 42.000000 0.144828 
0.834483 48.000000 0.165517 
0.841379 46.000000 0.158621 
0.851724 43.000000 0.148276 
0.848276 44.000000 0.151724 
0.824138 51.000000 0.175862 
0.868966 38.000000 0.131034 
0.848276 44.000000 0.151724 
0.824138 51.000000 0.175862 
0.824138 51.000000 0.175862 
0.837931 47.000000 0.162069 
0.882759 34.000000 0.117241 
0.865517 39.000000 0.134483 
0.858621 41.000000 0.141379 
0.837931 47.000000 0.162069 
0.834483 48.000000 0.165517 
0.855172 42.000000 0.144828 
0.848276 44.000000 0.151724 
0.855172 42.000000 0.144828 
0.834483 48.000000 0.165517 
0.882759 34.000000 0.117241 
0.858621 41.000000 0.141379 
0.844828 45.000000 0.155172 
0.882759 34.000000 0.117241 
0.831034 49.000000 0.168966 
0.817241 53.000000 0.182759 
0.844828 45.000000 0.155172 
0.827586 50.000000 0.172414 
0.813793 54.000000 0.186207 
0.875862 36.000000 0.124138 
0.831034 49.000000 0.168966 
0.865517 39.000000 0.134483 
0.831034 49.000000 0.168966 
0.868966 38.000000 0.131034 
0.862069 40.000000 0.137931 
0.862069 40.000000 0.137931 
0.841379 46.000000 0.158621 
0.844828 45.000000 0.155172 
0.841379 46.000000 0.158621 
0.841379 46.000000 0.158621 
0.827586 50.000000 0.172414 
0.837931 47.000000 0.162069 
0.858621 41.000000 0.141379 
0.868966 38.000000 0.131034 
0.834483 48.000000 0.165517 
0.806897 56.000000 0.193103 
0.834483 48.000000 0.165517 
0.806897 56.000000 0.193103 
0.786207 62.000000 0.213793 
0.862069 40.000000 0.137931 
0.882759 34.000000 0.117241 
0.820690 52.000000 0.179310 
0.848276 44.000000 0.151724 
0.862069 40.000000 0.137931 
0.858621 41.000000 0.141379 
0.831034 49.000000 0.168966 
0.837931 47.000000 0.162069 
0.810345 55.000000 0.189655 
0.813793 54.000000 0.186207 
0.848276 44.000000 0.151724 
0.820690 52.000000 0.179310 
0.858621 41.000000 0.141379 
0.848276 44.000000 0.151724 
0.868966 38.000000 0.131034 
0.865517 39.000000 0.134483 
0.896552 30.000000 0.103448 
0.879310 35.000000 0.120690 
0.841379 46.000000 0.158621 
0.848276 44.000000 0.151724 
0.879310 35.000000 0.120690 
0.810345 55.000000 0.189655 
0.851724 43.000000 0.148276 
0.862069 40.000000 0.137931 
0.855172 42.000000 0.144828 
0.841379 46.000000 0.158621 
0.817241 53.000000 0.182759 
0.862069 40.000000 0.137931 
0.862069 40.000000 0.137931 
0.793103 60.000000 0.206897 
0.841379 46.000000 0.158621 
0.834483 48.000000 0.165517 
0.868966 38.000000 0.131034 
0.855172 42.000000 0.144828 
0.837931 47.000000 0.162069 
0.793103 60.000000 0.206897 
0.841379 46.000000 0.158621 
0.800000 58.000000 0.200000 
0.875862 36.000000 0.124138 
0.855172 42.000000 0.144828 
0.844828 45.000000 0.155172 
0.827586 50.000000 0.172414 
0.865517 39.000000 0.134483 
0.865517 39.000000 0.134483 
0.855172 42.000000 0.144828 
0.844828 45.000000 0.155172 
0.848276 44.000000 0.151724 
0.827586 50.000000 0.172414 
0.824138 51.000000 0.175862 
0.844828 45.000000 0.155172 
0.855172 42.000000 0.144828 
0.893103 31.000000 0.106897 
0.855172 42.000000 0.144828 
0.855172 42.000000 0.144828 
0.806897 56.000000 0.193103 
0.827586 50.000000 0.172414 
0.800000 58.000000 0.200000 
0.865517 39.000000 0.134483 
0.813793 54.000000 0.186207 
0.886207 33.000000 0.113793 
0.841379 46.000000 0.158621 
0.868966 38.000000 0.131034 
0.872414 37.000000 0.127586 
0.806897 56.000000 0.193103 
0.865517 39.000000 0.134483 
0.862069 40.000000 0.137931 
0.831034 49.000000 0.168966 
0.875862 36.000000 0.124138 
0.868966 38.000000 0.131034 
0.803448 57.000000 0.196552 
0.831034 49.000000 0.168966 
0.855172 42.000000 0.144828 
0.834483 48.000000 0.165517 
0.858621 41.000000 0.141379 
0.879310 35.000000 0.120690 
0.831034 49.000000 0.168966 
0.879310 35.000000 0.120690 
0.868966 38.000000 0.131034 
0.858621 41.000000 0.141379 
0.855172 42.000000 0.144828 
0.875862 36.000000 0.124138 
0.858621 41.000000 0.141379 
0.851724 43.000000 0.148276 
0.851724 43.000000 0.148276 
0.844828 45.000000 0.155172 
0.813793 54.000000 0.186207 
0.851724 43.000000 0.148276 
0.851724 43.000000 0.148276 
0.865517 39.000000 0.134483 
0.862069 40.000000 0.137931 
0.848276 44.000000 0.151724 
0.827586 50.000000 0.172414 
0.879310 35.000000 0.120690 
0.886207 33.000000 0.113793 
0.827586 50.000000 0.172414 
0.896552 30.000000 0.103448 
0.862069 40.000000 0.137931 
0.875862 36.000000 0.124138 
0.813793 54.000000 0.186207 
0.875862 36.000000 0.124138 
0.837931 47.000000 0.162069 
0.837931 47.000000 0.162069 
0.810345 55.000000 0.189655 
0.796552 59.000000 0.203448 
0.906897 27.000000 0.093103 
0.851724 43.000000 0.148276 
0.834483 48.000000 0.165517 
0.813793 54.000000 0.186207 
0.831034 49.000000 0.168966 
0.848276 44.000000 0.151724 
0.844828 45.000000 0.155172 
0.831034 49.000000 0.168966 
0.855172 42.000000 0.144828 
0.817241 53.000000 0.182759 
0.868966 38.000000 0.131034 
0.858621 41.000000 0.141379 
0.844828 45.000000 0.155172 
0.827586 50.000000 0.172414 
0.834483 48.000000 0.165517 
0.820690 52.000000 0.179310 
0.893103 31.000000 0.106897 
0.855172 42.000000 0.144828 
0.865517 39.000000 0.134483 
0.844828 45.000000 0.155172 
0.844828 45.000000 0.155172 
0.851724 43.000000 0.148276 
0.882759 34.000000 0.117241 
0.875862 36.000000 0.124138 
0.813793 54.000000 0.186207 
0.858621 41.000000 0.141379 
0.837931 47.000000 0.162069 
0.824138 51.000000 0.175862 
0.834483 48.000000 0.165517 
0.831034 49.000000 0.168966 
0.824138 51.000000 0.175862 
0.831034 49.000000 0.168966 
0.813793 54.000000 0.186207 
0.872414 37.000000 0.127586 
0.855172 42.000000 0.144828 
0.824138 51.000000 0.175862 
0.862069 40.000000 0.137931 
0.837931 47.000000 0.162069 
0.879310 35.000000 0.120690 
0.837931 47.000000 0.162069 
0.834483 48.000000 0.165517 
0.834483 48.000000 0.165517 
0.834483 48.000000 0.165517 
0.803448 57.000000 0.196552 
0.848276 44.000000 0.151724 
0.858621 41.000000 0.141379 
0.824138 51.000000 0.175862 
0.882759 34.000000 0.117241 
0.851724 43.000000 0.148276 
0.848276 44.000000 0.151724 
0.862069 40.000000 0.137931 
0.820690 52.000000 0.179310 
0.810345 55.000000 0.189655 
0.875862 36.000000 0.124138 
0.834483 48.000000 0.165517 
0.858621 41.000000 0.141379 
0.851724 43.000000 0.148276 
0.868966 38.000000 0.131034 
0.868966 38.000000 0.131034 
0.868966 38.000000 0.131034 
0.848276 44.000000 0.151724 
0.820690 52.000000 0.179310 
0.858621 41.000000 0.141379 
0.872414 37.000000 0.127586 
0.800000 58.000000 0.200000 
0.862069 40.000000 0.137931 
0.844828 45.000000 0.155172 
0.844828 45.000000 0.155172 
0.848276 44.000000 0.151724 
0.834483 48.000000 0.165517 
0.844828 45.000000 0.155172 
0.827586 50.000000 0.172414 
0.834483 48.000000 0.165517 
0.889655 32.000000 0.110345 
0.775862 65.000000 0.224138 
0.903448 28.000000 0.096552 
0.848276 44.000000 0.151724 
0.872414 37.000000 0.127586 
0.862069 40.000000 0.137931 
0.872414 37.000000 0.127586 
0.872414 37.000000 0.127586 
0.896552 30.000000 0.103448 
0.858621 41.000000 0.141379 
0.858621 41.000000 0.141379 
0.810345 55.000000 0.189655 
0.872414 37.000000 0.127586 
0.806897 56.000000 0.193103 
0.862069 40.000000 0.137931 
0.906897 27.000000 0.093103 
0.813793 54.000000 0.186207 
0.837931 47.000000 0.162069 
0.841379 46.000000 0.158621 
0.848276 44.000000 0.151724 
0.855172 42.000000 0.144828 
0.872414 37.000000 0.127586 
0.824138 51.000000 0.175862 
0.800000 58.000000 0.200000 
0.855172 42.000000 0.144828 
0.851724 43.000000 0.148276 
0.862069 40.000000 0.137931 
0.893103 31.000000 0.106897 
0.817241 53.000000 0.182759 
0.862069 40.000000 0.137931 
0.855172 42.000000 0.144828 
0.893103 31.000000 0.106897 
0.831034 49.000000 0.168966 
0.917241 24.000000 0.082759 
0.786207 62.000000 0.213793 
0.906897 27.000000 0.093103 
0.827586 50.000000 0.172414 
0.855172 42.000000 0.144828 
0.820690 52.000000 0.179310 
0.896552 30.000000 0.103448 
0.817241 53.000000 0.182759 
0.855172 42.000000 0.144828 
0.858621 41.000000 0.141379 
0.841379 46.000000 0.158621 
0.896552 30.000000 0.103448 
0.903448 28.000000 0.096552 
0.824138 51.000000 0.175862 
0.831034 49.000000 0.168966 
0.810345 55.000000 0.189655 
0.882759 34.000000 0.117241 
0.858621 41.000000 0.141379 
0.886207 33.000000 0.113793 
0.831034 49.000000 0.168966 
0.844828 45.000000 0.155172 
0.806897 56.000000 0.193103 
0.841379 46.000000 0.158621 
0.820690 52.000000 0.179310 
0.848276 44.000000 0.151724 
0.886207 33.000000 0.113793 
0.844828 45.000000 0.155172 
0.806897 56.000000 0.193103 
0.893103 31.000000 0.106897 
0.855172 42.000000 0.144828 
0.841379 46.000000 0.158621 
0.848276 44.000000 0.151724 
0.800000 58.000000 0.200000 
0.851724 43.000000 0.148276 
0.844828 45.000000 0.155172 
0.844828 45.000000 0.155172 
0.882759 34.000000 0.117241 
0.810345 55.000000 0.189655 
0.872414 37.000000 0.127586 
0.817241 53.000000 0.182759 
0.817241 53.000000 0.182759 
0.824138 51.000000 0.175862 
0.796552 59.000000 0.203448 
0.903448 28.000000 0.096552 
0.862069 40.000000 0.137931 
0.796552 59.000000 0.203448 
0.831034 49.000000 0.168966 
0.868966 38.000000 0.131034 
0.858621 41.000000 0.141379 
0.889655 32.000000 0.110345 
0.813793 54.000000 0.186207 
0.820690 52.000000 0.179310 
0.875862 36.000000 0.124138 
0.855172 42.000000 0.144828 
0.855172 42.000000 0.144828 
0.810345 55.000000 0.189655 
0.851724 43.000000 0.148276 
0.848276 44.000000 0.151724 
0.813793 54.000000 0.186207 
0.834483 48.000000 0.165517 
0.820690 52.000000 0.179310 
0.868966 38.000000 0.131034 
0.817241 53.000000 0.182759 
0.858621 41.000000 0.141379 
0.837931 47.000000 0.162069 
0.831034 49.000000 0.168966 
0.827586 50.000000 0.172414 
0.848276 44.000000 0.151724 
0.817241 53.000000 0.182759 
0.879310 35.000000 0.120690 
0.868966 38.000000 0.131034 
0.858621 41.000000 0.141379 
0.868966 38.000000 0.131034 
0.913793 25.000000 0.086207 
0.848276 44.000000 0.151724 
0.851724 43.000000 0.148276 
0.844828 45.000000 0.155172 
0.837931 47.000000 0.162069 
0.817241 53.000000 0.182759 
0.844828 45.000000 0.155172 
0.817241 53.000000 0.182759 
0.820690 52.000000 0.179310 
0.855172 42.000000 0.144828 
0.827586 50.000000 0.172414 
0.831034 49.000000 0.168966 
0.903448 28.000000 0.096552 
0.837931 47.000000 0.162069 
0.868966 38.000000 0.131034 
0.824138 51.000000 0.175862 
0.841379 46.000000 0.158621 
0.872414 37.000000 0.127586 
0.806897 56.000000 0.193103 
0.844828 45.000000 0.155172 
0.848276 44.000000 0.151724 
0.789655 61.000000 0.210345 
0.827586 50.000000 0.172414 
0.879310 35.000000 0.120690 
0.810345 55.000000 0.189655 
0.862069 40.000000 0.137931 
0.841379 46.000000 0.158621 
0.820690 52.000000 0.179310 
0.862069 40.000000 0.137931 
0.810345 55.000000 0.189655 
0.824138 51.000000 0.175862 
0.810345 55.000000 0.189655 
0.875862 36.000000 0.124138 
0.848276 44.000000 0.151724 
0.865517 39.000000 0.134483 
0.848276 44.000000 0.151724 
0.837931 47.000000 0.162069 
0.858621 41.000000 0.141379 
0.844828 45.000000 0.155172 
0.862069 40.000000 0.137931 
0.865517 39.000000 0.134483 
0.862069 40.000000 0.137931 
0.882759 34.000000 0.117241 
0.837931 47.000000 0.162069 
0.844828 45.000000 0.155172 
0.872414 37.000000 0.127586 
0.831034 49.000000 0.168966 
0.824138 51.000000 0.175862 
0.855172 42.000000 0.144828 
0.855172 42.000000 0.144828 
0.841379 46.000000 0.158621 
0.824138 51.000000 0.175862 
0.813793 54.000000 0.186207 
0.831034 49.000000 0.168966 
0.851724 43.000000 0.148276 
0.862069 40.000000 0.137931 
0.803448 57.000000 0.196552 
0.858621 41.000000 0.141379 
0.875862 36.000000 0.124138 
0.831034 49.000000 0.168966 
0.903448 28.000000 0.096552 
0.831034 49.000000 0.168966 
0.889655 32.000000 0.110345 
0.831034 49.000000 0.168966 
0.837931 47.000000 0.162069 
0.882759 34.000000 0.117241 
0.831034 49.000000 0.168966 
0.875862 36.000000 0.124138 
0.851724 43.000000 0.148276 
0.824138 51.000000 0.175862 
0.858621 41.000000 0.141379 
0.862069 40.000000 0.137931 
0.886207 33.000000 0.113793 
0.858621 41.000000 0.141379 
0.803448 57.000000 0.196552 
0.862069 40.000000 0.137931 
0.844828 45.000000 0.155172 
0.855172 42.000000 0.144828 
0.851724 43.000000 0.148276 
0.834483 48.000000 0.165517 
0.879310 35.000000 0.120690 
0.848276 44.000000 0.151724 
0.868966 38.000000 0.131034 
0.848276 44.000000 0.151724 
0.862069 40.000000 0.137931 
0.841379 46.000000 0.158621 
0.868966 38.000000 0.131034 
0.817241 53.000000 0.182759 
0.848276 44.000000 0.151724 
0.841379 46.000000 0.158621 
0.834483 48.000000 0.165517 
0.868966 38.000000 0.131034 
0.896552 30.000000 0.103448 
0.889655 32.000000 0.110345 
0.831034 49.000000 0.168966 
0.858621 41.000000 0.141379 
0.786207 62.000000 0.213793 
0.875862 36.000000 0.124138 
0.868966 38.000000 0.131034 
0.844828 45.000000 0.155172 
0.837931 47.000000 0.162069 
0.851724 43.000000 0.148276 
0.841379 46.000000 0.158621 
0.806897 56.000000 0.193103 
0.900000 29.000000 0.100000 
0.875862 36.000000 0.124138 
0.834483 48.000000 0.165517 
0.851724 43.000000 0.148276 
0.817241 53.000000 0.182759 
0.868966 38.000000 0.131034 
0.831034 49.000000 0.168966 
0.858621 41.000000 0.141379 
0.851724 43.000000 0.148276 
0.820690 52.000000 0.179310 
0.800000 58.000000 0.200000 
0.855172 42.000000 0.144828 
0.813793 54.000000 0.186207 
0.875862 36.000000 0.124138 
0.872414 37.000000 0.127586 
0.855172 42.000000 0.144828 
0.882759 34.000000 0.117241 
0.844828 45.000000 0.155172 
0.841379 46.000000 0.158621 
0.868966 38.000000 0.131034 
0.827586 50.000000 0.172414 
0.824138 51.000000 0.175862 
0.851724 43.000000 0.148276 
0.820690 52.000000 0.179310 
0.865517 39.000000 0.134483 
0.862069 40.000000 0.137931 
0.837931 47.000000 0.162069 
0.837931 47.000000 0.162069 
0.855172 42.000000 0.144828 
0.893103 31.000000 0.106897 
0.848276 44.000000 0.151724 
0.844828 45.000000 0.155172 
0.879310 35.000000 0.120690 
0.789655 61.000000 0.210345 
0.858621 41.000000 0.141379 
0.837931 47.000000 0.162069 
0.851724 43.000000 0.148276 
0.848276 44.000000 0.151724 
0.817241 53.000000 0.182759 
0.834483 48.000000 0.165517 
0.820690 52.000000 0.179310 
0.837931 47.000000 0.162069 
0.844828 45.000000 0.155172 
0.813793 54.000000 0.186207 
0.834483 48.000000 0.165517 
0.848276 44.000000 0.151724 
0.865517 39.000000 0.134483 
0.865517 39.000000 0.134483 
0.837931 47.000000 0.162069 
0.858621 41.000000 0.141379 
0.820690 52.000000 0.179310 
0.865517 39.000000 0.134483 
0.796552 59.000000 0.203448 
0.868966 38.000000 0.131034 
0.831034 49.000000 0.168966 
0.851724 43.000000 0.148276 
0.879310 35.000000 0.120690 
0.803448 57.000000 0.196552 
0.834483 48.000000 0.165517 
0.803448 57.000000 0.196552 
0.803448 57.000000 0.196552 
0.868966 38.000000 0.131034 
0.844828 45.000000 0.155172 
0.813793 54.000000 0.186207 
0.879310 35.000000 0.120690 
0.837931 47.000000 0.162069 
0.786207 62.000000 0.213793 
0.858621 41.000000 0.141379 
0.851724 43.000000 0.148276 
0.865517 39.000000 0.134483 
0.872414 37.000000 0.127586 
0.848276 44.000000 0.151724 
0.882759 34.000000 0.117241 
0.817241 53.000000 0.182759 
0.803448 57.000000 0.196552 
0.837931 47.000000 0.162069 
0.803448 57.000000 0.196552 
0.848276 44.000000 0.151724 
0.844828 45.000000 0.155172 
0.858621 41.000000 0.141379 
0.858621 41.000000 0.141379 
0.827586 50.000000 0.172414 
0.848276 44.000000 0.151724 
0.841379 46.000000 0.158621 
0.844828 45.000000 0.155172 
0.910345 26.000000 0.089655 
0.855172 42.000000 0.144828 
0.810345 55.000000 0.189655 
0.803448 57.000000 0.196552 
0.837931 47.000000 0.162069 
0.824138 51.000000 0.175862 
0.827586 50.000000 0.172414 
0.817241 53.000000 0.182759 
0.851724 43.000000 0.148276 
0.872414 37.000000 0.127586 
0.882759 34.000000 0.117241 
0.827586 50.000000 0.172414 
0.844828 45.000000 0.155172 
0.834483 48.000000 0.165517 
0.824138 51.000000 0.175862 
0.851724 43.000000 0.148276 
0.875862 36.000000 0.124138 
0.865517 39.000000 0.134483 
0.851724 43.000000 0.148276 
0.868966 38.000000 0.131034 
0.806897 56.000000 0.193103 
0.810345 55.000000 0.189655 
0.844828 45.000000 0.155172 
0.889655 32.000000 0.110345 
0.868966 38.000000 0.131034 
0.837931 47.000000 0.162069 
0.831034 49.000000 0.168966 
0.841379 46.000000 0.158621 
0.868966 38.000000 0.131034 
0.875862 36.000000 0.124138 
0.872414 37.000000 0.127586 
0.837931 47.000000 0.162069 
0.858621 41.000000 0.141379 
0.858621 41.000000 0.141379 
0.903448 28.000000 0.096552 
0.803448 57.000000 0.196552 
0.851724 43.000000 0.148276 
0.879310 35.000000 0.120690 
0.858621 41.000000 0.141379 
0.862069 40.000000 0.137931 
0.834483 48.000000 0.165517 
0.837931 47.000000 0.162069 
0.841379 46.000000 0.158621 
0.875862 36.000000 0.124138 
0.868966 38.000000 0.131034 
0.837931 47.000000 0.162069 
0.872414 37.000000 0.127586 
0.868966 38.000000 0.131034 
0.855172 42.000000 0.144828 
0.837931 47.000000 0.162069 
0.827586 50.000000 0.172414 
0.817241 53.000000 0.182759 
0.820690 52.000000 0.179310 
0.820690 52.000000 0.179310 
0.824138 51.000000 0.175862 
0.889655 32.000000 0.110345 
0.844828 45.000000 0.155172 
0.875862 36.000000 0.124138 
0.851724 43.000000 0.148276 
0.837931 47.000000 0.162069 
0.855172 42.000000 0.144828 
0.834483 48.000000 0.165517 
0.831034 49.000000 0.168966 
0.889655 32.000000 0.110345 
0.893103 31.000000 0.106897 
0.875862 36.000000 0.124138 
0.848276 44.000000 0.151724 
0.879310 35.000000 0.120690 
0.868966 38.000000 0.131034 
0.831034 49.000000 0.168966 
0.837931 47.000000 0.162069 
0.810345 55.000000 0.189655 
0.806897 56.000000 0.193103 
0.810345 55.000000 0.189655 
0.848276 44.000000 0.151724 
0.893103 31.000000 0.106897 
0.837931 47.000000 0.162069 
0.844828 45.000000 0.155172 
0.858621 41.000000 0.141379 
0.831034 49.000000 0.168966 
0.831034 49.000000 0.168966 
0.841379 46.000000 0.158621 
0.858621 41.000000 0.141379 
0.844828 45.000000 0.155172 
0.803448 57.000000 0.196552 
0.844828 45.000000 0.155172 
0.868966 38.000000 0.131034 
0.872414 37.000000 0.127586 
0.872414 37.000000 0.127586 
0.844828 45.000000 0.155172 
0.858621 41.000000 0.141379 
0.841379 46.000000 0.158621 
0.855172 42.000000 0.144828 
0.851724 43.000000 0.148276 
0.872414 37.000000 0.127586 
0.844828 45.000000 0.155172 
0.882759 34.000000 0.117241 
0.862069 40.000000 0.137931 
0.831034 49.000000 0.168966 
0.827586 50.000000 0.172414 
0.862069 40.000000 0.137931 
0.862069 40.000000 0.137931 
0.844828 45.000000 0.155172 
0.886207 33.000000 0.113793 
0.865517 39.000000 0.134483 
0.827586 50.000000 0.172414 
0.789655 61.000000 0.210345 
0.886207 33.000000 0.113793 
0.837931 47.000000 0.162069 
0.900000 29.000000 0.100000 
0.813793 54.000000 0.186207 
0.882759 34.000000 0.117241 
0.827586 50.000000 0.172414 
0.837931 47.000000 0.162069 
0.879310 35.000000 0.120690 
0.824138 51.000000 0.175862 
0.862069 40.000000 0.137931 
0.834483 48.000000 0.165517 
0.868966 38.000000 0.131034 
0.786207 62.000000 0.213793 
0.844828 45.000000 0.155172 
0.800000 58.000000 0.200000 
0.875862 36.000000 0.124138 
0.882759 34.000000 0.117241 
0.831034 49.000000 0.168966 
0.875862 36.000000 0.124138 
0.827586 50.000000 0.172414 
0.844828 45.000000 0.155172 
0.827586 50.000000 0.172414 
0.810345 55.000000 0.189655 
0.862069 40.000000 0.137931 
0.886207 33.000000 0.113793 
0.848276 44.000000 0.151724 
0.851724 43.000000 0.148276 
0.837931 47.000000 0.162069 
0.862069 40.000000 0.137931 
0.831034 49.000000 0.168966 
0.841379 46.000000 0.158621 
0.879310 35.000000 0.120690 
0.862069 40.000000 0.137931 
0.768966 67.000000 0.231034 
0.896552 30.000000 0.103448 
0.782759 63.000000 0.217241 
0.806897 56.000000 0.193103 
0.848276 44.000000 0.151724 
0.810345 55.000000 0.189655 
0.886207 33.000000 0.113793 
0.872414 37.000000 0.127586 
0.827586 50.000000 0.172414 
0.837931 47.000000 0.162069 
0.848276 44.000000 0.151724 
0.841379 46.000000 0.158621 
0.813793 54.000000 0.186207 
0.810345 55.000000 0.189655 
0.851724 43.000000 0.148276 
0.848276 44.000000 0.151724 
0.868966 38.000000 0.131034 
0.889655 32.000000 0.110345 
0.837931 47.000000 0.162069 
0.862069 40.000000 0.137931 
0.858621 41.000000 0.141379 
0.827586 50.000000 0.172414 
0.848276 44.000000 0.151724 
0.855172 42.000000 0.144828 
0.827586 50.000000 0.172414 
0.851724 43.000000 0.148276 
0.831034 49.000000 0.168966 
0.855172 42.000000 0.144828 
0.786207 62.000000 0.213793 
0.862069 40.000000 0.137931 
0.817241 53.000000 0.182759 
0.831034 49.000000 0.168966 
0.882759 34.000000 0.117241 
0.848276 44.000000 0.151724 
0.862069 40.000000 0.137931 
0.837931 47.000000 0.162069 
0.858621 41.000000 0.141379 
0.862069 40.000000 0.137931 
0.841379 46.000000 0.158621 
0.834483 48.000000 0.165517 
0.817241 53.000000 0.182759 
0.900000 29.000000 0.100000 
0.851724 43.000000 0.148276 
0.820690 52.000000 0.179310 
0.837931 47.000000 0.162069 
0.810345 55.000000 0.189655 
0.817241 53.000000 0.182759 
0.848276 44.000000 0.151724 
0.793103 60.000000 0.206897 
0.851724 43.000000 0.148276 
0.886207 33.000000 0.113793 
0.848276 44.000000 0.151724 
0.875862 36.000000 0.124138 
0.841379 46.000000 0.158621 
0.875862 36.000000 0.124138 
0.841379 46.000000 0.158621 
0.817241 53.000000 0.182759 
0.837931 47.000000 0.162069 
0.882759 34.000000 0.117241 
0.844828 45.000000 0.155172 
0.851724 43.000000 0.148276 
0.837931 47.000000 0.162069 
0.858621 41.000000 0.141379 
0.841379 46.000000 0.158621 
0.831034 49.000000 0.168966 
0.862069 40.000000 0.137931 
0.837931 47.000000 0.162069 
0.827586 50.000000 0.172414 
0.827586 50.000000 0.172414 
0.837931 47.000000 0.162069 
0.872414 37.000000 0.127586 
0.858621 41.000000 0.141379 
0.879310 35.000000 0.120690 
0.872414 37.000000 0.127586 
0.855172 42.000000 0.144828 
0.817241 53.000000 0.182759 
0.882759 34.000000 0.117241 
0.872414 37.000000 0.127586 
0.851724 43.000000 0.148276 
0.841379 46.000000 0.158621 
0.855172 42.000000 0.144828 
0.872414 37.000000 0.127586 
0.855172 42.000000 0.144828 
0.806897 56.000000 0.193103 
0.834483 48.000000 0.165517 
0.858621 41.000000 0.141379 
0.827586 50.000000 0.172414 
0.817241 53.000000 0.182759 
0.875862 36.000000 0.124138 
0.865517 39.000000 0.134483 
0.865517 39.000000 0.134483 
0.862069 40.000000 0.137931 
0.858621 41.000000 0.141379 
0.872414 37.000000 0.127586 
0.813793 54.000000 0.186207 
0.896552 30.000000 0.103448 
0.844828 45.000000 0.155172 
0.851724 43.000000 0.148276 
0.900000 29.000000 0.100000 
0.879310 35.000000 0.120690 
0.841379 46.000000 0.158621 
0.906897 27.000000 0.093103 
0.831034 49.000000 0.168966 
0.848276 44.000000 0.151724 
0.851724 43.000000 0.148276 
0.865517 39.000000 0.134483 
0.872414 37.000000 0.127586 
0.817241 53.000000 0.182759 
0.848276 44.000000 0.151724 
0.868966 38.000000 0.131034 
0.837931 47.000000 0.162069 
0.824138 51.000000 0.175862 
0.848276 44.000000 0.151724 
0.844828 45.000000 0.155172 
0.858621 41.000000 0.141379 
0.844828 45.000000 0.155172 
0.851724 43.000000 0.148276 
0.868966 38.000000 0.131034 
0.806897 56.000000 0.193103 
0.879310 35.000000 0.120690 
0.868966 38.000000 0.131034 
0.831034 49.000000 0.168966 
0.841379 46.000000 0.158621 
0.837931 47.000000 0.162069 
0.848276 44.000000 0.151724 
0.800000 58.000000 0.200000 
0.851724 43.000000 0.148276 
0.879310 35.000000 0.120690 
0.834483 48.000000 0.165517 
0.865517 39.000000 0.134483 
0.813793 54.000000 0.186207 
0.844828 45.000000 0.155172 
0.827586 50.000000 0.172414 
0.865517 39.000000 0.134483 
0.827586 50.000000 0.172414 
0.834483 48.000000 0.165517 
0.855172 42.000000 0.144828 
0.851724 43.000000 0.148276 
0.872414 37.000000 0.127586 
0.858621 41.000000 0.141379 
0.831034 49.000000 0.168966 
0.837931 47.000000 0.162069 
0.834483 48.000000 0.165517 
0.824138 51.000000 0.175862 
0.844828 45.000000 0.155172 
0.834483 48.000000 0.165517 
0.786207 62.000000 0.213793 
0.837931 47.000000 0.162069 
0.844828 45.000000 0.155172 
0.834483 48.000000 0.165517 
0.831034 49.000000 0.168966 
0.810345 55.000000 0.189655 
0.813793 54.000000 0.186207 
0.851724 43.000000 0.148276 
0.824138 51.000000 0.175862 
0.841379 46.000000 0.158621 
0.841379 46.000000 0.158621 
0.834483 48.000000 0.165517 
0.817241 53.000000 0.182759 
0.855172 42.000000 0.144828 
0.844828 45.000000 0.155172 
0.848276 44.000000 0.151724 
0.789655 61.000000 0.210345 
0.889655 32.000000 0.110345 
0.855172 42.000000 0.144828 
0.886207 33.000000 0.113793 
0.882759 34.000000 0.117241 
0.841379 46.000000 0.158621 
0.820690 52.000000 0.179310 
0.889655 32.000000 0.110345 
0.834483 48.000000 0.165517 
0.844828 45.000000 0.155172 
0.834483 48.000000 0.165517 
0.848276 44.000000 0.151724 
0.793103 60.000000 0.206897 
0.834483 48.000000 0.165517 
0.827586 50.000000 0.172414 
0.882759 34.000000 0.117241 
0.896552 30.000000 0.103448 
0.868966 38.000000 0.131034 
0.879310 35.000000 0.120690 
0.837931 47.000000 0.162069 
0.882759 34.000000 0.117241 
0.855172 42.000000 0.144828 
0.893103 31.000000 0.106897 
0.848276 44.000000 0.151724 
0.879310 35.000000 0.120690 
0.824138 51.000000 0.175862 
0.858621 41.000000 0.141379 
0.875862 36.000000 0.124138 
0.820690 52.000000 0.179310 
0.886207 33.000000 0.113793 
0.893103 31.000000 0.106897 
0.862069 40.000000 0.137931 
0.837931 47.000000 0.162069 
0.834483 48.000000 0.165517 
0.879310 35.000000 0.120690 
0.817241 53.000000 0.182759 
0.844828 45.000000 0.155172 
0.868966 38.000000 0.131034 
0.875862 36.000000 0.124138 
0.796552 59.000000 0.203448 
0.851724 43.000000 0.148276 
0.865517 39.000000 0.134483 
0.817241 53.000000 0.182759 
0.862069 40.000000 0.137931 
0.865517 39.000000 0.134483 
0.841379 46.000000 0.158621 
0.851724 43.000000 0.148276 
0.831034 49.000000 0.168966 
0.879310 35.000000 0.120690 
0.841379 46.000000 0.158621 
0.903448 28.000000 0.096552 
0.886207 33.000000 0.113793 
0.820690 52.000000 0.179310 
0.879310 35.000000 0.120690 
0.841379 46.000000 0.158621 
0.865517 39.000000 0.134483 
0.831034 49.000000 0.168966 
0.841379 46.000000 0.158621 
0.875862 36.000000 0.124138 
0.886207 33.000000 0.113793 
0.855172 42.000000 0.144828 
0.865517 39.000000 0.134483 
0.865517 39.000000 0.134483 
0.855172 42.000000 0.144828 
0.886207 33.000000 0.113793 
0.844828 45.000000 0.155172 
0.851724 43.000000 0.148276 
0.813793 54.000000 0.186207 
0.837931 47.000000 0.162069 
0.844828 45.000000 0.155172 
0.855172 42.000000 0.144828 
0.862069 40.000000 0.137931 
0.837931 47.000000 0.162069 
0.810345 55.000000 0.189655 
0.800000 58.000000 0.200000 
0.827586 50.000000 0.172414 
0.865517 39.000000 0.134483 
0.837931 47.000000 0.162069 
0.862069 40.000000 0.137931 
0.858621 41.000000 0.141379 
0.820690 52.000000 0.179310 
0.824138 51.000000 0.175862 
0.858621 41.000000 0.141379 
0.837931 47.000000 0.162069 
0.882759 34.000000 0.117241 
0.858621 41.000000 0.141379 
0.862069 40.000000 0.137931 
0.844828 45.000000 0.155172 
0.862069 40.000000 0.137931 
0.893103 31.000000 0.106897 
0.868966 38.000000 0.131034 
0.882759 34.000000 0.117241 
0.817241 53.000000 0.182759 
0.834483 48.000000 0.165517 
0.834483 48.000000 0.165517 
0.858621 41.000000 0.141379 
0.858621 41.000000 0.141379 
0.872414 37.000000 0.127586 
0.879310 35.000000 0.120690 
0.796552 59.000000 0.203448 
0.813793 54.000000 0.186207 
0.855172 42.000000 0.144828 
0.865517 39.000000 0.134483 
0.831034 49.000000 0.168966 
0.879310 35.000000 0.120690 
0.834483 48.000000 0.165517 
0.848276 44.000000 0.151724 
0.868966 38.000000 0.131034 
0.837931 47.000000 0.162069 
0.796552 59.000000 0.203448 
0.851724 43.000000 0.148276 
0.803448 57.000000 0.196552 
0.879310 35.000000 0.120690 
0.831034 49.000000 0.168966 
0.844828 45.000000 0.155172 
0.851724 43.000000 0.148276 
0.824138 51.000000 0.175862 
0.858621 41.000000 0.141379 
0.865517 39.000000 0.134483 
0.862069 40.000000 0.137931 
0.834483 48.000000 0.165517 
0.824138 51.000000 0.175862 
0.862069 40.000000 0.137931 
0.875862 36.000000 0.124138 
0.841379 46.000000 0.158621 
0.879310 35.000000 0.120690 
0.841379 46.000000 0.158621 
0.886207 33.000000 0.113793 
0.824138 51.000000 0.175862 
0.803448 57.000000 0.196552 
0.868966 38.000000 0.131034 
0.855172 42.000000 0.144828 
0.817241 53.000000 0.182759 
0.817241 53.000000 0.182759 
0.834483 48.000000 0.165517 
0.827586 50.000000 0.172414 
0.875862 36.000000 0.124138 
0.882759 34.000000 0.117241 
0.855172 42.000000 0.144828 
0.886207 33.000000 0.113793 
0.810345 55.000000 0.189655 
0.831034 49.000000 0.168966 
0.886207 33.000000 0.113793 
0.858621 41.000000 0.141379 
0.851724 43.000000 0.148276 
0.875862 36.000000 0.124138 
0.848276 44.000000 0.151724 
0.855172 42.000000 0.144828 
0.858621 41.000000 0.141379 
0.820690 52.000000 0.179310 
0.868966 38.000000 0.131034 
0.868966 38.000000 0.131034 
0.796552 59.000000 0.203448 
0.848276 44.000000 0.151724 
0.879310 35.000000 0.120690 
0.768966 67.000000 0.231034 
0.827586 50.000000 0.172414 
0.868966 38.000000 0.131034 
0.848276 44.000000 0.151724 
0.793103 60.000000 0.206897 
0.834483 48.000000 0.165517 
0.851724 43.000000 0.148276 
0.855172 42.000000 0.144828 
0.900000 29.000000 0.100000 
0.834483 48.000000 0.165517 
0.851724 43.000000 0.148276 
0.834483 48.000000 0.165517 
0.886207 33.000000 0.113793 
0.803448 57.000000 0.196552 
0.824138 51.000000 0.175862 
0.858621 41.000000 0.141379 
0.806897 56.000000 0.193103 
0.855172 42.000000 0.144828 
0.848276 44.000000 0.151724 
0.837931 47.000000 0.162069 
0.882759 34.000000 0.117241 
0.827586 50.000000 0.172414 
0.886207 33.000000 0.113793 
0.893103 31.000000 0.106897 
0.786207 62.000000 0.213793 
0.886207 33.000000 0.113793 
0.796552 59.000000 0.203448 
0.862069 40.000000 0.137931 
0.841379 46.000000 0.158621 
0.827586 50.000000 0.172414 
0.855172 42.000000 0.144828 
0.827586 50.000000 0.172414 
0.848276 44.000000 0.151724 
0.855172 42.000000 0.144828 
0.851724 43.000000 0.148276 
0.875862 36.000000 0.124138 
0.858621 41.000000 0.141379 
0.824138 51.000000 0.175862 
0.841379 46.000000 0.158621 
0.851724 43.000000 0.148276 
0.893103 31.000000 0.106897 
0.862069 40.000000 0.137931 
0.879310 35.000000 0.120690 
0.827586 50.000000 0.172414 
0.906897 27.000000 0.093103 
0.841379 46.000000 0.158621 
0.882759 34.000000 0.117241 
0.879310 35.000000 0.120690 
0.824138 51.000000 0.175862 
0.875862 36.000000 0.124138 
0.886207 33.000000 0.113793 
0.851724 43.000000 0.148276 
0.858621 41.000000 0.141379 
0.831034 49.000000 0.168966 
0.858621 41.000000 0.141379 
0.841379 46.000000 0.158621 
0.841379 46.000000 0.158621 
0.803448 57.000000 0.196552 
0.848276 44.000000 0.151724 
0.803448 57.000000 0.196552 
0.851724 43.000000 0.148276 
0.848276 44.000000 0.151724 
0.803448 57.000000 0.196552 
0.903448 28.000000 0.096552 
0.831034 49.000000 0.168966 
0.837931 47.000000 0.162069 
0.820690 52.000000 0.179310 
0.820690 52.000000 0.179310 
0.868966 38.000000 0.131034 
0.810345 55.000000 0.189655 
0.831034 49.000000 0.168966 
0.841379 46.000000 0.158621 
0.865517 39.000000 0.134483 
0.834483 48.000000 0.165517 
0.820690 52.000000 0.179310 
0.789655 61.000000 0.210345 
0.827586 50.000000 0.172414 
0.813793 54.000000 0.186207 
0.906897 27.000000 0.093103 
0.858621 41.000000 0.141379 
0.834483 48.000000 0.165517 
0.868966 38.000000 0.131034 
0.834483 48.000000 0.165517 
0.872414 37.000000 0.127586 
0.820690 52.000000 0.179310 
0.879310 35.000000 0.120690 
0.865517 39.000000 0.134483 
0.858621 41.000000 0.141379 
0.851724 43.000000 0.148276 
0.848276 44.000000 0.151724 
0.872414 37.000000 0.127586 
0.831034 49.000000 0.168966 
0.858621 41.000000 0.141379 
0.879310 35.000000 0.120690 
0.841379 46.000000 0.158621 
0.889655 32.000000 0.110345 
0.855172 42.000000 0.144828 
0.820690 52.000000 0.179310 
0.844828 45.000000 0.155172 
0.851724 43.000000 0.148276 
0.831034 49.000000 0.168966 
0.858621 41.000000 0.141379 
0.862069 40.000000 0.137931 
0.858621 41.000000 0.141379 
0.858621 41.000000 0.141379 
0.848276 44.000000 0.151724 
0.872414 37.000000 0.127586 
0.862069 40.000000 0.137931 
0.834483 48.000000 0.165517 
0.858621 41.000000 0.141379 
0.872414 37.000000 0.127586 
0.837931 47.000000 0.162069 
0.834483 48.000000 0.165517 
0.827586 50.000000 0.172414 
0.858621 41.000000 0.141379 
0.820690 52.000000 0.179310 
0.872414 37.000000 0.127586 
0.817241 53.000000 0.182759 
0.851724 43.000000 0.148276 
0.855172 42.000000 0.144828 
0.844828 45.000000 0.155172 
0.865517 39.000000 0.134483 
0.858621 41.000000 0.141379 
0.855172 42.000000 0.144828 
0.817241 53.000000 0.182759 
0.851724 43.000000 0.148276 
0.862069 40.000000 0.137931 
0.865517 39.000000 0.134483 
0.889655 32.000000 0.110345 
0.855172 42.000000 0.144828 
0.841379 46.000000 0.158621 
0.848276 44.000000 0.151724 
0.893103 31.000000 0.106897 
0.813793 54.000000 0.186207 
0.920690 23.000000 0.079310 
0.875862 36.000000 0.124138 
0.893103 31.000000 0.106897 
0.810345 55.000000 0.189655 
0.875862 36.000000 0.124138 
0.886207 33.000000 0.113793 
0.862069 40.000000 0.137931 
0.900000 29.000000 0.100000 
0.841379 46.000000 0.158621 
0.824138 51.000000 0.175862 
0.882759 34.000000 0.117241 
0.855172 42.000000 0.144828 
0.827586 50.000000 0.172414 
0.803448 57.000000 0.196552 
0.875862 36.000000 0.124138 
0.875862 36.000000 0.124138 
0.862069 40.000000 0.137931 
0.810345 55.000000 0.189655 
0.872414 37.000000 0.127586 
0.817241 53.000000 0.182759 
0.844828 45.000000 0.155172 
0.879310 35.000000 0.120690 
0.879310 35.000000 0.120690 
0.865517 39.000000 0.134483 
0.889655 32.000000 0.110345 
0.886207 33.000000 0.113793 
0.813793 54.000000 0.186207 
0.879310 35.000000 0.120690 
0.834483 48.000000 0.165517 
0.858621 41.000000 0.141379 
0.875862 36.000000 0.124138 
0.851724 43.000000 0.148276 
0.831034 49.000000 0.168966 
0.844828 45.000000 0.155172 
0.841379 46.000000 0.158621 
0.872414 37.000000 0.127586 
0.865517 39.000000 0.134483 
0.872414 37.000000 0.127586 
0.775862 65.000000 0.224138 
0.848276 44.000000 0.151724 
0.851724 43.000000 0.148276 
0.817241 53.000000 0.182759 
0.862069 40.000000 0.137931 
0.803448 57.000000 0.196552 
0.841379 46.000000 0.158621 
0.875862 36.000000 0.124138 
0.886207 33.000000 0.113793 
0.806897 56.000000 0.193103 
0.886207 33.000000 0.113793 
0.875862 36.000000 0.124138 
0.824138 51.000000 0.175862 
0.820690 52.000000 0.179310 
0.827586 50.000000 0.172414 
0.862069 40.000000 0.137931 
0.844828 45.000000 0.155172 
0.827586 50.000000 0.172414 
0.868966 38.000000 0.131034 
0.837931 47.000000 0.162069 
0.851724 43.000000 0.148276 
0.886207 33.000000 0.113793 
0.855172 42.000000 0.144828 
0.855172 42.000000 0.144828 
0.848276 44.000000 0.151724 
0.872414 37.000000 0.127586 
0.858621 41.000000 0.141379 
0.837931 47.000000 0.162069 
0.841379 46.000000 0.158621 
0.868966 38.000000 0.131034 
0.813793 54.000000 0.186207 
0.848276 44.000000 0.151724 
0.810345 55.000000 0.189655 
0.862069 40.000000 0.137931 
0.841379 46.000000 0.158621 
0.896552 30.000000 0.103448 
0.879310 35.000000 0.120690 
0.824138 51.000000 0.175862 
0.824138 51.000000 0.175862 
0.844828 45.000000 0.155172 
0.848276 44.000000 0.151724 
0.831034 49.000000 0.168966 
0.889655 32.000000 0.110345 
0.872414 37.000000 0.127586 
0.886207 33.000000 0.113793 
0.855172 42.000000 0.144828 
0.872414 37.000000 0.127586 
0.848276 44.000000 0.151724 
0.824138 51.000000 0.175862 
0.844828 45.000000 0.155172 
0.862069 40.000000 0.137931 
0.841379 46.000000 0.158621 
0.813793 54.000000 0.186207 
0.851724 43.000000 0.148276 
0.855172 42.000000 0.144828 
0.851724 43.000000 0.148276 
0.875862 36.000000 0.124138 
0.858621 41.000000 0.141379 
0.789655 61.000000 0.210345 
0.879310 35.000000 0.120690 
0.851724 43.000000 0.148276 
0.893103 31.000000 0.106897 
0.834483 48.000000 0.165517 
0.827586 50.000000 0.172414 
0.868966 38.000000 0.131034 
0.820690 52.000000 0.179310 
0.882759 34.000000 0.117241 
0.834483 48.000000 0.165517 
0.865517 39.000000 0.134483 
0.872414 37.000000 0.127586 
0.810345 55.000000 0.189655 
0.834483 48.000000 0.165517 
0.862069 40.000000 0.137931 
0.858621 41.000000 0.141379 
0.886207 33.000000 0.113793 
0.775862 65.000000 0.224138 
0.824138 51.000000 0.175862 
0.851724 43.000000 0.148276 
0.851724 43.000000 0.148276 
0.831034 49.000000 0.168966 
0.834483 48.000000 0.165517 
0.824138 51.000000 0.175862 
0.844828 45.000000 0.155172 
0.831034 49.000000 0.168966 
0.800000 58.000000 0.200000 
0.824138 51.000000 0.175862 
0.875862 36.000000 0.124138 
0.855172 42.000000 0.144828 
0.820690 52.000000 0.179310 
0.817241 53.000000 0.182759 
0.831034 49.000000 0.168966 
0.855172 42.000000 0.144828 
0.889655 32.000000 0.110345 
0.813793 54.000000 0.186207 
0.865517 39.000000 0.134483 
0.862069 40.000000 0.137931 
0.834483 48.000000 0.165517 
0.879310 35.000000 0.120690 
0.848276 44.000000 0.151724 
0.851724 43.000000 0.148276 
0.834483 48.000000 0.165517 
0.858621 41.000000 0.141379 
0.834483 48.000000 0.165517 
0.820690 52.000000 0.179310 
0.827586 50.000000 0.172414 
0.841379 46.000000 0.158621 
0.865517 39.000000 0.134483 
0.879310 35.000000 0.120690 
0.834483 48.000000 0.165517 
0.910345 26.000000 0.089655 
0.844828 45.000000 0.155172 
0.872414 37.000000 0.127586 
0.834483 48.000000 0.165517 
0.879310 35.000000 0.120690 
0.851724 43.000000 0.148276 
0.813793 54.000000 0.186207 
0.800000 58.000000 0.200000 
0.803448 57.000000 0.196552 
0.844828 45.000000 0.155172 
0.862069 40.000000 0.137931 
0.786207 62.000000 0.213793 
0.851724 43.000000 0.148276 
0.858621 41.000000 0.141379 
0.806897 56.000000 0.193103 
0.893103 31.000000 0.106897 
0.806897 56.000000 0.193103 
0.848276 44.000000 0.151724 
0.851724 43.000000 0.148276 
0.913793 25.000000 0.086207 
0.879310 35.000000 0.120690 
0.813793 54.000000 0.186207 
0.841379 46.000000 0.158621 
0.848276 44.000000 0.151724 
0.875862 36.000000 0.124138 
0.796552 59.000000 0.203448 
0.834483 48.000000 0.165517 
0.844828 45.000000 0.155172 
0.796552 59.000000 0.203448 
0.879310 35.000000 0.120690 
0.855172 42.000000 0.144828 
0.841379 46.000000 0.158621 
0.848276 44.000000 0.151724 
0.820690 52.000000 0.179310 
0.882759 34.000000 0.117241 
0.813793 54.000000 0.186207 
0.834483 48.000000 0.165517 
0.827586 50.000000 0.172414 
0.834483 48.000000 0.165517 
0.865517 39.000000 0.134483 
0.827586 50.000000 0.172414 
0.855172 42.000000 0.144828 
0.841379 46.000000 0.158621 
0.855172 42.000000 0.144828 
0.834483 48.000000 0.165517 
0.806897 56.000000 0.193103 
0.841379 46.000000 0.158621 
0.831034 49.000000 0.168966 
0.844828 45.000000 0.155172 
0.862069 40.000000 0.137931 
0.886207 33.000000 0.113793 
0.882759 34.000000 0.117241 
0.810345 55.000000 0.189655 
0.875862 36.000000 0.124138 
0.862069 40.000000 0.137931 
0.817241 53.000000 0.182759 
0.848276 44.000000 0.151724 
0.827586 50.000000 0.172414 
0.865517 39.000000 0.134483 
0.913793 25.000000 0.086207 
0.848276 44.000000 0.151724 
0.844828 45.000000 0.155172 
0.810345 55.000000 0.189655 
0.827586 50.000000 0.172414 
0.834483 48.000000 0.165517 
0.917241 24.000000 0.082759 
0.806897 56.000000 0.193103 
0.813793 54.000000 0.186207 
0.831034 49.000000 0.168966 
0.837931 47.000000 0.162069 
0.834483 48.000000 0.165517 
0.844828 45.000000 0.155172 
0.862069 40.000000 0.137931 
0.844828 45.000000 0.155172 
0.868966 38.000000 0.131034 
0.865517 39.000000 0.134483 
0.844828 45.000000 0.155172 
0.793103 60.000000 0.206897 
0.848276 44.000000 0.151724 
0.813793 54.000000 0.186207 
0.837931 47.000000 0.162069 
0.879310 35.000000 0.120690 
0.865517 39.000000 0.134483 
0.900000 29.000000 0.100000 
0.841379 46.000000 0.158621 
0.858621 41.000000 0.141379 
0.862069 40.000000 0.137931 
0.893103 31.000000 0.106897 
0.817241 53.000000 0.182759 
0.868966 38.000000 0.131034 
0.827586 50.000000 0.172414 
0.844828 45.000000 0.155172 
0.837931 47.000000 0.162069 
0.851724 43.000000 0.148276 
0.831034 49.000000 0.168966 
0.827586 50.000000 0.172414 
0.903448 28.000000 0.096552 
0.882759 34.000000 0.117241 
0.848276 44.000000 0.151724 
0.889655 32.000000 0.110345 
0.862069 40.000000 0.137931 
0.817241 53.000000 0.182759 
0.841379 46.000000 0.158621 
0.851724 43.000000 0.148276 
0.865517 39.000000 0.134483 
0.862069 40.000000 0.137931 
0.886207 33.000000 0.113793 
0.831034 49.000000 0.168966 
0.800000 58.000000 0.200000 
0.827586 50.000000 0.172414 
0.868966 38.000000 0.131034 
0.855172 42.000000 0.144828 
0.844828 45.000000 0.155172 
0.893103 31.000000 0.106897 
0.817241 53.000000 0.182759 
0.837931 47.000000 0.162069 
0.820690 52.000000 0.179310 
0.841379 46.000000 0.158621 
0.837931 47.000000 0.162069 
0.786207 62.000000 0.213793 
0.834483 48.000000 0.165517 
0.806897 56.000000 0.193103 
0.844828 45.000000 0.155172 
0.800000 58.000000 0.200000 
0.848276 44.000000 0.151724 
0.810345 55.000000 0.189655 
0.817241 53.000000 0.182759 
0.831034 49.000000 0.168966 
0.872414 37.000000 0.127586 
0.875862 36.000000 0.124138 
0.837931 47.000000 0.162069 
0.865517 39.000000 0.134483 
0.889655 32.000000 0.110345 
0.872414 37.000000 0.127586 
0.844828 45.000000 0.155172 
0.855172 42.000000 0.144828 
0.831034 49.000000 0.168966 
0.879310 35.000000 0.120690 
0.827586 50.000000 0.172414 
0.865517 39.000000 0.134483 
0.862069 40.000000 0.137931 
0.875862 36.000000 0.124138 
0.868966 38.000000 0.131034 
0.868966 38.000000 0.131034 
0.879310 35.000000 0.120690 
0.872414 37.000000 0.127586 
0.827586 50.000000 0.172414 
0.848276 44.000000 0.151724 
0.831034 49.000000 0.168966 
0.851724 43.000000 0.148276 
0.831034 49.000000 0.168966 
0.851724 43.000000 0.148276 
0.917241 24.000000 0.082759 
0.796552 59.000000 0.203448 
0.848276 44.000000 0.151724 
0.841379 46.000000 0.158621 
0.834483 48.000000 0.165517 
0.844828 45.000000 0.155172 
0.858621 41.000000 0.141379 
0.868966 38.000000 0.131034 
0.848276 44.000000 0.151724 
0.831034 49.000000 0.168966 
0.886207 33.000000 0.113793 
0.862069 40.000000 0.137931 
0.868966 38.000000 0.131034 
0.882759 34.000000 0.117241 
0.817241 53.000000 0.182759 
0.896552 30.000000 0.103448 
0.800000 58.000000 0.200000 
0.813793 54.000000 0.186207 
0.865517 39.000000 0.134483 
0.813793 54.000000 0.186207 
0.872414 37.000000 0.127586 
0.868966 38.000000 0.131034 
0.855172 42.000000 0.144828 
0.855172 42.000000 0.144828 
0.824138 51.000000 0.175862 
0.858621 41.000000 0.141379 
0.820690 52.000000 0.179310 
0.837931 47.000000 0.162069 
0.875862 36.000000 0.124138 
0.858621 41.000000 0.141379 
0.810345 55.000000 0.189655 
0.810345 55.000000 0.189655 
0.827586 50.000000 0.172414 
0.841379 46.000000 0.158621 
0.793103 60.000000 0.206897 
0.858621 41.000000 0.141379 
0.827586 50.000000 0.172414 
0.827586 50.000000 0.172414 
0.851724 43.000000 0.148276 
0.837931 47.000000 0.162069 
0.841379 46.000000 0.158621 
0.868966 38.000000 0.131034 
0.837931 47.000000 0.162069 
0.848276 44.000000 0.151724 
0.813793 54.000000 0.186207 
0.834483 48.000000 0.165517 
0.893103 31.000000 0.106897 
0.831034 49.000000 0.168966 
0.900000 29.000000 0.100000 
0.851724 43.000000 0.148276 
0.827586 50.000000 0.172414 
0.844828 45.000000 0.155172 
0.834483 48.000000 0.165517 
0.882759 34.000000 0.117241 
0.868966 38.000000 0.131034 
0.817241 53.000000 0.182759 
0.858621 41.000000 0.141379 
0.820690 52.000000 0.179310 
0.824138 51.000000 0.175862 
0.851724 43.000000 0.148276 
0.865517 39.000000 0.134483 
0.862069 40.000000 0.137931 
0.868966 38.000000 0.131034 
0.813793 54.000000 0.186207 
0.813793 54.000000 0.186207 
0.837931 47.000000 0.162069 
0.851724 43.000000 0.148276 
0.813793 54.000000 0.186207 
0.879310 35.000000 0.120690 
0.910345 26.000000 0.089655 
0.844828 45.000000 0.155172 
0.848276 44.000000 0.151724 
0.831034 49.000000 0.168966 
0.893103 31.000000 0.106897 
0.872414 37.000000 0.127586 
0.872414 37.000000 0.127586 
0.865517 39.000000 0.134483 
0.896552 30.000000 0.103448 
0.806897 56.000000 0.193103 
0.820690 52.000000 0.179310 
0.806897 56.000000 0.193103 
0.824138 51.000000 0.175862 
0.875862 36.000000 0.124138 
0.841379 46.000000 0.158621 
0.882759 34.000000 0.117241 
0.831034 49.000000 0.168966 
0.824138 51.000000 0.175862 
0.834483 48.000000 0.165517 
0.858621 41.000000 0.141379 
0.834483 48.000000 0.165517 
0.827586 50.000000 0.172414 
0.813793 54.000000 0.186207 
0.834483 48.000000 0.165517 
0.886207 33.000000 0.113793 
0.875862 36.000000 0.124138 
0.862069 40.000000 0.137931 
0.855172 42.000000 0.144828 
0.827586 50.000000 0.172414 
0.851724 43.000000 0.148276 
0.886207 33.000000 0.113793 
0.844828 45.000000 0.155172 
0.831034 49.000000 0.168966 
0.865517 39.000000 0.134483 
0.848276 44.000000 0.151724 
0.820690 52.000000 0.179310 
0.848276 44.000000 0.151724 
0.820690 52.000000 0.179310 
0.841379 46.000000 0.158621 
0.817241 53.000000 0.182759 
0.824138 51.000000 0.175862 
0.862069 40.000000 0.137931 
0.862069 40.000000 0.137931 
0.772414 66.000000 0.227586 
0.862069 40.000000 0.137931 
0.851724 43.000000 0.148276 
0.789655 61.000000 0.210345 
0.858621 41.000000 0.141379 
0.803448 57.000000 0.196552 
0.786207 62.000000 0.213793 
0.851724 43.000000 0.148276 
0.855172 42.000000 0.144828 
0.813793 54.000000 0.186207 
0.862069 40.000000 0.137931 
0.865517 39.000000 0.134483 
0.851724 43.000000 0.148276 
0.851724 43.000000 0.148276 
0.889655 32.000000 0.110345 
0.882759 34.000000 0.117241 
0.889655 32.000000 0.110345 
0.844828 45.000000 0.155172 
0.844828 45.000000 0.155172 
0.855172 42.000000 0.144828 
0.848276 44.000000 0.151724 
0.837931 47.000000 0.162069 
0.893103 31.000000 0.106897 
0.810345 55.000000 0.189655 
0.837931 47.000000 0.162069 
0.868966 38.000000 0.131034 
0.875862 36.000000 0.124138 
0.806897 56.000000 0.193103 
0.831034 49.000000 0.168966 
0.851724 43.000000 0.148276 
0.882759 34.000000 0.117241 
0.903448 28.000000 0.096552 
0.882759 34.000000 0.117241 
0.827586 50.000000 0.172414 
0.827586 50.000000 0.172414 
0.879310 35.000000 0.120690 
0.855172 42.000000 0.144828 
0.858621 41.000000 0.141379 
0.868966 38.000000 0.131034 
0.824138 51.000000 0.175862 
0.831034 49.000000 0.168966 
0.848276 44.000000 0.151724 
0.827586 50.000000 0.172414 
0.813793 54.000000 0.186207 
0.844828 45.000000 0.155172 
0.800000 58.000000 0.200000 
0.851724 43.000000 0.148276 
0.806897 56.000000 0.193103 
0.865517 39.000000 0.134483 
0.848276 44.000000 0.151724 
0.903448 28.000000 0.096552 
0.910345 26.000000 0.089655 
0.868966 38.000000 0.131034 
0.848276 44.000000 0.151724 
0.827586 50.000000 0.172414 
0.844828 45.000000 0.155172 
0.875862 36.000000 0.124138 
0.875862 36.000000 0.124138 
0.824138 51.000000 0.175862 
0.831034 49.000000 0.168966 
0.837931 47.000000 0.162069 
0.872414 37.000000 0.127586 
0.813793 54.000000 0.186207 
0.841379 46.000000 0.158621 
0.824138 51.000000 0.175862 
0.827586 50.000000 0.172414 
0.827586 50.000000 0.172414 
0.851724 43.000000 0.148276 
0.827586 50.000000 0.172414 
0.868966 38.000000 0.131034 
0.855172 42.000000 0.144828 
0.824138 51.000000 0.175862 
0.844828 45.000000 0.155172 
0.851724 43.000000 0.148276 
0.844828 45.000000 0.155172 
0.831034 49.000000 0.168966 
0.837931 47.000000 0.162069 
0.886207 33.000000 0.113793 
0.855172 42.000000 0.144828 
0.851724 43.000000 0.148276 
0.841379 46.000000 0.158621 
0.858621 41.000000 0.141379 
0.855172 42.000000 0.144828 
0.844828 45.000000 0.155172 
0.827586 50.000000 0.172414 
0.820690 52.000000 0.179310 
0.893103 31.000000 0.106897 
0.875862 36.000000 0.124138 
0.827586 50.000000 0.172414 
0.831034 49.000000 0.168966 
0.889655 32.000000 0.110345 
0.862069 40.000000 0.137931 
0.896552 30.000000 0.103448 
0.844828 45.000000 0.155172 
0.858621 41.000000 0.141379 
0.865517 39.000000 0.134483 
0.841379 46.000000 0.158621 
0.872414 37.000000 0.127586 
0.834483 48.000000 0.165517 
0.844828 45.000000 0.155172 
0.896552 30.000000 0.103448 
0.817241 53.000000 0.182759 
0.844828 45.000000 0.155172 
0.834483 48.000000 0.165517 
0.841379 46.000000 0.158621 
0.893103 31.000000 0.106897 
0.848276 44.000000 0.151724 
0.841379 46.000000 0.158621 
0.827586 50.000000 0.172414 
0.848276 44.000000 0.151724 
0.855172 42.000000 0.144828 
0.831034 49.000000 0.168966 
0.820690 52.000000 0.179310 
0.834483 48.000000 0.165517 
0.868966 38.000000 0.131034 
0.803448 57.000000 0.196552 
0.841379 46.000000 0.158621 
0.855172 42.000000 0.144828 
0.851724 43.000000 0.148276 
0.796552 59.000000 0.203448 
0.851724 43.000000 0.148276 
0.834483 48.000000 0.165517 
