0.818182 340.000000 0.181818 
0.825668 326.000000 0.174332 
0.831551 315.000000 0.168449 
0.831016 316.000000 0.168984 
0.822460 332.000000 0.177540 
0.827273 323.000000 0.172727 
0.829947 318.000000 0.170053 
0.828342 321.000000 0.171658 
0.826738 324.000000 0.173262 
0.825668 326.000000 0.174332 
0.827273 323.000000 0.172727 
0.825134 327.000000 0.174866 
0.828877 320.000000 0.171123 
0.827273 323.000000 0.172727 
0.822460 332.000000 0.177540 
0.837433 304.000000 0.162567 
0.826738 324.000000 0.173262 
0.824599 328.000000 0.175401 
0.820856 335.000000 0.179144 
0.820856 335.000000 0.179144 
0.827273 323.000000 0.172727 
0.832620 313.000000 0.167380 
0.828877 320.000000 0.171123 
0.826738 324.000000 0.173262 
0.820856 335.000000 0.179144 
0.820856 335.000000 0.179144 
0.826738 324.000000 0.173262 
0.815508 345.000000 0.184492 
0.825134 327.000000 0.174866 
0.820856 335.000000 0.179144 
0.818182 340.000000 0.181818 
0.827807 322.000000 0.172193 
0.824064 329.000000 0.175936 
0.824599 328.000000 0.175401 
0.825668 326.000000 0.174332 
0.826738 324.000000 0.173262 
0.820856 335.000000 0.179144 
0.825134 327.000000 0.174866 
0.827273 323.000000 0.172727 
0.817647 341.000000 0.182353 
0.826203 325.000000 0.173797 
0.826738 324.000000 0.173262 
0.826203 325.000000 0.173797 
0.822995 331.000000 0.177005 
0.822995 331.000000 0.177005 
0.824064 329.000000 0.175936 
0.833690 311.000000 0.166310 
0.826738 324.000000 0.173262 
0.825668 326.000000 0.174332 
0.833155 312.000000 0.166845 
0.831551 315.000000 0.168449 
0.820856 335.000000 0.179144 
0.822460 332.000000 0.177540 
0.826738 324.000000 0.173262 
0.829412 319.000000 0.170588 
0.819786 337.000000 0.180214 
0.830481 317.000000 0.169519 
0.842781 294.000000 0.157219 
0.827807 322.000000 0.172193 
0.819786 337.000000 0.180214 
0.825668 326.000000 0.174332 
0.818717 339.000000 0.181283 
0.820321 336.000000 0.179679 
0.816578 343.000000 0.183422 
0.824599 328.000000 0.175401 
0.834225 310.000000 0.165775 
0.834225 310.000000 0.165775 
0.831016 316.000000 0.168984 
0.828877 320.000000 0.171123 
0.824064 329.000000 0.175936 
0.830481 317.000000 0.169519 
0.822460 332.000000 0.177540 
0.829412 319.000000 0.170588 
0.821390 334.000000 0.178610 
0.825134 327.000000 0.174866 
0.823529 330.000000 0.176471 
0.827273 323.000000 0.172727 
0.828342 321.000000 0.171658 
0.828877 320.000000 0.171123 
0.821390 334.000000 0.178610 
0.823529 330.000000 0.176471 
0.829412 319.000000 0.170588 
0.832620 313.000000 0.167380 
0.824064 329.000000 0.175936 
0.822460 332.000000 0.177540 
0.825134 327.000000 0.174866 
0.825134 327.000000 0.174866 
0.829412 319.000000 0.170588 
0.819251 338.000000 0.180749 
0.826738 324.000000 0.173262 
0.830481 317.000000 0.169519 
0.827273 323.000000 0.172727 
0.822460 332.000000 0.177540 
0.826203 325.000000 0.173797 
0.823529 330.000000 0.176471 
0.831016 316.000000 0.168984 
0.833155 312.000000 0.166845 
0.819786 337.000000 0.180214 
0.826738 324.000000 0.173262 
0.817647 341.000000 0.182353 
0.822995 331.000000 0.177005 
0.821390 334.000000 0.178610 
0.816043 344.000000 0.183957 
0.829947 318.000000 0.170053 
0.820321 336.000000 0.179679 
0.818717 339.000000 0.181283 
0.825668 326.000000 0.174332 
0.819251 338.000000 0.180749 
0.829412 319.000000 0.170588 
0.819786 337.000000 0.180214 
0.831551 315.000000 0.168449 
0.819251 338.000000 0.180749 
0.820856 335.000000 0.179144 
0.828342 321.000000 0.171658 
0.824064 329.000000 0.175936 
0.835829 307.000000 0.164171 
0.817647 341.000000 0.182353 
0.821925 333.000000 0.178075 
0.832086 314.000000 0.167914 
0.822460 332.000000 0.177540 
0.821925 333.000000 0.178075 
0.823529 330.000000 0.176471 
0.825134 327.000000 0.174866 
0.826738 324.000000 0.173262 
0.824599 328.000000 0.175401 
0.831551 315.000000 0.168449 
0.820321 336.000000 0.179679 
0.827807 322.000000 0.172193 
0.829947 318.000000 0.170053 
0.822995 331.000000 0.177005 
0.825134 327.000000 0.174866 
0.821390 334.000000 0.178610 
0.819786 337.000000 0.180214 
0.828342 321.000000 0.171658 
0.820321 336.000000 0.179679 
0.819786 337.000000 0.180214 
0.824064 329.000000 0.175936 
0.832620 313.000000 0.167380 
0.821925 333.000000 0.178075 
0.814439 347.000000 0.185561 
0.820856 335.000000 0.179144 
0.828342 321.000000 0.171658 
0.820856 335.000000 0.179144 
0.823529 330.000000 0.176471 
0.827807 322.000000 0.172193 
0.825668 326.000000 0.174332 
0.820856 335.000000 0.179144 
0.832086 314.000000 0.167914 
0.831016 316.000000 0.168984 
0.825668 326.000000 0.174332 
0.826738 324.000000 0.173262 
0.827807 322.000000 0.172193 
0.821925 333.000000 0.178075 
0.818717 339.000000 0.181283 
0.826203 325.000000 0.173797 
0.821390 334.000000 0.178610 
0.823529 330.000000 0.176471 
0.822460 332.000000 0.177540 
0.833690 311.000000 0.166310 
0.829947 318.000000 0.170053 
0.826738 324.000000 0.173262 
0.824599 328.000000 0.175401 
0.832620 313.000000 0.167380 
0.821925 333.000000 0.178075 
0.823529 330.000000 0.176471 
0.826738 324.000000 0.173262 
0.836898 305.000000 0.163102 
0.821390 334.000000 0.178610 
0.827807 322.000000 0.172193 
0.820321 336.000000 0.179679 
0.827273 323.000000 0.172727 
0.828342 321.000000 0.171658 
0.836364 306.000000 0.163636 
0.823529 330.000000 0.176471 
0.822995 331.000000 0.177005 
0.827807 322.000000 0.172193 
0.821390 334.000000 0.178610 
0.829412 319.000000 0.170588 
0.819251 338.000000 0.180749 
0.825668 326.000000 0.174332 
0.825668 326.000000 0.174332 
0.824599 328.000000 0.175401 
0.823529 330.000000 0.176471 
0.823529 330.000000 0.176471 
0.829412 319.000000 0.170588 
0.832620 313.000000 0.167380 
0.834225 310.000000 0.165775 
0.824599 328.000000 0.175401 
0.821925 333.000000 0.178075 
0.824599 328.000000 0.175401 
0.820856 335.000000 0.179144 
0.825668 326.000000 0.174332 
0.821925 333.000000 0.178075 
0.827807 322.000000 0.172193 
0.828877 320.000000 0.171123 
0.818182 340.000000 0.181818 
0.819251 338.000000 0.180749 
0.824599 328.000000 0.175401 
0.831016 316.000000 0.168984 
0.818182 340.000000 0.181818 
0.820856 335.000000 0.179144 
0.820321 336.000000 0.179679 
0.822995 331.000000 0.177005 
0.829412 319.000000 0.170588 
0.822995 331.000000 0.177005 
0.824599 328.000000 0.175401 
0.821925 333.000000 0.178075 
0.818717 339.000000 0.181283 
0.822460 332.000000 0.177540 
0.828877 320.000000 0.171123 
0.830481 317.000000 0.169519 
0.819786 337.000000 0.180214 
0.815508 345.000000 0.184492 
0.823529 330.000000 0.176471 
0.814973 346.000000 0.185027 
0.826738 324.000000 0.173262 
0.814973 346.000000 0.185027 
0.829412 319.000000 0.170588 
0.831551 315.000000 0.168449 
0.823529 330.000000 0.176471 
0.825134 327.000000 0.174866 
0.835829 307.000000 0.164171 
0.834225 310.000000 0.165775 
0.822995 331.000000 0.177005 
0.824064 329.000000 0.175936 
0.822460 332.000000 0.177540 
0.832086 314.000000 0.167914 
0.826203 325.000000 0.173797 
0.824599 328.000000 0.175401 
0.826738 324.000000 0.173262 
0.826738 324.000000 0.173262 
0.831551 315.000000 0.168449 
0.820856 335.000000 0.179144 
0.817647 341.000000 0.182353 
0.814973 346.000000 0.185027 
0.818182 340.000000 0.181818 
0.824599 328.000000 0.175401 
0.818717 339.000000 0.181283 
0.832086 314.000000 0.167914 
0.825134 327.000000 0.174866 
0.818182 340.000000 0.181818 
0.822460 332.000000 0.177540 
0.821925 333.000000 0.178075 
0.823529 330.000000 0.176471 
0.818717 339.000000 0.181283 
0.824599 328.000000 0.175401 
0.828877 320.000000 0.171123 
0.820321 336.000000 0.179679 
0.827807 322.000000 0.172193 
0.830481 317.000000 0.169519 
0.828342 321.000000 0.171658 
0.822460 332.000000 0.177540 
0.834225 310.000000 0.165775 
0.814439 347.000000 0.185561 
0.827807 322.000000 0.172193 
0.822995 331.000000 0.177005 
0.823529 330.000000 0.176471 
0.826203 325.000000 0.173797 
0.821390 334.000000 0.178610 
0.827273 323.000000 0.172727 
0.816578 343.000000 0.183422 
0.824064 329.000000 0.175936 
0.826203 325.000000 0.173797 
0.818182 340.000000 0.181818 
0.819251 338.000000 0.180749 
0.822460 332.000000 0.177540 
0.820856 335.000000 0.179144 
0.822995 331.000000 0.177005 
0.817647 341.000000 0.182353 
0.827807 322.000000 0.172193 
0.815508 345.000000 0.184492 
0.826203 325.000000 0.173797 
0.829412 319.000000 0.170588 
0.822460 332.000000 0.177540 
0.824599 328.000000 0.175401 
0.822995 331.000000 0.177005 
0.815508 345.000000 0.184492 
0.828342 321.000000 0.171658 
0.825134 327.000000 0.174866 
0.821390 334.000000 0.178610 
0.831016 316.000000 0.168984 
0.825668 326.000000 0.174332 
0.826203 325.000000 0.173797 
0.821390 334.000000 0.178610 
0.826203 325.000000 0.173797 
0.823529 330.000000 0.176471 
0.822460 332.000000 0.177540 
0.824064 329.000000 0.175936 
0.827807 322.000000 0.172193 
0.821390 334.000000 0.178610 
0.818182 340.000000 0.181818 
0.820856 335.000000 0.179144 
0.829412 319.000000 0.170588 
0.822995 331.000000 0.177005 
0.821390 334.000000 0.178610 
0.830481 317.000000 0.169519 
0.831016 316.000000 0.168984 
0.824064 329.000000 0.175936 
0.824599 328.000000 0.175401 
0.814973 346.000000 0.185027 
0.814439 347.000000 0.185561 
0.826203 325.000000 0.173797 
0.821390 334.000000 0.178610 
0.829947 318.000000 0.170053 
0.828877 320.000000 0.171123 
0.818717 339.000000 0.181283 
0.822460 332.000000 0.177540 
0.820856 335.000000 0.179144 
0.815508 345.000000 0.184492 
0.820856 335.000000 0.179144 
0.825668 326.000000 0.174332 
0.819251 338.000000 0.180749 
0.821925 333.000000 0.178075 
0.820856 335.000000 0.179144 
0.822995 331.000000 0.177005 
0.832620 313.000000 0.167380 
0.825134 327.000000 0.174866 
0.825134 327.000000 0.174866 
0.831551 315.000000 0.168449 
0.826738 324.000000 0.173262 
0.818182 340.000000 0.181818 
0.818717 339.000000 0.181283 
0.822995 331.000000 0.177005 
0.832620 313.000000 0.167380 
0.822460 332.000000 0.177540 
0.821925 333.000000 0.178075 
0.824064 329.000000 0.175936 
0.832086 314.000000 0.167914 
0.821390 334.000000 0.178610 
0.826203 325.000000 0.173797 
0.813369 349.000000 0.186631 
0.821925 333.000000 0.178075 
0.828342 321.000000 0.171658 
0.827807 322.000000 0.172193 
0.818182 340.000000 0.181818 
0.824599 328.000000 0.175401 
0.825134 327.000000 0.174866 
0.828877 320.000000 0.171123 
0.827807 322.000000 0.172193 
0.827273 323.000000 0.172727 
0.821390 334.000000 0.178610 
0.828342 321.000000 0.171658 
0.824599 328.000000 0.175401 
0.825668 326.000000 0.174332 
0.819786 337.000000 0.180214 
0.829412 319.000000 0.170588 
0.824599 328.000000 0.175401 
0.824064 329.000000 0.175936 
0.821390 334.000000 0.178610 
0.831016 316.000000 0.168984 
0.813904 348.000000 0.186096 
0.819251 338.000000 0.180749 
0.829947 318.000000 0.170053 
0.832086 314.000000 0.167914 
0.827807 322.000000 0.172193 
0.822460 332.000000 0.177540 
0.822995 331.000000 0.177005 
0.822995 331.000000 0.177005 
0.829947 318.000000 0.170053 
0.828877 320.000000 0.171123 
0.827807 322.000000 0.172193 
0.824599 328.000000 0.175401 
0.831016 316.000000 0.168984 
0.823529 330.000000 0.176471 
0.819786 337.000000 0.180214 
0.825134 327.000000 0.174866 
0.833690 311.000000 0.166310 
0.827273 323.000000 0.172727 
0.828342 321.000000 0.171658 
0.828877 320.000000 0.171123 
0.818182 340.000000 0.181818 
0.836364 306.000000 0.163636 
0.826203 325.000000 0.173797 
0.831016 316.000000 0.168984 
0.826203 325.000000 0.173797 
0.828342 321.000000 0.171658 
0.816043 344.000000 0.183957 
0.827273 323.000000 0.172727 
0.817112 342.000000 0.182888 
0.827807 322.000000 0.172193 
0.823529 330.000000 0.176471 
0.818182 340.000000 0.181818 
0.825668 326.000000 0.174332 
0.831551 315.000000 0.168449 
0.826738 324.000000 0.173262 
0.826738 324.000000 0.173262 
0.827807 322.000000 0.172193 
0.824064 329.000000 0.175936 
0.817647 341.000000 0.182353 
0.823529 330.000000 0.176471 
0.826203 325.000000 0.173797 
0.817112 342.000000 0.182888 
0.824064 329.000000 0.175936 
0.821925 333.000000 0.178075 
0.826203 325.000000 0.173797 
0.829947 318.000000 0.170053 
0.825134 327.000000 0.174866 
0.827273 323.000000 0.172727 
0.824599 328.000000 0.175401 
0.819251 338.000000 0.180749 
0.825134 327.000000 0.174866 
0.821925 333.000000 0.178075 
0.824599 328.000000 0.175401 
0.828342 321.000000 0.171658 
0.830481 317.000000 0.169519 
0.833155 312.000000 0.166845 
0.826738 324.000000 0.173262 
0.824064 329.000000 0.175936 
0.831551 315.000000 0.168449 
0.820321 336.000000 0.179679 
0.828877 320.000000 0.171123 
0.821390 334.000000 0.178610 
0.824599 328.000000 0.175401 
0.814439 347.000000 0.185561 
0.824064 329.000000 0.175936 
0.825134 327.000000 0.174866 
0.823529 330.000000 0.176471 
0.818717 339.000000 0.181283 
0.827273 323.000000 0.172727 
0.825668 326.000000 0.174332 
0.821390 334.000000 0.178610 
0.825668 326.000000 0.174332 
0.817112 342.000000 0.182888 
0.826738 324.000000 0.173262 
0.825668 326.000000 0.174332 
0.827273 323.000000 0.172727 
0.829947 318.000000 0.170053 
0.822995 331.000000 0.177005 
0.828342 321.000000 0.171658 
0.822995 331.000000 0.177005 
0.825668 326.000000 0.174332 
0.827807 322.000000 0.172193 
0.826738 324.000000 0.173262 
0.826203 325.000000 0.173797 
0.821390 334.000000 0.178610 
0.816578 343.000000 0.183422 
0.824064 329.000000 0.175936 
0.825668 326.000000 0.174332 
0.823529 330.000000 0.176471 
0.828342 321.000000 0.171658 
0.828877 320.000000 0.171123 
0.824064 329.000000 0.175936 
0.824599 328.000000 0.175401 
0.826203 325.000000 0.173797 
0.810160 355.000000 0.189840 
0.834225 310.000000 0.165775 
0.826203 325.000000 0.173797 
0.831551 315.000000 0.168449 
0.821390 334.000000 0.178610 
0.828342 321.000000 0.171658 
0.828877 320.000000 0.171123 
0.827273 323.000000 0.172727 
0.818717 339.000000 0.181283 
0.822995 331.000000 0.177005 
0.828342 321.000000 0.171658 
0.822460 332.000000 0.177540 
0.827273 323.000000 0.172727 
0.824064 329.000000 0.175936 
0.825668 326.000000 0.174332 
0.822995 331.000000 0.177005 
0.820856 335.000000 0.179144 
0.824064 329.000000 0.175936 
0.816043 344.000000 0.183957 
0.818182 340.000000 0.181818 
0.826203 325.000000 0.173797 
0.821390 334.000000 0.178610 
0.821390 334.000000 0.178610 
0.828342 321.000000 0.171658 
0.835829 307.000000 0.164171 
0.825668 326.000000 0.174332 
0.827273 323.000000 0.172727 
0.827807 322.000000 0.172193 
0.824064 329.000000 0.175936 
0.821390 334.000000 0.178610 
0.822995 331.000000 0.177005 
0.820856 335.000000 0.179144 
0.830481 317.000000 0.169519 
0.828877 320.000000 0.171123 
0.820856 335.000000 0.179144 
0.819786 337.000000 0.180214 
0.824599 328.000000 0.175401 
0.833690 311.000000 0.166310 
0.832620 313.000000 0.167380 
0.821925 333.000000 0.178075 
0.825668 326.000000 0.174332 
0.827807 322.000000 0.172193 
0.820856 335.000000 0.179144 
0.824064 329.000000 0.175936 
0.826203 325.000000 0.173797 
0.821390 334.000000 0.178610 
0.825134 327.000000 0.174866 
0.824599 328.000000 0.175401 
0.825668 326.000000 0.174332 
0.822995 331.000000 0.177005 
0.822460 332.000000 0.177540 
0.821925 333.000000 0.178075 
0.819251 338.000000 0.180749 
0.822995 331.000000 0.177005 
0.833155 312.000000 0.166845 
0.827273 323.000000 0.172727 
0.821925 333.000000 0.178075 
0.826738 324.000000 0.173262 
0.822995 331.000000 0.177005 
0.821390 334.000000 0.178610 
0.824064 329.000000 0.175936 
0.831551 315.000000 0.168449 
0.821925 333.000000 0.178075 
0.826203 325.000000 0.173797 
0.816578 343.000000 0.183422 
0.828342 321.000000 0.171658 
0.825134 327.000000 0.174866 
0.825668 326.000000 0.174332 
0.824599 328.000000 0.175401 
0.826738 324.000000 0.173262 
0.826203 325.000000 0.173797 
0.822995 331.000000 0.177005 
0.821925 333.000000 0.178075 
0.822460 332.000000 0.177540 
0.819786 337.000000 0.180214 
0.824599 328.000000 0.175401 
0.829412 319.000000 0.170588 
0.829947 318.000000 0.170053 
0.824064 329.000000 0.175936 
0.823529 330.000000 0.176471 
0.822995 331.000000 0.177005 
0.814973 346.000000 0.185027 
0.824064 329.000000 0.175936 
0.822460 332.000000 0.177540 
0.821925 333.000000 0.178075 
0.829412 319.000000 0.170588 
0.819786 337.000000 0.180214 
0.825134 327.000000 0.174866 
0.827807 322.000000 0.172193 
0.826738 324.000000 0.173262 
0.821390 334.000000 0.178610 
0.822995 331.000000 0.177005 
0.814973 346.000000 0.185027 
0.828342 321.000000 0.171658 
0.822460 332.000000 0.177540 
0.831016 316.000000 0.168984 
0.832620 313.000000 0.167380 
0.826738 324.000000 0.173262 
0.820321 336.000000 0.179679 
0.831551 315.000000 0.168449 
0.827807 322.000000 0.172193 
0.819786 337.000000 0.180214 
0.820321 336.000000 0.179679 
0.830481 317.000000 0.169519 
0.819786 337.000000 0.180214 
0.826203 325.000000 0.173797 
0.820856 335.000000 0.179144 
0.829412 319.000000 0.170588 
0.819251 338.000000 0.180749 
0.825134 327.000000 0.174866 
0.832620 313.000000 0.167380 
0.816578 343.000000 0.183422 
0.827273 323.000000 0.172727 
0.825134 327.000000 0.174866 
0.826203 325.000000 0.173797 
0.828877 320.000000 0.171123 
0.824599 328.000000 0.175401 
0.824064 329.000000 0.175936 
0.826203 325.000000 0.173797 
0.819251 338.000000 0.180749 
0.828342 321.000000 0.171658 
0.827273 323.000000 0.172727 
0.826738 324.000000 0.173262 
0.817112 342.000000 0.182888 
0.817647 341.000000 0.182353 
0.824599 328.000000 0.175401 
0.816043 344.000000 0.183957 
0.825668 326.000000 0.174332 
0.822995 331.000000 0.177005 
0.821925 333.000000 0.178075 
0.827273 323.000000 0.172727 
0.822460 332.000000 0.177540 
0.821390 334.000000 0.178610 
0.819786 337.000000 0.180214 
0.823529 330.000000 0.176471 
0.824599 328.000000 0.175401 
0.827273 323.000000 0.172727 
0.818717 339.000000 0.181283 
0.827807 322.000000 0.172193 
0.824599 328.000000 0.175401 
0.822995 331.000000 0.177005 
0.821925 333.000000 0.178075 
0.821925 333.000000 0.178075 
0.821925 333.000000 0.178075 
0.827273 323.000000 0.172727 
0.829412 319.000000 0.170588 
0.822995 331.000000 0.177005 
0.832086 314.000000 0.167914 
0.825668 326.000000 0.174332 
0.813904 348.000000 0.186096 
0.823529 330.000000 0.176471 
0.820856 335.000000 0.179144 
0.816578 343.000000 0.183422 
0.823529 330.000000 0.176471 
0.829412 319.000000 0.170588 
0.827273 323.000000 0.172727 
0.823529 330.000000 0.176471 
0.825668 326.000000 0.174332 
0.822460 332.000000 0.177540 
0.822460 332.000000 0.177540 
0.833155 312.000000 0.166845 
0.821925 333.000000 0.178075 
0.824599 328.000000 0.175401 
0.825668 326.000000 0.174332 
0.825134 327.000000 0.174866 
0.816043 344.000000 0.183957 
0.822995 331.000000 0.177005 
0.819786 337.000000 0.180214 
0.828342 321.000000 0.171658 
0.814973 346.000000 0.185027 
0.819251 338.000000 0.180749 
0.820321 336.000000 0.179679 
0.830481 317.000000 0.169519 
0.817647 341.000000 0.182353 
0.814439 347.000000 0.185561 
0.832086 314.000000 0.167914 
0.824599 328.000000 0.175401 
0.824064 329.000000 0.175936 
0.827807 322.000000 0.172193 
0.822995 331.000000 0.177005 
0.821925 333.000000 0.178075 
0.818717 339.000000 0.181283 
0.824064 329.000000 0.175936 
0.824599 328.000000 0.175401 
0.827807 322.000000 0.172193 
0.826203 325.000000 0.173797 
0.826203 325.000000 0.173797 
0.824064 329.000000 0.175936 
0.832086 314.000000 0.167914 
0.828342 321.000000 0.171658 
0.813904 348.000000 0.186096 
0.818182 340.000000 0.181818 
0.826738 324.000000 0.173262 
0.829412 319.000000 0.170588 
0.819251 338.000000 0.180749 
0.823529 330.000000 0.176471 
0.823529 330.000000 0.176471 
0.818717 339.000000 0.181283 
0.826738 324.000000 0.173262 
0.816578 343.000000 0.183422 
0.824599 328.000000 0.175401 
0.824599 328.000000 0.175401 
0.823529 330.000000 0.176471 
0.821390 334.000000 0.178610 
0.825668 326.000000 0.174332 
0.828877 320.000000 0.171123 
0.830481 317.000000 0.169519 
0.824599 328.000000 0.175401 
0.818182 340.000000 0.181818 
0.824599 328.000000 0.175401 
0.824064 329.000000 0.175936 
0.821390 334.000000 0.178610 
0.819786 337.000000 0.180214 
0.826203 325.000000 0.173797 
0.827807 322.000000 0.172193 
0.824599 328.000000 0.175401 
0.825134 327.000000 0.174866 
0.823529 330.000000 0.176471 
0.829412 319.000000 0.170588 
0.831016 316.000000 0.168984 
0.822460 332.000000 0.177540 
0.823529 330.000000 0.176471 
0.826203 325.000000 0.173797 
0.822995 331.000000 0.177005 
0.823529 330.000000 0.176471 
0.822460 332.000000 0.177540 
0.825668 326.000000 0.174332 
0.821925 333.000000 0.178075 
0.825134 327.000000 0.174866 
0.814973 346.000000 0.185027 
0.823529 330.000000 0.176471 
0.826738 324.000000 0.173262 
0.825668 326.000000 0.174332 
0.828342 321.000000 0.171658 
0.822460 332.000000 0.177540 
0.823529 330.000000 0.176471 
0.828342 321.000000 0.171658 
0.827807 322.000000 0.172193 
0.825134 327.000000 0.174866 
0.829412 319.000000 0.170588 
0.825134 327.000000 0.174866 
0.827273 323.000000 0.172727 
0.828342 321.000000 0.171658 
0.827273 323.000000 0.172727 
0.834225 310.000000 0.165775 
0.835829 307.000000 0.164171 
0.819786 337.000000 0.180214 
0.829412 319.000000 0.170588 
0.832086 314.000000 0.167914 
0.832086 314.000000 0.167914 
0.823529 330.000000 0.176471 
0.818182 340.000000 0.181818 
0.814439 347.000000 0.185561 
0.821925 333.000000 0.178075 
0.821390 334.000000 0.178610 
0.821390 334.000000 0.178610 
0.828877 320.000000 0.171123 
0.825134 327.000000 0.174866 
0.820321 336.000000 0.179679 
0.822995 331.000000 0.177005 
0.823529 330.000000 0.176471 
0.821925 333.000000 0.178075 
0.818717 339.000000 0.181283 
0.817647 341.000000 0.182353 
0.828342 321.000000 0.171658 
0.828877 320.000000 0.171123 
0.817112 342.000000 0.182888 
0.822460 332.000000 0.177540 
0.826203 325.000000 0.173797 
0.825134 327.000000 0.174866 
0.816043 344.000000 0.183957 
0.814439 347.000000 0.185561 
0.816578 343.000000 0.183422 
0.829947 318.000000 0.170053 
0.828342 321.000000 0.171658 
0.825134 327.000000 0.174866 
0.821390 334.000000 0.178610 
0.840642 298.000000 0.159358 
0.821390 334.000000 0.178610 
0.827807 322.000000 0.172193 
0.827807 322.000000 0.172193 
0.827807 322.000000 0.172193 
0.825134 327.000000 0.174866 
0.821390 334.000000 0.178610 
0.817647 341.000000 0.182353 
0.827807 322.000000 0.172193 
0.824064 329.000000 0.175936 
0.834225 310.000000 0.165775 
0.826203 325.000000 0.173797 
0.826203 325.000000 0.173797 
0.821390 334.000000 0.178610 
0.826738 324.000000 0.173262 
0.831016 316.000000 0.168984 
0.831551 315.000000 0.168449 
0.828877 320.000000 0.171123 
0.829947 318.000000 0.170053 
0.829412 319.000000 0.170588 
0.817647 341.000000 0.182353 
0.832086 314.000000 0.167914 
0.817647 341.000000 0.182353 
0.829412 319.000000 0.170588 
0.825668 326.000000 0.174332 
0.829412 319.000000 0.170588 
0.828877 320.000000 0.171123 
0.818182 340.000000 0.181818 
0.819786 337.000000 0.180214 
0.831551 315.000000 0.168449 
0.821925 333.000000 0.178075 
0.819786 337.000000 0.180214 
0.830481 317.000000 0.169519 
0.824599 328.000000 0.175401 
0.823529 330.000000 0.176471 
0.820321 336.000000 0.179679 
0.816578 343.000000 0.183422 
0.825134 327.000000 0.174866 
0.834225 310.000000 0.165775 
0.821390 334.000000 0.178610 
0.828342 321.000000 0.171658 
0.821390 334.000000 0.178610 
0.824064 329.000000 0.175936 
0.823529 330.000000 0.176471 
0.827807 322.000000 0.172193 
0.833690 311.000000 0.166310 
0.818717 339.000000 0.181283 
0.821925 333.000000 0.178075 
0.819251 338.000000 0.180749 
0.827807 322.000000 0.172193 
0.821390 334.000000 0.178610 
0.829412 319.000000 0.170588 
0.830481 317.000000 0.169519 
0.820856 335.000000 0.179144 
0.822460 332.000000 0.177540 
0.822995 331.000000 0.177005 
0.823529 330.000000 0.176471 
0.828342 321.000000 0.171658 
0.826203 325.000000 0.173797 
0.835829 307.000000 0.164171 
0.825668 326.000000 0.174332 
0.824064 329.000000 0.175936 
0.819251 338.000000 0.180749 
0.827807 322.000000 0.172193 
0.827273 323.000000 0.172727 
0.832620 313.000000 0.167380 
0.821925 333.000000 0.178075 
0.832086 314.000000 0.167914 
0.825668 326.000000 0.174332 
0.820321 336.000000 0.179679 
0.829947 318.000000 0.170053 
0.827273 323.000000 0.172727 
0.827807 322.000000 0.172193 
0.831016 316.000000 0.168984 
0.820321 336.000000 0.179679 
0.825134 327.000000 0.174866 
0.828342 321.000000 0.171658 
0.828877 320.000000 0.171123 
0.822995 331.000000 0.177005 
0.818717 339.000000 0.181283 
0.822460 332.000000 0.177540 
0.818182 340.000000 0.181818 
0.828342 321.000000 0.171658 
0.823529 330.000000 0.176471 
0.817112 342.000000 0.182888 
0.816578 343.000000 0.183422 
0.825668 326.000000 0.174332 
0.819251 338.000000 0.180749 
0.827807 322.000000 0.172193 
0.822460 332.000000 0.177540 
0.828342 321.000000 0.171658 
0.819786 337.000000 0.180214 
0.819251 338.000000 0.180749 
0.826203 325.000000 0.173797 
0.822460 332.000000 0.177540 
0.824064 329.000000 0.175936 
0.817112 342.000000 0.182888 
0.827273 323.000000 0.172727 
0.824599 328.000000 0.175401 
0.824064 329.000000 0.175936 
0.825134 327.000000 0.174866 
0.826738 324.000000 0.173262 
0.826738 324.000000 0.173262 
0.825134 327.000000 0.174866 
0.826738 324.000000 0.173262 
0.828877 320.000000 0.171123 
0.827807 322.000000 0.172193 
0.820856 335.000000 0.179144 
0.829412 319.000000 0.170588 
0.820321 336.000000 0.179679 
0.835294 308.000000 0.164706 
0.825134 327.000000 0.174866 
0.819786 337.000000 0.180214 
0.829412 319.000000 0.170588 
0.821925 333.000000 0.178075 
0.824064 329.000000 0.175936 
0.817647 341.000000 0.182353 
0.835829 307.000000 0.164171 
0.829947 318.000000 0.170053 
0.827807 322.000000 0.172193 
0.826203 325.000000 0.173797 
0.821925 333.000000 0.178075 
0.818182 340.000000 0.181818 
0.818182 340.000000 0.181818 
0.822995 331.000000 0.177005 
0.833155 312.000000 0.166845 
0.824599 328.000000 0.175401 
0.827807 322.000000 0.172193 
0.829412 319.000000 0.170588 
0.825668 326.000000 0.174332 
0.827807 322.000000 0.172193 
0.826203 325.000000 0.173797 
0.812299 351.000000 0.187701 
0.820321 336.000000 0.179679 
0.831016 316.000000 0.168984 
0.821925 333.000000 0.178075 
0.819786 337.000000 0.180214 
0.818717 339.000000 0.181283 
0.831551 315.000000 0.168449 
0.835829 307.000000 0.164171 
0.827807 322.000000 0.172193 
0.831016 316.000000 0.168984 
0.820321 336.000000 0.179679 
0.823529 330.000000 0.176471 
0.830481 317.000000 0.169519 
0.821925 333.000000 0.178075 
0.826203 325.000000 0.173797 
0.824599 328.000000 0.175401 
0.820856 335.000000 0.179144 
0.826738 324.000000 0.173262 
0.830481 317.000000 0.169519 
0.824599 328.000000 0.175401 
0.825134 327.000000 0.174866 
0.826738 324.000000 0.173262 
0.832086 314.000000 0.167914 
0.825668 326.000000 0.174332 
0.827273 323.000000 0.172727 
0.823529 330.000000 0.176471 
0.830481 317.000000 0.169519 
0.832086 314.000000 0.167914 
0.822995 331.000000 0.177005 
0.818182 340.000000 0.181818 
0.831551 315.000000 0.168449 
0.822995 331.000000 0.177005 
0.826203 325.000000 0.173797 
0.822460 332.000000 0.177540 
0.820321 336.000000 0.179679 
0.819786 337.000000 0.180214 
0.817647 341.000000 0.182353 
0.826203 325.000000 0.173797 
0.829947 318.000000 0.170053 
0.822460 332.000000 0.177540 
0.822460 332.000000 0.177540 
0.816043 344.000000 0.183957 
0.822460 332.000000 0.177540 
0.823529 330.000000 0.176471 
0.825134 327.000000 0.174866 
0.833155 312.000000 0.166845 
0.819251 338.000000 0.180749 
0.825668 326.000000 0.174332 
0.827273 323.000000 0.172727 
0.822995 331.000000 0.177005 
0.822995 331.000000 0.177005 
0.822460 332.000000 0.177540 
0.831551 315.000000 0.168449 
0.824599 328.000000 0.175401 
0.824064 329.000000 0.175936 
0.827273 323.000000 0.172727 
0.827273 323.000000 0.172727 
0.826203 325.000000 0.173797 
0.822460 332.000000 0.177540 
0.827273 323.000000 0.172727 
0.828877 320.000000 0.171123 
0.822460 332.000000 0.177540 
0.832086 314.000000 0.167914 
0.820856 335.000000 0.179144 
0.834225 310.000000 0.165775 
0.821390 334.000000 0.178610 
0.821925 333.000000 0.178075 
0.835294 308.000000 0.164706 
0.823529 330.000000 0.176471 
0.822460 332.000000 0.177540 
0.822460 332.000000 0.177540 
0.826738 324.000000 0.173262 
0.825134 327.000000 0.174866 
0.820321 336.000000 0.179679 
0.822995 331.000000 0.177005 
0.821925 333.000000 0.178075 
0.818717 339.000000 0.181283 
0.822460 332.000000 0.177540 
0.828877 320.000000 0.171123 
0.820856 335.000000 0.179144 
0.820856 335.000000 0.179144 
0.822995 331.000000 0.177005 
0.821390 334.000000 0.178610 
0.829412 319.000000 0.170588 
0.825668 326.000000 0.174332 
0.831016 316.000000 0.168984 
0.819786 337.000000 0.180214 
0.826203 325.000000 0.173797 
0.819251 338.000000 0.180749 
0.826203 325.000000 0.173797 
0.825134 327.000000 0.174866 
0.818182 340.000000 0.181818 
0.816578 343.000000 0.183422 
0.827807 322.000000 0.172193 
0.832620 313.000000 0.167380 
0.825134 327.000000 0.174866 
0.830481 317.000000 0.169519 
0.822460 332.000000 0.177540 
0.818182 340.000000 0.181818 
0.818182 340.000000 0.181818 
0.831016 316.000000 0.168984 
0.832620 313.000000 0.167380 
0.817647 341.000000 0.182353 
0.833690 311.000000 0.166310 
0.821925 333.000000 0.178075 
0.820321 336.000000 0.179679 
0.819786 337.000000 0.180214 
0.822995 331.000000 0.177005 
0.820856 335.000000 0.179144 
0.833690 311.000000 0.166310 
0.831551 315.000000 0.168449 
0.820321 336.000000 0.179679 
0.826203 325.000000 0.173797 
0.823529 330.000000 0.176471 
0.829412 319.000000 0.170588 
0.829412 319.000000 0.170588 
0.821925 333.000000 0.178075 
0.822460 332.000000 0.177540 
0.820856 335.000000 0.179144 
0.827273 323.000000 0.172727 
0.820856 335.000000 0.179144 
0.821925 333.000000 0.178075 
0.819251 338.000000 0.180749 
0.827807 322.000000 0.172193 
0.827807 322.000000 0.172193 
0.821925 333.000000 0.178075 
0.829947 318.000000 0.170053 
0.826738 324.000000 0.173262 
0.829947 318.000000 0.170053 
0.820856 335.000000 0.179144 
0.824064 329.000000 0.175936 
0.822995 331.000000 0.177005 
0.827807 322.000000 0.172193 
0.822460 332.000000 0.177540 
0.819786 337.000000 0.180214 
0.821390 334.000000 0.178610 
0.826738 324.000000 0.173262 
0.820321 336.000000 0.179679 
0.821390 334.000000 0.178610 
0.823529 330.000000 0.176471 
0.820321 336.000000 0.179679 
0.828342 321.000000 0.171658 
0.819251 338.000000 0.180749 
0.831551 315.000000 0.168449 
0.829947 318.000000 0.170053 
0.822460 332.000000 0.177540 
0.815508 345.000000 0.184492 
0.824064 329.000000 0.175936 
0.817647 341.000000 0.182353 
0.816578 343.000000 0.183422 
0.823529 330.000000 0.176471 
0.821390 334.000000 0.178610 
0.824064 329.000000 0.175936 
0.820856 335.000000 0.179144 
0.826203 325.000000 0.173797 
0.825668 326.000000 0.174332 
0.821925 333.000000 0.178075 
0.826738 324.000000 0.173262 
0.826738 324.000000 0.173262 
0.824599 328.000000 0.175401 
0.821925 333.000000 0.178075 
0.828877 320.000000 0.171123 
0.824599 328.000000 0.175401 
0.821925 333.000000 0.178075 
0.828877 320.000000 0.171123 
0.830481 317.000000 0.169519 
0.825668 326.000000 0.174332 
0.830481 317.000000 0.169519 
0.825134 327.000000 0.174866 
0.834225 310.000000 0.165775 
0.834225 310.000000 0.165775 
0.822460 332.000000 0.177540 
0.828877 320.000000 0.171123 
0.824064 329.000000 0.175936 
0.825668 326.000000 0.174332 
0.827807 322.000000 0.172193 
0.822995 331.000000 0.177005 
0.821390 334.000000 0.178610 
0.831016 316.000000 0.168984 
0.826203 325.000000 0.173797 
0.825668 326.000000 0.174332 
0.823529 330.000000 0.176471 
0.826203 325.000000 0.173797 
0.831016 316.000000 0.168984 
0.827273 323.000000 0.172727 
0.825668 326.000000 0.174332 
0.825668 326.000000 0.174332 
0.824064 329.000000 0.175936 
0.829947 318.000000 0.170053 
0.822995 331.000000 0.177005 
0.820856 335.000000 0.179144 
0.820856 335.000000 0.179144 
0.821925 333.000000 0.178075 
0.825134 327.000000 0.174866 
0.812834 350.000000 0.187166 
0.822460 332.000000 0.177540 
0.823529 330.000000 0.176471 
0.816578 343.000000 0.183422 
0.822995 331.000000 0.177005 
0.823529 330.000000 0.176471 
0.819251 338.000000 0.180749 
0.834225 310.000000 0.165775 
0.824064 329.000000 0.175936 
0.820321 336.000000 0.179679 
0.825134 327.000000 0.174866 
0.824599 328.000000 0.175401 
0.837433 304.000000 0.162567 
0.823529 330.000000 0.176471 
0.826738 324.000000 0.173262 
0.817112 342.000000 0.182888 
0.825134 327.000000 0.174866 
0.821925 333.000000 0.178075 
0.833155 312.000000 0.166845 
0.827807 322.000000 0.172193 
0.822995 331.000000 0.177005 
0.817647 341.000000 0.182353 
0.824064 329.000000 0.175936 
0.827807 322.000000 0.172193 
0.817647 341.000000 0.182353 
0.824599 328.000000 0.175401 
0.824599 328.000000 0.175401 
0.822460 332.000000 0.177540 
0.816578 343.000000 0.183422 
0.829947 318.000000 0.170053 
0.821925 333.000000 0.178075 
0.825668 326.000000 0.174332 
0.819251 338.000000 0.180749 
0.827807 322.000000 0.172193 
0.833690 311.000000 0.166310 
0.821925 333.000000 0.178075 
0.829947 318.000000 0.170053 
0.824599 328.000000 0.175401 
0.829412 319.000000 0.170588 
0.813369 349.000000 0.186631 
0.826738 324.000000 0.173262 
0.825668 326.000000 0.174332 
0.827807 322.000000 0.172193 
0.831016 316.000000 0.168984 
0.825134 327.000000 0.174866 
0.829412 319.000000 0.170588 
0.820856 335.000000 0.179144 
0.820321 336.000000 0.179679 
0.826203 325.000000 0.173797 
0.821390 334.000000 0.178610 
0.822995 331.000000 0.177005 
0.817647 341.000000 0.182353 
0.825134 327.000000 0.174866 
0.826738 324.000000 0.173262 
0.819251 338.000000 0.180749 
0.822995 331.000000 0.177005 
0.829947 318.000000 0.170053 
0.825668 326.000000 0.174332 
0.833690 311.000000 0.166310 
0.830481 317.000000 0.169519 
0.830481 317.000000 0.169519 
0.829412 319.000000 0.170588 
0.820856 335.000000 0.179144 
0.827273 323.000000 0.172727 
0.820856 335.000000 0.179144 
0.822995 331.000000 0.177005 
0.813369 349.000000 0.186631 
0.814973 346.000000 0.185027 
0.827807 322.000000 0.172193 
0.823529 330.000000 0.176471 
0.818717 339.000000 0.181283 
0.825134 327.000000 0.174866 
0.831551 315.000000 0.168449 
0.820321 336.000000 0.179679 
0.821390 334.000000 0.178610 
0.824599 328.000000 0.175401 
0.825668 326.000000 0.174332 
0.827273 323.000000 0.172727 
0.830481 317.000000 0.169519 
0.827273 323.000000 0.172727 
0.824064 329.000000 0.175936 
0.834759 309.000000 0.165241 
0.832086 314.000000 0.167914 
0.829412 319.000000 0.170588 
0.821390 334.000000 0.178610 
0.821390 334.000000 0.178610 
0.824599 328.000000 0.175401 
0.825668 326.000000 0.174332 
0.827273 323.000000 0.172727 
0.821925 333.000000 0.178075 
0.825668 326.000000 0.174332 
0.825668 326.000000 0.174332 
0.832620 313.000000 0.167380 
0.822995 331.000000 0.177005 
0.824064 329.000000 0.175936 
0.826203 325.000000 0.173797 
0.825668 326.000000 0.174332 
0.818182 340.000000 0.181818 
0.819786 337.000000 0.180214 
0.822995 331.000000 0.177005 
0.826203 325.000000 0.173797 
0.831016 316.000000 0.168984 
0.827807 322.000000 0.172193 
0.826738 324.000000 0.173262 
0.832086 314.000000 0.167914 
0.826738 324.000000 0.173262 
0.829412 319.000000 0.170588 
0.822460 332.000000 0.177540 
0.824064 329.000000 0.175936 
0.822995 331.000000 0.177005 
0.824064 329.000000 0.175936 
0.823529 330.000000 0.176471 
0.829947 318.000000 0.170053 
0.825668 326.000000 0.174332 
0.825668 326.000000 0.174332 
0.825668 326.000000 0.174332 
0.829947 318.000000 0.170053 
0.824064 329.000000 0.175936 
0.824064 329.000000 0.175936 
0.820856 335.000000 0.179144 
0.832086 314.000000 0.167914 
0.822995 331.000000 0.177005 
0.828342 321.000000 0.171658 
0.829412 319.000000 0.170588 
0.829412 319.000000 0.170588 
0.831551 315.000000 0.168449 
0.827807 322.000000 0.172193 
0.825134 327.000000 0.174866 
0.831551 315.000000 0.168449 
0.828342 321.000000 0.171658 
0.822995 331.000000 0.177005 
0.824064 329.000000 0.175936 
0.822995 331.000000 0.177005 
0.823529 330.000000 0.176471 
0.826203 325.000000 0.173797 
0.826738 324.000000 0.173262 
0.823529 330.000000 0.176471 
0.827807 322.000000 0.172193 
0.822460 332.000000 0.177540 
0.826738 324.000000 0.173262 
0.829947 318.000000 0.170053 
0.825134 327.000000 0.174866 
0.822995 331.000000 0.177005 
0.824599 328.000000 0.175401 
0.824064 329.000000 0.175936 
0.826738 324.000000 0.173262 
0.827807 322.000000 0.172193 
0.821390 334.000000 0.178610 
0.823529 330.000000 0.176471 
0.825668 326.000000 0.174332 
0.821390 334.000000 0.178610 
0.829412 319.000000 0.170588 
0.826738 324.000000 0.173262 
0.817647 341.000000 0.182353 
0.817647 341.000000 0.182353 
0.828342 321.000000 0.171658 
0.820856 335.000000 0.179144 
0.826738 324.000000 0.173262 
0.826203 325.000000 0.173797 
0.824599 328.000000 0.175401 
0.822460 332.000000 0.177540 
0.820321 336.000000 0.179679 
0.818717 339.000000 0.181283 
0.825668 326.000000 0.174332 
0.826738 324.000000 0.173262 
0.821390 334.000000 0.178610 
0.839037 301.000000 0.160963 
0.825134 327.000000 0.174866 
0.829412 319.000000 0.170588 
0.824064 329.000000 0.175936 
0.822460 332.000000 0.177540 
0.820321 336.000000 0.179679 
0.828342 321.000000 0.171658 
0.829412 319.000000 0.170588 
0.815508 345.000000 0.184492 
0.820321 336.000000 0.179679 
0.829412 319.000000 0.170588 
0.821925 333.000000 0.178075 
0.821925 333.000000 0.178075 
0.821390 334.000000 0.178610 
0.827273 323.000000 0.172727 
0.822995 331.000000 0.177005 
0.827273 323.000000 0.172727 
0.828342 321.000000 0.171658 
0.827807 322.000000 0.172193 
0.825668 326.000000 0.174332 
0.822460 332.000000 0.177540 
0.818717 339.000000 0.181283 
0.820321 336.000000 0.179679 
0.822995 331.000000 0.177005 
0.825134 327.000000 0.174866 
0.834225 310.000000 0.165775 
0.829412 319.000000 0.170588 
0.824599 328.000000 0.175401 
0.826203 325.000000 0.173797 
0.822995 331.000000 0.177005 
0.827807 322.000000 0.172193 
0.832620 313.000000 0.167380 
0.819786 337.000000 0.180214 
0.820321 336.000000 0.179679 
0.826738 324.000000 0.173262 
0.820856 335.000000 0.179144 
0.813369 349.000000 0.186631 
0.830481 317.000000 0.169519 
0.832086 314.000000 0.167914 
0.824599 328.000000 0.175401 
0.827807 322.000000 0.172193 
0.824064 329.000000 0.175936 
0.818182 340.000000 0.181818 
0.821925 333.000000 0.178075 
0.827273 323.000000 0.172727 
0.824064 329.000000 0.175936 
0.832086 314.000000 0.167914 
0.822460 332.000000 0.177540 
0.828877 320.000000 0.171123 
0.820321 336.000000 0.179679 
0.829412 319.000000 0.170588 
0.831551 315.000000 0.168449 
0.825134 327.000000 0.174866 
0.822460 332.000000 0.177540 
0.828877 320.000000 0.171123 
0.820856 335.000000 0.179144 
0.821390 334.000000 0.178610 
0.828342 321.000000 0.171658 
0.818717 339.000000 0.181283 
0.825668 326.000000 0.174332 
0.835294 308.000000 0.164706 
0.831551 315.000000 0.168449 
0.815508 345.000000 0.184492 
0.828877 320.000000 0.171123 
0.826203 325.000000 0.173797 
0.818182 340.000000 0.181818 
0.821925 333.000000 0.178075 
0.826203 325.000000 0.173797 
0.830481 317.000000 0.169519 
0.836898 305.000000 0.163102 
0.823529 330.000000 0.176471 
0.813904 348.000000 0.186096 
0.827273 323.000000 0.172727 
0.820856 335.000000 0.179144 
0.820856 335.000000 0.179144 
0.822460 332.000000 0.177540 
0.818717 339.000000 0.181283 
0.824064 329.000000 0.175936 
0.824599 328.000000 0.175401 
0.829412 319.000000 0.170588 
0.822995 331.000000 0.177005 
0.821390 334.000000 0.178610 
0.827807 322.000000 0.172193 
0.825134 327.000000 0.174866 
0.827807 322.000000 0.172193 
0.822995 331.000000 0.177005 
0.826203 325.000000 0.173797 
0.832086 314.000000 0.167914 
0.826203 325.000000 0.173797 
0.826203 325.000000 0.173797 
0.826738 324.000000 0.173262 
0.824599 328.000000 0.175401 
0.825134 327.000000 0.174866 
0.820321 336.000000 0.179679 
0.827273 323.000000 0.172727 
0.824064 329.000000 0.175936 
0.825134 327.000000 0.174866 
0.820856 335.000000 0.179144 
0.831016 316.000000 0.168984 
0.822995 331.000000 0.177005 
0.825134 327.000000 0.174866 
0.821390 334.000000 0.178610 
0.822995 331.000000 0.177005 
0.836898 305.000000 0.163102 
0.819251 338.000000 0.180749 
0.827807 322.000000 0.172193 
0.828877 320.000000 0.171123 
0.828342 321.000000 0.171658 
0.828342 321.000000 0.171658 
0.821925 333.000000 0.178075 
0.827807 322.000000 0.172193 
0.825134 327.000000 0.174866 
0.818182 340.000000 0.181818 
0.829412 319.000000 0.170588 
0.823529 330.000000 0.176471 
0.825668 326.000000 0.174332 
0.820856 335.000000 0.179144 
0.833690 311.000000 0.166310 
0.825134 327.000000 0.174866 
0.821390 334.000000 0.178610 
0.826738 324.000000 0.173262 
0.818717 339.000000 0.181283 
0.835829 307.000000 0.164171 
0.825134 327.000000 0.174866 
0.825668 326.000000 0.174332 
0.829412 319.000000 0.170588 
0.831551 315.000000 0.168449 
0.822460 332.000000 0.177540 
0.820856 335.000000 0.179144 
0.827807 322.000000 0.172193 
0.825134 327.000000 0.174866 
0.818717 339.000000 0.181283 
0.820321 336.000000 0.179679 
0.823529 330.000000 0.176471 
0.826738 324.000000 0.173262 
0.826203 325.000000 0.173797 
0.832620 313.000000 0.167380 
0.825134 327.000000 0.174866 
0.833690 311.000000 0.166310 
0.822995 331.000000 0.177005 
0.825134 327.000000 0.174866 
0.824599 328.000000 0.175401 
0.820856 335.000000 0.179144 
0.821390 334.000000 0.178610 
0.820321 336.000000 0.179679 
0.819251 338.000000 0.180749 
0.822995 331.000000 0.177005 
0.834225 310.000000 0.165775 
0.835294 308.000000 0.164706 
0.820321 336.000000 0.179679 
0.826203 325.000000 0.173797 
0.820856 335.000000 0.179144 
0.821925 333.000000 0.178075 
0.824599 328.000000 0.175401 
0.826738 324.000000 0.173262 
0.826738 324.000000 0.173262 
0.823529 330.000000 0.176471 
0.822995 331.000000 0.177005 
0.821925 333.000000 0.178075 
0.825134 327.000000 0.174866 
0.830481 317.000000 0.169519 
0.826738 324.000000 0.173262 
0.826203 325.000000 0.173797 
0.824064 329.000000 0.175936 
0.817647 341.000000 0.182353 
0.827273 323.000000 0.172727 
0.827807 322.000000 0.172193 
0.825668 326.000000 0.174332 
0.828877 320.000000 0.171123 
0.821925 333.000000 0.178075 
0.829412 319.000000 0.170588 
0.822995 331.000000 0.177005 
0.834759 309.000000 0.165241 
0.835294 308.000000 0.164706 
0.833690 311.000000 0.166310 
0.826203 325.000000 0.173797 
0.819786 337.000000 0.180214 
0.823529 330.000000 0.176471 
0.818717 339.000000 0.181283 
0.821925 333.000000 0.178075 
0.822460 332.000000 0.177540 
0.828342 321.000000 0.171658 
0.832620 313.000000 0.167380 
0.826738 324.000000 0.173262 
0.826738 324.000000 0.173262 
0.829412 319.000000 0.170588 
0.825134 327.000000 0.174866 
0.833690 311.000000 0.166310 
0.829947 318.000000 0.170053 
0.819251 338.000000 0.180749 
0.822995 331.000000 0.177005 
0.822460 332.000000 0.177540 
0.824064 329.000000 0.175936 
0.831016 316.000000 0.168984 
0.826203 325.000000 0.173797 
0.831016 316.000000 0.168984 
0.819786 337.000000 0.180214 
0.826203 325.000000 0.173797 
0.824599 328.000000 0.175401 
0.822995 331.000000 0.177005 
0.833155 312.000000 0.166845 
0.824064 329.000000 0.175936 
0.820856 335.000000 0.179144 
0.826738 324.000000 0.173262 
0.832620 313.000000 0.167380 
0.828342 321.000000 0.171658 
0.822995 331.000000 0.177005 
0.822995 331.000000 0.177005 
0.820321 336.000000 0.179679 
0.826203 325.000000 0.173797 
0.834759 309.000000 0.165241 
0.819251 338.000000 0.180749 
0.826738 324.000000 0.173262 
0.823529 330.000000 0.176471 
0.821925 333.000000 0.178075 
0.825134 327.000000 0.174866 
0.819251 338.000000 0.180749 
0.825134 327.000000 0.174866 
0.826203 325.000000 0.173797 
0.829947 318.000000 0.170053 
0.822995 331.000000 0.177005 
0.830481 317.000000 0.169519 
0.827807 322.000000 0.172193 
0.824064 329.000000 0.175936 
0.822460 332.000000 0.177540 
0.822995 331.000000 0.177005 
0.829947 318.000000 0.170053 
0.827807 322.000000 0.172193 
0.820321 336.000000 0.179679 
0.818717 339.000000 0.181283 
0.832086 314.000000 0.167914 
0.827273 323.000000 0.172727 
0.827807 322.000000 0.172193 
0.828342 321.000000 0.171658 
0.821925 333.000000 0.178075 
0.822460 332.000000 0.177540 
0.820856 335.000000 0.179144 
0.815508 345.000000 0.184492 
0.824599 328.000000 0.175401 
0.827273 323.000000 0.172727 
0.825668 326.000000 0.174332 
0.825134 327.000000 0.174866 
0.820321 336.000000 0.179679 
0.831551 315.000000 0.168449 
0.828877 320.000000 0.171123 
0.821390 334.000000 0.178610 
0.821390 334.000000 0.178610 
0.820856 335.000000 0.179144 
0.822995 331.000000 0.177005 
0.824064 329.000000 0.175936 
0.824599 328.000000 0.175401 
0.822995 331.000000 0.177005 
0.832620 313.000000 0.167380 
0.833690 311.000000 0.166310 
0.824064 329.000000 0.175936 
0.828342 321.000000 0.171658 
0.829412 319.000000 0.170588 
0.822460 332.000000 0.177540 
0.826203 325.000000 0.173797 
0.827273 323.000000 0.172727 
0.823529 330.000000 0.176471 
0.820321 336.000000 0.179679 
0.826738 324.000000 0.173262 
0.822460 332.000000 0.177540 
0.826203 325.000000 0.173797 
0.825134 327.000000 0.174866 
0.821390 334.000000 0.178610 
0.826738 324.000000 0.173262 
0.822995 331.000000 0.177005 
0.827807 322.000000 0.172193 
0.820321 336.000000 0.179679 
0.829947 318.000000 0.170053 
0.835294 308.000000 0.164706 
0.828877 320.000000 0.171123 
0.815508 345.000000 0.184492 
0.821390 334.000000 0.178610 
0.823529 330.000000 0.176471 
0.827273 323.000000 0.172727 
0.820856 335.000000 0.179144 
0.829947 318.000000 0.170053 
0.828877 320.000000 0.171123 
0.819786 337.000000 0.180214 
0.823529 330.000000 0.176471 
0.829947 318.000000 0.170053 
0.821390 334.000000 0.178610 
0.817647 341.000000 0.182353 
0.822995 331.000000 0.177005 
0.823529 330.000000 0.176471 
0.817112 342.000000 0.182888 
0.819251 338.000000 0.180749 
0.818717 339.000000 0.181283 
0.826203 325.000000 0.173797 
0.825134 327.000000 0.174866 
0.829412 319.000000 0.170588 
0.825668 326.000000 0.174332 
0.819251 338.000000 0.180749 
0.832086 314.000000 0.167914 
0.821925 333.000000 0.178075 
0.835294 308.000000 0.164706 
0.825134 327.000000 0.174866 
0.827273 323.000000 0.172727 
0.817112 342.000000 0.182888 
0.824599 328.000000 0.175401 
0.824599 328.000000 0.175401 
0.825668 326.000000 0.174332 
0.831551 315.000000 0.168449 
0.820321 336.000000 0.179679 
0.816578 343.000000 0.183422 
0.829947 318.000000 0.170053 
0.822995 331.000000 0.177005 
0.822995 331.000000 0.177005 
0.832086 314.000000 0.167914 
0.816578 343.000000 0.183422 
0.828342 321.000000 0.171658 
0.831016 316.000000 0.168984 
0.820856 335.000000 0.179144 
0.825134 327.000000 0.174866 
0.825668 326.000000 0.174332 
0.828342 321.000000 0.171658 
0.816578 343.000000 0.183422 
0.820321 336.000000 0.179679 
0.820856 335.000000 0.179144 
0.824064 329.000000 0.175936 
0.829412 319.000000 0.170588 
0.826738 324.000000 0.173262 
0.813904 348.000000 0.186096 
0.821390 334.000000 0.178610 
0.815508 345.000000 0.184492 
0.827273 323.000000 0.172727 
0.822995 331.000000 0.177005 
0.823529 330.000000 0.176471 
0.825134 327.000000 0.174866 
0.819251 338.000000 0.180749 
0.825668 326.000000 0.174332 
0.826738 324.000000 0.173262 
0.828877 320.000000 0.171123 
0.824599 328.000000 0.175401 
0.824599 328.000000 0.175401 
0.831016 316.000000 0.168984 
0.823529 330.000000 0.176471 
0.819786 337.000000 0.180214 
0.814439 347.000000 0.185561 
0.822460 332.000000 0.177540 
0.828877 320.000000 0.171123 
0.821390 334.000000 0.178610 
0.825668 326.000000 0.174332 
0.821925 333.000000 0.178075 
0.818717 339.000000 0.181283 
0.822460 332.000000 0.177540 
0.823529 330.000000 0.176471 
0.822995 331.000000 0.177005 
0.825668 326.000000 0.174332 
0.821390 334.000000 0.178610 
0.826203 325.000000 0.173797 
0.816578 343.000000 0.183422 
0.831016 316.000000 0.168984 
0.821925 333.000000 0.178075 
0.827273 323.000000 0.172727 
0.824599 328.000000 0.175401 
0.825134 327.000000 0.174866 
0.827273 323.000000 0.172727 
0.821925 333.000000 0.178075 
0.829412 319.000000 0.170588 
0.823529 330.000000 0.176471 
0.829947 318.000000 0.170053 
0.822995 331.000000 0.177005 
0.824599 328.000000 0.175401 
0.814973 346.000000 0.185027 
0.816578 343.000000 0.183422 
0.821925 333.000000 0.178075 
0.823529 330.000000 0.176471 
0.829947 318.000000 0.170053 
0.822460 332.000000 0.177540 
0.828342 321.000000 0.171658 
0.823529 330.000000 0.176471 
0.828877 320.000000 0.171123 
0.817112 342.000000 0.182888 
0.820321 336.000000 0.179679 
0.827273 323.000000 0.172727 
0.837433 304.000000 0.162567 
0.827273 323.000000 0.172727 
0.818182 340.000000 0.181818 
0.826738 324.000000 0.173262 
0.817112 342.000000 0.182888 
0.830481 317.000000 0.169519 
0.819251 338.000000 0.180749 
0.833155 312.000000 0.166845 
0.830481 317.000000 0.169519 
0.827807 322.000000 0.172193 
0.824599 328.000000 0.175401 
0.822995 331.000000 0.177005 
0.820321 336.000000 0.179679 
0.827273 323.000000 0.172727 
0.828877 320.000000 0.171123 
0.824599 328.000000 0.175401 
0.821925 333.000000 0.178075 
0.833690 311.000000 0.166310 
0.821925 333.000000 0.178075 
0.816043 344.000000 0.183957 
0.826738 324.000000 0.173262 
0.819786 337.000000 0.180214 
0.824599 328.000000 0.175401 
0.832620 313.000000 0.167380 
0.824599 328.000000 0.175401 
0.825668 326.000000 0.174332 
0.828877 320.000000 0.171123 
0.818717 339.000000 0.181283 
0.824599 328.000000 0.175401 
0.824599 328.000000 0.175401 
0.830481 317.000000 0.169519 
0.828877 320.000000 0.171123 
0.815508 345.000000 0.184492 
0.813904 348.000000 0.186096 
0.820856 335.000000 0.179144 
0.820856 335.000000 0.179144 
0.826738 324.000000 0.173262 
0.820321 336.000000 0.179679 
0.819786 337.000000 0.180214 
0.821925 333.000000 0.178075 
0.821390 334.000000 0.178610 
0.824599 328.000000 0.175401 
0.820321 336.000000 0.179679 
0.821925 333.000000 0.178075 
0.828877 320.000000 0.171123 
0.828877 320.000000 0.171123 
0.824599 328.000000 0.175401 
0.824599 328.000000 0.175401 
0.818717 339.000000 0.181283 
0.824064 329.000000 0.175936 
0.820856 335.000000 0.179144 
0.818182 340.000000 0.181818 
0.825134 327.000000 0.174866 
0.820856 335.000000 0.179144 
0.820856 335.000000 0.179144 
0.818182 340.000000 0.181818 
0.822460 332.000000 0.177540 
0.824599 328.000000 0.175401 
0.814439 347.000000 0.185561 
0.822460 332.000000 0.177540 
0.828342 321.000000 0.171658 
0.824599 328.000000 0.175401 
0.820856 335.000000 0.179144 
0.824064 329.000000 0.175936 
0.830481 317.000000 0.169519 
0.821925 333.000000 0.178075 
0.828342 321.000000 0.171658 
0.824064 329.000000 0.175936 
0.823529 330.000000 0.176471 
0.824599 328.000000 0.175401 
0.819251 338.000000 0.180749 
0.820321 336.000000 0.179679 
0.835294 308.000000 0.164706 
0.819786 337.000000 0.180214 
0.824064 329.000000 0.175936 
0.828342 321.000000 0.171658 
0.821925 333.000000 0.178075 
0.820321 336.000000 0.179679 
0.822460 332.000000 0.177540 
0.827273 323.000000 0.172727 
0.819786 337.000000 0.180214 
0.824599 328.000000 0.175401 
0.825134 327.000000 0.174866 
0.827807 322.000000 0.172193 
0.827273 323.000000 0.172727 
0.819786 337.000000 0.180214 
0.826203 325.000000 0.173797 
0.818182 340.000000 0.181818 
0.829947 318.000000 0.170053 
0.840642 298.000000 0.159358 
0.835829 307.000000 0.164171 
0.826738 324.000000 0.173262 
0.820856 335.000000 0.179144 
0.828877 320.000000 0.171123 
0.822995 331.000000 0.177005 
0.824599 328.000000 0.175401 
0.826738 324.000000 0.173262 
0.831016 316.000000 0.168984 
0.822460 332.000000 0.177540 
0.820321 336.000000 0.179679 
0.825668 326.000000 0.174332 
0.824599 328.000000 0.175401 
0.824064 329.000000 0.175936 
0.833690 311.000000 0.166310 
0.821925 333.000000 0.178075 
0.833690 311.000000 0.166310 
0.831551 315.000000 0.168449 
0.816043 344.000000 0.183957 
0.822460 332.000000 0.177540 
0.823529 330.000000 0.176471 
0.822995 331.000000 0.177005 
0.828342 321.000000 0.171658 
0.825668 326.000000 0.174332 
0.826203 325.000000 0.173797 
0.829412 319.000000 0.170588 
0.820321 336.000000 0.179679 
0.822460 332.000000 0.177540 
0.824064 329.000000 0.175936 
0.826738 324.000000 0.173262 
0.831551 315.000000 0.168449 
0.819786 337.000000 0.180214 
0.820321 336.000000 0.179679 
0.822460 332.000000 0.177540 
0.824064 329.000000 0.175936 
0.830481 317.000000 0.169519 
0.821925 333.000000 0.178075 
0.816578 343.000000 0.183422 
0.821390 334.000000 0.178610 
0.823529 330.000000 0.176471 
0.828877 320.000000 0.171123 
0.824064 329.000000 0.175936 
0.824064 329.000000 0.175936 
0.824599 328.000000 0.175401 
0.831551 315.000000 0.168449 
0.827807 322.000000 0.172193 
0.825668 326.000000 0.174332 
0.828877 320.000000 0.171123 
0.819251 338.000000 0.180749 
0.824599 328.000000 0.175401 
0.823529 330.000000 0.176471 
0.824064 329.000000 0.175936 
0.821390 334.000000 0.178610 
0.830481 317.000000 0.169519 
0.828877 320.000000 0.171123 
0.828342 321.000000 0.171658 
0.817647 341.000000 0.182353 
0.824599 328.000000 0.175401 
0.826738 324.000000 0.173262 
0.824064 329.000000 0.175936 
0.829947 318.000000 0.170053 
0.825668 326.000000 0.174332 
0.824599 328.000000 0.175401 
0.822460 332.000000 0.177540 
0.831016 316.000000 0.168984 
0.823529 330.000000 0.176471 
0.811765 352.000000 0.188235 
0.821925 333.000000 0.178075 
0.821925 333.000000 0.178075 
0.822995 331.000000 0.177005 
0.825134 327.000000 0.174866 
0.828877 320.000000 0.171123 
0.820321 336.000000 0.179679 
0.824599 328.000000 0.175401 
0.832620 313.000000 0.167380 
0.824599 328.000000 0.175401 
0.822460 332.000000 0.177540 
0.825668 326.000000 0.174332 
0.819786 337.000000 0.180214 
0.827807 322.000000 0.172193 
0.825668 326.000000 0.174332 
0.819786 337.000000 0.180214 
0.820321 336.000000 0.179679 
0.823529 330.000000 0.176471 
0.826738 324.000000 0.173262 
0.832086 314.000000 0.167914 
0.824064 329.000000 0.175936 
0.819251 338.000000 0.180749 
0.820856 335.000000 0.179144 
0.822460 332.000000 0.177540 
0.822460 332.000000 0.177540 
0.822460 332.000000 0.177540 
0.825134 327.000000 0.174866 
0.824599 328.000000 0.175401 
0.826738 324.000000 0.173262 
0.821390 334.000000 0.178610 
0.823529 330.000000 0.176471 
0.818717 339.000000 0.181283 
0.823529 330.000000 0.176471 
0.819251 338.000000 0.180749 
0.817647 341.000000 0.182353 
0.821390 334.000000 0.178610 
0.818717 339.000000 0.181283 
0.824599 328.000000 0.175401 
0.832086 314.000000 0.167914 
0.827273 323.000000 0.172727 
0.831016 316.000000 0.168984 
0.821925 333.000000 0.178075 
0.818182 340.000000 0.181818 
0.821390 334.000000 0.178610 
0.827807 322.000000 0.172193 
0.824599 328.000000 0.175401 
0.817647 341.000000 0.182353 
0.829947 318.000000 0.170053 
0.825668 326.000000 0.174332 
0.820856 335.000000 0.179144 
0.826203 325.000000 0.173797 
0.826738 324.000000 0.173262 
0.825134 327.000000 0.174866 
0.829412 319.000000 0.170588 
0.827273 323.000000 0.172727 
0.820321 336.000000 0.179679 
0.826738 324.000000 0.173262 
0.823529 330.000000 0.176471 
0.827807 322.000000 0.172193 
0.824064 329.000000 0.175936 
0.827807 322.000000 0.172193 
0.830481 317.000000 0.169519 
0.827273 323.000000 0.172727 
0.831551 315.000000 0.168449 
0.825668 326.000000 0.174332 
0.831016 316.000000 0.168984 
0.822460 332.000000 0.177540 
0.825134 327.000000 0.174866 
0.819786 337.000000 0.180214 
0.826738 324.000000 0.173262 
0.824599 328.000000 0.175401 
0.834225 310.000000 0.165775 
0.827807 322.000000 0.172193 
0.826738 324.000000 0.173262 
0.819786 337.000000 0.180214 
0.824599 328.000000 0.175401 
0.829412 319.000000 0.170588 
0.825134 327.000000 0.174866 
0.824599 328.000000 0.175401 
0.819786 337.000000 0.180214 
0.826203 325.000000 0.173797 
0.829412 319.000000 0.170588 
0.821390 334.000000 0.178610 
0.831551 315.000000 0.168449 
0.820856 335.000000 0.179144 
0.828342 321.000000 0.171658 
0.817647 341.000000 0.182353 
0.829947 318.000000 0.170053 
0.823529 330.000000 0.176471 
0.828877 320.000000 0.171123 
0.813904 348.000000 0.186096 
0.827807 322.000000 0.172193 
0.827807 322.000000 0.172193 
0.827273 323.000000 0.172727 
0.831551 315.000000 0.168449 
0.812834 350.000000 0.187166 
0.817112 342.000000 0.182888 
0.824599 328.000000 0.175401 
0.827807 322.000000 0.172193 
0.827807 322.000000 0.172193 
0.826203 325.000000 0.173797 
0.825668 326.000000 0.174332 
0.830481 317.000000 0.169519 
0.834225 310.000000 0.165775 
0.829412 319.000000 0.170588 
0.834759 309.000000 0.165241 
0.822460 332.000000 0.177540 
0.819251 338.000000 0.180749 
0.826738 324.000000 0.173262 
0.825134 327.000000 0.174866 
0.819786 337.000000 0.180214 
0.821925 333.000000 0.178075 
0.820321 336.000000 0.179679 
0.822995 331.000000 0.177005 
0.815508 345.000000 0.184492 
0.826738 324.000000 0.173262 
0.821925 333.000000 0.178075 
0.824064 329.000000 0.175936 
0.818717 339.000000 0.181283 
0.827807 322.000000 0.172193 
0.822995 331.000000 0.177005 
0.825668 326.000000 0.174332 
0.829412 319.000000 0.170588 
0.823529 330.000000 0.176471 
0.816043 344.000000 0.183957 
0.819786 337.000000 0.180214 
0.820856 335.000000 0.179144 
0.821925 333.000000 0.178075 
0.823529 330.000000 0.176471 
0.816578 343.000000 0.183422 
0.827807 322.000000 0.172193 
0.826738 324.000000 0.173262 
0.829412 319.000000 0.170588 
0.825134 327.000000 0.174866 
0.835829 307.000000 0.164171 
0.820321 336.000000 0.179679 
0.823529 330.000000 0.176471 
0.825134 327.000000 0.174866 
0.816578 343.000000 0.183422 
0.821925 333.000000 0.178075 
0.825668 326.000000 0.174332 
0.821925 333.000000 0.178075 
0.824599 328.000000 0.175401 
0.815508 345.000000 0.184492 
0.820856 335.000000 0.179144 
0.827273 323.000000 0.172727 
0.821925 333.000000 0.178075 
0.823529 330.000000 0.176471 
0.818717 339.000000 0.181283 
0.819251 338.000000 0.180749 
0.824064 329.000000 0.175936 
0.832620 313.000000 0.167380 
0.824064 329.000000 0.175936 
0.822460 332.000000 0.177540 
0.827807 322.000000 0.172193 
0.825134 327.000000 0.174866 
0.826738 324.000000 0.173262 
0.817112 342.000000 0.182888 
0.832086 314.000000 0.167914 
0.821925 333.000000 0.178075 
0.827807 322.000000 0.172193 
0.822995 331.000000 0.177005 
0.820321 336.000000 0.179679 
0.825134 327.000000 0.174866 
0.817647 341.000000 0.182353 
0.818717 339.000000 0.181283 
0.821925 333.000000 0.178075 
0.832086 314.000000 0.167914 
0.813904 348.000000 0.186096 
0.823529 330.000000 0.176471 
0.834225 310.000000 0.165775 
0.824599 328.000000 0.175401 
0.827273 323.000000 0.172727 
0.822460 332.000000 0.177540 
0.830481 317.000000 0.169519 
0.826738 324.000000 0.173262 
0.829412 319.000000 0.170588 
0.828342 321.000000 0.171658 
0.834225 310.000000 0.165775 
0.819251 338.000000 0.180749 
0.823529 330.000000 0.176471 
0.827273 323.000000 0.172727 
0.828342 321.000000 0.171658 
0.824599 328.000000 0.175401 
0.822995 331.000000 0.177005 
0.822995 331.000000 0.177005 
0.818182 340.000000 0.181818 
0.822995 331.000000 0.177005 
0.828877 320.000000 0.171123 
0.828877 320.000000 0.171123 
0.827273 323.000000 0.172727 
0.824599 328.000000 0.175401 
0.815508 345.000000 0.184492 
0.822460 332.000000 0.177540 
0.826203 325.000000 0.173797 
0.828877 320.000000 0.171123 
0.829947 318.000000 0.170053 
0.821925 333.000000 0.178075 
0.834225 310.000000 0.165775 
0.825668 326.000000 0.174332 
0.824064 329.000000 0.175936 
0.819251 338.000000 0.180749 
0.826203 325.000000 0.173797 
0.829412 319.000000 0.170588 
0.824064 329.000000 0.175936 
0.832620 313.000000 0.167380 
0.827273 323.000000 0.172727 
0.827807 322.000000 0.172193 
0.824064 329.000000 0.175936 
0.817647 341.000000 0.182353 
0.822995 331.000000 0.177005 
0.828342 321.000000 0.171658 
0.821390 334.000000 0.178610 
0.827273 323.000000 0.172727 
0.824599 328.000000 0.175401 
0.826738 324.000000 0.173262 
0.828342 321.000000 0.171658 
0.823529 330.000000 0.176471 
0.818717 339.000000 0.181283 
0.824599 328.000000 0.175401 
0.832620 313.000000 0.167380 
0.819251 338.000000 0.180749 
0.821925 333.000000 0.178075 
0.827807 322.000000 0.172193 
0.825668 326.000000 0.174332 
0.825134 327.000000 0.174866 
0.825134 327.000000 0.174866 
0.822995 331.000000 0.177005 
0.828877 320.000000 0.171123 
0.822995 331.000000 0.177005 
0.824064 329.000000 0.175936 
0.827273 323.000000 0.172727 
0.828877 320.000000 0.171123 
0.833690 311.000000 0.166310 
0.827273 323.000000 0.172727 
0.824599 328.000000 0.175401 
0.826738 324.000000 0.173262 
0.824599 328.000000 0.175401 
0.820321 336.000000 0.179679 
0.826738 324.000000 0.173262 
0.828877 320.000000 0.171123 
0.835829 307.000000 0.164171 
0.824064 329.000000 0.175936 
0.822460 332.000000 0.177540 
0.818717 339.000000 0.181283 
0.819786 337.000000 0.180214 
0.827807 322.000000 0.172193 
0.826738 324.000000 0.173262 
0.817647 341.000000 0.182353 
0.818717 339.000000 0.181283 
0.825134 327.000000 0.174866 
0.824064 329.000000 0.175936 
0.818717 339.000000 0.181283 
0.826203 325.000000 0.173797 
