0.952406 89.000000 0.047594 
0.960963 73.000000 0.039037 
0.948128 97.000000 0.051872 
0.954545 85.000000 0.045455 
0.965241 65.000000 0.034759 
0.956684 81.000000 0.043316 
0.952941 88.000000 0.047059 
0.959358 76.000000 0.040642 
0.956150 82.000000 0.043850 
0.955080 84.000000 0.044920 
0.948128 97.000000 0.051872 
0.951337 91.000000 0.048663 
0.944385 104.000000 0.055615 
0.953476 87.000000 0.046524 
0.944385 104.000000 0.055615 
0.956684 81.000000 0.043316 
0.956684 81.000000 0.043316 
0.958824 77.000000 0.041176 
0.954011 86.000000 0.045989 
0.952406 89.000000 0.047594 
0.959893 75.000000 0.040107 
0.954545 85.000000 0.045455 
0.957219 80.000000 0.042781 
0.959893 75.000000 0.040107 
0.954545 85.000000 0.045455 
0.956150 82.000000 0.043850 
0.960963 73.000000 0.039037 
0.955080 84.000000 0.044920 
0.956150 82.000000 0.043850 
0.952941 88.000000 0.047059 
0.952941 88.000000 0.047059 
0.956150 82.000000 0.043850 
0.950802 92.000000 0.049198 
0.954011 86.000000 0.045989 
0.950802 92.000000 0.049198 
0.957219 80.000000 0.042781 
0.953476 87.000000 0.046524 
0.953476 87.000000 0.046524 
0.948128 97.000000 0.051872 
0.962032 71.000000 0.037968 
0.952941 88.000000 0.047059 
0.950267 93.000000 0.049733 
0.953476 87.000000 0.046524 
0.956150 82.000000 0.043850 
0.955615 83.000000 0.044385 
0.957219 80.000000 0.042781 
0.958824 77.000000 0.041176 
0.959893 75.000000 0.040107 
0.947059 99.000000 0.052941 
0.958289 78.000000 0.041711 
0.955615 83.000000 0.044385 
0.951337 91.000000 0.048663 
0.960428 74.000000 0.039572 
0.945455 102.000000 0.054545 
0.954011 86.000000 0.045989 
0.951337 91.000000 0.048663 
0.952941 88.000000 0.047059 
0.954011 86.000000 0.045989 
0.956684 81.000000 0.043316 
0.962567 70.000000 0.037433 
0.955615 83.000000 0.044385 
0.953476 87.000000 0.046524 
0.954545 85.000000 0.045455 
0.955080 84.000000 0.044920 
0.951337 91.000000 0.048663 
0.950267 93.000000 0.049733 
0.958824 77.000000 0.041176 
0.957219 80.000000 0.042781 
0.953476 87.000000 0.046524 
0.951337 91.000000 0.048663 
0.954011 86.000000 0.045989 
0.958824 77.000000 0.041176 
0.957754 79.000000 0.042246 
0.951872 90.000000 0.048128 
0.962567 70.000000 0.037433 
0.956684 81.000000 0.043316 
0.952941 88.000000 0.047059 
0.958824 77.000000 0.041176 
0.948663 96.000000 0.051337 
0.954545 85.000000 0.045455 
0.952941 88.000000 0.047059 
0.951872 90.000000 0.048128 
0.956150 82.000000 0.043850 
0.956150 82.000000 0.043850 
0.952941 88.000000 0.047059 
0.950802 92.000000 0.049198 
0.957754 79.000000 0.042246 
0.956150 82.000000 0.043850 
0.952941 88.000000 0.047059 
0.952941 88.000000 0.047059 
0.950802 92.000000 0.049198 
0.951872 90.000000 0.048128 
0.956150 82.000000 0.043850 
0.954011 86.000000 0.045989 
0.952406 89.000000 0.047594 
0.962567 70.000000 0.037433 
0.947059 99.000000 0.052941 
0.957219 80.000000 0.042781 
0.952406 89.000000 0.047594 
0.953476 87.000000 0.046524 
0.956150 82.000000 0.043850 
0.953476 87.000000 0.046524 
0.954545 85.000000 0.045455 
0.949733 94.000000 0.050267 
0.947059 99.000000 0.052941 
0.957219 80.000000 0.042781 
0.953476 87.000000 0.046524 
0.955615 83.000000 0.044385 
0.954011 86.000000 0.045989 
0.950267 93.000000 0.049733 
0.951337 91.000000 0.048663 
0.956150 82.000000 0.043850 
0.951872 90.000000 0.048128 
0.957219 80.000000 0.042781 
0.955615 83.000000 0.044385 
0.957219 80.000000 0.042781 
0.949198 95.000000 0.050802 
0.957754 79.000000 0.042246 
0.959358 76.000000 0.040642 
0.954545 85.000000 0.045455 
0.952941 88.000000 0.047059 
0.958824 77.000000 0.041176 
0.954011 86.000000 0.045989 
0.954545 85.000000 0.045455 
0.950267 93.000000 0.049733 
0.952406 89.000000 0.047594 
0.959893 75.000000 0.040107 
0.955080 84.000000 0.044920 
0.952941 88.000000 0.047059 
0.946524 100.000000 0.053476 
0.950802 92.000000 0.049198 
0.958824 77.000000 0.041176 
0.950802 92.000000 0.049198 
0.953476 87.000000 0.046524 
0.956684 81.000000 0.043316 
0.956684 81.000000 0.043316 
0.953476 87.000000 0.046524 
0.950267 93.000000 0.049733 
0.961497 72.000000 0.038503 
0.949733 94.000000 0.050267 
0.952406 89.000000 0.047594 
0.944920 103.000000 0.055080 
0.951872 90.000000 0.048128 
0.956150 82.000000 0.043850 
0.955080 84.000000 0.044920 
0.951872 90.000000 0.048128 
0.957754 79.000000 0.042246 
0.956684 81.000000 0.043316 
0.962032 71.000000 0.037968 
0.964706 66.000000 0.035294 
0.957754 79.000000 0.042246 
0.950802 92.000000 0.049198 
0.957754 79.000000 0.042246 
0.952941 88.000000 0.047059 
0.955080 84.000000 0.044920 
0.962032 71.000000 0.037968 
0.954011 86.000000 0.045989 
0.959893 75.000000 0.040107 
0.948663 96.000000 0.051337 
0.954545 85.000000 0.045455 
0.954545 85.000000 0.045455 
0.949198 95.000000 0.050802 
0.956684 81.000000 0.043316 
0.951872 90.000000 0.048128 
0.955615 83.000000 0.044385 
0.957754 79.000000 0.042246 
0.959358 76.000000 0.040642 
0.955080 84.000000 0.044920 
0.954011 86.000000 0.045989 
0.959893 75.000000 0.040107 
0.961497 72.000000 0.038503 
0.951337 91.000000 0.048663 
0.953476 87.000000 0.046524 
0.956684 81.000000 0.043316 
0.954011 86.000000 0.045989 
0.957754 79.000000 0.042246 
0.955615 83.000000 0.044385 
0.957219 80.000000 0.042781 
0.956150 82.000000 0.043850 
0.956150 82.000000 0.043850 
0.952406 89.000000 0.047594 
0.954545 85.000000 0.045455 
0.950802 92.000000 0.049198 
0.955615 83.000000 0.044385 
0.952941 88.000000 0.047059 
0.963636 68.000000 0.036364 
0.951872 90.000000 0.048128 
0.950802 92.000000 0.049198 
0.954545 85.000000 0.045455 
0.954011 86.000000 0.045989 
0.957754 79.000000 0.042246 
0.948128 97.000000 0.051872 
0.958289 78.000000 0.041711 
0.957754 79.000000 0.042246 
0.958289 78.000000 0.041711 
0.959893 75.000000 0.040107 
0.952941 88.000000 0.047059 
0.957754 79.000000 0.042246 
0.956684 81.000000 0.043316 
0.955615 83.000000 0.044385 
0.952406 89.000000 0.047594 
0.955615 83.000000 0.044385 
0.950802 92.000000 0.049198 
0.954545 85.000000 0.045455 
0.955615 83.000000 0.044385 
0.959358 76.000000 0.040642 
0.957219 80.000000 0.042781 
0.950802 92.000000 0.049198 
0.953476 87.000000 0.046524 
0.960428 74.000000 0.039572 
0.956150 82.000000 0.043850 
0.950802 92.000000 0.049198 
0.952406 89.000000 0.047594 
0.954011 86.000000 0.045989 
0.958289 78.000000 0.041711 
0.952406 89.000000 0.047594 
0.955080 84.000000 0.044920 
0.951337 91.000000 0.048663 
0.949733 94.000000 0.050267 
0.954011 86.000000 0.045989 
0.951337 91.000000 0.048663 
0.962032 71.000000 0.037968 
0.952406 89.000000 0.047594 
0.952406 89.000000 0.047594 
0.952406 89.000000 0.047594 
0.949733 94.000000 0.050267 
0.954545 85.000000 0.045455 
0.955080 84.000000 0.044920 
0.949733 94.000000 0.050267 
0.952941 88.000000 0.047059 
0.962567 70.000000 0.037433 
0.957754 79.000000 0.042246 
0.949733 94.000000 0.050267 
0.952941 88.000000 0.047059 
0.957219 80.000000 0.042781 
0.954011 86.000000 0.045989 
0.952941 88.000000 0.047059 
0.959358 76.000000 0.040642 
0.955080 84.000000 0.044920 
0.952406 89.000000 0.047594 
0.962567 70.000000 0.037433 
0.954545 85.000000 0.045455 
0.957219 80.000000 0.042781 
0.955615 83.000000 0.044385 
0.957754 79.000000 0.042246 
0.946524 100.000000 0.053476 
0.964171 67.000000 0.035829 
0.955615 83.000000 0.044385 
0.946524 100.000000 0.053476 
0.950802 92.000000 0.049198 
0.954011 86.000000 0.045989 
0.959893 75.000000 0.040107 
0.951337 91.000000 0.048663 
0.952406 89.000000 0.047594 
0.958289 78.000000 0.041711 
0.959358 76.000000 0.040642 
0.959893 75.000000 0.040107 
0.957754 79.000000 0.042246 
0.952406 89.000000 0.047594 
0.955080 84.000000 0.044920 
0.952941 88.000000 0.047059 
0.947594 98.000000 0.052406 
0.956150 82.000000 0.043850 
0.961497 72.000000 0.038503 
0.948663 96.000000 0.051337 
0.955615 83.000000 0.044385 
0.956684 81.000000 0.043316 
0.957754 79.000000 0.042246 
0.952406 89.000000 0.047594 
0.952941 88.000000 0.047059 
0.954545 85.000000 0.045455 
0.951337 91.000000 0.048663 
0.953476 87.000000 0.046524 
0.950802 92.000000 0.049198 
0.965241 65.000000 0.034759 
0.951872 90.000000 0.048128 
0.952406 89.000000 0.047594 
0.953476 87.000000 0.046524 
0.955080 84.000000 0.044920 
0.950802 92.000000 0.049198 
0.958824 77.000000 0.041176 
0.956684 81.000000 0.043316 
0.952406 89.000000 0.047594 
0.959358 76.000000 0.040642 
0.952406 89.000000 0.047594 
0.958289 78.000000 0.041711 
0.957754 79.000000 0.042246 
0.956150 82.000000 0.043850 
0.954011 86.000000 0.045989 
0.962567 70.000000 0.037433 
0.958289 78.000000 0.041711 
0.954011 86.000000 0.045989 
0.950267 93.000000 0.049733 
0.947594 98.000000 0.052406 
0.950267 93.000000 0.049733 
0.954011 86.000000 0.045989 
0.948663 96.000000 0.051337 
0.947059 99.000000 0.052941 
0.958289 78.000000 0.041711 
0.952406 89.000000 0.047594 
0.957754 79.000000 0.042246 
0.960963 73.000000 0.039037 
0.963636 68.000000 0.036364 
0.955080 84.000000 0.044920 
0.954011 86.000000 0.045989 
0.955080 84.000000 0.044920 
0.957219 80.000000 0.042781 
0.955080 84.000000 0.044920 
0.956684 81.000000 0.043316 
0.954545 85.000000 0.045455 
0.949733 94.000000 0.050267 
0.951337 91.000000 0.048663 
0.963102 69.000000 0.036898 
0.958289 78.000000 0.041711 
0.949198 95.000000 0.050802 
0.953476 87.000000 0.046524 
0.955080 84.000000 0.044920 
0.963102 69.000000 0.036898 
0.952406 89.000000 0.047594 
0.955080 84.000000 0.044920 
0.958289 78.000000 0.041711 
0.954545 85.000000 0.045455 
0.956150 82.000000 0.043850 
0.954011 86.000000 0.045989 
0.954011 86.000000 0.045989 
0.958289 78.000000 0.041711 
0.955080 84.000000 0.044920 
0.955080 84.000000 0.044920 
0.956150 82.000000 0.043850 
0.954011 86.000000 0.045989 
0.953476 87.000000 0.046524 
0.954545 85.000000 0.045455 
0.953476 87.000000 0.046524 
0.948663 96.000000 0.051337 
0.957754 79.000000 0.042246 
0.955615 83.000000 0.044385 
0.950802 92.000000 0.049198 
0.952941 88.000000 0.047059 
0.961497 72.000000 0.038503 
0.949198 95.000000 0.050802 
0.958289 78.000000 0.041711 
0.958824 77.000000 0.041176 
0.954545 85.000000 0.045455 
0.957754 79.000000 0.042246 
0.951872 90.000000 0.048128 
0.950267 93.000000 0.049733 
0.954011 86.000000 0.045989 
0.947059 99.000000 0.052941 
0.960428 74.000000 0.039572 
0.950267 93.000000 0.049733 
0.956150 82.000000 0.043850 
0.945989 101.000000 0.054011 
0.956150 82.000000 0.043850 
0.951872 90.000000 0.048128 
0.954545 85.000000 0.045455 
0.956684 81.000000 0.043316 
0.948663 96.000000 0.051337 
0.960428 74.000000 0.039572 
0.958824 77.000000 0.041176 
0.954011 86.000000 0.045989 
0.951872 90.000000 0.048128 
0.957754 79.000000 0.042246 
0.954545 85.000000 0.045455 
0.956684 81.000000 0.043316 
0.954011 86.000000 0.045989 
0.954011 86.000000 0.045989 
0.960963 73.000000 0.039037 
0.955615 83.000000 0.044385 
0.948128 97.000000 0.051872 
0.962032 71.000000 0.037968 
0.956150 82.000000 0.043850 
0.959358 76.000000 0.040642 
0.950267 93.000000 0.049733 
0.957219 80.000000 0.042781 
0.962032 71.000000 0.037968 
0.954545 85.000000 0.045455 
0.947594 98.000000 0.052406 
0.951872 90.000000 0.048128 
0.957219 80.000000 0.042781 
0.957219 80.000000 0.042781 
0.951337 91.000000 0.048663 
0.955615 83.000000 0.044385 
0.958824 77.000000 0.041176 
0.952406 89.000000 0.047594 
0.951337 91.000000 0.048663 
0.960963 73.000000 0.039037 
0.957754 79.000000 0.042246 
0.960428 74.000000 0.039572 
0.958824 77.000000 0.041176 
0.956684 81.000000 0.043316 
0.956684 81.000000 0.043316 
0.953476 87.000000 0.046524 
0.959358 76.000000 0.040642 
0.957219 80.000000 0.042781 
0.962032 71.000000 0.037968 
0.951337 91.000000 0.048663 
0.948128 97.000000 0.051872 
0.950267 93.000000 0.049733 
0.951337 91.000000 0.048663 
0.960428 74.000000 0.039572 
0.948663 96.000000 0.051337 
0.955615 83.000000 0.044385 
0.952941 88.000000 0.047059 
0.960963 73.000000 0.039037 
0.963636 68.000000 0.036364 
0.953476 87.000000 0.046524 
0.950802 92.000000 0.049198 
0.947059 99.000000 0.052941 
0.954011 86.000000 0.045989 
0.951872 90.000000 0.048128 
0.954545 85.000000 0.045455 
0.947059 99.000000 0.052941 
0.958289 78.000000 0.041711 
0.955615 83.000000 0.044385 
0.955080 84.000000 0.044920 
0.957219 80.000000 0.042781 
0.959893 75.000000 0.040107 
0.962567 70.000000 0.037433 
0.949733 94.000000 0.050267 
0.953476 87.000000 0.046524 
0.956684 81.000000 0.043316 
0.954011 86.000000 0.045989 
0.961497 72.000000 0.038503 
0.956150 82.000000 0.043850 
0.954011 86.000000 0.045989 
0.949198 95.000000 0.050802 
0.953476 87.000000 0.046524 
0.958289 78.000000 0.041711 
0.951337 91.000000 0.048663 
0.950802 92.000000 0.049198 
0.951337 91.000000 0.048663 
0.956150 82.000000 0.043850 
0.965241 65.000000 0.034759 
0.958824 77.000000 0.041176 
0.950267 93.000000 0.049733 
0.952406 89.000000 0.047594 
0.951337 91.000000 0.048663 
0.949733 94.000000 0.050267 
0.963102 69.000000 0.036898 
0.956684 81.000000 0.043316 
0.953476 87.000000 0.046524 
0.951337 91.000000 0.048663 
0.952941 88.000000 0.047059 
0.952406 89.000000 0.047594 
0.957219 80.000000 0.042781 
0.956684 81.000000 0.043316 
0.955080 84.000000 0.044920 
0.950267 93.000000 0.049733 
0.949733 94.000000 0.050267 
0.951337 91.000000 0.048663 
0.954011 86.000000 0.045989 
0.948663 96.000000 0.051337 
0.949198 95.000000 0.050802 
0.956150 82.000000 0.043850 
0.952941 88.000000 0.047059 
0.951337 91.000000 0.048663 
0.960428 74.000000 0.039572 
0.958289 78.000000 0.041711 
0.958289 78.000000 0.041711 
0.955615 83.000000 0.044385 
0.954545 85.000000 0.045455 
0.950267 93.000000 0.049733 
0.955615 83.000000 0.044385 
0.950802 92.000000 0.049198 
0.958289 78.000000 0.041711 
0.953476 87.000000 0.046524 
0.960963 73.000000 0.039037 
0.952941 88.000000 0.047059 
0.952941 88.000000 0.047059 
0.954011 86.000000 0.045989 
0.954011 86.000000 0.045989 
0.959893 75.000000 0.040107 
0.951872 90.000000 0.048128 
0.951337 91.000000 0.048663 
0.950802 92.000000 0.049198 
0.962567 70.000000 0.037433 
0.958289 78.000000 0.041711 
0.950267 93.000000 0.049733 
0.950267 93.000000 0.049733 
0.952941 88.000000 0.047059 
0.950802 92.000000 0.049198 
0.958289 78.000000 0.041711 
0.951872 90.000000 0.048128 
0.960428 74.000000 0.039572 
0.952941 88.000000 0.047059 
0.948663 96.000000 0.051337 
0.960963 73.000000 0.039037 
0.955615 83.000000 0.044385 
0.956150 82.000000 0.043850 
0.951872 90.000000 0.048128 
0.951872 90.000000 0.048128 
0.953476 87.000000 0.046524 
0.949198 95.000000 0.050802 
0.947594 98.000000 0.052406 
0.955615 83.000000 0.044385 
0.951872 90.000000 0.048128 
0.957754 79.000000 0.042246 
0.957754 79.000000 0.042246 
0.952406 89.000000 0.047594 
0.958824 77.000000 0.041176 
0.950802 92.000000 0.049198 
0.952406 89.000000 0.047594 
0.955615 83.000000 0.044385 
0.952941 88.000000 0.047059 
0.962567 70.000000 0.037433 
0.954545 85.000000 0.045455 
0.956684 81.000000 0.043316 
0.956684 81.000000 0.043316 
0.956150 82.000000 0.043850 
0.961497 72.000000 0.038503 
0.954011 86.000000 0.045989 
0.953476 87.000000 0.046524 
0.955080 84.000000 0.044920 
0.958289 78.000000 0.041711 
0.956150 82.000000 0.043850 
0.956150 82.000000 0.043850 
0.950802 92.000000 0.049198 
0.953476 87.000000 0.046524 
0.948663 96.000000 0.051337 
0.946524 100.000000 0.053476 
0.957754 79.000000 0.042246 
0.958289 78.000000 0.041711 
0.952406 89.000000 0.047594 
0.951872 90.000000 0.048128 
0.950802 92.000000 0.049198 
0.953476 87.000000 0.046524 
0.958824 77.000000 0.041176 
0.963636 68.000000 0.036364 
0.959358 76.000000 0.040642 
0.943316 106.000000 0.056684 
0.958289 78.000000 0.041711 
0.954545 85.000000 0.045455 
0.957754 79.000000 0.042246 
0.962032 71.000000 0.037968 
0.952406 89.000000 0.047594 
0.956684 81.000000 0.043316 
0.955615 83.000000 0.044385 
0.953476 87.000000 0.046524 
0.956150 82.000000 0.043850 
0.947059 99.000000 0.052941 
0.958824 77.000000 0.041176 
0.955615 83.000000 0.044385 
0.956684 81.000000 0.043316 
0.957754 79.000000 0.042246 
0.947594 98.000000 0.052406 
0.952941 88.000000 0.047059 
0.951337 91.000000 0.048663 
0.951337 91.000000 0.048663 
0.954011 86.000000 0.045989 
0.955080 84.000000 0.044920 
0.959893 75.000000 0.040107 
0.958824 77.000000 0.041176 
0.955080 84.000000 0.044920 
0.951337 91.000000 0.048663 
0.952406 89.000000 0.047594 
0.953476 87.000000 0.046524 
0.956684 81.000000 0.043316 
0.959358 76.000000 0.040642 
0.953476 87.000000 0.046524 
0.959893 75.000000 0.040107 
0.952406 89.000000 0.047594 
0.955080 84.000000 0.044920 
0.950802 92.000000 0.049198 
0.956684 81.000000 0.043316 
0.952941 88.000000 0.047059 
0.956150 82.000000 0.043850 
0.950802 92.000000 0.049198 
0.948663 96.000000 0.051337 
0.950267 93.000000 0.049733 
0.953476 87.000000 0.046524 
0.950802 92.000000 0.049198 
0.952406 89.000000 0.047594 
0.956684 81.000000 0.043316 
0.951872 90.000000 0.048128 
0.959893 75.000000 0.040107 
0.950802 92.000000 0.049198 
0.950802 92.000000 0.049198 
0.952406 89.000000 0.047594 
0.954011 86.000000 0.045989 
0.960428 74.000000 0.039572 
0.951337 91.000000 0.048663 
0.958824 77.000000 0.041176 
0.953476 87.000000 0.046524 
0.951872 90.000000 0.048128 
0.957219 80.000000 0.042781 
0.957219 80.000000 0.042781 
0.958824 77.000000 0.041176 
0.955080 84.000000 0.044920 
0.950802 92.000000 0.049198 
0.958824 77.000000 0.041176 
0.956684 81.000000 0.043316 
0.958824 77.000000 0.041176 
0.956684 81.000000 0.043316 
0.954011 86.000000 0.045989 
0.957754 79.000000 0.042246 
0.954011 86.000000 0.045989 
0.949733 94.000000 0.050267 
0.950802 92.000000 0.049198 
0.958824 77.000000 0.041176 
0.956684 81.000000 0.043316 
0.948663 96.000000 0.051337 
0.963102 69.000000 0.036898 
0.955615 83.000000 0.044385 
0.954545 85.000000 0.045455 
0.950802 92.000000 0.049198 
0.957754 79.000000 0.042246 
0.952406 89.000000 0.047594 
0.958289 78.000000 0.041711 
0.955615 83.000000 0.044385 
0.958824 77.000000 0.041176 
0.960428 74.000000 0.039572 
0.954011 86.000000 0.045989 
0.951872 90.000000 0.048128 
0.950267 93.000000 0.049733 
0.961497 72.000000 0.038503 
0.960428 74.000000 0.039572 
0.952406 89.000000 0.047594 
0.954011 86.000000 0.045989 
0.956150 82.000000 0.043850 
0.961497 72.000000 0.038503 
0.954011 86.000000 0.045989 
0.949733 94.000000 0.050267 
0.949733 94.000000 0.050267 
0.950267 93.000000 0.049733 
0.961497 72.000000 0.038503 
0.951872 90.000000 0.048128 
0.956684 81.000000 0.043316 
0.955080 84.000000 0.044920 
0.953476 87.000000 0.046524 
0.959358 76.000000 0.040642 
0.958824 77.000000 0.041176 
0.953476 87.000000 0.046524 
0.952941 88.000000 0.047059 
0.947594 98.000000 0.052406 
0.955080 84.000000 0.044920 
0.952406 89.000000 0.047594 
0.955080 84.000000 0.044920 
0.947594 98.000000 0.052406 
0.955080 84.000000 0.044920 
0.955615 83.000000 0.044385 
0.958289 78.000000 0.041711 
0.959358 76.000000 0.040642 
0.958824 77.000000 0.041176 
0.959893 75.000000 0.040107 
0.956684 81.000000 0.043316 
0.951872 90.000000 0.048128 
0.955615 83.000000 0.044385 
0.960428 74.000000 0.039572 
0.953476 87.000000 0.046524 
0.949733 94.000000 0.050267 
0.956150 82.000000 0.043850 
0.960428 74.000000 0.039572 
0.953476 87.000000 0.046524 
0.956684 81.000000 0.043316 
0.957219 80.000000 0.042781 
0.951872 90.000000 0.048128 
0.956150 82.000000 0.043850 
0.956684 81.000000 0.043316 
0.956684 81.000000 0.043316 
0.951337 91.000000 0.048663 
0.950802 92.000000 0.049198 
0.953476 87.000000 0.046524 
0.954545 85.000000 0.045455 
0.958824 77.000000 0.041176 
0.958824 77.000000 0.041176 
0.947594 98.000000 0.052406 
0.956684 81.000000 0.043316 
0.952406 89.000000 0.047594 
0.958824 77.000000 0.041176 
0.952941 88.000000 0.047059 
0.948663 96.000000 0.051337 
0.960963 73.000000 0.039037 
0.950802 92.000000 0.049198 
0.958824 77.000000 0.041176 
0.955080 84.000000 0.044920 
0.957219 80.000000 0.042781 
0.959358 76.000000 0.040642 
0.952941 88.000000 0.047059 
0.962032 71.000000 0.037968 
0.957219 80.000000 0.042781 
0.958289 78.000000 0.041711 
0.954545 85.000000 0.045455 
0.953476 87.000000 0.046524 
0.955080 84.000000 0.044920 
0.959358 76.000000 0.040642 
0.957219 80.000000 0.042781 
0.957219 80.000000 0.042781 
0.954011 86.000000 0.045989 
0.959893 75.000000 0.040107 
0.952406 89.000000 0.047594 
0.950267 93.000000 0.049733 
0.952406 89.000000 0.047594 
0.956684 81.000000 0.043316 
0.955615 83.000000 0.044385 
0.955615 83.000000 0.044385 
0.957754 79.000000 0.042246 
0.954545 85.000000 0.045455 
0.961497 72.000000 0.038503 
0.958824 77.000000 0.041176 
0.950802 92.000000 0.049198 
0.955080 84.000000 0.044920 
0.952406 89.000000 0.047594 
0.955080 84.000000 0.044920 
0.951872 90.000000 0.048128 
0.959358 76.000000 0.040642 
0.963102 69.000000 0.036898 
0.951337 91.000000 0.048663 
0.957219 80.000000 0.042781 
0.955615 83.000000 0.044385 
0.947594 98.000000 0.052406 
0.957754 79.000000 0.042246 
0.957754 79.000000 0.042246 
0.955615 83.000000 0.044385 
0.958824 77.000000 0.041176 
0.952406 89.000000 0.047594 
0.951337 91.000000 0.048663 
0.945989 101.000000 0.054011 
0.954011 86.000000 0.045989 
0.955615 83.000000 0.044385 
0.954011 86.000000 0.045989 
0.953476 87.000000 0.046524 
0.955080 84.000000 0.044920 
0.952941 88.000000 0.047059 
0.959358 76.000000 0.040642 
0.951872 90.000000 0.048128 
0.955080 84.000000 0.044920 
0.952941 88.000000 0.047059 
0.957754 79.000000 0.042246 
0.951872 90.000000 0.048128 
0.957219 80.000000 0.042781 
0.956684 81.000000 0.043316 
0.950267 93.000000 0.049733 
0.957219 80.000000 0.042781 
0.959893 75.000000 0.040107 
0.951872 90.000000 0.048128 
0.948663 96.000000 0.051337 
0.955615 83.000000 0.044385 
0.955080 84.000000 0.044920 
0.952406 89.000000 0.047594 
0.956684 81.000000 0.043316 
0.948128 97.000000 0.051872 
0.951337 91.000000 0.048663 
0.950267 93.000000 0.049733 
0.945989 101.000000 0.054011 
0.947594 98.000000 0.052406 
0.955615 83.000000 0.044385 
0.960963 73.000000 0.039037 
0.961497 72.000000 0.038503 
0.948128 97.000000 0.051872 
0.957219 80.000000 0.042781 
0.955080 84.000000 0.044920 
0.955615 83.000000 0.044385 
0.960963 73.000000 0.039037 
0.952941 88.000000 0.047059 
0.957219 80.000000 0.042781 
0.952941 88.000000 0.047059 
0.957219 80.000000 0.042781 
0.956684 81.000000 0.043316 
0.957219 80.000000 0.042781 
0.949198 95.000000 0.050802 
0.955615 83.000000 0.044385 
0.959893 75.000000 0.040107 
0.959358 76.000000 0.040642 
0.961497 72.000000 0.038503 
0.954011 86.000000 0.045989 
0.950267 93.000000 0.049733 
0.959358 76.000000 0.040642 
0.952406 89.000000 0.047594 
0.954011 86.000000 0.045989 
0.943850 105.000000 0.056150 
0.955615 83.000000 0.044385 
0.952406 89.000000 0.047594 
0.955615 83.000000 0.044385 
0.951337 91.000000 0.048663 
0.960963 73.000000 0.039037 
0.947059 99.000000 0.052941 
0.954011 86.000000 0.045989 
0.950267 93.000000 0.049733 
0.953476 87.000000 0.046524 
0.962567 70.000000 0.037433 
0.950802 92.000000 0.049198 
0.957219 80.000000 0.042781 
0.951872 90.000000 0.048128 
0.952406 89.000000 0.047594 
0.952406 89.000000 0.047594 
0.956150 82.000000 0.043850 
0.956150 82.000000 0.043850 
0.950267 93.000000 0.049733 
0.964171 67.000000 0.035829 
0.957219 80.000000 0.042781 
0.951872 90.000000 0.048128 
0.954545 85.000000 0.045455 
0.955080 84.000000 0.044920 
0.949733 94.000000 0.050267 
0.955615 83.000000 0.044385 
0.954545 85.000000 0.045455 
0.951872 90.000000 0.048128 
0.952406 89.000000 0.047594 
0.956150 82.000000 0.043850 
0.954545 85.000000 0.045455 
0.954545 85.000000 0.045455 
0.955615 83.000000 0.044385 
0.949733 94.000000 0.050267 
0.956150 82.000000 0.043850 
0.955080 84.000000 0.044920 
0.958289 78.000000 0.041711 
0.957754 79.000000 0.042246 
0.951337 91.000000 0.048663 
0.959358 76.000000 0.040642 
0.948663 96.000000 0.051337 
0.955080 84.000000 0.044920 
0.952406 89.000000 0.047594 
0.955080 84.000000 0.044920 
0.958289 78.000000 0.041711 
0.952406 89.000000 0.047594 
0.957219 80.000000 0.042781 
0.955080 84.000000 0.044920 
0.950267 93.000000 0.049733 
0.960428 74.000000 0.039572 
0.951337 91.000000 0.048663 
0.954011 86.000000 0.045989 
0.951337 91.000000 0.048663 
0.950802 92.000000 0.049198 
0.960428 74.000000 0.039572 
0.951872 90.000000 0.048128 
0.955080 84.000000 0.044920 
0.955615 83.000000 0.044385 
0.955080 84.000000 0.044920 
0.956150 82.000000 0.043850 
0.954011 86.000000 0.045989 
0.955080 84.000000 0.044920 
0.949198 95.000000 0.050802 
0.953476 87.000000 0.046524 
0.964171 67.000000 0.035829 
0.954545 85.000000 0.045455 
0.955080 84.000000 0.044920 
0.951872 90.000000 0.048128 
0.956684 81.000000 0.043316 
0.949198 95.000000 0.050802 
0.953476 87.000000 0.046524 
0.952406 89.000000 0.047594 
0.964706 66.000000 0.035294 
0.951337 91.000000 0.048663 
0.957754 79.000000 0.042246 
0.955615 83.000000 0.044385 
0.951337 91.000000 0.048663 
0.944385 104.000000 0.055615 
0.956150 82.000000 0.043850 
0.954011 86.000000 0.045989 
0.956150 82.000000 0.043850 
0.963636 68.000000 0.036364 
0.950267 93.000000 0.049733 
0.951337 91.000000 0.048663 
0.952406 89.000000 0.047594 
0.950802 92.000000 0.049198 
0.958824 77.000000 0.041176 
0.954011 86.000000 0.045989 
0.963102 69.000000 0.036898 
0.950802 92.000000 0.049198 
0.952406 89.000000 0.047594 
0.952941 88.000000 0.047059 
0.951337 91.000000 0.048663 
0.956150 82.000000 0.043850 
0.959893 75.000000 0.040107 
0.950267 93.000000 0.049733 
0.958289 78.000000 0.041711 
0.954011 86.000000 0.045989 
0.953476 87.000000 0.046524 
0.949733 94.000000 0.050267 
0.955080 84.000000 0.044920 
0.958289 78.000000 0.041711 
0.954011 86.000000 0.045989 
0.951872 90.000000 0.048128 
0.950267 93.000000 0.049733 
0.955615 83.000000 0.044385 
0.954011 86.000000 0.045989 
0.952941 88.000000 0.047059 
0.960428 74.000000 0.039572 
0.959358 76.000000 0.040642 
0.948663 96.000000 0.051337 
0.951337 91.000000 0.048663 
0.957754 79.000000 0.042246 
0.958824 77.000000 0.041176 
0.950267 93.000000 0.049733 
0.952406 89.000000 0.047594 
0.955080 84.000000 0.044920 
0.958824 77.000000 0.041176 
0.957219 80.000000 0.042781 
0.954545 85.000000 0.045455 
0.957754 79.000000 0.042246 
0.957754 79.000000 0.042246 
0.951872 90.000000 0.048128 
0.954011 86.000000 0.045989 
0.952941 88.000000 0.047059 
0.948663 96.000000 0.051337 
0.959358 76.000000 0.040642 
0.954545 85.000000 0.045455 
0.956684 81.000000 0.043316 
0.963636 68.000000 0.036364 
0.956150 82.000000 0.043850 
0.948663 96.000000 0.051337 
0.959358 76.000000 0.040642 
0.956684 81.000000 0.043316 
0.954011 86.000000 0.045989 
0.955080 84.000000 0.044920 
0.952941 88.000000 0.047059 
0.959893 75.000000 0.040107 
0.967380 61.000000 0.032620 
0.949733 94.000000 0.050267 
0.954011 86.000000 0.045989 
0.952406 89.000000 0.047594 
0.945989 101.000000 0.054011 
0.954011 86.000000 0.045989 
0.957219 80.000000 0.042781 
0.957754 79.000000 0.042246 
0.950802 92.000000 0.049198 
0.950267 93.000000 0.049733 
0.952941 88.000000 0.047059 
0.963102 69.000000 0.036898 
0.961497 72.000000 0.038503 
0.948663 96.000000 0.051337 
0.953476 87.000000 0.046524 
0.951872 90.000000 0.048128 
0.954011 86.000000 0.045989 
0.949733 94.000000 0.050267 
0.950802 92.000000 0.049198 
0.952941 88.000000 0.047059 
0.954011 86.000000 0.045989 
0.950267 93.000000 0.049733 
0.958824 77.000000 0.041176 
0.954011 86.000000 0.045989 
0.950267 93.000000 0.049733 
0.955080 84.000000 0.044920 
0.958824 77.000000 0.041176 
0.952941 88.000000 0.047059 
0.964171 67.000000 0.035829 
0.952406 89.000000 0.047594 
0.958289 78.000000 0.041711 
0.960428 74.000000 0.039572 
0.957754 79.000000 0.042246 
0.949733 94.000000 0.050267 
0.958289 78.000000 0.041711 
0.952941 88.000000 0.047059 
0.954545 85.000000 0.045455 
0.948128 97.000000 0.051872 
0.954011 86.000000 0.045989 
0.950802 92.000000 0.049198 
0.956684 81.000000 0.043316 
0.955615 83.000000 0.044385 
0.957754 79.000000 0.042246 
0.956684 81.000000 0.043316 
0.963102 69.000000 0.036898 
0.956684 81.000000 0.043316 
0.962032 71.000000 0.037968 
0.954545 85.000000 0.045455 
0.956150 82.000000 0.043850 
0.955615 83.000000 0.044385 
0.957754 79.000000 0.042246 
0.953476 87.000000 0.046524 
0.952941 88.000000 0.047059 
0.955080 84.000000 0.044920 
0.957754 79.000000 0.042246 
0.958289 78.000000 0.041711 
0.952941 88.000000 0.047059 
0.956150 82.000000 0.043850 
0.951337 91.000000 0.048663 
0.958824 77.000000 0.041176 
0.955080 84.000000 0.044920 
0.957754 79.000000 0.042246 
0.958824 77.000000 0.041176 
0.957219 80.000000 0.042781 
0.949198 95.000000 0.050802 
0.959893 75.000000 0.040107 
0.951872 90.000000 0.048128 
0.948663 96.000000 0.051337 
0.953476 87.000000 0.046524 
0.949198 95.000000 0.050802 
0.960428 74.000000 0.039572 
0.955615 83.000000 0.044385 
0.955080 84.000000 0.044920 
0.954011 86.000000 0.045989 
0.958824 77.000000 0.041176 
0.959358 76.000000 0.040642 
0.950267 93.000000 0.049733 
0.950267 93.000000 0.049733 
0.954011 86.000000 0.045989 
0.950802 92.000000 0.049198 
0.961497 72.000000 0.038503 
0.953476 87.000000 0.046524 
0.954545 85.000000 0.045455 
0.951337 91.000000 0.048663 
0.948663 96.000000 0.051337 
0.955615 83.000000 0.044385 
0.955615 83.000000 0.044385 
0.950802 92.000000 0.049198 
0.956150 82.000000 0.043850 
0.958289 78.000000 0.041711 
0.960428 74.000000 0.039572 
0.950802 92.000000 0.049198 
0.955080 84.000000 0.044920 
0.952406 89.000000 0.047594 
0.956150 82.000000 0.043850 
0.954545 85.000000 0.045455 
0.952941 88.000000 0.047059 
0.955080 84.000000 0.044920 
0.957219 80.000000 0.042781 
0.959358 76.000000 0.040642 
0.956150 82.000000 0.043850 
0.955080 84.000000 0.044920 
0.953476 87.000000 0.046524 
0.954545 85.000000 0.045455 
0.959358 76.000000 0.040642 
0.955080 84.000000 0.044920 
0.957754 79.000000 0.042246 
0.961497 72.000000 0.038503 
0.949198 95.000000 0.050802 
0.957754 79.000000 0.042246 
0.955080 84.000000 0.044920 
0.948663 96.000000 0.051337 
0.960963 73.000000 0.039037 
0.958824 77.000000 0.041176 
0.959893 75.000000 0.040107 
0.957219 80.000000 0.042781 
0.959358 76.000000 0.040642 
0.951872 90.000000 0.048128 
0.954011 86.000000 0.045989 
0.960428 74.000000 0.039572 
0.962032 71.000000 0.037968 
0.953476 87.000000 0.046524 
0.956684 81.000000 0.043316 
0.956150 82.000000 0.043850 
0.958289 78.000000 0.041711 
0.955080 84.000000 0.044920 
0.950802 92.000000 0.049198 
0.957219 80.000000 0.042781 
0.965241 65.000000 0.034759 
0.950267 93.000000 0.049733 
0.963102 69.000000 0.036898 
0.958824 77.000000 0.041176 
0.953476 87.000000 0.046524 
0.954011 86.000000 0.045989 
0.959358 76.000000 0.040642 
0.952941 88.000000 0.047059 
0.952941 88.000000 0.047059 
0.963636 68.000000 0.036364 
0.957219 80.000000 0.042781 
0.951337 91.000000 0.048663 
0.954011 86.000000 0.045989 
0.952406 89.000000 0.047594 
0.959358 76.000000 0.040642 
0.958289 78.000000 0.041711 
0.951872 90.000000 0.048128 
0.946524 100.000000 0.053476 
0.954011 86.000000 0.045989 
0.954011 86.000000 0.045989 
0.956684 81.000000 0.043316 
0.951872 90.000000 0.048128 
0.962032 71.000000 0.037968 
0.957754 79.000000 0.042246 
0.953476 87.000000 0.046524 
0.956150 82.000000 0.043850 
0.955615 83.000000 0.044385 
0.954545 85.000000 0.045455 
0.950802 92.000000 0.049198 
0.956684 81.000000 0.043316 
0.959358 76.000000 0.040642 
0.952941 88.000000 0.047059 
0.959893 75.000000 0.040107 
0.958289 78.000000 0.041711 
0.959358 76.000000 0.040642 
0.958289 78.000000 0.041711 
0.952941 88.000000 0.047059 
0.952941 88.000000 0.047059 
0.950802 92.000000 0.049198 
0.957219 80.000000 0.042781 
0.955080 84.000000 0.044920 
0.955080 84.000000 0.044920 
0.950267 93.000000 0.049733 
0.952406 89.000000 0.047594 
0.953476 87.000000 0.046524 
0.956684 81.000000 0.043316 
0.958289 78.000000 0.041711 
0.951872 90.000000 0.048128 
0.957219 80.000000 0.042781 
0.961497 72.000000 0.038503 
0.958824 77.000000 0.041176 
0.959358 76.000000 0.040642 
0.959893 75.000000 0.040107 
0.957219 80.000000 0.042781 
0.947059 99.000000 0.052941 
0.963102 69.000000 0.036898 
0.948663 96.000000 0.051337 
0.953476 87.000000 0.046524 
0.955080 84.000000 0.044920 
0.955080 84.000000 0.044920 
0.947059 99.000000 0.052941 
0.953476 87.000000 0.046524 
0.960963 73.000000 0.039037 
0.954011 86.000000 0.045989 
0.956150 82.000000 0.043850 
0.958824 77.000000 0.041176 
0.952941 88.000000 0.047059 
0.958824 77.000000 0.041176 
0.952941 88.000000 0.047059 
0.952941 88.000000 0.047059 
0.954545 85.000000 0.045455 
0.957754 79.000000 0.042246 
0.954545 85.000000 0.045455 
0.956150 82.000000 0.043850 
0.958289 78.000000 0.041711 
0.957754 79.000000 0.042246 
0.956684 81.000000 0.043316 
0.955080 84.000000 0.044920 
0.955080 84.000000 0.044920 
0.957754 79.000000 0.042246 
0.955080 84.000000 0.044920 
0.948663 96.000000 0.051337 
0.958824 77.000000 0.041176 
0.959358 76.000000 0.040642 
0.959358 76.000000 0.040642 
0.955080 84.000000 0.044920 
0.961497 72.000000 0.038503 
0.959358 76.000000 0.040642 
0.956150 82.000000 0.043850 
0.952941 88.000000 0.047059 
0.962032 71.000000 0.037968 
0.952941 88.000000 0.047059 
0.950802 92.000000 0.049198 
0.967380 61.000000 0.032620 
0.950267 93.000000 0.049733 
0.950267 93.000000 0.049733 
0.953476 87.000000 0.046524 
0.965775 64.000000 0.034225 
0.957754 79.000000 0.042246 
0.954545 85.000000 0.045455 
0.949733 94.000000 0.050267 
0.955615 83.000000 0.044385 
0.952941 88.000000 0.047059 
0.950267 93.000000 0.049733 
0.950267 93.000000 0.049733 
0.954545 85.000000 0.045455 
0.956684 81.000000 0.043316 
0.949733 94.000000 0.050267 
0.959358 76.000000 0.040642 
0.957219 80.000000 0.042781 
0.957219 80.000000 0.042781 
0.951337 91.000000 0.048663 
0.957754 79.000000 0.042246 
0.950267 93.000000 0.049733 
0.954545 85.000000 0.045455 
0.956684 81.000000 0.043316 
0.954545 85.000000 0.045455 
0.960428 74.000000 0.039572 
0.950267 93.000000 0.049733 
0.960428 74.000000 0.039572 
0.957754 79.000000 0.042246 
0.958289 78.000000 0.041711 
0.956150 82.000000 0.043850 
0.957754 79.000000 0.042246 
0.951872 90.000000 0.048128 
0.954545 85.000000 0.045455 
0.949198 95.000000 0.050802 
0.951872 90.000000 0.048128 
0.954011 86.000000 0.045989 
0.955080 84.000000 0.044920 
0.958289 78.000000 0.041711 
0.960963 73.000000 0.039037 
0.959893 75.000000 0.040107 
0.955080 84.000000 0.044920 
0.954545 85.000000 0.045455 
0.947594 98.000000 0.052406 
0.950802 92.000000 0.049198 
0.951872 90.000000 0.048128 
0.960963 73.000000 0.039037 
0.949198 95.000000 0.050802 
0.955080 84.000000 0.044920 
0.958289 78.000000 0.041711 
0.957754 79.000000 0.042246 
0.955080 84.000000 0.044920 
0.951337 91.000000 0.048663 
0.955615 83.000000 0.044385 
0.954545 85.000000 0.045455 
0.952406 89.000000 0.047594 
0.954545 85.000000 0.045455 
0.955615 83.000000 0.044385 
0.956684 81.000000 0.043316 
0.965241 65.000000 0.034759 
0.951872 90.000000 0.048128 
0.956684 81.000000 0.043316 
0.954011 86.000000 0.045989 
0.952941 88.000000 0.047059 
0.960963 73.000000 0.039037 
0.954545 85.000000 0.045455 
0.951337 91.000000 0.048663 
0.957754 79.000000 0.042246 
0.954011 86.000000 0.045989 
0.955615 83.000000 0.044385 
0.958289 78.000000 0.041711 
0.954545 85.000000 0.045455 
0.953476 87.000000 0.046524 
0.957754 79.000000 0.042246 
0.958824 77.000000 0.041176 
0.951872 90.000000 0.048128 
0.955615 83.000000 0.044385 
0.952406 89.000000 0.047594 
0.958824 77.000000 0.041176 
0.952406 89.000000 0.047594 
0.953476 87.000000 0.046524 
0.955080 84.000000 0.044920 
0.956150 82.000000 0.043850 
0.952941 88.000000 0.047059 
0.954545 85.000000 0.045455 
0.951337 91.000000 0.048663 
0.953476 87.000000 0.046524 
0.947594 98.000000 0.052406 
0.958824 77.000000 0.041176 
0.950802 92.000000 0.049198 
0.954011 86.000000 0.045989 
0.956684 81.000000 0.043316 
0.951337 91.000000 0.048663 
0.949733 94.000000 0.050267 
0.959358 76.000000 0.040642 
0.959358 76.000000 0.040642 
0.950267 93.000000 0.049733 
0.960428 74.000000 0.039572 
0.951872 90.000000 0.048128 
0.955080 84.000000 0.044920 
0.958289 78.000000 0.041711 
0.951872 90.000000 0.048128 
0.960963 73.000000 0.039037 
0.949733 94.000000 0.050267 
0.951337 91.000000 0.048663 
0.953476 87.000000 0.046524 
0.958289 78.000000 0.041711 
0.954545 85.000000 0.045455 
0.952406 89.000000 0.047594 
0.956150 82.000000 0.043850 
0.959893 75.000000 0.040107 
0.957754 79.000000 0.042246 
0.955615 83.000000 0.044385 
0.954011 86.000000 0.045989 
0.955615 83.000000 0.044385 
0.955080 84.000000 0.044920 
0.960963 73.000000 0.039037 
0.952406 89.000000 0.047594 
0.952406 89.000000 0.047594 
0.957219 80.000000 0.042781 
0.961497 72.000000 0.038503 
0.952941 88.000000 0.047059 
0.952406 89.000000 0.047594 
0.951872 90.000000 0.048128 
0.954545 85.000000 0.045455 
0.954011 86.000000 0.045989 
0.964171 67.000000 0.035829 
0.952941 88.000000 0.047059 
0.956150 82.000000 0.043850 
0.953476 87.000000 0.046524 
0.951872 90.000000 0.048128 
0.952406 89.000000 0.047594 
0.948128 97.000000 0.051872 
0.951872 90.000000 0.048128 
0.957754 79.000000 0.042246 
0.951337 91.000000 0.048663 
0.950267 93.000000 0.049733 
0.954545 85.000000 0.045455 
0.955615 83.000000 0.044385 
0.956150 82.000000 0.043850 
0.950267 93.000000 0.049733 
0.958824 77.000000 0.041176 
0.959358 76.000000 0.040642 
0.954545 85.000000 0.045455 
0.955080 84.000000 0.044920 
0.951872 90.000000 0.048128 
0.945455 102.000000 0.054545 
0.955080 84.000000 0.044920 
0.952941 88.000000 0.047059 
0.955615 83.000000 0.044385 
0.949733 94.000000 0.050267 
0.951337 91.000000 0.048663 
0.950802 92.000000 0.049198 
0.961497 72.000000 0.038503 
0.955615 83.000000 0.044385 
0.954545 85.000000 0.045455 
0.957754 79.000000 0.042246 
0.961497 72.000000 0.038503 
0.959358 76.000000 0.040642 
0.949198 95.000000 0.050802 
0.957219 80.000000 0.042781 
0.951337 91.000000 0.048663 
0.946524 100.000000 0.053476 
0.954011 86.000000 0.045989 
0.952941 88.000000 0.047059 
0.954545 85.000000 0.045455 
0.954545 85.000000 0.045455 
0.958289 78.000000 0.041711 
0.954011 86.000000 0.045989 
0.957219 80.000000 0.042781 
0.952941 88.000000 0.047059 
0.958289 78.000000 0.041711 
0.954011 86.000000 0.045989 
0.958289 78.000000 0.041711 
0.954545 85.000000 0.045455 
0.952941 88.000000 0.047059 
0.956684 81.000000 0.043316 
0.954545 85.000000 0.045455 
0.955080 84.000000 0.044920 
0.948128 97.000000 0.051872 
0.961497 72.000000 0.038503 
0.948128 97.000000 0.051872 
0.957219 80.000000 0.042781 
0.950267 93.000000 0.049733 
0.954545 85.000000 0.045455 
0.963102 69.000000 0.036898 
0.955615 83.000000 0.044385 
0.956684 81.000000 0.043316 
0.955080 84.000000 0.044920 
0.952941 88.000000 0.047059 
0.956684 81.000000 0.043316 
0.954011 86.000000 0.045989 
0.963102 69.000000 0.036898 
0.949733 94.000000 0.050267 
0.955615 83.000000 0.044385 
0.947059 99.000000 0.052941 
0.959893 75.000000 0.040107 
0.954011 86.000000 0.045989 
0.955080 84.000000 0.044920 
0.954011 86.000000 0.045989 
0.954011 86.000000 0.045989 
0.955615 83.000000 0.044385 
0.958289 78.000000 0.041711 
0.953476 87.000000 0.046524 
0.951872 90.000000 0.048128 
0.956150 82.000000 0.043850 
0.954011 86.000000 0.045989 
0.958824 77.000000 0.041176 
0.959893 75.000000 0.040107 
0.956150 82.000000 0.043850 
0.956150 82.000000 0.043850 
0.963102 69.000000 0.036898 
0.948663 96.000000 0.051337 
0.955080 84.000000 0.044920 
0.955080 84.000000 0.044920 
0.957754 79.000000 0.042246 
0.955080 84.000000 0.044920 
0.947594 98.000000 0.052406 
0.959358 76.000000 0.040642 
0.954011 86.000000 0.045989 
0.953476 87.000000 0.046524 
0.952941 88.000000 0.047059 
0.954545 85.000000 0.045455 
0.960428 74.000000 0.039572 
0.960428 74.000000 0.039572 
0.944385 104.000000 0.055615 
0.958289 78.000000 0.041711 
0.960428 74.000000 0.039572 
0.950267 93.000000 0.049733 
0.958824 77.000000 0.041176 
0.960963 73.000000 0.039037 
0.949198 95.000000 0.050802 
0.952941 88.000000 0.047059 
0.948128 97.000000 0.051872 
0.955080 84.000000 0.044920 
0.951337 91.000000 0.048663 
0.952941 88.000000 0.047059 
0.955615 83.000000 0.044385 
0.959358 76.000000 0.040642 
0.958289 78.000000 0.041711 
0.959358 76.000000 0.040642 
0.960963 73.000000 0.039037 
0.957219 80.000000 0.042781 
0.958824 77.000000 0.041176 
0.955080 84.000000 0.044920 
0.960428 74.000000 0.039572 
0.952406 89.000000 0.047594 
0.955615 83.000000 0.044385 
0.947059 99.000000 0.052941 
0.949198 95.000000 0.050802 
0.957219 80.000000 0.042781 
0.951872 90.000000 0.048128 
0.957219 80.000000 0.042781 
0.952941 88.000000 0.047059 
0.950802 92.000000 0.049198 
0.956150 82.000000 0.043850 
0.954545 85.000000 0.045455 
0.956684 81.000000 0.043316 
0.953476 87.000000 0.046524 
0.958824 77.000000 0.041176 
0.957219 80.000000 0.042781 
0.957754 79.000000 0.042246 
0.956150 82.000000 0.043850 
0.953476 87.000000 0.046524 
0.957754 79.000000 0.042246 
0.959893 75.000000 0.040107 
0.961497 72.000000 0.038503 
0.950267 93.000000 0.049733 
0.959358 76.000000 0.040642 
0.964706 66.000000 0.035294 
0.951872 90.000000 0.048128 
0.954545 85.000000 0.045455 
0.950802 92.000000 0.049198 
0.952406 89.000000 0.047594 
0.951872 90.000000 0.048128 
0.951872 90.000000 0.048128 
0.951337 91.000000 0.048663 
0.955615 83.000000 0.044385 
0.961497 72.000000 0.038503 
0.959358 76.000000 0.040642 
0.955615 83.000000 0.044385 
0.956150 82.000000 0.043850 
0.948663 96.000000 0.051337 
0.949198 95.000000 0.050802 
0.951337 91.000000 0.048663 
0.955080 84.000000 0.044920 
0.957754 79.000000 0.042246 
0.954011 86.000000 0.045989 
0.950802 92.000000 0.049198 
0.959358 76.000000 0.040642 
0.952941 88.000000 0.047059 
0.956150 82.000000 0.043850 
0.951337 91.000000 0.048663 
0.950267 93.000000 0.049733 
0.959893 75.000000 0.040107 
0.954011 86.000000 0.045989 
0.951337 91.000000 0.048663 
0.950802 92.000000 0.049198 
0.956684 81.000000 0.043316 
0.958289 78.000000 0.041711 
0.954011 86.000000 0.045989 
0.959358 76.000000 0.040642 
0.960428 74.000000 0.039572 
0.955615 83.000000 0.044385 
0.949733 94.000000 0.050267 
0.957219 80.000000 0.042781 
0.955615 83.000000 0.044385 
0.956150 82.000000 0.043850 
0.952406 89.000000 0.047594 
0.957754 79.000000 0.042246 
0.954545 85.000000 0.045455 
0.947059 99.000000 0.052941 
0.954011 86.000000 0.045989 
0.952941 88.000000 0.047059 
0.951337 91.000000 0.048663 
0.960963 73.000000 0.039037 
0.952941 88.000000 0.047059 
0.962032 71.000000 0.037968 
0.953476 87.000000 0.046524 
0.958289 78.000000 0.041711 
0.956150 82.000000 0.043850 
0.951872 90.000000 0.048128 
0.963102 69.000000 0.036898 
0.957754 79.000000 0.042246 
0.959358 76.000000 0.040642 
0.949733 94.000000 0.050267 
0.946524 100.000000 0.053476 
0.959893 75.000000 0.040107 
0.956684 81.000000 0.043316 
0.956684 81.000000 0.043316 
0.950802 92.000000 0.049198 
0.951337 91.000000 0.048663 
0.951337 91.000000 0.048663 
0.952406 89.000000 0.047594 
0.952406 89.000000 0.047594 
0.950802 92.000000 0.049198 
0.946524 100.000000 0.053476 
0.957754 79.000000 0.042246 
0.962032 71.000000 0.037968 
0.957219 80.000000 0.042781 
0.951872 90.000000 0.048128 
0.960963 73.000000 0.039037 
0.956684 81.000000 0.043316 
0.957219 80.000000 0.042781 
0.962567 70.000000 0.037433 
0.954011 86.000000 0.045989 
0.953476 87.000000 0.046524 
0.962032 71.000000 0.037968 
0.954011 86.000000 0.045989 
0.952941 88.000000 0.047059 
0.952406 89.000000 0.047594 
0.954545 85.000000 0.045455 
0.953476 87.000000 0.046524 
0.955615 83.000000 0.044385 
0.952941 88.000000 0.047059 
0.957219 80.000000 0.042781 
0.953476 87.000000 0.046524 
0.950267 93.000000 0.049733 
0.956684 81.000000 0.043316 
0.945989 101.000000 0.054011 
0.957219 80.000000 0.042781 
0.954545 85.000000 0.045455 
0.959358 76.000000 0.040642 
0.956150 82.000000 0.043850 
0.958289 78.000000 0.041711 
0.958289 78.000000 0.041711 
0.952406 89.000000 0.047594 
0.951337 91.000000 0.048663 
0.954545 85.000000 0.045455 
0.956150 82.000000 0.043850 
0.954545 85.000000 0.045455 
0.960963 73.000000 0.039037 
0.956150 82.000000 0.043850 
0.953476 87.000000 0.046524 
0.958824 77.000000 0.041176 
0.956150 82.000000 0.043850 
0.958824 77.000000 0.041176 
0.949198 95.000000 0.050802 
0.955080 84.000000 0.044920 
0.959358 76.000000 0.040642 
0.958824 77.000000 0.041176 
0.955080 84.000000 0.044920 
0.952406 89.000000 0.047594 
0.947059 99.000000 0.052941 
0.951337 91.000000 0.048663 
0.945989 101.000000 0.054011 
0.946524 100.000000 0.053476 
0.949198 95.000000 0.050802 
0.953476 87.000000 0.046524 
0.955080 84.000000 0.044920 
0.957219 80.000000 0.042781 
0.948128 97.000000 0.051872 
0.951337 91.000000 0.048663 
0.959893 75.000000 0.040107 
0.952406 89.000000 0.047594 
0.954011 86.000000 0.045989 
0.950267 93.000000 0.049733 
0.958289 78.000000 0.041711 
0.955080 84.000000 0.044920 
0.949198 95.000000 0.050802 
0.952941 88.000000 0.047059 
0.952406 89.000000 0.047594 
0.947059 99.000000 0.052941 
0.950802 92.000000 0.049198 
0.952406 89.000000 0.047594 
0.954011 86.000000 0.045989 
0.949733 94.000000 0.050267 
0.951872 90.000000 0.048128 
0.954011 86.000000 0.045989 
0.950267 93.000000 0.049733 
0.956684 81.000000 0.043316 
0.953476 87.000000 0.046524 
0.964706 66.000000 0.035294 
0.949733 94.000000 0.050267 
0.952941 88.000000 0.047059 
0.958824 77.000000 0.041176 
0.956684 81.000000 0.043316 
0.952941 88.000000 0.047059 
0.955080 84.000000 0.044920 
0.955080 84.000000 0.044920 
0.952941 88.000000 0.047059 
0.952941 88.000000 0.047059 
0.962567 70.000000 0.037433 
0.951872 90.000000 0.048128 
0.949198 95.000000 0.050802 
0.951872 90.000000 0.048128 
0.952406 89.000000 0.047594 
0.951872 90.000000 0.048128 
0.952941 88.000000 0.047059 
0.954545 85.000000 0.045455 
0.959358 76.000000 0.040642 
0.957754 79.000000 0.042246 
0.962032 71.000000 0.037968 
0.953476 87.000000 0.046524 
0.954011 86.000000 0.045989 
0.954545 85.000000 0.045455 
0.952941 88.000000 0.047059 
0.950267 93.000000 0.049733 
0.955615 83.000000 0.044385 
0.958289 78.000000 0.041711 
0.952941 88.000000 0.047059 
0.959358 76.000000 0.040642 
0.948128 97.000000 0.051872 
0.960963 73.000000 0.039037 
0.950267 93.000000 0.049733 
0.957219 80.000000 0.042781 
0.957754 79.000000 0.042246 
0.950267 93.000000 0.049733 
0.952406 89.000000 0.047594 
0.944920 103.000000 0.055080 
0.951872 90.000000 0.048128 
0.952941 88.000000 0.047059 
0.957219 80.000000 0.042781 
0.956684 81.000000 0.043316 
0.951872 90.000000 0.048128 
0.954011 86.000000 0.045989 
0.948663 96.000000 0.051337 
0.951337 91.000000 0.048663 
0.956684 81.000000 0.043316 
0.955615 83.000000 0.044385 
0.952406 89.000000 0.047594 
0.957754 79.000000 0.042246 
0.965775 64.000000 0.034225 
0.945989 101.000000 0.054011 
0.960428 74.000000 0.039572 
0.948128 97.000000 0.051872 
0.956150 82.000000 0.043850 
0.958824 77.000000 0.041176 
0.960963 73.000000 0.039037 
0.947059 99.000000 0.052941 
0.958289 78.000000 0.041711 
0.952941 88.000000 0.047059 
0.954011 86.000000 0.045989 
0.956684 81.000000 0.043316 
0.957754 79.000000 0.042246 
0.954011 86.000000 0.045989 
0.955615 83.000000 0.044385 
0.964706 66.000000 0.035294 
0.953476 87.000000 0.046524 
0.957219 80.000000 0.042781 
0.950267 93.000000 0.049733 
0.957219 80.000000 0.042781 
0.952941 88.000000 0.047059 
0.954545 85.000000 0.045455 
0.958289 78.000000 0.041711 
0.950802 92.000000 0.049198 
0.951872 90.000000 0.048128 
0.956150 82.000000 0.043850 
0.951337 91.000000 0.048663 
0.949733 94.000000 0.050267 
0.963102 69.000000 0.036898 
0.948128 97.000000 0.051872 
0.948128 97.000000 0.051872 
0.955080 84.000000 0.044920 
0.950802 92.000000 0.049198 
0.951337 91.000000 0.048663 
0.951872 90.000000 0.048128 
0.954545 85.000000 0.045455 
0.962032 71.000000 0.037968 
0.953476 87.000000 0.046524 
0.958824 77.000000 0.041176 
0.947594 98.000000 0.052406 
0.959358 76.000000 0.040642 
0.958289 78.000000 0.041711 
0.956150 82.000000 0.043850 
0.951337 91.000000 0.048663 
0.958289 78.000000 0.041711 
0.951337 91.000000 0.048663 
0.953476 87.000000 0.046524 
0.956684 81.000000 0.043316 
0.960428 74.000000 0.039572 
0.955615 83.000000 0.044385 
0.950802 92.000000 0.049198 
0.950802 92.000000 0.049198 
0.961497 72.000000 0.038503 
0.955615 83.000000 0.044385 
0.956150 82.000000 0.043850 
0.949733 94.000000 0.050267 
0.957754 79.000000 0.042246 
0.956684 81.000000 0.043316 
0.960963 73.000000 0.039037 
0.952406 89.000000 0.047594 
0.955080 84.000000 0.044920 
0.950267 93.000000 0.049733 
0.962032 71.000000 0.037968 
0.954011 86.000000 0.045989 
0.957219 80.000000 0.042781 
0.955080 84.000000 0.044920 
0.954011 86.000000 0.045989 
0.955615 83.000000 0.044385 
0.955080 84.000000 0.044920 
0.953476 87.000000 0.046524 
0.963102 69.000000 0.036898 
0.953476 87.000000 0.046524 
0.969519 57.000000 0.030481 
0.958289 78.000000 0.041711 
0.947594 98.000000 0.052406 
0.951337 91.000000 0.048663 
0.951337 91.000000 0.048663 
0.951872 90.000000 0.048128 
0.954011 86.000000 0.045989 
0.955080 84.000000 0.044920 
0.954011 86.000000 0.045989 
0.951872 90.000000 0.048128 
0.957219 80.000000 0.042781 
0.952941 88.000000 0.047059 
0.951337 91.000000 0.048663 
0.955080 84.000000 0.044920 
0.952941 88.000000 0.047059 
0.956150 82.000000 0.043850 
0.956684 81.000000 0.043316 
0.953476 87.000000 0.046524 
0.961497 72.000000 0.038503 
0.948663 96.000000 0.051337 
0.949733 94.000000 0.050267 
0.957219 80.000000 0.042781 
0.949733 94.000000 0.050267 
0.952941 88.000000 0.047059 
0.949198 95.000000 0.050802 
0.955615 83.000000 0.044385 
0.952941 88.000000 0.047059 
0.950267 93.000000 0.049733 
0.959358 76.000000 0.040642 
0.956684 81.000000 0.043316 
0.957219 80.000000 0.042781 
0.959358 76.000000 0.040642 
0.956684 81.000000 0.043316 
0.958289 78.000000 0.041711 
0.956684 81.000000 0.043316 
0.961497 72.000000 0.038503 
0.954545 85.000000 0.045455 
0.951872 90.000000 0.048128 
0.957219 80.000000 0.042781 
0.952406 89.000000 0.047594 
0.959358 76.000000 0.040642 
0.956684 81.000000 0.043316 
0.953476 87.000000 0.046524 
0.950802 92.000000 0.049198 
0.955615 83.000000 0.044385 
0.954011 86.000000 0.045989 
0.957754 79.000000 0.042246 
0.959358 76.000000 0.040642 
0.960963 73.000000 0.039037 
0.959358 76.000000 0.040642 
0.952406 89.000000 0.047594 
0.954011 86.000000 0.045989 
0.952941 88.000000 0.047059 
0.957754 79.000000 0.042246 
0.960428 74.000000 0.039572 
0.958289 78.000000 0.041711 
0.950802 92.000000 0.049198 
0.958824 77.000000 0.041176 
0.947059 99.000000 0.052941 
0.960428 74.000000 0.039572 
0.958289 78.000000 0.041711 
0.959358 76.000000 0.040642 
0.951872 90.000000 0.048128 
0.956684 81.000000 0.043316 
0.952941 88.000000 0.047059 
0.959893 75.000000 0.040107 
0.960428 74.000000 0.039572 
0.954011 86.000000 0.045989 
0.956684 81.000000 0.043316 
0.958289 78.000000 0.041711 
0.952406 89.000000 0.047594 
0.955080 84.000000 0.044920 
0.957754 79.000000 0.042246 
0.954011 86.000000 0.045989 
0.948128 97.000000 0.051872 
0.954545 85.000000 0.045455 
0.958824 77.000000 0.041176 
0.953476 87.000000 0.046524 
0.956684 81.000000 0.043316 
0.955080 84.000000 0.044920 
0.958289 78.000000 0.041711 
0.953476 87.000000 0.046524 
0.955615 83.000000 0.044385 
0.952406 89.000000 0.047594 
0.956150 82.000000 0.043850 
0.956150 82.000000 0.043850 
0.956150 82.000000 0.043850 
0.953476 87.000000 0.046524 
0.959893 75.000000 0.040107 
0.955615 83.000000 0.044385 
0.956150 82.000000 0.043850 
0.956684 81.000000 0.043316 
0.955615 83.000000 0.044385 
0.963102 69.000000 0.036898 
0.958824 77.000000 0.041176 
0.954011 86.000000 0.045989 
0.952941 88.000000 0.047059 
0.954545 85.000000 0.045455 
0.950267 93.000000 0.049733 
0.960428 74.000000 0.039572 
0.950802 92.000000 0.049198 
0.955615 83.000000 0.044385 
0.957219 80.000000 0.042781 
0.962032 71.000000 0.037968 
0.957754 79.000000 0.042246 
0.961497 72.000000 0.038503 
0.959893 75.000000 0.040107 
0.952941 88.000000 0.047059 
0.953476 87.000000 0.046524 
0.954011 86.000000 0.045989 
0.952406 89.000000 0.047594 
0.958824 77.000000 0.041176 
0.950267 93.000000 0.049733 
0.951872 90.000000 0.048128 
0.957754 79.000000 0.042246 
0.957219 80.000000 0.042781 
0.961497 72.000000 0.038503 
0.958289 78.000000 0.041711 
0.954011 86.000000 0.045989 
0.959358 76.000000 0.040642 
0.955615 83.000000 0.044385 
0.951872 90.000000 0.048128 
0.952941 88.000000 0.047059 
0.954545 85.000000 0.045455 
0.955080 84.000000 0.044920 
0.952941 88.000000 0.047059 
0.952941 88.000000 0.047059 
0.951872 90.000000 0.048128 
0.945989 101.000000 0.054011 
0.952406 89.000000 0.047594 
0.956150 82.000000 0.043850 
0.957219 80.000000 0.042781 
0.956150 82.000000 0.043850 
0.952406 89.000000 0.047594 
0.952406 89.000000 0.047594 
0.954545 85.000000 0.045455 
0.952406 89.000000 0.047594 
0.951337 91.000000 0.048663 
0.952406 89.000000 0.047594 
0.955615 83.000000 0.044385 
0.952941 88.000000 0.047059 
0.955080 84.000000 0.044920 
0.949733 94.000000 0.050267 
0.960428 74.000000 0.039572 
0.962567 70.000000 0.037433 
0.957219 80.000000 0.042781 
0.958824 77.000000 0.041176 
0.949733 94.000000 0.050267 
0.952406 89.000000 0.047594 
0.947059 99.000000 0.052941 
0.954545 85.000000 0.045455 
0.956684 81.000000 0.043316 
0.957219 80.000000 0.042781 
0.957754 79.000000 0.042246 
0.950267 93.000000 0.049733 
0.950267 93.000000 0.049733 
0.957754 79.000000 0.042246 
0.948663 96.000000 0.051337 
0.954011 86.000000 0.045989 
0.954545 85.000000 0.045455 
0.953476 87.000000 0.046524 
0.953476 87.000000 0.046524 
0.950267 93.000000 0.049733 
0.952406 89.000000 0.047594 
0.952941 88.000000 0.047059 
0.954011 86.000000 0.045989 
0.955615 83.000000 0.044385 
0.958824 77.000000 0.041176 
0.955080 84.000000 0.044920 
0.952941 88.000000 0.047059 
0.958289 78.000000 0.041711 
0.954011 86.000000 0.045989 
0.956684 81.000000 0.043316 
0.947594 98.000000 0.052406 
0.960963 73.000000 0.039037 
0.949733 94.000000 0.050267 
0.965241 65.000000 0.034759 
0.957754 79.000000 0.042246 
0.950267 93.000000 0.049733 
0.949733 94.000000 0.050267 
0.951872 90.000000 0.048128 
0.957754 79.000000 0.042246 
0.956684 81.000000 0.043316 
0.950802 92.000000 0.049198 
0.950802 92.000000 0.049198 
0.954011 86.000000 0.045989 
0.963102 69.000000 0.036898 
0.954545 85.000000 0.045455 
0.957219 80.000000 0.042781 
0.950802 92.000000 0.049198 
0.949198 95.000000 0.050802 
0.955080 84.000000 0.044920 
0.954011 86.000000 0.045989 
0.954545 85.000000 0.045455 
0.949733 94.000000 0.050267 
0.951872 90.000000 0.048128 
0.954545 85.000000 0.045455 
0.955080 84.000000 0.044920 
0.963102 69.000000 0.036898 
0.952406 89.000000 0.047594 
0.953476 87.000000 0.046524 
0.961497 72.000000 0.038503 
0.952406 89.000000 0.047594 
0.952406 89.000000 0.047594 
0.959358 76.000000 0.040642 
0.950267 93.000000 0.049733 
0.955615 83.000000 0.044385 
0.958824 77.000000 0.041176 
0.957219 80.000000 0.042781 
0.954011 86.000000 0.045989 
0.949733 94.000000 0.050267 
0.949733 94.000000 0.050267 
0.948663 96.000000 0.051337 
0.951337 91.000000 0.048663 
0.955080 84.000000 0.044920 
0.951872 90.000000 0.048128 
0.951337 91.000000 0.048663 
0.955080 84.000000 0.044920 
0.958824 77.000000 0.041176 
0.964171 67.000000 0.035829 
0.951872 90.000000 0.048128 
0.956150 82.000000 0.043850 
0.948128 97.000000 0.051872 
0.954545 85.000000 0.045455 
0.954011 86.000000 0.045989 
0.965775 64.000000 0.034225 
0.954011 86.000000 0.045989 
0.950267 93.000000 0.049733 
0.951872 90.000000 0.048128 
0.951337 91.000000 0.048663 
0.950267 93.000000 0.049733 
0.956150 82.000000 0.043850 
0.962567 70.000000 0.037433 
0.953476 87.000000 0.046524 
0.955080 84.000000 0.044920 
0.958824 77.000000 0.041176 
0.955615 83.000000 0.044385 
0.956684 81.000000 0.043316 
0.952941 88.000000 0.047059 
0.950802 92.000000 0.049198 
0.957754 79.000000 0.042246 
0.957219 80.000000 0.042781 
0.962032 71.000000 0.037968 
0.950267 93.000000 0.049733 
0.949198 95.000000 0.050802 
0.949733 94.000000 0.050267 
0.950267 93.000000 0.049733 
0.953476 87.000000 0.046524 
0.952941 88.000000 0.047059 
0.959358 76.000000 0.040642 
0.956684 81.000000 0.043316 
0.954545 85.000000 0.045455 
0.960963 73.000000 0.039037 
0.954011 86.000000 0.045989 
0.955615 83.000000 0.044385 
0.955615 83.000000 0.044385 
0.958289 78.000000 0.041711 
0.949733 94.000000 0.050267 
0.953476 87.000000 0.046524 
0.953476 87.000000 0.046524 
0.955080 84.000000 0.044920 
0.958289 78.000000 0.041711 
0.957754 79.000000 0.042246 
0.954011 86.000000 0.045989 
0.955080 84.000000 0.044920 
0.956684 81.000000 0.043316 
0.958289 78.000000 0.041711 
0.956150 82.000000 0.043850 
0.960963 73.000000 0.039037 
0.952941 88.000000 0.047059 
0.956150 82.000000 0.043850 
0.960963 73.000000 0.039037 
0.953476 87.000000 0.046524 
0.954545 85.000000 0.045455 
0.952941 88.000000 0.047059 
0.951872 90.000000 0.048128 
0.959358 76.000000 0.040642 
0.955615 83.000000 0.044385 
0.946524 100.000000 0.053476 
0.953476 87.000000 0.046524 
0.952941 88.000000 0.047059 
0.954011 86.000000 0.045989 
0.946524 100.000000 0.053476 
0.957219 80.000000 0.042781 
0.956684 81.000000 0.043316 
0.955615 83.000000 0.044385 
0.952406 89.000000 0.047594 
0.947059 99.000000 0.052941 
0.958289 78.000000 0.041711 
0.952941 88.000000 0.047059 
0.945989 101.000000 0.054011 
0.960428 74.000000 0.039572 
0.955080 84.000000 0.044920 
0.957219 80.000000 0.042781 
0.961497 72.000000 0.038503 
0.947594 98.000000 0.052406 
0.954011 86.000000 0.045989 
0.951872 90.000000 0.048128 
0.954011 86.000000 0.045989 
0.959358 76.000000 0.040642 
0.948128 97.000000 0.051872 
0.950267 93.000000 0.049733 
0.957754 79.000000 0.042246 
0.957219 80.000000 0.042781 
0.958289 78.000000 0.041711 
0.953476 87.000000 0.046524 
0.950267 93.000000 0.049733 
0.960963 73.000000 0.039037 
0.952941 88.000000 0.047059 
0.954011 86.000000 0.045989 
0.956684 81.000000 0.043316 
0.954545 85.000000 0.045455 
0.957754 79.000000 0.042246 
0.948128 97.000000 0.051872 
0.955615 83.000000 0.044385 
0.955615 83.000000 0.044385 
0.950802 92.000000 0.049198 
0.955615 83.000000 0.044385 
0.956684 81.000000 0.043316 
0.954545 85.000000 0.045455 
0.957754 79.000000 0.042246 
0.962567 70.000000 0.037433 
0.952406 89.000000 0.047594 
0.960428 74.000000 0.039572 
0.957754 79.000000 0.042246 
0.956684 81.000000 0.043316 
0.958289 78.000000 0.041711 
0.955615 83.000000 0.044385 
0.950802 92.000000 0.049198 
0.956684 81.000000 0.043316 
0.953476 87.000000 0.046524 
0.955080 84.000000 0.044920 
0.956684 81.000000 0.043316 
0.958289 78.000000 0.041711 
0.954545 85.000000 0.045455 
0.955080 84.000000 0.044920 
0.951337 91.000000 0.048663 
0.956150 82.000000 0.043850 
0.951337 91.000000 0.048663 
0.946524 100.000000 0.053476 
