0.877005 230.000000 0.122995 
0.872193 239.000000 0.127807 
0.872193 239.000000 0.127807 
0.886096 213.000000 0.113904 
0.882353 220.000000 0.117647 
0.875936 232.000000 0.124064 
0.874866 234.000000 0.125134 
0.875401 233.000000 0.124599 
0.875401 233.000000 0.124599 
0.871123 241.000000 0.128877 
0.878610 227.000000 0.121390 
0.871123 241.000000 0.128877 
0.869519 244.000000 0.130481 
0.876471 231.000000 0.123529 
0.879679 225.000000 0.120321 
0.868449 246.000000 0.131551 
0.877540 229.000000 0.122460 
0.877005 230.000000 0.122995 
0.877005 230.000000 0.122995 
0.874866 234.000000 0.125134 
0.866310 250.000000 0.133690 
0.870053 243.000000 0.129947 
0.866310 250.000000 0.133690 
0.877005 230.000000 0.122995 
0.874332 235.000000 0.125668 
0.877005 230.000000 0.122995 
0.877005 230.000000 0.122995 
0.880749 223.000000 0.119251 
0.873797 236.000000 0.126203 
0.873797 236.000000 0.126203 
0.875936 232.000000 0.124064 
0.873262 237.000000 0.126738 
0.874332 235.000000 0.125668 
0.877005 230.000000 0.122995 
0.869519 244.000000 0.130481 
0.872727 238.000000 0.127273 
0.873262 237.000000 0.126738 
0.868449 246.000000 0.131551 
0.873262 237.000000 0.126738 
0.871123 241.000000 0.128877 
0.868984 245.000000 0.131016 
0.871123 241.000000 0.128877 
0.873797 236.000000 0.126203 
0.878610 227.000000 0.121390 
0.870053 243.000000 0.129947 
0.879679 225.000000 0.120321 
0.877005 230.000000 0.122995 
0.877005 230.000000 0.122995 
0.877540 229.000000 0.122460 
0.872727 238.000000 0.127273 
0.872727 238.000000 0.127273 
0.879144 226.000000 0.120856 
0.875936 232.000000 0.124064 
0.875401 233.000000 0.124599 
0.877540 229.000000 0.122460 
0.872193 239.000000 0.127807 
0.870053 243.000000 0.129947 
0.875401 233.000000 0.124599 
0.875936 232.000000 0.124064 
0.873262 237.000000 0.126738 
0.877540 229.000000 0.122460 
0.873262 237.000000 0.126738 
0.872193 239.000000 0.127807 
0.881283 222.000000 0.118717 
0.863636 255.000000 0.136364 
0.875936 232.000000 0.124064 
0.878610 227.000000 0.121390 
0.867914 247.000000 0.132086 
0.872727 238.000000 0.127273 
0.874332 235.000000 0.125668 
0.875936 232.000000 0.124064 
0.875401 233.000000 0.124599 
0.875936 232.000000 0.124064 
0.873797 236.000000 0.126203 
0.878610 227.000000 0.121390 
0.882888 219.000000 0.117112 
0.866310 250.000000 0.133690 
0.870588 242.000000 0.129412 
0.876471 231.000000 0.123529 
0.873797 236.000000 0.126203 
0.874866 234.000000 0.125134 
0.876471 231.000000 0.123529 
0.873262 237.000000 0.126738 
0.871658 240.000000 0.128342 
0.871123 241.000000 0.128877 
0.872193 239.000000 0.127807 
0.870588 242.000000 0.129412 
0.870588 242.000000 0.129412 
0.879144 226.000000 0.120856 
0.870053 243.000000 0.129947 
0.866845 249.000000 0.133155 
0.877005 230.000000 0.122995 
0.880749 223.000000 0.119251 
0.878075 228.000000 0.121925 
0.885027 215.000000 0.114973 
0.877540 229.000000 0.122460 
0.873797 236.000000 0.126203 
0.871123 241.000000 0.128877 
0.878075 228.000000 0.121925 
0.873797 236.000000 0.126203 
0.872727 238.000000 0.127273 
0.883957 217.000000 0.116043 
0.872193 239.000000 0.127807 
0.876471 231.000000 0.123529 
0.868984 245.000000 0.131016 
0.864171 254.000000 0.135829 
0.876471 231.000000 0.123529 
0.876471 231.000000 0.123529 
0.872727 238.000000 0.127273 
0.870053 243.000000 0.129947 
0.872193 239.000000 0.127807 
0.877540 229.000000 0.122460 
0.873797 236.000000 0.126203 
0.871658 240.000000 0.128342 
0.879679 225.000000 0.120321 
0.879679 225.000000 0.120321 
0.872193 239.000000 0.127807 
0.880749 223.000000 0.119251 
0.877540 229.000000 0.122460 
0.876471 231.000000 0.123529 
0.873797 236.000000 0.126203 
0.870053 243.000000 0.129947 
0.872193 239.000000 0.127807 
0.874332 235.000000 0.125668 
0.872727 238.000000 0.127273 
0.870053 243.000000 0.129947 
0.876471 231.000000 0.123529 
0.879679 225.000000 0.120321 
0.879679 225.000000 0.120321 
0.872193 239.000000 0.127807 
0.874332 235.000000 0.125668 
0.873262 237.000000 0.126738 
0.878610 227.000000 0.121390 
0.875936 232.000000 0.124064 
0.886631 212.000000 0.113369 
0.873262 237.000000 0.126738 
0.877540 229.000000 0.122460 
0.875401 233.000000 0.124599 
0.867914 247.000000 0.132086 
0.870053 243.000000 0.129947 
0.871123 241.000000 0.128877 
0.875936 232.000000 0.124064 
0.878075 228.000000 0.121925 
0.872727 238.000000 0.127273 
0.878610 227.000000 0.121390 
0.872727 238.000000 0.127273 
0.878610 227.000000 0.121390 
0.870588 242.000000 0.129412 
0.873262 237.000000 0.126738 
0.873797 236.000000 0.126203 
0.874332 235.000000 0.125668 
0.870053 243.000000 0.129947 
0.875936 232.000000 0.124064 
0.877005 230.000000 0.122995 
0.871123 241.000000 0.128877 
0.874866 234.000000 0.125134 
0.874866 234.000000 0.125134 
0.872193 239.000000 0.127807 
0.875936 232.000000 0.124064 
0.871658 240.000000 0.128342 
0.875936 232.000000 0.124064 
0.880214 224.000000 0.119786 
0.873797 236.000000 0.126203 
0.871658 240.000000 0.128342 
0.875936 232.000000 0.124064 
0.871658 240.000000 0.128342 
0.875936 232.000000 0.124064 
0.881283 222.000000 0.118717 
0.872727 238.000000 0.127273 
0.873797 236.000000 0.126203 
0.881818 221.000000 0.118182 
0.877540 229.000000 0.122460 
0.875401 233.000000 0.124599 
0.872727 238.000000 0.127273 
0.870588 242.000000 0.129412 
0.871123 241.000000 0.128877 
0.871658 240.000000 0.128342 
0.878610 227.000000 0.121390 
0.874866 234.000000 0.125134 
0.873797 236.000000 0.126203 
0.880749 223.000000 0.119251 
0.880749 223.000000 0.119251 
0.871658 240.000000 0.128342 
0.875936 232.000000 0.124064 
0.873262 237.000000 0.126738 
0.879679 225.000000 0.120321 
0.879144 226.000000 0.120856 
0.874866 234.000000 0.125134 
0.874332 235.000000 0.125668 
0.873797 236.000000 0.126203 
0.883957 217.000000 0.116043 
0.881818 221.000000 0.118182 
0.875936 232.000000 0.124064 
0.876471 231.000000 0.123529 
0.870053 243.000000 0.129947 
0.875936 232.000000 0.124064 
0.872727 238.000000 0.127273 
0.881283 222.000000 0.118717 
0.877540 229.000000 0.122460 
0.868984 245.000000 0.131016 
0.874866 234.000000 0.125134 
0.872193 239.000000 0.127807 
0.878610 227.000000 0.121390 
0.871123 241.000000 0.128877 
0.876471 231.000000 0.123529 
0.875936 232.000000 0.124064 
0.874866 234.000000 0.125134 
0.877005 230.000000 0.122995 
0.879144 226.000000 0.120856 
0.866845 249.000000 0.133155 
0.871123 241.000000 0.128877 
0.874332 235.000000 0.125668 
0.874332 235.000000 0.125668 
0.874332 235.000000 0.125668 
0.873797 236.000000 0.126203 
0.885561 214.000000 0.114439 
0.874866 234.000000 0.125134 
0.877005 230.000000 0.122995 
0.878075 228.000000 0.121925 
0.868449 246.000000 0.131551 
0.869519 244.000000 0.130481 
0.870053 243.000000 0.129947 
0.878075 228.000000 0.121925 
0.876471 231.000000 0.123529 
0.868984 245.000000 0.131016 
0.873262 237.000000 0.126738 
0.867380 248.000000 0.132620 
0.873797 236.000000 0.126203 
0.880749 223.000000 0.119251 
0.874866 234.000000 0.125134 
0.873262 237.000000 0.126738 
0.873262 237.000000 0.126738 
0.877005 230.000000 0.122995 
0.875936 232.000000 0.124064 
0.878075 228.000000 0.121925 
0.877005 230.000000 0.122995 
0.874332 235.000000 0.125668 
0.874332 235.000000 0.125668 
0.865241 252.000000 0.134759 
0.879679 225.000000 0.120321 
0.877540 229.000000 0.122460 
0.877540 229.000000 0.122460 
0.877540 229.000000 0.122460 
0.877005 230.000000 0.122995 
0.874332 235.000000 0.125668 
0.867380 248.000000 0.132620 
0.869519 244.000000 0.130481 
0.877540 229.000000 0.122460 
0.876471 231.000000 0.123529 
0.874332 235.000000 0.125668 
0.874866 234.000000 0.125134 
0.876471 231.000000 0.123529 
0.875936 232.000000 0.124064 
0.872193 239.000000 0.127807 
0.872193 239.000000 0.127807 
0.870588 242.000000 0.129412 
0.875936 232.000000 0.124064 
0.882888 219.000000 0.117112 
0.867914 247.000000 0.132086 
0.875401 233.000000 0.124599 
0.872727 238.000000 0.127273 
0.874866 234.000000 0.125134 
0.873797 236.000000 0.126203 
0.880749 223.000000 0.119251 
0.881283 222.000000 0.118717 
0.871123 241.000000 0.128877 
0.874866 234.000000 0.125134 
0.879679 225.000000 0.120321 
0.880214 224.000000 0.119786 
0.872727 238.000000 0.127273 
0.866310 250.000000 0.133690 
0.875401 233.000000 0.124599 
0.883957 217.000000 0.116043 
0.874332 235.000000 0.125668 
0.873797 236.000000 0.126203 
0.871658 240.000000 0.128342 
0.873797 236.000000 0.126203 
0.879679 225.000000 0.120321 
0.872193 239.000000 0.127807 
0.878610 227.000000 0.121390 
0.873797 236.000000 0.126203 
0.867914 247.000000 0.132086 
0.871123 241.000000 0.128877 
0.878610 227.000000 0.121390 
0.868984 245.000000 0.131016 
0.868449 246.000000 0.131551 
0.877540 229.000000 0.122460 
0.877005 230.000000 0.122995 
0.882353 220.000000 0.117647 
0.873797 236.000000 0.126203 
0.878610 227.000000 0.121390 
0.875401 233.000000 0.124599 
0.879144 226.000000 0.120856 
0.871658 240.000000 0.128342 
0.877540 229.000000 0.122460 
0.876471 231.000000 0.123529 
0.879144 226.000000 0.120856 
0.876471 231.000000 0.123529 
0.866845 249.000000 0.133155 
0.875936 232.000000 0.124064 
0.872193 239.000000 0.127807 
0.873262 237.000000 0.126738 
0.879144 226.000000 0.120856 
0.874332 235.000000 0.125668 
0.878075 228.000000 0.121925 
0.870053 243.000000 0.129947 
0.871658 240.000000 0.128342 
0.881283 222.000000 0.118717 
0.870588 242.000000 0.129412 
0.881283 222.000000 0.118717 
0.878075 228.000000 0.121925 
0.875936 232.000000 0.124064 
0.865241 252.000000 0.134759 
0.880214 224.000000 0.119786 
0.879679 225.000000 0.120321 
0.874866 234.000000 0.125134 
0.877540 229.000000 0.122460 
0.874866 234.000000 0.125134 
0.873262 237.000000 0.126738 
0.877540 229.000000 0.122460 
0.872193 239.000000 0.127807 
0.877005 230.000000 0.122995 
0.866845 249.000000 0.133155 
0.878610 227.000000 0.121390 
0.875936 232.000000 0.124064 
0.873797 236.000000 0.126203 
0.881818 221.000000 0.118182 
0.873797 236.000000 0.126203 
0.876471 231.000000 0.123529 
0.878075 228.000000 0.121925 
0.871123 241.000000 0.128877 
0.879144 226.000000 0.120856 
0.870588 242.000000 0.129412 
0.872727 238.000000 0.127273 
0.868449 246.000000 0.131551 
0.873797 236.000000 0.126203 
0.876471 231.000000 0.123529 
0.875401 233.000000 0.124599 
0.868449 246.000000 0.131551 
0.880749 223.000000 0.119251 
0.874332 235.000000 0.125668 
0.871658 240.000000 0.128342 
0.874866 234.000000 0.125134 
0.884492 216.000000 0.115508 
0.870053 243.000000 0.129947 
0.872193 239.000000 0.127807 
0.879144 226.000000 0.120856 
0.873797 236.000000 0.126203 
0.877005 230.000000 0.122995 
0.878610 227.000000 0.121390 
0.874866 234.000000 0.125134 
0.884492 216.000000 0.115508 
0.879144 226.000000 0.120856 
0.875936 232.000000 0.124064 
0.873262 237.000000 0.126738 
0.877540 229.000000 0.122460 
0.879144 226.000000 0.120856 
0.877540 229.000000 0.122460 
0.872193 239.000000 0.127807 
0.869519 244.000000 0.130481 
0.875401 233.000000 0.124599 
0.875401 233.000000 0.124599 
0.873262 237.000000 0.126738 
0.870588 242.000000 0.129412 
0.878075 228.000000 0.121925 
0.876471 231.000000 0.123529 
0.872193 239.000000 0.127807 
0.877005 230.000000 0.122995 
0.874866 234.000000 0.125134 
0.873797 236.000000 0.126203 
0.875401 233.000000 0.124599 
0.879679 225.000000 0.120321 
0.881283 222.000000 0.118717 
0.875401 233.000000 0.124599 
0.882353 220.000000 0.117647 
0.874866 234.000000 0.125134 
0.874866 234.000000 0.125134 
0.874866 234.000000 0.125134 
0.873797 236.000000 0.126203 
0.872727 238.000000 0.127273 
0.876471 231.000000 0.123529 
0.871658 240.000000 0.128342 
0.873797 236.000000 0.126203 
0.877005 230.000000 0.122995 
0.875936 232.000000 0.124064 
0.877005 230.000000 0.122995 
0.872727 238.000000 0.127273 
0.879144 226.000000 0.120856 
0.877005 230.000000 0.122995 
0.877005 230.000000 0.122995 
0.871658 240.000000 0.128342 
0.873797 236.000000 0.126203 
0.873262 237.000000 0.126738 
0.877005 230.000000 0.122995 
0.871123 241.000000 0.128877 
0.870588 242.000000 0.129412 
0.877540 229.000000 0.122460 
0.875936 232.000000 0.124064 
0.875401 233.000000 0.124599 
0.876471 231.000000 0.123529 
0.875401 233.000000 0.124599 
0.875936 232.000000 0.124064 
0.871123 241.000000 0.128877 
0.879679 225.000000 0.120321 
0.873797 236.000000 0.126203 
0.874332 235.000000 0.125668 
0.875936 232.000000 0.124064 
0.884492 216.000000 0.115508 
0.875936 232.000000 0.124064 
0.874866 234.000000 0.125134 
0.870053 243.000000 0.129947 
0.872193 239.000000 0.127807 
0.874866 234.000000 0.125134 
0.875936 232.000000 0.124064 
0.878075 228.000000 0.121925 
0.877540 229.000000 0.122460 
0.872727 238.000000 0.127273 
0.878075 228.000000 0.121925 
0.875936 232.000000 0.124064 
0.877540 229.000000 0.122460 
0.875401 233.000000 0.124599 
0.881818 221.000000 0.118182 
0.872193 239.000000 0.127807 
0.872193 239.000000 0.127807 
0.865241 252.000000 0.134759 
0.879144 226.000000 0.120856 
0.878610 227.000000 0.121390 
0.872193 239.000000 0.127807 
0.880749 223.000000 0.119251 
0.873797 236.000000 0.126203 
0.871658 240.000000 0.128342 
0.874332 235.000000 0.125668 
0.873262 237.000000 0.126738 
0.876471 231.000000 0.123529 
0.875401 233.000000 0.124599 
0.870588 242.000000 0.129412 
0.877005 230.000000 0.122995 
0.874866 234.000000 0.125134 
0.881818 221.000000 0.118182 
0.875936 232.000000 0.124064 
0.877005 230.000000 0.122995 
0.879144 226.000000 0.120856 
0.882353 220.000000 0.117647 
0.872727 238.000000 0.127273 
0.883957 217.000000 0.116043 
0.871658 240.000000 0.128342 
0.871658 240.000000 0.128342 
0.872193 239.000000 0.127807 
0.880214 224.000000 0.119786 
0.872727 238.000000 0.127273 
0.868449 246.000000 0.131551 
0.878075 228.000000 0.121925 
0.875936 232.000000 0.124064 
0.873797 236.000000 0.126203 
0.876471 231.000000 0.123529 
0.877540 229.000000 0.122460 
0.870588 242.000000 0.129412 
0.875401 233.000000 0.124599 
0.872727 238.000000 0.127273 
0.875401 233.000000 0.124599 
0.879144 226.000000 0.120856 
0.879144 226.000000 0.120856 
0.871123 241.000000 0.128877 
0.868984 245.000000 0.131016 
0.877005 230.000000 0.122995 
0.877540 229.000000 0.122460 
0.872727 238.000000 0.127273 
0.873797 236.000000 0.126203 
0.874866 234.000000 0.125134 
0.875936 232.000000 0.124064 
0.878075 228.000000 0.121925 
0.875401 233.000000 0.124599 
0.873262 237.000000 0.126738 
0.870588 242.000000 0.129412 
0.884492 216.000000 0.115508 
0.878610 227.000000 0.121390 
0.873797 236.000000 0.126203 
0.868984 245.000000 0.131016 
0.870053 243.000000 0.129947 
0.880214 224.000000 0.119786 
0.871123 241.000000 0.128877 
0.873797 236.000000 0.126203 
0.875401 233.000000 0.124599 
0.877540 229.000000 0.122460 
0.870053 243.000000 0.129947 
0.873797 236.000000 0.126203 
0.880749 223.000000 0.119251 
0.869519 244.000000 0.130481 
0.873262 237.000000 0.126738 
0.874866 234.000000 0.125134 
0.874332 235.000000 0.125668 
0.877005 230.000000 0.122995 
0.869519 244.000000 0.130481 
0.873262 237.000000 0.126738 
0.872193 239.000000 0.127807 
0.879144 226.000000 0.120856 
0.876471 231.000000 0.123529 
0.871123 241.000000 0.128877 
0.874332 235.000000 0.125668 
0.882888 219.000000 0.117112 
0.875936 232.000000 0.124064 
0.874332 235.000000 0.125668 
0.882353 220.000000 0.117647 
0.870053 243.000000 0.129947 
0.870588 242.000000 0.129412 
0.871123 241.000000 0.128877 
0.873262 237.000000 0.126738 
0.867914 247.000000 0.132086 
0.879144 226.000000 0.120856 
0.875401 233.000000 0.124599 
0.874866 234.000000 0.125134 
0.875936 232.000000 0.124064 
0.873262 237.000000 0.126738 
0.880749 223.000000 0.119251 
0.877005 230.000000 0.122995 
0.865241 252.000000 0.134759 
0.882353 220.000000 0.117647 
0.874332 235.000000 0.125668 
0.866845 249.000000 0.133155 
0.871658 240.000000 0.128342 
0.875936 232.000000 0.124064 
0.880749 223.000000 0.119251 
0.877540 229.000000 0.122460 
0.864706 253.000000 0.135294 
0.876471 231.000000 0.123529 
0.871658 240.000000 0.128342 
0.875401 233.000000 0.124599 
0.875401 233.000000 0.124599 
0.873262 237.000000 0.126738 
0.878075 228.000000 0.121925 
0.870588 242.000000 0.129412 
0.874866 234.000000 0.125134 
0.879679 225.000000 0.120321 
0.872727 238.000000 0.127273 
0.879144 226.000000 0.120856 
0.874866 234.000000 0.125134 
0.870053 243.000000 0.129947 
0.883957 217.000000 0.116043 
0.875401 233.000000 0.124599 
0.874866 234.000000 0.125134 
0.877005 230.000000 0.122995 
0.871123 241.000000 0.128877 
0.879679 225.000000 0.120321 
0.878075 228.000000 0.121925 
0.877005 230.000000 0.122995 
0.871123 241.000000 0.128877 
0.878610 227.000000 0.121390 
0.882353 220.000000 0.117647 
0.871123 241.000000 0.128877 
0.867914 247.000000 0.132086 
0.874866 234.000000 0.125134 
0.871658 240.000000 0.128342 
0.867380 248.000000 0.132620 
0.870053 243.000000 0.129947 
0.876471 231.000000 0.123529 
0.874866 234.000000 0.125134 
0.874332 235.000000 0.125668 
0.866310 250.000000 0.133690 
0.874332 235.000000 0.125668 
0.877540 229.000000 0.122460 
0.882353 220.000000 0.117647 
0.878075 228.000000 0.121925 
0.878075 228.000000 0.121925 
0.874332 235.000000 0.125668 
0.878610 227.000000 0.121390 
0.877540 229.000000 0.122460 
0.875401 233.000000 0.124599 
0.876471 231.000000 0.123529 
0.879679 225.000000 0.120321 
0.868449 246.000000 0.131551 
0.869519 244.000000 0.130481 
0.877540 229.000000 0.122460 
0.875401 233.000000 0.124599 
0.872727 238.000000 0.127273 
0.871123 241.000000 0.128877 
0.879679 225.000000 0.120321 
0.874866 234.000000 0.125134 
0.871658 240.000000 0.128342 
0.870588 242.000000 0.129412 
0.869519 244.000000 0.130481 
0.877005 230.000000 0.122995 
0.877540 229.000000 0.122460 
0.876471 231.000000 0.123529 
0.874332 235.000000 0.125668 
0.880214 224.000000 0.119786 
0.877540 229.000000 0.122460 
0.874332 235.000000 0.125668 
0.874332 235.000000 0.125668 
0.871123 241.000000 0.128877 
0.876471 231.000000 0.123529 
0.870053 243.000000 0.129947 
0.875401 233.000000 0.124599 
0.866310 250.000000 0.133690 
0.879679 225.000000 0.120321 
0.875936 232.000000 0.124064 
0.876471 231.000000 0.123529 
0.871658 240.000000 0.128342 
0.875936 232.000000 0.124064 
0.874866 234.000000 0.125134 
0.873797 236.000000 0.126203 
0.873797 236.000000 0.126203 
0.871123 241.000000 0.128877 
0.873797 236.000000 0.126203 
0.877005 230.000000 0.122995 
0.878610 227.000000 0.121390 
0.869519 244.000000 0.130481 
0.878610 227.000000 0.121390 
0.873262 237.000000 0.126738 
0.874866 234.000000 0.125134 
0.886096 213.000000 0.113904 
0.871658 240.000000 0.128342 
0.873797 236.000000 0.126203 
0.878610 227.000000 0.121390 
0.878075 228.000000 0.121925 
0.875401 233.000000 0.124599 
0.878610 227.000000 0.121390 
0.876471 231.000000 0.123529 
0.877540 229.000000 0.122460 
0.873262 237.000000 0.126738 
0.872727 238.000000 0.127273 
0.874332 235.000000 0.125668 
0.874332 235.000000 0.125668 
0.872193 239.000000 0.127807 
0.874866 234.000000 0.125134 
0.873797 236.000000 0.126203 
0.871658 240.000000 0.128342 
0.874866 234.000000 0.125134 
0.872193 239.000000 0.127807 
0.867914 247.000000 0.132086 
0.869519 244.000000 0.130481 
0.874866 234.000000 0.125134 
0.878610 227.000000 0.121390 
0.874332 235.000000 0.125668 
0.873262 237.000000 0.126738 
0.878610 227.000000 0.121390 
0.871658 240.000000 0.128342 
0.876471 231.000000 0.123529 
0.883422 218.000000 0.116578 
0.872727 238.000000 0.127273 
0.875401 233.000000 0.124599 
0.874332 235.000000 0.125668 
0.880749 223.000000 0.119251 
0.870053 243.000000 0.129947 
0.875401 233.000000 0.124599 
0.874866 234.000000 0.125134 
0.872193 239.000000 0.127807 
0.881283 222.000000 0.118717 
0.872727 238.000000 0.127273 
0.873262 237.000000 0.126738 
0.875936 232.000000 0.124064 
0.875936 232.000000 0.124064 
0.874866 234.000000 0.125134 
0.880749 223.000000 0.119251 
0.875401 233.000000 0.124599 
0.875936 232.000000 0.124064 
0.871123 241.000000 0.128877 
0.872727 238.000000 0.127273 
0.874332 235.000000 0.125668 
0.879144 226.000000 0.120856 
0.866845 249.000000 0.133155 
0.874866 234.000000 0.125134 
0.875936 232.000000 0.124064 
0.878075 228.000000 0.121925 
0.873262 237.000000 0.126738 
0.876471 231.000000 0.123529 
0.874332 235.000000 0.125668 
0.876471 231.000000 0.123529 
0.870588 242.000000 0.129412 
0.875401 233.000000 0.124599 
0.875401 233.000000 0.124599 
0.872727 238.000000 0.127273 
0.871658 240.000000 0.128342 
0.873797 236.000000 0.126203 
0.874332 235.000000 0.125668 
0.872193 239.000000 0.127807 
0.874332 235.000000 0.125668 
0.866845 249.000000 0.133155 
0.877540 229.000000 0.122460 
0.877005 230.000000 0.122995 
0.872727 238.000000 0.127273 
0.877005 230.000000 0.122995 
0.869519 244.000000 0.130481 
0.870588 242.000000 0.129412 
0.874332 235.000000 0.125668 
0.880749 223.000000 0.119251 
0.880214 224.000000 0.119786 
0.878075 228.000000 0.121925 
0.870053 243.000000 0.129947 
0.870053 243.000000 0.129947 
0.868984 245.000000 0.131016 
0.868449 246.000000 0.131551 
0.873262 237.000000 0.126738 
0.866310 250.000000 0.133690 
0.881818 221.000000 0.118182 
0.870588 242.000000 0.129412 
0.877005 230.000000 0.122995 
0.877005 230.000000 0.122995 
0.870588 242.000000 0.129412 
0.875936 232.000000 0.124064 
0.877540 229.000000 0.122460 
0.870053 243.000000 0.129947 
0.879144 226.000000 0.120856 
0.876471 231.000000 0.123529 
0.874332 235.000000 0.125668 
0.873797 236.000000 0.126203 
0.860428 261.000000 0.139572 
0.875936 232.000000 0.124064 
0.882353 220.000000 0.117647 
0.870588 242.000000 0.129412 
0.872727 238.000000 0.127273 
0.876471 231.000000 0.123529 
0.873797 236.000000 0.126203 
0.883957 217.000000 0.116043 
0.878075 228.000000 0.121925 
0.872193 239.000000 0.127807 
0.868984 245.000000 0.131016 
0.869519 244.000000 0.130481 
0.881283 222.000000 0.118717 
0.878610 227.000000 0.121390 
0.870053 243.000000 0.129947 
0.873262 237.000000 0.126738 
0.870053 243.000000 0.129947 
0.871658 240.000000 0.128342 
0.872193 239.000000 0.127807 
0.873262 237.000000 0.126738 
0.879144 226.000000 0.120856 
0.871658 240.000000 0.128342 
0.873262 237.000000 0.126738 
0.868449 246.000000 0.131551 
0.874866 234.000000 0.125134 
0.873262 237.000000 0.126738 
0.872193 239.000000 0.127807 
0.874332 235.000000 0.125668 
0.872193 239.000000 0.127807 
0.874866 234.000000 0.125134 
0.867914 247.000000 0.132086 
0.873262 237.000000 0.126738 
0.880214 224.000000 0.119786 
0.873262 237.000000 0.126738 
0.871123 241.000000 0.128877 
0.872193 239.000000 0.127807 
0.875401 233.000000 0.124599 
0.873797 236.000000 0.126203 
0.881818 221.000000 0.118182 
0.877540 229.000000 0.122460 
0.871123 241.000000 0.128877 
0.872727 238.000000 0.127273 
0.874866 234.000000 0.125134 
0.871123 241.000000 0.128877 
0.872727 238.000000 0.127273 
0.868984 245.000000 0.131016 
0.875401 233.000000 0.124599 
0.865241 252.000000 0.134759 
0.871658 240.000000 0.128342 
0.877005 230.000000 0.122995 
0.873797 236.000000 0.126203 
0.878075 228.000000 0.121925 
0.871658 240.000000 0.128342 
0.878610 227.000000 0.121390 
0.871658 240.000000 0.128342 
0.880214 224.000000 0.119786 
0.873797 236.000000 0.126203 
0.875401 233.000000 0.124599 
0.875401 233.000000 0.124599 
0.876471 231.000000 0.123529 
0.875401 233.000000 0.124599 
0.880214 224.000000 0.119786 
0.878610 227.000000 0.121390 
0.872193 239.000000 0.127807 
0.874866 234.000000 0.125134 
0.878075 228.000000 0.121925 
0.872727 238.000000 0.127273 
0.874866 234.000000 0.125134 
0.875936 232.000000 0.124064 
0.873797 236.000000 0.126203 
0.875936 232.000000 0.124064 
0.875401 233.000000 0.124599 
0.871658 240.000000 0.128342 
0.876471 231.000000 0.123529 
0.870588 242.000000 0.129412 
0.875936 232.000000 0.124064 
0.874332 235.000000 0.125668 
0.875936 232.000000 0.124064 
0.871658 240.000000 0.128342 
0.880749 223.000000 0.119251 
0.872727 238.000000 0.127273 
0.878610 227.000000 0.121390 
0.881818 221.000000 0.118182 
0.867380 248.000000 0.132620 
0.880214 224.000000 0.119786 
0.877005 230.000000 0.122995 
0.863636 255.000000 0.136364 
0.880214 224.000000 0.119786 
0.878610 227.000000 0.121390 
0.877005 230.000000 0.122995 
0.876471 231.000000 0.123529 
0.872193 239.000000 0.127807 
0.877005 230.000000 0.122995 
0.879679 225.000000 0.120321 
0.872193 239.000000 0.127807 
0.874866 234.000000 0.125134 
0.873797 236.000000 0.126203 
0.871658 240.000000 0.128342 
0.878610 227.000000 0.121390 
0.872193 239.000000 0.127807 
0.873797 236.000000 0.126203 
0.875936 232.000000 0.124064 
0.870588 242.000000 0.129412 
0.868449 246.000000 0.131551 
0.875936 232.000000 0.124064 
0.864171 254.000000 0.135829 
0.874332 235.000000 0.125668 
0.873797 236.000000 0.126203 
0.879679 225.000000 0.120321 
0.869519 244.000000 0.130481 
0.873797 236.000000 0.126203 
0.877540 229.000000 0.122460 
0.870053 243.000000 0.129947 
0.869519 244.000000 0.130481 
0.872193 239.000000 0.127807 
0.868449 246.000000 0.131551 
0.872193 239.000000 0.127807 
0.875936 232.000000 0.124064 
0.877005 230.000000 0.122995 
0.879144 226.000000 0.120856 
0.871123 241.000000 0.128877 
0.868984 245.000000 0.131016 
0.875401 233.000000 0.124599 
0.883422 218.000000 0.116578 
0.875401 233.000000 0.124599 
0.881283 222.000000 0.118717 
0.877005 230.000000 0.122995 
0.876471 231.000000 0.123529 
0.870053 243.000000 0.129947 
0.871658 240.000000 0.128342 
0.875401 233.000000 0.124599 
0.883957 217.000000 0.116043 
0.874866 234.000000 0.125134 
0.882888 219.000000 0.117112 
0.875936 232.000000 0.124064 
0.875936 232.000000 0.124064 
0.880214 224.000000 0.119786 
0.875401 233.000000 0.124599 
0.873797 236.000000 0.126203 
0.878075 228.000000 0.121925 
0.879144 226.000000 0.120856 
0.879144 226.000000 0.120856 
0.879679 225.000000 0.120321 
0.874332 235.000000 0.125668 
0.875936 232.000000 0.124064 
0.877005 230.000000 0.122995 
0.872193 239.000000 0.127807 
0.882353 220.000000 0.117647 
0.871658 240.000000 0.128342 
0.872727 238.000000 0.127273 
0.873797 236.000000 0.126203 
0.873262 237.000000 0.126738 
0.878075 228.000000 0.121925 
0.877005 230.000000 0.122995 
0.878075 228.000000 0.121925 
0.877005 230.000000 0.122995 
0.869519 244.000000 0.130481 
0.871658 240.000000 0.128342 
0.871658 240.000000 0.128342 
0.877540 229.000000 0.122460 
0.880749 223.000000 0.119251 
0.875936 232.000000 0.124064 
0.871658 240.000000 0.128342 
0.870053 243.000000 0.129947 
0.873797 236.000000 0.126203 
0.880214 224.000000 0.119786 
0.875936 232.000000 0.124064 
0.872193 239.000000 0.127807 
0.879144 226.000000 0.120856 
0.878075 228.000000 0.121925 
0.872727 238.000000 0.127273 
0.874866 234.000000 0.125134 
0.880214 224.000000 0.119786 
0.880749 223.000000 0.119251 
0.873797 236.000000 0.126203 
0.878075 228.000000 0.121925 
0.876471 231.000000 0.123529 
0.873797 236.000000 0.126203 
0.873797 236.000000 0.126203 
0.870588 242.000000 0.129412 
0.882888 219.000000 0.117112 
0.874866 234.000000 0.125134 
0.877540 229.000000 0.122460 
0.875401 233.000000 0.124599 
0.872193 239.000000 0.127807 
0.877005 230.000000 0.122995 
0.881818 221.000000 0.118182 
0.877005 230.000000 0.122995 
0.873262 237.000000 0.126738 
0.874332 235.000000 0.125668 
0.878610 227.000000 0.121390 
0.870053 243.000000 0.129947 
0.873797 236.000000 0.126203 
0.883957 217.000000 0.116043 
0.873797 236.000000 0.126203 
0.872727 238.000000 0.127273 
0.873262 237.000000 0.126738 
0.879679 225.000000 0.120321 
0.877540 229.000000 0.122460 
0.878075 228.000000 0.121925 
0.874866 234.000000 0.125134 
0.877005 230.000000 0.122995 
0.878075 228.000000 0.121925 
0.875936 232.000000 0.124064 
0.873262 237.000000 0.126738 
0.868984 245.000000 0.131016 
0.868449 246.000000 0.131551 
0.871123 241.000000 0.128877 
0.874866 234.000000 0.125134 
0.875936 232.000000 0.124064 
0.880214 224.000000 0.119786 
0.870588 242.000000 0.129412 
0.873797 236.000000 0.126203 
0.870588 242.000000 0.129412 
0.881283 222.000000 0.118717 
0.870588 242.000000 0.129412 
0.874332 235.000000 0.125668 
0.879144 226.000000 0.120856 
0.876471 231.000000 0.123529 
0.873797 236.000000 0.126203 
0.873797 236.000000 0.126203 
0.876471 231.000000 0.123529 
0.876471 231.000000 0.123529 
0.871123 241.000000 0.128877 
0.872193 239.000000 0.127807 
0.871123 241.000000 0.128877 
0.866310 250.000000 0.133690 
0.873262 237.000000 0.126738 
0.871123 241.000000 0.128877 
0.866310 250.000000 0.133690 
0.877005 230.000000 0.122995 
0.870053 243.000000 0.129947 
0.867914 247.000000 0.132086 
0.880749 223.000000 0.119251 
0.872193 239.000000 0.127807 
0.873262 237.000000 0.126738 
0.871123 241.000000 0.128877 
0.873797 236.000000 0.126203 
0.875401 233.000000 0.124599 
0.870588 242.000000 0.129412 
0.874332 235.000000 0.125668 
0.876471 231.000000 0.123529 
0.873797 236.000000 0.126203 
0.872193 239.000000 0.127807 
0.880214 224.000000 0.119786 
0.872193 239.000000 0.127807 
0.873797 236.000000 0.126203 
0.874332 235.000000 0.125668 
0.875936 232.000000 0.124064 
0.875936 232.000000 0.124064 
0.877540 229.000000 0.122460 
0.875936 232.000000 0.124064 
0.875401 233.000000 0.124599 
0.877005 230.000000 0.122995 
0.872193 239.000000 0.127807 
0.869519 244.000000 0.130481 
0.873262 237.000000 0.126738 
0.880749 223.000000 0.119251 
0.876471 231.000000 0.123529 
0.882888 219.000000 0.117112 
0.873262 237.000000 0.126738 
0.872193 239.000000 0.127807 
0.871123 241.000000 0.128877 
0.877005 230.000000 0.122995 
0.882888 219.000000 0.117112 
0.877540 229.000000 0.122460 
0.878610 227.000000 0.121390 
0.865775 251.000000 0.134225 
0.874866 234.000000 0.125134 
0.871123 241.000000 0.128877 
0.872727 238.000000 0.127273 
0.873262 237.000000 0.126738 
0.873797 236.000000 0.126203 
0.875401 233.000000 0.124599 
0.877540 229.000000 0.122460 
0.878610 227.000000 0.121390 
0.877005 230.000000 0.122995 
0.877540 229.000000 0.122460 
0.872193 239.000000 0.127807 
0.873797 236.000000 0.126203 
0.872193 239.000000 0.127807 
0.875401 233.000000 0.124599 
0.877005 230.000000 0.122995 
0.870053 243.000000 0.129947 
0.879679 225.000000 0.120321 
0.883422 218.000000 0.116578 
0.873797 236.000000 0.126203 
0.875936 232.000000 0.124064 
0.866310 250.000000 0.133690 
0.869519 244.000000 0.130481 
0.875401 233.000000 0.124599 
0.873262 237.000000 0.126738 
0.876471 231.000000 0.123529 
0.877540 229.000000 0.122460 
0.876471 231.000000 0.123529 
0.877540 229.000000 0.122460 
0.873797 236.000000 0.126203 
0.887701 210.000000 0.112299 
0.879144 226.000000 0.120856 
0.876471 231.000000 0.123529 
0.876471 231.000000 0.123529 
0.873797 236.000000 0.126203 
0.874866 234.000000 0.125134 
0.877540 229.000000 0.122460 
0.873262 237.000000 0.126738 
0.873797 236.000000 0.126203 
0.877005 230.000000 0.122995 
0.872727 238.000000 0.127273 
0.875401 233.000000 0.124599 
0.875936 232.000000 0.124064 
0.880749 223.000000 0.119251 
0.874866 234.000000 0.125134 
0.873797 236.000000 0.126203 
0.870053 243.000000 0.129947 
0.873797 236.000000 0.126203 
0.874866 234.000000 0.125134 
0.867380 248.000000 0.132620 
0.875936 232.000000 0.124064 
0.870053 243.000000 0.129947 
0.870053 243.000000 0.129947 
0.873262 237.000000 0.126738 
0.872727 238.000000 0.127273 
0.880214 224.000000 0.119786 
0.879144 226.000000 0.120856 
0.871658 240.000000 0.128342 
0.871123 241.000000 0.128877 
0.880749 223.000000 0.119251 
0.877540 229.000000 0.122460 
0.874332 235.000000 0.125668 
0.875936 232.000000 0.124064 
0.870053 243.000000 0.129947 
0.873262 237.000000 0.126738 
0.878075 228.000000 0.121925 
0.873797 236.000000 0.126203 
0.876471 231.000000 0.123529 
0.877005 230.000000 0.122995 
0.885027 215.000000 0.114973 
0.877005 230.000000 0.122995 
0.877540 229.000000 0.122460 
0.876471 231.000000 0.123529 
0.877005 230.000000 0.122995 
0.878075 228.000000 0.121925 
0.872727 238.000000 0.127273 
0.869519 244.000000 0.130481 
0.874866 234.000000 0.125134 
0.876471 231.000000 0.123529 
0.870053 243.000000 0.129947 
0.873797 236.000000 0.126203 
0.871123 241.000000 0.128877 
0.878610 227.000000 0.121390 
0.878610 227.000000 0.121390 
0.870053 243.000000 0.129947 
0.875401 233.000000 0.124599 
0.866845 249.000000 0.133155 
0.875936 232.000000 0.124064 
0.881818 221.000000 0.118182 
0.874332 235.000000 0.125668 
0.878610 227.000000 0.121390 
0.876471 231.000000 0.123529 
0.872727 238.000000 0.127273 
0.871658 240.000000 0.128342 
0.865775 251.000000 0.134225 
0.873797 236.000000 0.126203 
0.871123 241.000000 0.128877 
0.872193 239.000000 0.127807 
0.881283 222.000000 0.118717 
0.871123 241.000000 0.128877 
0.880214 224.000000 0.119786 
0.871658 240.000000 0.128342 
0.879679 225.000000 0.120321 
0.875401 233.000000 0.124599 
0.879679 225.000000 0.120321 
0.872727 238.000000 0.127273 
0.876471 231.000000 0.123529 
0.869519 244.000000 0.130481 
0.874866 234.000000 0.125134 
0.881818 221.000000 0.118182 
0.871123 241.000000 0.128877 
0.867380 248.000000 0.132620 
0.872193 239.000000 0.127807 
0.878075 228.000000 0.121925 
0.878075 228.000000 0.121925 
0.867380 248.000000 0.132620 
0.879679 225.000000 0.120321 
0.869519 244.000000 0.130481 
0.875936 232.000000 0.124064 
0.874866 234.000000 0.125134 
0.866845 249.000000 0.133155 
0.875401 233.000000 0.124599 
0.882353 220.000000 0.117647 
0.867914 247.000000 0.132086 
0.874866 234.000000 0.125134 
0.883422 218.000000 0.116578 
0.870588 242.000000 0.129412 
0.874866 234.000000 0.125134 
0.872727 238.000000 0.127273 
0.877540 229.000000 0.122460 
0.880214 224.000000 0.119786 
0.875936 232.000000 0.124064 
0.881283 222.000000 0.118717 
0.875401 233.000000 0.124599 
0.880214 224.000000 0.119786 
0.868449 246.000000 0.131551 
0.871658 240.000000 0.128342 
0.876471 231.000000 0.123529 
0.878075 228.000000 0.121925 
0.874332 235.000000 0.125668 
0.870588 242.000000 0.129412 
0.876471 231.000000 0.123529 
0.875401 233.000000 0.124599 
0.878075 228.000000 0.121925 
0.871658 240.000000 0.128342 
0.874866 234.000000 0.125134 
0.873262 237.000000 0.126738 
0.877540 229.000000 0.122460 
0.868984 245.000000 0.131016 
0.874332 235.000000 0.125668 
0.876471 231.000000 0.123529 
0.877005 230.000000 0.122995 
0.878610 227.000000 0.121390 
0.877540 229.000000 0.122460 
0.877540 229.000000 0.122460 
0.875936 232.000000 0.124064 
0.866845 249.000000 0.133155 
0.877540 229.000000 0.122460 
0.882888 219.000000 0.117112 
0.877540 229.000000 0.122460 
0.876471 231.000000 0.123529 
0.877005 230.000000 0.122995 
0.871658 240.000000 0.128342 
0.873262 237.000000 0.126738 
0.880749 223.000000 0.119251 
0.870053 243.000000 0.129947 
0.870588 242.000000 0.129412 
0.865775 251.000000 0.134225 
0.877005 230.000000 0.122995 
0.873797 236.000000 0.126203 
0.870053 243.000000 0.129947 
0.872193 239.000000 0.127807 
0.879144 226.000000 0.120856 
0.873797 236.000000 0.126203 
0.876471 231.000000 0.123529 
0.872727 238.000000 0.127273 
0.876471 231.000000 0.123529 
0.876471 231.000000 0.123529 
0.872193 239.000000 0.127807 
0.874332 235.000000 0.125668 
0.869519 244.000000 0.130481 
0.868984 245.000000 0.131016 
0.874866 234.000000 0.125134 
0.868984 245.000000 0.131016 
0.882353 220.000000 0.117647 
0.872193 239.000000 0.127807 
0.877005 230.000000 0.122995 
0.875936 232.000000 0.124064 
0.877005 230.000000 0.122995 
0.873797 236.000000 0.126203 
0.877005 230.000000 0.122995 
0.871658 240.000000 0.128342 
0.872193 239.000000 0.127807 
0.872193 239.000000 0.127807 
0.874866 234.000000 0.125134 
0.868449 246.000000 0.131551 
0.880749 223.000000 0.119251 
0.875936 232.000000 0.124064 
0.878075 228.000000 0.121925 
0.873262 237.000000 0.126738 
0.868984 245.000000 0.131016 
0.879144 226.000000 0.120856 
0.874332 235.000000 0.125668 
0.876471 231.000000 0.123529 
0.869519 244.000000 0.130481 
0.876471 231.000000 0.123529 
0.877005 230.000000 0.122995 
0.878610 227.000000 0.121390 
0.880749 223.000000 0.119251 
0.878075 228.000000 0.121925 
0.875936 232.000000 0.124064 
0.878610 227.000000 0.121390 
0.874866 234.000000 0.125134 
0.874866 234.000000 0.125134 
0.870588 242.000000 0.129412 
0.873797 236.000000 0.126203 
0.873797 236.000000 0.126203 
0.876471 231.000000 0.123529 
0.877005 230.000000 0.122995 
0.879144 226.000000 0.120856 
0.880214 224.000000 0.119786 
0.875936 232.000000 0.124064 
0.870588 242.000000 0.129412 
0.878610 227.000000 0.121390 
0.869519 244.000000 0.130481 
0.875936 232.000000 0.124064 
0.867914 247.000000 0.132086 
0.878610 227.000000 0.121390 
0.878075 228.000000 0.121925 
0.870053 243.000000 0.129947 
0.875401 233.000000 0.124599 
0.866845 249.000000 0.133155 
0.868449 246.000000 0.131551 
0.876471 231.000000 0.123529 
0.871658 240.000000 0.128342 
0.872193 239.000000 0.127807 
0.873797 236.000000 0.126203 
0.875936 232.000000 0.124064 
0.877540 229.000000 0.122460 
0.872727 238.000000 0.127273 
0.877005 230.000000 0.122995 
0.871123 241.000000 0.128877 
0.874332 235.000000 0.125668 
0.871658 240.000000 0.128342 
0.872727 238.000000 0.127273 
0.870053 243.000000 0.129947 
0.869519 244.000000 0.130481 
0.881818 221.000000 0.118182 
0.874332 235.000000 0.125668 
0.873262 237.000000 0.126738 
0.876471 231.000000 0.123529 
0.877005 230.000000 0.122995 
0.872727 238.000000 0.127273 
0.881283 222.000000 0.118717 
0.879144 226.000000 0.120856 
0.877540 229.000000 0.122460 
0.871123 241.000000 0.128877 
0.873262 237.000000 0.126738 
0.870588 242.000000 0.129412 
0.877005 230.000000 0.122995 
0.872193 239.000000 0.127807 
0.873797 236.000000 0.126203 
0.872193 239.000000 0.127807 
0.878075 228.000000 0.121925 
0.872193 239.000000 0.127807 
0.876471 231.000000 0.123529 
0.874332 235.000000 0.125668 
0.873262 237.000000 0.126738 
0.872193 239.000000 0.127807 
0.872727 238.000000 0.127273 
0.871658 240.000000 0.128342 
0.871658 240.000000 0.128342 
0.873262 237.000000 0.126738 
0.871658 240.000000 0.128342 
0.874866 234.000000 0.125134 
0.872727 238.000000 0.127273 
0.871658 240.000000 0.128342 
0.868984 245.000000 0.131016 
0.878610 227.000000 0.121390 
0.872727 238.000000 0.127273 
0.879679 225.000000 0.120321 
0.875401 233.000000 0.124599 
0.870588 242.000000 0.129412 
0.875936 232.000000 0.124064 
0.875936 232.000000 0.124064 
0.885027 215.000000 0.114973 
0.872727 238.000000 0.127273 
0.872193 239.000000 0.127807 
0.866310 250.000000 0.133690 
0.874866 234.000000 0.125134 
0.879679 225.000000 0.120321 
0.873262 237.000000 0.126738 
0.876471 231.000000 0.123529 
0.877540 229.000000 0.122460 
0.871123 241.000000 0.128877 
0.872193 239.000000 0.127807 
0.883422 218.000000 0.116578 
0.872727 238.000000 0.127273 
0.877540 229.000000 0.122460 
0.876471 231.000000 0.123529 
0.874332 235.000000 0.125668 
0.871123 241.000000 0.128877 
0.875401 233.000000 0.124599 
0.870588 242.000000 0.129412 
0.875936 232.000000 0.124064 
0.876471 231.000000 0.123529 
0.889840 206.000000 0.110160 
0.876471 231.000000 0.123529 
0.872727 238.000000 0.127273 
0.874866 234.000000 0.125134 
0.870588 242.000000 0.129412 
0.874866 234.000000 0.125134 
0.872193 239.000000 0.127807 
0.877540 229.000000 0.122460 
0.880749 223.000000 0.119251 
0.877540 229.000000 0.122460 
0.880214 224.000000 0.119786 
0.876471 231.000000 0.123529 
0.877540 229.000000 0.122460 
0.871123 241.000000 0.128877 
0.882888 219.000000 0.117112 
0.868984 245.000000 0.131016 
0.878075 228.000000 0.121925 
0.878075 228.000000 0.121925 
0.880214 224.000000 0.119786 
0.874332 235.000000 0.125668 
0.873797 236.000000 0.126203 
0.867380 248.000000 0.132620 
0.874866 234.000000 0.125134 
0.874332 235.000000 0.125668 
0.872193 239.000000 0.127807 
0.879679 225.000000 0.120321 
0.873797 236.000000 0.126203 
0.875401 233.000000 0.124599 
0.872727 238.000000 0.127273 
0.877540 229.000000 0.122460 
0.873797 236.000000 0.126203 
0.874866 234.000000 0.125134 
0.874866 234.000000 0.125134 
0.875401 233.000000 0.124599 
0.870053 243.000000 0.129947 
0.867914 247.000000 0.132086 
0.871123 241.000000 0.128877 
0.873262 237.000000 0.126738 
0.865241 252.000000 0.134759 
0.876471 231.000000 0.123529 
0.878610 227.000000 0.121390 
0.878075 228.000000 0.121925 
0.874866 234.000000 0.125134 
0.877005 230.000000 0.122995 
0.878075 228.000000 0.121925 
0.866845 249.000000 0.133155 
0.878610 227.000000 0.121390 
0.875401 233.000000 0.124599 
0.878075 228.000000 0.121925 
0.875936 232.000000 0.124064 
0.877005 230.000000 0.122995 
0.878075 228.000000 0.121925 
0.874866 234.000000 0.125134 
0.874866 234.000000 0.125134 
0.874332 235.000000 0.125668 
0.873797 236.000000 0.126203 
0.873262 237.000000 0.126738 
0.880749 223.000000 0.119251 
0.876471 231.000000 0.123529 
0.871123 241.000000 0.128877 
0.879144 226.000000 0.120856 
0.870053 243.000000 0.129947 
0.874332 235.000000 0.125668 
0.877540 229.000000 0.122460 
0.868984 245.000000 0.131016 
0.871123 241.000000 0.128877 
0.871123 241.000000 0.128877 
0.867914 247.000000 0.132086 
0.879144 226.000000 0.120856 
0.877005 230.000000 0.122995 
0.872727 238.000000 0.127273 
0.882888 219.000000 0.117112 
0.871123 241.000000 0.128877 
0.875936 232.000000 0.124064 
0.868984 245.000000 0.131016 
0.875401 233.000000 0.124599 
0.868984 245.000000 0.131016 
0.878075 228.000000 0.121925 
0.877005 230.000000 0.122995 
0.878075 228.000000 0.121925 
0.874866 234.000000 0.125134 
0.868449 246.000000 0.131551 
0.870588 242.000000 0.129412 
0.869519 244.000000 0.130481 
0.875401 233.000000 0.124599 
0.872727 238.000000 0.127273 
0.879144 226.000000 0.120856 
0.877540 229.000000 0.122460 
0.873797 236.000000 0.126203 
0.868449 246.000000 0.131551 
0.880749 223.000000 0.119251 
0.874332 235.000000 0.125668 
0.873797 236.000000 0.126203 
0.874866 234.000000 0.125134 
0.873262 237.000000 0.126738 
0.880214 224.000000 0.119786 
0.877005 230.000000 0.122995 
0.878075 228.000000 0.121925 
0.872727 238.000000 0.127273 
0.876471 231.000000 0.123529 
0.872193 239.000000 0.127807 
0.873797 236.000000 0.126203 
0.871658 240.000000 0.128342 
0.875401 233.000000 0.124599 
0.876471 231.000000 0.123529 
0.873797 236.000000 0.126203 
0.881283 222.000000 0.118717 
0.872727 238.000000 0.127273 
0.874866 234.000000 0.125134 
0.871123 241.000000 0.128877 
0.873262 237.000000 0.126738 
0.872193 239.000000 0.127807 
0.863102 256.000000 0.136898 
0.881818 221.000000 0.118182 
0.871123 241.000000 0.128877 
0.873797 236.000000 0.126203 
0.882353 220.000000 0.117647 
0.873797 236.000000 0.126203 
0.877005 230.000000 0.122995 
0.876471 231.000000 0.123529 
0.872727 238.000000 0.127273 
0.873797 236.000000 0.126203 
0.874332 235.000000 0.125668 
0.877005 230.000000 0.122995 
0.877540 229.000000 0.122460 
0.868984 245.000000 0.131016 
0.878075 228.000000 0.121925 
0.875936 232.000000 0.124064 
0.878075 228.000000 0.121925 
0.872727 238.000000 0.127273 
0.872193 239.000000 0.127807 
0.879144 226.000000 0.120856 
0.874866 234.000000 0.125134 
0.875936 232.000000 0.124064 
0.879144 226.000000 0.120856 
0.880749 223.000000 0.119251 
0.872193 239.000000 0.127807 
0.873262 237.000000 0.126738 
0.879144 226.000000 0.120856 
0.874332 235.000000 0.125668 
0.879144 226.000000 0.120856 
0.873262 237.000000 0.126738 
0.879679 225.000000 0.120321 
0.876471 231.000000 0.123529 
0.868449 246.000000 0.131551 
0.873262 237.000000 0.126738 
0.876471 231.000000 0.123529 
0.875936 232.000000 0.124064 
0.875401 233.000000 0.124599 
0.877540 229.000000 0.122460 
0.873797 236.000000 0.126203 
0.871123 241.000000 0.128877 
0.866845 249.000000 0.133155 
0.877005 230.000000 0.122995 
0.881283 222.000000 0.118717 
0.882353 220.000000 0.117647 
0.874332 235.000000 0.125668 
0.874332 235.000000 0.125668 
0.877005 230.000000 0.122995 
0.872727 238.000000 0.127273 
0.881283 222.000000 0.118717 
0.868449 246.000000 0.131551 
0.881283 222.000000 0.118717 
0.880214 224.000000 0.119786 
0.879679 225.000000 0.120321 
0.884492 216.000000 0.115508 
0.875936 232.000000 0.124064 
0.880214 224.000000 0.119786 
0.873262 237.000000 0.126738 
0.871658 240.000000 0.128342 
0.885561 214.000000 0.114439 
0.875936 232.000000 0.124064 
0.872193 239.000000 0.127807 
0.868449 246.000000 0.131551 
0.877540 229.000000 0.122460 
0.874332 235.000000 0.125668 
0.872193 239.000000 0.127807 
0.863102 256.000000 0.136898 
0.872193 239.000000 0.127807 
0.875401 233.000000 0.124599 
0.879679 225.000000 0.120321 
0.874332 235.000000 0.125668 
0.872727 238.000000 0.127273 
0.866845 249.000000 0.133155 
0.883957 217.000000 0.116043 
0.871123 241.000000 0.128877 
0.870053 243.000000 0.129947 
0.876471 231.000000 0.123529 
0.877005 230.000000 0.122995 
0.874332 235.000000 0.125668 
0.872193 239.000000 0.127807 
0.874332 235.000000 0.125668 
0.871658 240.000000 0.128342 
0.871123 241.000000 0.128877 
0.866845 249.000000 0.133155 
0.875401 233.000000 0.124599 
0.875401 233.000000 0.124599 
0.875936 232.000000 0.124064 
0.872727 238.000000 0.127273 
0.869519 244.000000 0.130481 
0.870588 242.000000 0.129412 
0.878075 228.000000 0.121925 
0.879679 225.000000 0.120321 
0.874332 235.000000 0.125668 
0.879679 225.000000 0.120321 
0.872193 239.000000 0.127807 
0.868984 245.000000 0.131016 
0.882888 219.000000 0.117112 
0.873262 237.000000 0.126738 
0.875936 232.000000 0.124064 
0.874866 234.000000 0.125134 
0.872193 239.000000 0.127807 
0.877540 229.000000 0.122460 
0.875936 232.000000 0.124064 
0.874866 234.000000 0.125134 
0.874866 234.000000 0.125134 
0.875401 233.000000 0.124599 
0.875936 232.000000 0.124064 
0.873262 237.000000 0.126738 
0.881283 222.000000 0.118717 
0.869519 244.000000 0.130481 
0.869519 244.000000 0.130481 
0.877005 230.000000 0.122995 
0.866845 249.000000 0.133155 
0.872193 239.000000 0.127807 
0.878075 228.000000 0.121925 
0.871123 241.000000 0.128877 
0.872727 238.000000 0.127273 
0.875401 233.000000 0.124599 
0.878610 227.000000 0.121390 
0.867914 247.000000 0.132086 
0.872193 239.000000 0.127807 
0.870588 242.000000 0.129412 
0.871658 240.000000 0.128342 
0.877540 229.000000 0.122460 
0.874332 235.000000 0.125668 
0.871658 240.000000 0.128342 
0.873797 236.000000 0.126203 
0.870588 242.000000 0.129412 
0.871123 241.000000 0.128877 
0.874866 234.000000 0.125134 
0.871123 241.000000 0.128877 
0.883957 217.000000 0.116043 
0.878075 228.000000 0.121925 
0.873797 236.000000 0.126203 
0.872193 239.000000 0.127807 
0.871123 241.000000 0.128877 
0.873797 236.000000 0.126203 
0.871658 240.000000 0.128342 
0.871123 241.000000 0.128877 
0.870588 242.000000 0.129412 
0.877005 230.000000 0.122995 
0.875401 233.000000 0.124599 
0.872193 239.000000 0.127807 
0.870588 242.000000 0.129412 
0.872727 238.000000 0.127273 
0.873262 237.000000 0.126738 
0.878610 227.000000 0.121390 
0.876471 231.000000 0.123529 
0.874866 234.000000 0.125134 
0.874332 235.000000 0.125668 
0.874866 234.000000 0.125134 
0.868984 245.000000 0.131016 
0.879679 225.000000 0.120321 
0.865241 252.000000 0.134759 
0.879144 226.000000 0.120856 
0.874866 234.000000 0.125134 
0.868984 245.000000 0.131016 
0.875401 233.000000 0.124599 
0.878610 227.000000 0.121390 
0.871123 241.000000 0.128877 
0.876471 231.000000 0.123529 
0.871658 240.000000 0.128342 
0.872193 239.000000 0.127807 
0.872193 239.000000 0.127807 
0.877540 229.000000 0.122460 
0.876471 231.000000 0.123529 
0.878610 227.000000 0.121390 
0.875936 232.000000 0.124064 
0.875401 233.000000 0.124599 
0.877005 230.000000 0.122995 
0.879679 225.000000 0.120321 
0.873262 237.000000 0.126738 
0.876471 231.000000 0.123529 
0.878610 227.000000 0.121390 
0.875401 233.000000 0.124599 
0.873797 236.000000 0.126203 
0.880214 224.000000 0.119786 
0.872193 239.000000 0.127807 
0.879144 226.000000 0.120856 
0.875401 233.000000 0.124599 
0.864706 253.000000 0.135294 
0.878075 228.000000 0.121925 
0.873262 237.000000 0.126738 
0.882353 220.000000 0.117647 
0.864706 253.000000 0.135294 
0.864171 254.000000 0.135829 
0.875936 232.000000 0.124064 
0.876471 231.000000 0.123529 
0.871658 240.000000 0.128342 
0.872193 239.000000 0.127807 
0.881818 221.000000 0.118182 
0.879679 225.000000 0.120321 
0.873797 236.000000 0.126203 
0.872193 239.000000 0.127807 
0.866845 249.000000 0.133155 
0.884492 216.000000 0.115508 
0.877005 230.000000 0.122995 
0.877540 229.000000 0.122460 
0.881283 222.000000 0.118717 
0.874866 234.000000 0.125134 
0.873262 237.000000 0.126738 
0.875401 233.000000 0.124599 
0.871123 241.000000 0.128877 
0.877005 230.000000 0.122995 
0.874866 234.000000 0.125134 
0.879679 225.000000 0.120321 
0.872193 239.000000 0.127807 
0.878075 228.000000 0.121925 
0.881818 221.000000 0.118182 
0.872193 239.000000 0.127807 
0.871123 241.000000 0.128877 
0.873262 237.000000 0.126738 
0.878075 228.000000 0.121925 
0.867914 247.000000 0.132086 
0.874866 234.000000 0.125134 
0.872193 239.000000 0.127807 
0.880214 224.000000 0.119786 
0.882888 219.000000 0.117112 
0.872193 239.000000 0.127807 
0.872727 238.000000 0.127273 
0.879144 226.000000 0.120856 
0.871658 240.000000 0.128342 
0.871123 241.000000 0.128877 
0.875936 232.000000 0.124064 
0.875401 233.000000 0.124599 
0.877540 229.000000 0.122460 
0.873797 236.000000 0.126203 
0.879144 226.000000 0.120856 
0.877005 230.000000 0.122995 
0.875936 232.000000 0.124064 
0.871658 240.000000 0.128342 
0.869519 244.000000 0.130481 
0.874332 235.000000 0.125668 
0.875936 232.000000 0.124064 
0.880214 224.000000 0.119786 
0.876471 231.000000 0.123529 
0.867380 248.000000 0.132620 
0.872193 239.000000 0.127807 
0.871123 241.000000 0.128877 
0.871123 241.000000 0.128877 
0.881818 221.000000 0.118182 
0.870053 243.000000 0.129947 
0.873797 236.000000 0.126203 
0.878075 228.000000 0.121925 
0.875401 233.000000 0.124599 
0.874866 234.000000 0.125134 
0.873797 236.000000 0.126203 
0.871658 240.000000 0.128342 
0.871123 241.000000 0.128877 
0.873797 236.000000 0.126203 
0.874332 235.000000 0.125668 
0.874866 234.000000 0.125134 
0.875401 233.000000 0.124599 
0.871123 241.000000 0.128877 
0.876471 231.000000 0.123529 
0.878075 228.000000 0.121925 
0.868449 246.000000 0.131551 
0.871658 240.000000 0.128342 
0.874866 234.000000 0.125134 
0.885027 215.000000 0.114973 
0.880749 223.000000 0.119251 
0.873262 237.000000 0.126738 
0.876471 231.000000 0.123529 
0.875401 233.000000 0.124599 
0.879144 226.000000 0.120856 
0.875401 233.000000 0.124599 
0.872727 238.000000 0.127273 
0.877540 229.000000 0.122460 
0.867380 248.000000 0.132620 
0.871658 240.000000 0.128342 
0.884492 216.000000 0.115508 
0.872193 239.000000 0.127807 
0.868984 245.000000 0.131016 
0.875936 232.000000 0.124064 
0.874332 235.000000 0.125668 
0.871658 240.000000 0.128342 
0.875401 233.000000 0.124599 
0.878075 228.000000 0.121925 
0.880214 224.000000 0.119786 
0.871658 240.000000 0.128342 
0.873797 236.000000 0.126203 
0.873262 237.000000 0.126738 
0.873797 236.000000 0.126203 
0.876471 231.000000 0.123529 
0.873262 237.000000 0.126738 
0.872727 238.000000 0.127273 
0.874866 234.000000 0.125134 
0.870588 242.000000 0.129412 
0.870053 243.000000 0.129947 
0.873797 236.000000 0.126203 
0.874866 234.000000 0.125134 
0.871123 241.000000 0.128877 
0.876471 231.000000 0.123529 
0.877540 229.000000 0.122460 
0.873797 236.000000 0.126203 
0.873797 236.000000 0.126203 
0.876471 231.000000 0.123529 
0.880749 223.000000 0.119251 
0.874332 235.000000 0.125668 
0.880749 223.000000 0.119251 
0.876471 231.000000 0.123529 
0.879144 226.000000 0.120856 
0.871658 240.000000 0.128342 
0.874332 235.000000 0.125668 
0.872727 238.000000 0.127273 
0.870588 242.000000 0.129412 
0.874332 235.000000 0.125668 
0.874866 234.000000 0.125134 
0.872193 239.000000 0.127807 
0.875401 233.000000 0.124599 
0.870588 242.000000 0.129412 
0.874332 235.000000 0.125668 
0.877005 230.000000 0.122995 
0.881818 221.000000 0.118182 
0.877540 229.000000 0.122460 
0.873797 236.000000 0.126203 
0.872193 239.000000 0.127807 
0.872193 239.000000 0.127807 
0.871123 241.000000 0.128877 
0.878075 228.000000 0.121925 
0.871658 240.000000 0.128342 
0.880749 223.000000 0.119251 
0.877005 230.000000 0.122995 
0.871123 241.000000 0.128877 
0.871658 240.000000 0.128342 
0.877540 229.000000 0.122460 
0.878075 228.000000 0.121925 
0.874332 235.000000 0.125668 
0.872727 238.000000 0.127273 
0.877540 229.000000 0.122460 
0.877005 230.000000 0.122995 
0.871123 241.000000 0.128877 
0.879679 225.000000 0.120321 
0.873262 237.000000 0.126738 
0.872193 239.000000 0.127807 
0.875401 233.000000 0.124599 
0.875936 232.000000 0.124064 
0.865241 252.000000 0.134759 
0.875936 232.000000 0.124064 
0.867914 247.000000 0.132086 
0.872193 239.000000 0.127807 
0.878075 228.000000 0.121925 
0.875401 233.000000 0.124599 
0.871123 241.000000 0.128877 
0.870588 242.000000 0.129412 
0.880749 223.000000 0.119251 
0.873262 237.000000 0.126738 
0.880214 224.000000 0.119786 
0.876471 231.000000 0.123529 
0.878075 228.000000 0.121925 
0.879679 225.000000 0.120321 
0.874866 234.000000 0.125134 
0.875401 233.000000 0.124599 
0.873797 236.000000 0.126203 
0.876471 231.000000 0.123529 
0.872193 239.000000 0.127807 
0.874866 234.000000 0.125134 
0.873262 237.000000 0.126738 
0.871658 240.000000 0.128342 
0.874866 234.000000 0.125134 
0.879144 226.000000 0.120856 
0.874866 234.000000 0.125134 
0.878075 228.000000 0.121925 
0.878075 228.000000 0.121925 
0.881283 222.000000 0.118717 
0.867914 247.000000 0.132086 
0.874866 234.000000 0.125134 
0.869519 244.000000 0.130481 
0.874866 234.000000 0.125134 
0.870588 242.000000 0.129412 
0.883957 217.000000 0.116043 
0.877005 230.000000 0.122995 
0.870588 242.000000 0.129412 
0.868449 246.000000 0.131551 
0.876471 231.000000 0.123529 
0.882353 220.000000 0.117647 
0.874866 234.000000 0.125134 
0.880214 224.000000 0.119786 
0.879144 226.000000 0.120856 
0.875936 232.000000 0.124064 
0.871658 240.000000 0.128342 
0.876471 231.000000 0.123529 
0.867380 248.000000 0.132620 
0.872727 238.000000 0.127273 
0.872727 238.000000 0.127273 
0.867914 247.000000 0.132086 
0.873797 236.000000 0.126203 
0.877005 230.000000 0.122995 
0.875936 232.000000 0.124064 
0.875936 232.000000 0.124064 
0.878610 227.000000 0.121390 
0.877005 230.000000 0.122995 
0.875936 232.000000 0.124064 
0.870588 242.000000 0.129412 
0.877540 229.000000 0.122460 
0.875401 233.000000 0.124599 
0.880214 224.000000 0.119786 
0.871658 240.000000 0.128342 
0.876471 231.000000 0.123529 
0.872193 239.000000 0.127807 
0.870053 243.000000 0.129947 
0.877540 229.000000 0.122460 
0.875401 233.000000 0.124599 
0.867914 247.000000 0.132086 
0.872193 239.000000 0.127807 
0.873262 237.000000 0.126738 
0.872193 239.000000 0.127807 
0.873262 237.000000 0.126738 
0.874332 235.000000 0.125668 
0.880214 224.000000 0.119786 
0.873797 236.000000 0.126203 
0.875401 233.000000 0.124599 
0.877005 230.000000 0.122995 
0.877005 230.000000 0.122995 
0.883422 218.000000 0.116578 
0.877540 229.000000 0.122460 
0.868449 246.000000 0.131551 
0.879144 226.000000 0.120856 
0.884492 216.000000 0.115508 
0.879679 225.000000 0.120321 
0.868984 245.000000 0.131016 
0.869519 244.000000 0.130481 
0.875936 232.000000 0.124064 
0.872193 239.000000 0.127807 
0.872193 239.000000 0.127807 
0.875936 232.000000 0.124064 
0.879679 225.000000 0.120321 
0.875401 233.000000 0.124599 
0.867380 248.000000 0.132620 
0.880749 223.000000 0.119251 
0.875936 232.000000 0.124064 
0.878075 228.000000 0.121925 
0.875936 232.000000 0.124064 
0.874332 235.000000 0.125668 
0.876471 231.000000 0.123529 
0.882888 219.000000 0.117112 
0.877540 229.000000 0.122460 
0.878075 228.000000 0.121925 
0.873797 236.000000 0.126203 
0.868449 246.000000 0.131551 
0.878610 227.000000 0.121390 
0.878075 228.000000 0.121925 
0.873797 236.000000 0.126203 
0.869519 244.000000 0.130481 
0.871658 240.000000 0.128342 
0.873262 237.000000 0.126738 
0.877005 230.000000 0.122995 
0.873797 236.000000 0.126203 
0.877005 230.000000 0.122995 
0.871123 241.000000 0.128877 
0.880214 224.000000 0.119786 
0.872193 239.000000 0.127807 
0.876471 231.000000 0.123529 
0.877540 229.000000 0.122460 
0.869519 244.000000 0.130481 
0.870588 242.000000 0.129412 
0.871658 240.000000 0.128342 
0.874332 235.000000 0.125668 
0.879679 225.000000 0.120321 
0.881283 222.000000 0.118717 
0.872727 238.000000 0.127273 
0.872727 238.000000 0.127273 
0.875936 232.000000 0.124064 
0.877540 229.000000 0.122460 
0.873797 236.000000 0.126203 
0.874332 235.000000 0.125668 
0.877540 229.000000 0.122460 
0.877540 229.000000 0.122460 
0.879679 225.000000 0.120321 
0.876471 231.000000 0.123529 
0.868984 245.000000 0.131016 
0.877540 229.000000 0.122460 
0.872727 238.000000 0.127273 
0.875936 232.000000 0.124064 
0.878610 227.000000 0.121390 
0.874332 235.000000 0.125668 
0.868984 245.000000 0.131016 
0.881818 221.000000 0.118182 
0.877005 230.000000 0.122995 
0.871123 241.000000 0.128877 
0.873797 236.000000 0.126203 
0.873262 237.000000 0.126738 
0.865775 251.000000 0.134225 
0.871123 241.000000 0.128877 
0.872727 238.000000 0.127273 
0.881283 222.000000 0.118717 
0.874332 235.000000 0.125668 
0.874866 234.000000 0.125134 
0.879679 225.000000 0.120321 
0.875401 233.000000 0.124599 
0.873797 236.000000 0.126203 
0.876471 231.000000 0.123529 
0.870588 242.000000 0.129412 
0.872193 239.000000 0.127807 
0.875401 233.000000 0.124599 
0.874332 235.000000 0.125668 
0.869519 244.000000 0.130481 
0.878075 228.000000 0.121925 
0.877540 229.000000 0.122460 
0.871123 241.000000 0.128877 
0.875401 233.000000 0.124599 
0.875401 233.000000 0.124599 
0.875401 233.000000 0.124599 
0.873262 237.000000 0.126738 
0.866845 249.000000 0.133155 
0.879144 226.000000 0.120856 
0.875936 232.000000 0.124064 
0.878610 227.000000 0.121390 
0.872727 238.000000 0.127273 
0.871123 241.000000 0.128877 
0.879144 226.000000 0.120856 
0.870053 243.000000 0.129947 
0.873262 237.000000 0.126738 
0.875936 232.000000 0.124064 
0.871123 241.000000 0.128877 
0.875936 232.000000 0.124064 
0.877005 230.000000 0.122995 
0.876471 231.000000 0.123529 
0.873262 237.000000 0.126738 
0.872193 239.000000 0.127807 
0.864171 254.000000 0.135829 
0.877005 230.000000 0.122995 
0.875936 232.000000 0.124064 
0.867380 248.000000 0.132620 
0.872727 238.000000 0.127273 
0.879144 226.000000 0.120856 
0.870588 242.000000 0.129412 
0.871123 241.000000 0.128877 
0.878075 228.000000 0.121925 
0.881818 221.000000 0.118182 
0.872193 239.000000 0.127807 
0.873262 237.000000 0.126738 
0.875401 233.000000 0.124599 
0.880214 224.000000 0.119786 
0.877005 230.000000 0.122995 
0.877540 229.000000 0.122460 
0.875401 233.000000 0.124599 
0.881818 221.000000 0.118182 
0.872193 239.000000 0.127807 
0.878075 228.000000 0.121925 
0.876471 231.000000 0.123529 
0.879679 225.000000 0.120321 
0.874332 235.000000 0.125668 
0.868984 245.000000 0.131016 
0.877005 230.000000 0.122995 
0.873797 236.000000 0.126203 
0.875936 232.000000 0.124064 
0.868984 245.000000 0.131016 
0.871658 240.000000 0.128342 
0.872193 239.000000 0.127807 
0.875401 233.000000 0.124599 
0.874332 235.000000 0.125668 
0.875936 232.000000 0.124064 
0.875401 233.000000 0.124599 
0.877005 230.000000 0.122995 
0.872727 238.000000 0.127273 
0.870053 243.000000 0.129947 
0.872727 238.000000 0.127273 
0.873262 237.000000 0.126738 
0.871123 241.000000 0.128877 
0.867380 248.000000 0.132620 
0.872727 238.000000 0.127273 
0.881818 221.000000 0.118182 
0.868984 245.000000 0.131016 
0.879144 226.000000 0.120856 
0.872727 238.000000 0.127273 
0.868984 245.000000 0.131016 
0.871658 240.000000 0.128342 
0.873262 237.000000 0.126738 
0.870588 242.000000 0.129412 
0.877540 229.000000 0.122460 
0.874332 235.000000 0.125668 
0.874866 234.000000 0.125134 
0.875936 232.000000 0.124064 
0.871123 241.000000 0.128877 
0.874866 234.000000 0.125134 
0.872727 238.000000 0.127273 
0.873797 236.000000 0.126203 
0.870053 243.000000 0.129947 
0.875936 232.000000 0.124064 
0.875401 233.000000 0.124599 
0.872727 238.000000 0.127273 
0.874332 235.000000 0.125668 
0.871123 241.000000 0.128877 
0.875936 232.000000 0.124064 
0.878075 228.000000 0.121925 
0.873262 237.000000 0.126738 
0.879144 226.000000 0.120856 
0.882888 219.000000 0.117112 
0.874866 234.000000 0.125134 
0.867380 248.000000 0.132620 
0.876471 231.000000 0.123529 
0.877005 230.000000 0.122995 
0.876471 231.000000 0.123529 
0.878075 228.000000 0.121925 
0.863636 255.000000 0.136364 
0.881818 221.000000 0.118182 
0.877005 230.000000 0.122995 
0.875401 233.000000 0.124599 
0.875936 232.000000 0.124064 
0.875401 233.000000 0.124599 
0.871123 241.000000 0.128877 
0.872727 238.000000 0.127273 
0.877005 230.000000 0.122995 
0.873262 237.000000 0.126738 
0.872193 239.000000 0.127807 
0.876471 231.000000 0.123529 
0.877540 229.000000 0.122460 
0.873797 236.000000 0.126203 
0.870588 242.000000 0.129412 
0.871658 240.000000 0.128342 
0.874332 235.000000 0.125668 
