0.701674 713.000000 0.298326 
0.700000 717.000000 0.300000 
0.701255 714.000000 0.298745 
0.701255 714.000000 0.298745 
0.696234 726.000000 0.303766 
0.692887 734.000000 0.307113 
0.696653 725.000000 0.303347 
0.695397 728.000000 0.304603 
0.696234 726.000000 0.303766 
0.700418 716.000000 0.299582 
0.697071 724.000000 0.302929 
0.697071 724.000000 0.302929 
0.696653 725.000000 0.303347 
0.701255 714.000000 0.298745 
0.699582 718.000000 0.300418 
0.699163 719.000000 0.300837 
0.700837 715.000000 0.299163 
0.694142 731.000000 0.305858 
0.699163 719.000000 0.300837 
0.695397 728.000000 0.304603 
0.695816 727.000000 0.304184 
0.694979 729.000000 0.305021 
0.701674 713.000000 0.298326 
0.695397 728.000000 0.304603 
0.698326 721.000000 0.301674 
0.698326 721.000000 0.301674 
0.700837 715.000000 0.299163 
0.701255 714.000000 0.298745 
0.695397 728.000000 0.304603 
0.699163 719.000000 0.300837 
0.694561 730.000000 0.305439 
0.696234 726.000000 0.303766 
0.699163 719.000000 0.300837 
0.694979 729.000000 0.305021 
0.700418 716.000000 0.299582 
0.697490 723.000000 0.302510 
0.696234 726.000000 0.303766 
0.700837 715.000000 0.299163 
0.702929 710.000000 0.297071 
0.699163 719.000000 0.300837 
0.697071 724.000000 0.302929 
0.698326 721.000000 0.301674 
0.698326 721.000000 0.301674 
0.695397 728.000000 0.304603 
0.703347 709.000000 0.296653 
0.697490 723.000000 0.302510 
0.697490 723.000000 0.302510 
0.700418 716.000000 0.299582 
0.702092 712.000000 0.297908 
0.698745 720.000000 0.301255 
0.703766 708.000000 0.296234 
0.697908 722.000000 0.302092 
0.699582 718.000000 0.300418 
0.700837 715.000000 0.299163 
0.698326 721.000000 0.301674 
0.695816 727.000000 0.304184 
0.697071 724.000000 0.302929 
0.693724 732.000000 0.306276 
0.697908 722.000000 0.302092 
0.695816 727.000000 0.304184 
0.691213 738.000000 0.308787 
0.701255 714.000000 0.298745 
0.700000 717.000000 0.300000 
0.706276 702.000000 0.293724 
0.695816 727.000000 0.304184 
0.697490 723.000000 0.302510 
0.697908 722.000000 0.302092 
0.700418 716.000000 0.299582 
0.694979 729.000000 0.305021 
0.696653 725.000000 0.303347 
0.697908 722.000000 0.302092 
0.697490 723.000000 0.302510 
0.699163 719.000000 0.300837 
0.697908 722.000000 0.302092 
0.699163 719.000000 0.300837 
0.696234 726.000000 0.303766 
0.701255 714.000000 0.298745 
0.698326 721.000000 0.301674 
0.696653 725.000000 0.303347 
0.694979 729.000000 0.305021 
0.697071 724.000000 0.302929 
0.696234 726.000000 0.303766 
0.697908 722.000000 0.302092 
0.697490 723.000000 0.302510 
0.702929 710.000000 0.297071 
0.702092 712.000000 0.297908 
0.703766 708.000000 0.296234 
0.700418 716.000000 0.299582 
0.697908 722.000000 0.302092 
0.695816 727.000000 0.304184 
0.699582 718.000000 0.300418 
0.697908 722.000000 0.302092 
0.694142 731.000000 0.305858 
0.697071 724.000000 0.302929 
0.700000 717.000000 0.300000 
0.697908 722.000000 0.302092 
0.695397 728.000000 0.304603 
0.700418 716.000000 0.299582 
0.694561 730.000000 0.305439 
0.697908 722.000000 0.302092 
0.700837 715.000000 0.299163 
0.700000 717.000000 0.300000 
0.696234 726.000000 0.303766 
0.698326 721.000000 0.301674 
0.700837 715.000000 0.299163 
0.697908 722.000000 0.302092 
0.700418 716.000000 0.299582 
0.702092 712.000000 0.297908 
0.702929 710.000000 0.297071 
0.692469 735.000000 0.307531 
0.696653 725.000000 0.303347 
0.698745 720.000000 0.301255 
0.700837 715.000000 0.299163 
0.699163 719.000000 0.300837 
0.698326 721.000000 0.301674 
0.700418 716.000000 0.299582 
0.700837 715.000000 0.299163 
0.697071 724.000000 0.302929 
0.697490 723.000000 0.302510 
0.694561 730.000000 0.305439 
0.696234 726.000000 0.303766 
0.695397 728.000000 0.304603 
0.699163 719.000000 0.300837 
0.699582 718.000000 0.300418 
0.698326 721.000000 0.301674 
0.698745 720.000000 0.301255 
0.702092 712.000000 0.297908 
0.694561 730.000000 0.305439 
0.698745 720.000000 0.301255 
0.698745 720.000000 0.301255 
0.696234 726.000000 0.303766 
0.696234 726.000000 0.303766 
0.700000 717.000000 0.300000 
0.695397 728.000000 0.304603 
0.697071 724.000000 0.302929 
0.694979 729.000000 0.305021 
0.694142 731.000000 0.305858 
0.695816 727.000000 0.304184 
0.700418 716.000000 0.299582 
0.696653 725.000000 0.303347 
0.694561 730.000000 0.305439 
0.697908 722.000000 0.302092 
0.698326 721.000000 0.301674 
0.699582 718.000000 0.300418 
0.696234 726.000000 0.303766 
0.701674 713.000000 0.298326 
0.696653 725.000000 0.303347 
0.695397 728.000000 0.304603 
0.697490 723.000000 0.302510 
0.697071 724.000000 0.302929 
0.694979 729.000000 0.305021 
0.695397 728.000000 0.304603 
0.697071 724.000000 0.302929 
0.697908 722.000000 0.302092 
0.700837 715.000000 0.299163 
0.694979 729.000000 0.305021 
0.697908 722.000000 0.302092 
0.692887 734.000000 0.307113 
0.696653 725.000000 0.303347 
0.700837 715.000000 0.299163 
0.700000 717.000000 0.300000 
0.697908 722.000000 0.302092 
0.700418 716.000000 0.299582 
0.696234 726.000000 0.303766 
0.696234 726.000000 0.303766 
0.694979 729.000000 0.305021 
0.694142 731.000000 0.305858 
0.697490 723.000000 0.302510 
0.694142 731.000000 0.305858 
0.698745 720.000000 0.301255 
0.699163 719.000000 0.300837 
0.700000 717.000000 0.300000 
0.701255 714.000000 0.298745 
0.694979 729.000000 0.305021 
0.702092 712.000000 0.297908 
0.698745 720.000000 0.301255 
0.699582 718.000000 0.300418 
0.698745 720.000000 0.301255 
0.700000 717.000000 0.300000 
0.698326 721.000000 0.301674 
0.702092 712.000000 0.297908 
0.701255 714.000000 0.298745 
0.693724 732.000000 0.306276 
0.695397 728.000000 0.304603 
0.698745 720.000000 0.301255 
0.699582 718.000000 0.300418 
0.702092 712.000000 0.297908 
0.700418 716.000000 0.299582 
0.698745 720.000000 0.301255 
0.697908 722.000000 0.302092 
0.698326 721.000000 0.301674 
0.705021 705.000000 0.294979 
0.695816 727.000000 0.304184 
0.697908 722.000000 0.302092 
0.697908 722.000000 0.302092 
0.697071 724.000000 0.302929 
0.695397 728.000000 0.304603 
0.697490 723.000000 0.302510 
0.702092 712.000000 0.297908 
0.702092 712.000000 0.297908 
0.697490 723.000000 0.302510 
0.697071 724.000000 0.302929 
0.700837 715.000000 0.299163 
0.701255 714.000000 0.298745 
0.701255 714.000000 0.298745 
0.701255 714.000000 0.298745 
0.697908 722.000000 0.302092 
0.695397 728.000000 0.304603 
0.700418 716.000000 0.299582 
0.693305 733.000000 0.306695 
0.699582 718.000000 0.300418 
0.697908 722.000000 0.302092 
0.700837 715.000000 0.299163 
0.697908 722.000000 0.302092 
0.698745 720.000000 0.301255 
0.700837 715.000000 0.299163 
0.698745 720.000000 0.301255 
0.698745 720.000000 0.301255 
0.696653 725.000000 0.303347 
0.695816 727.000000 0.304184 
0.701674 713.000000 0.298326 
0.697490 723.000000 0.302510 
0.698326 721.000000 0.301674 
0.696653 725.000000 0.303347 
0.695397 728.000000 0.304603 
0.696234 726.000000 0.303766 
0.698745 720.000000 0.301255 
0.692469 735.000000 0.307531 
0.701674 713.000000 0.298326 
0.700837 715.000000 0.299163 
0.699163 719.000000 0.300837 
0.695397 728.000000 0.304603 
0.698745 720.000000 0.301255 
0.700837 715.000000 0.299163 
0.697071 724.000000 0.302929 
0.703347 709.000000 0.296653 
0.696653 725.000000 0.303347 
0.696234 726.000000 0.303766 
0.698326 721.000000 0.301674 
0.696234 726.000000 0.303766 
0.701255 714.000000 0.298745 
0.696234 726.000000 0.303766 
0.695816 727.000000 0.304184 
0.698326 721.000000 0.301674 
0.700837 715.000000 0.299163 
0.695816 727.000000 0.304184 
0.697908 722.000000 0.302092 
0.697908 722.000000 0.302092 
0.694142 731.000000 0.305858 
0.699582 718.000000 0.300418 
0.698326 721.000000 0.301674 
0.697908 722.000000 0.302092 
0.700837 715.000000 0.299163 
0.700418 716.000000 0.299582 
0.698326 721.000000 0.301674 
0.698745 720.000000 0.301255 
0.699163 719.000000 0.300837 
0.698326 721.000000 0.301674 
0.694561 730.000000 0.305439 
0.699582 718.000000 0.300418 
0.700837 715.000000 0.299163 
0.693724 732.000000 0.306276 
0.697490 723.000000 0.302510 
0.696234 726.000000 0.303766 
0.693305 733.000000 0.306695 
0.701674 713.000000 0.298326 
0.700000 717.000000 0.300000 
0.701674 713.000000 0.298326 
0.697071 724.000000 0.302929 
0.696653 725.000000 0.303347 
0.700837 715.000000 0.299163 
0.701255 714.000000 0.298745 
0.692469 735.000000 0.307531 
0.700000 717.000000 0.300000 
0.696653 725.000000 0.303347 
0.697490 723.000000 0.302510 
0.701674 713.000000 0.298326 
0.701255 714.000000 0.298745 
0.698326 721.000000 0.301674 
0.702092 712.000000 0.297908 
0.700418 716.000000 0.299582 
0.697071 724.000000 0.302929 
0.698745 720.000000 0.301255 
0.694979 729.000000 0.305021 
0.695397 728.000000 0.304603 
0.694979 729.000000 0.305021 
0.697490 723.000000 0.302510 
0.700000 717.000000 0.300000 
0.695397 728.000000 0.304603 
0.697908 722.000000 0.302092 
0.695816 727.000000 0.304184 
0.702510 711.000000 0.297490 
0.697908 722.000000 0.302092 
0.697071 724.000000 0.302929 
0.695397 728.000000 0.304603 
0.702510 711.000000 0.297490 
0.696234 726.000000 0.303766 
0.702092 712.000000 0.297908 
0.701255 714.000000 0.298745 
0.701674 713.000000 0.298326 
0.699582 718.000000 0.300418 
0.702092 712.000000 0.297908 
0.703766 708.000000 0.296234 
0.694142 731.000000 0.305858 
0.696234 726.000000 0.303766 
0.698326 721.000000 0.301674 
0.697490 723.000000 0.302510 
0.696234 726.000000 0.303766 
0.693305 733.000000 0.306695 
0.700418 716.000000 0.299582 
0.695397 728.000000 0.304603 
0.699582 718.000000 0.300418 
0.702092 712.000000 0.297908 
0.700837 715.000000 0.299163 
0.698745 720.000000 0.301255 
0.693305 733.000000 0.306695 
0.696653 725.000000 0.303347 
0.700000 717.000000 0.300000 
0.696653 725.000000 0.303347 
0.695816 727.000000 0.304184 
0.702510 711.000000 0.297490 
0.700837 715.000000 0.299163 
0.699163 719.000000 0.300837 
0.698326 721.000000 0.301674 
0.700837 715.000000 0.299163 
0.701674 713.000000 0.298326 
0.696653 725.000000 0.303347 
0.693305 733.000000 0.306695 
0.697908 722.000000 0.302092 
0.695816 727.000000 0.304184 
0.700837 715.000000 0.299163 
0.700418 716.000000 0.299582 
0.699163 719.000000 0.300837 
0.702092 712.000000 0.297908 
0.699163 719.000000 0.300837 
0.693724 732.000000 0.306276 
0.698326 721.000000 0.301674 
0.703347 709.000000 0.296653 
0.700000 717.000000 0.300000 
0.697071 724.000000 0.302929 
0.692469 735.000000 0.307531 
0.699582 718.000000 0.300418 
0.696234 726.000000 0.303766 
0.699163 719.000000 0.300837 
0.694561 730.000000 0.305439 
0.692887 734.000000 0.307113 
0.698326 721.000000 0.301674 
0.702092 712.000000 0.297908 
0.695816 727.000000 0.304184 
0.696653 725.000000 0.303347 
0.700837 715.000000 0.299163 
0.698326 721.000000 0.301674 
0.696653 725.000000 0.303347 
0.696234 726.000000 0.303766 
0.700837 715.000000 0.299163 
0.695397 728.000000 0.304603 
0.697490 723.000000 0.302510 
0.697071 724.000000 0.302929 
0.697908 722.000000 0.302092 
0.698326 721.000000 0.301674 
0.698745 720.000000 0.301255 
0.698326 721.000000 0.301674 
0.697490 723.000000 0.302510 
0.702510 711.000000 0.297490 
0.700418 716.000000 0.299582 
0.697908 722.000000 0.302092 
0.698745 720.000000 0.301255 
0.699163 719.000000 0.300837 
0.702092 712.000000 0.297908 
0.699582 718.000000 0.300418 
0.698745 720.000000 0.301255 
0.697908 722.000000 0.302092 
0.694979 729.000000 0.305021 
0.701674 713.000000 0.298326 
0.695816 727.000000 0.304184 
0.700837 715.000000 0.299163 
0.694979 729.000000 0.305021 
0.693724 732.000000 0.306276 
0.699582 718.000000 0.300418 
0.694561 730.000000 0.305439 
0.697908 722.000000 0.302092 
0.700000 717.000000 0.300000 
0.699163 719.000000 0.300837 
0.691632 737.000000 0.308368 
0.701674 713.000000 0.298326 
0.692050 736.000000 0.307950 
0.697908 722.000000 0.302092 
0.698326 721.000000 0.301674 
0.696234 726.000000 0.303766 
0.700418 716.000000 0.299582 
0.698745 720.000000 0.301255 
0.698326 721.000000 0.301674 
0.698745 720.000000 0.301255 
0.697490 723.000000 0.302510 
0.702092 712.000000 0.297908 
0.696234 726.000000 0.303766 
0.697908 722.000000 0.302092 
0.701255 714.000000 0.298745 
0.693724 732.000000 0.306276 
0.701674 713.000000 0.298326 
0.699163 719.000000 0.300837 
0.692469 735.000000 0.307531 
0.700000 717.000000 0.300000 
0.695816 727.000000 0.304184 
0.699163 719.000000 0.300837 
0.702929 710.000000 0.297071 
0.701674 713.000000 0.298326 
0.695816 727.000000 0.304184 
0.699582 718.000000 0.300418 
0.695397 728.000000 0.304603 
0.697490 723.000000 0.302510 
0.696234 726.000000 0.303766 
0.697490 723.000000 0.302510 
0.699582 718.000000 0.300418 
0.697071 724.000000 0.302929 
0.700000 717.000000 0.300000 
0.693724 732.000000 0.306276 
0.695397 728.000000 0.304603 
0.696653 725.000000 0.303347 
0.699582 718.000000 0.300418 
0.697908 722.000000 0.302092 
0.697908 722.000000 0.302092 
0.696653 725.000000 0.303347 
0.705858 703.000000 0.294142 
0.696653 725.000000 0.303347 
0.694979 729.000000 0.305021 
0.696234 726.000000 0.303766 
0.698326 721.000000 0.301674 
0.695397 728.000000 0.304603 
0.699163 719.000000 0.300837 
0.689958 741.000000 0.310042 
0.699582 718.000000 0.300418 
0.701255 714.000000 0.298745 
0.697071 724.000000 0.302929 
0.700837 715.000000 0.299163 
0.698326 721.000000 0.301674 
0.697490 723.000000 0.302510 
0.701255 714.000000 0.298745 
0.700418 716.000000 0.299582 
0.700000 717.000000 0.300000 
0.704184 707.000000 0.295816 
0.697908 722.000000 0.302092 
0.700418 716.000000 0.299582 
0.697908 722.000000 0.302092 
0.698745 720.000000 0.301255 
0.702510 711.000000 0.297490 
0.700418 716.000000 0.299582 
0.701255 714.000000 0.298745 
0.697490 723.000000 0.302510 
0.695397 728.000000 0.304603 
0.697071 724.000000 0.302929 
0.694979 729.000000 0.305021 
0.705858 703.000000 0.294142 
0.697908 722.000000 0.302092 
0.701255 714.000000 0.298745 
0.695816 727.000000 0.304184 
0.697490 723.000000 0.302510 
0.700837 715.000000 0.299163 
0.700418 716.000000 0.299582 
0.698326 721.000000 0.301674 
0.704184 707.000000 0.295816 
0.700000 717.000000 0.300000 
0.699582 718.000000 0.300418 
0.701255 714.000000 0.298745 
0.698326 721.000000 0.301674 
0.702510 711.000000 0.297490 
0.702929 710.000000 0.297071 
0.694561 730.000000 0.305439 
0.701255 714.000000 0.298745 
0.700837 715.000000 0.299163 
0.700418 716.000000 0.299582 
0.698745 720.000000 0.301255 
0.691632 737.000000 0.308368 
0.697490 723.000000 0.302510 
0.701674 713.000000 0.298326 
0.698745 720.000000 0.301255 
0.703347 709.000000 0.296653 
0.702510 711.000000 0.297490 
0.697071 724.000000 0.302929 
0.696653 725.000000 0.303347 
0.698745 720.000000 0.301255 
0.696653 725.000000 0.303347 
0.696653 725.000000 0.303347 
0.700837 715.000000 0.299163 
0.700000 717.000000 0.300000 
0.698745 720.000000 0.301255 
0.696653 725.000000 0.303347 
0.693724 732.000000 0.306276 
0.698326 721.000000 0.301674 
0.695397 728.000000 0.304603 
0.695397 728.000000 0.304603 
0.696234 726.000000 0.303766 
0.695816 727.000000 0.304184 
0.697908 722.000000 0.302092 
0.701255 714.000000 0.298745 
0.696234 726.000000 0.303766 
0.696234 726.000000 0.303766 
0.699582 718.000000 0.300418 
0.703766 708.000000 0.296234 
0.694561 730.000000 0.305439 
0.701255 714.000000 0.298745 
0.695397 728.000000 0.304603 
0.696653 725.000000 0.303347 
0.700418 716.000000 0.299582 
0.700837 715.000000 0.299163 
0.702092 712.000000 0.297908 
0.701674 713.000000 0.298326 
0.699163 719.000000 0.300837 
0.699582 718.000000 0.300418 
0.699582 718.000000 0.300418 
0.697908 722.000000 0.302092 
0.696653 725.000000 0.303347 
0.700000 717.000000 0.300000 
0.701674 713.000000 0.298326 
0.697071 724.000000 0.302929 
0.697490 723.000000 0.302510 
0.696653 725.000000 0.303347 
0.700418 716.000000 0.299582 
0.700000 717.000000 0.300000 
0.695816 727.000000 0.304184 
0.701255 714.000000 0.298745 
0.702929 710.000000 0.297071 
0.695816 727.000000 0.304184 
0.701674 713.000000 0.298326 
0.699582 718.000000 0.300418 
0.697908 722.000000 0.302092 
0.697908 722.000000 0.302092 
0.700418 716.000000 0.299582 
0.696653 725.000000 0.303347 
0.699163 719.000000 0.300837 
0.697908 722.000000 0.302092 
0.696234 726.000000 0.303766 
0.698326 721.000000 0.301674 
0.699163 719.000000 0.300837 
0.696653 725.000000 0.303347 
0.696653 725.000000 0.303347 
0.698745 720.000000 0.301255 
0.696234 726.000000 0.303766 
0.699163 719.000000 0.300837 
0.701255 714.000000 0.298745 
0.699582 718.000000 0.300418 
0.697071 724.000000 0.302929 
0.702092 712.000000 0.297908 
0.699163 719.000000 0.300837 
0.695816 727.000000 0.304184 
0.701674 713.000000 0.298326 
0.697908 722.000000 0.302092 
0.702929 710.000000 0.297071 
0.700418 716.000000 0.299582 
0.700000 717.000000 0.300000 
0.700837 715.000000 0.299163 
0.698745 720.000000 0.301255 
0.698326 721.000000 0.301674 
0.699163 719.000000 0.300837 
0.696234 726.000000 0.303766 
0.695397 728.000000 0.304603 
0.697490 723.000000 0.302510 
0.694979 729.000000 0.305021 
0.699163 719.000000 0.300837 
0.699163 719.000000 0.300837 
0.695397 728.000000 0.304603 
0.697908 722.000000 0.302092 
0.695397 728.000000 0.304603 
0.698326 721.000000 0.301674 
0.697908 722.000000 0.302092 
0.697490 723.000000 0.302510 
0.701255 714.000000 0.298745 
0.697071 724.000000 0.302929 
0.697908 722.000000 0.302092 
0.697908 722.000000 0.302092 
0.697071 724.000000 0.302929 
0.700000 717.000000 0.300000 
0.697071 724.000000 0.302929 
0.698326 721.000000 0.301674 
0.695816 727.000000 0.304184 
0.695397 728.000000 0.304603 
0.696653 725.000000 0.303347 
0.696653 725.000000 0.303347 
0.702929 710.000000 0.297071 
0.698326 721.000000 0.301674 
0.699163 719.000000 0.300837 
0.699582 718.000000 0.300418 
0.698326 721.000000 0.301674 
0.694142 731.000000 0.305858 
0.699582 718.000000 0.300418 
0.701255 714.000000 0.298745 
0.701674 713.000000 0.298326 
0.700418 716.000000 0.299582 
0.694979 729.000000 0.305021 
0.694979 729.000000 0.305021 
0.700418 716.000000 0.299582 
0.699163 719.000000 0.300837 
0.695397 728.000000 0.304603 
0.700418 716.000000 0.299582 
0.699582 718.000000 0.300418 
0.701674 713.000000 0.298326 
0.701255 714.000000 0.298745 
0.700000 717.000000 0.300000 
0.702929 710.000000 0.297071 
0.699163 719.000000 0.300837 
0.698326 721.000000 0.301674 
0.694561 730.000000 0.305439 
0.696234 726.000000 0.303766 
0.700418 716.000000 0.299582 
0.702929 710.000000 0.297071 
0.700837 715.000000 0.299163 
0.696234 726.000000 0.303766 
0.696234 726.000000 0.303766 
0.696234 726.000000 0.303766 
0.694142 731.000000 0.305858 
0.694979 729.000000 0.305021 
0.702510 711.000000 0.297490 
0.700418 716.000000 0.299582 
0.697490 723.000000 0.302510 
0.694561 730.000000 0.305439 
0.700000 717.000000 0.300000 
0.702092 712.000000 0.297908 
0.698326 721.000000 0.301674 
0.699163 719.000000 0.300837 
0.700837 715.000000 0.299163 
0.697071 724.000000 0.302929 
0.700000 717.000000 0.300000 
0.697908 722.000000 0.302092 
0.696653 725.000000 0.303347 
0.697490 723.000000 0.302510 
0.699163 719.000000 0.300837 
0.696234 726.000000 0.303766 
0.699582 718.000000 0.300418 
0.701674 713.000000 0.298326 
0.695397 728.000000 0.304603 
0.697490 723.000000 0.302510 
0.700000 717.000000 0.300000 
0.702929 710.000000 0.297071 
0.696653 725.000000 0.303347 
0.697071 724.000000 0.302929 
0.695397 728.000000 0.304603 
0.695397 728.000000 0.304603 
0.700418 716.000000 0.299582 
0.696234 726.000000 0.303766 
0.698745 720.000000 0.301255 
0.694979 729.000000 0.305021 
0.702092 712.000000 0.297908 
0.697071 724.000000 0.302929 
0.700418 716.000000 0.299582 
0.694561 730.000000 0.305439 
0.694142 731.000000 0.305858 
0.700837 715.000000 0.299163 
0.694561 730.000000 0.305439 
0.696234 726.000000 0.303766 
0.697071 724.000000 0.302929 
0.698326 721.000000 0.301674 
0.697490 723.000000 0.302510 
0.698326 721.000000 0.301674 
0.702929 710.000000 0.297071 
0.698326 721.000000 0.301674 
0.695397 728.000000 0.304603 
0.695397 728.000000 0.304603 
0.698326 721.000000 0.301674 
0.697490 723.000000 0.302510 
0.697490 723.000000 0.302510 
0.696234 726.000000 0.303766 
0.699582 718.000000 0.300418 
0.698745 720.000000 0.301255 
0.702092 712.000000 0.297908 
0.697071 724.000000 0.302929 
0.697490 723.000000 0.302510 
0.700000 717.000000 0.300000 
0.695397 728.000000 0.304603 
0.696234 726.000000 0.303766 
0.700418 716.000000 0.299582 
0.698745 720.000000 0.301255 
0.696234 726.000000 0.303766 
0.697908 722.000000 0.302092 
0.694979 729.000000 0.305021 
0.696653 725.000000 0.303347 
0.698326 721.000000 0.301674 
0.699163 719.000000 0.300837 
0.694979 729.000000 0.305021 
0.694561 730.000000 0.305439 
0.702929 710.000000 0.297071 
0.703347 709.000000 0.296653 
0.693305 733.000000 0.306695 
0.703766 708.000000 0.296234 
0.700000 717.000000 0.300000 
0.702510 711.000000 0.297490 
0.697071 724.000000 0.302929 
0.696653 725.000000 0.303347 
0.695816 727.000000 0.304184 
0.698745 720.000000 0.301255 
0.691213 738.000000 0.308787 
0.698745 720.000000 0.301255 
0.699582 718.000000 0.300418 
0.697490 723.000000 0.302510 
0.692887 734.000000 0.307113 
0.702929 710.000000 0.297071 
0.697908 722.000000 0.302092 
0.699582 718.000000 0.300418 
0.698326 721.000000 0.301674 
0.694561 730.000000 0.305439 
0.692469 735.000000 0.307531 
0.702510 711.000000 0.297490 
0.696234 726.000000 0.303766 
0.698326 721.000000 0.301674 
0.696234 726.000000 0.303766 
0.697490 723.000000 0.302510 
0.703347 709.000000 0.296653 
0.701674 713.000000 0.298326 
0.702929 710.000000 0.297071 
0.694142 731.000000 0.305858 
0.698745 720.000000 0.301255 
0.693305 733.000000 0.306695 
0.701674 713.000000 0.298326 
0.701674 713.000000 0.298326 
0.702510 711.000000 0.297490 
0.697490 723.000000 0.302510 
0.696653 725.000000 0.303347 
0.697071 724.000000 0.302929 
0.692469 735.000000 0.307531 
0.698326 721.000000 0.301674 
0.697908 722.000000 0.302092 
0.697908 722.000000 0.302092 
0.696653 725.000000 0.303347 
0.697071 724.000000 0.302929 
0.699582 718.000000 0.300418 
0.699582 718.000000 0.300418 
0.698745 720.000000 0.301255 
0.694142 731.000000 0.305858 
0.700837 715.000000 0.299163 
0.699163 719.000000 0.300837 
0.697908 722.000000 0.302092 
0.699163 719.000000 0.300837 
0.699582 718.000000 0.300418 
0.699163 719.000000 0.300837 
0.701674 713.000000 0.298326 
0.700837 715.000000 0.299163 
0.700837 715.000000 0.299163 
0.703347 709.000000 0.296653 
0.696234 726.000000 0.303766 
0.698326 721.000000 0.301674 
0.700000 717.000000 0.300000 
0.700000 717.000000 0.300000 
0.699582 718.000000 0.300418 
0.695397 728.000000 0.304603 
0.700418 716.000000 0.299582 
0.693305 733.000000 0.306695 
0.694561 730.000000 0.305439 
0.698326 721.000000 0.301674 
0.701674 713.000000 0.298326 
0.697490 723.000000 0.302510 
0.693724 732.000000 0.306276 
0.697908 722.000000 0.302092 
0.702092 712.000000 0.297908 
0.697908 722.000000 0.302092 
0.701674 713.000000 0.298326 
0.699163 719.000000 0.300837 
0.700837 715.000000 0.299163 
0.699163 719.000000 0.300837 
0.697908 722.000000 0.302092 
0.702092 712.000000 0.297908 
0.699582 718.000000 0.300418 
0.692887 734.000000 0.307113 
0.697908 722.000000 0.302092 
0.699163 719.000000 0.300837 
0.700418 716.000000 0.299582 
0.694561 730.000000 0.305439 
0.695816 727.000000 0.304184 
0.696653 725.000000 0.303347 
0.697490 723.000000 0.302510 
0.697490 723.000000 0.302510 
0.697490 723.000000 0.302510 
0.694561 730.000000 0.305439 
0.699582 718.000000 0.300418 
0.695397 728.000000 0.304603 
0.701674 713.000000 0.298326 
0.698745 720.000000 0.301255 
0.696234 726.000000 0.303766 
0.700418 716.000000 0.299582 
0.701255 714.000000 0.298745 
0.693305 733.000000 0.306695 
0.698326 721.000000 0.301674 
0.700000 717.000000 0.300000 
0.695816 727.000000 0.304184 
0.696234 726.000000 0.303766 
0.695816 727.000000 0.304184 
0.696653 725.000000 0.303347 
0.698745 720.000000 0.301255 
0.694561 730.000000 0.305439 
0.701255 714.000000 0.298745 
0.697908 722.000000 0.302092 
0.700418 716.000000 0.299582 
0.701255 714.000000 0.298745 
0.699582 718.000000 0.300418 
0.697071 724.000000 0.302929 
0.696653 725.000000 0.303347 
0.701255 714.000000 0.298745 
0.695397 728.000000 0.304603 
0.694142 731.000000 0.305858 
0.698326 721.000000 0.301674 
0.697071 724.000000 0.302929 
0.696653 725.000000 0.303347 
0.696653 725.000000 0.303347 
0.697490 723.000000 0.302510 
0.701674 713.000000 0.298326 
0.696653 725.000000 0.303347 
0.696234 726.000000 0.303766 
0.698745 720.000000 0.301255 
0.699163 719.000000 0.300837 
0.698326 721.000000 0.301674 
0.696234 726.000000 0.303766 
0.698745 720.000000 0.301255 
0.697071 724.000000 0.302929 
0.700837 715.000000 0.299163 
0.697071 724.000000 0.302929 
0.695816 727.000000 0.304184 
0.698326 721.000000 0.301674 
0.696234 726.000000 0.303766 
0.700418 716.000000 0.299582 
0.699582 718.000000 0.300418 
0.693724 732.000000 0.306276 
0.697490 723.000000 0.302510 
0.696234 726.000000 0.303766 
0.700418 716.000000 0.299582 
0.697908 722.000000 0.302092 
0.700837 715.000000 0.299163 
0.698326 721.000000 0.301674 
0.696653 725.000000 0.303347 
0.699163 719.000000 0.300837 
0.697490 723.000000 0.302510 
0.697908 722.000000 0.302092 
0.699582 718.000000 0.300418 
0.698745 720.000000 0.301255 
0.699163 719.000000 0.300837 
0.698326 721.000000 0.301674 
0.698745 720.000000 0.301255 
0.697071 724.000000 0.302929 
0.700000 717.000000 0.300000 
0.692887 734.000000 0.307113 
0.700418 716.000000 0.299582 
0.699582 718.000000 0.300418 
0.697490 723.000000 0.302510 
0.700837 715.000000 0.299163 
0.699163 719.000000 0.300837 
0.696653 725.000000 0.303347 
0.697908 722.000000 0.302092 
0.697071 724.000000 0.302929 
0.698745 720.000000 0.301255 
0.693305 733.000000 0.306695 
0.699582 718.000000 0.300418 
0.698326 721.000000 0.301674 
0.694561 730.000000 0.305439 
0.698326 721.000000 0.301674 
0.699163 719.000000 0.300837 
0.697071 724.000000 0.302929 
0.697490 723.000000 0.302510 
0.702092 712.000000 0.297908 
0.699163 719.000000 0.300837 
0.697908 722.000000 0.302092 
0.696653 725.000000 0.303347 
0.697908 722.000000 0.302092 
0.697490 723.000000 0.302510 
0.700000 717.000000 0.300000 
0.695397 728.000000 0.304603 
0.693724 732.000000 0.306276 
0.698326 721.000000 0.301674 
0.697071 724.000000 0.302929 
0.698326 721.000000 0.301674 
0.701255 714.000000 0.298745 
0.697490 723.000000 0.302510 
0.696653 725.000000 0.303347 
0.703347 709.000000 0.296653 
0.697490 723.000000 0.302510 
0.700000 717.000000 0.300000 
0.697071 724.000000 0.302929 
0.699582 718.000000 0.300418 
0.699582 718.000000 0.300418 
0.697490 723.000000 0.302510 
0.698745 720.000000 0.301255 
0.700837 715.000000 0.299163 
0.695816 727.000000 0.304184 
0.699163 719.000000 0.300837 
0.694979 729.000000 0.305021 
0.698745 720.000000 0.301255 
0.697908 722.000000 0.302092 
0.699582 718.000000 0.300418 
0.705439 704.000000 0.294561 
0.699163 719.000000 0.300837 
0.698326 721.000000 0.301674 
0.697490 723.000000 0.302510 
0.697071 724.000000 0.302929 
0.700418 716.000000 0.299582 
0.696653 725.000000 0.303347 
0.700837 715.000000 0.299163 
0.702929 710.000000 0.297071 
0.700000 717.000000 0.300000 
0.698326 721.000000 0.301674 
0.695397 728.000000 0.304603 
0.695397 728.000000 0.304603 
0.701674 713.000000 0.298326 
0.694142 731.000000 0.305858 
0.700418 716.000000 0.299582 
0.696653 725.000000 0.303347 
0.697490 723.000000 0.302510 
0.695816 727.000000 0.304184 
0.695816 727.000000 0.304184 
0.696653 725.000000 0.303347 
0.699163 719.000000 0.300837 
0.697490 723.000000 0.302510 
0.702510 711.000000 0.297490 
0.697908 722.000000 0.302092 
0.699163 719.000000 0.300837 
0.700000 717.000000 0.300000 
0.695397 728.000000 0.304603 
0.696653 725.000000 0.303347 
0.702510 711.000000 0.297490 
0.697490 723.000000 0.302510 
0.698326 721.000000 0.301674 
0.700000 717.000000 0.300000 
0.702092 712.000000 0.297908 
0.698745 720.000000 0.301255 
0.700000 717.000000 0.300000 
0.697071 724.000000 0.302929 
0.697908 722.000000 0.302092 
0.697908 722.000000 0.302092 
0.699582 718.000000 0.300418 
0.701674 713.000000 0.298326 
0.701255 714.000000 0.298745 
0.695816 727.000000 0.304184 
0.701674 713.000000 0.298326 
0.698326 721.000000 0.301674 
0.698326 721.000000 0.301674 
0.697071 724.000000 0.302929 
0.696234 726.000000 0.303766 
0.699163 719.000000 0.300837 
0.700837 715.000000 0.299163 
0.702929 710.000000 0.297071 
0.701255 714.000000 0.298745 
0.693724 732.000000 0.306276 
0.700837 715.000000 0.299163 
0.696653 725.000000 0.303347 
0.698326 721.000000 0.301674 
0.698326 721.000000 0.301674 
0.696653 725.000000 0.303347 
0.699163 719.000000 0.300837 
0.697908 722.000000 0.302092 
0.694979 729.000000 0.305021 
0.699582 718.000000 0.300418 
0.704184 707.000000 0.295816 
0.694561 730.000000 0.305439 
0.699582 718.000000 0.300418 
0.700000 717.000000 0.300000 
0.696653 725.000000 0.303347 
0.694142 731.000000 0.305858 
0.699582 718.000000 0.300418 
0.697071 724.000000 0.302929 
0.697490 723.000000 0.302510 
0.694561 730.000000 0.305439 
0.697071 724.000000 0.302929 
0.703766 708.000000 0.296234 
0.694979 729.000000 0.305021 
0.694979 729.000000 0.305021 
0.699582 718.000000 0.300418 
0.696653 725.000000 0.303347 
0.696234 726.000000 0.303766 
0.698745 720.000000 0.301255 
0.699582 718.000000 0.300418 
0.697490 723.000000 0.302510 
0.700837 715.000000 0.299163 
0.698326 721.000000 0.301674 
0.696653 725.000000 0.303347 
0.697071 724.000000 0.302929 
0.700837 715.000000 0.299163 
0.697908 722.000000 0.302092 
0.697490 723.000000 0.302510 
0.697490 723.000000 0.302510 
0.700418 716.000000 0.299582 
0.696234 726.000000 0.303766 
0.707113 700.000000 0.292887 
0.698745 720.000000 0.301255 
0.697908 722.000000 0.302092 
0.696234 726.000000 0.303766 
0.691632 737.000000 0.308368 
0.701255 714.000000 0.298745 
0.697071 724.000000 0.302929 
0.696653 725.000000 0.303347 
0.702092 712.000000 0.297908 
0.703766 708.000000 0.296234 
0.700837 715.000000 0.299163 
0.700418 716.000000 0.299582 
0.698326 721.000000 0.301674 
0.696653 725.000000 0.303347 
0.693724 732.000000 0.306276 
0.698745 720.000000 0.301255 
0.702092 712.000000 0.297908 
0.694561 730.000000 0.305439 
0.700837 715.000000 0.299163 
0.699163 719.000000 0.300837 
0.699582 718.000000 0.300418 
0.697908 722.000000 0.302092 
0.700000 717.000000 0.300000 
0.699582 718.000000 0.300418 
0.696234 726.000000 0.303766 
0.702929 710.000000 0.297071 
0.701255 714.000000 0.298745 
0.700837 715.000000 0.299163 
0.699163 719.000000 0.300837 
0.697490 723.000000 0.302510 
0.697908 722.000000 0.302092 
0.696234 726.000000 0.303766 
0.696653 725.000000 0.303347 
0.695397 728.000000 0.304603 
0.697908 722.000000 0.302092 
0.698326 721.000000 0.301674 
0.695816 727.000000 0.304184 
0.697071 724.000000 0.302929 
0.701674 713.000000 0.298326 
0.706695 701.000000 0.293305 
0.701674 713.000000 0.298326 
0.696653 725.000000 0.303347 
0.696653 725.000000 0.303347 
0.700418 716.000000 0.299582 
0.695397 728.000000 0.304603 
0.699163 719.000000 0.300837 
0.698326 721.000000 0.301674 
0.695816 727.000000 0.304184 
0.698745 720.000000 0.301255 
0.694561 730.000000 0.305439 
0.697490 723.000000 0.302510 
0.699163 719.000000 0.300837 
0.702092 712.000000 0.297908 
0.702510 711.000000 0.297490 
0.703766 708.000000 0.296234 
0.697071 724.000000 0.302929 
0.697908 722.000000 0.302092 
0.698326 721.000000 0.301674 
0.697490 723.000000 0.302510 
0.697490 723.000000 0.302510 
0.699582 718.000000 0.300418 
0.697071 724.000000 0.302929 
0.700000 717.000000 0.300000 
0.696234 726.000000 0.303766 
0.699582 718.000000 0.300418 
0.693724 732.000000 0.306276 
0.698326 721.000000 0.301674 
0.700000 717.000000 0.300000 
0.698745 720.000000 0.301255 
0.699163 719.000000 0.300837 
0.699163 719.000000 0.300837 
0.696653 725.000000 0.303347 
0.698745 720.000000 0.301255 
0.694979 729.000000 0.305021 
0.696653 725.000000 0.303347 
0.698745 720.000000 0.301255 
0.697071 724.000000 0.302929 
0.694561 730.000000 0.305439 
0.701255 714.000000 0.298745 
0.697071 724.000000 0.302929 
0.697490 723.000000 0.302510 
0.699582 718.000000 0.300418 
0.702092 712.000000 0.297908 
0.698745 720.000000 0.301255 
0.704603 706.000000 0.295397 
0.700000 717.000000 0.300000 
0.695397 728.000000 0.304603 
0.701255 714.000000 0.298745 
0.697908 722.000000 0.302092 
0.690795 739.000000 0.309205 
0.696653 725.000000 0.303347 
0.696234 726.000000 0.303766 
0.700000 717.000000 0.300000 
0.701255 714.000000 0.298745 
0.700000 717.000000 0.300000 
0.699582 718.000000 0.300418 
0.697908 722.000000 0.302092 
0.698326 721.000000 0.301674 
0.700837 715.000000 0.299163 
0.698745 720.000000 0.301255 
0.696653 725.000000 0.303347 
0.697071 724.000000 0.302929 
0.698326 721.000000 0.301674 
0.698745 720.000000 0.301255 
0.697908 722.000000 0.302092 
0.703766 708.000000 0.296234 
0.701674 713.000000 0.298326 
0.697490 723.000000 0.302510 
0.696234 726.000000 0.303766 
0.701674 713.000000 0.298326 
0.698326 721.000000 0.301674 
0.699163 719.000000 0.300837 
0.697908 722.000000 0.302092 
0.702929 710.000000 0.297071 
0.700000 717.000000 0.300000 
0.699163 719.000000 0.300837 
0.696653 725.000000 0.303347 
0.697071 724.000000 0.302929 
0.695816 727.000000 0.304184 
0.699163 719.000000 0.300837 
0.700418 716.000000 0.299582 
0.699163 719.000000 0.300837 
0.698745 720.000000 0.301255 
0.700418 716.000000 0.299582 
0.697071 724.000000 0.302929 
0.697490 723.000000 0.302510 
0.698745 720.000000 0.301255 
0.697071 724.000000 0.302929 
0.697490 723.000000 0.302510 
0.702510 711.000000 0.297490 
0.696234 726.000000 0.303766 
0.694979 729.000000 0.305021 
0.697071 724.000000 0.302929 
0.698745 720.000000 0.301255 
0.701674 713.000000 0.298326 
0.699582 718.000000 0.300418 
0.697908 722.000000 0.302092 
0.697490 723.000000 0.302510 
0.700837 715.000000 0.299163 
0.702510 711.000000 0.297490 
0.698745 720.000000 0.301255 
0.697908 722.000000 0.302092 
0.703766 708.000000 0.296234 
0.698745 720.000000 0.301255 
0.696653 725.000000 0.303347 
0.693305 733.000000 0.306695 
0.695397 728.000000 0.304603 
0.697908 722.000000 0.302092 
0.698745 720.000000 0.301255 
0.699582 718.000000 0.300418 
0.698326 721.000000 0.301674 
0.697490 723.000000 0.302510 
0.700418 716.000000 0.299582 
0.697490 723.000000 0.302510 
0.697908 722.000000 0.302092 
0.693305 733.000000 0.306695 
0.700837 715.000000 0.299163 
0.694561 730.000000 0.305439 
0.696234 726.000000 0.303766 
0.694979 729.000000 0.305021 
0.705439 704.000000 0.294561 
0.700000 717.000000 0.300000 
0.698326 721.000000 0.301674 
0.692469 735.000000 0.307531 
0.702510 711.000000 0.297490 
0.696234 726.000000 0.303766 
0.700837 715.000000 0.299163 
0.702929 710.000000 0.297071 
0.696653 725.000000 0.303347 
0.698745 720.000000 0.301255 
0.697908 722.000000 0.302092 
0.700000 717.000000 0.300000 
0.697908 722.000000 0.302092 
0.693724 732.000000 0.306276 
0.694561 730.000000 0.305439 
0.698745 720.000000 0.301255 
0.700837 715.000000 0.299163 
0.699163 719.000000 0.300837 
0.700418 716.000000 0.299582 
0.700000 717.000000 0.300000 
0.693724 732.000000 0.306276 
0.701674 713.000000 0.298326 
0.697908 722.000000 0.302092 
0.696653 725.000000 0.303347 
0.698745 720.000000 0.301255 
0.698326 721.000000 0.301674 
0.697908 722.000000 0.302092 
0.698745 720.000000 0.301255 
0.699582 718.000000 0.300418 
0.699163 719.000000 0.300837 
0.699163 719.000000 0.300837 
0.699163 719.000000 0.300837 
0.696234 726.000000 0.303766 
0.700000 717.000000 0.300000 
0.695816 727.000000 0.304184 
0.696234 726.000000 0.303766 
0.697071 724.000000 0.302929 
0.699163 719.000000 0.300837 
0.702929 710.000000 0.297071 
0.698326 721.000000 0.301674 
0.695816 727.000000 0.304184 
0.697490 723.000000 0.302510 
0.696653 725.000000 0.303347 
0.702092 712.000000 0.297908 
0.697490 723.000000 0.302510 
0.702092 712.000000 0.297908 
0.696234 726.000000 0.303766 
0.697071 724.000000 0.302929 
0.695397 728.000000 0.304603 
0.699163 719.000000 0.300837 
0.699163 719.000000 0.300837 
0.696234 726.000000 0.303766 
0.698745 720.000000 0.301255 
0.698745 720.000000 0.301255 
0.697908 722.000000 0.302092 
0.700837 715.000000 0.299163 
0.699163 719.000000 0.300837 
0.701674 713.000000 0.298326 
0.702092 712.000000 0.297908 
0.698326 721.000000 0.301674 
0.699582 718.000000 0.300418 
0.697908 722.000000 0.302092 
0.698326 721.000000 0.301674 
0.694979 729.000000 0.305021 
0.701255 714.000000 0.298745 
0.696653 725.000000 0.303347 
0.696234 726.000000 0.303766 
0.699582 718.000000 0.300418 
0.700837 715.000000 0.299163 
0.696653 725.000000 0.303347 
0.692887 734.000000 0.307113 
0.699582 718.000000 0.300418 
0.702929 710.000000 0.297071 
0.704184 707.000000 0.295816 
0.699582 718.000000 0.300418 
0.692887 734.000000 0.307113 
0.693305 733.000000 0.306695 
0.697071 724.000000 0.302929 
0.697908 722.000000 0.302092 
0.700418 716.000000 0.299582 
0.698745 720.000000 0.301255 
0.697908 722.000000 0.302092 
0.697908 722.000000 0.302092 
0.698745 720.000000 0.301255 
0.692469 735.000000 0.307531 
0.693724 732.000000 0.306276 
0.700418 716.000000 0.299582 
0.697071 724.000000 0.302929 
0.697490 723.000000 0.302510 
0.700837 715.000000 0.299163 
0.699582 718.000000 0.300418 
0.698326 721.000000 0.301674 
0.700837 715.000000 0.299163 
0.700000 717.000000 0.300000 
0.700837 715.000000 0.299163 
0.696234 726.000000 0.303766 
0.699163 719.000000 0.300837 
0.697908 722.000000 0.302092 
0.700837 715.000000 0.299163 
0.697071 724.000000 0.302929 
0.702929 710.000000 0.297071 
0.694561 730.000000 0.305439 
0.700000 717.000000 0.300000 
0.700418 716.000000 0.299582 
0.692050 736.000000 0.307950 
0.704184 707.000000 0.295816 
0.697908 722.000000 0.302092 
0.698745 720.000000 0.301255 
0.694561 730.000000 0.305439 
0.696653 725.000000 0.303347 
0.698326 721.000000 0.301674 
0.695397 728.000000 0.304603 
0.701255 714.000000 0.298745 
0.699163 719.000000 0.300837 
0.698326 721.000000 0.301674 
0.698745 720.000000 0.301255 
0.701674 713.000000 0.298326 
0.697490 723.000000 0.302510 
0.696653 725.000000 0.303347 
0.696653 725.000000 0.303347 
0.701674 713.000000 0.298326 
0.696234 726.000000 0.303766 
0.704184 707.000000 0.295816 
0.697490 723.000000 0.302510 
0.699582 718.000000 0.300418 
0.692887 734.000000 0.307113 
0.698745 720.000000 0.301255 
0.700000 717.000000 0.300000 
0.696234 726.000000 0.303766 
0.697071 724.000000 0.302929 
0.700837 715.000000 0.299163 
0.696653 725.000000 0.303347 
0.699582 718.000000 0.300418 
0.696653 725.000000 0.303347 
0.703347 709.000000 0.296653 
0.702510 711.000000 0.297490 
0.694979 729.000000 0.305021 
0.701674 713.000000 0.298326 
0.698745 720.000000 0.301255 
0.697490 723.000000 0.302510 
0.701674 713.000000 0.298326 
0.697071 724.000000 0.302929 
0.699163 719.000000 0.300837 
0.697071 724.000000 0.302929 
0.699582 718.000000 0.300418 
0.700418 716.000000 0.299582 
0.699163 719.000000 0.300837 
0.703766 708.000000 0.296234 
0.701674 713.000000 0.298326 
0.698745 720.000000 0.301255 
0.697908 722.000000 0.302092 
0.695397 728.000000 0.304603 
0.701255 714.000000 0.298745 
0.698745 720.000000 0.301255 
0.700000 717.000000 0.300000 
0.697908 722.000000 0.302092 
0.702092 712.000000 0.297908 
0.702092 712.000000 0.297908 
0.698745 720.000000 0.301255 
0.704184 707.000000 0.295816 
0.700837 715.000000 0.299163 
0.692050 736.000000 0.307950 
0.703347 709.000000 0.296653 
0.702092 712.000000 0.297908 
0.699163 719.000000 0.300837 
0.702092 712.000000 0.297908 
0.696653 725.000000 0.303347 
0.697071 724.000000 0.302929 
0.701255 714.000000 0.298745 
0.696234 726.000000 0.303766 
0.697490 723.000000 0.302510 
0.700000 717.000000 0.300000 
0.700000 717.000000 0.300000 
0.697490 723.000000 0.302510 
0.705858 703.000000 0.294142 
0.697071 724.000000 0.302929 
0.694561 730.000000 0.305439 
0.696234 726.000000 0.303766 
0.700418 716.000000 0.299582 
0.700000 717.000000 0.300000 
0.699582 718.000000 0.300418 
0.692050 736.000000 0.307950 
0.695816 727.000000 0.304184 
0.699582 718.000000 0.300418 
0.697908 722.000000 0.302092 
0.692469 735.000000 0.307531 
0.693724 732.000000 0.306276 
0.695816 727.000000 0.304184 
0.697490 723.000000 0.302510 
0.700000 717.000000 0.300000 
0.697908 722.000000 0.302092 
0.695816 727.000000 0.304184 
0.697908 722.000000 0.302092 
0.693305 733.000000 0.306695 
0.696653 725.000000 0.303347 
0.699582 718.000000 0.300418 
0.701674 713.000000 0.298326 
0.697071 724.000000 0.302929 
0.699163 719.000000 0.300837 
0.701674 713.000000 0.298326 
0.698745 720.000000 0.301255 
0.695397 728.000000 0.304603 
0.697908 722.000000 0.302092 
0.696234 726.000000 0.303766 
0.696653 725.000000 0.303347 
0.699582 718.000000 0.300418 
0.698326 721.000000 0.301674 
0.700418 716.000000 0.299582 
0.692887 734.000000 0.307113 
0.700000 717.000000 0.300000 
0.701255 714.000000 0.298745 
0.698326 721.000000 0.301674 
0.694561 730.000000 0.305439 
0.693724 732.000000 0.306276 
0.696234 726.000000 0.303766 
0.702092 712.000000 0.297908 
0.697490 723.000000 0.302510 
0.697490 723.000000 0.302510 
0.699582 718.000000 0.300418 
0.699582 718.000000 0.300418 
0.705021 705.000000 0.294979 
0.700000 717.000000 0.300000 
0.701255 714.000000 0.298745 
0.702510 711.000000 0.297490 
0.698326 721.000000 0.301674 
0.699582 718.000000 0.300418 
0.692469 735.000000 0.307531 
0.702929 710.000000 0.297071 
0.700000 717.000000 0.300000 
0.697908 722.000000 0.302092 
0.695397 728.000000 0.304603 
0.694979 729.000000 0.305021 
0.694979 729.000000 0.305021 
0.697071 724.000000 0.302929 
0.698745 720.000000 0.301255 
0.700418 716.000000 0.299582 
0.694561 730.000000 0.305439 
0.696653 725.000000 0.303347 
0.693305 733.000000 0.306695 
0.699163 719.000000 0.300837 
0.701674 713.000000 0.298326 
0.698745 720.000000 0.301255 
0.699582 718.000000 0.300418 
0.699582 718.000000 0.300418 
0.694142 731.000000 0.305858 
0.700418 716.000000 0.299582 
0.697908 722.000000 0.302092 
0.700837 715.000000 0.299163 
0.697071 724.000000 0.302929 
0.699582 718.000000 0.300418 
0.696234 726.000000 0.303766 
0.691213 738.000000 0.308787 
0.704603 706.000000 0.295397 
0.696653 725.000000 0.303347 
0.693305 733.000000 0.306695 
0.699163 719.000000 0.300837 
0.694979 729.000000 0.305021 
0.699163 719.000000 0.300837 
0.700000 717.000000 0.300000 
0.700837 715.000000 0.299163 
0.697490 723.000000 0.302510 
0.695397 728.000000 0.304603 
0.699163 719.000000 0.300837 
0.694142 731.000000 0.305858 
0.699163 719.000000 0.300837 
0.692887 734.000000 0.307113 
0.690377 740.000000 0.309623 
0.694142 731.000000 0.305858 
0.698745 720.000000 0.301255 
0.699582 718.000000 0.300418 
0.702092 712.000000 0.297908 
0.692887 734.000000 0.307113 
0.697908 722.000000 0.302092 
0.703766 708.000000 0.296234 
0.694561 730.000000 0.305439 
0.698745 720.000000 0.301255 
0.696234 726.000000 0.303766 
0.698326 721.000000 0.301674 
0.695397 728.000000 0.304603 
0.699582 718.000000 0.300418 
0.696234 726.000000 0.303766 
0.698745 720.000000 0.301255 
0.697071 724.000000 0.302929 
0.694561 730.000000 0.305439 
0.692887 734.000000 0.307113 
0.693724 732.000000 0.306276 
0.700837 715.000000 0.299163 
0.694561 730.000000 0.305439 
0.695397 728.000000 0.304603 
0.696234 726.000000 0.303766 
0.697490 723.000000 0.302510 
0.700837 715.000000 0.299163 
0.697071 724.000000 0.302929 
0.698326 721.000000 0.301674 
0.697071 724.000000 0.302929 
0.697490 723.000000 0.302510 
0.695397 728.000000 0.304603 
0.702510 711.000000 0.297490 
0.696234 726.000000 0.303766 
0.697071 724.000000 0.302929 
0.699582 718.000000 0.300418 
0.695816 727.000000 0.304184 
0.695397 728.000000 0.304603 
0.697071 724.000000 0.302929 
0.701255 714.000000 0.298745 
0.697490 723.000000 0.302510 
0.696653 725.000000 0.303347 
0.696234 726.000000 0.303766 
0.701255 714.000000 0.298745 
0.698745 720.000000 0.301255 
0.697071 724.000000 0.302929 
0.692887 734.000000 0.307113 
0.696653 725.000000 0.303347 
0.700418 716.000000 0.299582 
0.699163 719.000000 0.300837 
0.699163 719.000000 0.300837 
0.701674 713.000000 0.298326 
0.697490 723.000000 0.302510 
0.701674 713.000000 0.298326 
0.702510 711.000000 0.297490 
0.699582 718.000000 0.300418 
0.699163 719.000000 0.300837 
0.698745 720.000000 0.301255 
0.697071 724.000000 0.302929 
0.702929 710.000000 0.297071 
0.701255 714.000000 0.298745 
0.695816 727.000000 0.304184 
0.697071 724.000000 0.302929 
0.698326 721.000000 0.301674 
0.695397 728.000000 0.304603 
0.700837 715.000000 0.299163 
0.702510 711.000000 0.297490 
0.694561 730.000000 0.305439 
0.700418 716.000000 0.299582 
0.702092 712.000000 0.297908 
0.697490 723.000000 0.302510 
0.698326 721.000000 0.301674 
0.695397 728.000000 0.304603 
0.700000 717.000000 0.300000 
0.693305 733.000000 0.306695 
0.701674 713.000000 0.298326 
0.699163 719.000000 0.300837 
0.696234 726.000000 0.303766 
0.700837 715.000000 0.299163 
0.699163 719.000000 0.300837 
0.700837 715.000000 0.299163 
0.699163 719.000000 0.300837 
0.694979 729.000000 0.305021 
0.700418 716.000000 0.299582 
0.696653 725.000000 0.303347 
0.699582 718.000000 0.300418 
0.698326 721.000000 0.301674 
0.702092 712.000000 0.297908 
0.696653 725.000000 0.303347 
0.691213 738.000000 0.308787 
0.700837 715.000000 0.299163 
0.698745 720.000000 0.301255 
0.695397 728.000000 0.304603 
0.697490 723.000000 0.302510 
0.700418 716.000000 0.299582 
0.696234 726.000000 0.303766 
0.702092 712.000000 0.297908 
0.700837 715.000000 0.299163 
0.702092 712.000000 0.297908 
0.697908 722.000000 0.302092 
0.702092 712.000000 0.297908 
0.698745 720.000000 0.301255 
0.697908 722.000000 0.302092 
0.700000 717.000000 0.300000 
0.693305 733.000000 0.306695 
0.697490 723.000000 0.302510 
0.698326 721.000000 0.301674 
0.695397 728.000000 0.304603 
0.698745 720.000000 0.301255 
0.697908 722.000000 0.302092 
0.694142 731.000000 0.305858 
0.698745 720.000000 0.301255 
0.702092 712.000000 0.297908 
0.700418 716.000000 0.299582 
0.702092 712.000000 0.297908 
0.699163 719.000000 0.300837 
0.700000 717.000000 0.300000 
0.696653 725.000000 0.303347 
0.699582 718.000000 0.300418 
0.697908 722.000000 0.302092 
0.698326 721.000000 0.301674 
0.695397 728.000000 0.304603 
0.696653 725.000000 0.303347 
0.698326 721.000000 0.301674 
0.695397 728.000000 0.304603 
0.697490 723.000000 0.302510 
0.698745 720.000000 0.301255 
0.697908 722.000000 0.302092 
0.697490 723.000000 0.302510 
0.697071 724.000000 0.302929 
0.699163 719.000000 0.300837 
0.700418 716.000000 0.299582 
0.695816 727.000000 0.304184 
0.694142 731.000000 0.305858 
0.705439 704.000000 0.294561 
0.694142 731.000000 0.305858 
0.702092 712.000000 0.297908 
0.701674 713.000000 0.298326 
0.697490 723.000000 0.302510 
0.699163 719.000000 0.300837 
0.700837 715.000000 0.299163 
0.693724 732.000000 0.306276 
0.693305 733.000000 0.306695 
0.698326 721.000000 0.301674 
0.701255 714.000000 0.298745 
0.702092 712.000000 0.297908 
0.698326 721.000000 0.301674 
0.697071 724.000000 0.302929 
0.697490 723.000000 0.302510 
0.701255 714.000000 0.298745 
0.697490 723.000000 0.302510 
0.700418 716.000000 0.299582 
0.700837 715.000000 0.299163 
0.700000 717.000000 0.300000 
0.699163 719.000000 0.300837 
0.695816 727.000000 0.304184 
0.696234 726.000000 0.303766 
0.693724 732.000000 0.306276 
0.695397 728.000000 0.304603 
0.697490 723.000000 0.302510 
0.700418 716.000000 0.299582 
0.702092 712.000000 0.297908 
0.700418 716.000000 0.299582 
0.697908 722.000000 0.302092 
0.700000 717.000000 0.300000 
0.697071 724.000000 0.302929 
0.702510 711.000000 0.297490 
0.696653 725.000000 0.303347 
0.698745 720.000000 0.301255 
0.701255 714.000000 0.298745 
0.700418 716.000000 0.299582 
0.694561 730.000000 0.305439 
0.700837 715.000000 0.299163 
0.697071 724.000000 0.302929 
0.700000 717.000000 0.300000 
0.700418 716.000000 0.299582 
0.694561 730.000000 0.305439 
0.698326 721.000000 0.301674 
0.694561 730.000000 0.305439 
0.697071 724.000000 0.302929 
0.697490 723.000000 0.302510 
0.697490 723.000000 0.302510 
0.698745 720.000000 0.301255 
0.696653 725.000000 0.303347 
0.701674 713.000000 0.298326 
0.696234 726.000000 0.303766 
0.699163 719.000000 0.300837 
0.700000 717.000000 0.300000 
0.699163 719.000000 0.300837 
0.696653 725.000000 0.303347 
0.696234 726.000000 0.303766 
0.695397 728.000000 0.304603 
0.696234 726.000000 0.303766 
0.698326 721.000000 0.301674 
0.697908 722.000000 0.302092 
0.696234 726.000000 0.303766 
0.701674 713.000000 0.298326 
0.697071 724.000000 0.302929 
0.697071 724.000000 0.302929 
0.700418 716.000000 0.299582 
0.700837 715.000000 0.299163 
0.699163 719.000000 0.300837 
0.696653 725.000000 0.303347 
0.695816 727.000000 0.304184 
0.697071 724.000000 0.302929 
0.699582 718.000000 0.300418 
0.700418 716.000000 0.299582 
0.692887 734.000000 0.307113 
0.697071 724.000000 0.302929 
0.698326 721.000000 0.301674 
0.695816 727.000000 0.304184 
0.695816 727.000000 0.304184 
0.694561 730.000000 0.305439 
0.697071 724.000000 0.302929 
0.696653 725.000000 0.303347 
0.701674 713.000000 0.298326 
0.699163 719.000000 0.300837 
0.702092 712.000000 0.297908 
0.698326 721.000000 0.301674 
0.696653 725.000000 0.303347 
0.699582 718.000000 0.300418 
0.695397 728.000000 0.304603 
0.700837 715.000000 0.299163 
0.699582 718.000000 0.300418 
0.695816 727.000000 0.304184 
0.700000 717.000000 0.300000 
0.694979 729.000000 0.305021 
0.702510 711.000000 0.297490 
0.700000 717.000000 0.300000 
0.694561 730.000000 0.305439 
0.700837 715.000000 0.299163 
0.697908 722.000000 0.302092 
0.695397 728.000000 0.304603 
0.695816 727.000000 0.304184 
0.701674 713.000000 0.298326 
0.695397 728.000000 0.304603 
0.697490 723.000000 0.302510 
0.696234 726.000000 0.303766 
0.697490 723.000000 0.302510 
0.697490 723.000000 0.302510 
0.696653 725.000000 0.303347 
0.692887 734.000000 0.307113 
0.697908 722.000000 0.302092 
0.694979 729.000000 0.305021 
0.696653 725.000000 0.303347 
0.700000 717.000000 0.300000 
0.695397 728.000000 0.304603 
0.695397 728.000000 0.304603 
0.696234 726.000000 0.303766 
0.700418 716.000000 0.299582 
0.701674 713.000000 0.298326 
0.694979 729.000000 0.305021 
0.697071 724.000000 0.302929 
0.695397 728.000000 0.304603 
0.706695 701.000000 0.293305 
0.694979 729.000000 0.305021 
0.701674 713.000000 0.298326 
0.703766 708.000000 0.296234 
0.698745 720.000000 0.301255 
0.697071 724.000000 0.302929 
0.700000 717.000000 0.300000 
0.697490 723.000000 0.302510 
0.695816 727.000000 0.304184 
0.697071 724.000000 0.302929 
0.698326 721.000000 0.301674 
0.700000 717.000000 0.300000 
0.694979 729.000000 0.305021 
0.700837 715.000000 0.299163 
0.702092 712.000000 0.297908 
0.703347 709.000000 0.296653 
0.700418 716.000000 0.299582 
0.697908 722.000000 0.302092 
0.701255 714.000000 0.298745 
0.696653 725.000000 0.303347 
0.696234 726.000000 0.303766 
0.694142 731.000000 0.305858 
0.694561 730.000000 0.305439 
0.698745 720.000000 0.301255 
0.698745 720.000000 0.301255 
0.694561 730.000000 0.305439 
0.698326 721.000000 0.301674 
0.702929 710.000000 0.297071 
0.702510 711.000000 0.297490 
0.697490 723.000000 0.302510 
0.698745 720.000000 0.301255 
0.698745 720.000000 0.301255 
0.698745 720.000000 0.301255 
0.700000 717.000000 0.300000 
0.699163 719.000000 0.300837 
0.700837 715.000000 0.299163 
0.693724 732.000000 0.306276 
0.700418 716.000000 0.299582 
0.698745 720.000000 0.301255 
0.699582 718.000000 0.300418 
0.698326 721.000000 0.301674 
0.700000 717.000000 0.300000 
0.699582 718.000000 0.300418 
0.697908 722.000000 0.302092 
0.697908 722.000000 0.302092 
0.699163 719.000000 0.300837 
0.700418 716.000000 0.299582 
0.698326 721.000000 0.301674 
0.697490 723.000000 0.302510 
0.699582 718.000000 0.300418 
0.695816 727.000000 0.304184 
0.695397 728.000000 0.304603 
0.697490 723.000000 0.302510 
0.693724 732.000000 0.306276 
0.694979 729.000000 0.305021 
0.698326 721.000000 0.301674 
0.694979 729.000000 0.305021 
0.699163 719.000000 0.300837 
0.698745 720.000000 0.301255 
0.694979 729.000000 0.305021 
0.694979 729.000000 0.305021 
0.698326 721.000000 0.301674 
0.696234 726.000000 0.303766 
0.696653 725.000000 0.303347 
0.699582 718.000000 0.300418 
0.706695 701.000000 0.293305 
0.695816 727.000000 0.304184 
0.698326 721.000000 0.301674 
0.696653 725.000000 0.303347 
0.704184 707.000000 0.295816 
0.698326 721.000000 0.301674 
0.699582 718.000000 0.300418 
0.700000 717.000000 0.300000 
0.701674 713.000000 0.298326 
0.697908 722.000000 0.302092 
0.695816 727.000000 0.304184 
0.698326 721.000000 0.301674 
0.694142 731.000000 0.305858 
0.699163 719.000000 0.300837 
0.694142 731.000000 0.305858 
0.696234 726.000000 0.303766 
0.702510 711.000000 0.297490 
0.698326 721.000000 0.301674 
0.694561 730.000000 0.305439 
0.701255 714.000000 0.298745 
0.693305 733.000000 0.306695 
0.700418 716.000000 0.299582 
0.698326 721.000000 0.301674 
0.700837 715.000000 0.299163 
0.700000 717.000000 0.300000 
0.696234 726.000000 0.303766 
0.702510 711.000000 0.297490 
0.694561 730.000000 0.305439 
0.705021 705.000000 0.294979 
0.697490 723.000000 0.302510 
0.699582 718.000000 0.300418 
0.702092 712.000000 0.297908 
0.698745 720.000000 0.301255 
0.695397 728.000000 0.304603 
0.699163 719.000000 0.300837 
0.696234 726.000000 0.303766 
0.699582 718.000000 0.300418 
0.694561 730.000000 0.305439 
0.698326 721.000000 0.301674 
0.695816 727.000000 0.304184 
0.699163 719.000000 0.300837 
0.699582 718.000000 0.300418 
0.700000 717.000000 0.300000 
0.697071 724.000000 0.302929 
0.697908 722.000000 0.302092 
0.699163 719.000000 0.300837 
0.703347 709.000000 0.296653 
0.694561 730.000000 0.305439 
0.698326 721.000000 0.301674 
0.702510 711.000000 0.297490 
0.694142 731.000000 0.305858 
0.698326 721.000000 0.301674 
0.696653 725.000000 0.303347 
0.699163 719.000000 0.300837 
0.697071 724.000000 0.302929 
0.701674 713.000000 0.298326 
0.698745 720.000000 0.301255 
0.698745 720.000000 0.301255 
0.703347 709.000000 0.296653 
0.700000 717.000000 0.300000 
0.694142 731.000000 0.305858 
0.700837 715.000000 0.299163 
0.699582 718.000000 0.300418 
0.695397 728.000000 0.304603 
0.698326 721.000000 0.301674 
0.697071 724.000000 0.302929 
0.700000 717.000000 0.300000 
0.698745 720.000000 0.301255 
0.700418 716.000000 0.299582 
0.694142 731.000000 0.305858 
0.699163 719.000000 0.300837 
0.693724 732.000000 0.306276 
0.695397 728.000000 0.304603 
0.699582 718.000000 0.300418 
0.704184 707.000000 0.295816 
0.699163 719.000000 0.300837 
0.700837 715.000000 0.299163 
0.694979 729.000000 0.305021 
0.697490 723.000000 0.302510 
0.698745 720.000000 0.301255 
0.694142 731.000000 0.305858 
0.700000 717.000000 0.300000 
0.694142 731.000000 0.305858 
0.700418 716.000000 0.299582 
0.699582 718.000000 0.300418 
0.697908 722.000000 0.302092 
0.705021 705.000000 0.294979 
0.700837 715.000000 0.299163 
0.701255 714.000000 0.298745 
0.693305 733.000000 0.306695 
0.697908 722.000000 0.302092 
0.697908 722.000000 0.302092 
0.695816 727.000000 0.304184 
0.697490 723.000000 0.302510 
0.692469 735.000000 0.307531 
0.695397 728.000000 0.304603 
0.700837 715.000000 0.299163 
0.699582 718.000000 0.300418 
0.695816 727.000000 0.304184 
0.697908 722.000000 0.302092 
0.694142 731.000000 0.305858 
0.698326 721.000000 0.301674 
0.697490 723.000000 0.302510 
0.694979 729.000000 0.305021 
0.698745 720.000000 0.301255 
0.697071 724.000000 0.302929 
0.700418 716.000000 0.299582 
0.695816 727.000000 0.304184 
0.700837 715.000000 0.299163 
0.700000 717.000000 0.300000 
0.698745 720.000000 0.301255 
0.703766 708.000000 0.296234 
0.699163 719.000000 0.300837 
0.697490 723.000000 0.302510 
0.700837 715.000000 0.299163 
0.695397 728.000000 0.304603 
0.696234 726.000000 0.303766 
0.698745 720.000000 0.301255 
0.698745 720.000000 0.301255 
0.696653 725.000000 0.303347 
0.694561 730.000000 0.305439 
0.696653 725.000000 0.303347 
0.697071 724.000000 0.302929 
0.703347 709.000000 0.296653 
0.701674 713.000000 0.298326 
0.700837 715.000000 0.299163 
0.696653 725.000000 0.303347 
0.693724 732.000000 0.306276 
0.693305 733.000000 0.306695 
0.700837 715.000000 0.299163 
0.696653 725.000000 0.303347 
0.697071 724.000000 0.302929 
0.695397 728.000000 0.304603 
0.697071 724.000000 0.302929 
0.699582 718.000000 0.300418 
0.698326 721.000000 0.301674 
0.697490 723.000000 0.302510 
0.694979 729.000000 0.305021 
0.698745 720.000000 0.301255 
0.697908 722.000000 0.302092 
0.694561 730.000000 0.305439 
0.698745 720.000000 0.301255 
0.697071 724.000000 0.302929 
0.700000 717.000000 0.300000 
0.697071 724.000000 0.302929 
0.697071 724.000000 0.302929 
0.697071 724.000000 0.302929 
0.697908 722.000000 0.302092 
0.696653 725.000000 0.303347 
0.695816 727.000000 0.304184 
0.699163 719.000000 0.300837 
0.700000 717.000000 0.300000 
0.700837 715.000000 0.299163 
0.698326 721.000000 0.301674 
0.698326 721.000000 0.301674 
0.696653 725.000000 0.303347 
0.698745 720.000000 0.301255 
0.699163 719.000000 0.300837 
0.697071 724.000000 0.302929 
0.697908 722.000000 0.302092 
0.698745 720.000000 0.301255 
0.701674 713.000000 0.298326 
0.701255 714.000000 0.298745 
0.702092 712.000000 0.297908 
0.697908 722.000000 0.302092 
0.701255 714.000000 0.298745 
0.697071 724.000000 0.302929 
0.697490 723.000000 0.302510 
0.700418 716.000000 0.299582 
0.700000 717.000000 0.300000 
0.695816 727.000000 0.304184 
0.698326 721.000000 0.301674 
0.702092 712.000000 0.297908 
0.695816 727.000000 0.304184 
0.695397 728.000000 0.304603 
0.694561 730.000000 0.305439 
0.697071 724.000000 0.302929 
0.695816 727.000000 0.304184 
0.701674 713.000000 0.298326 
0.701255 714.000000 0.298745 
0.695397 728.000000 0.304603 
0.701255 714.000000 0.298745 
0.697908 722.000000 0.302092 
0.699582 718.000000 0.300418 
0.702510 711.000000 0.297490 
0.703766 708.000000 0.296234 
0.697908 722.000000 0.302092 
0.696653 725.000000 0.303347 
0.696653 725.000000 0.303347 
0.697908 722.000000 0.302092 
0.699582 718.000000 0.300418 
0.695397 728.000000 0.304603 
0.697071 724.000000 0.302929 
0.694561 730.000000 0.305439 
0.697490 723.000000 0.302510 
0.697490 723.000000 0.302510 
0.703347 709.000000 0.296653 
0.700837 715.000000 0.299163 
0.698745 720.000000 0.301255 
0.699582 718.000000 0.300418 
0.700418 716.000000 0.299582 
0.695816 727.000000 0.304184 
0.700000 717.000000 0.300000 
0.695816 727.000000 0.304184 
0.696234 726.000000 0.303766 
0.698326 721.000000 0.301674 
0.697071 724.000000 0.302929 
0.699582 718.000000 0.300418 
0.701255 714.000000 0.298745 
0.697908 722.000000 0.302092 
0.695816 727.000000 0.304184 
0.700418 716.000000 0.299582 
0.697908 722.000000 0.302092 
0.697071 724.000000 0.302929 
0.695397 728.000000 0.304603 
0.699163 719.000000 0.300837 
0.696653 725.000000 0.303347 
0.698326 721.000000 0.301674 
0.697490 723.000000 0.302510 
0.698745 720.000000 0.301255 
0.697908 722.000000 0.302092 
0.697490 723.000000 0.302510 
0.699163 719.000000 0.300837 
0.692469 735.000000 0.307531 
0.700000 717.000000 0.300000 
0.700837 715.000000 0.299163 
0.700418 716.000000 0.299582 
0.691632 737.000000 0.308368 
0.693724 732.000000 0.306276 
0.699163 719.000000 0.300837 
0.699163 719.000000 0.300837 
0.701255 714.000000 0.298745 
0.699582 718.000000 0.300418 
0.698326 721.000000 0.301674 
0.699163 719.000000 0.300837 
0.703347 709.000000 0.296653 
0.701255 714.000000 0.298745 
0.702510 711.000000 0.297490 
0.695397 728.000000 0.304603 
0.697490 723.000000 0.302510 
0.697490 723.000000 0.302510 
0.698326 721.000000 0.301674 
0.696653 725.000000 0.303347 
0.704184 707.000000 0.295816 
0.697490 723.000000 0.302510 
0.695816 727.000000 0.304184 
0.700837 715.000000 0.299163 
0.693724 732.000000 0.306276 
0.696653 725.000000 0.303347 
0.698326 721.000000 0.301674 
0.692469 735.000000 0.307531 
0.702510 711.000000 0.297490 
0.698745 720.000000 0.301255 
0.695816 727.000000 0.304184 
0.700837 715.000000 0.299163 
0.697071 724.000000 0.302929 
0.697490 723.000000 0.302510 
0.700418 716.000000 0.299582 
0.695397 728.000000 0.304603 
0.699163 719.000000 0.300837 
0.695397 728.000000 0.304603 
0.701255 714.000000 0.298745 
0.696234 726.000000 0.303766 
0.698326 721.000000 0.301674 
0.697490 723.000000 0.302510 
0.702092 712.000000 0.297908 
0.699582 718.000000 0.300418 
0.697071 724.000000 0.302929 
0.700418 716.000000 0.299582 
0.698326 721.000000 0.301674 
0.700418 716.000000 0.299582 
0.696653 725.000000 0.303347 
0.701255 714.000000 0.298745 
0.694979 729.000000 0.305021 
0.694561 730.000000 0.305439 
0.700837 715.000000 0.299163 
0.699582 718.000000 0.300418 
0.699582 718.000000 0.300418 
0.701255 714.000000 0.298745 
0.697071 724.000000 0.302929 
0.697908 722.000000 0.302092 
