0.720084 669.000000 0.279916 
0.728870 648.000000 0.271130 
0.718828 672.000000 0.281172 
0.718828 672.000000 0.281172 
0.725105 657.000000 0.274895 
0.723849 660.000000 0.276151 
0.721339 666.000000 0.278661 
0.721339 666.000000 0.278661 
0.723013 662.000000 0.276987 
0.718828 672.000000 0.281172 
0.723849 660.000000 0.276151 
0.723431 661.000000 0.276569 
0.725523 656.000000 0.274477 
0.723849 660.000000 0.276151 
0.726778 653.000000 0.273222 
0.724268 659.000000 0.275732 
0.721339 666.000000 0.278661 
0.725105 657.000000 0.274895 
0.723013 662.000000 0.276987 
0.724268 659.000000 0.275732 
0.728452 649.000000 0.271548 
0.723849 660.000000 0.276151 
0.724268 659.000000 0.275732 
0.724686 658.000000 0.275314 
0.723431 661.000000 0.276569 
0.725105 657.000000 0.274895 
0.721339 666.000000 0.278661 
0.726778 653.000000 0.273222 
0.723849 660.000000 0.276151 
0.720502 668.000000 0.279498 
0.725941 655.000000 0.274059 
0.721757 665.000000 0.278243 
0.717573 675.000000 0.282427 
0.722176 664.000000 0.277824 
0.724268 659.000000 0.275732 
0.719665 670.000000 0.280335 
0.720084 669.000000 0.279916 
0.718410 673.000000 0.281590 
0.719665 670.000000 0.280335 
0.721339 666.000000 0.278661 
0.720502 668.000000 0.279498 
0.721757 665.000000 0.278243 
0.722176 664.000000 0.277824 
0.720502 668.000000 0.279498 
0.723431 661.000000 0.276569 
0.717992 674.000000 0.282008 
0.723013 662.000000 0.276987 
0.723431 661.000000 0.276569 
0.718828 672.000000 0.281172 
0.719665 670.000000 0.280335 
0.723013 662.000000 0.276987 
0.725105 657.000000 0.274895 
0.719247 671.000000 0.280753 
0.727197 652.000000 0.272803 
0.727197 652.000000 0.272803 
0.726360 654.000000 0.273640 
0.723849 660.000000 0.276151 
0.723431 661.000000 0.276569 
0.719247 671.000000 0.280753 
0.722594 663.000000 0.277406 
0.724686 658.000000 0.275314 
0.724268 659.000000 0.275732 
0.722594 663.000000 0.277406 
0.718828 672.000000 0.281172 
0.723013 662.000000 0.276987 
0.720502 668.000000 0.279498 
0.725941 655.000000 0.274059 
0.725105 657.000000 0.274895 
0.726360 654.000000 0.273640 
0.726360 654.000000 0.273640 
0.718410 673.000000 0.281590 
0.720502 668.000000 0.279498 
0.723013 662.000000 0.276987 
0.723013 662.000000 0.276987 
0.722594 663.000000 0.277406 
0.716318 678.000000 0.283682 
0.720084 669.000000 0.279916 
0.725523 656.000000 0.274477 
0.725105 657.000000 0.274895 
0.722176 664.000000 0.277824 
0.724686 658.000000 0.275314 
0.723013 662.000000 0.276987 
0.724268 659.000000 0.275732 
0.724268 659.000000 0.275732 
0.721757 665.000000 0.278243 
0.722176 664.000000 0.277824 
0.721757 665.000000 0.278243 
0.725105 657.000000 0.274895 
0.726778 653.000000 0.273222 
0.721339 666.000000 0.278661 
0.725523 656.000000 0.274477 
0.725523 656.000000 0.274477 
0.720921 667.000000 0.279079 
0.724268 659.000000 0.275732 
0.723431 661.000000 0.276569 
0.724268 659.000000 0.275732 
0.723431 661.000000 0.276569 
0.722176 664.000000 0.277824 
0.723013 662.000000 0.276987 
0.723431 661.000000 0.276569 
0.726778 653.000000 0.273222 
0.723431 661.000000 0.276569 
0.728033 650.000000 0.271967 
0.722594 663.000000 0.277406 
0.727197 652.000000 0.272803 
0.728452 649.000000 0.271548 
0.725941 655.000000 0.274059 
0.724686 658.000000 0.275314 
0.727615 651.000000 0.272385 
0.722594 663.000000 0.277406 
0.724268 659.000000 0.275732 
0.722176 664.000000 0.277824 
0.727615 651.000000 0.272385 
0.725105 657.000000 0.274895 
0.720502 668.000000 0.279498 
0.722594 663.000000 0.277406 
0.722176 664.000000 0.277824 
0.723431 661.000000 0.276569 
0.721339 666.000000 0.278661 
0.722594 663.000000 0.277406 
0.727615 651.000000 0.272385 
0.716318 678.000000 0.283682 
0.726778 653.000000 0.273222 
0.724268 659.000000 0.275732 
0.723849 660.000000 0.276151 
0.726778 653.000000 0.273222 
0.722594 663.000000 0.277406 
0.725523 656.000000 0.274477 
0.723431 661.000000 0.276569 
0.723849 660.000000 0.276151 
0.717155 676.000000 0.282845 
0.720502 668.000000 0.279498 
0.725523 656.000000 0.274477 
0.720921 667.000000 0.279079 
0.722176 664.000000 0.277824 
0.723431 661.000000 0.276569 
0.718828 672.000000 0.281172 
0.730544 644.000000 0.269456 
0.722594 663.000000 0.277406 
0.719665 670.000000 0.280335 
0.725523 656.000000 0.274477 
0.721757 665.000000 0.278243 
0.724268 659.000000 0.275732 
0.717992 674.000000 0.282008 
0.723431 661.000000 0.276569 
0.723431 661.000000 0.276569 
0.719247 671.000000 0.280753 
0.723013 662.000000 0.276987 
0.724686 658.000000 0.275314 
0.723849 660.000000 0.276151 
0.730962 643.000000 0.269038 
0.722176 664.000000 0.277824 
0.723849 660.000000 0.276151 
0.727615 651.000000 0.272385 
0.721339 666.000000 0.278661 
0.721757 665.000000 0.278243 
0.721757 665.000000 0.278243 
0.720502 668.000000 0.279498 
0.726360 654.000000 0.273640 
0.722176 664.000000 0.277824 
0.725941 655.000000 0.274059 
0.723849 660.000000 0.276151 
0.721339 666.000000 0.278661 
0.721757 665.000000 0.278243 
0.724268 659.000000 0.275732 
0.723013 662.000000 0.276987 
0.722176 664.000000 0.277824 
0.720502 668.000000 0.279498 
0.717573 675.000000 0.282427 
0.724686 658.000000 0.275314 
0.723013 662.000000 0.276987 
0.723849 660.000000 0.276151 
0.722176 664.000000 0.277824 
0.723431 661.000000 0.276569 
0.720502 668.000000 0.279498 
0.721339 666.000000 0.278661 
0.720502 668.000000 0.279498 
0.723013 662.000000 0.276987 
0.727197 652.000000 0.272803 
0.723013 662.000000 0.276987 
0.722594 663.000000 0.277406 
0.720502 668.000000 0.279498 
0.724268 659.000000 0.275732 
0.724268 659.000000 0.275732 
0.721339 666.000000 0.278661 
0.722176 664.000000 0.277824 
0.720502 668.000000 0.279498 
0.723431 661.000000 0.276569 
0.725105 657.000000 0.274895 
0.727615 651.000000 0.272385 
0.720502 668.000000 0.279498 
0.722594 663.000000 0.277406 
0.725941 655.000000 0.274059 
0.723431 661.000000 0.276569 
0.726778 653.000000 0.273222 
0.723849 660.000000 0.276151 
0.720084 669.000000 0.279916 
0.720084 669.000000 0.279916 
0.725523 656.000000 0.274477 
0.719665 670.000000 0.280335 
0.722176 664.000000 0.277824 
0.724686 658.000000 0.275314 
0.723013 662.000000 0.276987 
0.725941 655.000000 0.274059 
0.723431 661.000000 0.276569 
0.724268 659.000000 0.275732 
0.727615 651.000000 0.272385 
0.722176 664.000000 0.277824 
0.720921 667.000000 0.279079 
0.723431 661.000000 0.276569 
0.725105 657.000000 0.274895 
0.728033 650.000000 0.271967 
0.723849 660.000000 0.276151 
0.723431 661.000000 0.276569 
0.720502 668.000000 0.279498 
0.722594 663.000000 0.277406 
0.723431 661.000000 0.276569 
0.718828 672.000000 0.281172 
0.723013 662.000000 0.276987 
0.727615 651.000000 0.272385 
0.728452 649.000000 0.271548 
0.724686 658.000000 0.275314 
0.725105 657.000000 0.274895 
0.721339 666.000000 0.278661 
0.722176 664.000000 0.277824 
0.720921 667.000000 0.279079 
0.721757 665.000000 0.278243 
0.723013 662.000000 0.276987 
0.723849 660.000000 0.276151 
0.729289 647.000000 0.270711 
0.724686 658.000000 0.275314 
0.719665 670.000000 0.280335 
0.722594 663.000000 0.277406 
0.723431 661.000000 0.276569 
0.728452 649.000000 0.271548 
0.728033 650.000000 0.271967 
0.723431 661.000000 0.276569 
0.721339 666.000000 0.278661 
0.718410 673.000000 0.281590 
0.720921 667.000000 0.279079 
0.727615 651.000000 0.272385 
0.723849 660.000000 0.276151 
0.721757 665.000000 0.278243 
0.721757 665.000000 0.278243 
0.716318 678.000000 0.283682 
0.718410 673.000000 0.281590 
0.722176 664.000000 0.277824 
0.725105 657.000000 0.274895 
0.719247 671.000000 0.280753 
0.722176 664.000000 0.277824 
0.723849 660.000000 0.276151 
0.726360 654.000000 0.273640 
0.721339 666.000000 0.278661 
0.723849 660.000000 0.276151 
0.722176 664.000000 0.277824 
0.721339 666.000000 0.278661 
0.723013 662.000000 0.276987 
0.720084 669.000000 0.279916 
0.725523 656.000000 0.274477 
0.725523 656.000000 0.274477 
0.725105 657.000000 0.274895 
0.720084 669.000000 0.279916 
0.722176 664.000000 0.277824 
0.722176 664.000000 0.277824 
0.723431 661.000000 0.276569 
0.725523 656.000000 0.274477 
0.717573 675.000000 0.282427 
0.717992 674.000000 0.282008 
0.723431 661.000000 0.276569 
0.726778 653.000000 0.273222 
0.725105 657.000000 0.274895 
0.721339 666.000000 0.278661 
0.723013 662.000000 0.276987 
0.723013 662.000000 0.276987 
0.723013 662.000000 0.276987 
0.719247 671.000000 0.280753 
0.723431 661.000000 0.276569 
0.716736 677.000000 0.283264 
0.721339 666.000000 0.278661 
0.723849 660.000000 0.276151 
0.724268 659.000000 0.275732 
0.723431 661.000000 0.276569 
0.716318 678.000000 0.283682 
0.721339 666.000000 0.278661 
0.720921 667.000000 0.279079 
0.725105 657.000000 0.274895 
0.721757 665.000000 0.278243 
0.720084 669.000000 0.279916 
0.722176 664.000000 0.277824 
0.723431 661.000000 0.276569 
0.724268 659.000000 0.275732 
0.721339 666.000000 0.278661 
0.720084 669.000000 0.279916 
0.721339 666.000000 0.278661 
0.726360 654.000000 0.273640 
0.722594 663.000000 0.277406 
0.720502 668.000000 0.279498 
0.721339 666.000000 0.278661 
0.717992 674.000000 0.282008 
0.724268 659.000000 0.275732 
0.720502 668.000000 0.279498 
0.718828 672.000000 0.281172 
0.727197 652.000000 0.272803 
0.721757 665.000000 0.278243 
0.724686 658.000000 0.275314 
0.720502 668.000000 0.279498 
0.727197 652.000000 0.272803 
0.724268 659.000000 0.275732 
0.719665 670.000000 0.280335 
0.722594 663.000000 0.277406 
0.717573 675.000000 0.282427 
0.718828 672.000000 0.281172 
0.723431 661.000000 0.276569 
0.720084 669.000000 0.279916 
0.724686 658.000000 0.275314 
0.718828 672.000000 0.281172 
0.725941 655.000000 0.274059 
0.721339 666.000000 0.278661 
0.717992 674.000000 0.282008 
0.723849 660.000000 0.276151 
0.722594 663.000000 0.277406 
0.721757 665.000000 0.278243 
0.722176 664.000000 0.277824 
0.720502 668.000000 0.279498 
0.722594 663.000000 0.277406 
0.720502 668.000000 0.279498 
0.719665 670.000000 0.280335 
0.726360 654.000000 0.273640 
0.722594 663.000000 0.277406 
0.722594 663.000000 0.277406 
0.725105 657.000000 0.274895 
0.718828 672.000000 0.281172 
0.723849 660.000000 0.276151 
0.722594 663.000000 0.277406 
0.722176 664.000000 0.277824 
0.721757 665.000000 0.278243 
0.719247 671.000000 0.280753 
0.723431 661.000000 0.276569 
0.727197 652.000000 0.272803 
0.723431 661.000000 0.276569 
0.721757 665.000000 0.278243 
0.721757 665.000000 0.278243 
0.725105 657.000000 0.274895 
0.721339 666.000000 0.278661 
0.725105 657.000000 0.274895 
0.722594 663.000000 0.277406 
0.721339 666.000000 0.278661 
0.723431 661.000000 0.276569 
0.724686 658.000000 0.275314 
0.722176 664.000000 0.277824 
0.722594 663.000000 0.277406 
0.723431 661.000000 0.276569 
0.718828 672.000000 0.281172 
0.723431 661.000000 0.276569 
0.724686 658.000000 0.275314 
0.722176 664.000000 0.277824 
0.725105 657.000000 0.274895 
0.718410 673.000000 0.281590 
0.723013 662.000000 0.276987 
0.722176 664.000000 0.277824 
0.719247 671.000000 0.280753 
0.725523 656.000000 0.274477 
0.723849 660.000000 0.276151 
0.718410 673.000000 0.281590 
0.720921 667.000000 0.279079 
0.721757 665.000000 0.278243 
0.725105 657.000000 0.274895 
0.723431 661.000000 0.276569 
0.719665 670.000000 0.280335 
0.725105 657.000000 0.274895 
0.720921 667.000000 0.279079 
0.725523 656.000000 0.274477 
0.723849 660.000000 0.276151 
0.722594 663.000000 0.277406 
0.719665 670.000000 0.280335 
0.723013 662.000000 0.276987 
0.720502 668.000000 0.279498 
0.724686 658.000000 0.275314 
0.717573 675.000000 0.282427 
0.718410 673.000000 0.281590 
0.723013 662.000000 0.276987 
0.723013 662.000000 0.276987 
0.722594 663.000000 0.277406 
0.721757 665.000000 0.278243 
0.720921 667.000000 0.279079 
0.723013 662.000000 0.276987 
0.720502 668.000000 0.279498 
0.721339 666.000000 0.278661 
0.724268 659.000000 0.275732 
0.723849 660.000000 0.276151 
0.725523 656.000000 0.274477 
0.721339 666.000000 0.278661 
0.727197 652.000000 0.272803 
0.721757 665.000000 0.278243 
0.723431 661.000000 0.276569 
0.721757 665.000000 0.278243 
0.722594 663.000000 0.277406 
0.725105 657.000000 0.274895 
0.721757 665.000000 0.278243 
0.724268 659.000000 0.275732 
0.724268 659.000000 0.275732 
0.722176 664.000000 0.277824 
0.723013 662.000000 0.276987 
0.722594 663.000000 0.277406 
0.721339 666.000000 0.278661 
0.727615 651.000000 0.272385 
0.721339 666.000000 0.278661 
0.714644 682.000000 0.285356 
0.722594 663.000000 0.277406 
0.721757 665.000000 0.278243 
0.723849 660.000000 0.276151 
0.723013 662.000000 0.276987 
0.725941 655.000000 0.274059 
0.720502 668.000000 0.279498 
0.725523 656.000000 0.274477 
0.725105 657.000000 0.274895 
0.725523 656.000000 0.274477 
0.724686 658.000000 0.275314 
0.722594 663.000000 0.277406 
0.720502 668.000000 0.279498 
0.723013 662.000000 0.276987 
0.723431 661.000000 0.276569 
0.723013 662.000000 0.276987 
0.722176 664.000000 0.277824 
0.722176 664.000000 0.277824 
0.714226 683.000000 0.285774 
0.727615 651.000000 0.272385 
0.722176 664.000000 0.277824 
0.723013 662.000000 0.276987 
0.726360 654.000000 0.273640 
0.726360 654.000000 0.273640 
0.723849 660.000000 0.276151 
0.724268 659.000000 0.275732 
0.721339 666.000000 0.278661 
0.722594 663.000000 0.277406 
0.721339 666.000000 0.278661 
0.722176 664.000000 0.277824 
0.724686 658.000000 0.275314 
0.723431 661.000000 0.276569 
0.717573 675.000000 0.282427 
0.728452 649.000000 0.271548 
0.726360 654.000000 0.273640 
0.715063 681.000000 0.284937 
0.723431 661.000000 0.276569 
0.720921 667.000000 0.279079 
0.724686 658.000000 0.275314 
0.725941 655.000000 0.274059 
0.721757 665.000000 0.278243 
0.719665 670.000000 0.280335 
0.723431 661.000000 0.276569 
0.726778 653.000000 0.273222 
0.722594 663.000000 0.277406 
0.726360 654.000000 0.273640 
0.723431 661.000000 0.276569 
0.723013 662.000000 0.276987 
0.720084 669.000000 0.279916 
0.724268 659.000000 0.275732 
0.723849 660.000000 0.276151 
0.721339 666.000000 0.278661 
0.722176 664.000000 0.277824 
0.723013 662.000000 0.276987 
0.723849 660.000000 0.276151 
0.717992 674.000000 0.282008 
0.730544 644.000000 0.269456 
0.724268 659.000000 0.275732 
0.721339 666.000000 0.278661 
0.719247 671.000000 0.280753 
0.720084 669.000000 0.279916 
0.719665 670.000000 0.280335 
0.723849 660.000000 0.276151 
0.725523 656.000000 0.274477 
0.725523 656.000000 0.274477 
0.727197 652.000000 0.272803 
0.724268 659.000000 0.275732 
0.722594 663.000000 0.277406 
0.722594 663.000000 0.277406 
0.723431 661.000000 0.276569 
0.721757 665.000000 0.278243 
0.724686 658.000000 0.275314 
0.723849 660.000000 0.276151 
0.723849 660.000000 0.276151 
0.726778 653.000000 0.273222 
0.726360 654.000000 0.273640 
0.721339 666.000000 0.278661 
0.721757 665.000000 0.278243 
0.724268 659.000000 0.275732 
0.725523 656.000000 0.274477 
0.721339 666.000000 0.278661 
0.723013 662.000000 0.276987 
0.726360 654.000000 0.273640 
0.725523 656.000000 0.274477 
0.725941 655.000000 0.274059 
0.726360 654.000000 0.273640 
0.720502 668.000000 0.279498 
0.721757 665.000000 0.278243 
0.721339 666.000000 0.278661 
0.720921 667.000000 0.279079 
0.724268 659.000000 0.275732 
0.727197 652.000000 0.272803 
0.716318 678.000000 0.283682 
0.722176 664.000000 0.277824 
0.720921 667.000000 0.279079 
0.722594 663.000000 0.277406 
0.725523 656.000000 0.274477 
0.720921 667.000000 0.279079 
0.726360 654.000000 0.273640 
0.723013 662.000000 0.276987 
0.722176 664.000000 0.277824 
0.720921 667.000000 0.279079 
0.725941 655.000000 0.274059 
0.720921 667.000000 0.279079 
0.725941 655.000000 0.274059 
0.723849 660.000000 0.276151 
0.720921 667.000000 0.279079 
0.720921 667.000000 0.279079 
0.726778 653.000000 0.273222 
0.725105 657.000000 0.274895 
0.725523 656.000000 0.274477 
0.723013 662.000000 0.276987 
0.722176 664.000000 0.277824 
0.720502 668.000000 0.279498 
0.727197 652.000000 0.272803 
0.720084 669.000000 0.279916 
0.725105 657.000000 0.274895 
0.722594 663.000000 0.277406 
0.723013 662.000000 0.276987 
0.723431 661.000000 0.276569 
0.725523 656.000000 0.274477 
0.723431 661.000000 0.276569 
0.720502 668.000000 0.279498 
0.719247 671.000000 0.280753 
0.723849 660.000000 0.276151 
0.720921 667.000000 0.279079 
0.723849 660.000000 0.276151 
0.722176 664.000000 0.277824 
0.722176 664.000000 0.277824 
0.725105 657.000000 0.274895 
0.724268 659.000000 0.275732 
0.720921 667.000000 0.279079 
0.724268 659.000000 0.275732 
0.719665 670.000000 0.280335 
0.723849 660.000000 0.276151 
0.722594 663.000000 0.277406 
0.723849 660.000000 0.276151 
0.724268 659.000000 0.275732 
0.725941 655.000000 0.274059 
0.726360 654.000000 0.273640 
0.723849 660.000000 0.276151 
0.724268 659.000000 0.275732 
0.721339 666.000000 0.278661 
0.719247 671.000000 0.280753 
0.718828 672.000000 0.281172 
0.715900 679.000000 0.284100 
0.726360 654.000000 0.273640 
0.723849 660.000000 0.276151 
0.721757 665.000000 0.278243 
0.722176 664.000000 0.277824 
0.726778 653.000000 0.273222 
0.722594 663.000000 0.277406 
0.721339 666.000000 0.278661 
0.722176 664.000000 0.277824 
0.723013 662.000000 0.276987 
0.720084 669.000000 0.279916 
0.722594 663.000000 0.277406 
0.720084 669.000000 0.279916 
0.721339 666.000000 0.278661 
0.722176 664.000000 0.277824 
0.723013 662.000000 0.276987 
0.720502 668.000000 0.279498 
0.723849 660.000000 0.276151 
0.721339 666.000000 0.278661 
0.723013 662.000000 0.276987 
0.721339 666.000000 0.278661 
0.723013 662.000000 0.276987 
0.725523 656.000000 0.274477 
0.723013 662.000000 0.276987 
0.723013 662.000000 0.276987 
0.722176 664.000000 0.277824 
0.724686 658.000000 0.275314 
0.718410 673.000000 0.281590 
0.721757 665.000000 0.278243 
0.719665 670.000000 0.280335 
0.717992 674.000000 0.282008 
0.723431 661.000000 0.276569 
0.723431 661.000000 0.276569 
0.727615 651.000000 0.272385 
0.726360 654.000000 0.273640 
0.725523 656.000000 0.274477 
0.720921 667.000000 0.279079 
0.721757 665.000000 0.278243 
0.721757 665.000000 0.278243 
0.726360 654.000000 0.273640 
0.724686 658.000000 0.275314 
0.719247 671.000000 0.280753 
0.722176 664.000000 0.277824 
0.722176 664.000000 0.277824 
0.724268 659.000000 0.275732 
0.728870 648.000000 0.271130 
0.720084 669.000000 0.279916 
0.723849 660.000000 0.276151 
0.721757 665.000000 0.278243 
0.724268 659.000000 0.275732 
0.721339 666.000000 0.278661 
0.724268 659.000000 0.275732 
0.720502 668.000000 0.279498 
0.720921 667.000000 0.279079 
0.722176 664.000000 0.277824 
0.720502 668.000000 0.279498 
0.722594 663.000000 0.277406 
0.725941 655.000000 0.274059 
0.720502 668.000000 0.279498 
0.723431 661.000000 0.276569 
0.720502 668.000000 0.279498 
0.723013 662.000000 0.276987 
0.719247 671.000000 0.280753 
0.723431 661.000000 0.276569 
0.719247 671.000000 0.280753 
0.718410 673.000000 0.281590 
0.721757 665.000000 0.278243 
0.729289 647.000000 0.270711 
0.722594 663.000000 0.277406 
0.726778 653.000000 0.273222 
0.719665 670.000000 0.280335 
0.725941 655.000000 0.274059 
0.725523 656.000000 0.274477 
0.721339 666.000000 0.278661 
0.720084 669.000000 0.279916 
0.719665 670.000000 0.280335 
0.725941 655.000000 0.274059 
0.728870 648.000000 0.271130 
0.716736 677.000000 0.283264 
0.721757 665.000000 0.278243 
0.724686 658.000000 0.275314 
0.720084 669.000000 0.279916 
0.725941 655.000000 0.274059 
0.725105 657.000000 0.274895 
0.726778 653.000000 0.273222 
0.726778 653.000000 0.273222 
0.722176 664.000000 0.277824 
0.723849 660.000000 0.276151 
0.726360 654.000000 0.273640 
0.721757 665.000000 0.278243 
0.721757 665.000000 0.278243 
0.721339 666.000000 0.278661 
0.726778 653.000000 0.273222 
0.724268 659.000000 0.275732 
0.723431 661.000000 0.276569 
0.728452 649.000000 0.271548 
0.720502 668.000000 0.279498 
0.720502 668.000000 0.279498 
0.728033 650.000000 0.271967 
0.724268 659.000000 0.275732 
0.723013 662.000000 0.276987 
0.727197 652.000000 0.272803 
0.722594 663.000000 0.277406 
0.721339 666.000000 0.278661 
0.721757 665.000000 0.278243 
0.724268 659.000000 0.275732 
0.721757 665.000000 0.278243 
0.724268 659.000000 0.275732 
0.722594 663.000000 0.277406 
0.723013 662.000000 0.276987 
0.724268 659.000000 0.275732 
0.725105 657.000000 0.274895 
0.722594 663.000000 0.277406 
0.723013 662.000000 0.276987 
0.719665 670.000000 0.280335 
0.723849 660.000000 0.276151 
0.720084 669.000000 0.279916 
0.730544 644.000000 0.269456 
0.720084 669.000000 0.279916 
0.728033 650.000000 0.271967 
0.723013 662.000000 0.276987 
0.719665 670.000000 0.280335 
0.726778 653.000000 0.273222 
0.722594 663.000000 0.277406 
0.720502 668.000000 0.279498 
0.723013 662.000000 0.276987 
0.723849 660.000000 0.276151 
0.724268 659.000000 0.275732 
0.725941 655.000000 0.274059 
0.724686 658.000000 0.275314 
0.724686 658.000000 0.275314 
0.721339 666.000000 0.278661 
0.722176 664.000000 0.277824 
0.724686 658.000000 0.275314 
0.725941 655.000000 0.274059 
0.721757 665.000000 0.278243 
0.718828 672.000000 0.281172 
0.727615 651.000000 0.272385 
0.722176 664.000000 0.277824 
0.727197 652.000000 0.272803 
0.722594 663.000000 0.277406 
0.720502 668.000000 0.279498 
0.721339 666.000000 0.278661 
0.727615 651.000000 0.272385 
0.720921 667.000000 0.279079 
0.720921 667.000000 0.279079 
0.722176 664.000000 0.277824 
0.720502 668.000000 0.279498 
0.725105 657.000000 0.274895 
0.723431 661.000000 0.276569 
0.723849 660.000000 0.276151 
0.723849 660.000000 0.276151 
0.717992 674.000000 0.282008 
0.723849 660.000000 0.276151 
0.720502 668.000000 0.279498 
0.722176 664.000000 0.277824 
0.720084 669.000000 0.279916 
0.721757 665.000000 0.278243 
0.722176 664.000000 0.277824 
0.717992 674.000000 0.282008 
0.723849 660.000000 0.276151 
0.724686 658.000000 0.275314 
0.719247 671.000000 0.280753 
0.719247 671.000000 0.280753 
0.720502 668.000000 0.279498 
0.723431 661.000000 0.276569 
0.720502 668.000000 0.279498 
0.716318 678.000000 0.283682 
0.723849 660.000000 0.276151 
0.718410 673.000000 0.281590 
0.723013 662.000000 0.276987 
0.720502 668.000000 0.279498 
0.722594 663.000000 0.277406 
0.721757 665.000000 0.278243 
0.718828 672.000000 0.281172 
0.718828 672.000000 0.281172 
0.722176 664.000000 0.277824 
0.725523 656.000000 0.274477 
0.723013 662.000000 0.276987 
0.719247 671.000000 0.280753 
0.723431 661.000000 0.276569 
0.725941 655.000000 0.274059 
0.723431 661.000000 0.276569 
0.726778 653.000000 0.273222 
0.725105 657.000000 0.274895 
0.723849 660.000000 0.276151 
0.728452 649.000000 0.271548 
0.720502 668.000000 0.279498 
0.728452 649.000000 0.271548 
0.723431 661.000000 0.276569 
0.723431 661.000000 0.276569 
0.725523 656.000000 0.274477 
0.724686 658.000000 0.275314 
0.724268 659.000000 0.275732 
0.723013 662.000000 0.276987 
0.721757 665.000000 0.278243 
0.719247 671.000000 0.280753 
0.722176 664.000000 0.277824 
0.716736 677.000000 0.283264 
0.720502 668.000000 0.279498 
0.723431 661.000000 0.276569 
0.723431 661.000000 0.276569 
0.722594 663.000000 0.277406 
0.721757 665.000000 0.278243 
0.723013 662.000000 0.276987 
0.723013 662.000000 0.276987 
0.723849 660.000000 0.276151 
0.725105 657.000000 0.274895 
0.723431 661.000000 0.276569 
0.728452 649.000000 0.271548 
0.721757 665.000000 0.278243 
0.723431 661.000000 0.276569 
0.720084 669.000000 0.279916 
0.720502 668.000000 0.279498 
0.724686 658.000000 0.275314 
0.723431 661.000000 0.276569 
0.725105 657.000000 0.274895 
0.724686 658.000000 0.275314 
0.723849 660.000000 0.276151 
0.727197 652.000000 0.272803 
0.722176 664.000000 0.277824 
0.720084 669.000000 0.279916 
0.723431 661.000000 0.276569 
0.727197 652.000000 0.272803 
0.725941 655.000000 0.274059 
0.721339 666.000000 0.278661 
0.721757 665.000000 0.278243 
0.719247 671.000000 0.280753 
0.721339 666.000000 0.278661 
0.720502 668.000000 0.279498 
0.715900 679.000000 0.284100 
0.720084 669.000000 0.279916 
0.720084 669.000000 0.279916 
0.723013 662.000000 0.276987 
0.724686 658.000000 0.275314 
0.717573 675.000000 0.282427 
0.720921 667.000000 0.279079 
0.725523 656.000000 0.274477 
0.718828 672.000000 0.281172 
0.722594 663.000000 0.277406 
0.717155 676.000000 0.282845 
0.721339 666.000000 0.278661 
0.720921 667.000000 0.279079 
0.726360 654.000000 0.273640 
0.720084 669.000000 0.279916 
0.727615 651.000000 0.272385 
0.722594 663.000000 0.277406 
0.723013 662.000000 0.276987 
0.724268 659.000000 0.275732 
0.719665 670.000000 0.280335 
0.720084 669.000000 0.279916 
0.723431 661.000000 0.276569 
0.726360 654.000000 0.273640 
0.720502 668.000000 0.279498 
0.724686 658.000000 0.275314 
0.720921 667.000000 0.279079 
0.728870 648.000000 0.271130 
0.723431 661.000000 0.276569 
0.721339 666.000000 0.278661 
0.723849 660.000000 0.276151 
0.724686 658.000000 0.275314 
0.720921 667.000000 0.279079 
0.719247 671.000000 0.280753 
0.723849 660.000000 0.276151 
0.725941 655.000000 0.274059 
0.722176 664.000000 0.277824 
0.720084 669.000000 0.279916 
0.720921 667.000000 0.279079 
0.723013 662.000000 0.276987 
0.728870 648.000000 0.271130 
0.724268 659.000000 0.275732 
0.720502 668.000000 0.279498 
0.719247 671.000000 0.280753 
0.723849 660.000000 0.276151 
0.719247 671.000000 0.280753 
0.722594 663.000000 0.277406 
0.722594 663.000000 0.277406 
0.726360 654.000000 0.273640 
0.722176 664.000000 0.277824 
0.721757 665.000000 0.278243 
0.725105 657.000000 0.274895 
0.721757 665.000000 0.278243 
0.724268 659.000000 0.275732 
0.722176 664.000000 0.277824 
0.726360 654.000000 0.273640 
0.722594 663.000000 0.277406 
0.724686 658.000000 0.275314 
0.720084 669.000000 0.279916 
0.720921 667.000000 0.279079 
0.718410 673.000000 0.281590 
0.725523 656.000000 0.274477 
0.719665 670.000000 0.280335 
0.731381 642.000000 0.268619 
0.725105 657.000000 0.274895 
0.721339 666.000000 0.278661 
0.723013 662.000000 0.276987 
0.723013 662.000000 0.276987 
0.722176 664.000000 0.277824 
0.721757 665.000000 0.278243 
0.723849 660.000000 0.276151 
0.723013 662.000000 0.276987 
0.720084 669.000000 0.279916 
0.722176 664.000000 0.277824 
0.717992 674.000000 0.282008 
0.720921 667.000000 0.279079 
0.730544 644.000000 0.269456 
0.724686 658.000000 0.275314 
0.720084 669.000000 0.279916 
0.720921 667.000000 0.279079 
0.724686 658.000000 0.275314 
0.726360 654.000000 0.273640 
0.722594 663.000000 0.277406 
0.724686 658.000000 0.275314 
0.722176 664.000000 0.277824 
0.723849 660.000000 0.276151 
0.720502 668.000000 0.279498 
0.721757 665.000000 0.278243 
0.725941 655.000000 0.274059 
0.721757 665.000000 0.278243 
0.727615 651.000000 0.272385 
0.720502 668.000000 0.279498 
0.725105 657.000000 0.274895 
0.721757 665.000000 0.278243 
0.726360 654.000000 0.273640 
0.721757 665.000000 0.278243 
0.718410 673.000000 0.281590 
0.719665 670.000000 0.280335 
0.722594 663.000000 0.277406 
0.720921 667.000000 0.279079 
0.723849 660.000000 0.276151 
0.726360 654.000000 0.273640 
0.721339 666.000000 0.278661 
0.720921 667.000000 0.279079 
0.724268 659.000000 0.275732 
0.726778 653.000000 0.273222 
0.722176 664.000000 0.277824 
0.723849 660.000000 0.276151 
0.719665 670.000000 0.280335 
0.720502 668.000000 0.279498 
0.725523 656.000000 0.274477 
0.725105 657.000000 0.274895 
0.720084 669.000000 0.279916 
0.721757 665.000000 0.278243 
0.721757 665.000000 0.278243 
0.722176 664.000000 0.277824 
0.719665 670.000000 0.280335 
0.719665 670.000000 0.280335 
0.718828 672.000000 0.281172 
0.723849 660.000000 0.276151 
0.723431 661.000000 0.276569 
0.725105 657.000000 0.274895 
0.723431 661.000000 0.276569 
0.723013 662.000000 0.276987 
0.721757 665.000000 0.278243 
0.723849 660.000000 0.276151 
0.722594 663.000000 0.277406 
0.723431 661.000000 0.276569 
0.723013 662.000000 0.276987 
0.725523 656.000000 0.274477 
0.725105 657.000000 0.274895 
0.723431 661.000000 0.276569 
0.721339 666.000000 0.278661 
0.717992 674.000000 0.282008 
0.719247 671.000000 0.280753 
0.720921 667.000000 0.279079 
0.723013 662.000000 0.276987 
0.721757 665.000000 0.278243 
0.725941 655.000000 0.274059 
0.722176 664.000000 0.277824 
0.725105 657.000000 0.274895 
0.720084 669.000000 0.279916 
0.721757 665.000000 0.278243 
0.723013 662.000000 0.276987 
0.725105 657.000000 0.274895 
0.720502 668.000000 0.279498 
0.722594 663.000000 0.277406 
0.725523 656.000000 0.274477 
0.720921 667.000000 0.279079 
0.718410 673.000000 0.281590 
0.719247 671.000000 0.280753 
0.722594 663.000000 0.277406 
0.726778 653.000000 0.273222 
0.724268 659.000000 0.275732 
0.725105 657.000000 0.274895 
0.720502 668.000000 0.279498 
0.717573 675.000000 0.282427 
0.722594 663.000000 0.277406 
0.722594 663.000000 0.277406 
0.722594 663.000000 0.277406 
0.720084 669.000000 0.279916 
0.721339 666.000000 0.278661 
0.723013 662.000000 0.276987 
0.722176 664.000000 0.277824 
0.721339 666.000000 0.278661 
0.725523 656.000000 0.274477 
0.722594 663.000000 0.277406 
0.723013 662.000000 0.276987 
0.725105 657.000000 0.274895 
0.721757 665.000000 0.278243 
0.724686 658.000000 0.275314 
0.726360 654.000000 0.273640 
0.720084 669.000000 0.279916 
0.720921 667.000000 0.279079 
0.719665 670.000000 0.280335 
0.718828 672.000000 0.281172 
0.721339 666.000000 0.278661 
0.720921 667.000000 0.279079 
0.723431 661.000000 0.276569 
0.721339 666.000000 0.278661 
0.721757 665.000000 0.278243 
0.723431 661.000000 0.276569 
0.722176 664.000000 0.277824 
0.727615 651.000000 0.272385 
0.715481 680.000000 0.284519 
0.721339 666.000000 0.278661 
0.721339 666.000000 0.278661 
0.722594 663.000000 0.277406 
0.723013 662.000000 0.276987 
0.719247 671.000000 0.280753 
0.722594 663.000000 0.277406 
0.723431 661.000000 0.276569 
0.719247 671.000000 0.280753 
0.724268 659.000000 0.275732 
0.727197 652.000000 0.272803 
0.723013 662.000000 0.276987 
0.724686 658.000000 0.275314 
0.724686 658.000000 0.275314 
0.721339 666.000000 0.278661 
0.721757 665.000000 0.278243 
0.725105 657.000000 0.274895 
0.719247 671.000000 0.280753 
0.724268 659.000000 0.275732 
0.720502 668.000000 0.279498 
0.722176 664.000000 0.277824 
0.722176 664.000000 0.277824 
0.720921 667.000000 0.279079 
0.723013 662.000000 0.276987 
0.726778 653.000000 0.273222 
0.726360 654.000000 0.273640 
0.726778 653.000000 0.273222 
0.728033 650.000000 0.271967 
0.724686 658.000000 0.275314 
0.718410 673.000000 0.281590 
0.719665 670.000000 0.280335 
0.725105 657.000000 0.274895 
0.724268 659.000000 0.275732 
0.723849 660.000000 0.276151 
0.722176 664.000000 0.277824 
0.720502 668.000000 0.279498 
0.726360 654.000000 0.273640 
0.728033 650.000000 0.271967 
0.729289 647.000000 0.270711 
0.723431 661.000000 0.276569 
0.724268 659.000000 0.275732 
0.722594 663.000000 0.277406 
0.720084 669.000000 0.279916 
0.725105 657.000000 0.274895 
0.727197 652.000000 0.272803 
0.720921 667.000000 0.279079 
0.721339 666.000000 0.278661 
0.720084 669.000000 0.279916 
0.716736 677.000000 0.283264 
0.723013 662.000000 0.276987 
0.725523 656.000000 0.274477 
0.728870 648.000000 0.271130 
0.721339 666.000000 0.278661 
0.722594 663.000000 0.277406 
0.722594 663.000000 0.277406 
0.721339 666.000000 0.278661 
0.719247 671.000000 0.280753 
0.728452 649.000000 0.271548 
0.725105 657.000000 0.274895 
0.720921 667.000000 0.279079 
0.719247 671.000000 0.280753 
0.725941 655.000000 0.274059 
0.723013 662.000000 0.276987 
0.721339 666.000000 0.278661 
0.724686 658.000000 0.275314 
0.722594 663.000000 0.277406 
0.728870 648.000000 0.271130 
0.719665 670.000000 0.280335 
0.720502 668.000000 0.279498 
0.724686 658.000000 0.275314 
0.725523 656.000000 0.274477 
0.716318 678.000000 0.283682 
0.723849 660.000000 0.276151 
0.719247 671.000000 0.280753 
0.719665 670.000000 0.280335 
0.720502 668.000000 0.279498 
0.720502 668.000000 0.279498 
0.724268 659.000000 0.275732 
0.721339 666.000000 0.278661 
0.720084 669.000000 0.279916 
0.723431 661.000000 0.276569 
0.726360 654.000000 0.273640 
0.719247 671.000000 0.280753 
0.715900 679.000000 0.284100 
0.720921 667.000000 0.279079 
0.724268 659.000000 0.275732 
0.721339 666.000000 0.278661 
0.725105 657.000000 0.274895 
0.722594 663.000000 0.277406 
0.724268 659.000000 0.275732 
0.722594 663.000000 0.277406 
0.726360 654.000000 0.273640 
0.730962 643.000000 0.269038 
0.721757 665.000000 0.278243 
0.720502 668.000000 0.279498 
0.724268 659.000000 0.275732 
0.722176 664.000000 0.277824 
0.723013 662.000000 0.276987 
0.720084 669.000000 0.279916 
0.722176 664.000000 0.277824 
0.723431 661.000000 0.276569 
0.724686 658.000000 0.275314 
0.723431 661.000000 0.276569 
0.721339 666.000000 0.278661 
0.726360 654.000000 0.273640 
0.720921 667.000000 0.279079 
0.725105 657.000000 0.274895 
0.721339 666.000000 0.278661 
0.720084 669.000000 0.279916 
0.721339 666.000000 0.278661 
0.725941 655.000000 0.274059 
0.719665 670.000000 0.280335 
0.721339 666.000000 0.278661 
0.724268 659.000000 0.275732 
0.722176 664.000000 0.277824 
0.721339 666.000000 0.278661 
0.725105 657.000000 0.274895 
0.724686 658.000000 0.275314 
0.723849 660.000000 0.276151 
0.722594 663.000000 0.277406 
0.721757 665.000000 0.278243 
0.722176 664.000000 0.277824 
0.726360 654.000000 0.273640 
0.721339 666.000000 0.278661 
0.720502 668.000000 0.279498 
0.724268 659.000000 0.275732 
0.723849 660.000000 0.276151 
0.720921 667.000000 0.279079 
0.722176 664.000000 0.277824 
0.721757 665.000000 0.278243 
0.723849 660.000000 0.276151 
0.722594 663.000000 0.277406 
0.723431 661.000000 0.276569 
0.725105 657.000000 0.274895 
0.727197 652.000000 0.272803 
0.720084 669.000000 0.279916 
0.723849 660.000000 0.276151 
0.723431 661.000000 0.276569 
0.722176 664.000000 0.277824 
0.722594 663.000000 0.277406 
0.721339 666.000000 0.278661 
0.721757 665.000000 0.278243 
0.720921 667.000000 0.279079 
0.716318 678.000000 0.283682 
0.721757 665.000000 0.278243 
0.720921 667.000000 0.279079 
0.724686 658.000000 0.275314 
0.722176 664.000000 0.277824 
0.727197 652.000000 0.272803 
0.722176 664.000000 0.277824 
0.724686 658.000000 0.275314 
0.725941 655.000000 0.274059 
0.720084 669.000000 0.279916 
0.722176 664.000000 0.277824 
0.723431 661.000000 0.276569 
0.720921 667.000000 0.279079 
0.723431 661.000000 0.276569 
0.723013 662.000000 0.276987 
0.720502 668.000000 0.279498 
0.721339 666.000000 0.278661 
0.722176 664.000000 0.277824 
0.720921 667.000000 0.279079 
0.720084 669.000000 0.279916 
0.720502 668.000000 0.279498 
0.721339 666.000000 0.278661 
0.720921 667.000000 0.279079 
0.721757 665.000000 0.278243 
0.721757 665.000000 0.278243 
0.719665 670.000000 0.280335 
0.720502 668.000000 0.279498 
0.721339 666.000000 0.278661 
0.724686 658.000000 0.275314 
0.724686 658.000000 0.275314 
0.722594 663.000000 0.277406 
0.723013 662.000000 0.276987 
0.723013 662.000000 0.276987 
0.720921 667.000000 0.279079 
0.721339 666.000000 0.278661 
0.723849 660.000000 0.276151 
0.719665 670.000000 0.280335 
0.720502 668.000000 0.279498 
0.725105 657.000000 0.274895 
0.728033 650.000000 0.271967 
0.721757 665.000000 0.278243 
0.720921 667.000000 0.279079 
0.723013 662.000000 0.276987 
0.725105 657.000000 0.274895 
0.724268 659.000000 0.275732 
0.727197 652.000000 0.272803 
0.720084 669.000000 0.279916 
0.725105 657.000000 0.274895 
0.726360 654.000000 0.273640 
0.722176 664.000000 0.277824 
0.723431 661.000000 0.276569 
0.723431 661.000000 0.276569 
0.725941 655.000000 0.274059 
0.726360 654.000000 0.273640 
0.715481 680.000000 0.284519 
0.721757 665.000000 0.278243 
0.725105 657.000000 0.274895 
0.717992 674.000000 0.282008 
0.726360 654.000000 0.273640 
0.728870 648.000000 0.271130 
0.722176 664.000000 0.277824 
0.720502 668.000000 0.279498 
0.727197 652.000000 0.272803 
0.724686 658.000000 0.275314 
0.721757 665.000000 0.278243 
0.721757 665.000000 0.278243 
0.726360 654.000000 0.273640 
0.724268 659.000000 0.275732 
0.727197 652.000000 0.272803 
0.729707 646.000000 0.270293 
0.723431 661.000000 0.276569 
0.725941 655.000000 0.274059 
0.720502 668.000000 0.279498 
0.722594 663.000000 0.277406 
0.720502 668.000000 0.279498 
0.717992 674.000000 0.282008 
0.720084 669.000000 0.279916 
0.718828 672.000000 0.281172 
0.723013 662.000000 0.276987 
0.721339 666.000000 0.278661 
0.720921 667.000000 0.279079 
0.721339 666.000000 0.278661 
0.724268 659.000000 0.275732 
0.724268 659.000000 0.275732 
0.720084 669.000000 0.279916 
0.722176 664.000000 0.277824 
0.725523 656.000000 0.274477 
0.722176 664.000000 0.277824 
0.730126 645.000000 0.269874 
0.720084 669.000000 0.279916 
0.721757 665.000000 0.278243 
0.723849 660.000000 0.276151 
0.725105 657.000000 0.274895 
0.720502 668.000000 0.279498 
0.725105 657.000000 0.274895 
0.720502 668.000000 0.279498 
0.721339 666.000000 0.278661 
0.720502 668.000000 0.279498 
0.728870 648.000000 0.271130 
0.725105 657.000000 0.274895 
0.724686 658.000000 0.275314 
0.722176 664.000000 0.277824 
0.725105 657.000000 0.274895 
0.718828 672.000000 0.281172 
0.722594 663.000000 0.277406 
0.723431 661.000000 0.276569 
0.718828 672.000000 0.281172 
0.724686 658.000000 0.275314 
0.723849 660.000000 0.276151 
0.720502 668.000000 0.279498 
0.720921 667.000000 0.279079 
0.723013 662.000000 0.276987 
0.720502 668.000000 0.279498 
0.720921 667.000000 0.279079 
0.724686 658.000000 0.275314 
0.723013 662.000000 0.276987 
0.719665 670.000000 0.280335 
0.728033 650.000000 0.271967 
0.722594 663.000000 0.277406 
0.723431 661.000000 0.276569 
0.722594 663.000000 0.277406 
0.720084 669.000000 0.279916 
0.718828 672.000000 0.281172 
0.721339 666.000000 0.278661 
0.724686 658.000000 0.275314 
0.728033 650.000000 0.271967 
0.725941 655.000000 0.274059 
0.720921 667.000000 0.279079 
0.723849 660.000000 0.276151 
0.723431 661.000000 0.276569 
0.723849 660.000000 0.276151 
0.725941 655.000000 0.274059 
0.720502 668.000000 0.279498 
0.723431 661.000000 0.276569 
0.723431 661.000000 0.276569 
0.728870 648.000000 0.271130 
0.724686 658.000000 0.275314 
0.723849 660.000000 0.276151 
0.724268 659.000000 0.275732 
0.724686 658.000000 0.275314 
0.722176 664.000000 0.277824 
0.724686 658.000000 0.275314 
0.721339 666.000000 0.278661 
0.720921 667.000000 0.279079 
0.723013 662.000000 0.276987 
0.719665 670.000000 0.280335 
0.723849 660.000000 0.276151 
0.720084 669.000000 0.279916 
0.722176 664.000000 0.277824 
0.721339 666.000000 0.278661 
0.722176 664.000000 0.277824 
0.725523 656.000000 0.274477 
0.722594 663.000000 0.277406 
0.725941 655.000000 0.274059 
0.725105 657.000000 0.274895 
0.724686 658.000000 0.275314 
0.721339 666.000000 0.278661 
0.726360 654.000000 0.273640 
0.722176 664.000000 0.277824 
0.724686 658.000000 0.275314 
0.725105 657.000000 0.274895 
0.721339 666.000000 0.278661 
0.725105 657.000000 0.274895 
0.725105 657.000000 0.274895 
0.725523 656.000000 0.274477 
0.725523 656.000000 0.274477 
0.724268 659.000000 0.275732 
0.723431 661.000000 0.276569 
0.727615 651.000000 0.272385 
0.723013 662.000000 0.276987 
0.729289 647.000000 0.270711 
0.723849 660.000000 0.276151 
0.721339 666.000000 0.278661 
0.721757 665.000000 0.278243 
0.719665 670.000000 0.280335 
0.721339 666.000000 0.278661 
0.724268 659.000000 0.275732 
0.722176 664.000000 0.277824 
0.721757 665.000000 0.278243 
0.726778 653.000000 0.273222 
0.723849 660.000000 0.276151 
0.724268 659.000000 0.275732 
0.723849 660.000000 0.276151 
0.717992 674.000000 0.282008 
0.720084 669.000000 0.279916 
0.721757 665.000000 0.278243 
0.720084 669.000000 0.279916 
0.724268 659.000000 0.275732 
0.728870 648.000000 0.271130 
0.719665 670.000000 0.280335 
0.723431 661.000000 0.276569 
0.720084 669.000000 0.279916 
0.726778 653.000000 0.273222 
0.722176 664.000000 0.277824 
0.723849 660.000000 0.276151 
0.728033 650.000000 0.271967 
0.726360 654.000000 0.273640 
0.721757 665.000000 0.278243 
0.722176 664.000000 0.277824 
0.725941 655.000000 0.274059 
0.722176 664.000000 0.277824 
0.725941 655.000000 0.274059 
0.721339 666.000000 0.278661 
0.725523 656.000000 0.274477 
0.717573 675.000000 0.282427 
0.720502 668.000000 0.279498 
0.724686 658.000000 0.275314 
0.720921 667.000000 0.279079 
0.721757 665.000000 0.278243 
0.727615 651.000000 0.272385 
0.720921 667.000000 0.279079 
0.723849 660.000000 0.276151 
0.727197 652.000000 0.272803 
0.722176 664.000000 0.277824 
0.722594 663.000000 0.277406 
0.725941 655.000000 0.274059 
0.718410 673.000000 0.281590 
0.719665 670.000000 0.280335 
0.724268 659.000000 0.275732 
0.723013 662.000000 0.276987 
0.724686 658.000000 0.275314 
0.725523 656.000000 0.274477 
0.724686 658.000000 0.275314 
0.723849 660.000000 0.276151 
0.717992 674.000000 0.282008 
0.720502 668.000000 0.279498 
0.720502 668.000000 0.279498 
0.721757 665.000000 0.278243 
0.723013 662.000000 0.276987 
0.722176 664.000000 0.277824 
0.722176 664.000000 0.277824 
0.723849 660.000000 0.276151 
0.723013 662.000000 0.276987 
0.723013 662.000000 0.276987 
0.722176 664.000000 0.277824 
0.721339 666.000000 0.278661 
0.723431 661.000000 0.276569 
0.724686 658.000000 0.275314 
0.727197 652.000000 0.272803 
0.721757 665.000000 0.278243 
0.723013 662.000000 0.276987 
0.724268 659.000000 0.275732 
0.723013 662.000000 0.276987 
0.725523 656.000000 0.274477 
0.723431 661.000000 0.276569 
0.723849 660.000000 0.276151 
0.722594 663.000000 0.277406 
0.726778 653.000000 0.273222 
0.723431 661.000000 0.276569 
0.726360 654.000000 0.273640 
0.723849 660.000000 0.276151 
0.722176 664.000000 0.277824 
0.720921 667.000000 0.279079 
0.723849 660.000000 0.276151 
0.721757 665.000000 0.278243 
0.722594 663.000000 0.277406 
0.728033 650.000000 0.271967 
0.726778 653.000000 0.273222 
0.721339 666.000000 0.278661 
0.722594 663.000000 0.277406 
0.724268 659.000000 0.275732 
0.720084 669.000000 0.279916 
0.725941 655.000000 0.274059 
0.719247 671.000000 0.280753 
0.723013 662.000000 0.276987 
0.722594 663.000000 0.277406 
0.724268 659.000000 0.275732 
0.728452 649.000000 0.271548 
0.720921 667.000000 0.279079 
0.723013 662.000000 0.276987 
0.720502 668.000000 0.279498 
0.722176 664.000000 0.277824 
0.723849 660.000000 0.276151 
0.724268 659.000000 0.275732 
0.727197 652.000000 0.272803 
0.720921 667.000000 0.279079 
0.723013 662.000000 0.276987 
0.727197 652.000000 0.272803 
0.727615 651.000000 0.272385 
0.722594 663.000000 0.277406 
0.718410 673.000000 0.281590 
0.722594 663.000000 0.277406 
0.723849 660.000000 0.276151 
0.722176 664.000000 0.277824 
0.717992 674.000000 0.282008 
0.723013 662.000000 0.276987 
0.723849 660.000000 0.276151 
0.722594 663.000000 0.277406 
0.722594 663.000000 0.277406 
0.723849 660.000000 0.276151 
0.720084 669.000000 0.279916 
0.720921 667.000000 0.279079 
0.725523 656.000000 0.274477 
0.723013 662.000000 0.276987 
0.719665 670.000000 0.280335 
0.723849 660.000000 0.276151 
0.721757 665.000000 0.278243 
0.724268 659.000000 0.275732 
0.728033 650.000000 0.271967 
0.725105 657.000000 0.274895 
0.722594 663.000000 0.277406 
0.723431 661.000000 0.276569 
0.722176 664.000000 0.277824 
0.725941 655.000000 0.274059 
0.721757 665.000000 0.278243 
0.725523 656.000000 0.274477 
0.725105 657.000000 0.274895 
0.720502 668.000000 0.279498 
0.723013 662.000000 0.276987 
0.724268 659.000000 0.275732 
0.721757 665.000000 0.278243 
0.722176 664.000000 0.277824 
0.723013 662.000000 0.276987 
0.724268 659.000000 0.275732 
0.720921 667.000000 0.279079 
0.720921 667.000000 0.279079 
0.723013 662.000000 0.276987 
0.723849 660.000000 0.276151 
0.719247 671.000000 0.280753 
0.724686 658.000000 0.275314 
0.723013 662.000000 0.276987 
0.722594 663.000000 0.277406 
0.725941 655.000000 0.274059 
0.720084 669.000000 0.279916 
0.727615 651.000000 0.272385 
0.724268 659.000000 0.275732 
0.723431 661.000000 0.276569 
0.720921 667.000000 0.279079 
0.725523 656.000000 0.274477 
0.721757 665.000000 0.278243 
0.720084 669.000000 0.279916 
0.717573 675.000000 0.282427 
0.725523 656.000000 0.274477 
0.721757 665.000000 0.278243 
0.722594 663.000000 0.277406 
0.723013 662.000000 0.276987 
0.724686 658.000000 0.275314 
0.723849 660.000000 0.276151 
0.722594 663.000000 0.277406 
0.724268 659.000000 0.275732 
0.729289 647.000000 0.270711 
0.727615 651.000000 0.272385 
0.721339 666.000000 0.278661 
0.716736 677.000000 0.283264 
0.725941 655.000000 0.274059 
0.720084 669.000000 0.279916 
0.723431 661.000000 0.276569 
0.722176 664.000000 0.277824 
0.723849 660.000000 0.276151 
0.723013 662.000000 0.276987 
0.723849 660.000000 0.276151 
0.720502 668.000000 0.279498 
0.727197 652.000000 0.272803 
0.724686 658.000000 0.275314 
0.728452 649.000000 0.271548 
0.721339 666.000000 0.278661 
0.723849 660.000000 0.276151 
0.723431 661.000000 0.276569 
0.725105 657.000000 0.274895 
0.725523 656.000000 0.274477 
0.720502 668.000000 0.279498 
0.720921 667.000000 0.279079 
0.720502 668.000000 0.279498 
0.722176 664.000000 0.277824 
0.723431 661.000000 0.276569 
0.721339 666.000000 0.278661 
0.725941 655.000000 0.274059 
0.725523 656.000000 0.274477 
0.727197 652.000000 0.272803 
0.726360 654.000000 0.273640 
0.721339 666.000000 0.278661 
0.721757 665.000000 0.278243 
0.717992 674.000000 0.282008 
0.724686 658.000000 0.275314 
0.720084 669.000000 0.279916 
0.720921 667.000000 0.279079 
0.724268 659.000000 0.275732 
0.722176 664.000000 0.277824 
0.722594 663.000000 0.277406 
0.726360 654.000000 0.273640 
0.723013 662.000000 0.276987 
0.729707 646.000000 0.270293 
0.724686 658.000000 0.275314 
0.722176 664.000000 0.277824 
0.720084 669.000000 0.279916 
0.722594 663.000000 0.277406 
0.722594 663.000000 0.277406 
0.727197 652.000000 0.272803 
0.717155 676.000000 0.282845 
0.718410 673.000000 0.281590 
0.720921 667.000000 0.279079 
0.722594 663.000000 0.277406 
0.722176 664.000000 0.277824 
0.726360 654.000000 0.273640 
0.723013 662.000000 0.276987 
0.721757 665.000000 0.278243 
0.726360 654.000000 0.273640 
0.720084 669.000000 0.279916 
0.722176 664.000000 0.277824 
0.719665 670.000000 0.280335 
0.725105 657.000000 0.274895 
0.719665 670.000000 0.280335 
0.720921 667.000000 0.279079 
0.722176 664.000000 0.277824 
0.721757 665.000000 0.278243 
0.722176 664.000000 0.277824 
0.723431 661.000000 0.276569 
0.725105 657.000000 0.274895 
0.724686 658.000000 0.275314 
0.720921 667.000000 0.279079 
0.719665 670.000000 0.280335 
0.723849 660.000000 0.276151 
0.723849 660.000000 0.276151 
0.727615 651.000000 0.272385 
0.723431 661.000000 0.276569 
0.721757 665.000000 0.278243 
0.724268 659.000000 0.275732 
0.720921 667.000000 0.279079 
0.722176 664.000000 0.277824 
0.721757 665.000000 0.278243 
0.720084 669.000000 0.279916 
0.722594 663.000000 0.277406 
0.723013 662.000000 0.276987 
0.727197 652.000000 0.272803 
0.724686 658.000000 0.275314 
0.717155 676.000000 0.282845 
0.722594 663.000000 0.277406 
0.722594 663.000000 0.277406 
0.723849 660.000000 0.276151 
0.724686 658.000000 0.275314 
0.723849 660.000000 0.276151 
0.724268 659.000000 0.275732 
0.722594 663.000000 0.277406 
0.723431 661.000000 0.276569 
0.726360 654.000000 0.273640 
0.725941 655.000000 0.274059 
0.723431 661.000000 0.276569 
0.724268 659.000000 0.275732 
0.722176 664.000000 0.277824 
0.720921 667.000000 0.279079 
0.725105 657.000000 0.274895 
0.718410 673.000000 0.281590 
0.723849 660.000000 0.276151 
0.721339 666.000000 0.278661 
0.724268 659.000000 0.275732 
0.724268 659.000000 0.275732 
0.723431 661.000000 0.276569 
0.723013 662.000000 0.276987 
0.716736 677.000000 0.283264 
0.724268 659.000000 0.275732 
0.723849 660.000000 0.276151 
0.726360 654.000000 0.273640 
0.722594 663.000000 0.277406 
0.723431 661.000000 0.276569 
0.721339 666.000000 0.278661 
0.721339 666.000000 0.278661 
0.720502 668.000000 0.279498 
0.722176 664.000000 0.277824 
0.719665 670.000000 0.280335 
0.721339 666.000000 0.278661 
0.723431 661.000000 0.276569 
0.721339 666.000000 0.278661 
0.722176 664.000000 0.277824 
0.723013 662.000000 0.276987 
0.728870 648.000000 0.271130 
0.725523 656.000000 0.274477 
0.720921 667.000000 0.279079 
0.724268 659.000000 0.275732 
0.726360 654.000000 0.273640 
0.718828 672.000000 0.281172 
0.724268 659.000000 0.275732 
0.720084 669.000000 0.279916 
0.722594 663.000000 0.277406 
0.723013 662.000000 0.276987 
0.724686 658.000000 0.275314 
0.722176 664.000000 0.277824 
0.721339 666.000000 0.278661 
0.719665 670.000000 0.280335 
0.721339 666.000000 0.278661 
0.726778 653.000000 0.273222 
0.725523 656.000000 0.274477 
0.726778 653.000000 0.273222 
0.723013 662.000000 0.276987 
0.725941 655.000000 0.274059 
0.723431 661.000000 0.276569 
0.723013 662.000000 0.276987 
0.722594 663.000000 0.277406 
0.723431 661.000000 0.276569 
0.724268 659.000000 0.275732 
0.722176 664.000000 0.277824 
0.723849 660.000000 0.276151 
0.723013 662.000000 0.276987 
0.720502 668.000000 0.279498 
0.723431 661.000000 0.276569 
0.723013 662.000000 0.276987 
0.719247 671.000000 0.280753 
0.724686 658.000000 0.275314 
0.720921 667.000000 0.279079 
0.720502 668.000000 0.279498 
0.719665 670.000000 0.280335 
0.726360 654.000000 0.273640 
0.722176 664.000000 0.277824 
0.726778 653.000000 0.273222 
0.726360 654.000000 0.273640 
0.723431 661.000000 0.276569 
0.721339 666.000000 0.278661 
0.721339 666.000000 0.278661 
0.718828 672.000000 0.281172 
0.724686 658.000000 0.275314 
0.724686 658.000000 0.275314 
0.722176 664.000000 0.277824 
0.727615 651.000000 0.272385 
0.720921 667.000000 0.279079 
0.723431 661.000000 0.276569 
0.723431 661.000000 0.276569 
0.719247 671.000000 0.280753 
0.720921 667.000000 0.279079 
0.720502 668.000000 0.279498 
0.723013 662.000000 0.276987 
0.719247 671.000000 0.280753 
0.721757 665.000000 0.278243 
0.726778 653.000000 0.273222 
0.717573 675.000000 0.282427 
0.725941 655.000000 0.274059 
0.723013 662.000000 0.276987 
0.719665 670.000000 0.280335 
0.725941 655.000000 0.274059 
0.724268 659.000000 0.275732 
0.725523 656.000000 0.274477 
0.722176 664.000000 0.277824 
0.725941 655.000000 0.274059 
0.720084 669.000000 0.279916 
0.722594 663.000000 0.277406 
0.720921 667.000000 0.279079 
0.720502 668.000000 0.279498 
0.723431 661.000000 0.276569 
0.721339 666.000000 0.278661 
0.719247 671.000000 0.280753 
0.718828 672.000000 0.281172 
0.721339 666.000000 0.278661 
0.723013 662.000000 0.276987 
0.727615 651.000000 0.272385 
0.725941 655.000000 0.274059 
0.722176 664.000000 0.277824 
0.718828 672.000000 0.281172 
0.725941 655.000000 0.274059 
0.724686 658.000000 0.275314 
0.720921 667.000000 0.279079 
0.724686 658.000000 0.275314 
0.723849 660.000000 0.276151 
0.721757 665.000000 0.278243 
0.720084 669.000000 0.279916 
0.723013 662.000000 0.276987 
0.726778 653.000000 0.273222 
0.722594 663.000000 0.277406 
0.717992 674.000000 0.282008 
0.729707 646.000000 0.270293 
0.730544 644.000000 0.269456 
0.726360 654.000000 0.273640 
0.720084 669.000000 0.279916 
0.724268 659.000000 0.275732 
0.723431 661.000000 0.276569 
0.720084 669.000000 0.279916 
0.716318 678.000000 0.283682 
0.719665 670.000000 0.280335 
0.724268 659.000000 0.275732 
0.714226 683.000000 0.285774 
0.717155 676.000000 0.282845 
0.721339 666.000000 0.278661 
0.727197 652.000000 0.272803 
0.725105 657.000000 0.274895 
0.726778 653.000000 0.273222 
0.719247 671.000000 0.280753 
0.731381 642.000000 0.268619 
0.719665 670.000000 0.280335 
0.722594 663.000000 0.277406 
0.721757 665.000000 0.278243 
0.721339 666.000000 0.278661 
0.725105 657.000000 0.274895 
0.722176 664.000000 0.277824 
0.721339 666.000000 0.278661 
0.723849 660.000000 0.276151 
0.723431 661.000000 0.276569 
0.723013 662.000000 0.276987 
0.723849 660.000000 0.276151 
0.723431 661.000000 0.276569 
0.717992 674.000000 0.282008 
0.727197 652.000000 0.272803 
0.723431 661.000000 0.276569 
0.726360 654.000000 0.273640 
0.720084 669.000000 0.279916 
0.724686 658.000000 0.275314 
0.722594 663.000000 0.277406 
0.723013 662.000000 0.276987 
0.718828 672.000000 0.281172 
0.724686 658.000000 0.275314 
0.727197 652.000000 0.272803 
0.718828 672.000000 0.281172 
0.728033 650.000000 0.271967 
0.722176 664.000000 0.277824 
0.720502 668.000000 0.279498 
0.728033 650.000000 0.271967 
0.725523 656.000000 0.274477 
0.720502 668.000000 0.279498 
0.725105 657.000000 0.274895 
0.722176 664.000000 0.277824 
0.723431 661.000000 0.276569 
0.723849 660.000000 0.276151 
0.721757 665.000000 0.278243 
0.725941 655.000000 0.274059 
0.722176 664.000000 0.277824 
0.727197 652.000000 0.272803 
0.723013 662.000000 0.276987 
0.720502 668.000000 0.279498 
0.718828 672.000000 0.281172 
0.719665 670.000000 0.280335 
0.723013 662.000000 0.276987 
0.725941 655.000000 0.274059 
0.722594 663.000000 0.277406 
0.724686 658.000000 0.275314 
0.724268 659.000000 0.275732 
0.725941 655.000000 0.274059 
0.723431 661.000000 0.276569 
0.720921 667.000000 0.279079 
0.723431 661.000000 0.276569 
0.725105 657.000000 0.274895 
0.724686 658.000000 0.275314 
0.723431 661.000000 0.276569 
0.727615 651.000000 0.272385 
0.723431 661.000000 0.276569 
0.723431 661.000000 0.276569 
0.724268 659.000000 0.275732 
0.721757 665.000000 0.278243 
0.719247 671.000000 0.280753 
0.724268 659.000000 0.275732 
0.722594 663.000000 0.277406 
0.720084 669.000000 0.279916 
0.724268 659.000000 0.275732 
0.725105 657.000000 0.274895 
0.724268 659.000000 0.275732 
0.723013 662.000000 0.276987 
0.724686 658.000000 0.275314 
0.720921 667.000000 0.279079 
0.717573 675.000000 0.282427 
0.725941 655.000000 0.274059 
0.721757 665.000000 0.278243 
0.725105 657.000000 0.274895 
0.725941 655.000000 0.274059 
0.720921 667.000000 0.279079 
0.720921 667.000000 0.279079 
0.721757 665.000000 0.278243 
0.726360 654.000000 0.273640 
0.720921 667.000000 0.279079 
0.722176 664.000000 0.277824 
0.723013 662.000000 0.276987 
0.725523 656.000000 0.274477 
0.723431 661.000000 0.276569 
0.721339 666.000000 0.278661 
0.723013 662.000000 0.276987 
0.725941 655.000000 0.274059 
0.720084 669.000000 0.279916 
0.723431 661.000000 0.276569 
0.725105 657.000000 0.274895 
0.722594 663.000000 0.277406 
0.728870 648.000000 0.271130 
0.723849 660.000000 0.276151 
0.726360 654.000000 0.273640 
0.721757 665.000000 0.278243 
0.725523 656.000000 0.274477 
0.732218 640.000000 0.267782 
0.725941 655.000000 0.274059 
0.717573 675.000000 0.282427 
0.721339 666.000000 0.278661 
0.726360 654.000000 0.273640 
0.720921 667.000000 0.279079 
0.720502 668.000000 0.279498 
0.726360 654.000000 0.273640 
0.722594 663.000000 0.277406 
0.723013 662.000000 0.276987 
0.718410 673.000000 0.281590 
0.726778 653.000000 0.273222 
0.725105 657.000000 0.274895 
0.725523 656.000000 0.274477 
0.717992 674.000000 0.282008 
0.723431 661.000000 0.276569 
0.725941 655.000000 0.274059 
0.721339 666.000000 0.278661 
0.721757 665.000000 0.278243 
0.722176 664.000000 0.277824 
0.722594 663.000000 0.277406 
0.718828 672.000000 0.281172 
0.722176 664.000000 0.277824 
0.724268 659.000000 0.275732 
0.721339 666.000000 0.278661 
0.722594 663.000000 0.277406 
0.724686 658.000000 0.275314 
0.720921 667.000000 0.279079 
0.725523 656.000000 0.274477 
0.719665 670.000000 0.280335 
0.722176 664.000000 0.277824 
0.720084 669.000000 0.279916 
0.725105 657.000000 0.274895 
0.725105 657.000000 0.274895 
0.724686 658.000000 0.275314 
0.726360 654.000000 0.273640 
0.722594 663.000000 0.277406 
0.722594 663.000000 0.277406 
0.726778 653.000000 0.273222 
0.720084 669.000000 0.279916 
0.725941 655.000000 0.274059 
0.722594 663.000000 0.277406 
0.726360 654.000000 0.273640 
0.720502 668.000000 0.279498 
0.725105 657.000000 0.274895 
0.719665 670.000000 0.280335 
0.719247 671.000000 0.280753 
0.725105 657.000000 0.274895 
0.723013 662.000000 0.276987 
0.725523 656.000000 0.274477 
0.717573 675.000000 0.282427 
0.723431 661.000000 0.276569 
0.724686 658.000000 0.275314 
0.723431 661.000000 0.276569 
0.720084 669.000000 0.279916 
0.720921 667.000000 0.279079 
0.721757 665.000000 0.278243 
0.724268 659.000000 0.275732 
0.720921 667.000000 0.279079 
0.723849 660.000000 0.276151 
0.725105 657.000000 0.274895 
0.723849 660.000000 0.276151 
0.721339 666.000000 0.278661 
0.724686 658.000000 0.275314 
0.724268 659.000000 0.275732 
0.725105 657.000000 0.274895 
0.721757 665.000000 0.278243 
0.725523 656.000000 0.274477 
0.721757 665.000000 0.278243 
0.726778 653.000000 0.273222 
0.723849 660.000000 0.276151 
0.725105 657.000000 0.274895 
0.725941 655.000000 0.274059 
0.726778 653.000000 0.273222 
0.723849 660.000000 0.276151 
0.728033 650.000000 0.271967 
0.720502 668.000000 0.279498 
0.724686 658.000000 0.275314 
0.727615 651.000000 0.272385 
0.718410 673.000000 0.281590 
0.719665 670.000000 0.280335 
0.723431 661.000000 0.276569 
0.725105 657.000000 0.274895 
0.725523 656.000000 0.274477 
0.725105 657.000000 0.274895 
0.725523 656.000000 0.274477 
0.720502 668.000000 0.279498 
0.723431 661.000000 0.276569 
0.720921 667.000000 0.279079 
0.723431 661.000000 0.276569 
0.720084 669.000000 0.279916 
0.722176 664.000000 0.277824 
0.721757 665.000000 0.278243 
0.730126 645.000000 0.269874 
0.725523 656.000000 0.274477 
0.724268 659.000000 0.275732 
0.722176 664.000000 0.277824 
0.721757 665.000000 0.278243 
0.717992 674.000000 0.282008 
0.723013 662.000000 0.276987 
0.719247 671.000000 0.280753 
0.725105 657.000000 0.274895 
0.724268 659.000000 0.275732 
0.726778 653.000000 0.273222 
0.719665 670.000000 0.280335 
0.721757 665.000000 0.278243 
0.723849 660.000000 0.276151 
0.721757 665.000000 0.278243 
0.723431 661.000000 0.276569 
0.721757 665.000000 0.278243 
0.720084 669.000000 0.279916 
0.720084 669.000000 0.279916 
0.721339 666.000000 0.278661 
0.721757 665.000000 0.278243 
0.721339 666.000000 0.278661 
0.719247 671.000000 0.280753 
0.718410 673.000000 0.281590 
0.721339 666.000000 0.278661 
0.717992 674.000000 0.282008 
0.725105 657.000000 0.274895 
0.723431 661.000000 0.276569 
0.717992 674.000000 0.282008 
0.722594 663.000000 0.277406 
0.723849 660.000000 0.276151 
0.727197 652.000000 0.272803 
0.722594 663.000000 0.277406 
0.723431 661.000000 0.276569 
0.719665 670.000000 0.280335 
0.720921 667.000000 0.279079 
0.723431 661.000000 0.276569 
0.718410 673.000000 0.281590 
0.721339 666.000000 0.278661 
0.720921 667.000000 0.279079 
0.725941 655.000000 0.274059 
0.723431 661.000000 0.276569 
0.725523 656.000000 0.274477 
0.729289 647.000000 0.270711 
0.722176 664.000000 0.277824 
0.723849 660.000000 0.276151 
0.719665 670.000000 0.280335 
0.722176 664.000000 0.277824 
0.721339 666.000000 0.278661 
0.723013 662.000000 0.276987 
0.725941 655.000000 0.274059 
0.721757 665.000000 0.278243 
0.725105 657.000000 0.274895 
0.722594 663.000000 0.277406 
0.725105 657.000000 0.274895 
0.724268 659.000000 0.275732 
0.721757 665.000000 0.278243 
0.724686 658.000000 0.275314 
0.724686 658.000000 0.275314 
0.723013 662.000000 0.276987 
0.722594 663.000000 0.277406 
0.718410 673.000000 0.281590 
0.723013 662.000000 0.276987 
0.722594 663.000000 0.277406 
0.720921 667.000000 0.279079 
0.723013 662.000000 0.276987 
0.720084 669.000000 0.279916 
0.724268 659.000000 0.275732 
0.717992 674.000000 0.282008 
0.725105 657.000000 0.274895 
0.723431 661.000000 0.276569 
0.722594 663.000000 0.277406 
0.721757 665.000000 0.278243 
0.727615 651.000000 0.272385 
0.720084 669.000000 0.279916 
0.722176 664.000000 0.277824 
0.721339 666.000000 0.278661 
0.719665 670.000000 0.280335 
0.718828 672.000000 0.281172 
0.723431 661.000000 0.276569 
0.717573 675.000000 0.282427 
0.728452 649.000000 0.271548 
0.717992 674.000000 0.282008 
0.724686 658.000000 0.275314 
0.725523 656.000000 0.274477 
0.723431 661.000000 0.276569 
0.725105 657.000000 0.274895 
0.726360 654.000000 0.273640 
0.718828 672.000000 0.281172 
0.723849 660.000000 0.276151 
0.721757 665.000000 0.278243 
0.721339 666.000000 0.278661 
0.723849 660.000000 0.276151 
0.722594 663.000000 0.277406 
0.727197 652.000000 0.272803 
0.721339 666.000000 0.278661 
0.723431 661.000000 0.276569 
0.720084 669.000000 0.279916 
0.719247 671.000000 0.280753 
0.722176 664.000000 0.277824 
0.723849 660.000000 0.276151 
0.723013 662.000000 0.276987 
0.723013 662.000000 0.276987 
0.726360 654.000000 0.273640 
0.718828 672.000000 0.281172 
0.721757 665.000000 0.278243 
0.726778 653.000000 0.273222 
0.723013 662.000000 0.276987 
0.718410 673.000000 0.281590 
0.725105 657.000000 0.274895 
0.717573 675.000000 0.282427 
0.718828 672.000000 0.281172 
0.724268 659.000000 0.275732 
0.723431 661.000000 0.276569 
0.728033 650.000000 0.271967 
0.720084 669.000000 0.279916 
0.718828 672.000000 0.281172 
0.718828 672.000000 0.281172 
0.723849 660.000000 0.276151 
0.721339 666.000000 0.278661 
0.724268 659.000000 0.275732 
0.725941 655.000000 0.274059 
0.724686 658.000000 0.275314 
0.720502 668.000000 0.279498 
0.727615 651.000000 0.272385 
0.720921 667.000000 0.279079 
0.723849 660.000000 0.276151 
0.723431 661.000000 0.276569 
0.723849 660.000000 0.276151 
0.724686 658.000000 0.275314 
0.719247 671.000000 0.280753 
