0.543922 523.000000 0.273822 
0.547059 515.000000 0.269634 
0.540000 533.000000 0.279058 
0.543529 524.000000 0.274346 
0.537647 539.000000 0.282199 
0.538824 536.000000 0.280628 
0.540392 532.000000 0.278534 
0.540784 531.000000 0.278010 
0.538824 536.000000 0.280628 
0.534902 546.000000 0.285864 
0.540784 531.000000 0.278010 
0.536078 543.000000 0.284293 
0.541961 528.000000 0.276440 
0.549020 510.000000 0.267016 
0.539216 535.000000 0.280105 
0.545882 518.000000 0.271204 
0.545490 519.000000 0.271728 
0.545098 520.000000 0.272251 
0.535686 544.000000 0.284817 
0.543137 525.000000 0.274869 
0.535686 544.000000 0.284817 
0.542745 526.000000 0.275393 
0.537647 539.000000 0.282199 
0.544314 522.000000 0.273298 
0.538431 537.000000 0.281152 
0.538039 538.000000 0.281675 
0.534118 548.000000 0.286911 
0.541961 528.000000 0.276440 
0.539608 534.000000 0.279581 
0.542745 526.000000 0.275393 
0.546275 517.000000 0.270681 
0.544314 522.000000 0.273298 
0.540392 532.000000 0.278534 
0.544706 521.000000 0.272775 
0.539216 535.000000 0.280105 
0.537255 540.000000 0.282723 
0.548627 511.000000 0.267539 
0.543529 524.000000 0.274346 
0.547451 514.000000 0.269110 
0.545098 520.000000 0.272251 
0.550588 506.000000 0.264921 
0.542745 526.000000 0.275393 
0.541569 529.000000 0.276963 
0.540784 531.000000 0.278010 
0.542745 526.000000 0.275393 
0.543529 524.000000 0.274346 
0.545490 519.000000 0.271728 
0.540784 531.000000 0.278010 
0.543137 525.000000 0.274869 
0.540784 531.000000 0.278010 
0.539608 534.000000 0.279581 
0.544314 522.000000 0.273298 
0.545882 518.000000 0.271204 
0.544314 522.000000 0.273298 
0.539608 534.000000 0.279581 
0.541569 529.000000 0.276963 
0.540000 533.000000 0.279058 
0.544706 521.000000 0.272775 
0.543922 523.000000 0.273822 
0.541961 528.000000 0.276440 
0.542353 527.000000 0.275916 
0.535294 545.000000 0.285340 
0.545882 518.000000 0.271204 
0.543137 525.000000 0.274869 
0.542745 526.000000 0.275393 
0.540392 532.000000 0.278534 
0.545098 520.000000 0.272251 
0.547843 513.000000 0.268586 
0.540000 533.000000 0.279058 
0.541569 529.000000 0.276963 
0.533725 549.000000 0.287435 
0.539216 535.000000 0.280105 
0.545882 518.000000 0.271204 
0.547059 515.000000 0.269634 
0.536863 541.000000 0.283246 
0.542745 526.000000 0.275393 
0.543922 523.000000 0.273822 
0.541176 530.000000 0.277487 
0.538039 538.000000 0.281675 
0.543529 524.000000 0.274346 
0.547843 513.000000 0.268586 
0.548627 511.000000 0.267539 
0.543529 524.000000 0.274346 
0.543137 525.000000 0.274869 
0.541961 528.000000 0.276440 
0.545490 519.000000 0.271728 
0.541176 530.000000 0.277487 
0.537647 539.000000 0.282199 
0.534118 548.000000 0.286911 
0.544314 522.000000 0.273298 
0.543137 525.000000 0.274869 
0.537647 539.000000 0.282199 
0.537255 540.000000 0.282723 
0.544706 521.000000 0.272775 
0.539216 535.000000 0.280105 
0.543529 524.000000 0.274346 
0.544314 522.000000 0.273298 
0.549020 510.000000 0.267016 
0.543529 524.000000 0.274346 
0.544706 521.000000 0.272775 
0.543922 523.000000 0.273822 
0.539608 534.000000 0.279581 
0.544706 521.000000 0.272775 
0.542353 527.000000 0.275916 
0.543529 524.000000 0.274346 
0.546275 517.000000 0.270681 
0.542353 527.000000 0.275916 
0.540392 532.000000 0.278534 
0.544706 521.000000 0.272775 
0.546667 516.000000 0.270157 
0.538431 537.000000 0.281152 
0.547059 515.000000 0.269634 
0.547059 515.000000 0.269634 
0.543137 525.000000 0.274869 
0.543137 525.000000 0.274869 
0.552941 500.000000 0.261780 
0.541176 530.000000 0.277487 
0.545882 518.000000 0.271204 
0.543922 523.000000 0.273822 
0.543922 523.000000 0.273822 
0.536863 541.000000 0.283246 
0.543529 524.000000 0.274346 
0.542745 526.000000 0.275393 
0.541176 530.000000 0.277487 
0.540392 532.000000 0.278534 
0.541961 528.000000 0.276440 
0.540784 531.000000 0.278010 
0.540392 532.000000 0.278534 
0.541569 529.000000 0.276963 
0.539216 535.000000 0.280105 
0.547843 513.000000 0.268586 
0.546275 517.000000 0.270681 
0.545490 519.000000 0.271728 
0.547059 515.000000 0.269634 
0.542353 527.000000 0.275916 
0.538039 538.000000 0.281675 
0.546275 517.000000 0.270681 
0.538431 537.000000 0.281152 
0.544706 521.000000 0.272775 
0.544706 521.000000 0.272775 
0.538039 538.000000 0.281675 
0.541176 530.000000 0.277487 
0.541569 529.000000 0.276963 
0.543922 523.000000 0.273822 
0.540784 531.000000 0.278010 
0.540392 532.000000 0.278534 
0.545098 520.000000 0.272251 
0.542353 527.000000 0.275916 
0.543922 523.000000 0.273822 
0.546275 517.000000 0.270681 
0.540784 531.000000 0.278010 
0.539216 535.000000 0.280105 
0.544706 521.000000 0.272775 
0.535686 544.000000 0.284817 
0.541176 530.000000 0.277487 
0.544314 522.000000 0.273298 
0.547059 515.000000 0.269634 
0.532941 551.000000 0.288482 
0.544314 522.000000 0.273298 
0.540392 532.000000 0.278534 
0.544706 521.000000 0.272775 
0.542353 527.000000 0.275916 
0.537255 540.000000 0.282723 
0.540000 533.000000 0.279058 
0.549804 508.000000 0.265969 
0.542353 527.000000 0.275916 
0.536863 541.000000 0.283246 
0.542353 527.000000 0.275916 
0.550980 505.000000 0.264398 
0.542745 526.000000 0.275393 
0.540000 533.000000 0.279058 
0.547059 515.000000 0.269634 
0.540392 532.000000 0.278534 
0.540784 531.000000 0.278010 
0.550980 505.000000 0.264398 
0.542353 527.000000 0.275916 
0.533333 550.000000 0.287958 
0.535294 545.000000 0.285340 
0.543137 525.000000 0.274869 
0.539608 534.000000 0.279581 
0.542353 527.000000 0.275916 
0.546667 516.000000 0.270157 
0.536471 542.000000 0.283770 
0.543137 525.000000 0.274869 
0.541569 529.000000 0.276963 
0.545882 518.000000 0.271204 
0.549020 510.000000 0.267016 
0.545098 520.000000 0.272251 
0.540392 532.000000 0.278534 
0.545490 519.000000 0.271728 
0.543137 525.000000 0.274869 
0.543137 525.000000 0.274869 
0.540784 531.000000 0.278010 
0.538824 536.000000 0.280628 
0.541961 528.000000 0.276440 
0.544314 522.000000 0.273298 
0.540784 531.000000 0.278010 
0.547059 515.000000 0.269634 
0.543529 524.000000 0.274346 
0.536863 541.000000 0.283246 
0.544314 522.000000 0.273298 
0.547059 515.000000 0.269634 
0.550980 505.000000 0.264398 
0.545098 520.000000 0.272251 
0.538039 538.000000 0.281675 
0.534118 548.000000 0.286911 
0.549020 510.000000 0.267016 
0.551765 503.000000 0.263351 
0.545882 518.000000 0.271204 
0.545098 520.000000 0.272251 
0.541569 529.000000 0.276963 
0.544314 522.000000 0.273298 
0.541961 528.000000 0.276440 
0.543137 525.000000 0.274869 
0.545490 519.000000 0.271728 
0.544706 521.000000 0.272775 
0.551373 504.000000 0.263874 
0.539608 534.000000 0.279581 
0.537647 539.000000 0.282199 
0.538039 538.000000 0.281675 
0.543922 523.000000 0.273822 
0.534902 546.000000 0.285864 
0.543922 523.000000 0.273822 
0.542745 526.000000 0.275393 
0.545882 518.000000 0.271204 
0.549412 509.000000 0.266492 
0.540784 531.000000 0.278010 
0.546275 517.000000 0.270681 
0.543922 523.000000 0.273822 
0.547843 513.000000 0.268586 
0.547843 513.000000 0.268586 
0.540392 532.000000 0.278534 
0.542745 526.000000 0.275393 
0.544706 521.000000 0.272775 
0.544706 521.000000 0.272775 
0.541961 528.000000 0.276440 
0.548627 511.000000 0.267539 
0.544706 521.000000 0.272775 
0.541176 530.000000 0.277487 
0.543137 525.000000 0.274869 
0.540784 531.000000 0.278010 
0.546275 517.000000 0.270681 
0.541961 528.000000 0.276440 
0.543529 524.000000 0.274346 
0.545882 518.000000 0.271204 
0.543529 524.000000 0.274346 
0.540784 531.000000 0.278010 
0.542353 527.000000 0.275916 
0.556471 491.000000 0.257068 
0.541176 530.000000 0.277487 
0.540784 531.000000 0.278010 
0.539608 534.000000 0.279581 
0.545882 518.000000 0.271204 
0.537255 540.000000 0.282723 
0.540784 531.000000 0.278010 
0.544314 522.000000 0.273298 
0.539216 535.000000 0.280105 
0.539608 534.000000 0.279581 
0.545098 520.000000 0.272251 
0.549020 510.000000 0.267016 
0.547843 513.000000 0.268586 
0.532941 551.000000 0.288482 
0.548235 512.000000 0.268063 
0.540392 532.000000 0.278534 
0.545098 520.000000 0.272251 
0.545490 519.000000 0.271728 
0.541569 529.000000 0.276963 
0.544706 521.000000 0.272775 
0.541569 529.000000 0.276963 
0.543922 523.000000 0.273822 
0.546275 517.000000 0.270681 
0.543529 524.000000 0.274346 
0.532157 553.000000 0.289529 
0.540000 533.000000 0.279058 
0.539216 535.000000 0.280105 
0.540784 531.000000 0.278010 
0.542353 527.000000 0.275916 
0.538824 536.000000 0.280628 
0.543137 525.000000 0.274869 
0.542745 526.000000 0.275393 
0.547059 515.000000 0.269634 
0.546275 517.000000 0.270681 
0.540392 532.000000 0.278534 
0.547451 514.000000 0.269110 
0.543922 523.000000 0.273822 
0.543922 523.000000 0.273822 
0.545098 520.000000 0.272251 
0.543137 525.000000 0.274869 
0.536078 543.000000 0.284293 
0.541961 528.000000 0.276440 
0.540392 532.000000 0.278534 
0.544314 522.000000 0.273298 
0.543137 525.000000 0.274869 
0.542353 527.000000 0.275916 
0.541961 528.000000 0.276440 
0.549020 510.000000 0.267016 
0.540784 531.000000 0.278010 
0.543137 525.000000 0.274869 
0.542745 526.000000 0.275393 
0.544706 521.000000 0.272775 
0.542353 527.000000 0.275916 
0.543529 524.000000 0.274346 
0.541569 529.000000 0.276963 
0.547843 513.000000 0.268586 
0.550196 507.000000 0.265445 
0.544706 521.000000 0.272775 
0.545882 518.000000 0.271204 
0.545098 520.000000 0.272251 
0.540392 532.000000 0.278534 
0.537255 540.000000 0.282723 
0.540000 533.000000 0.279058 
0.547059 515.000000 0.269634 
0.541961 528.000000 0.276440 
0.538431 537.000000 0.281152 
0.547843 513.000000 0.268586 
0.545882 518.000000 0.271204 
0.545882 518.000000 0.271204 
0.543529 524.000000 0.274346 
0.545098 520.000000 0.272251 
0.538824 536.000000 0.280628 
0.545490 519.000000 0.271728 
0.541176 530.000000 0.277487 
0.543529 524.000000 0.274346 
0.539216 535.000000 0.280105 
0.548627 511.000000 0.267539 
0.548235 512.000000 0.268063 
0.544314 522.000000 0.273298 
0.549412 509.000000 0.266492 
0.545882 518.000000 0.271204 
0.538431 537.000000 0.281152 
0.540784 531.000000 0.278010 
0.541961 528.000000 0.276440 
0.540000 533.000000 0.279058 
0.543529 524.000000 0.274346 
0.544706 521.000000 0.272775 
0.549020 510.000000 0.267016 
0.543922 523.000000 0.273822 
0.544314 522.000000 0.273298 
0.543922 523.000000 0.273822 
0.540000 533.000000 0.279058 
0.541176 530.000000 0.277487 
0.539216 535.000000 0.280105 
0.541569 529.000000 0.276963 
0.545490 519.000000 0.271728 
0.548627 511.000000 0.267539 
0.542745 526.000000 0.275393 
0.541176 530.000000 0.277487 
0.538824 536.000000 0.280628 
0.545098 520.000000 0.272251 
0.545098 520.000000 0.272251 
0.541961 528.000000 0.276440 
0.549412 509.000000 0.266492 
0.533725 549.000000 0.287435 
0.544314 522.000000 0.273298 
0.543529 524.000000 0.274346 
0.541961 528.000000 0.276440 
0.539216 535.000000 0.280105 
0.541569 529.000000 0.276963 
0.544314 522.000000 0.273298 
0.545490 519.000000 0.271728 
0.539216 535.000000 0.280105 
0.536863 541.000000 0.283246 
0.545882 518.000000 0.271204 
0.538824 536.000000 0.280628 
0.539216 535.000000 0.280105 
0.544314 522.000000 0.273298 
0.539216 535.000000 0.280105 
0.544706 521.000000 0.272775 
0.534510 547.000000 0.286387 
0.543137 525.000000 0.274869 
0.542745 526.000000 0.275393 
0.545490 519.000000 0.271728 
0.545882 518.000000 0.271204 
0.538431 537.000000 0.281152 
0.537255 540.000000 0.282723 
0.540784 531.000000 0.278010 
0.541569 529.000000 0.276963 
0.538824 536.000000 0.280628 
0.545098 520.000000 0.272251 
0.536863 541.000000 0.283246 
0.541569 529.000000 0.276963 
0.547059 515.000000 0.269634 
0.533725 549.000000 0.287435 
0.548627 511.000000 0.267539 
0.546667 516.000000 0.270157 
0.543529 524.000000 0.274346 
0.540000 533.000000 0.279058 
0.537255 540.000000 0.282723 
0.536078 543.000000 0.284293 
0.548235 512.000000 0.268063 
0.538431 537.000000 0.281152 
0.538039 538.000000 0.281675 
0.542353 527.000000 0.275916 
0.536078 543.000000 0.284293 
0.548235 512.000000 0.268063 
0.542745 526.000000 0.275393 
0.538824 536.000000 0.280628 
0.549412 509.000000 0.266492 
0.541961 528.000000 0.276440 
0.544706 521.000000 0.272775 
0.545098 520.000000 0.272251 
0.547059 515.000000 0.269634 
0.542353 527.000000 0.275916 
0.545490 519.000000 0.271728 
0.547843 513.000000 0.268586 
0.543529 524.000000 0.274346 
0.548627 511.000000 0.267539 
0.540784 531.000000 0.278010 
0.539608 534.000000 0.279581 
0.541176 530.000000 0.277487 
0.540000 533.000000 0.279058 
0.547843 513.000000 0.268586 
0.540000 533.000000 0.279058 
0.543922 523.000000 0.273822 
0.538824 536.000000 0.280628 
0.541176 530.000000 0.277487 
0.542745 526.000000 0.275393 
0.541176 530.000000 0.277487 
0.541961 528.000000 0.276440 
0.548235 512.000000 0.268063 
0.545098 520.000000 0.272251 
0.544706 521.000000 0.272775 
0.544706 521.000000 0.272775 
0.538431 537.000000 0.281152 
0.541569 529.000000 0.276963 
0.543922 523.000000 0.273822 
0.539216 535.000000 0.280105 
0.537255 540.000000 0.282723 
0.546275 517.000000 0.270681 
0.539608 534.000000 0.279581 
0.548235 512.000000 0.268063 
0.544706 521.000000 0.272775 
0.545098 520.000000 0.272251 
0.548235 512.000000 0.268063 
0.542353 527.000000 0.275916 
0.543529 524.000000 0.274346 
0.543137 525.000000 0.274869 
0.539608 534.000000 0.279581 
0.548235 512.000000 0.268063 
0.550980 505.000000 0.264398 
0.547059 515.000000 0.269634 
0.545490 519.000000 0.271728 
0.548627 511.000000 0.267539 
0.534902 546.000000 0.285864 
0.540392 532.000000 0.278534 
0.545490 519.000000 0.271728 
0.543529 524.000000 0.274346 
0.539608 534.000000 0.279581 
0.538431 537.000000 0.281152 
0.548235 512.000000 0.268063 
0.536078 543.000000 0.284293 
0.541176 530.000000 0.277487 
0.533333 550.000000 0.287958 
0.537255 540.000000 0.282723 
0.545490 519.000000 0.271728 
0.545098 520.000000 0.272251 
0.546275 517.000000 0.270681 
0.540784 531.000000 0.278010 
0.546667 516.000000 0.270157 
0.543137 525.000000 0.274869 
0.546275 517.000000 0.270681 
0.540000 533.000000 0.279058 
0.545490 519.000000 0.271728 
0.552941 500.000000 0.261780 
0.546667 516.000000 0.270157 
0.541569 529.000000 0.276963 
0.541176 530.000000 0.277487 
0.542353 527.000000 0.275916 
0.542353 527.000000 0.275916 
0.542745 526.000000 0.275393 
0.538824 536.000000 0.280628 
0.539216 535.000000 0.280105 
0.542353 527.000000 0.275916 
0.546275 517.000000 0.270681 
0.550196 507.000000 0.265445 
0.543137 525.000000 0.274869 
0.538431 537.000000 0.281152 
0.537255 540.000000 0.282723 
0.543137 525.000000 0.274869 
0.547451 514.000000 0.269110 
0.536471 542.000000 0.283770 
0.547059 515.000000 0.269634 
0.541961 528.000000 0.276440 
0.550196 507.000000 0.265445 
0.547843 513.000000 0.268586 
0.547843 513.000000 0.268586 
0.538431 537.000000 0.281152 
0.535294 545.000000 0.285340 
0.543529 524.000000 0.274346 
0.540784 531.000000 0.278010 
0.539608 534.000000 0.279581 
0.541176 530.000000 0.277487 
0.545882 518.000000 0.271204 
0.547843 513.000000 0.268586 
0.549804 508.000000 0.265969 
0.544706 521.000000 0.272775 
0.540392 532.000000 0.278534 
0.541569 529.000000 0.276963 
0.547451 514.000000 0.269110 
0.547059 515.000000 0.269634 
0.537647 539.000000 0.282199 
0.542353 527.000000 0.275916 
0.537255 540.000000 0.282723 
0.547843 513.000000 0.268586 
0.539608 534.000000 0.279581 
0.540392 532.000000 0.278534 
0.546275 517.000000 0.270681 
0.543922 523.000000 0.273822 
0.548235 512.000000 0.268063 
0.540784 531.000000 0.278010 
0.541569 529.000000 0.276963 
0.548235 512.000000 0.268063 
0.537647 539.000000 0.282199 
0.541569 529.000000 0.276963 
0.546667 516.000000 0.270157 
0.540392 532.000000 0.278534 
0.547451 514.000000 0.269110 
0.542353 527.000000 0.275916 
0.538039 538.000000 0.281675 
0.547843 513.000000 0.268586 
0.547451 514.000000 0.269110 
0.544314 522.000000 0.273298 
0.544314 522.000000 0.273298 
0.545882 518.000000 0.271204 
0.542745 526.000000 0.275393 
0.541961 528.000000 0.276440 
0.543137 525.000000 0.274869 
0.538431 537.000000 0.281152 
0.548627 511.000000 0.267539 
0.541569 529.000000 0.276963 
0.542745 526.000000 0.275393 
0.541961 528.000000 0.276440 
0.541961 528.000000 0.276440 
0.546275 517.000000 0.270681 
0.538431 537.000000 0.281152 
0.551373 504.000000 0.263874 
0.541961 528.000000 0.276440 
0.543529 524.000000 0.274346 
0.547059 515.000000 0.269634 
0.543922 523.000000 0.273822 
0.541569 529.000000 0.276963 
0.542745 526.000000 0.275393 
0.546667 516.000000 0.270157 
0.542353 527.000000 0.275916 
0.544314 522.000000 0.273298 
0.545490 519.000000 0.271728 
0.545490 519.000000 0.271728 
0.540784 531.000000 0.278010 
0.545490 519.000000 0.271728 
0.543137 525.000000 0.274869 
0.546667 516.000000 0.270157 
0.539608 534.000000 0.279581 
0.534118 548.000000 0.286911 
0.539216 535.000000 0.280105 
0.541569 529.000000 0.276963 
0.546667 516.000000 0.270157 
0.550196 507.000000 0.265445 
0.543529 524.000000 0.274346 
0.538824 536.000000 0.280628 
0.550196 507.000000 0.265445 
0.539608 534.000000 0.279581 
0.546667 516.000000 0.270157 
0.545882 518.000000 0.271204 
0.538039 538.000000 0.281675 
0.537647 539.000000 0.282199 
0.541569 529.000000 0.276963 
0.543137 525.000000 0.274869 
0.539216 535.000000 0.280105 
0.545098 520.000000 0.272251 
0.545882 518.000000 0.271204 
0.545882 518.000000 0.271204 
0.546275 517.000000 0.270681 
0.541176 530.000000 0.277487 
0.545882 518.000000 0.271204 
0.541569 529.000000 0.276963 
0.539216 535.000000 0.280105 
0.545882 518.000000 0.271204 
0.539216 535.000000 0.280105 
0.542745 526.000000 0.275393 
0.545882 518.000000 0.271204 
0.539608 534.000000 0.279581 
0.541961 528.000000 0.276440 
0.549020 510.000000 0.267016 
0.541176 530.000000 0.277487 
0.541176 530.000000 0.277487 
0.545098 520.000000 0.272251 
0.540784 531.000000 0.278010 
0.548627 511.000000 0.267539 
0.550196 507.000000 0.265445 
0.544314 522.000000 0.273298 
0.548627 511.000000 0.267539 
0.543529 524.000000 0.274346 
0.540784 531.000000 0.278010 
0.544314 522.000000 0.273298 
0.540000 533.000000 0.279058 
0.547451 514.000000 0.269110 
0.538431 537.000000 0.281152 
0.547059 515.000000 0.269634 
0.540784 531.000000 0.278010 
0.544706 521.000000 0.272775 
0.542353 527.000000 0.275916 
0.541176 530.000000 0.277487 
0.542353 527.000000 0.275916 
0.538431 537.000000 0.281152 
0.543529 524.000000 0.274346 
0.536078 543.000000 0.284293 
0.543529 524.000000 0.274346 
0.544706 521.000000 0.272775 
0.540784 531.000000 0.278010 
0.541961 528.000000 0.276440 
0.548235 512.000000 0.268063 
0.538824 536.000000 0.280628 
0.540784 531.000000 0.278010 
0.535294 545.000000 0.285340 
0.542353 527.000000 0.275916 
0.541176 530.000000 0.277487 
0.545882 518.000000 0.271204 
0.538431 537.000000 0.281152 
0.548235 512.000000 0.268063 
0.540784 531.000000 0.278010 
0.541569 529.000000 0.276963 
0.536078 543.000000 0.284293 
0.541961 528.000000 0.276440 
0.538824 536.000000 0.280628 
0.544314 522.000000 0.273298 
0.545882 518.000000 0.271204 
0.541569 529.000000 0.276963 
0.534510 547.000000 0.286387 
0.542745 526.000000 0.275393 
0.542353 527.000000 0.275916 
0.544314 522.000000 0.273298 
0.541961 528.000000 0.276440 
0.541176 530.000000 0.277487 
0.542745 526.000000 0.275393 
0.540392 532.000000 0.278534 
0.542353 527.000000 0.275916 
0.539216 535.000000 0.280105 
0.543137 525.000000 0.274869 
0.546275 517.000000 0.270681 
0.548627 511.000000 0.267539 
0.543529 524.000000 0.274346 
0.542353 527.000000 0.275916 
0.538039 538.000000 0.281675 
0.542353 527.000000 0.275916 
0.545882 518.000000 0.271204 
0.543529 524.000000 0.274346 
0.546275 517.000000 0.270681 
0.543529 524.000000 0.274346 
0.543529 524.000000 0.274346 
0.545490 519.000000 0.271728 
0.545098 520.000000 0.272251 
0.542745 526.000000 0.275393 
0.548235 512.000000 0.268063 
0.540392 532.000000 0.278534 
0.554118 497.000000 0.260209 
0.543922 523.000000 0.273822 
0.550588 506.000000 0.264921 
0.546667 516.000000 0.270157 
0.545882 518.000000 0.271204 
0.540392 532.000000 0.278534 
0.534902 546.000000 0.285864 
0.546275 517.000000 0.270681 
0.548627 511.000000 0.267539 
0.532549 552.000000 0.289005 
0.541569 529.000000 0.276963 
0.538431 537.000000 0.281152 
0.545098 520.000000 0.272251 
0.538039 538.000000 0.281675 
0.540392 532.000000 0.278534 
0.544706 521.000000 0.272775 
0.545490 519.000000 0.271728 
0.538039 538.000000 0.281675 
0.536078 543.000000 0.284293 
0.548235 512.000000 0.268063 
0.543529 524.000000 0.274346 
0.542745 526.000000 0.275393 
0.541176 530.000000 0.277487 
0.540000 533.000000 0.279058 
0.538039 538.000000 0.281675 
0.540784 531.000000 0.278010 
0.546275 517.000000 0.270681 
0.545098 520.000000 0.272251 
0.543137 525.000000 0.274869 
0.541569 529.000000 0.276963 
0.538431 537.000000 0.281152 
0.547451 514.000000 0.269110 
0.550196 507.000000 0.265445 
0.540784 531.000000 0.278010 
0.552549 501.000000 0.262304 
0.543137 525.000000 0.274869 
0.546667 516.000000 0.270157 
0.544314 522.000000 0.273298 
0.543137 525.000000 0.274869 
0.543529 524.000000 0.274346 
0.546667 516.000000 0.270157 
0.545490 519.000000 0.271728 
0.546667 516.000000 0.270157 
0.550588 506.000000 0.264921 
0.550588 506.000000 0.264921 
0.538824 536.000000 0.280628 
0.538431 537.000000 0.281152 
0.544706 521.000000 0.272775 
0.539608 534.000000 0.279581 
0.541961 528.000000 0.276440 
0.541961 528.000000 0.276440 
0.545882 518.000000 0.271204 
0.534510 547.000000 0.286387 
0.542353 527.000000 0.275916 
0.546275 517.000000 0.270681 
0.544314 522.000000 0.273298 
0.543529 524.000000 0.274346 
0.541176 530.000000 0.277487 
0.541961 528.000000 0.276440 
0.540000 533.000000 0.279058 
0.541961 528.000000 0.276440 
0.538824 536.000000 0.280628 
0.544706 521.000000 0.272775 
0.541176 530.000000 0.277487 
0.543529 524.000000 0.274346 
0.534902 546.000000 0.285864 
0.536078 543.000000 0.284293 
0.538431 537.000000 0.281152 
0.544314 522.000000 0.273298 
0.540392 532.000000 0.278534 
0.541176 530.000000 0.277487 
0.545882 518.000000 0.271204 
0.541961 528.000000 0.276440 
0.545490 519.000000 0.271728 
0.545490 519.000000 0.271728 
0.539608 534.000000 0.279581 
0.545490 519.000000 0.271728 
0.548627 511.000000 0.267539 
0.537647 539.000000 0.282199 
0.541961 528.000000 0.276440 
0.544314 522.000000 0.273298 
0.541569 529.000000 0.276963 
0.543922 523.000000 0.273822 
0.545098 520.000000 0.272251 
0.540784 531.000000 0.278010 
0.544706 521.000000 0.272775 
0.543529 524.000000 0.274346 
0.537647 539.000000 0.282199 
0.547843 513.000000 0.268586 
0.547451 514.000000 0.269110 
0.541569 529.000000 0.276963 
0.539608 534.000000 0.279581 
0.546667 516.000000 0.270157 
0.543922 523.000000 0.273822 
0.541961 528.000000 0.276440 
0.544314 522.000000 0.273298 
0.546275 517.000000 0.270681 
0.536078 543.000000 0.284293 
0.547451 514.000000 0.269110 
0.532941 551.000000 0.288482 
0.548235 512.000000 0.268063 
0.546275 517.000000 0.270681 
0.538039 538.000000 0.281675 
0.542745 526.000000 0.275393 
0.541569 529.000000 0.276963 
0.538431 537.000000 0.281152 
0.546275 517.000000 0.270681 
0.541961 528.000000 0.276440 
0.538824 536.000000 0.280628 
0.542353 527.000000 0.275916 
0.540000 533.000000 0.279058 
0.543137 525.000000 0.274869 
0.536471 542.000000 0.283770 
0.539216 535.000000 0.280105 
0.538431 537.000000 0.281152 
0.543137 525.000000 0.274869 
0.538039 538.000000 0.281675 
0.539608 534.000000 0.279581 
0.540784 531.000000 0.278010 
0.550588 506.000000 0.264921 
0.545882 518.000000 0.271204 
0.540000 533.000000 0.279058 
0.543922 523.000000 0.273822 
0.544706 521.000000 0.272775 
0.548235 512.000000 0.268063 
0.537255 540.000000 0.282723 
0.547451 514.000000 0.269110 
0.544706 521.000000 0.272775 
0.543137 525.000000 0.274869 
0.543922 523.000000 0.273822 
0.547843 513.000000 0.268586 
0.540000 533.000000 0.279058 
0.541961 528.000000 0.276440 
0.549412 509.000000 0.266492 
0.540000 533.000000 0.279058 
0.544706 521.000000 0.272775 
0.542745 526.000000 0.275393 
0.542745 526.000000 0.275393 
0.538039 538.000000 0.281675 
0.540000 533.000000 0.279058 
0.541176 530.000000 0.277487 
0.536863 541.000000 0.283246 
0.544706 521.000000 0.272775 
0.540784 531.000000 0.278010 
0.542353 527.000000 0.275916 
0.544706 521.000000 0.272775 
0.541569 529.000000 0.276963 
0.544314 522.000000 0.273298 
0.545490 519.000000 0.271728 
0.541961 528.000000 0.276440 
0.545882 518.000000 0.271204 
0.537255 540.000000 0.282723 
0.540392 532.000000 0.278534 
0.542353 527.000000 0.275916 
0.547451 514.000000 0.269110 
0.546275 517.000000 0.270681 
0.545098 520.000000 0.272251 
0.536471 542.000000 0.283770 
0.546275 517.000000 0.270681 
0.538431 537.000000 0.281152 
0.543922 523.000000 0.273822 
0.545098 520.000000 0.272251 
0.542353 527.000000 0.275916 
0.538431 537.000000 0.281152 
0.544314 522.000000 0.273298 
0.536863 541.000000 0.283246 
0.538824 536.000000 0.280628 
0.537647 539.000000 0.282199 
0.539608 534.000000 0.279581 
0.544706 521.000000 0.272775 
0.547059 515.000000 0.269634 
0.537255 540.000000 0.282723 
0.540784 531.000000 0.278010 
0.538431 537.000000 0.281152 
0.545882 518.000000 0.271204 
0.550588 506.000000 0.264921 
0.545098 520.000000 0.272251 
0.540000 533.000000 0.279058 
0.540392 532.000000 0.278534 
0.543529 524.000000 0.274346 
0.540784 531.000000 0.278010 
0.541176 530.000000 0.277487 
0.543137 525.000000 0.274869 
0.539608 534.000000 0.279581 
0.541961 528.000000 0.276440 
0.545882 518.000000 0.271204 
0.549020 510.000000 0.267016 
0.547451 514.000000 0.269110 
0.541176 530.000000 0.277487 
0.547843 513.000000 0.268586 
0.543922 523.000000 0.273822 
0.547451 514.000000 0.269110 
0.537255 540.000000 0.282723 
0.548235 512.000000 0.268063 
0.540000 533.000000 0.279058 
0.542745 526.000000 0.275393 
0.538039 538.000000 0.281675 
0.542745 526.000000 0.275393 
0.545098 520.000000 0.272251 
0.541961 528.000000 0.276440 
0.541176 530.000000 0.277487 
0.547059 515.000000 0.269634 
0.548235 512.000000 0.268063 
0.540392 532.000000 0.278534 
0.541569 529.000000 0.276963 
0.544314 522.000000 0.273298 
0.536863 541.000000 0.283246 
0.542353 527.000000 0.275916 
0.538824 536.000000 0.280628 
0.543529 524.000000 0.274346 
0.540784 531.000000 0.278010 
0.546275 517.000000 0.270681 
0.541961 528.000000 0.276440 
0.536863 541.000000 0.283246 
0.536471 542.000000 0.283770 
0.538431 537.000000 0.281152 
0.542745 526.000000 0.275393 
0.544314 522.000000 0.273298 
0.536863 541.000000 0.283246 
0.536863 541.000000 0.283246 
0.540392 532.000000 0.278534 
0.542353 527.000000 0.275916 
0.547451 514.000000 0.269110 
0.538824 536.000000 0.280628 
0.544314 522.000000 0.273298 
0.538824 536.000000 0.280628 
0.545098 520.000000 0.272251 
0.545490 519.000000 0.271728 
0.543922 523.000000 0.273822 
0.540000 533.000000 0.279058 
0.540392 532.000000 0.278534 
0.540784 531.000000 0.278010 
0.547059 515.000000 0.269634 
0.542745 526.000000 0.275393 
0.543529 524.000000 0.274346 
0.547451 514.000000 0.269110 
0.543922 523.000000 0.273822 
0.535294 545.000000 0.285340 
0.540392 532.000000 0.278534 
0.545098 520.000000 0.272251 
0.543922 523.000000 0.273822 
0.541961 528.000000 0.276440 
0.542745 526.000000 0.275393 
0.543137 525.000000 0.274869 
0.541176 530.000000 0.277487 
0.540392 532.000000 0.278534 
0.544706 521.000000 0.272775 
0.553725 498.000000 0.260733 
0.542745 526.000000 0.275393 
0.538824 536.000000 0.280628 
0.540784 531.000000 0.278010 
0.545882 518.000000 0.271204 
0.540000 533.000000 0.279058 
0.546275 517.000000 0.270681 
0.542353 527.000000 0.275916 
0.544314 522.000000 0.273298 
0.537647 539.000000 0.282199 
0.542353 527.000000 0.275916 
0.549412 509.000000 0.266492 
0.537647 539.000000 0.282199 
0.541569 529.000000 0.276963 
0.534902 546.000000 0.285864 
0.537255 540.000000 0.282723 
0.541176 530.000000 0.277487 
0.543529 524.000000 0.274346 
0.546275 517.000000 0.270681 
0.541961 528.000000 0.276440 
0.547451 514.000000 0.269110 
0.540392 532.000000 0.278534 
0.539608 534.000000 0.279581 
0.543529 524.000000 0.274346 
0.546275 517.000000 0.270681 
0.542745 526.000000 0.275393 
0.548235 512.000000 0.268063 
0.538431 537.000000 0.281152 
0.540784 531.000000 0.278010 
0.550980 505.000000 0.264398 
0.546275 517.000000 0.270681 
0.541569 529.000000 0.276963 
0.543529 524.000000 0.274346 
0.543137 525.000000 0.274869 
0.540392 532.000000 0.278534 
0.542745 526.000000 0.275393 
0.542745 526.000000 0.275393 
0.541569 529.000000 0.276963 
0.543922 523.000000 0.273822 
0.538824 536.000000 0.280628 
0.549020 510.000000 0.267016 
0.543529 524.000000 0.274346 
0.545490 519.000000 0.271728 
0.541569 529.000000 0.276963 
0.543529 524.000000 0.274346 
0.538039 538.000000 0.281675 
0.544706 521.000000 0.272775 
0.539608 534.000000 0.279581 
0.549020 510.000000 0.267016 
0.541961 528.000000 0.276440 
0.546275 517.000000 0.270681 
0.549412 509.000000 0.266492 
0.543922 523.000000 0.273822 
0.539608 534.000000 0.279581 
0.541176 530.000000 0.277487 
0.547059 515.000000 0.269634 
0.538431 537.000000 0.281152 
0.549020 510.000000 0.267016 
0.538039 538.000000 0.281675 
0.541176 530.000000 0.277487 
0.542353 527.000000 0.275916 
0.545490 519.000000 0.271728 
0.551765 503.000000 0.263351 
0.540000 533.000000 0.279058 
0.543137 525.000000 0.274869 
0.542353 527.000000 0.275916 
0.546275 517.000000 0.270681 
0.539608 534.000000 0.279581 
0.538039 538.000000 0.281675 
0.545882 518.000000 0.271204 
0.545098 520.000000 0.272251 
0.546275 517.000000 0.270681 
0.538431 537.000000 0.281152 
0.544706 521.000000 0.272775 
0.541176 530.000000 0.277487 
0.550196 507.000000 0.265445 
0.544314 522.000000 0.273298 
0.545098 520.000000 0.272251 
0.549412 509.000000 0.266492 
0.541569 529.000000 0.276963 
0.545882 518.000000 0.271204 
0.545098 520.000000 0.272251 
0.543922 523.000000 0.273822 
0.545098 520.000000 0.272251 
0.547451 514.000000 0.269110 
0.545882 518.000000 0.271204 
0.543137 525.000000 0.274869 
0.541961 528.000000 0.276440 
0.538039 538.000000 0.281675 
0.537647 539.000000 0.282199 
0.540000 533.000000 0.279058 
0.540784 531.000000 0.278010 
0.542353 527.000000 0.275916 
0.543922 523.000000 0.273822 
0.544706 521.000000 0.272775 
0.539608 534.000000 0.279581 
0.542745 526.000000 0.275393 
0.543529 524.000000 0.274346 
0.536471 542.000000 0.283770 
0.538039 538.000000 0.281675 
0.546667 516.000000 0.270157 
0.543529 524.000000 0.274346 
0.544314 522.000000 0.273298 
0.541176 530.000000 0.277487 
0.539216 535.000000 0.280105 
0.537647 539.000000 0.282199 
0.543529 524.000000 0.274346 
0.540392 532.000000 0.278534 
0.546667 516.000000 0.270157 
0.543529 524.000000 0.274346 
0.546667 516.000000 0.270157 
0.547059 515.000000 0.269634 
0.547059 515.000000 0.269634 
0.539608 534.000000 0.279581 
0.551373 504.000000 0.263874 
0.540392 532.000000 0.278534 
0.538039 538.000000 0.281675 
0.536078 543.000000 0.284293 
0.538824 536.000000 0.280628 
0.533725 549.000000 0.287435 
0.540784 531.000000 0.278010 
0.541569 529.000000 0.276963 
0.541569 529.000000 0.276963 
0.546667 516.000000 0.270157 
0.537647 539.000000 0.282199 
0.537255 540.000000 0.282723 
0.540784 531.000000 0.278010 
0.548235 512.000000 0.268063 
0.538039 538.000000 0.281675 
0.542745 526.000000 0.275393 
0.542745 526.000000 0.275393 
0.541569 529.000000 0.276963 
0.543529 524.000000 0.274346 
0.549020 510.000000 0.267016 
0.536471 542.000000 0.283770 
0.548235 512.000000 0.268063 
0.544706 521.000000 0.272775 
0.547059 515.000000 0.269634 
0.538039 538.000000 0.281675 
0.538431 537.000000 0.281152 
0.538824 536.000000 0.280628 
0.543922 523.000000 0.273822 
0.552941 500.000000 0.261780 
0.541176 530.000000 0.277487 
0.541569 529.000000 0.276963 
0.540392 532.000000 0.278534 
0.544314 522.000000 0.273298 
0.547059 515.000000 0.269634 
0.541961 528.000000 0.276440 
0.540000 533.000000 0.279058 
0.543922 523.000000 0.273822 
0.543529 524.000000 0.274346 
0.543922 523.000000 0.273822 
0.532941 551.000000 0.288482 
0.549020 510.000000 0.267016 
0.543529 524.000000 0.274346 
0.545490 519.000000 0.271728 
0.541961 528.000000 0.276440 
0.538824 536.000000 0.280628 
0.538431 537.000000 0.281152 
0.543922 523.000000 0.273822 
0.539216 535.000000 0.280105 
0.545098 520.000000 0.272251 
0.548627 511.000000 0.267539 
0.535686 544.000000 0.284817 
0.549020 510.000000 0.267016 
0.538039 538.000000 0.281675 
0.543922 523.000000 0.273822 
0.539608 534.000000 0.279581 
0.541961 528.000000 0.276440 
0.540000 533.000000 0.279058 
0.539608 534.000000 0.279581 
0.548235 512.000000 0.268063 
0.539608 534.000000 0.279581 
0.540000 533.000000 0.279058 
0.538039 538.000000 0.281675 
0.541961 528.000000 0.276440 
0.542353 527.000000 0.275916 
0.547059 515.000000 0.269634 
0.539608 534.000000 0.279581 
0.549020 510.000000 0.267016 
0.547843 513.000000 0.268586 
0.541176 530.000000 0.277487 
0.549412 509.000000 0.266492 
0.538824 536.000000 0.280628 
0.540784 531.000000 0.278010 
0.539608 534.000000 0.279581 
0.538039 538.000000 0.281675 
0.541176 530.000000 0.277487 
0.538824 536.000000 0.280628 
0.539608 534.000000 0.279581 
0.548627 511.000000 0.267539 
0.538039 538.000000 0.281675 
0.543529 524.000000 0.274346 
0.541961 528.000000 0.276440 
0.550196 507.000000 0.265445 
0.543529 524.000000 0.274346 
0.541961 528.000000 0.276440 
0.541569 529.000000 0.276963 
0.543922 523.000000 0.273822 
0.543529 524.000000 0.274346 
0.543137 525.000000 0.274869 
0.543922 523.000000 0.273822 
0.536078 543.000000 0.284293 
0.537255 540.000000 0.282723 
0.545098 520.000000 0.272251 
0.542745 526.000000 0.275393 
0.544314 522.000000 0.273298 
0.534510 547.000000 0.286387 
0.541569 529.000000 0.276963 
0.541569 529.000000 0.276963 
0.533333 550.000000 0.287958 
0.540784 531.000000 0.278010 
0.538824 536.000000 0.280628 
0.538039 538.000000 0.281675 
0.535686 544.000000 0.284817 
0.545490 519.000000 0.271728 
0.542745 526.000000 0.275393 
0.538039 538.000000 0.281675 
0.545490 519.000000 0.271728 
0.545098 520.000000 0.272251 
0.544314 522.000000 0.273298 
0.545490 519.000000 0.271728 
0.542353 527.000000 0.275916 
0.537647 539.000000 0.282199 
0.538039 538.000000 0.281675 
0.542353 527.000000 0.275916 
0.548235 512.000000 0.268063 
0.536078 543.000000 0.284293 
0.546667 516.000000 0.270157 
0.544706 521.000000 0.272775 
0.538824 536.000000 0.280628 
0.540000 533.000000 0.279058 
0.541569 529.000000 0.276963 
0.540392 532.000000 0.278534 
0.546667 516.000000 0.270157 
0.541176 530.000000 0.277487 
0.547059 515.000000 0.269634 
0.544706 521.000000 0.272775 
0.538039 538.000000 0.281675 
0.545098 520.000000 0.272251 
0.546275 517.000000 0.270681 
0.547059 515.000000 0.269634 
0.540000 533.000000 0.279058 
0.540000 533.000000 0.279058 
0.538824 536.000000 0.280628 
0.541961 528.000000 0.276440 
0.536078 543.000000 0.284293 
0.532157 553.000000 0.289529 
0.539216 535.000000 0.280105 
0.546275 517.000000 0.270681 
0.536863 541.000000 0.283246 
0.541961 528.000000 0.276440 
0.541569 529.000000 0.276963 
0.547059 515.000000 0.269634 
0.545098 520.000000 0.272251 
0.547059 515.000000 0.269634 
0.545490 519.000000 0.271728 
0.544706 521.000000 0.272775 
0.541569 529.000000 0.276963 
0.539608 534.000000 0.279581 
0.543137 525.000000 0.274869 
0.545490 519.000000 0.271728 
0.541176 530.000000 0.277487 
0.543529 524.000000 0.274346 
0.540000 533.000000 0.279058 
0.547451 514.000000 0.269110 
0.541176 530.000000 0.277487 
0.545882 518.000000 0.271204 
0.545882 518.000000 0.271204 
0.544314 522.000000 0.273298 
0.544706 521.000000 0.272775 
0.538039 538.000000 0.281675 
0.538431 537.000000 0.281152 
0.538431 537.000000 0.281152 
0.540392 532.000000 0.278534 
0.544314 522.000000 0.273298 
0.545098 520.000000 0.272251 
0.541569 529.000000 0.276963 
0.548627 511.000000 0.267539 
0.540784 531.000000 0.278010 
0.543137 525.000000 0.274869 
0.543137 525.000000 0.274869 
0.540000 533.000000 0.279058 
0.544706 521.000000 0.272775 
0.544706 521.000000 0.272775 
0.543529 524.000000 0.274346 
0.544706 521.000000 0.272775 
0.542745 526.000000 0.275393 
0.539216 535.000000 0.280105 
0.542353 527.000000 0.275916 
0.544314 522.000000 0.273298 
0.545882 518.000000 0.271204 
0.540392 532.000000 0.278534 
0.534118 548.000000 0.286911 
0.545882 518.000000 0.271204 
0.543529 524.000000 0.274346 
0.544706 521.000000 0.272775 
0.552941 500.000000 0.261780 
0.545490 519.000000 0.271728 
0.545098 520.000000 0.272251 
0.545882 518.000000 0.271204 
0.554118 497.000000 0.260209 
0.547451 514.000000 0.269110 
0.543922 523.000000 0.273822 
0.547059 515.000000 0.269634 
0.541569 529.000000 0.276963 
0.543137 525.000000 0.274869 
0.541961 528.000000 0.276440 
0.543922 523.000000 0.273822 
0.546667 516.000000 0.270157 
0.541176 530.000000 0.277487 
0.536863 541.000000 0.283246 
0.546667 516.000000 0.270157 
0.535294 545.000000 0.285340 
0.540392 532.000000 0.278534 
0.545882 518.000000 0.271204 
0.544314 522.000000 0.273298 
0.548235 512.000000 0.268063 
0.538039 538.000000 0.281675 
0.541569 529.000000 0.276963 
0.543137 525.000000 0.274869 
0.547843 513.000000 0.268586 
0.545098 520.000000 0.272251 
0.545098 520.000000 0.272251 
0.541176 530.000000 0.277487 
0.541569 529.000000 0.276963 
0.543529 524.000000 0.274346 
0.548235 512.000000 0.268063 
0.542745 526.000000 0.275393 
0.544706 521.000000 0.272775 
0.540784 531.000000 0.278010 
0.544706 521.000000 0.272775 
0.541569 529.000000 0.276963 
0.543922 523.000000 0.273822 
0.541961 528.000000 0.276440 
0.539216 535.000000 0.280105 
0.543529 524.000000 0.274346 
0.545490 519.000000 0.271728 
0.545490 519.000000 0.271728 
0.538824 536.000000 0.280628 
0.541569 529.000000 0.276963 
0.538824 536.000000 0.280628 
0.545882 518.000000 0.271204 
0.543529 524.000000 0.274346 
0.543529 524.000000 0.274346 
0.540392 532.000000 0.278534 
0.534510 547.000000 0.286387 
0.545098 520.000000 0.272251 
0.541569 529.000000 0.276963 
0.545882 518.000000 0.271204 
0.544314 522.000000 0.273298 
0.540000 533.000000 0.279058 
0.544314 522.000000 0.273298 
0.534118 548.000000 0.286911 
0.546667 516.000000 0.270157 
0.546667 516.000000 0.270157 
0.541569 529.000000 0.276963 
0.540392 532.000000 0.278534 
0.537647 539.000000 0.282199 
0.542745 526.000000 0.275393 
0.543529 524.000000 0.274346 
0.545490 519.000000 0.271728 
0.541176 530.000000 0.277487 
0.544706 521.000000 0.272775 
0.545490 519.000000 0.271728 
0.540784 531.000000 0.278010 
0.546667 516.000000 0.270157 
0.548235 512.000000 0.268063 
0.544314 522.000000 0.273298 
0.537647 539.000000 0.282199 
0.544314 522.000000 0.273298 
0.546667 516.000000 0.270157 
0.546667 516.000000 0.270157 
0.546275 517.000000 0.270681 
0.542353 527.000000 0.275916 
0.538824 536.000000 0.280628 
0.545490 519.000000 0.271728 
0.546667 516.000000 0.270157 
0.530196 558.000000 0.292147 
0.548627 511.000000 0.267539 
0.544706 521.000000 0.272775 
0.545882 518.000000 0.271204 
0.546667 516.000000 0.270157 
0.542745 526.000000 0.275393 
0.549804 508.000000 0.265969 
0.537255 540.000000 0.282723 
0.540000 533.000000 0.279058 
0.542353 527.000000 0.275916 
0.548627 511.000000 0.267539 
0.544314 522.000000 0.273298 
0.537255 540.000000 0.282723 
0.542745 526.000000 0.275393 
0.541961 528.000000 0.276440 
0.540392 532.000000 0.278534 
0.534902 546.000000 0.285864 
0.539608 534.000000 0.279581 
0.541961 528.000000 0.276440 
0.539608 534.000000 0.279581 
0.540392 532.000000 0.278534 
0.541569 529.000000 0.276963 
0.541961 528.000000 0.276440 
0.543922 523.000000 0.273822 
0.544706 521.000000 0.272775 
0.543529 524.000000 0.274346 
0.540000 533.000000 0.279058 
0.534902 546.000000 0.285864 
0.541961 528.000000 0.276440 
0.540000 533.000000 0.279058 
0.540000 533.000000 0.279058 
0.542353 527.000000 0.275916 
0.543922 523.000000 0.273822 
0.544706 521.000000 0.272775 
0.543137 525.000000 0.274869 
0.544706 521.000000 0.272775 
0.551765 503.000000 0.263351 
0.542745 526.000000 0.275393 
0.537255 540.000000 0.282723 
0.545490 519.000000 0.271728 
0.540784 531.000000 0.278010 
0.543137 525.000000 0.274869 
0.541569 529.000000 0.276963 
0.552941 500.000000 0.261780 
0.545490 519.000000 0.271728 
0.534118 548.000000 0.286911 
0.540392 532.000000 0.278534 
0.538824 536.000000 0.280628 
0.539216 535.000000 0.280105 
0.537647 539.000000 0.282199 
0.543529 524.000000 0.274346 
0.542745 526.000000 0.275393 
0.545882 518.000000 0.271204 
0.539608 534.000000 0.279581 
0.545098 520.000000 0.272251 
0.543922 523.000000 0.273822 
0.543529 524.000000 0.274346 
0.553725 498.000000 0.260733 
0.542353 527.000000 0.275916 
0.537647 539.000000 0.282199 
0.548235 512.000000 0.268063 
0.545882 518.000000 0.271204 
0.543922 523.000000 0.273822 
0.542745 526.000000 0.275393 
0.543529 524.000000 0.274346 
0.540784 531.000000 0.278010 
0.536471 542.000000 0.283770 
0.536863 541.000000 0.283246 
0.545098 520.000000 0.272251 
0.542745 526.000000 0.275393 
0.549020 510.000000 0.267016 
0.541176 530.000000 0.277487 
0.541176 530.000000 0.277487 
0.549804 508.000000 0.265969 
0.552549 501.000000 0.262304 
0.541569 529.000000 0.276963 
0.541569 529.000000 0.276963 
0.546667 516.000000 0.270157 
0.537255 540.000000 0.282723 
0.544706 521.000000 0.272775 
0.543137 525.000000 0.274869 
0.539608 534.000000 0.279581 
0.545882 518.000000 0.271204 
0.540784 531.000000 0.278010 
0.540392 532.000000 0.278534 
0.544706 521.000000 0.272775 
0.543137 525.000000 0.274869 
0.546275 517.000000 0.270681 
0.545882 518.000000 0.271204 
0.537647 539.000000 0.282199 
0.544314 522.000000 0.273298 
0.540392 532.000000 0.278534 
0.543137 525.000000 0.274869 
0.545098 520.000000 0.272251 
0.535294 545.000000 0.285340 
0.543137 525.000000 0.274869 
0.542745 526.000000 0.275393 
0.550196 507.000000 0.265445 
0.540392 532.000000 0.278534 
0.543922 523.000000 0.273822 
0.542353 527.000000 0.275916 
0.544314 522.000000 0.273298 
0.539608 534.000000 0.279581 
0.547059 515.000000 0.269634 
0.542745 526.000000 0.275393 
0.543922 523.000000 0.273822 
0.537647 539.000000 0.282199 
0.545490 519.000000 0.271728 
0.545098 520.000000 0.272251 
0.541176 530.000000 0.277487 
0.539216 535.000000 0.280105 
0.545098 520.000000 0.272251 
0.542353 527.000000 0.275916 
0.540784 531.000000 0.278010 
0.532941 551.000000 0.288482 
0.542745 526.000000 0.275393 
0.547059 515.000000 0.269634 
0.547451 514.000000 0.269110 
0.549412 509.000000 0.266492 
0.546275 517.000000 0.270681 
0.544706 521.000000 0.272775 
0.540000 533.000000 0.279058 
0.538039 538.000000 0.281675 
0.545098 520.000000 0.272251 
0.540000 533.000000 0.279058 
0.543137 525.000000 0.274869 
0.543922 523.000000 0.273822 
0.545098 520.000000 0.272251 
0.538039 538.000000 0.281675 
0.542353 527.000000 0.275916 
0.544314 522.000000 0.273298 
0.541961 528.000000 0.276440 
0.538039 538.000000 0.281675 
0.547451 514.000000 0.269110 
0.545882 518.000000 0.271204 
0.540000 533.000000 0.279058 
0.543529 524.000000 0.274346 
0.542745 526.000000 0.275393 
0.547843 513.000000 0.268586 
0.549804 508.000000 0.265969 
0.544706 521.000000 0.272775 
0.540784 531.000000 0.278010 
0.540784 531.000000 0.278010 
0.547059 515.000000 0.269634 
0.536863 541.000000 0.283246 
0.537255 540.000000 0.282723 
0.543529 524.000000 0.274346 
0.538431 537.000000 0.281152 
0.539608 534.000000 0.279581 
0.538824 536.000000 0.280628 
0.544314 522.000000 0.273298 
0.547451 514.000000 0.269110 
0.545490 519.000000 0.271728 
0.543922 523.000000 0.273822 
0.545098 520.000000 0.272251 
0.540392 532.000000 0.278534 
0.546275 517.000000 0.270681 
0.544706 521.000000 0.272775 
0.541961 528.000000 0.276440 
0.550980 505.000000 0.264398 
0.545882 518.000000 0.271204 
0.541569 529.000000 0.276963 
0.541176 530.000000 0.277487 
0.543922 523.000000 0.273822 
0.544706 521.000000 0.272775 
0.539216 535.000000 0.280105 
0.544706 521.000000 0.272775 
0.540392 532.000000 0.278534 
0.541569 529.000000 0.276963 
0.538431 537.000000 0.281152 
0.542745 526.000000 0.275393 
0.539216 535.000000 0.280105 
0.545098 520.000000 0.272251 
0.543137 525.000000 0.274869 
0.540392 532.000000 0.278534 
0.541569 529.000000 0.276963 
0.535294 545.000000 0.285340 
0.538039 538.000000 0.281675 
0.542745 526.000000 0.275393 
0.538431 537.000000 0.281152 
0.543529 524.000000 0.274346 
0.546275 517.000000 0.270681 
0.537647 539.000000 0.282199 
0.541569 529.000000 0.276963 
0.538824 536.000000 0.280628 
0.541961 528.000000 0.276440 
0.542745 526.000000 0.275393 
0.538431 537.000000 0.281152 
0.542353 527.000000 0.275916 
0.548627 511.000000 0.267539 
0.542745 526.000000 0.275393 
0.540000 533.000000 0.279058 
0.538039 538.000000 0.281675 
0.545882 518.000000 0.271204 
0.547843 513.000000 0.268586 
0.544706 521.000000 0.272775 
0.542745 526.000000 0.275393 
0.544706 521.000000 0.272775 
0.536471 542.000000 0.283770 
0.539216 535.000000 0.280105 
0.538431 537.000000 0.281152 
0.545882 518.000000 0.271204 
0.533725 549.000000 0.287435 
0.539216 535.000000 0.280105 
0.536471 542.000000 0.283770 
0.541961 528.000000 0.276440 
0.545098 520.000000 0.272251 
0.543922 523.000000 0.273822 
0.548627 511.000000 0.267539 
0.541569 529.000000 0.276963 
0.536863 541.000000 0.283246 
0.546275 517.000000 0.270681 
0.548235 512.000000 0.268063 
0.549804 508.000000 0.265969 
0.537255 540.000000 0.282723 
0.538039 538.000000 0.281675 
0.541569 529.000000 0.276963 
0.541961 528.000000 0.276440 
0.545882 518.000000 0.271204 
0.542353 527.000000 0.275916 
0.540784 531.000000 0.278010 
0.544706 521.000000 0.272775 
0.542745 526.000000 0.275393 
0.543922 523.000000 0.273822 
0.540000 533.000000 0.279058 
0.541569 529.000000 0.276963 
0.543137 525.000000 0.274869 
0.543137 525.000000 0.274869 
0.540784 531.000000 0.278010 
0.545098 520.000000 0.272251 
0.546667 516.000000 0.270157 
0.538431 537.000000 0.281152 
0.545882 518.000000 0.271204 
0.549020 510.000000 0.267016 
0.545098 520.000000 0.272251 
0.545098 520.000000 0.272251 
0.540392 532.000000 0.278534 
0.548627 511.000000 0.267539 
0.539216 535.000000 0.280105 
0.550980 505.000000 0.264398 
0.544706 521.000000 0.272775 
0.542745 526.000000 0.275393 
0.543137 525.000000 0.274869 
0.547451 514.000000 0.269110 
0.543529 524.000000 0.274346 
0.542745 526.000000 0.275393 
0.544314 522.000000 0.273298 
0.549804 508.000000 0.265969 
0.540784 531.000000 0.278010 
0.541961 528.000000 0.276440 
0.545490 519.000000 0.271728 
0.546275 517.000000 0.270681 
0.543529 524.000000 0.274346 
0.542745 526.000000 0.275393 
0.534118 548.000000 0.286911 
0.543922 523.000000 0.273822 
0.544706 521.000000 0.272775 
0.540784 531.000000 0.278010 
0.533333 550.000000 0.287958 
0.543137 525.000000 0.274869 
0.546275 517.000000 0.270681 
0.541961 528.000000 0.276440 
0.541961 528.000000 0.276440 
0.543922 523.000000 0.273822 
0.545882 518.000000 0.271204 
0.548235 512.000000 0.268063 
0.548627 511.000000 0.267539 
0.541961 528.000000 0.276440 
0.541176 530.000000 0.277487 
0.540392 532.000000 0.278534 
0.549804 508.000000 0.265969 
0.538431 537.000000 0.281152 
0.541569 529.000000 0.276963 
0.540784 531.000000 0.278010 
0.545490 519.000000 0.271728 
0.540392 532.000000 0.278534 
0.543137 525.000000 0.274869 
0.544314 522.000000 0.273298 
0.548235 512.000000 0.268063 
0.543137 525.000000 0.274869 
0.543922 523.000000 0.273822 
0.543529 524.000000 0.274346 
0.541176 530.000000 0.277487 
0.541961 528.000000 0.276440 
0.544706 521.000000 0.272775 
0.542745 526.000000 0.275393 
0.544706 521.000000 0.272775 
0.547843 513.000000 0.268586 
0.545490 519.000000 0.271728 
0.536863 541.000000 0.283246 
0.546667 516.000000 0.270157 
0.543529 524.000000 0.274346 
0.545098 520.000000 0.272251 
0.548235 512.000000 0.268063 
0.541176 530.000000 0.277487 
0.543137 525.000000 0.274869 
0.541569 529.000000 0.276963 
0.550196 507.000000 0.265445 
0.547059 515.000000 0.269634 
0.543922 523.000000 0.273822 
0.540784 531.000000 0.278010 
0.545882 518.000000 0.271204 
0.537255 540.000000 0.282723 
0.540784 531.000000 0.278010 
0.542745 526.000000 0.275393 
0.543529 524.000000 0.274346 
0.541176 530.000000 0.277487 
0.540784 531.000000 0.278010 
0.548627 511.000000 0.267539 
0.541569 529.000000 0.276963 
0.537255 540.000000 0.282723 
0.538431 537.000000 0.281152 
0.543529 524.000000 0.274346 
0.541569 529.000000 0.276963 
0.550196 507.000000 0.265445 
0.547059 515.000000 0.269634 
0.540784 531.000000 0.278010 
0.533725 549.000000 0.287435 
0.540000 533.000000 0.279058 
0.539608 534.000000 0.279581 
0.538824 536.000000 0.280628 
0.537647 539.000000 0.282199 
0.536471 542.000000 0.283770 
0.540000 533.000000 0.279058 
0.544314 522.000000 0.273298 
0.549412 509.000000 0.266492 
0.545882 518.000000 0.271204 
0.544706 521.000000 0.272775 
0.536863 541.000000 0.283246 
0.543137 525.000000 0.274869 
0.549804 508.000000 0.265969 
0.546667 516.000000 0.270157 
0.540000 533.000000 0.279058 
0.544706 521.000000 0.272775 
0.540392 532.000000 0.278534 
0.540392 532.000000 0.278534 
0.538431 537.000000 0.281152 
0.537255 540.000000 0.282723 
0.540000 533.000000 0.279058 
0.543137 525.000000 0.274869 
0.540784 531.000000 0.278010 
0.547843 513.000000 0.268586 
0.542745 526.000000 0.275393 
0.543922 523.000000 0.273822 
0.540392 532.000000 0.278534 
0.549020 510.000000 0.267016 
0.538431 537.000000 0.281152 
0.541569 529.000000 0.276963 
0.537647 539.000000 0.282199 
0.531373 555.000000 0.290576 
0.536863 541.000000 0.283246 
0.534510 547.000000 0.286387 
0.548235 512.000000 0.268063 
0.544314 522.000000 0.273298 
0.550196 507.000000 0.265445 
0.549020 510.000000 0.267016 
0.548627 511.000000 0.267539 
0.546667 516.000000 0.270157 
0.542745 526.000000 0.275393 
0.544706 521.000000 0.272775 
0.539608 534.000000 0.279581 
0.542745 526.000000 0.275393 
0.550196 507.000000 0.265445 
0.544706 521.000000 0.272775 
0.538431 537.000000 0.281152 
0.539216 535.000000 0.280105 
0.538824 536.000000 0.280628 
0.539608 534.000000 0.279581 
0.543922 523.000000 0.273822 
0.540392 532.000000 0.278534 
0.545490 519.000000 0.271728 
0.548627 511.000000 0.267539 
0.543529 524.000000 0.274346 
0.541961 528.000000 0.276440 
0.537647 539.000000 0.282199 
0.541961 528.000000 0.276440 
0.541569 529.000000 0.276963 
0.542745 526.000000 0.275393 
0.543529 524.000000 0.274346 
0.541961 528.000000 0.276440 
0.540000 533.000000 0.279058 
0.543529 524.000000 0.274346 
0.541176 530.000000 0.277487 
0.547843 513.000000 0.268586 
0.541176 530.000000 0.277487 
0.542745 526.000000 0.275393 
0.544314 522.000000 0.273298 
0.545098 520.000000 0.272251 
0.549412 509.000000 0.266492 
0.545098 520.000000 0.272251 
0.541569 529.000000 0.276963 
0.543529 524.000000 0.274346 
0.542353 527.000000 0.275916 
0.545490 519.000000 0.271728 
0.543922 523.000000 0.273822 
0.543529 524.000000 0.274346 
0.541961 528.000000 0.276440 
0.541961 528.000000 0.276440 
0.540784 531.000000 0.278010 
0.542353 527.000000 0.275916 
0.545098 520.000000 0.272251 
0.537255 540.000000 0.282723 
0.542353 527.000000 0.275916 
0.548627 511.000000 0.267539 
0.545882 518.000000 0.271204 
0.538039 538.000000 0.281675 
0.539216 535.000000 0.280105 
0.546667 516.000000 0.270157 
0.549804 508.000000 0.265969 
0.538824 536.000000 0.280628 
0.548627 511.000000 0.267539 
0.545490 519.000000 0.271728 
0.545882 518.000000 0.271204 
0.542353 527.000000 0.275916 
0.548235 512.000000 0.268063 
0.538431 537.000000 0.281152 
0.539216 535.000000 0.280105 
0.543529 524.000000 0.274346 
0.547059 515.000000 0.269634 
0.545882 518.000000 0.271204 
0.545098 520.000000 0.272251 
0.552941 500.000000 0.261780 
0.546275 517.000000 0.270681 
0.541176 530.000000 0.277487 
0.549412 509.000000 0.266492 
0.540784 531.000000 0.278010 
0.537255 540.000000 0.282723 
0.549804 508.000000 0.265969 
0.539216 535.000000 0.280105 
0.543137 525.000000 0.274869 
0.538824 536.000000 0.280628 
0.544314 522.000000 0.273298 
0.537647 539.000000 0.282199 
0.541961 528.000000 0.276440 
0.536078 543.000000 0.284293 
0.536863 541.000000 0.283246 
0.540392 532.000000 0.278534 
0.541569 529.000000 0.276963 
0.549804 508.000000 0.265969 
0.538039 538.000000 0.281675 
0.541961 528.000000 0.276440 
0.539216 535.000000 0.280105 
0.541569 529.000000 0.276963 
0.542353 527.000000 0.275916 
0.549020 510.000000 0.267016 
0.540000 533.000000 0.279058 
0.547451 514.000000 0.269110 
0.543922 523.000000 0.273822 
0.542353 527.000000 0.275916 
0.539216 535.000000 0.280105 
0.541961 528.000000 0.276440 
0.540784 531.000000 0.278010 
0.545882 518.000000 0.271204 
0.549804 508.000000 0.265969 
0.536471 542.000000 0.283770 
0.542353 527.000000 0.275916 
0.541961 528.000000 0.276440 
0.541961 528.000000 0.276440 
0.545490 519.000000 0.271728 
0.550980 505.000000 0.264398 
0.541961 528.000000 0.276440 
0.542353 527.000000 0.275916 
0.539608 534.000000 0.279581 
0.540392 532.000000 0.278534 
0.549020 510.000000 0.267016 
0.545490 519.000000 0.271728 
0.542745 526.000000 0.275393 
0.547843 513.000000 0.268586 
0.544706 521.000000 0.272775 
0.541961 528.000000 0.276440 
0.538824 536.000000 0.280628 
0.542745 526.000000 0.275393 
0.552549 501.000000 0.262304 
0.542353 527.000000 0.275916 
0.542745 526.000000 0.275393 
0.547451 514.000000 0.269110 
0.541176 530.000000 0.277487 
0.538824 536.000000 0.280628 
0.545490 519.000000 0.271728 
0.543529 524.000000 0.274346 
0.541176 530.000000 0.277487 
0.541569 529.000000 0.276963 
0.539608 534.000000 0.279581 
0.545490 519.000000 0.271728 
0.543922 523.000000 0.273822 
0.539216 535.000000 0.280105 
0.546275 517.000000 0.270681 
0.546667 516.000000 0.270157 
0.542353 527.000000 0.275916 
0.536863 541.000000 0.283246 
0.544706 521.000000 0.272775 
0.542353 527.000000 0.275916 
0.544314 522.000000 0.273298 
0.549412 509.000000 0.266492 
0.542745 526.000000 0.275393 
0.540784 531.000000 0.278010 
0.541961 528.000000 0.276440 
0.541961 528.000000 0.276440 
0.544706 521.000000 0.272775 
0.540000 533.000000 0.279058 
0.540784 531.000000 0.278010 
0.540784 531.000000 0.278010 
0.544314 522.000000 0.273298 
0.545490 519.000000 0.271728 
0.542745 526.000000 0.275393 
0.539216 535.000000 0.280105 
0.543922 523.000000 0.273822 
0.547451 514.000000 0.269110 
0.541176 530.000000 0.277487 
0.535686 544.000000 0.284817 
0.543922 523.000000 0.273822 
0.538039 538.000000 0.281675 
0.541176 530.000000 0.277487 
0.545098 520.000000 0.272251 
0.544314 522.000000 0.273298 
0.544706 521.000000 0.272775 
0.540392 532.000000 0.278534 
0.538824 536.000000 0.280628 
0.542745 526.000000 0.275393 
0.544706 521.000000 0.272775 
0.542745 526.000000 0.275393 
0.542745 526.000000 0.275393 
0.546275 517.000000 0.270681 
0.545098 520.000000 0.272251 
0.541176 530.000000 0.277487 
0.542745 526.000000 0.275393 
0.535686 544.000000 0.284817 
0.539608 534.000000 0.279581 
0.538431 537.000000 0.281152 
0.545882 518.000000 0.271204 
0.544706 521.000000 0.272775 
0.543137 525.000000 0.274869 
0.540784 531.000000 0.278010 
0.538431 537.000000 0.281152 
0.549412 509.000000 0.266492 
0.539216 535.000000 0.280105 
0.544314 522.000000 0.273298 
0.542353 527.000000 0.275916 
0.541569 529.000000 0.276963 
0.547451 514.000000 0.269110 
0.545490 519.000000 0.271728 
0.543137 525.000000 0.274869 
0.534118 548.000000 0.286911 
0.540392 532.000000 0.278534 
0.546667 516.000000 0.270157 
0.545490 519.000000 0.271728 
0.538431 537.000000 0.281152 
0.546275 517.000000 0.270681 
0.539216 535.000000 0.280105 
0.541961 528.000000 0.276440 
0.549412 509.000000 0.266492 
0.550588 506.000000 0.264921 
0.543137 525.000000 0.274869 
0.542353 527.000000 0.275916 
0.539608 534.000000 0.279581 
0.553333 499.000000 0.261257 
0.540784 531.000000 0.278010 
0.543137 525.000000 0.274869 
0.549412 509.000000 0.266492 
0.539608 534.000000 0.279581 
0.549804 508.000000 0.265969 
0.541176 530.000000 0.277487 
0.541961 528.000000 0.276440 
0.541176 530.000000 0.277487 
0.542353 527.000000 0.275916 
0.538431 537.000000 0.281152 
0.541961 528.000000 0.276440 
0.535686 544.000000 0.284817 
0.545490 519.000000 0.271728 
0.539216 535.000000 0.280105 
0.544314 522.000000 0.273298 
0.539608 534.000000 0.279581 
0.549412 509.000000 0.266492 
0.549020 510.000000 0.267016 
0.543529 524.000000 0.274346 
0.545098 520.000000 0.272251 
0.540000 533.000000 0.279058 
0.542745 526.000000 0.275393 
0.547451 514.000000 0.269110 
0.549804 508.000000 0.265969 
0.536078 543.000000 0.284293 
0.543922 523.000000 0.273822 
0.543137 525.000000 0.274869 
0.540000 533.000000 0.279058 
0.546667 516.000000 0.270157 
0.540000 533.000000 0.279058 
0.540784 531.000000 0.278010 
0.549412 509.000000 0.266492 
0.547843 513.000000 0.268586 
0.540392 532.000000 0.278534 
0.543137 525.000000 0.274869 
0.543137 525.000000 0.274869 
0.543137 525.000000 0.274869 
0.541176 530.000000 0.277487 
0.542745 526.000000 0.275393 
0.543922 523.000000 0.273822 
0.537255 540.000000 0.282723 
0.542353 527.000000 0.275916 
0.540000 533.000000 0.279058 
0.547451 514.000000 0.269110 
0.547059 515.000000 0.269634 
0.534902 546.000000 0.285864 
0.551765 503.000000 0.263351 
0.542353 527.000000 0.275916 
0.547451 514.000000 0.269110 
0.542353 527.000000 0.275916 
0.547843 513.000000 0.268586 
0.536471 542.000000 0.283770 
0.547059 515.000000 0.269634 
0.539216 535.000000 0.280105 
0.544314 522.000000 0.273298 
0.541176 530.000000 0.277487 
0.545882 518.000000 0.271204 
0.540000 533.000000 0.279058 
0.541176 530.000000 0.277487 
0.541176 530.000000 0.277487 
0.541176 530.000000 0.277487 
0.549412 509.000000 0.266492 
0.540392 532.000000 0.278534 
0.545490 519.000000 0.271728 
0.536471 542.000000 0.283770 
0.550980 505.000000 0.264398 
0.551373 504.000000 0.263874 
0.544314 522.000000 0.273298 
0.546275 517.000000 0.270681 
0.541176 530.000000 0.277487 
0.538431 537.000000 0.281152 
0.549412 509.000000 0.266492 
0.539608 534.000000 0.279581 
0.540784 531.000000 0.278010 
0.542745 526.000000 0.275393 
0.537255 540.000000 0.282723 
0.540000 533.000000 0.279058 
0.541176 530.000000 0.277487 
0.534118 548.000000 0.286911 
0.540784 531.000000 0.278010 
0.543529 524.000000 0.274346 
0.549020 510.000000 0.267016 
0.541176 530.000000 0.277487 
0.547843 513.000000 0.268586 
0.548235 512.000000 0.268063 
0.547059 515.000000 0.269634 
0.543529 524.000000 0.274346 
0.541569 529.000000 0.276963 
0.543922 523.000000 0.273822 
0.536863 541.000000 0.283246 
0.544314 522.000000 0.273298 
0.545490 519.000000 0.271728 
0.541961 528.000000 0.276440 
0.545098 520.000000 0.272251 
0.543529 524.000000 0.274346 
0.549020 510.000000 0.267016 
0.543529 524.000000 0.274346 
0.537647 539.000000 0.282199 
0.547059 515.000000 0.269634 
0.541569 529.000000 0.276963 
0.546667 516.000000 0.270157 
0.543137 525.000000 0.274869 
0.543922 523.000000 0.273822 
0.540784 531.000000 0.278010 
0.536863 541.000000 0.283246 
0.540000 533.000000 0.279058 
0.546275 517.000000 0.270681 
0.538039 538.000000 0.281675 
0.545098 520.000000 0.272251 
0.541961 528.000000 0.276440 
0.537255 540.000000 0.282723 
0.541176 530.000000 0.277487 
0.543137 525.000000 0.274869 
0.538824 536.000000 0.280628 
0.543137 525.000000 0.274869 
0.538039 538.000000 0.281675 
0.539216 535.000000 0.280105 
0.542353 527.000000 0.275916 
0.543137 525.000000 0.274869 
0.542353 527.000000 0.275916 
0.542353 527.000000 0.275916 
0.538039 538.000000 0.281675 
0.545098 520.000000 0.272251 
0.540000 533.000000 0.279058 
0.549412 509.000000 0.266492 
0.545098 520.000000 0.272251 
0.548627 511.000000 0.267539 
0.538431 537.000000 0.281152 
0.545882 518.000000 0.271204 
0.546275 517.000000 0.270681 
0.538039 538.000000 0.281675 
0.544314 522.000000 0.273298 
0.538431 537.000000 0.281152 
0.544706 521.000000 0.272775 
0.536471 542.000000 0.283770 
0.538431 537.000000 0.281152 
0.542745 526.000000 0.275393 
0.541961 528.000000 0.276440 
0.536471 542.000000 0.283770 
0.536471 542.000000 0.283770 
0.540784 531.000000 0.278010 
0.541961 528.000000 0.276440 
0.545490 519.000000 0.271728 
0.544706 521.000000 0.272775 
0.549412 509.000000 0.266492 
0.543529 524.000000 0.274346 
0.547843 513.000000 0.268586 
0.543137 525.000000 0.274869 
0.543137 525.000000 0.274869 
0.538431 537.000000 0.281152 
0.541176 530.000000 0.277487 
0.540392 532.000000 0.278534 
0.541569 529.000000 0.276963 
0.545490 519.000000 0.271728 
0.536078 543.000000 0.284293 
0.548235 512.000000 0.268063 
0.543137 525.000000 0.274869 
0.540392 532.000000 0.278534 
0.547059 515.000000 0.269634 
0.545490 519.000000 0.271728 
0.545098 520.000000 0.272251 
0.548235 512.000000 0.268063 
0.549412 509.000000 0.266492 
0.541569 529.000000 0.276963 
0.542353 527.000000 0.275916 
