0.678431 180.000000 0.094241 
0.673725 192.000000 0.100524 
0.674118 191.000000 0.100000 
0.678824 179.000000 0.093717 
0.671765 197.000000 0.103141 
0.671373 198.000000 0.103665 
0.678824 179.000000 0.093717 
0.676471 185.000000 0.096859 
0.672157 196.000000 0.102618 
0.673725 192.000000 0.100524 
0.675294 188.000000 0.098429 
0.671373 198.000000 0.103665 
0.674902 189.000000 0.098953 
0.673333 193.000000 0.101047 
0.675686 187.000000 0.097906 
0.680392 175.000000 0.091623 
0.673725 192.000000 0.100524 
0.673725 192.000000 0.100524 
0.671373 198.000000 0.103665 
0.677255 183.000000 0.095812 
0.674510 190.000000 0.099476 
0.671765 197.000000 0.103141 
0.675294 188.000000 0.098429 
0.676078 186.000000 0.097382 
0.671765 197.000000 0.103141 
0.673333 193.000000 0.101047 
0.676863 184.000000 0.096335 
0.673333 193.000000 0.101047 
0.673333 193.000000 0.101047 
0.671373 198.000000 0.103665 
0.675294 188.000000 0.098429 
0.673333 193.000000 0.101047 
0.673725 192.000000 0.100524 
0.670588 200.000000 0.104712 
0.676863 184.000000 0.096335 
0.673333 193.000000 0.101047 
0.672549 195.000000 0.102094 
0.671765 197.000000 0.103141 
0.671765 197.000000 0.103141 
0.674118 191.000000 0.100000 
0.674118 191.000000 0.100000 
0.672941 194.000000 0.101571 
0.674902 189.000000 0.098953 
0.672157 196.000000 0.102618 
0.676471 185.000000 0.096859 
0.672941 194.000000 0.101571 
0.673725 192.000000 0.100524 
0.674118 191.000000 0.100000 
0.667843 207.000000 0.108377 
0.674902 189.000000 0.098953 
0.672157 196.000000 0.102618 
0.673725 192.000000 0.100524 
0.669804 202.000000 0.105759 
0.674510 190.000000 0.099476 
0.677255 183.000000 0.095812 
0.670980 199.000000 0.104188 
0.680392 175.000000 0.091623 
0.676078 186.000000 0.097382 
0.672549 195.000000 0.102094 
0.672549 195.000000 0.102094 
0.678431 180.000000 0.094241 
0.676863 184.000000 0.096335 
0.669412 203.000000 0.106283 
0.678039 181.000000 0.094764 
0.674902 189.000000 0.098953 
0.672549 195.000000 0.102094 
0.676471 185.000000 0.096859 
0.669804 202.000000 0.105759 
0.682745 169.000000 0.088482 
0.674510 190.000000 0.099476 
0.675686 187.000000 0.097906 
0.674118 191.000000 0.100000 
0.676078 186.000000 0.097382 
0.671765 197.000000 0.103141 
0.680000 176.000000 0.092147 
0.670980 199.000000 0.104188 
0.674118 191.000000 0.100000 
0.678431 180.000000 0.094241 
0.674510 190.000000 0.099476 
0.675686 187.000000 0.097906 
0.674118 191.000000 0.100000 
0.678824 179.000000 0.093717 
0.672941 194.000000 0.101571 
0.670196 201.000000 0.105236 
0.670196 201.000000 0.105236 
0.674510 190.000000 0.099476 
0.679608 177.000000 0.092670 
0.669020 204.000000 0.106806 
0.669412 203.000000 0.106283 
0.674118 191.000000 0.100000 
0.673333 193.000000 0.101047 
0.677647 182.000000 0.095288 
0.671373 198.000000 0.103665 
0.671765 197.000000 0.103141 
0.674510 190.000000 0.099476 
0.674510 190.000000 0.099476 
0.678039 181.000000 0.094764 
0.670588 200.000000 0.104712 
0.671765 197.000000 0.103141 
0.674902 189.000000 0.098953 
0.674510 190.000000 0.099476 
0.671765 197.000000 0.103141 
0.676078 186.000000 0.097382 
0.671765 197.000000 0.103141 
0.681176 173.000000 0.090576 
0.674118 191.000000 0.100000 
0.672941 194.000000 0.101571 
0.678039 181.000000 0.094764 
0.676078 186.000000 0.097382 
0.675686 187.000000 0.097906 
0.672941 194.000000 0.101571 
0.674902 189.000000 0.098953 
0.673725 192.000000 0.100524 
0.669804 202.000000 0.105759 
0.674902 189.000000 0.098953 
0.669412 203.000000 0.106283 
0.672157 196.000000 0.102618 
0.672157 196.000000 0.102618 
0.672549 195.000000 0.102094 
0.675686 187.000000 0.097906 
0.678039 181.000000 0.094764 
0.670588 200.000000 0.104712 
0.670980 199.000000 0.104188 
0.668235 206.000000 0.107853 
0.674510 190.000000 0.099476 
0.676471 185.000000 0.096859 
0.678039 181.000000 0.094764 
0.672941 194.000000 0.101571 
0.677647 182.000000 0.095288 
0.678824 179.000000 0.093717 
0.678039 181.000000 0.094764 
0.676078 186.000000 0.097382 
0.676078 186.000000 0.097382 
0.674902 189.000000 0.098953 
0.673333 193.000000 0.101047 
0.671373 198.000000 0.103665 
0.670196 201.000000 0.105236 
0.673333 193.000000 0.101047 
0.675686 187.000000 0.097906 
0.671765 197.000000 0.103141 
0.672549 195.000000 0.102094 
0.678039 181.000000 0.094764 
0.670588 200.000000 0.104712 
0.675686 187.000000 0.097906 
0.671373 198.000000 0.103665 
0.672941 194.000000 0.101571 
0.676078 186.000000 0.097382 
0.671765 197.000000 0.103141 
0.674510 190.000000 0.099476 
0.678039 181.000000 0.094764 
0.674510 190.000000 0.099476 
0.674510 190.000000 0.099476 
0.678431 180.000000 0.094241 
0.677647 182.000000 0.095288 
0.673333 193.000000 0.101047 
0.672549 195.000000 0.102094 
0.668627 205.000000 0.107330 
0.670980 199.000000 0.104188 
0.676078 186.000000 0.097382 
0.676863 184.000000 0.096335 
0.672941 194.000000 0.101571 
0.678039 181.000000 0.094764 
0.673725 192.000000 0.100524 
0.674902 189.000000 0.098953 
0.676863 184.000000 0.096335 
0.672549 195.000000 0.102094 
0.673333 193.000000 0.101047 
0.672157 196.000000 0.102618 
0.678824 179.000000 0.093717 
0.675294 188.000000 0.098429 
0.675686 187.000000 0.097906 
0.672157 196.000000 0.102618 
0.673333 193.000000 0.101047 
0.676863 184.000000 0.096335 
0.675686 187.000000 0.097906 
0.669412 203.000000 0.106283 
0.670588 200.000000 0.104712 
0.675686 187.000000 0.097906 
0.673725 192.000000 0.100524 
0.671765 197.000000 0.103141 
0.676078 186.000000 0.097382 
0.672549 195.000000 0.102094 
0.675294 188.000000 0.098429 
0.675686 187.000000 0.097906 
0.676863 184.000000 0.096335 
0.672157 196.000000 0.102618 
0.672549 195.000000 0.102094 
0.674118 191.000000 0.100000 
0.678039 181.000000 0.094764 
0.682745 169.000000 0.088482 
0.676078 186.000000 0.097382 
0.675294 188.000000 0.098429 
0.671765 197.000000 0.103141 
0.677255 183.000000 0.095812 
0.675294 188.000000 0.098429 
0.674510 190.000000 0.099476 
0.674118 191.000000 0.100000 
0.672549 195.000000 0.102094 
0.674510 190.000000 0.099476 
0.673333 193.000000 0.101047 
0.673333 193.000000 0.101047 
0.672941 194.000000 0.101571 
0.671373 198.000000 0.103665 
0.672157 196.000000 0.102618 
0.674510 190.000000 0.099476 
0.670588 200.000000 0.104712 
0.681569 172.000000 0.090052 
0.676078 186.000000 0.097382 
0.677647 182.000000 0.095288 
0.673333 193.000000 0.101047 
0.674510 190.000000 0.099476 
0.676078 186.000000 0.097382 
0.676078 186.000000 0.097382 
0.676471 185.000000 0.096859 
0.669804 202.000000 0.105759 
0.672941 194.000000 0.101571 
0.677255 183.000000 0.095812 
0.679608 177.000000 0.092670 
0.674510 190.000000 0.099476 
0.672157 196.000000 0.102618 
0.677647 182.000000 0.095288 
0.669804 202.000000 0.105759 
0.674118 191.000000 0.100000 
0.672549 195.000000 0.102094 
0.672941 194.000000 0.101571 
0.668627 205.000000 0.107330 
0.676471 185.000000 0.096859 
0.676078 186.000000 0.097382 
0.671765 197.000000 0.103141 
0.674510 190.000000 0.099476 
0.676471 185.000000 0.096859 
0.673333 193.000000 0.101047 
0.672549 195.000000 0.102094 
0.677255 183.000000 0.095812 
0.674118 191.000000 0.100000 
0.668235 206.000000 0.107853 
0.674118 191.000000 0.100000 
0.675294 188.000000 0.098429 
0.671765 197.000000 0.103141 
0.667451 208.000000 0.108901 
0.670588 200.000000 0.104712 
0.673725 192.000000 0.100524 
0.673333 193.000000 0.101047 
0.672157 196.000000 0.102618 
0.676863 184.000000 0.096335 
0.678039 181.000000 0.094764 
0.676078 186.000000 0.097382 
0.673725 192.000000 0.100524 
0.670196 201.000000 0.105236 
0.674118 191.000000 0.100000 
0.673333 193.000000 0.101047 
0.672941 194.000000 0.101571 
0.670588 200.000000 0.104712 
0.674902 189.000000 0.098953 
0.678039 181.000000 0.094764 
0.676078 186.000000 0.097382 
0.675294 188.000000 0.098429 
0.678039 181.000000 0.094764 
0.671373 198.000000 0.103665 
0.678431 180.000000 0.094241 
0.673725 192.000000 0.100524 
0.676863 184.000000 0.096335 
0.672549 195.000000 0.102094 
0.672157 196.000000 0.102618 
0.674902 189.000000 0.098953 
0.675294 188.000000 0.098429 
0.675294 188.000000 0.098429 
0.677255 183.000000 0.095812 
0.673725 192.000000 0.100524 
0.672941 194.000000 0.101571 
0.676078 186.000000 0.097382 
0.673333 193.000000 0.101047 
0.674118 191.000000 0.100000 
0.671765 197.000000 0.103141 
0.670588 200.000000 0.104712 
0.672549 195.000000 0.102094 
0.670588 200.000000 0.104712 
0.672157 196.000000 0.102618 
0.673333 193.000000 0.101047 
0.672549 195.000000 0.102094 
0.675686 187.000000 0.097906 
0.667843 207.000000 0.108377 
0.676078 186.000000 0.097382 
0.676471 185.000000 0.096859 
0.674118 191.000000 0.100000 
0.675686 187.000000 0.097906 
0.668235 206.000000 0.107853 
0.675686 187.000000 0.097906 
0.672549 195.000000 0.102094 
0.676471 185.000000 0.096859 
0.676078 186.000000 0.097382 
0.673725 192.000000 0.100524 
0.673725 192.000000 0.100524 
0.670588 200.000000 0.104712 
0.673725 192.000000 0.100524 
0.673333 193.000000 0.101047 
0.677647 182.000000 0.095288 
0.675686 187.000000 0.097906 
0.674902 189.000000 0.098953 
0.676471 185.000000 0.096859 
0.676471 185.000000 0.096859 
0.672157 196.000000 0.102618 
0.669020 204.000000 0.106806 
0.679608 177.000000 0.092670 
0.669804 202.000000 0.105759 
0.673725 192.000000 0.100524 
0.674902 189.000000 0.098953 
0.676471 185.000000 0.096859 
0.675294 188.000000 0.098429 
0.678039 181.000000 0.094764 
0.673333 193.000000 0.101047 
0.674118 191.000000 0.100000 
0.673333 193.000000 0.101047 
0.670588 200.000000 0.104712 
0.673333 193.000000 0.101047 
0.672157 196.000000 0.102618 
0.674118 191.000000 0.100000 
0.674510 190.000000 0.099476 
0.676078 186.000000 0.097382 
0.674118 191.000000 0.100000 
0.671765 197.000000 0.103141 
0.671765 197.000000 0.103141 
0.670588 200.000000 0.104712 
0.676863 184.000000 0.096335 
0.672549 195.000000 0.102094 
0.671765 197.000000 0.103141 
0.674902 189.000000 0.098953 
0.672941 194.000000 0.101571 
0.669412 203.000000 0.106283 
0.674510 190.000000 0.099476 
0.673333 193.000000 0.101047 
0.672549 195.000000 0.102094 
0.674902 189.000000 0.098953 
0.675294 188.000000 0.098429 
0.670980 199.000000 0.104188 
0.673333 193.000000 0.101047 
0.672157 196.000000 0.102618 
0.672157 196.000000 0.102618 
0.672549 195.000000 0.102094 
0.676078 186.000000 0.097382 
0.679608 177.000000 0.092670 
0.672941 194.000000 0.101571 
0.671373 198.000000 0.103665 
0.670588 200.000000 0.104712 
0.676471 185.000000 0.096859 
0.669412 203.000000 0.106283 
0.677255 183.000000 0.095812 
0.671765 197.000000 0.103141 
0.670980 199.000000 0.104188 
0.674510 190.000000 0.099476 
0.674118 191.000000 0.100000 
0.675686 187.000000 0.097906 
0.677255 183.000000 0.095812 
0.673333 193.000000 0.101047 
0.671765 197.000000 0.103141 
0.673333 193.000000 0.101047 
0.674510 190.000000 0.099476 
0.676863 184.000000 0.096335 
0.674118 191.000000 0.100000 
0.671373 198.000000 0.103665 
0.672549 195.000000 0.102094 
0.670980 199.000000 0.104188 
0.676078 186.000000 0.097382 
0.672549 195.000000 0.102094 
0.673725 192.000000 0.100524 
0.671373 198.000000 0.103665 
0.680000 176.000000 0.092147 
0.673725 192.000000 0.100524 
0.676471 185.000000 0.096859 
0.676863 184.000000 0.096335 
0.676078 186.000000 0.097382 
0.672549 195.000000 0.102094 
0.674118 191.000000 0.100000 
0.674902 189.000000 0.098953 
0.675686 187.000000 0.097906 
0.677255 183.000000 0.095812 
0.674118 191.000000 0.100000 
0.672941 194.000000 0.101571 
0.676863 184.000000 0.096335 
0.675686 187.000000 0.097906 
0.674118 191.000000 0.100000 
0.670196 201.000000 0.105236 
0.675294 188.000000 0.098429 
0.669412 203.000000 0.106283 
0.669412 203.000000 0.106283 
0.674510 190.000000 0.099476 
0.676471 185.000000 0.096859 
0.678431 180.000000 0.094241 
0.673725 192.000000 0.100524 
0.676863 184.000000 0.096335 
0.677255 183.000000 0.095812 
0.673725 192.000000 0.100524 
0.674902 189.000000 0.098953 
0.676078 186.000000 0.097382 
0.667451 208.000000 0.108901 
0.672157 196.000000 0.102618 
0.681569 172.000000 0.090052 
0.678039 181.000000 0.094764 
0.667843 207.000000 0.108377 
0.670588 200.000000 0.104712 
0.674902 189.000000 0.098953 
0.673725 192.000000 0.100524 
0.678431 180.000000 0.094241 
0.676471 185.000000 0.096859 
0.671765 197.000000 0.103141 
0.669804 202.000000 0.105759 
0.672941 194.000000 0.101571 
0.675294 188.000000 0.098429 
0.673333 193.000000 0.101047 
0.676471 185.000000 0.096859 
0.669804 202.000000 0.105759 
0.674118 191.000000 0.100000 
0.675294 188.000000 0.098429 
0.671373 198.000000 0.103665 
0.673725 192.000000 0.100524 
0.673333 193.000000 0.101047 
0.675294 188.000000 0.098429 
0.672549 195.000000 0.102094 
0.672941 194.000000 0.101571 
0.680392 175.000000 0.091623 
0.674510 190.000000 0.099476 
0.677255 183.000000 0.095812 
0.671765 197.000000 0.103141 
0.677647 182.000000 0.095288 
0.674118 191.000000 0.100000 
0.671765 197.000000 0.103141 
0.672549 195.000000 0.102094 
0.676078 186.000000 0.097382 
0.678431 180.000000 0.094241 
0.669412 203.000000 0.106283 
0.673725 192.000000 0.100524 
0.670980 199.000000 0.104188 
0.676078 186.000000 0.097382 
0.671373 198.000000 0.103665 
0.671765 197.000000 0.103141 
0.676863 184.000000 0.096335 
0.674510 190.000000 0.099476 
0.676078 186.000000 0.097382 
0.673333 193.000000 0.101047 
0.674902 189.000000 0.098953 
0.671373 198.000000 0.103665 
0.671765 197.000000 0.103141 
0.674118 191.000000 0.100000 
0.677647 182.000000 0.095288 
0.671765 197.000000 0.103141 
0.669412 203.000000 0.106283 
0.671765 197.000000 0.103141 
0.674902 189.000000 0.098953 
0.671373 198.000000 0.103665 
0.674118 191.000000 0.100000 
0.675294 188.000000 0.098429 
0.671765 197.000000 0.103141 
0.674902 189.000000 0.098953 
0.670980 199.000000 0.104188 
0.669804 202.000000 0.105759 
0.671373 198.000000 0.103665 
0.675686 187.000000 0.097906 
0.672549 195.000000 0.102094 
0.676471 185.000000 0.096859 
0.678039 181.000000 0.094764 
0.676471 185.000000 0.096859 
0.673725 192.000000 0.100524 
0.672157 196.000000 0.102618 
0.674510 190.000000 0.099476 
0.670980 199.000000 0.104188 
0.675294 188.000000 0.098429 
0.672941 194.000000 0.101571 
0.672941 194.000000 0.101571 
0.673725 192.000000 0.100524 
0.670588 200.000000 0.104712 
0.675294 188.000000 0.098429 
0.674118 191.000000 0.100000 
0.674510 190.000000 0.099476 
0.673333 193.000000 0.101047 
0.669020 204.000000 0.106806 
0.677255 183.000000 0.095812 
0.671765 197.000000 0.103141 
0.675294 188.000000 0.098429 
0.670980 199.000000 0.104188 
0.670588 200.000000 0.104712 
0.674902 189.000000 0.098953 
0.672157 196.000000 0.102618 
0.677255 183.000000 0.095812 
0.674902 189.000000 0.098953 
0.673725 192.000000 0.100524 
0.669804 202.000000 0.105759 
0.671765 197.000000 0.103141 
0.673725 192.000000 0.100524 
0.679216 178.000000 0.093194 
0.671765 197.000000 0.103141 
0.680392 175.000000 0.091623 
0.674510 190.000000 0.099476 
0.671765 197.000000 0.103141 
0.671765 197.000000 0.103141 
0.683137 168.000000 0.087958 
0.672157 196.000000 0.102618 
0.676078 186.000000 0.097382 
0.678039 181.000000 0.094764 
0.674902 189.000000 0.098953 
0.677255 183.000000 0.095812 
0.668235 206.000000 0.107853 
0.677255 183.000000 0.095812 
0.674510 190.000000 0.099476 
0.674118 191.000000 0.100000 
0.670980 199.000000 0.104188 
0.678039 181.000000 0.094764 
0.674118 191.000000 0.100000 
0.672941 194.000000 0.101571 
0.670588 200.000000 0.104712 
0.679216 178.000000 0.093194 
0.677647 182.000000 0.095288 
0.676078 186.000000 0.097382 
0.670588 200.000000 0.104712 
0.672157 196.000000 0.102618 
0.676863 184.000000 0.096335 
0.675686 187.000000 0.097906 
0.674902 189.000000 0.098953 
0.671373 198.000000 0.103665 
0.673725 192.000000 0.100524 
0.674510 190.000000 0.099476 
0.673725 192.000000 0.100524 
0.672941 194.000000 0.101571 
0.674902 189.000000 0.098953 
0.675294 188.000000 0.098429 
0.673725 192.000000 0.100524 
0.674510 190.000000 0.099476 
0.673725 192.000000 0.100524 
0.675686 187.000000 0.097906 
0.680784 174.000000 0.091099 
0.671765 197.000000 0.103141 
0.676471 185.000000 0.096859 
0.679216 178.000000 0.093194 
0.674118 191.000000 0.100000 
0.674902 189.000000 0.098953 
0.676863 184.000000 0.096335 
0.674902 189.000000 0.098953 
0.670196 201.000000 0.105236 
0.673725 192.000000 0.100524 
0.672549 195.000000 0.102094 
0.674902 189.000000 0.098953 
0.678824 179.000000 0.093717 
0.676471 185.000000 0.096859 
0.674902 189.000000 0.098953 
0.676078 186.000000 0.097382 
0.678039 181.000000 0.094764 
0.674510 190.000000 0.099476 
0.676863 184.000000 0.096335 
0.678039 181.000000 0.094764 
0.673333 193.000000 0.101047 
0.672549 195.000000 0.102094 
0.673333 193.000000 0.101047 
0.673725 192.000000 0.100524 
0.672549 195.000000 0.102094 
0.672941 194.000000 0.101571 
0.671765 197.000000 0.103141 
0.674902 189.000000 0.098953 
0.676471 185.000000 0.096859 
0.674510 190.000000 0.099476 
0.671373 198.000000 0.103665 
0.674510 190.000000 0.099476 
0.669412 203.000000 0.106283 
0.670588 200.000000 0.104712 
0.674902 189.000000 0.098953 
0.674118 191.000000 0.100000 
0.671765 197.000000 0.103141 
0.678039 181.000000 0.094764 
0.670980 199.000000 0.104188 
0.672157 196.000000 0.102618 
0.670980 199.000000 0.104188 
0.674902 189.000000 0.098953 
0.682353 170.000000 0.089005 
0.671765 197.000000 0.103141 
0.678431 180.000000 0.094241 
0.670980 199.000000 0.104188 
0.670980 199.000000 0.104188 
0.674510 190.000000 0.099476 
0.672941 194.000000 0.101571 
0.675294 188.000000 0.098429 
0.676078 186.000000 0.097382 
0.678824 179.000000 0.093717 
0.678431 180.000000 0.094241 
0.670588 200.000000 0.104712 
0.675686 187.000000 0.097906 
0.674510 190.000000 0.099476 
0.667843 207.000000 0.108377 
0.672941 194.000000 0.101571 
0.673725 192.000000 0.100524 
0.672157 196.000000 0.102618 
0.677647 182.000000 0.095288 
0.676078 186.000000 0.097382 
0.674510 190.000000 0.099476 
0.673725 192.000000 0.100524 
0.670196 201.000000 0.105236 
0.674510 190.000000 0.099476 
0.674902 189.000000 0.098953 
0.674510 190.000000 0.099476 
0.674902 189.000000 0.098953 
0.676863 184.000000 0.096335 
0.676863 184.000000 0.096335 
0.671765 197.000000 0.103141 
0.670980 199.000000 0.104188 
0.672157 196.000000 0.102618 
0.671765 197.000000 0.103141 
0.672941 194.000000 0.101571 
0.676078 186.000000 0.097382 
0.669412 203.000000 0.106283 
0.671373 198.000000 0.103665 
0.674118 191.000000 0.100000 
0.673725 192.000000 0.100524 
0.672157 196.000000 0.102618 
0.671373 198.000000 0.103665 
0.676863 184.000000 0.096335 
0.676863 184.000000 0.096335 
0.671373 198.000000 0.103665 
0.674902 189.000000 0.098953 
0.671373 198.000000 0.103665 
0.671373 198.000000 0.103665 
0.667059 209.000000 0.109424 
0.672549 195.000000 0.102094 
0.670588 200.000000 0.104712 
0.675294 188.000000 0.098429 
0.674118 191.000000 0.100000 
0.676078 186.000000 0.097382 
0.670588 200.000000 0.104712 
0.672941 194.000000 0.101571 
0.673725 192.000000 0.100524 
0.669412 203.000000 0.106283 
0.671373 198.000000 0.103665 
0.676863 184.000000 0.096335 
0.674510 190.000000 0.099476 
0.672549 195.000000 0.102094 
0.671373 198.000000 0.103665 
0.672157 196.000000 0.102618 
0.681176 173.000000 0.090576 
0.672157 196.000000 0.102618 
0.672157 196.000000 0.102618 
0.669804 202.000000 0.105759 
0.669804 202.000000 0.105759 
0.673333 193.000000 0.101047 
0.670588 200.000000 0.104712 
0.671765 197.000000 0.103141 
0.674510 190.000000 0.099476 
0.674510 190.000000 0.099476 
0.670196 201.000000 0.105236 
0.670588 200.000000 0.104712 
0.675294 188.000000 0.098429 
0.671373 198.000000 0.103665 
0.678431 180.000000 0.094241 
0.676471 185.000000 0.096859 
0.674902 189.000000 0.098953 
0.676863 184.000000 0.096335 
0.672157 196.000000 0.102618 
0.680392 175.000000 0.091623 
0.674902 189.000000 0.098953 
0.671765 197.000000 0.103141 
0.669020 204.000000 0.106806 
0.675686 187.000000 0.097906 
0.674510 190.000000 0.099476 
0.675294 188.000000 0.098429 
0.673333 193.000000 0.101047 
0.673333 193.000000 0.101047 
0.676078 186.000000 0.097382 
0.673725 192.000000 0.100524 
0.674510 190.000000 0.099476 
0.681569 172.000000 0.090052 
0.670588 200.000000 0.104712 
0.671373 198.000000 0.103665 
0.672549 195.000000 0.102094 
0.669020 204.000000 0.106806 
0.673725 192.000000 0.100524 
0.670980 199.000000 0.104188 
0.673333 193.000000 0.101047 
0.669020 204.000000 0.106806 
0.672157 196.000000 0.102618 
0.674902 189.000000 0.098953 
0.678824 179.000000 0.093717 
0.670588 200.000000 0.104712 
0.676078 186.000000 0.097382 
0.675294 188.000000 0.098429 
0.677647 182.000000 0.095288 
0.678431 180.000000 0.094241 
0.670588 200.000000 0.104712 
0.675294 188.000000 0.098429 
0.670588 200.000000 0.104712 
0.674510 190.000000 0.099476 
0.674118 191.000000 0.100000 
0.674510 190.000000 0.099476 
0.672157 196.000000 0.102618 
0.674510 190.000000 0.099476 
0.678431 180.000000 0.094241 
0.675686 187.000000 0.097906 
0.674510 190.000000 0.099476 
0.676863 184.000000 0.096335 
0.672549 195.000000 0.102094 
0.673333 193.000000 0.101047 
0.673725 192.000000 0.100524 
0.670980 199.000000 0.104188 
0.675686 187.000000 0.097906 
0.676078 186.000000 0.097382 
0.670980 199.000000 0.104188 
0.672157 196.000000 0.102618 
0.674118 191.000000 0.100000 
0.677255 183.000000 0.095812 
0.674902 189.000000 0.098953 
0.672941 194.000000 0.101571 
0.675686 187.000000 0.097906 
0.674510 190.000000 0.099476 
0.676471 185.000000 0.096859 
0.673333 193.000000 0.101047 
0.676078 186.000000 0.097382 
0.672941 194.000000 0.101571 
0.677255 183.000000 0.095812 
0.677255 183.000000 0.095812 
0.674118 191.000000 0.100000 
0.674510 190.000000 0.099476 
0.672157 196.000000 0.102618 
0.677255 183.000000 0.095812 
0.676078 186.000000 0.097382 
0.675686 187.000000 0.097906 
0.674902 189.000000 0.098953 
0.673333 193.000000 0.101047 
0.676471 185.000000 0.096859 
0.675294 188.000000 0.098429 
0.676078 186.000000 0.097382 
0.673725 192.000000 0.100524 
0.674118 191.000000 0.100000 
0.668627 205.000000 0.107330 
0.672157 196.000000 0.102618 
0.673333 193.000000 0.101047 
0.674902 189.000000 0.098953 
0.676863 184.000000 0.096335 
0.676863 184.000000 0.096335 
0.686275 160.000000 0.083770 
0.674510 190.000000 0.099476 
0.676078 186.000000 0.097382 
0.674902 189.000000 0.098953 
0.671373 198.000000 0.103665 
0.669804 202.000000 0.105759 
0.675686 187.000000 0.097906 
0.670980 199.000000 0.104188 
0.669804 202.000000 0.105759 
0.668627 205.000000 0.107330 
0.674118 191.000000 0.100000 
0.676471 185.000000 0.096859 
0.674510 190.000000 0.099476 
0.671373 198.000000 0.103665 
0.675294 188.000000 0.098429 
0.676863 184.000000 0.096335 
0.670588 200.000000 0.104712 
0.674902 189.000000 0.098953 
0.675294 188.000000 0.098429 
0.667451 208.000000 0.108901 
0.670196 201.000000 0.105236 
0.673725 192.000000 0.100524 
0.674902 189.000000 0.098953 
0.672941 194.000000 0.101571 
0.676471 185.000000 0.096859 
0.673725 192.000000 0.100524 
0.674902 189.000000 0.098953 
0.678824 179.000000 0.093717 
0.674510 190.000000 0.099476 
0.670980 199.000000 0.104188 
0.675686 187.000000 0.097906 
0.674118 191.000000 0.100000 
0.678431 180.000000 0.094241 
0.670980 199.000000 0.104188 
0.674118 191.000000 0.100000 
0.678431 180.000000 0.094241 
0.677255 183.000000 0.095812 
0.670588 200.000000 0.104712 
0.675686 187.000000 0.097906 
0.673725 192.000000 0.100524 
0.674510 190.000000 0.099476 
0.674510 190.000000 0.099476 
0.672549 195.000000 0.102094 
0.673725 192.000000 0.100524 
0.679608 177.000000 0.092670 
0.672157 196.000000 0.102618 
0.680000 176.000000 0.092147 
0.672549 195.000000 0.102094 
0.672941 194.000000 0.101571 
0.674510 190.000000 0.099476 
0.678824 179.000000 0.093717 
0.675686 187.000000 0.097906 
0.669412 203.000000 0.106283 
0.673725 192.000000 0.100524 
0.673333 193.000000 0.101047 
0.672941 194.000000 0.101571 
0.674510 190.000000 0.099476 
0.672941 194.000000 0.101571 
0.667843 207.000000 0.108377 
0.677647 182.000000 0.095288 
0.676078 186.000000 0.097382 
0.672941 194.000000 0.101571 
0.680392 175.000000 0.091623 
0.672157 196.000000 0.102618 
0.675686 187.000000 0.097906 
0.673333 193.000000 0.101047 
0.673333 193.000000 0.101047 
0.671373 198.000000 0.103665 
0.674510 190.000000 0.099476 
0.669804 202.000000 0.105759 
0.675686 187.000000 0.097906 
0.674510 190.000000 0.099476 
0.678824 179.000000 0.093717 
0.667843 207.000000 0.108377 
0.674510 190.000000 0.099476 
0.670980 199.000000 0.104188 
0.674902 189.000000 0.098953 
0.674902 189.000000 0.098953 
0.675294 188.000000 0.098429 
0.677647 182.000000 0.095288 
0.677255 183.000000 0.095812 
0.671373 198.000000 0.103665 
0.675294 188.000000 0.098429 
0.673725 192.000000 0.100524 
0.674118 191.000000 0.100000 
0.677647 182.000000 0.095288 
0.676471 185.000000 0.096859 
0.677647 182.000000 0.095288 
0.674902 189.000000 0.098953 
0.676078 186.000000 0.097382 
0.678039 181.000000 0.094764 
0.674118 191.000000 0.100000 
0.671373 198.000000 0.103665 
0.674510 190.000000 0.099476 
0.673333 193.000000 0.101047 
0.680000 176.000000 0.092147 
0.678039 181.000000 0.094764 
0.676078 186.000000 0.097382 
0.675294 188.000000 0.098429 
0.672549 195.000000 0.102094 
0.670588 200.000000 0.104712 
0.670980 199.000000 0.104188 
0.671765 197.000000 0.103141 
0.670980 199.000000 0.104188 
0.670980 199.000000 0.104188 
0.675294 188.000000 0.098429 
0.672941 194.000000 0.101571 
0.675686 187.000000 0.097906 
0.674902 189.000000 0.098953 
0.674510 190.000000 0.099476 
0.674118 191.000000 0.100000 
0.677647 182.000000 0.095288 
0.675686 187.000000 0.097906 
0.672549 195.000000 0.102094 
0.668235 206.000000 0.107853 
0.672549 195.000000 0.102094 
0.670196 201.000000 0.105236 
0.677647 182.000000 0.095288 
0.672157 196.000000 0.102618 
0.674118 191.000000 0.100000 
0.672549 195.000000 0.102094 
0.672941 194.000000 0.101571 
0.671765 197.000000 0.103141 
0.673333 193.000000 0.101047 
0.671765 197.000000 0.103141 
0.676863 184.000000 0.096335 
0.673333 193.000000 0.101047 
0.673725 192.000000 0.100524 
0.675686 187.000000 0.097906 
0.673725 192.000000 0.100524 
0.674902 189.000000 0.098953 
0.678824 179.000000 0.093717 
0.672157 196.000000 0.102618 
0.676078 186.000000 0.097382 
0.677647 182.000000 0.095288 
0.676863 184.000000 0.096335 
0.671765 197.000000 0.103141 
0.670196 201.000000 0.105236 
0.672549 195.000000 0.102094 
0.674510 190.000000 0.099476 
0.676863 184.000000 0.096335 
0.673725 192.000000 0.100524 
0.680392 175.000000 0.091623 
0.672941 194.000000 0.101571 
0.670980 199.000000 0.104188 
0.675294 188.000000 0.098429 
0.675294 188.000000 0.098429 
0.672157 196.000000 0.102618 
0.674118 191.000000 0.100000 
0.674510 190.000000 0.099476 
0.673333 193.000000 0.101047 
0.673725 192.000000 0.100524 
0.675686 187.000000 0.097906 
0.676863 184.000000 0.096335 
0.672941 194.000000 0.101571 
0.672941 194.000000 0.101571 
0.671765 197.000000 0.103141 
0.669412 203.000000 0.106283 
0.677647 182.000000 0.095288 
0.671765 197.000000 0.103141 
0.674510 190.000000 0.099476 
0.671765 197.000000 0.103141 
0.671373 198.000000 0.103665 
0.676471 185.000000 0.096859 
0.672549 195.000000 0.102094 
0.670980 199.000000 0.104188 
0.673725 192.000000 0.100524 
0.676863 184.000000 0.096335 
0.674902 189.000000 0.098953 
0.671373 198.000000 0.103665 
0.669804 202.000000 0.105759 
0.677255 183.000000 0.095812 
0.679608 177.000000 0.092670 
0.672549 195.000000 0.102094 
0.675686 187.000000 0.097906 
0.674510 190.000000 0.099476 
0.674510 190.000000 0.099476 
0.668235 206.000000 0.107853 
0.677255 183.000000 0.095812 
0.670196 201.000000 0.105236 
0.671373 198.000000 0.103665 
0.672157 196.000000 0.102618 
0.676471 185.000000 0.096859 
0.678431 180.000000 0.094241 
0.671765 197.000000 0.103141 
0.677647 182.000000 0.095288 
0.671765 197.000000 0.103141 
0.673725 192.000000 0.100524 
0.673333 193.000000 0.101047 
0.674118 191.000000 0.100000 
0.674902 189.000000 0.098953 
0.672157 196.000000 0.102618 
0.670980 199.000000 0.104188 
0.670196 201.000000 0.105236 
0.675294 188.000000 0.098429 
0.677255 183.000000 0.095812 
0.677255 183.000000 0.095812 
0.678039 181.000000 0.094764 
0.674510 190.000000 0.099476 
0.674118 191.000000 0.100000 
0.671373 198.000000 0.103665 
0.677255 183.000000 0.095812 
0.675686 187.000000 0.097906 
0.677255 183.000000 0.095812 
0.676471 185.000000 0.096859 
0.673725 192.000000 0.100524 
0.674118 191.000000 0.100000 
0.674510 190.000000 0.099476 
0.670980 199.000000 0.104188 
0.673725 192.000000 0.100524 
0.676078 186.000000 0.097382 
0.673725 192.000000 0.100524 
0.670196 201.000000 0.105236 
0.672549 195.000000 0.102094 
0.669412 203.000000 0.106283 
0.672549 195.000000 0.102094 
0.669804 202.000000 0.105759 
0.677647 182.000000 0.095288 
0.673333 193.000000 0.101047 
0.673725 192.000000 0.100524 
0.674902 189.000000 0.098953 
0.674510 190.000000 0.099476 
0.677255 183.000000 0.095812 
0.676863 184.000000 0.096335 
0.675686 187.000000 0.097906 
0.673333 193.000000 0.101047 
0.676078 186.000000 0.097382 
0.673725 192.000000 0.100524 
0.670980 199.000000 0.104188 
0.677647 182.000000 0.095288 
0.676471 185.000000 0.096859 
0.673725 192.000000 0.100524 
0.672157 196.000000 0.102618 
0.673333 193.000000 0.101047 
0.669412 203.000000 0.106283 
0.674510 190.000000 0.099476 
0.674902 189.000000 0.098953 
0.673725 192.000000 0.100524 
0.673333 193.000000 0.101047 
0.672941 194.000000 0.101571 
0.678824 179.000000 0.093717 
0.670980 199.000000 0.104188 
0.675294 188.000000 0.098429 
0.676078 186.000000 0.097382 
0.675686 187.000000 0.097906 
0.677647 182.000000 0.095288 
0.670588 200.000000 0.104712 
0.672549 195.000000 0.102094 
0.674510 190.000000 0.099476 
0.669020 204.000000 0.106806 
0.676471 185.000000 0.096859 
0.675294 188.000000 0.098429 
0.674902 189.000000 0.098953 
0.670588 200.000000 0.104712 
0.676863 184.000000 0.096335 
0.673725 192.000000 0.100524 
0.674510 190.000000 0.099476 
0.674902 189.000000 0.098953 
0.681569 172.000000 0.090052 
0.671373 198.000000 0.103665 
0.674510 190.000000 0.099476 
0.676863 184.000000 0.096335 
0.675686 187.000000 0.097906 
0.672941 194.000000 0.101571 
0.672157 196.000000 0.102618 
0.676863 184.000000 0.096335 
0.673725 192.000000 0.100524 
0.674510 190.000000 0.099476 
0.670980 199.000000 0.104188 
0.671373 198.000000 0.103665 
0.674902 189.000000 0.098953 
0.673725 192.000000 0.100524 
0.679216 178.000000 0.093194 
0.678824 179.000000 0.093717 
0.669804 202.000000 0.105759 
0.675294 188.000000 0.098429 
0.674902 189.000000 0.098953 
0.671765 197.000000 0.103141 
0.673333 193.000000 0.101047 
0.676078 186.000000 0.097382 
0.674902 189.000000 0.098953 
0.674118 191.000000 0.100000 
0.681176 173.000000 0.090576 
0.674510 190.000000 0.099476 
0.672941 194.000000 0.101571 
0.676863 184.000000 0.096335 
0.675686 187.000000 0.097906 
0.674118 191.000000 0.100000 
0.675686 187.000000 0.097906 
0.673333 193.000000 0.101047 
0.676471 185.000000 0.096859 
0.679608 177.000000 0.092670 
0.672157 196.000000 0.102618 
0.671373 198.000000 0.103665 
0.674118 191.000000 0.100000 
0.673333 193.000000 0.101047 
0.672941 194.000000 0.101571 
0.672941 194.000000 0.101571 
0.674118 191.000000 0.100000 
0.671765 197.000000 0.103141 
0.673333 193.000000 0.101047 
0.674510 190.000000 0.099476 
0.676471 185.000000 0.096859 
0.673725 192.000000 0.100524 
0.668235 206.000000 0.107853 
0.671373 198.000000 0.103665 
0.673333 193.000000 0.101047 
0.676863 184.000000 0.096335 
0.673333 193.000000 0.101047 
0.669412 203.000000 0.106283 
0.674510 190.000000 0.099476 
0.673725 192.000000 0.100524 
0.673725 192.000000 0.100524 
0.676078 186.000000 0.097382 
0.669804 202.000000 0.105759 
0.674902 189.000000 0.098953 
0.674902 189.000000 0.098953 
0.674118 191.000000 0.100000 
0.672157 196.000000 0.102618 
0.671373 198.000000 0.103665 
0.673333 193.000000 0.101047 
0.670980 199.000000 0.104188 
0.674902 189.000000 0.098953 
0.677647 182.000000 0.095288 
0.674510 190.000000 0.099476 
0.677255 183.000000 0.095812 
0.674902 189.000000 0.098953 
0.669804 202.000000 0.105759 
0.674118 191.000000 0.100000 
0.670980 199.000000 0.104188 
0.674510 190.000000 0.099476 
0.672941 194.000000 0.101571 
0.670196 201.000000 0.105236 
0.675294 188.000000 0.098429 
0.674902 189.000000 0.098953 
0.676078 186.000000 0.097382 
0.670196 201.000000 0.105236 
0.667059 209.000000 0.109424 
0.673333 193.000000 0.101047 
0.671373 198.000000 0.103665 
0.674902 189.000000 0.098953 
0.672941 194.000000 0.101571 
0.671373 198.000000 0.103665 
0.672941 194.000000 0.101571 
0.678824 179.000000 0.093717 
0.675294 188.000000 0.098429 
0.676863 184.000000 0.096335 
0.671765 197.000000 0.103141 
0.673333 193.000000 0.101047 
0.671373 198.000000 0.103665 
0.673725 192.000000 0.100524 
0.672157 196.000000 0.102618 
0.675294 188.000000 0.098429 
0.675294 188.000000 0.098429 
0.674510 190.000000 0.099476 
0.675294 188.000000 0.098429 
0.678824 179.000000 0.093717 
0.672941 194.000000 0.101571 
0.669020 204.000000 0.106806 
0.678824 179.000000 0.093717 
0.674902 189.000000 0.098953 
0.672549 195.000000 0.102094 
0.671373 198.000000 0.103665 
0.670980 199.000000 0.104188 
0.675294 188.000000 0.098429 
0.670980 199.000000 0.104188 
0.673725 192.000000 0.100524 
0.675294 188.000000 0.098429 
0.676078 186.000000 0.097382 
0.669804 202.000000 0.105759 
0.678431 180.000000 0.094241 
0.670980 199.000000 0.104188 
0.673725 192.000000 0.100524 
0.669804 202.000000 0.105759 
0.676471 185.000000 0.096859 
0.674118 191.000000 0.100000 
0.676471 185.000000 0.096859 
0.676471 185.000000 0.096859 
0.674118 191.000000 0.100000 
0.670980 199.000000 0.104188 
0.674510 190.000000 0.099476 
0.674118 191.000000 0.100000 
0.674510 190.000000 0.099476 
0.672941 194.000000 0.101571 
0.669412 203.000000 0.106283 
0.675294 188.000000 0.098429 
0.669804 202.000000 0.105759 
0.676863 184.000000 0.096335 
0.674118 191.000000 0.100000 
0.671373 198.000000 0.103665 
0.672157 196.000000 0.102618 
0.673333 193.000000 0.101047 
0.672549 195.000000 0.102094 
0.677647 182.000000 0.095288 
0.674510 190.000000 0.099476 
0.672549 195.000000 0.102094 
0.678039 181.000000 0.094764 
0.671373 198.000000 0.103665 
0.669804 202.000000 0.105759 
0.672157 196.000000 0.102618 
0.672941 194.000000 0.101571 
0.671765 197.000000 0.103141 
0.670980 199.000000 0.104188 
0.672157 196.000000 0.102618 
0.673333 193.000000 0.101047 
0.673333 193.000000 0.101047 
0.677255 183.000000 0.095812 
0.669804 202.000000 0.105759 
0.675294 188.000000 0.098429 
0.672941 194.000000 0.101571 
0.673725 192.000000 0.100524 
0.672157 196.000000 0.102618 
0.671765 197.000000 0.103141 
0.672549 195.000000 0.102094 
0.678039 181.000000 0.094764 
0.673333 193.000000 0.101047 
0.677255 183.000000 0.095812 
0.669804 202.000000 0.105759 
0.681569 172.000000 0.090052 
0.673333 193.000000 0.101047 
0.678824 179.000000 0.093717 
0.672157 196.000000 0.102618 
0.673725 192.000000 0.100524 
0.670196 201.000000 0.105236 
0.670196 201.000000 0.105236 
0.670196 201.000000 0.105236 
0.672157 196.000000 0.102618 
0.669804 202.000000 0.105759 
0.674902 189.000000 0.098953 
0.673725 192.000000 0.100524 
0.673333 193.000000 0.101047 
0.679216 178.000000 0.093194 
0.675294 188.000000 0.098429 
0.672941 194.000000 0.101571 
0.676471 185.000000 0.096859 
0.676863 184.000000 0.096335 
0.674902 189.000000 0.098953 
0.678824 179.000000 0.093717 
0.672941 194.000000 0.101571 
0.673725 192.000000 0.100524 
0.670980 199.000000 0.104188 
0.675686 187.000000 0.097906 
0.671765 197.000000 0.103141 
0.671765 197.000000 0.103141 
0.672549 195.000000 0.102094 
0.670980 199.000000 0.104188 
0.673725 192.000000 0.100524 
0.676471 185.000000 0.096859 
0.673333 193.000000 0.101047 
0.676471 185.000000 0.096859 
0.676078 186.000000 0.097382 
0.672157 196.000000 0.102618 
0.676078 186.000000 0.097382 
0.676471 185.000000 0.096859 
0.676863 184.000000 0.096335 
0.674118 191.000000 0.100000 
0.676078 186.000000 0.097382 
0.672941 194.000000 0.101571 
0.674902 189.000000 0.098953 
0.672157 196.000000 0.102618 
0.675686 187.000000 0.097906 
0.673725 192.000000 0.100524 
0.676863 184.000000 0.096335 
0.676863 184.000000 0.096335 
0.677647 182.000000 0.095288 
0.677255 183.000000 0.095812 
0.672549 195.000000 0.102094 
0.674118 191.000000 0.100000 
0.673333 193.000000 0.101047 
0.673725 192.000000 0.100524 
0.675294 188.000000 0.098429 
0.672941 194.000000 0.101571 
0.675686 187.000000 0.097906 
0.670980 199.000000 0.104188 
0.672157 196.000000 0.102618 
0.673333 193.000000 0.101047 
0.674510 190.000000 0.099476 
0.673725 192.000000 0.100524 
0.674510 190.000000 0.099476 
0.673333 193.000000 0.101047 
0.675294 188.000000 0.098429 
0.674510 190.000000 0.099476 
0.673333 193.000000 0.101047 
0.679216 178.000000 0.093194 
0.676078 186.000000 0.097382 
0.671373 198.000000 0.103665 
0.669412 203.000000 0.106283 
0.675294 188.000000 0.098429 
0.677255 183.000000 0.095812 
0.676078 186.000000 0.097382 
0.673725 192.000000 0.100524 
0.677647 182.000000 0.095288 
0.673333 193.000000 0.101047 
0.670588 200.000000 0.104712 
0.674118 191.000000 0.100000 
0.672157 196.000000 0.102618 
0.672549 195.000000 0.102094 
0.676863 184.000000 0.096335 
0.672941 194.000000 0.101571 
0.670980 199.000000 0.104188 
0.674118 191.000000 0.100000 
0.672941 194.000000 0.101571 
0.679608 177.000000 0.092670 
0.671373 198.000000 0.103665 
0.670980 199.000000 0.104188 
0.675686 187.000000 0.097906 
0.673725 192.000000 0.100524 
0.675686 187.000000 0.097906 
0.674510 190.000000 0.099476 
0.673725 192.000000 0.100524 
0.669804 202.000000 0.105759 
0.677647 182.000000 0.095288 
0.677255 183.000000 0.095812 
0.672157 196.000000 0.102618 
0.671373 198.000000 0.103665 
0.669804 202.000000 0.105759 
0.672549 195.000000 0.102094 
0.674510 190.000000 0.099476 
0.675686 187.000000 0.097906 
0.674510 190.000000 0.099476 
0.673333 193.000000 0.101047 
0.672549 195.000000 0.102094 
0.675294 188.000000 0.098429 
0.671765 197.000000 0.103141 
0.672941 194.000000 0.101571 
0.672157 196.000000 0.102618 
0.674902 189.000000 0.098953 
0.676863 184.000000 0.096335 
0.674510 190.000000 0.099476 
0.672157 196.000000 0.102618 
0.674902 189.000000 0.098953 
0.673333 193.000000 0.101047 
0.678431 180.000000 0.094241 
0.674118 191.000000 0.100000 
0.670196 201.000000 0.105236 
0.674118 191.000000 0.100000 
0.670196 201.000000 0.105236 
0.674902 189.000000 0.098953 
0.676078 186.000000 0.097382 
0.671765 197.000000 0.103141 
0.672157 196.000000 0.102618 
0.674510 190.000000 0.099476 
0.674510 190.000000 0.099476 
0.670980 199.000000 0.104188 
0.675686 187.000000 0.097906 
0.675686 187.000000 0.097906 
0.672157 196.000000 0.102618 
0.677255 183.000000 0.095812 
0.669020 204.000000 0.106806 
0.674902 189.000000 0.098953 
0.670588 200.000000 0.104712 
0.677647 182.000000 0.095288 
0.674118 191.000000 0.100000 
0.674118 191.000000 0.100000 
0.670980 199.000000 0.104188 
0.678431 180.000000 0.094241 
0.672549 195.000000 0.102094 
0.676863 184.000000 0.096335 
0.677647 182.000000 0.095288 
0.674118 191.000000 0.100000 
0.674118 191.000000 0.100000 
0.670980 199.000000 0.104188 
0.670588 200.000000 0.104712 
0.676078 186.000000 0.097382 
0.673333 193.000000 0.101047 
0.672941 194.000000 0.101571 
0.672941 194.000000 0.101571 
0.673333 193.000000 0.101047 
0.675686 187.000000 0.097906 
0.670196 201.000000 0.105236 
0.671373 198.000000 0.103665 
0.672941 194.000000 0.101571 
0.676863 184.000000 0.096335 
0.673333 193.000000 0.101047 
0.674902 189.000000 0.098953 
0.675294 188.000000 0.098429 
0.676471 185.000000 0.096859 
0.676078 186.000000 0.097382 
0.674902 189.000000 0.098953 
0.674118 191.000000 0.100000 
0.676471 185.000000 0.096859 
0.672549 195.000000 0.102094 
0.680784 174.000000 0.091099 
0.676471 185.000000 0.096859 
0.675294 188.000000 0.098429 
0.674902 189.000000 0.098953 
0.675686 187.000000 0.097906 
0.670980 199.000000 0.104188 
0.675294 188.000000 0.098429 
0.672157 196.000000 0.102618 
0.674902 189.000000 0.098953 
0.673725 192.000000 0.100524 
0.671765 197.000000 0.103141 
0.674510 190.000000 0.099476 
0.676078 186.000000 0.097382 
0.671373 198.000000 0.103665 
0.676471 185.000000 0.096859 
0.679608 177.000000 0.092670 
0.677647 182.000000 0.095288 
0.668627 205.000000 0.107330 
0.672941 194.000000 0.101571 
0.670588 200.000000 0.104712 
0.679216 178.000000 0.093194 
0.676078 186.000000 0.097382 
0.674510 190.000000 0.099476 
0.678431 180.000000 0.094241 
0.675686 187.000000 0.097906 
0.679216 178.000000 0.093194 
0.675686 187.000000 0.097906 
0.670196 201.000000 0.105236 
0.675294 188.000000 0.098429 
0.675686 187.000000 0.097906 
0.672157 196.000000 0.102618 
0.674118 191.000000 0.100000 
0.672549 195.000000 0.102094 
0.674902 189.000000 0.098953 
0.677255 183.000000 0.095812 
0.672157 196.000000 0.102618 
0.674118 191.000000 0.100000 
0.673333 193.000000 0.101047 
0.667451 208.000000 0.108901 
0.676863 184.000000 0.096335 
0.674510 190.000000 0.099476 
0.674510 190.000000 0.099476 
0.669804 202.000000 0.105759 
0.673725 192.000000 0.100524 
0.672941 194.000000 0.101571 
0.675686 187.000000 0.097906 
0.672549 195.000000 0.102094 
0.670980 199.000000 0.104188 
0.676863 184.000000 0.096335 
0.673333 193.000000 0.101047 
0.676471 185.000000 0.096859 
0.672549 195.000000 0.102094 
0.680000 176.000000 0.092147 
0.678824 179.000000 0.093717 
0.676078 186.000000 0.097382 
0.672549 195.000000 0.102094 
0.673725 192.000000 0.100524 
0.676863 184.000000 0.096335 
0.674510 190.000000 0.099476 
0.674118 191.000000 0.100000 
0.675686 187.000000 0.097906 
0.674510 190.000000 0.099476 
0.672157 196.000000 0.102618 
0.671373 198.000000 0.103665 
0.679608 177.000000 0.092670 
0.677255 183.000000 0.095812 
0.670196 201.000000 0.105236 
0.676078 186.000000 0.097382 
0.673333 193.000000 0.101047 
0.675686 187.000000 0.097906 
0.678431 180.000000 0.094241 
0.676078 186.000000 0.097382 
0.672549 195.000000 0.102094 
0.675294 188.000000 0.098429 
0.677255 183.000000 0.095812 
0.676078 186.000000 0.097382 
0.669804 202.000000 0.105759 
0.676863 184.000000 0.096335 
0.676471 185.000000 0.096859 
0.678824 179.000000 0.093717 
0.675686 187.000000 0.097906 
0.673725 192.000000 0.100524 
0.672941 194.000000 0.101571 
0.674118 191.000000 0.100000 
0.675686 187.000000 0.097906 
0.669804 202.000000 0.105759 
0.672157 196.000000 0.102618 
0.678039 181.000000 0.094764 
0.672941 194.000000 0.101571 
0.671373 198.000000 0.103665 
0.672549 195.000000 0.102094 
0.674118 191.000000 0.100000 
0.673725 192.000000 0.100524 
0.671373 198.000000 0.103665 
0.674510 190.000000 0.099476 
0.669412 203.000000 0.106283 
0.676471 185.000000 0.096859 
0.673333 193.000000 0.101047 
0.670588 200.000000 0.104712 
0.674902 189.000000 0.098953 
0.674902 189.000000 0.098953 
0.676078 186.000000 0.097382 
0.674510 190.000000 0.099476 
0.670588 200.000000 0.104712 
0.677647 182.000000 0.095288 
0.670980 199.000000 0.104188 
0.673333 193.000000 0.101047 
0.678039 181.000000 0.094764 
0.673333 193.000000 0.101047 
0.677647 182.000000 0.095288 
0.672941 194.000000 0.101571 
0.672549 195.000000 0.102094 
0.672941 194.000000 0.101571 
0.678824 179.000000 0.093717 
0.674510 190.000000 0.099476 
0.674902 189.000000 0.098953 
0.671373 198.000000 0.103665 
0.668627 205.000000 0.107330 
0.671373 198.000000 0.103665 
0.676863 184.000000 0.096335 
0.673333 193.000000 0.101047 
0.677647 182.000000 0.095288 
0.672549 195.000000 0.102094 
0.675294 188.000000 0.098429 
0.670196 201.000000 0.105236 
0.672941 194.000000 0.101571 
0.677647 182.000000 0.095288 
0.677255 183.000000 0.095812 
0.670588 200.000000 0.104712 
0.675686 187.000000 0.097906 
0.674510 190.000000 0.099476 
0.669412 203.000000 0.106283 
0.672941 194.000000 0.101571 
0.674510 190.000000 0.099476 
0.676863 184.000000 0.096335 
0.671765 197.000000 0.103141 
0.680000 176.000000 0.092147 
0.677255 183.000000 0.095812 
0.674902 189.000000 0.098953 
0.674902 189.000000 0.098953 
0.672941 194.000000 0.101571 
0.677647 182.000000 0.095288 
0.671373 198.000000 0.103665 
0.671373 198.000000 0.103665 
0.676078 186.000000 0.097382 
0.677255 183.000000 0.095812 
0.674118 191.000000 0.100000 
0.670588 200.000000 0.104712 
0.676471 185.000000 0.096859 
0.673725 192.000000 0.100524 
0.676863 184.000000 0.096335 
0.676078 186.000000 0.097382 
0.672941 194.000000 0.101571 
0.672157 196.000000 0.102618 
0.674118 191.000000 0.100000 
0.670196 201.000000 0.105236 
0.672549 195.000000 0.102094 
0.673725 192.000000 0.100524 
0.673725 192.000000 0.100524 
0.677255 183.000000 0.095812 
0.677255 183.000000 0.095812 
0.680392 175.000000 0.091623 
0.676471 185.000000 0.096859 
0.675686 187.000000 0.097906 
0.674902 189.000000 0.098953 
0.676471 185.000000 0.096859 
0.672941 194.000000 0.101571 
0.672549 195.000000 0.102094 
0.671765 197.000000 0.103141 
0.675294 188.000000 0.098429 
0.674510 190.000000 0.099476 
0.677255 183.000000 0.095812 
0.674510 190.000000 0.099476 
0.673333 193.000000 0.101047 
0.673725 192.000000 0.100524 
0.674510 190.000000 0.099476 
0.674902 189.000000 0.098953 
0.675686 187.000000 0.097906 
0.674902 189.000000 0.098953 
0.672549 195.000000 0.102094 
0.670980 199.000000 0.104188 
0.672941 194.000000 0.101571 
0.669412 203.000000 0.106283 
0.673333 193.000000 0.101047 
0.677647 182.000000 0.095288 
0.676471 185.000000 0.096859 
0.678039 181.000000 0.094764 
0.674510 190.000000 0.099476 
0.671765 197.000000 0.103141 
0.677647 182.000000 0.095288 
0.674902 189.000000 0.098953 
0.676078 186.000000 0.097382 
0.674510 190.000000 0.099476 
0.674118 191.000000 0.100000 
0.673725 192.000000 0.100524 
0.672941 194.000000 0.101571 
0.674902 189.000000 0.098953 
0.674118 191.000000 0.100000 
0.676078 186.000000 0.097382 
0.673333 193.000000 0.101047 
0.673333 193.000000 0.101047 
0.671765 197.000000 0.103141 
0.677647 182.000000 0.095288 
0.676471 185.000000 0.096859 
0.673725 192.000000 0.100524 
0.675686 187.000000 0.097906 
0.674118 191.000000 0.100000 
0.680000 176.000000 0.092147 
0.675686 187.000000 0.097906 
0.674510 190.000000 0.099476 
0.679608 177.000000 0.092670 
0.672157 196.000000 0.102618 
0.674902 189.000000 0.098953 
0.677647 182.000000 0.095288 
0.672157 196.000000 0.102618 
0.675294 188.000000 0.098429 
0.671765 197.000000 0.103141 
0.674902 189.000000 0.098953 
0.673725 192.000000 0.100524 
0.676078 186.000000 0.097382 
0.676863 184.000000 0.096335 
0.668627 205.000000 0.107330 
0.674510 190.000000 0.099476 
0.674510 190.000000 0.099476 
0.676078 186.000000 0.097382 
0.673725 192.000000 0.100524 
0.670980 199.000000 0.104188 
0.674510 190.000000 0.099476 
0.679216 178.000000 0.093194 
0.673333 193.000000 0.101047 
0.675294 188.000000 0.098429 
0.674902 189.000000 0.098953 
0.672157 196.000000 0.102618 
0.671373 198.000000 0.103665 
0.674902 189.000000 0.098953 
0.673333 193.000000 0.101047 
0.672941 194.000000 0.101571 
0.676078 186.000000 0.097382 
0.674510 190.000000 0.099476 
0.672549 195.000000 0.102094 
0.672941 194.000000 0.101571 
0.672549 195.000000 0.102094 
0.675686 187.000000 0.097906 
0.677647 182.000000 0.095288 
0.672941 194.000000 0.101571 
0.668627 205.000000 0.107330 
0.677255 183.000000 0.095812 
0.670196 201.000000 0.105236 
0.672941 194.000000 0.101571 
0.675686 187.000000 0.097906 
0.676471 185.000000 0.096859 
0.672941 194.000000 0.101571 
0.676078 186.000000 0.097382 
0.672941 194.000000 0.101571 
0.675686 187.000000 0.097906 
0.672941 194.000000 0.101571 
0.677647 182.000000 0.095288 
0.669020 204.000000 0.106806 
0.675294 188.000000 0.098429 
0.679216 178.000000 0.093194 
0.674902 189.000000 0.098953 
0.672941 194.000000 0.101571 
0.673333 193.000000 0.101047 
0.677255 183.000000 0.095812 
0.676078 186.000000 0.097382 
0.671765 197.000000 0.103141 
0.675686 187.000000 0.097906 
0.675294 188.000000 0.098429 
0.674902 189.000000 0.098953 
0.670980 199.000000 0.104188 
0.671765 197.000000 0.103141 
0.674118 191.000000 0.100000 
0.672941 194.000000 0.101571 
0.678039 181.000000 0.094764 
0.672941 194.000000 0.101571 
0.674118 191.000000 0.100000 
0.673333 193.000000 0.101047 
0.680784 174.000000 0.091099 
0.676471 185.000000 0.096859 
0.676863 184.000000 0.096335 
0.670588 200.000000 0.104712 
0.678039 181.000000 0.094764 
0.679216 178.000000 0.093194 
0.670980 199.000000 0.104188 
0.672549 195.000000 0.102094 
0.672157 196.000000 0.102618 
0.673333 193.000000 0.101047 
0.673333 193.000000 0.101047 
0.676078 186.000000 0.097382 
0.680000 176.000000 0.092147 
0.673333 193.000000 0.101047 
0.673725 192.000000 0.100524 
0.670588 200.000000 0.104712 
0.673725 192.000000 0.100524 
0.672549 195.000000 0.102094 
0.678824 179.000000 0.093717 
0.672941 194.000000 0.101571 
0.673725 192.000000 0.100524 
0.676863 184.000000 0.096335 
0.675686 187.000000 0.097906 
0.677255 183.000000 0.095812 
0.675686 187.000000 0.097906 
0.668235 206.000000 0.107853 
0.676078 186.000000 0.097382 
0.674118 191.000000 0.100000 
0.673333 193.000000 0.101047 
0.674118 191.000000 0.100000 
0.677255 183.000000 0.095812 
0.676078 186.000000 0.097382 
0.673333 193.000000 0.101047 
0.675294 188.000000 0.098429 
0.670980 199.000000 0.104188 
0.673333 193.000000 0.101047 
0.672549 195.000000 0.102094 
0.670980 199.000000 0.104188 
0.670980 199.000000 0.104188 
0.677647 182.000000 0.095288 
0.672549 195.000000 0.102094 
0.671373 198.000000 0.103665 
0.672941 194.000000 0.101571 
0.673333 193.000000 0.101047 
0.676471 185.000000 0.096859 
0.672157 196.000000 0.102618 
0.675686 187.000000 0.097906 
0.674510 190.000000 0.099476 
0.672157 196.000000 0.102618 
0.674510 190.000000 0.099476 
0.671765 197.000000 0.103141 
0.676863 184.000000 0.096335 
0.677647 182.000000 0.095288 
0.675686 187.000000 0.097906 
0.677647 182.000000 0.095288 
0.680392 175.000000 0.091623 
0.677255 183.000000 0.095812 
0.670588 200.000000 0.104712 
0.672157 196.000000 0.102618 
0.678039 181.000000 0.094764 
0.676471 185.000000 0.096859 
0.670980 199.000000 0.104188 
0.682353 170.000000 0.089005 
0.674902 189.000000 0.098953 
0.672549 195.000000 0.102094 
0.674902 189.000000 0.098953 
0.676078 186.000000 0.097382 
0.675686 187.000000 0.097906 
0.674510 190.000000 0.099476 
0.676471 185.000000 0.096859 
0.671765 197.000000 0.103141 
0.674510 190.000000 0.099476 
0.678039 181.000000 0.094764 
0.673333 193.000000 0.101047 
0.676078 186.000000 0.097382 
0.677647 182.000000 0.095288 
0.672157 196.000000 0.102618 
0.668627 205.000000 0.107330 
0.673333 193.000000 0.101047 
0.676078 186.000000 0.097382 
0.672157 196.000000 0.102618 
0.674118 191.000000 0.100000 
0.674118 191.000000 0.100000 
0.676078 186.000000 0.097382 
0.675294 188.000000 0.098429 
0.668627 205.000000 0.107330 
0.673725 192.000000 0.100524 
0.677255 183.000000 0.095812 
0.670588 200.000000 0.104712 
0.674902 189.000000 0.098953 
0.678824 179.000000 0.093717 
0.672941 194.000000 0.101571 
0.673725 192.000000 0.100524 
0.679608 177.000000 0.092670 
0.676078 186.000000 0.097382 
0.676078 186.000000 0.097382 
0.676471 185.000000 0.096859 
0.672941 194.000000 0.101571 
0.674510 190.000000 0.099476 
0.679216 178.000000 0.093194 
0.676078 186.000000 0.097382 
0.674902 189.000000 0.098953 
0.672941 194.000000 0.101571 
0.672549 195.000000 0.102094 
0.672157 196.000000 0.102618 
0.674902 189.000000 0.098953 
0.672941 194.000000 0.101571 
0.673333 193.000000 0.101047 
0.676863 184.000000 0.096335 
0.675686 187.000000 0.097906 
0.679216 178.000000 0.093194 
0.677647 182.000000 0.095288 
0.677255 183.000000 0.095812 
0.673333 193.000000 0.101047 
0.674902 189.000000 0.098953 
0.674902 189.000000 0.098953 
0.674510 190.000000 0.099476 
0.673725 192.000000 0.100524 
0.671373 198.000000 0.103665 
0.678824 179.000000 0.093717 
0.678431 180.000000 0.094241 
0.668627 205.000000 0.107330 
0.674118 191.000000 0.100000 
0.673725 192.000000 0.100524 
0.669412 203.000000 0.106283 
0.676078 186.000000 0.097382 
0.673333 193.000000 0.101047 
0.679216 178.000000 0.093194 
0.676863 184.000000 0.096335 
0.674510 190.000000 0.099476 
0.671765 197.000000 0.103141 
0.672941 194.000000 0.101571 
0.672549 195.000000 0.102094 
0.674510 190.000000 0.099476 
0.674902 189.000000 0.098953 
0.672941 194.000000 0.101571 
0.672549 195.000000 0.102094 
0.670196 201.000000 0.105236 
0.673725 192.000000 0.100524 
0.671765 197.000000 0.103141 
0.672941 194.000000 0.101571 
0.676471 185.000000 0.096859 
0.674510 190.000000 0.099476 
0.674902 189.000000 0.098953 
0.679608 177.000000 0.092670 
0.673333 193.000000 0.101047 
0.672549 195.000000 0.102094 
0.672941 194.000000 0.101571 
0.674510 190.000000 0.099476 
0.673333 193.000000 0.101047 
0.676078 186.000000 0.097382 
0.675294 188.000000 0.098429 
0.669804 202.000000 0.105759 
0.675294 188.000000 0.098429 
0.675686 187.000000 0.097906 
0.670196 201.000000 0.105236 
0.678431 180.000000 0.094241 
0.674510 190.000000 0.099476 
0.669804 202.000000 0.105759 
0.671765 197.000000 0.103141 
0.674902 189.000000 0.098953 
0.678039 181.000000 0.094764 
0.674510 190.000000 0.099476 
0.672549 195.000000 0.102094 
0.672549 195.000000 0.102094 
0.672941 194.000000 0.101571 
0.676471 185.000000 0.096859 
0.674510 190.000000 0.099476 
0.672157 196.000000 0.102618 
0.672941 194.000000 0.101571 
0.672549 195.000000 0.102094 
0.676078 186.000000 0.097382 
0.675294 188.000000 0.098429 
0.679608 177.000000 0.092670 
0.672157 196.000000 0.102618 
0.673725 192.000000 0.100524 
0.677255 183.000000 0.095812 
0.671765 197.000000 0.103141 
0.675686 187.000000 0.097906 
0.671373 198.000000 0.103665 
0.673725 192.000000 0.100524 
0.675686 187.000000 0.097906 
0.669020 204.000000 0.106806 
0.673333 193.000000 0.101047 
0.678824 179.000000 0.093717 
0.674510 190.000000 0.099476 
0.673333 193.000000 0.101047 
0.674118 191.000000 0.100000 
0.674118 191.000000 0.100000 
0.676863 184.000000 0.096335 
0.675686 187.000000 0.097906 
0.672549 195.000000 0.102094 
0.677647 182.000000 0.095288 
0.675294 188.000000 0.098429 
0.672157 196.000000 0.102618 
0.672941 194.000000 0.101571 
0.672157 196.000000 0.102618 
0.671373 198.000000 0.103665 
0.670980 199.000000 0.104188 
0.671765 197.000000 0.103141 
0.673333 193.000000 0.101047 
0.674510 190.000000 0.099476 
0.675686 187.000000 0.097906 
0.674510 190.000000 0.099476 
0.674118 191.000000 0.100000 
0.672941 194.000000 0.101571 
0.675294 188.000000 0.098429 
0.674118 191.000000 0.100000 
0.677647 182.000000 0.095288 
0.672941 194.000000 0.101571 
0.673725 192.000000 0.100524 
0.673725 192.000000 0.100524 
0.674118 191.000000 0.100000 
0.674510 190.000000 0.099476 
0.672549 195.000000 0.102094 
0.667843 207.000000 0.108377 
0.676863 184.000000 0.096335 
0.670980 199.000000 0.104188 
0.678431 180.000000 0.094241 
0.677255 183.000000 0.095812 
0.676471 185.000000 0.096859 
0.677255 183.000000 0.095812 
0.673725 192.000000 0.100524 
0.676078 186.000000 0.097382 
0.671373 198.000000 0.103665 
0.676863 184.000000 0.096335 
0.673725 192.000000 0.100524 
0.671765 197.000000 0.103141 
0.670588 200.000000 0.104712 
0.674510 190.000000 0.099476 
0.669804 202.000000 0.105759 
0.674510 190.000000 0.099476 
0.674902 189.000000 0.098953 
0.676863 184.000000 0.096335 
0.670980 199.000000 0.104188 
0.674902 189.000000 0.098953 
0.672157 196.000000 0.102618 
0.672549 195.000000 0.102094 
0.672157 196.000000 0.102618 
0.674510 190.000000 0.099476 
0.667059 209.000000 0.109424 
0.677647 182.000000 0.095288 
0.679216 178.000000 0.093194 
0.674510 190.000000 0.099476 
0.677647 182.000000 0.095288 
0.673725 192.000000 0.100524 
0.673725 192.000000 0.100524 
0.674118 191.000000 0.100000 
0.672549 195.000000 0.102094 
0.678039 181.000000 0.094764 
0.671765 197.000000 0.103141 
0.670196 201.000000 0.105236 
0.676471 185.000000 0.096859 
0.674902 189.000000 0.098953 
0.675294 188.000000 0.098429 
0.666667 210.000000 0.109948 
0.673725 192.000000 0.100524 
0.676078 186.000000 0.097382 
0.674902 189.000000 0.098953 
0.672157 196.000000 0.102618 
0.673725 192.000000 0.100524 
0.670980 199.000000 0.104188 
0.670980 199.000000 0.104188 
0.673333 193.000000 0.101047 
0.676471 185.000000 0.096859 
0.675686 187.000000 0.097906 
0.674510 190.000000 0.099476 
0.674118 191.000000 0.100000 
0.676471 185.000000 0.096859 
0.668235 206.000000 0.107853 
0.677647 182.000000 0.095288 
0.675294 188.000000 0.098429 
0.673725 192.000000 0.100524 
0.676078 186.000000 0.097382 
0.678039 181.000000 0.094764 
0.674902 189.000000 0.098953 
0.676078 186.000000 0.097382 
0.672157 196.000000 0.102618 
0.672941 194.000000 0.101571 
0.672549 195.000000 0.102094 
0.669412 203.000000 0.106283 
0.669804 202.000000 0.105759 
0.673725 192.000000 0.100524 
0.672941 194.000000 0.101571 
0.672941 194.000000 0.101571 
0.670588 200.000000 0.104712 
0.671373 198.000000 0.103665 
0.676078 186.000000 0.097382 
0.672549 195.000000 0.102094 
0.674902 189.000000 0.098953 
0.675686 187.000000 0.097906 
0.674902 189.000000 0.098953 
0.676471 185.000000 0.096859 
0.673333 193.000000 0.101047 
0.671765 197.000000 0.103141 
0.675294 188.000000 0.098429 
0.675686 187.000000 0.097906 
0.677647 182.000000 0.095288 
0.679216 178.000000 0.093194 
0.670980 199.000000 0.104188 
0.676863 184.000000 0.096335 
0.673333 193.000000 0.101047 
0.673725 192.000000 0.100524 
0.674902 189.000000 0.098953 
0.676078 186.000000 0.097382 
0.678431 180.000000 0.094241 
0.674510 190.000000 0.099476 
0.674902 189.000000 0.098953 
0.671373 198.000000 0.103665 
0.670588 200.000000 0.104712 
0.672941 194.000000 0.101571 
0.674510 190.000000 0.099476 
0.670196 201.000000 0.105236 
0.675686 187.000000 0.097906 
0.670196 201.000000 0.105236 
0.675686 187.000000 0.097906 
0.672941 194.000000 0.101571 
0.672549 195.000000 0.102094 
0.673333 193.000000 0.101047 
0.670588 200.000000 0.104712 
0.676078 186.000000 0.097382 
0.673725 192.000000 0.100524 
0.676471 185.000000 0.096859 
0.675686 187.000000 0.097906 
0.675294 188.000000 0.098429 
0.673333 193.000000 0.101047 
0.672549 195.000000 0.102094 
0.669412 203.000000 0.106283 
0.674902 189.000000 0.098953 
0.674510 190.000000 0.099476 
0.678824 179.000000 0.093717 
0.673333 193.000000 0.101047 
0.672549 195.000000 0.102094 
0.674118 191.000000 0.100000 
0.672157 196.000000 0.102618 
0.679216 178.000000 0.093194 
0.672157 196.000000 0.102618 
0.669020 204.000000 0.106806 
0.677255 183.000000 0.095812 
0.676078 186.000000 0.097382 
0.672549 195.000000 0.102094 
0.676471 185.000000 0.096859 
0.672549 195.000000 0.102094 
0.675294 188.000000 0.098429 
0.676863 184.000000 0.096335 
0.676863 184.000000 0.096335 
0.676078 186.000000 0.097382 
0.672549 195.000000 0.102094 
0.679216 178.000000 0.093194 
0.669804 202.000000 0.105759 
0.673333 193.000000 0.101047 
0.672941 194.000000 0.101571 
0.675294 188.000000 0.098429 
0.674902 189.000000 0.098953 
0.674510 190.000000 0.099476 
0.674902 189.000000 0.098953 
0.674902 189.000000 0.098953 
0.675686 187.000000 0.097906 
0.673333 193.000000 0.101047 
0.675686 187.000000 0.097906 
0.679608 177.000000 0.092670 
0.675686 187.000000 0.097906 
0.675294 188.000000 0.098429 
0.674118 191.000000 0.100000 
0.674118 191.000000 0.100000 
0.673333 193.000000 0.101047 
0.676471 185.000000 0.096859 
0.672941 194.000000 0.101571 
0.672549 195.000000 0.102094 
0.673333 193.000000 0.101047 
0.671765 197.000000 0.103141 
0.678431 180.000000 0.094241 
0.670980 199.000000 0.104188 
0.668627 205.000000 0.107330 
0.674118 191.000000 0.100000 
0.676471 185.000000 0.096859 
0.674118 191.000000 0.100000 
0.672157 196.000000 0.102618 
0.674118 191.000000 0.100000 
0.676078 186.000000 0.097382 
0.675294 188.000000 0.098429 
0.672941 194.000000 0.101571 
0.674902 189.000000 0.098953 
0.676078 186.000000 0.097382 
0.674902 189.000000 0.098953 
0.676078 186.000000 0.097382 
0.680392 175.000000 0.091623 
0.674902 189.000000 0.098953 
0.670588 200.000000 0.104712 
0.673333 193.000000 0.101047 
0.674118 191.000000 0.100000 
0.674902 189.000000 0.098953 
0.680000 176.000000 0.092147 
0.670196 201.000000 0.105236 
0.672157 196.000000 0.102618 
0.674118 191.000000 0.100000 
0.670196 201.000000 0.105236 
0.673333 193.000000 0.101047 
0.675686 187.000000 0.097906 
0.674118 191.000000 0.100000 
0.674902 189.000000 0.098953 
0.676078 186.000000 0.097382 
0.672941 194.000000 0.101571 
0.676471 185.000000 0.096859 
0.671373 198.000000 0.103665 
0.674902 189.000000 0.098953 
0.676863 184.000000 0.096335 
0.672941 194.000000 0.101571 
0.674510 190.000000 0.099476 
0.672157 196.000000 0.102618 
