0.563529 473.000000 0.247644 
0.564706 470.000000 0.246073 
0.563137 474.000000 0.248168 
0.561569 478.000000 0.250262 
0.555294 494.000000 0.258639 
0.555294 494.000000 0.258639 
0.561961 477.000000 0.249738 
0.567451 463.000000 0.242408 
0.560000 482.000000 0.252356 
0.569804 457.000000 0.239267 
0.560784 480.000000 0.251309 
0.563922 472.000000 0.247120 
0.559608 483.000000 0.252880 
0.559608 483.000000 0.252880 
0.554902 495.000000 0.259162 
0.561961 477.000000 0.249738 
0.566667 465.000000 0.243455 
0.556863 490.000000 0.256545 
0.570196 456.000000 0.238743 
0.559608 483.000000 0.252880 
0.561176 479.000000 0.250785 
0.565098 469.000000 0.245550 
0.559608 483.000000 0.252880 
0.559216 484.000000 0.253403 
0.559216 484.000000 0.253403 
0.552549 501.000000 0.262304 
0.563529 473.000000 0.247644 
0.561961 477.000000 0.249738 
0.556078 492.000000 0.257592 
0.557255 489.000000 0.256021 
0.557255 489.000000 0.256021 
0.554118 497.000000 0.260209 
0.563529 473.000000 0.247644 
0.559608 483.000000 0.252880 
0.563137 474.000000 0.248168 
0.559216 484.000000 0.253403 
0.560000 482.000000 0.252356 
0.566667 465.000000 0.243455 
0.565098 469.000000 0.245550 
0.559608 483.000000 0.252880 
0.563922 472.000000 0.247120 
0.555686 493.000000 0.258115 
0.556863 490.000000 0.256545 
0.558431 486.000000 0.254450 
0.562353 476.000000 0.249215 
0.567843 462.000000 0.241885 
0.555294 494.000000 0.258639 
0.559216 484.000000 0.253403 
0.559608 483.000000 0.252880 
0.564314 471.000000 0.246597 
0.561176 479.000000 0.250785 
0.552549 501.000000 0.262304 
0.559216 484.000000 0.253403 
0.558431 486.000000 0.254450 
0.565490 468.000000 0.245026 
0.569804 457.000000 0.239267 
0.559608 483.000000 0.252880 
0.560000 482.000000 0.252356 
0.563529 473.000000 0.247644 
0.564314 471.000000 0.246597 
0.559608 483.000000 0.252880 
0.566667 465.000000 0.243455 
0.568235 461.000000 0.241361 
0.558431 486.000000 0.254450 
0.556078 492.000000 0.257592 
0.561176 479.000000 0.250785 
0.565490 468.000000 0.245026 
0.561569 478.000000 0.250262 
0.556863 490.000000 0.256545 
0.560784 480.000000 0.251309 
0.559608 483.000000 0.252880 
0.560000 482.000000 0.252356 
0.566275 466.000000 0.243979 
0.558431 486.000000 0.254450 
0.567843 462.000000 0.241885 
0.562745 475.000000 0.248691 
0.565490 468.000000 0.245026 
0.558824 485.000000 0.253927 
0.569412 458.000000 0.239791 
0.559608 483.000000 0.252880 
0.561961 477.000000 0.249738 
0.554902 495.000000 0.259162 
0.564314 471.000000 0.246597 
0.568235 461.000000 0.241361 
0.565882 467.000000 0.244503 
0.550196 507.000000 0.265445 
0.561569 478.000000 0.250262 
0.567843 462.000000 0.241885 
0.556471 491.000000 0.257068 
0.562353 476.000000 0.249215 
0.562745 475.000000 0.248691 
0.563137 474.000000 0.248168 
0.567059 464.000000 0.242932 
0.551765 503.000000 0.263351 
0.564314 471.000000 0.246597 
0.559608 483.000000 0.252880 
0.567843 462.000000 0.241885 
0.555686 493.000000 0.258115 
0.556863 490.000000 0.256545 
0.558824 485.000000 0.253927 
0.557255 489.000000 0.256021 
0.557647 488.000000 0.255497 
0.561176 479.000000 0.250785 
0.567059 464.000000 0.242932 
0.561176 479.000000 0.250785 
0.556078 492.000000 0.257592 
0.564314 471.000000 0.246597 
0.561961 477.000000 0.249738 
0.558824 485.000000 0.253927 
0.561569 478.000000 0.250262 
0.556078 492.000000 0.257592 
0.554902 495.000000 0.259162 
0.561569 478.000000 0.250262 
0.562745 475.000000 0.248691 
0.559608 483.000000 0.252880 
0.558431 486.000000 0.254450 
0.554510 496.000000 0.259686 
0.552941 500.000000 0.261780 
0.558039 487.000000 0.254974 
0.567451 463.000000 0.242408 
0.558039 487.000000 0.254974 
0.564706 470.000000 0.246073 
0.568627 460.000000 0.240838 
0.554510 496.000000 0.259686 
0.561961 477.000000 0.249738 
0.562353 476.000000 0.249215 
0.554510 496.000000 0.259686 
0.563137 474.000000 0.248168 
0.565490 468.000000 0.245026 
0.558039 487.000000 0.254974 
0.563922 472.000000 0.247120 
0.558824 485.000000 0.253927 
0.566275 466.000000 0.243979 
0.565882 467.000000 0.244503 
0.560000 482.000000 0.252356 
0.555686 493.000000 0.258115 
0.566667 465.000000 0.243455 
0.556863 490.000000 0.256545 
0.555294 494.000000 0.258639 
0.553725 498.000000 0.260733 
0.559216 484.000000 0.253403 
0.567451 463.000000 0.242408 
0.556863 490.000000 0.256545 
0.563529 473.000000 0.247644 
0.566275 466.000000 0.243979 
0.561961 477.000000 0.249738 
0.563137 474.000000 0.248168 
0.559216 484.000000 0.253403 
0.563922 472.000000 0.247120 
0.554902 495.000000 0.259162 
0.559216 484.000000 0.253403 
0.552941 500.000000 0.261780 
0.566275 466.000000 0.243979 
0.560784 480.000000 0.251309 
0.560784 480.000000 0.251309 
0.570196 456.000000 0.238743 
0.552549 501.000000 0.262304 
0.558824 485.000000 0.253927 
0.560392 481.000000 0.251832 
0.561569 478.000000 0.250262 
0.560000 482.000000 0.252356 
0.562745 475.000000 0.248691 
0.559608 483.000000 0.252880 
0.562353 476.000000 0.249215 
0.563137 474.000000 0.248168 
0.561569 478.000000 0.250262 
0.564314 471.000000 0.246597 
0.558039 487.000000 0.254974 
0.559216 484.000000 0.253403 
0.563922 472.000000 0.247120 
0.559608 483.000000 0.252880 
0.560392 481.000000 0.251832 
0.562745 475.000000 0.248691 
0.561961 477.000000 0.249738 
0.560784 480.000000 0.251309 
0.556078 492.000000 0.257592 
0.560392 481.000000 0.251832 
0.558431 486.000000 0.254450 
0.556863 490.000000 0.256545 
0.560784 480.000000 0.251309 
0.562745 475.000000 0.248691 
0.562353 476.000000 0.249215 
0.561176 479.000000 0.250785 
0.560784 480.000000 0.251309 
0.562353 476.000000 0.249215 
0.566275 466.000000 0.243979 
0.560392 481.000000 0.251832 
0.564314 471.000000 0.246597 
0.568627 460.000000 0.240838 
0.565882 467.000000 0.244503 
0.562745 475.000000 0.248691 
0.561961 477.000000 0.249738 
0.561569 478.000000 0.250262 
0.567059 464.000000 0.242932 
0.567843 462.000000 0.241885 
0.562353 476.000000 0.249215 
0.568235 461.000000 0.241361 
0.559216 484.000000 0.253403 
0.557647 488.000000 0.255497 
0.562353 476.000000 0.249215 
0.563137 474.000000 0.248168 
0.561961 477.000000 0.249738 
0.563529 473.000000 0.247644 
0.558824 485.000000 0.253927 
0.560392 481.000000 0.251832 
0.560000 482.000000 0.252356 
0.559216 484.000000 0.253403 
0.564706 470.000000 0.246073 
0.562745 475.000000 0.248691 
0.561176 479.000000 0.250785 
0.560784 480.000000 0.251309 
0.563922 472.000000 0.247120 
0.564314 471.000000 0.246597 
0.556471 491.000000 0.257068 
0.561176 479.000000 0.250785 
0.563922 472.000000 0.247120 
0.557255 489.000000 0.256021 
0.561961 477.000000 0.249738 
0.558824 485.000000 0.253927 
0.560000 482.000000 0.252356 
0.564706 470.000000 0.246073 
0.564314 471.000000 0.246597 
0.561176 479.000000 0.250785 
0.560784 480.000000 0.251309 
0.563922 472.000000 0.247120 
0.557255 489.000000 0.256021 
0.563922 472.000000 0.247120 
0.559216 484.000000 0.253403 
0.556863 490.000000 0.256545 
0.565490 468.000000 0.245026 
0.565490 468.000000 0.245026 
0.558039 487.000000 0.254974 
0.561176 479.000000 0.250785 
0.562745 475.000000 0.248691 
0.558431 486.000000 0.254450 
0.557255 489.000000 0.256021 
0.566667 465.000000 0.243455 
0.560000 482.000000 0.252356 
0.560000 482.000000 0.252356 
0.556863 490.000000 0.256545 
0.556078 492.000000 0.257592 
0.561569 478.000000 0.250262 
0.560784 480.000000 0.251309 
0.553725 498.000000 0.260733 
0.569804 457.000000 0.239267 
0.558039 487.000000 0.254974 
0.558824 485.000000 0.253927 
0.567059 464.000000 0.242932 
0.560784 480.000000 0.251309 
0.554902 495.000000 0.259162 
0.564706 470.000000 0.246073 
0.561176 479.000000 0.250785 
0.563922 472.000000 0.247120 
0.562353 476.000000 0.249215 
0.567059 464.000000 0.242932 
0.557647 488.000000 0.255497 
0.563137 474.000000 0.248168 
0.560784 480.000000 0.251309 
0.558039 487.000000 0.254974 
0.559216 484.000000 0.253403 
0.563922 472.000000 0.247120 
0.560000 482.000000 0.252356 
0.557255 489.000000 0.256021 
0.561176 479.000000 0.250785 
0.563529 473.000000 0.247644 
0.563922 472.000000 0.247120 
0.561569 478.000000 0.250262 
0.560000 482.000000 0.252356 
0.555294 494.000000 0.258639 
0.556078 492.000000 0.257592 
0.564314 471.000000 0.246597 
0.563137 474.000000 0.248168 
0.563529 473.000000 0.247644 
0.562745 475.000000 0.248691 
0.557647 488.000000 0.255497 
0.566667 465.000000 0.243455 
0.557255 489.000000 0.256021 
0.562745 475.000000 0.248691 
0.558824 485.000000 0.253927 
0.561569 478.000000 0.250262 
0.561569 478.000000 0.250262 
0.560784 480.000000 0.251309 
0.565882 467.000000 0.244503 
0.558824 485.000000 0.253927 
0.557255 489.000000 0.256021 
0.567843 462.000000 0.241885 
0.566275 466.000000 0.243979 
0.557255 489.000000 0.256021 
0.565098 469.000000 0.245550 
0.563529 473.000000 0.247644 
0.561176 479.000000 0.250785 
0.558039 487.000000 0.254974 
0.561569 478.000000 0.250262 
0.560000 482.000000 0.252356 
0.563529 473.000000 0.247644 
0.565098 469.000000 0.245550 
0.565490 468.000000 0.245026 
0.555686 493.000000 0.258115 
0.558824 485.000000 0.253927 
0.567451 463.000000 0.242408 
0.564314 471.000000 0.246597 
0.563529 473.000000 0.247644 
0.561961 477.000000 0.249738 
0.559216 484.000000 0.253403 
0.559608 483.000000 0.252880 
0.558824 485.000000 0.253927 
0.563922 472.000000 0.247120 
0.560392 481.000000 0.251832 
0.562745 475.000000 0.248691 
0.557647 488.000000 0.255497 
0.560000 482.000000 0.252356 
0.557255 489.000000 0.256021 
0.560784 480.000000 0.251309 
0.560392 481.000000 0.251832 
0.567059 464.000000 0.242932 
0.562353 476.000000 0.249215 
0.561176 479.000000 0.250785 
0.561961 477.000000 0.249738 
0.562745 475.000000 0.248691 
0.554118 497.000000 0.260209 
0.568627 460.000000 0.240838 
0.556078 492.000000 0.257592 
0.560784 480.000000 0.251309 
0.560000 482.000000 0.252356 
0.566275 466.000000 0.243979 
0.565098 469.000000 0.245550 
0.560784 480.000000 0.251309 
0.559608 483.000000 0.252880 
0.564706 470.000000 0.246073 
0.560000 482.000000 0.252356 
0.559608 483.000000 0.252880 
0.564706 470.000000 0.246073 
0.559608 483.000000 0.252880 
0.557255 489.000000 0.256021 
0.568627 460.000000 0.240838 
0.557647 488.000000 0.255497 
0.559608 483.000000 0.252880 
0.562745 475.000000 0.248691 
0.556471 491.000000 0.257068 
0.567843 462.000000 0.241885 
0.560000 482.000000 0.252356 
0.564314 471.000000 0.246597 
0.559608 483.000000 0.252880 
0.560784 480.000000 0.251309 
0.565098 469.000000 0.245550 
0.564314 471.000000 0.246597 
0.563137 474.000000 0.248168 
0.561176 479.000000 0.250785 
0.564706 470.000000 0.246073 
0.564706 470.000000 0.246073 
0.555686 493.000000 0.258115 
0.557255 489.000000 0.256021 
0.558431 486.000000 0.254450 
0.556078 492.000000 0.257592 
0.555686 493.000000 0.258115 
0.562745 475.000000 0.248691 
0.560784 480.000000 0.251309 
0.559216 484.000000 0.253403 
0.560784 480.000000 0.251309 
0.561569 478.000000 0.250262 
0.562353 476.000000 0.249215 
0.569412 458.000000 0.239791 
0.569020 459.000000 0.240314 
0.557647 488.000000 0.255497 
0.561176 479.000000 0.250785 
0.561569 478.000000 0.250262 
0.570588 455.000000 0.238220 
0.560000 482.000000 0.252356 
0.563922 472.000000 0.247120 
0.561961 477.000000 0.249738 
0.561569 478.000000 0.250262 
0.555686 493.000000 0.258115 
0.558824 485.000000 0.253927 
0.560784 480.000000 0.251309 
0.558824 485.000000 0.253927 
0.563137 474.000000 0.248168 
0.565882 467.000000 0.244503 
0.561176 479.000000 0.250785 
0.561569 478.000000 0.250262 
0.559608 483.000000 0.252880 
0.556078 492.000000 0.257592 
0.560784 480.000000 0.251309 
0.558431 486.000000 0.254450 
0.561176 479.000000 0.250785 
0.568627 460.000000 0.240838 
0.559216 484.000000 0.253403 
0.558039 487.000000 0.254974 
0.561176 479.000000 0.250785 
0.561961 477.000000 0.249738 
0.557647 488.000000 0.255497 
0.555294 494.000000 0.258639 
0.558039 487.000000 0.254974 
0.562745 475.000000 0.248691 
0.560000 482.000000 0.252356 
0.561176 479.000000 0.250785 
0.557647 488.000000 0.255497 
0.563529 473.000000 0.247644 
0.559216 484.000000 0.253403 
0.560000 482.000000 0.252356 
0.559608 483.000000 0.252880 
0.562353 476.000000 0.249215 
0.557647 488.000000 0.255497 
0.567059 464.000000 0.242932 
0.560000 482.000000 0.252356 
0.556863 490.000000 0.256545 
0.563529 473.000000 0.247644 
0.556078 492.000000 0.257592 
0.564706 470.000000 0.246073 
0.562353 476.000000 0.249215 
0.562353 476.000000 0.249215 
0.563529 473.000000 0.247644 
0.560000 482.000000 0.252356 
0.558431 486.000000 0.254450 
0.564314 471.000000 0.246597 
0.567451 463.000000 0.242408 
0.560000 482.000000 0.252356 
0.560784 480.000000 0.251309 
0.563137 474.000000 0.248168 
0.558039 487.000000 0.254974 
0.564314 471.000000 0.246597 
0.557647 488.000000 0.255497 
0.557255 489.000000 0.256021 
0.565490 468.000000 0.245026 
0.565882 467.000000 0.244503 
0.562353 476.000000 0.249215 
0.562745 475.000000 0.248691 
0.561569 478.000000 0.250262 
0.561176 479.000000 0.250785 
0.562353 476.000000 0.249215 
0.557255 489.000000 0.256021 
0.566275 466.000000 0.243979 
0.561961 477.000000 0.249738 
0.560392 481.000000 0.251832 
0.562353 476.000000 0.249215 
0.557255 489.000000 0.256021 
0.562353 476.000000 0.249215 
0.558039 487.000000 0.254974 
0.561176 479.000000 0.250785 
0.562745 475.000000 0.248691 
0.559608 483.000000 0.252880 
0.563529 473.000000 0.247644 
0.566667 465.000000 0.243455 
0.559216 484.000000 0.253403 
0.563137 474.000000 0.248168 
0.565882 467.000000 0.244503 
0.559608 483.000000 0.252880 
0.563137 474.000000 0.248168 
0.562745 475.000000 0.248691 
0.566667 465.000000 0.243455 
0.561569 478.000000 0.250262 
0.561569 478.000000 0.250262 
0.563922 472.000000 0.247120 
0.567059 464.000000 0.242932 
0.567451 463.000000 0.242408 
0.562745 475.000000 0.248691 
0.571373 453.000000 0.237173 
0.559216 484.000000 0.253403 
0.562353 476.000000 0.249215 
0.563529 473.000000 0.247644 
0.565882 467.000000 0.244503 
0.564706 470.000000 0.246073 
0.555686 493.000000 0.258115 
0.555686 493.000000 0.258115 
0.560000 482.000000 0.252356 
0.559608 483.000000 0.252880 
0.563529 473.000000 0.247644 
0.563137 474.000000 0.248168 
0.565490 468.000000 0.245026 
0.560784 480.000000 0.251309 
0.563529 473.000000 0.247644 
0.565882 467.000000 0.244503 
0.561569 478.000000 0.250262 
0.558824 485.000000 0.253927 
0.563137 474.000000 0.248168 
0.563922 472.000000 0.247120 
0.570196 456.000000 0.238743 
0.556471 491.000000 0.257068 
0.561569 478.000000 0.250262 
0.559608 483.000000 0.252880 
0.564706 470.000000 0.246073 
0.563922 472.000000 0.247120 
0.563137 474.000000 0.248168 
0.561961 477.000000 0.249738 
0.556471 491.000000 0.257068 
0.554902 495.000000 0.259162 
0.560000 482.000000 0.252356 
0.566275 466.000000 0.243979 
0.565098 469.000000 0.245550 
0.559608 483.000000 0.252880 
0.564706 470.000000 0.246073 
0.560784 480.000000 0.251309 
0.563922 472.000000 0.247120 
0.563529 473.000000 0.247644 
0.564706 470.000000 0.246073 
0.558431 486.000000 0.254450 
0.558824 485.000000 0.253927 
0.558824 485.000000 0.253927 
0.563529 473.000000 0.247644 
0.559608 483.000000 0.252880 
0.554902 495.000000 0.259162 
0.566667 465.000000 0.243455 
0.561176 479.000000 0.250785 
0.558431 486.000000 0.254450 
0.565098 469.000000 0.245550 
0.556078 492.000000 0.257592 
0.561961 477.000000 0.249738 
0.563529 473.000000 0.247644 
0.559608 483.000000 0.252880 
0.560000 482.000000 0.252356 
0.563922 472.000000 0.247120 
0.557647 488.000000 0.255497 
0.560392 481.000000 0.251832 
0.557255 489.000000 0.256021 
0.563922 472.000000 0.247120 
0.563137 474.000000 0.248168 
0.555686 493.000000 0.258115 
0.558824 485.000000 0.253927 
0.559608 483.000000 0.252880 
0.561176 479.000000 0.250785 
0.563529 473.000000 0.247644 
0.558039 487.000000 0.254974 
0.567451 463.000000 0.242408 
0.556078 492.000000 0.257592 
0.563922 472.000000 0.247120 
0.558039 487.000000 0.254974 
0.558039 487.000000 0.254974 
0.565490 468.000000 0.245026 
0.561569 478.000000 0.250262 
0.553333 499.000000 0.261257 
0.563137 474.000000 0.248168 
0.563922 472.000000 0.247120 
0.560784 480.000000 0.251309 
0.569412 458.000000 0.239791 
0.563137 474.000000 0.248168 
0.558039 487.000000 0.254974 
0.561569 478.000000 0.250262 
0.567059 464.000000 0.242932 
0.560784 480.000000 0.251309 
0.561961 477.000000 0.249738 
0.555294 494.000000 0.258639 
0.558431 486.000000 0.254450 
0.562745 475.000000 0.248691 
0.554510 496.000000 0.259686 
0.563529 473.000000 0.247644 
0.564314 471.000000 0.246597 
0.560392 481.000000 0.251832 
0.561176 479.000000 0.250785 
0.555294 494.000000 0.258639 
0.560784 480.000000 0.251309 
0.566275 466.000000 0.243979 
0.556078 492.000000 0.257592 
0.561569 478.000000 0.250262 
0.558824 485.000000 0.253927 
0.558431 486.000000 0.254450 
0.557255 489.000000 0.256021 
0.557647 488.000000 0.255497 
0.562353 476.000000 0.249215 
0.558824 485.000000 0.253927 
0.561961 477.000000 0.249738 
0.569412 458.000000 0.239791 
0.561569 478.000000 0.250262 
0.557647 488.000000 0.255497 
0.563137 474.000000 0.248168 
0.567843 462.000000 0.241885 
0.563137 474.000000 0.248168 
0.559216 484.000000 0.253403 
0.560392 481.000000 0.251832 
0.563137 474.000000 0.248168 
0.567451 463.000000 0.242408 
0.559608 483.000000 0.252880 
0.560000 482.000000 0.252356 
0.559608 483.000000 0.252880 
0.560784 480.000000 0.251309 
0.558824 485.000000 0.253927 
0.565490 468.000000 0.245026 
0.553725 498.000000 0.260733 
0.565098 469.000000 0.245550 
0.562745 475.000000 0.248691 
0.561961 477.000000 0.249738 
0.564314 471.000000 0.246597 
0.559216 484.000000 0.253403 
0.552941 500.000000 0.261780 
0.554902 495.000000 0.259162 
0.561176 479.000000 0.250785 
0.566275 466.000000 0.243979 
0.556863 490.000000 0.256545 
0.561961 477.000000 0.249738 
0.557647 488.000000 0.255497 
0.565882 467.000000 0.244503 
0.556863 490.000000 0.256545 
0.556078 492.000000 0.257592 
0.554118 497.000000 0.260209 
0.559608 483.000000 0.252880 
0.562353 476.000000 0.249215 
0.561569 478.000000 0.250262 
0.567451 463.000000 0.242408 
0.558824 485.000000 0.253927 
0.560000 482.000000 0.252356 
0.562353 476.000000 0.249215 
0.563529 473.000000 0.247644 
0.563137 474.000000 0.248168 
0.556471 491.000000 0.257068 
0.561176 479.000000 0.250785 
0.567059 464.000000 0.242932 
0.566275 466.000000 0.243979 
0.563137 474.000000 0.248168 
0.563137 474.000000 0.248168 
0.566667 465.000000 0.243455 
0.563137 474.000000 0.248168 
0.564314 471.000000 0.246597 
0.558431 486.000000 0.254450 
0.561961 477.000000 0.249738 
0.564314 471.000000 0.246597 
0.559216 484.000000 0.253403 
0.563137 474.000000 0.248168 
0.560784 480.000000 0.251309 
0.566667 465.000000 0.243455 
0.558039 487.000000 0.254974 
0.563529 473.000000 0.247644 
0.560784 480.000000 0.251309 
0.558824 485.000000 0.253927 
0.561569 478.000000 0.250262 
0.559216 484.000000 0.253403 
0.559216 484.000000 0.253403 
0.568627 460.000000 0.240838 
0.563137 474.000000 0.248168 
0.564314 471.000000 0.246597 
0.561961 477.000000 0.249738 
0.565098 469.000000 0.245550 
0.557255 489.000000 0.256021 
0.562353 476.000000 0.249215 
0.560000 482.000000 0.252356 
0.571373 453.000000 0.237173 
0.560784 480.000000 0.251309 
0.563529 473.000000 0.247644 
0.569412 458.000000 0.239791 
0.558039 487.000000 0.254974 
0.556863 490.000000 0.256545 
0.554902 495.000000 0.259162 
0.560784 480.000000 0.251309 
0.567059 464.000000 0.242932 
0.562745 475.000000 0.248691 
0.568627 460.000000 0.240838 
0.566275 466.000000 0.243979 
0.561569 478.000000 0.250262 
0.560000 482.000000 0.252356 
0.557255 489.000000 0.256021 
0.561569 478.000000 0.250262 
0.559216 484.000000 0.253403 
0.563137 474.000000 0.248168 
0.566275 466.000000 0.243979 
0.565882 467.000000 0.244503 
0.560784 480.000000 0.251309 
0.560784 480.000000 0.251309 
0.556078 492.000000 0.257592 
0.565098 469.000000 0.245550 
0.567451 463.000000 0.242408 
0.559216 484.000000 0.253403 
0.560392 481.000000 0.251832 
0.558824 485.000000 0.253927 
0.564314 471.000000 0.246597 
0.566667 465.000000 0.243455 
0.559216 484.000000 0.253403 
0.561176 479.000000 0.250785 
0.560000 482.000000 0.252356 
0.563137 474.000000 0.248168 
0.560784 480.000000 0.251309 
0.563137 474.000000 0.248168 
0.559216 484.000000 0.253403 
0.552157 502.000000 0.262827 
0.559608 483.000000 0.252880 
0.558824 485.000000 0.253927 
0.557647 488.000000 0.255497 
0.569020 459.000000 0.240314 
0.566667 465.000000 0.243455 
0.558039 487.000000 0.254974 
0.562745 475.000000 0.248691 
0.561569 478.000000 0.250262 
0.567059 464.000000 0.242932 
0.563922 472.000000 0.247120 
0.557647 488.000000 0.255497 
0.559216 484.000000 0.253403 
0.561569 478.000000 0.250262 
0.558824 485.000000 0.253927 
0.569804 457.000000 0.239267 
0.561176 479.000000 0.250785 
0.558431 486.000000 0.254450 
0.562745 475.000000 0.248691 
0.563137 474.000000 0.248168 
0.564706 470.000000 0.246073 
0.561176 479.000000 0.250785 
0.566667 465.000000 0.243455 
0.558431 486.000000 0.254450 
0.557647 488.000000 0.255497 
0.564706 470.000000 0.246073 
0.558039 487.000000 0.254974 
0.559608 483.000000 0.252880 
0.555686 493.000000 0.258115 
0.561961 477.000000 0.249738 
0.562353 476.000000 0.249215 
0.566667 465.000000 0.243455 
0.553725 498.000000 0.260733 
0.561961 477.000000 0.249738 
0.558039 487.000000 0.254974 
0.559608 483.000000 0.252880 
0.565490 468.000000 0.245026 
0.563529 473.000000 0.247644 
0.562745 475.000000 0.248691 
0.565882 467.000000 0.244503 
0.561176 479.000000 0.250785 
0.556471 491.000000 0.257068 
0.555294 494.000000 0.258639 
0.567843 462.000000 0.241885 
0.559608 483.000000 0.252880 
0.562745 475.000000 0.248691 
0.562745 475.000000 0.248691 
0.560784 480.000000 0.251309 
0.561176 479.000000 0.250785 
0.562353 476.000000 0.249215 
0.564706 470.000000 0.246073 
0.554902 495.000000 0.259162 
0.559216 484.000000 0.253403 
0.562353 476.000000 0.249215 
0.561961 477.000000 0.249738 
0.569020 459.000000 0.240314 
0.568235 461.000000 0.241361 
0.561176 479.000000 0.250785 
0.564706 470.000000 0.246073 
0.556863 490.000000 0.256545 
0.562353 476.000000 0.249215 
0.565882 467.000000 0.244503 
0.554510 496.000000 0.259686 
0.572157 451.000000 0.236126 
0.560000 482.000000 0.252356 
0.561569 478.000000 0.250262 
0.562745 475.000000 0.248691 
0.561569 478.000000 0.250262 
0.558824 485.000000 0.253927 
0.560392 481.000000 0.251832 
0.558431 486.000000 0.254450 
0.557255 489.000000 0.256021 
0.563529 473.000000 0.247644 
0.564314 471.000000 0.246597 
0.559608 483.000000 0.252880 
0.561961 477.000000 0.249738 
0.566275 466.000000 0.243979 
0.558824 485.000000 0.253927 
0.567843 462.000000 0.241885 
0.556863 490.000000 0.256545 
0.561176 479.000000 0.250785 
0.563529 473.000000 0.247644 
0.556078 492.000000 0.257592 
0.563137 474.000000 0.248168 
0.558039 487.000000 0.254974 
0.566275 466.000000 0.243979 
0.560392 481.000000 0.251832 
0.563137 474.000000 0.248168 
0.557647 488.000000 0.255497 
0.561569 478.000000 0.250262 
0.560784 480.000000 0.251309 
0.561961 477.000000 0.249738 
0.559216 484.000000 0.253403 
0.565882 467.000000 0.244503 
0.565882 467.000000 0.244503 
0.560392 481.000000 0.251832 
0.563137 474.000000 0.248168 
0.563922 472.000000 0.247120 
0.561569 478.000000 0.250262 
0.563137 474.000000 0.248168 
0.558431 486.000000 0.254450 
0.555686 493.000000 0.258115 
0.556863 490.000000 0.256545 
0.556078 492.000000 0.257592 
0.567059 464.000000 0.242932 
0.559608 483.000000 0.252880 
0.559608 483.000000 0.252880 
0.560000 482.000000 0.252356 
0.564314 471.000000 0.246597 
0.554510 496.000000 0.259686 
0.556863 490.000000 0.256545 
0.559216 484.000000 0.253403 
0.558824 485.000000 0.253927 
0.560784 480.000000 0.251309 
0.564314 471.000000 0.246597 
0.561569 478.000000 0.250262 
0.563922 472.000000 0.247120 
0.557255 489.000000 0.256021 
0.562745 475.000000 0.248691 
0.562353 476.000000 0.249215 
0.558039 487.000000 0.254974 
0.552549 501.000000 0.262304 
0.563137 474.000000 0.248168 
0.563922 472.000000 0.247120 
0.556078 492.000000 0.257592 
0.561176 479.000000 0.250785 
0.562353 476.000000 0.249215 
0.557255 489.000000 0.256021 
0.560000 482.000000 0.252356 
0.557647 488.000000 0.255497 
0.563922 472.000000 0.247120 
0.560000 482.000000 0.252356 
0.561569 478.000000 0.250262 
0.564314 471.000000 0.246597 
0.561569 478.000000 0.250262 
0.558431 486.000000 0.254450 
0.563529 473.000000 0.247644 
0.560784 480.000000 0.251309 
0.559216 484.000000 0.253403 
0.557647 488.000000 0.255497 
0.563137 474.000000 0.248168 
0.561569 478.000000 0.250262 
0.564314 471.000000 0.246597 
0.562745 475.000000 0.248691 
0.558431 486.000000 0.254450 
0.551373 504.000000 0.263874 
0.554510 496.000000 0.259686 
0.557647 488.000000 0.255497 
0.562745 475.000000 0.248691 
0.561176 479.000000 0.250785 
0.558039 487.000000 0.254974 
0.561176 479.000000 0.250785 
0.565098 469.000000 0.245550 
0.561176 479.000000 0.250785 
0.568235 461.000000 0.241361 
0.559216 484.000000 0.253403 
0.560000 482.000000 0.252356 
0.563922 472.000000 0.247120 
0.565098 469.000000 0.245550 
0.559216 484.000000 0.253403 
0.565490 468.000000 0.245026 
0.563922 472.000000 0.247120 
0.563922 472.000000 0.247120 
0.565882 467.000000 0.244503 
0.560784 480.000000 0.251309 
0.565882 467.000000 0.244503 
0.566667 465.000000 0.243455 
0.558039 487.000000 0.254974 
0.564706 470.000000 0.246073 
0.557255 489.000000 0.256021 
0.562353 476.000000 0.249215 
0.562353 476.000000 0.249215 
0.558824 485.000000 0.253927 
0.559216 484.000000 0.253403 
0.559216 484.000000 0.253403 
0.561569 478.000000 0.250262 
0.560000 482.000000 0.252356 
0.559216 484.000000 0.253403 
0.566275 466.000000 0.243979 
0.561176 479.000000 0.250785 
0.561569 478.000000 0.250262 
0.565882 467.000000 0.244503 
0.562353 476.000000 0.249215 
0.563137 474.000000 0.248168 
0.559216 484.000000 0.253403 
0.567451 463.000000 0.242408 
0.560392 481.000000 0.251832 
0.561569 478.000000 0.250262 
0.565098 469.000000 0.245550 
0.566667 465.000000 0.243455 
0.562353 476.000000 0.249215 
0.559216 484.000000 0.253403 
0.560784 480.000000 0.251309 
0.561176 479.000000 0.250785 
0.559608 483.000000 0.252880 
0.564706 470.000000 0.246073 
0.564706 470.000000 0.246073 
0.564314 471.000000 0.246597 
0.559216 484.000000 0.253403 
0.557647 488.000000 0.255497 
0.561569 478.000000 0.250262 
0.562353 476.000000 0.249215 
0.558824 485.000000 0.253927 
0.561569 478.000000 0.250262 
0.567059 464.000000 0.242932 
0.562745 475.000000 0.248691 
0.564706 470.000000 0.246073 
0.561569 478.000000 0.250262 
0.559608 483.000000 0.252880 
0.560392 481.000000 0.251832 
0.560784 480.000000 0.251309 
0.560000 482.000000 0.252356 
0.559608 483.000000 0.252880 
0.566275 466.000000 0.243979 
0.558824 485.000000 0.253927 
0.555294 494.000000 0.258639 
0.556078 492.000000 0.257592 
0.561176 479.000000 0.250785 
0.561961 477.000000 0.249738 
0.570196 456.000000 0.238743 
0.562745 475.000000 0.248691 
0.563137 474.000000 0.248168 
0.554118 497.000000 0.260209 
0.561961 477.000000 0.249738 
0.563922 472.000000 0.247120 
0.566275 466.000000 0.243979 
0.562353 476.000000 0.249215 
0.562745 475.000000 0.248691 
0.567451 463.000000 0.242408 
0.565882 467.000000 0.244503 
0.561569 478.000000 0.250262 
0.557255 489.000000 0.256021 
0.565490 468.000000 0.245026 
0.556471 491.000000 0.257068 
0.562353 476.000000 0.249215 
0.558431 486.000000 0.254450 
0.568235 461.000000 0.241361 
0.562353 476.000000 0.249215 
0.560392 481.000000 0.251832 
0.560784 480.000000 0.251309 
0.565098 469.000000 0.245550 
0.564314 471.000000 0.246597 
0.561961 477.000000 0.249738 
0.558431 486.000000 0.254450 
0.565882 467.000000 0.244503 
0.563137 474.000000 0.248168 
0.559216 484.000000 0.253403 
0.560000 482.000000 0.252356 
0.560000 482.000000 0.252356 
0.560392 481.000000 0.251832 
0.555294 494.000000 0.258639 
0.561961 477.000000 0.249738 
0.557647 488.000000 0.255497 
0.565098 469.000000 0.245550 
0.560392 481.000000 0.251832 
0.562745 475.000000 0.248691 
0.559216 484.000000 0.253403 
0.570196 456.000000 0.238743 
0.561176 479.000000 0.250785 
0.562745 475.000000 0.248691 
0.567451 463.000000 0.242408 
0.558039 487.000000 0.254974 
0.561176 479.000000 0.250785 
0.555686 493.000000 0.258115 
0.567059 464.000000 0.242932 
0.553725 498.000000 0.260733 
0.560784 480.000000 0.251309 
0.564706 470.000000 0.246073 
0.557255 489.000000 0.256021 
0.571765 452.000000 0.236649 
0.554118 497.000000 0.260209 
0.565098 469.000000 0.245550 
0.570196 456.000000 0.238743 
0.568235 461.000000 0.241361 
0.556078 492.000000 0.257592 
0.555686 493.000000 0.258115 
0.556863 490.000000 0.256545 
0.564706 470.000000 0.246073 
0.562745 475.000000 0.248691 
0.560392 481.000000 0.251832 
0.563529 473.000000 0.247644 
0.558824 485.000000 0.253927 
0.563922 472.000000 0.247120 
0.564706 470.000000 0.246073 
0.564314 471.000000 0.246597 
0.567451 463.000000 0.242408 
0.560784 480.000000 0.251309 
0.561569 478.000000 0.250262 
0.561569 478.000000 0.250262 
0.567451 463.000000 0.242408 
0.563529 473.000000 0.247644 
0.558431 486.000000 0.254450 
0.561569 478.000000 0.250262 
0.563137 474.000000 0.248168 
0.558039 487.000000 0.254974 
0.564314 471.000000 0.246597 
0.562353 476.000000 0.249215 
0.562353 476.000000 0.249215 
0.561176 479.000000 0.250785 
0.571373 453.000000 0.237173 
0.568235 461.000000 0.241361 
0.559608 483.000000 0.252880 
0.561961 477.000000 0.249738 
0.563529 473.000000 0.247644 
0.561176 479.000000 0.250785 
0.564314 471.000000 0.246597 
0.563529 473.000000 0.247644 
0.561176 479.000000 0.250785 
0.563137 474.000000 0.248168 
0.561176 479.000000 0.250785 
0.556471 491.000000 0.257068 
0.556863 490.000000 0.256545 
0.559216 484.000000 0.253403 
0.566667 465.000000 0.243455 
0.561569 478.000000 0.250262 
0.559608 483.000000 0.252880 
0.560392 481.000000 0.251832 
0.565098 469.000000 0.245550 
0.565490 468.000000 0.245026 
0.561176 479.000000 0.250785 
0.558039 487.000000 0.254974 
0.565882 467.000000 0.244503 
0.565490 468.000000 0.245026 
0.563529 473.000000 0.247644 
0.559608 483.000000 0.252880 
0.559608 483.000000 0.252880 
0.562745 475.000000 0.248691 
0.562745 475.000000 0.248691 
0.560784 480.000000 0.251309 
0.554118 497.000000 0.260209 
0.560000 482.000000 0.252356 
0.557255 489.000000 0.256021 
0.563529 473.000000 0.247644 
0.572941 449.000000 0.235079 
0.562745 475.000000 0.248691 
0.559216 484.000000 0.253403 
0.567843 462.000000 0.241885 
0.567843 462.000000 0.241885 
0.555294 494.000000 0.258639 
0.567059 464.000000 0.242932 
0.565490 468.000000 0.245026 
0.560000 482.000000 0.252356 
0.557647 488.000000 0.255497 
0.561176 479.000000 0.250785 
0.561569 478.000000 0.250262 
0.556471 491.000000 0.257068 
0.558824 485.000000 0.253927 
0.565490 468.000000 0.245026 
0.561569 478.000000 0.250262 
0.561961 477.000000 0.249738 
0.561961 477.000000 0.249738 
0.561961 477.000000 0.249738 
0.561961 477.000000 0.249738 
0.558431 486.000000 0.254450 
0.559608 483.000000 0.252880 
0.566667 465.000000 0.243455 
0.558824 485.000000 0.253927 
0.555294 494.000000 0.258639 
0.561176 479.000000 0.250785 
0.568627 460.000000 0.240838 
0.556863 490.000000 0.256545 
0.558824 485.000000 0.253927 
0.562353 476.000000 0.249215 
0.566275 466.000000 0.243979 
0.569020 459.000000 0.240314 
0.563922 472.000000 0.247120 
0.565882 467.000000 0.244503 
0.560392 481.000000 0.251832 
0.566667 465.000000 0.243455 
0.564706 470.000000 0.246073 
0.558039 487.000000 0.254974 
0.563137 474.000000 0.248168 
0.564706 470.000000 0.246073 
0.565882 467.000000 0.244503 
0.558431 486.000000 0.254450 
0.563137 474.000000 0.248168 
0.566275 466.000000 0.243979 
0.561569 478.000000 0.250262 
0.566667 465.000000 0.243455 
0.561569 478.000000 0.250262 
0.568235 461.000000 0.241361 
0.558039 487.000000 0.254974 
0.560000 482.000000 0.252356 
0.561176 479.000000 0.250785 
0.560784 480.000000 0.251309 
0.561176 479.000000 0.250785 
0.555294 494.000000 0.258639 
0.562353 476.000000 0.249215 
0.560784 480.000000 0.251309 
0.567059 464.000000 0.242932 
0.564314 471.000000 0.246597 
0.564314 471.000000 0.246597 
0.558039 487.000000 0.254974 
0.560784 480.000000 0.251309 
0.559216 484.000000 0.253403 
0.564706 470.000000 0.246073 
0.556471 491.000000 0.257068 
0.560000 482.000000 0.252356 
0.564706 470.000000 0.246073 
0.558824 485.000000 0.253927 
0.556078 492.000000 0.257592 
0.561176 479.000000 0.250785 
0.561569 478.000000 0.250262 
0.567059 464.000000 0.242932 
0.554510 496.000000 0.259686 
0.555294 494.000000 0.258639 
0.554902 495.000000 0.259162 
0.559608 483.000000 0.252880 
0.565098 469.000000 0.245550 
0.560000 482.000000 0.252356 
0.560392 481.000000 0.251832 
0.561569 478.000000 0.250262 
0.559608 483.000000 0.252880 
0.554118 497.000000 0.260209 
0.559608 483.000000 0.252880 
0.567059 464.000000 0.242932 
0.564314 471.000000 0.246597 
0.558431 486.000000 0.254450 
0.566275 466.000000 0.243979 
0.562353 476.000000 0.249215 
0.568235 461.000000 0.241361 
0.565098 469.000000 0.245550 
0.562353 476.000000 0.249215 
0.563922 472.000000 0.247120 
0.564314 471.000000 0.246597 
0.564314 471.000000 0.246597 
0.565098 469.000000 0.245550 
0.556863 490.000000 0.256545 
0.556863 490.000000 0.256545 
0.564706 470.000000 0.246073 
0.556471 491.000000 0.257068 
0.556078 492.000000 0.257592 
0.566667 465.000000 0.243455 
0.558824 485.000000 0.253927 
0.561176 479.000000 0.250785 
0.554118 497.000000 0.260209 
0.558039 487.000000 0.254974 
0.560392 481.000000 0.251832 
0.559216 484.000000 0.253403 
0.558824 485.000000 0.253927 
0.561961 477.000000 0.249738 
0.558431 486.000000 0.254450 
0.561176 479.000000 0.250785 
0.563529 473.000000 0.247644 
0.567059 464.000000 0.242932 
0.558824 485.000000 0.253927 
0.555686 493.000000 0.258115 
0.559608 483.000000 0.252880 
0.550980 505.000000 0.264398 
0.562353 476.000000 0.249215 
0.560784 480.000000 0.251309 
0.562353 476.000000 0.249215 
0.558431 486.000000 0.254450 
0.568235 461.000000 0.241361 
0.560000 482.000000 0.252356 
0.563137 474.000000 0.248168 
0.576078 441.000000 0.230890 
0.563922 472.000000 0.247120 
0.558039 487.000000 0.254974 
0.561569 478.000000 0.250262 
0.565098 469.000000 0.245550 
0.566667 465.000000 0.243455 
0.559608 483.000000 0.252880 
0.563922 472.000000 0.247120 
0.562353 476.000000 0.249215 
0.559608 483.000000 0.252880 
0.559216 484.000000 0.253403 
0.549020 510.000000 0.267016 
0.557647 488.000000 0.255497 
0.562745 475.000000 0.248691 
0.562353 476.000000 0.249215 
0.560000 482.000000 0.252356 
0.558039 487.000000 0.254974 
0.563529 473.000000 0.247644 
0.567451 463.000000 0.242408 
0.557255 489.000000 0.256021 
0.559608 483.000000 0.252880 
0.563922 472.000000 0.247120 
0.561961 477.000000 0.249738 
0.559216 484.000000 0.253403 
0.563137 474.000000 0.248168 
0.554118 497.000000 0.260209 
0.562745 475.000000 0.248691 
0.563922 472.000000 0.247120 
0.558039 487.000000 0.254974 
0.567059 464.000000 0.242932 
0.561176 479.000000 0.250785 
0.558824 485.000000 0.253927 
0.558431 486.000000 0.254450 
0.563137 474.000000 0.248168 
0.560784 480.000000 0.251309 
0.558431 486.000000 0.254450 
0.561569 478.000000 0.250262 
0.560000 482.000000 0.252356 
0.554510 496.000000 0.259686 
0.562353 476.000000 0.249215 
0.560392 481.000000 0.251832 
0.556863 490.000000 0.256545 
0.566275 466.000000 0.243979 
0.555686 493.000000 0.258115 
0.565490 468.000000 0.245026 
0.561569 478.000000 0.250262 
0.558431 486.000000 0.254450 
0.552157 502.000000 0.262827 
0.561176 479.000000 0.250785 
0.560784 480.000000 0.251309 
0.561961 477.000000 0.249738 
0.558431 486.000000 0.254450 
0.560000 482.000000 0.252356 
0.569804 457.000000 0.239267 
0.563137 474.000000 0.248168 
0.560000 482.000000 0.252356 
0.559216 484.000000 0.253403 
0.564706 470.000000 0.246073 
0.559216 484.000000 0.253403 
0.559608 483.000000 0.252880 
0.563137 474.000000 0.248168 
0.560392 481.000000 0.251832 
0.556078 492.000000 0.257592 
0.560000 482.000000 0.252356 
0.564314 471.000000 0.246597 
0.562745 475.000000 0.248691 
0.554902 495.000000 0.259162 
0.561176 479.000000 0.250785 
0.564314 471.000000 0.246597 
0.564706 470.000000 0.246073 
0.571373 453.000000 0.237173 
0.560000 482.000000 0.252356 
0.557647 488.000000 0.255497 
0.560000 482.000000 0.252356 
0.567059 464.000000 0.242932 
0.556471 491.000000 0.257068 
0.558431 486.000000 0.254450 
0.554510 496.000000 0.259686 
0.568627 460.000000 0.240838 
0.553725 498.000000 0.260733 
0.557647 488.000000 0.255497 
0.567059 464.000000 0.242932 
0.559608 483.000000 0.252880 
0.564706 470.000000 0.246073 
0.570980 454.000000 0.237696 
0.564706 470.000000 0.246073 
0.570196 456.000000 0.238743 
0.555294 494.000000 0.258639 
0.565098 469.000000 0.245550 
0.561961 477.000000 0.249738 
0.555686 493.000000 0.258115 
0.560784 480.000000 0.251309 
0.557647 488.000000 0.255497 
0.558431 486.000000 0.254450 
0.560000 482.000000 0.252356 
0.567059 464.000000 0.242932 
0.561961 477.000000 0.249738 
0.559608 483.000000 0.252880 
0.561569 478.000000 0.250262 
0.564706 470.000000 0.246073 
0.560784 480.000000 0.251309 
0.560392 481.000000 0.251832 
0.563137 474.000000 0.248168 
0.558039 487.000000 0.254974 
0.560784 480.000000 0.251309 
0.562745 475.000000 0.248691 
0.562353 476.000000 0.249215 
0.557255 489.000000 0.256021 
0.560000 482.000000 0.252356 
0.558039 487.000000 0.254974 
0.563529 473.000000 0.247644 
0.562745 475.000000 0.248691 
0.559216 484.000000 0.253403 
0.561961 477.000000 0.249738 
0.565882 467.000000 0.244503 
0.558431 486.000000 0.254450 
0.564706 470.000000 0.246073 
0.567059 464.000000 0.242932 
0.559216 484.000000 0.253403 
0.560784 480.000000 0.251309 
0.558824 485.000000 0.253927 
0.558039 487.000000 0.254974 
0.560784 480.000000 0.251309 
0.563529 473.000000 0.247644 
0.554902 495.000000 0.259162 
0.561176 479.000000 0.250785 
0.560392 481.000000 0.251832 
0.559216 484.000000 0.253403 
0.560000 482.000000 0.252356 
0.567059 464.000000 0.242932 
0.561569 478.000000 0.250262 
0.560000 482.000000 0.252356 
0.563137 474.000000 0.248168 
0.563529 473.000000 0.247644 
0.561176 479.000000 0.250785 
0.563137 474.000000 0.248168 
0.565490 468.000000 0.245026 
0.561569 478.000000 0.250262 
0.567843 462.000000 0.241885 
0.562745 475.000000 0.248691 
0.556863 490.000000 0.256545 
0.564314 471.000000 0.246597 
0.567059 464.000000 0.242932 
0.565490 468.000000 0.245026 
0.568235 461.000000 0.241361 
0.559608 483.000000 0.252880 
0.562745 475.000000 0.248691 
0.560000 482.000000 0.252356 
0.564706 470.000000 0.246073 
0.562745 475.000000 0.248691 
0.560784 480.000000 0.251309 
0.561176 479.000000 0.250785 
0.561569 478.000000 0.250262 
0.562353 476.000000 0.249215 
0.564706 470.000000 0.246073 
0.567843 462.000000 0.241885 
0.561961 477.000000 0.249738 
0.564314 471.000000 0.246597 
0.559608 483.000000 0.252880 
0.562353 476.000000 0.249215 
0.560392 481.000000 0.251832 
0.563529 473.000000 0.247644 
0.567451 463.000000 0.242408 
0.563137 474.000000 0.248168 
0.560392 481.000000 0.251832 
0.566667 465.000000 0.243455 
0.560392 481.000000 0.251832 
0.561961 477.000000 0.249738 
0.561176 479.000000 0.250785 
0.554902 495.000000 0.259162 
0.566275 466.000000 0.243979 
0.561961 477.000000 0.249738 
0.559608 483.000000 0.252880 
0.558824 485.000000 0.253927 
0.560392 481.000000 0.251832 
0.560000 482.000000 0.252356 
0.563922 472.000000 0.247120 
0.561569 478.000000 0.250262 
0.561569 478.000000 0.250262 
0.557647 488.000000 0.255497 
0.560000 482.000000 0.252356 
0.556863 490.000000 0.256545 
0.558039 487.000000 0.254974 
0.553725 498.000000 0.260733 
0.558039 487.000000 0.254974 
0.563922 472.000000 0.247120 
0.557647 488.000000 0.255497 
0.558824 485.000000 0.253927 
0.567059 464.000000 0.242932 
0.556471 491.000000 0.257068 
0.563529 473.000000 0.247644 
0.563137 474.000000 0.248168 
0.565882 467.000000 0.244503 
0.560392 481.000000 0.251832 
0.559608 483.000000 0.252880 
0.562745 475.000000 0.248691 
0.564314 471.000000 0.246597 
0.562353 476.000000 0.249215 
0.564314 471.000000 0.246597 
0.563529 473.000000 0.247644 
0.562353 476.000000 0.249215 
0.567059 464.000000 0.242932 
0.560784 480.000000 0.251309 
0.565882 467.000000 0.244503 
0.563922 472.000000 0.247120 
0.568235 461.000000 0.241361 
0.562353 476.000000 0.249215 
0.560000 482.000000 0.252356 
0.570588 455.000000 0.238220 
0.558039 487.000000 0.254974 
0.569412 458.000000 0.239791 
0.565098 469.000000 0.245550 
0.563529 473.000000 0.247644 
0.562353 476.000000 0.249215 
0.560392 481.000000 0.251832 
0.561569 478.000000 0.250262 
0.565882 467.000000 0.244503 
0.565882 467.000000 0.244503 
0.567059 464.000000 0.242932 
0.564706 470.000000 0.246073 
0.559608 483.000000 0.252880 
0.563922 472.000000 0.247120 
0.559608 483.000000 0.252880 
0.558824 485.000000 0.253927 
0.560784 480.000000 0.251309 
0.556863 490.000000 0.256545 
0.556078 492.000000 0.257592 
0.564706 470.000000 0.246073 
0.565882 467.000000 0.244503 
0.561176 479.000000 0.250785 
0.561961 477.000000 0.249738 
0.561961 477.000000 0.249738 
0.564314 471.000000 0.246597 
0.556078 492.000000 0.257592 
0.567059 464.000000 0.242932 
0.565490 468.000000 0.245026 
0.561569 478.000000 0.250262 
0.565098 469.000000 0.245550 
0.558824 485.000000 0.253927 
0.560000 482.000000 0.252356 
0.555294 494.000000 0.258639 
0.555294 494.000000 0.258639 
0.563922 472.000000 0.247120 
0.559608 483.000000 0.252880 
0.564706 470.000000 0.246073 
0.557647 488.000000 0.255497 
0.562745 475.000000 0.248691 
0.562745 475.000000 0.248691 
0.563922 472.000000 0.247120 
0.560392 481.000000 0.251832 
0.560784 480.000000 0.251309 
0.567843 462.000000 0.241885 
0.563922 472.000000 0.247120 
0.561569 478.000000 0.250262 
0.565490 468.000000 0.245026 
0.572157 451.000000 0.236126 
0.558824 485.000000 0.253927 
0.564314 471.000000 0.246597 
0.564314 471.000000 0.246597 
0.562745 475.000000 0.248691 
0.556078 492.000000 0.257592 
0.562353 476.000000 0.249215 
0.556078 492.000000 0.257592 
0.569804 457.000000 0.239267 
0.554902 495.000000 0.259162 
0.563922 472.000000 0.247120 
0.562353 476.000000 0.249215 
0.556863 490.000000 0.256545 
0.561176 479.000000 0.250785 
0.554118 497.000000 0.260209 
0.561569 478.000000 0.250262 
0.552549 501.000000 0.262304 
0.559608 483.000000 0.252880 
0.567843 462.000000 0.241885 
0.559608 483.000000 0.252880 
0.563922 472.000000 0.247120 
0.563922 472.000000 0.247120 
0.561569 478.000000 0.250262 
0.561176 479.000000 0.250785 
0.561176 479.000000 0.250785 
0.560392 481.000000 0.251832 
0.563922 472.000000 0.247120 
0.560784 480.000000 0.251309 
0.565098 469.000000 0.245550 
0.574118 446.000000 0.233508 
0.554510 496.000000 0.259686 
0.561176 479.000000 0.250785 
0.556471 491.000000 0.257068 
0.554510 496.000000 0.259686 
0.566275 466.000000 0.243979 
0.563922 472.000000 0.247120 
0.564314 471.000000 0.246597 
0.561176 479.000000 0.250785 
0.560784 480.000000 0.251309 
0.561961 477.000000 0.249738 
0.556863 490.000000 0.256545 
0.562745 475.000000 0.248691 
0.561961 477.000000 0.249738 
0.565882 467.000000 0.244503 
0.556078 492.000000 0.257592 
0.559216 484.000000 0.253403 
0.563137 474.000000 0.248168 
0.557647 488.000000 0.255497 
0.561961 477.000000 0.249738 
0.566275 466.000000 0.243979 
0.558824 485.000000 0.253927 
0.565490 468.000000 0.245026 
0.557647 488.000000 0.255497 
0.565882 467.000000 0.244503 
0.564706 470.000000 0.246073 
0.562353 476.000000 0.249215 
0.559216 484.000000 0.253403 
0.565098 469.000000 0.245550 
0.558824 485.000000 0.253927 
0.562745 475.000000 0.248691 
0.558431 486.000000 0.254450 
0.558824 485.000000 0.253927 
0.560000 482.000000 0.252356 
0.558039 487.000000 0.254974 
0.561176 479.000000 0.250785 
0.561176 479.000000 0.250785 
0.558431 486.000000 0.254450 
0.560392 481.000000 0.251832 
0.561961 477.000000 0.249738 
0.562353 476.000000 0.249215 
0.563137 474.000000 0.248168 
0.562353 476.000000 0.249215 
0.561961 477.000000 0.249738 
0.566667 465.000000 0.243455 
0.559608 483.000000 0.252880 
0.556863 490.000000 0.256545 
0.558039 487.000000 0.254974 
0.559608 483.000000 0.252880 
0.562745 475.000000 0.248691 
0.564314 471.000000 0.246597 
0.556863 490.000000 0.256545 
0.556863 490.000000 0.256545 
0.556863 490.000000 0.256545 
0.559608 483.000000 0.252880 
0.565882 467.000000 0.244503 
0.565098 469.000000 0.245550 
0.559216 484.000000 0.253403 
0.562353 476.000000 0.249215 
0.555294 494.000000 0.258639 
0.555294 494.000000 0.258639 
0.562353 476.000000 0.249215 
0.558824 485.000000 0.253927 
0.563922 472.000000 0.247120 
0.568235 461.000000 0.241361 
0.560000 482.000000 0.252356 
0.558431 486.000000 0.254450 
0.563137 474.000000 0.248168 
0.561176 479.000000 0.250785 
0.560392 481.000000 0.251832 
0.561176 479.000000 0.250785 
0.561176 479.000000 0.250785 
0.564706 470.000000 0.246073 
0.556471 491.000000 0.257068 
0.561961 477.000000 0.249738 
0.559216 484.000000 0.253403 
0.558824 485.000000 0.253927 
0.563137 474.000000 0.248168 
0.564314 471.000000 0.246597 
0.560000 482.000000 0.252356 
0.559216 484.000000 0.253403 
0.557255 489.000000 0.256021 
0.558039 487.000000 0.254974 
0.559216 484.000000 0.253403 
0.558824 485.000000 0.253927 
0.558039 487.000000 0.254974 
0.560392 481.000000 0.251832 
0.568627 460.000000 0.240838 
0.563922 472.000000 0.247120 
0.557255 489.000000 0.256021 
0.561176 479.000000 0.250785 
0.560784 480.000000 0.251309 
0.567451 463.000000 0.242408 
0.559608 483.000000 0.252880 
0.561176 479.000000 0.250785 
0.556078 492.000000 0.257592 
0.559608 483.000000 0.252880 
0.558431 486.000000 0.254450 
0.562745 475.000000 0.248691 
0.564314 471.000000 0.246597 
0.558431 486.000000 0.254450 
0.556078 492.000000 0.257592 
0.559216 484.000000 0.253403 
0.566667 465.000000 0.243455 
0.565882 467.000000 0.244503 
0.558039 487.000000 0.254974 
0.556863 490.000000 0.256545 
0.561569 478.000000 0.250262 
0.555686 493.000000 0.258115 
0.560392 481.000000 0.251832 
0.562353 476.000000 0.249215 
0.559608 483.000000 0.252880 
0.558431 486.000000 0.254450 
0.560392 481.000000 0.251832 
0.556471 491.000000 0.257068 
0.563529 473.000000 0.247644 
0.549804 508.000000 0.265969 
0.559608 483.000000 0.252880 
0.558824 485.000000 0.253927 
0.567451 463.000000 0.242408 
0.559608 483.000000 0.252880 
0.554510 496.000000 0.259686 
0.565882 467.000000 0.244503 
0.561176 479.000000 0.250785 
0.566275 466.000000 0.243979 
0.562745 475.000000 0.248691 
0.565882 467.000000 0.244503 
0.562745 475.000000 0.248691 
0.569020 459.000000 0.240314 
0.561961 477.000000 0.249738 
0.565098 469.000000 0.245550 
0.565882 467.000000 0.244503 
0.553333 499.000000 0.261257 
0.557255 489.000000 0.256021 
0.555294 494.000000 0.258639 
0.561569 478.000000 0.250262 
0.560784 480.000000 0.251309 
0.562745 475.000000 0.248691 
0.553725 498.000000 0.260733 
0.564706 470.000000 0.246073 
0.564314 471.000000 0.246597 
0.555294 494.000000 0.258639 
0.563529 473.000000 0.247644 
0.564314 471.000000 0.246597 
0.556078 492.000000 0.257592 
0.558039 487.000000 0.254974 
0.563922 472.000000 0.247120 
0.556471 491.000000 0.257068 
0.560784 480.000000 0.251309 
0.558039 487.000000 0.254974 
0.557255 489.000000 0.256021 
0.565490 468.000000 0.245026 
0.561176 479.000000 0.250785 
0.565490 468.000000 0.245026 
0.565882 467.000000 0.244503 
0.564314 471.000000 0.246597 
0.561569 478.000000 0.250262 
0.564314 471.000000 0.246597 
0.567059 464.000000 0.242932 
0.561961 477.000000 0.249738 
0.565882 467.000000 0.244503 
0.559216 484.000000 0.253403 
0.561569 478.000000 0.250262 
0.565098 469.000000 0.245550 
0.561569 478.000000 0.250262 
0.561176 479.000000 0.250785 
0.561176 479.000000 0.250785 
0.562353 476.000000 0.249215 
0.558039 487.000000 0.254974 
0.562353 476.000000 0.249215 
0.563922 472.000000 0.247120 
0.558431 486.000000 0.254450 
0.558431 486.000000 0.254450 
0.565882 467.000000 0.244503 
0.563922 472.000000 0.247120 
0.554118 497.000000 0.260209 
0.565490 468.000000 0.245026 
0.561176 479.000000 0.250785 
0.561569 478.000000 0.250262 
0.564706 470.000000 0.246073 
0.559608 483.000000 0.252880 
0.560000 482.000000 0.252356 
0.565882 467.000000 0.244503 
0.554510 496.000000 0.259686 
0.564314 471.000000 0.246597 
0.560784 480.000000 0.251309 
0.556471 491.000000 0.257068 
0.552941 500.000000 0.261780 
0.563922 472.000000 0.247120 
0.567843 462.000000 0.241885 
0.558824 485.000000 0.253927 
0.563137 474.000000 0.248168 
0.556863 490.000000 0.256545 
0.558824 485.000000 0.253927 
0.562353 476.000000 0.249215 
0.569020 459.000000 0.240314 
0.556863 490.000000 0.256545 
0.570196 456.000000 0.238743 
0.562353 476.000000 0.249215 
0.560784 480.000000 0.251309 
0.558431 486.000000 0.254450 
0.557255 489.000000 0.256021 
0.561176 479.000000 0.250785 
0.565490 468.000000 0.245026 
0.556863 490.000000 0.256545 
0.559608 483.000000 0.252880 
0.557255 489.000000 0.256021 
0.567451 463.000000 0.242408 
0.560784 480.000000 0.251309 
0.565098 469.000000 0.245550 
0.563137 474.000000 0.248168 
0.559216 484.000000 0.253403 
0.554510 496.000000 0.259686 
0.560392 481.000000 0.251832 
0.559608 483.000000 0.252880 
0.564706 470.000000 0.246073 
0.560392 481.000000 0.251832 
0.561569 478.000000 0.250262 
0.561961 477.000000 0.249738 
0.564706 470.000000 0.246073 
0.568235 461.000000 0.241361 
0.561961 477.000000 0.249738 
0.560392 481.000000 0.251832 
0.566275 466.000000 0.243979 
0.565882 467.000000 0.244503 
0.557647 488.000000 0.255497 
0.561569 478.000000 0.250262 
0.564706 470.000000 0.246073 
0.561176 479.000000 0.250785 
0.567843 462.000000 0.241885 
0.560392 481.000000 0.251832 
0.566667 465.000000 0.243455 
0.559608 483.000000 0.252880 
0.558039 487.000000 0.254974 
0.563922 472.000000 0.247120 
0.563529 473.000000 0.247644 
0.558824 485.000000 0.253927 
0.555686 493.000000 0.258115 
0.560000 482.000000 0.252356 
0.557255 489.000000 0.256021 
0.560000 482.000000 0.252356 
0.564314 471.000000 0.246597 
0.562353 476.000000 0.249215 
0.560784 480.000000 0.251309 
0.560392 481.000000 0.251832 
0.560392 481.000000 0.251832 
0.562353 476.000000 0.249215 
0.564706 470.000000 0.246073 
0.559216 484.000000 0.253403 
0.555686 493.000000 0.258115 
0.562745 475.000000 0.248691 
0.562745 475.000000 0.248691 
0.565490 468.000000 0.245026 
0.556471 491.000000 0.257068 
0.561961 477.000000 0.249738 
0.562745 475.000000 0.248691 
0.563137 474.000000 0.248168 
0.561176 479.000000 0.250785 
0.561569 478.000000 0.250262 
0.561176 479.000000 0.250785 
0.561961 477.000000 0.249738 
0.560784 480.000000 0.251309 
0.559216 484.000000 0.253403 
0.558039 487.000000 0.254974 
0.558431 486.000000 0.254450 
0.559608 483.000000 0.252880 
0.561176 479.000000 0.250785 
0.561176 479.000000 0.250785 
0.565098 469.000000 0.245550 
0.561961 477.000000 0.249738 
0.565490 468.000000 0.245026 
0.557647 488.000000 0.255497 
0.557647 488.000000 0.255497 
0.559216 484.000000 0.253403 
0.551765 503.000000 0.263351 
0.560784 480.000000 0.251309 
0.561569 478.000000 0.250262 
0.558824 485.000000 0.253927 
0.561569 478.000000 0.250262 
0.561176 479.000000 0.250785 
0.563137 474.000000 0.248168 
0.569412 458.000000 0.239791 
0.565882 467.000000 0.244503 
0.563529 473.000000 0.247644 
0.560392 481.000000 0.251832 
0.558039 487.000000 0.254974 
0.556078 492.000000 0.257592 
0.562745 475.000000 0.248691 
0.565882 467.000000 0.244503 
0.565490 468.000000 0.245026 
0.560392 481.000000 0.251832 
0.563529 473.000000 0.247644 
0.564706 470.000000 0.246073 
0.554118 497.000000 0.260209 
0.564314 471.000000 0.246597 
0.561569 478.000000 0.250262 
0.560392 481.000000 0.251832 
0.564706 470.000000 0.246073 
0.557255 489.000000 0.256021 
0.558039 487.000000 0.254974 
0.562745 475.000000 0.248691 
0.565882 467.000000 0.244503 
0.552157 502.000000 0.262827 
0.561176 479.000000 0.250785 
0.557647 488.000000 0.255497 
0.567059 464.000000 0.242932 
0.565882 467.000000 0.244503 
0.567059 464.000000 0.242932 
0.557255 489.000000 0.256021 
0.558039 487.000000 0.254974 
0.556471 491.000000 0.257068 
0.559608 483.000000 0.252880 
0.567843 462.000000 0.241885 
0.566275 466.000000 0.243979 
0.560000 482.000000 0.252356 
0.565098 469.000000 0.245550 
0.561569 478.000000 0.250262 
0.565882 467.000000 0.244503 
0.563529 473.000000 0.247644 
0.562353 476.000000 0.249215 
0.557255 489.000000 0.256021 
0.565882 467.000000 0.244503 
0.565882 467.000000 0.244503 
0.558039 487.000000 0.254974 
0.563922 472.000000 0.247120 
0.558824 485.000000 0.253927 
0.556863 490.000000 0.256545 
0.565490 468.000000 0.245026 
0.564706 470.000000 0.246073 
0.559608 483.000000 0.252880 
0.548235 512.000000 0.268063 
0.558039 487.000000 0.254974 
0.556078 492.000000 0.257592 
0.561961 477.000000 0.249738 
0.556863 490.000000 0.256545 
0.562353 476.000000 0.249215 
0.561961 477.000000 0.249738 
0.563922 472.000000 0.247120 
0.561569 478.000000 0.250262 
0.563529 473.000000 0.247644 
0.555686 493.000000 0.258115 
0.561176 479.000000 0.250785 
0.560784 480.000000 0.251309 
0.564706 470.000000 0.246073 
0.555294 494.000000 0.258639 
0.558824 485.000000 0.253927 
0.557647 488.000000 0.255497 
0.562353 476.000000 0.249215 
0.558039 487.000000 0.254974 
0.563529 473.000000 0.247644 
0.567059 464.000000 0.242932 
0.565098 469.000000 0.245550 
0.559608 483.000000 0.252880 
0.563922 472.000000 0.247120 
0.560784 480.000000 0.251309 
0.557255 489.000000 0.256021 
0.568627 460.000000 0.240838 
0.565882 467.000000 0.244503 
0.562353 476.000000 0.249215 
0.567059 464.000000 0.242932 
0.564314 471.000000 0.246597 
0.561569 478.000000 0.250262 
0.569020 459.000000 0.240314 
0.562745 475.000000 0.248691 
0.567843 462.000000 0.241885 
0.556471 491.000000 0.257068 
0.560392 481.000000 0.251832 
0.569412 458.000000 0.239791 
0.558431 486.000000 0.254450 
0.554510 496.000000 0.259686 
0.568627 460.000000 0.240838 
0.561569 478.000000 0.250262 
0.560784 480.000000 0.251309 
0.555686 493.000000 0.258115 
0.560784 480.000000 0.251309 
0.563137 474.000000 0.248168 
0.563137 474.000000 0.248168 
0.567059 464.000000 0.242932 
0.555686 493.000000 0.258115 
0.561961 477.000000 0.249738 
0.558431 486.000000 0.254450 
0.564706 470.000000 0.246073 
0.565098 469.000000 0.245550 
0.564314 471.000000 0.246597 
0.562353 476.000000 0.249215 
0.563529 473.000000 0.247644 
0.561176 479.000000 0.250785 
0.563529 473.000000 0.247644 
0.559216 484.000000 0.253403 
0.561176 479.000000 0.250785 
0.566667 465.000000 0.243455 
0.561961 477.000000 0.249738 
0.562745 475.000000 0.248691 
0.563922 472.000000 0.247120 
0.557255 489.000000 0.256021 
0.561176 479.000000 0.250785 
0.563529 473.000000 0.247644 
0.569020 459.000000 0.240314 
0.569412 458.000000 0.239791 
0.556471 491.000000 0.257068 
0.556078 492.000000 0.257592 
0.556863 490.000000 0.256545 
0.559608 483.000000 0.252880 
0.565490 468.000000 0.245026 
0.560000 482.000000 0.252356 
0.556078 492.000000 0.257592 
0.560392 481.000000 0.251832 
0.561569 478.000000 0.250262 
0.564314 471.000000 0.246597 
0.569020 459.000000 0.240314 
0.557647 488.000000 0.255497 
0.558824 485.000000 0.253927 
0.562353 476.000000 0.249215 
0.562353 476.000000 0.249215 
0.565882 467.000000 0.244503 
0.563137 474.000000 0.248168 
0.561569 478.000000 0.250262 
0.562353 476.000000 0.249215 
0.557255 489.000000 0.256021 
0.560000 482.000000 0.252356 
0.564706 470.000000 0.246073 
0.564706 470.000000 0.246073 
0.569020 459.000000 0.240314 
0.568235 461.000000 0.241361 
0.563922 472.000000 0.247120 
0.564314 471.000000 0.246597 
0.564706 470.000000 0.246073 
0.558824 485.000000 0.253927 
0.560000 482.000000 0.252356 
0.560392 481.000000 0.251832 
0.563529 473.000000 0.247644 
0.558431 486.000000 0.254450 
0.559216 484.000000 0.253403 
0.559608 483.000000 0.252880 
0.566667 465.000000 0.243455 
0.566275 466.000000 0.243979 
0.557647 488.000000 0.255497 
0.567843 462.000000 0.241885 
0.562745 475.000000 0.248691 
0.558039 487.000000 0.254974 
0.567451 463.000000 0.242408 
0.562745 475.000000 0.248691 
0.558039 487.000000 0.254974 
0.556471 491.000000 0.257068 
0.554510 496.000000 0.259686 
0.562745 475.000000 0.248691 
0.558039 487.000000 0.254974 
0.563137 474.000000 0.248168 
0.559608 483.000000 0.252880 
0.557647 488.000000 0.255497 
0.557255 489.000000 0.256021 
0.560000 482.000000 0.252356 
0.557255 489.000000 0.256021 
0.563137 474.000000 0.248168 
0.564314 471.000000 0.246597 
0.569412 458.000000 0.239791 
0.564314 471.000000 0.246597 
0.563137 474.000000 0.248168 
0.557255 489.000000 0.256021 
0.561961 477.000000 0.249738 
0.561569 478.000000 0.250262 
0.563137 474.000000 0.248168 
0.564314 471.000000 0.246597 
0.565490 468.000000 0.245026 
0.566275 466.000000 0.243979 
0.560392 481.000000 0.251832 
0.562353 476.000000 0.249215 
0.551373 504.000000 0.263874 
0.562745 475.000000 0.248691 
0.559216 484.000000 0.253403 
0.560392 481.000000 0.251832 
0.558824 485.000000 0.253927 
0.563529 473.000000 0.247644 
0.560392 481.000000 0.251832 
0.565098 469.000000 0.245550 
0.559608 483.000000 0.252880 
0.561176 479.000000 0.250785 
0.560392 481.000000 0.251832 
0.562353 476.000000 0.249215 
0.567843 462.000000 0.241885 
0.565882 467.000000 0.244503 
0.567843 462.000000 0.241885 
0.565098 469.000000 0.245550 
0.565098 469.000000 0.245550 
0.566275 466.000000 0.243979 
0.556078 492.000000 0.257592 
0.563529 473.000000 0.247644 
0.559216 484.000000 0.253403 
0.564706 470.000000 0.246073 
0.569020 459.000000 0.240314 
0.563137 474.000000 0.248168 
0.558431 486.000000 0.254450 
0.563529 473.000000 0.247644 
0.560000 482.000000 0.252356 
0.556863 490.000000 0.256545 
0.565490 468.000000 0.245026 
0.556863 490.000000 0.256545 
0.565882 467.000000 0.244503 
0.557255 489.000000 0.256021 
0.553725 498.000000 0.260733 
0.561961 477.000000 0.249738 
0.559608 483.000000 0.252880 
0.560784 480.000000 0.251309 
0.561569 478.000000 0.250262 
0.562745 475.000000 0.248691 
0.557255 489.000000 0.256021 
0.558824 485.000000 0.253927 
0.563137 474.000000 0.248168 
0.564314 471.000000 0.246597 
0.558431 486.000000 0.254450 
0.564314 471.000000 0.246597 
0.563922 472.000000 0.247120 
0.556078 492.000000 0.257592 
0.565098 469.000000 0.245550 
0.558431 486.000000 0.254450 
0.567059 464.000000 0.242932 
0.560392 481.000000 0.251832 
0.565490 468.000000 0.245026 
0.562745 475.000000 0.248691 
0.567059 464.000000 0.242932 
0.560784 480.000000 0.251309 
0.562353 476.000000 0.249215 
0.561569 478.000000 0.250262 
0.557647 488.000000 0.255497 
0.566667 465.000000 0.243455 
0.565098 469.000000 0.245550 
0.558039 487.000000 0.254974 
0.560000 482.000000 0.252356 
0.563922 472.000000 0.247120 
0.564314 471.000000 0.246597 
0.566667 465.000000 0.243455 
0.565098 469.000000 0.245550 
0.563137 474.000000 0.248168 
0.561961 477.000000 0.249738 
0.561176 479.000000 0.250785 
0.555686 493.000000 0.258115 
0.562353 476.000000 0.249215 
0.565098 469.000000 0.245550 
0.566275 466.000000 0.243979 
0.559608 483.000000 0.252880 
0.554510 496.000000 0.259686 
0.560392 481.000000 0.251832 
0.555686 493.000000 0.258115 
0.556078 492.000000 0.257592 
0.563922 472.000000 0.247120 
0.566275 466.000000 0.243979 
0.561961 477.000000 0.249738 
0.560392 481.000000 0.251832 
0.562745 475.000000 0.248691 
0.554902 495.000000 0.259162 
0.562745 475.000000 0.248691 
0.560784 480.000000 0.251309 
0.562745 475.000000 0.248691 
0.562745 475.000000 0.248691 
0.552157 502.000000 0.262827 
0.556863 490.000000 0.256545 
0.557647 488.000000 0.255497 
0.563922 472.000000 0.247120 
0.565882 467.000000 0.244503 
0.564314 471.000000 0.246597 
0.562353 476.000000 0.249215 
0.562745 475.000000 0.248691 
0.556863 490.000000 0.256545 
0.567059 464.000000 0.242932 
0.563529 473.000000 0.247644 
0.555686 493.000000 0.258115 
0.558039 487.000000 0.254974 
0.565098 469.000000 0.245550 
0.561961 477.000000 0.249738 
0.556863 490.000000 0.256545 
0.561961 477.000000 0.249738 
0.560784 480.000000 0.251309 
0.565490 468.000000 0.245026 
0.559216 484.000000 0.253403 
0.556078 492.000000 0.257592 
0.563529 473.000000 0.247644 
0.565882 467.000000 0.244503 
0.563922 472.000000 0.247120 
0.566667 465.000000 0.243455 
0.556078 492.000000 0.257592 
0.554902 495.000000 0.259162 
0.563922 472.000000 0.247120 
0.557255 489.000000 0.256021 
0.566275 466.000000 0.243979 
0.563529 473.000000 0.247644 
0.563529 473.000000 0.247644 
0.565098 469.000000 0.245550 
0.562353 476.000000 0.249215 
0.554902 495.000000 0.259162 
0.561569 478.000000 0.250262 
0.563922 472.000000 0.247120 
0.565490 468.000000 0.245026 
