0.373417 4687.000000 0.273119 
0.371262 4759.000000 0.277315 
0.372190 4728.000000 0.275508 
0.373926 4670.000000 0.272129 
0.371172 4762.000000 0.277490 
0.373297 4691.000000 0.273352 
0.372429 4720.000000 0.275042 
0.372250 4726.000000 0.275392 
0.373746 4676.000000 0.272478 
0.374734 4643.000000 0.270555 
0.373627 4680.000000 0.272711 
0.375423 4620.000000 0.269215 
0.370424 4787.000000 0.278946 
0.373088 4698.000000 0.273760 
0.373327 4690.000000 0.273294 
0.370813 4774.000000 0.278189 
0.372369 4722.000000 0.275159 
0.374674 4645.000000 0.270672 
0.372968 4702.000000 0.273993 
0.373327 4690.000000 0.273294 
0.372010 4734.000000 0.275858 
0.373717 4677.000000 0.272537 
0.372489 4718.000000 0.274926 
0.371322 4757.000000 0.277198 
0.373297 4691.000000 0.273352 
0.372280 4725.000000 0.275334 
0.374195 4661.000000 0.271604 
0.374106 4664.000000 0.271779 
0.372729 4710.000000 0.274460 
0.372848 4706.000000 0.274226 
0.373028 4700.000000 0.273877 
0.373657 4679.000000 0.272653 
0.373447 4686.000000 0.273061 
0.372878 4705.000000 0.274168 
0.373297 4691.000000 0.273352 
0.373088 4698.000000 0.273760 
0.372848 4706.000000 0.274226 
0.372669 4712.000000 0.274576 
0.374255 4659.000000 0.271488 
0.374645 4646.000000 0.270730 
0.371711 4744.000000 0.276441 
0.371890 4738.000000 0.276091 
0.372699 4711.000000 0.274518 
0.371471 4752.000000 0.276907 
0.372729 4710.000000 0.274460 
0.372549 4716.000000 0.274809 
0.372729 4710.000000 0.274460 
0.371232 4760.000000 0.277373 
0.374046 4666.000000 0.271896 
0.371771 4742.000000 0.276324 
0.373267 4692.000000 0.273411 
0.371890 4738.000000 0.276091 
0.375183 4628.000000 0.269681 
0.370813 4774.000000 0.278189 
0.372070 4732.000000 0.275742 
0.372399 4721.000000 0.275101 
0.373477 4685.000000 0.273003 
0.373447 4686.000000 0.273061 
0.373148 4696.000000 0.273644 
0.375123 4630.000000 0.269798 
0.373717 4677.000000 0.272537 
0.373687 4678.000000 0.272595 
0.374854 4639.000000 0.270322 
0.373088 4698.000000 0.273760 
0.373477 4685.000000 0.273003 
0.372070 4732.000000 0.275742 
0.371501 4751.000000 0.276849 
0.373178 4695.000000 0.273585 
0.372100 4731.000000 0.275683 
0.372848 4706.000000 0.274226 
0.373776 4675.000000 0.272420 
0.372040 4733.000000 0.275800 
0.374375 4655.000000 0.271255 
0.372040 4733.000000 0.275800 
0.371681 4745.000000 0.276499 
0.373387 4688.000000 0.273178 
0.372789 4708.000000 0.274343 
0.371950 4736.000000 0.275975 
0.373387 4688.000000 0.273178 
0.372609 4714.000000 0.274693 
0.371382 4755.000000 0.277082 
0.371441 4753.000000 0.276965 
0.373238 4693.000000 0.273469 
0.373687 4678.000000 0.272595 
0.368538 4850.000000 0.282618 
0.372579 4715.000000 0.274751 
0.372729 4710.000000 0.274460 
0.374285 4658.000000 0.271429 
0.372220 4727.000000 0.275450 
0.371411 4754.000000 0.277023 
0.370034 4800.000000 0.279704 
0.372459 4719.000000 0.274984 
0.371831 4740.000000 0.276208 
0.372789 4708.000000 0.274343 
0.372789 4708.000000 0.274343 
0.371890 4738.000000 0.276091 
0.372579 4715.000000 0.274751 
0.373477 4685.000000 0.273003 
0.372579 4715.000000 0.274751 
0.373357 4689.000000 0.273236 
0.370034 4800.000000 0.279704 
0.372310 4724.000000 0.275275 
0.371411 4754.000000 0.277023 
0.371651 4746.000000 0.276557 
0.372579 4715.000000 0.274751 
0.373208 4694.000000 0.273527 
0.370543 4783.000000 0.278713 
0.374495 4651.000000 0.271022 
0.371352 4756.000000 0.277140 
0.372699 4711.000000 0.274518 
0.373447 4686.000000 0.273061 
0.372729 4710.000000 0.274460 
0.372968 4702.000000 0.273993 
0.371352 4756.000000 0.277140 
0.372938 4703.000000 0.274052 
0.371561 4749.000000 0.276732 
0.372280 4725.000000 0.275334 
0.371561 4749.000000 0.276732 
0.372908 4704.000000 0.274110 
0.372549 4716.000000 0.274809 
0.375303 4624.000000 0.269448 
0.372399 4721.000000 0.275101 
0.371262 4759.000000 0.277315 
0.372639 4713.000000 0.274634 
0.373148 4696.000000 0.273644 
0.373507 4684.000000 0.272944 
0.372010 4734.000000 0.275858 
0.371651 4746.000000 0.276557 
0.371681 4745.000000 0.276499 
0.371082 4765.000000 0.277664 
0.373896 4671.000000 0.272187 
0.373178 4695.000000 0.273585 
0.372818 4707.000000 0.274285 
0.374555 4649.000000 0.270905 
0.372310 4724.000000 0.275275 
0.371681 4745.000000 0.276499 
0.374016 4667.000000 0.271954 
0.371980 4735.000000 0.275916 
0.373118 4697.000000 0.273702 
0.372998 4701.000000 0.273935 
0.374285 4658.000000 0.271429 
0.374255 4659.000000 0.271488 
0.374255 4659.000000 0.271488 
0.371382 4755.000000 0.277082 
0.373267 4692.000000 0.273411 
0.372699 4711.000000 0.274518 
0.371681 4745.000000 0.276499 
0.374405 4654.000000 0.271196 
0.372579 4715.000000 0.274751 
0.372699 4711.000000 0.274518 
0.370633 4780.000000 0.278539 
0.371561 4749.000000 0.276732 
0.370364 4789.000000 0.279063 
0.371771 4742.000000 0.276324 
0.371352 4756.000000 0.277140 
0.370693 4778.000000 0.278422 
0.372609 4714.000000 0.274693 
0.372639 4713.000000 0.274634 
0.374046 4666.000000 0.271896 
0.371262 4759.000000 0.277315 
0.373327 4690.000000 0.273294 
0.373417 4687.000000 0.273119 
0.371860 4739.000000 0.276149 
0.373866 4672.000000 0.272245 
0.373208 4694.000000 0.273527 
0.374645 4646.000000 0.270730 
0.373148 4696.000000 0.273644 
0.373806 4674.000000 0.272362 
0.371980 4735.000000 0.275916 
0.372100 4731.000000 0.275683 
0.370513 4784.000000 0.278772 
0.370274 4792.000000 0.279238 
0.371801 4741.000000 0.276266 
0.371501 4751.000000 0.276849 
0.371411 4754.000000 0.277023 
0.372579 4715.000000 0.274751 
0.373118 4697.000000 0.273702 
0.370723 4777.000000 0.278364 
0.372699 4711.000000 0.274518 
0.375213 4627.000000 0.269623 
0.373357 4689.000000 0.273236 
0.371771 4742.000000 0.276324 
0.374225 4660.000000 0.271546 
0.371322 4757.000000 0.277198 
0.371112 4764.000000 0.277606 
0.371771 4742.000000 0.276324 
0.370483 4785.000000 0.278830 
0.372968 4702.000000 0.273993 
0.372609 4714.000000 0.274693 
0.371082 4765.000000 0.277664 
0.373327 4690.000000 0.273294 
0.374046 4666.000000 0.271896 
0.372549 4716.000000 0.274809 
0.371591 4748.000000 0.276674 
0.372549 4716.000000 0.274809 
0.370932 4770.000000 0.277956 
0.375453 4619.000000 0.269157 
0.372339 4723.000000 0.275217 
0.373238 4693.000000 0.273469 
0.372759 4709.000000 0.274401 
0.369376 4822.000000 0.280986 
0.370573 4782.000000 0.278655 
0.372639 4713.000000 0.274634 
0.372729 4710.000000 0.274460 
0.373507 4684.000000 0.272944 
0.371262 4759.000000 0.277315 
0.373507 4684.000000 0.272944 
0.370873 4772.000000 0.278072 
0.371022 4767.000000 0.277781 
0.373028 4700.000000 0.273877 
0.370992 4768.000000 0.277839 
0.372908 4704.000000 0.274110 
0.373387 4688.000000 0.273178 
0.373357 4689.000000 0.273236 
0.372280 4725.000000 0.275334 
0.370543 4783.000000 0.278713 
0.371292 4758.000000 0.277257 
0.373657 4679.000000 0.272653 
0.371771 4742.000000 0.276324 
0.372310 4724.000000 0.275275 
0.372040 4733.000000 0.275800 
0.372369 4722.000000 0.275159 
0.372040 4733.000000 0.275800 
0.371591 4748.000000 0.276674 
0.372339 4723.000000 0.275217 
0.370992 4768.000000 0.277839 
0.372489 4718.000000 0.274926 
0.369975 4802.000000 0.279821 
0.370992 4768.000000 0.277839 
0.374016 4667.000000 0.271954 
0.374315 4657.000000 0.271371 
0.371681 4745.000000 0.276499 
0.373178 4695.000000 0.273585 
0.370663 4779.000000 0.278480 
0.372938 4703.000000 0.274052 
0.371172 4762.000000 0.277490 
0.369346 4823.000000 0.281044 
0.371052 4766.000000 0.277723 
0.373477 4685.000000 0.273003 
0.371352 4756.000000 0.277140 
0.369765 4809.000000 0.280228 
0.373477 4685.000000 0.273003 
0.372818 4707.000000 0.274285 
0.371801 4741.000000 0.276266 
0.371711 4744.000000 0.276441 
0.372190 4728.000000 0.275508 
0.370214 4794.000000 0.279354 
0.371411 4754.000000 0.277023 
0.371112 4764.000000 0.277606 
0.374405 4654.000000 0.271196 
0.371352 4756.000000 0.277140 
0.373477 4685.000000 0.273003 
0.372310 4724.000000 0.275275 
0.372878 4705.000000 0.274168 
0.372938 4703.000000 0.274052 
0.374615 4647.000000 0.270788 
0.370064 4799.000000 0.279646 
0.371232 4760.000000 0.277373 
0.370843 4773.000000 0.278131 
0.372339 4723.000000 0.275217 
0.371771 4742.000000 0.276324 
0.372010 4734.000000 0.275858 
0.373537 4683.000000 0.272886 
0.373297 4691.000000 0.273352 
0.374195 4661.000000 0.271604 
0.372848 4706.000000 0.274226 
0.374704 4644.000000 0.270614 
0.372369 4722.000000 0.275159 
0.372130 4730.000000 0.275625 
0.375034 4633.000000 0.269973 
0.372908 4704.000000 0.274110 
0.371382 4755.000000 0.277082 
0.371322 4757.000000 0.277198 
0.371531 4750.000000 0.276790 
0.371352 4756.000000 0.277140 
0.371561 4749.000000 0.276732 
0.372070 4732.000000 0.275742 
0.371232 4760.000000 0.277373 
0.372429 4720.000000 0.275042 
0.374555 4649.000000 0.270905 
0.372369 4722.000000 0.275159 
0.373537 4683.000000 0.272886 
0.372369 4722.000000 0.275159 
0.372250 4726.000000 0.275392 
0.375513 4617.000000 0.269040 
0.372250 4726.000000 0.275392 
0.369166 4829.000000 0.281394 
0.372579 4715.000000 0.274751 
0.369855 4806.000000 0.280054 
0.372339 4723.000000 0.275217 
0.374255 4659.000000 0.271488 
0.372579 4715.000000 0.274751 
0.371920 4737.000000 0.276033 
0.371082 4765.000000 0.277664 
0.373447 4686.000000 0.273061 
0.370124 4797.000000 0.279529 
0.371232 4760.000000 0.277373 
0.371382 4755.000000 0.277082 
0.373477 4685.000000 0.273003 
0.372908 4704.000000 0.274110 
0.370813 4774.000000 0.278189 
0.371771 4742.000000 0.276324 
0.374824 4640.000000 0.270381 
0.371681 4745.000000 0.276499 
0.373836 4673.000000 0.272303 
0.375393 4621.000000 0.269273 
0.374016 4667.000000 0.271954 
0.376081 4598.000000 0.267933 
0.372579 4715.000000 0.274751 
0.372369 4722.000000 0.275159 
0.372639 4713.000000 0.274634 
0.371651 4746.000000 0.276557 
0.370394 4788.000000 0.279005 
0.370962 4769.000000 0.277898 
0.371172 4762.000000 0.277490 
0.373477 4685.000000 0.273003 
0.372669 4712.000000 0.274576 
0.372669 4712.000000 0.274576 
0.374585 4648.000000 0.270847 
0.371561 4749.000000 0.276732 
0.372938 4703.000000 0.274052 
0.374405 4654.000000 0.271196 
0.375752 4609.000000 0.268574 
0.373267 4692.000000 0.273411 
0.370903 4771.000000 0.278014 
0.371411 4754.000000 0.277023 
0.372938 4703.000000 0.274052 
0.371232 4760.000000 0.277373 
0.372489 4718.000000 0.274926 
0.372100 4731.000000 0.275683 
0.372609 4714.000000 0.274693 
0.372220 4727.000000 0.275450 
0.372100 4731.000000 0.275683 
0.370753 4776.000000 0.278305 
0.374555 4649.000000 0.270905 
0.371262 4759.000000 0.277315 
0.373178 4695.000000 0.273585 
0.373507 4684.000000 0.272944 
0.371980 4735.000000 0.275916 
0.372489 4718.000000 0.274926 
0.372549 4716.000000 0.274809 
0.374345 4656.000000 0.271313 
0.371591 4748.000000 0.276674 
0.372998 4701.000000 0.273935 
0.372908 4704.000000 0.274110 
0.372310 4724.000000 0.275275 
0.373058 4699.000000 0.273819 
0.371950 4736.000000 0.275975 
0.373058 4699.000000 0.273819 
0.373118 4697.000000 0.273702 
0.370543 4783.000000 0.278713 
0.372998 4701.000000 0.273935 
0.373627 4680.000000 0.272711 
0.372130 4730.000000 0.275625 
0.374076 4665.000000 0.271837 
0.373238 4693.000000 0.273469 
0.372310 4724.000000 0.275275 
0.373926 4670.000000 0.272129 
0.372399 4721.000000 0.275101 
0.371411 4754.000000 0.277023 
0.371831 4740.000000 0.276208 
0.373926 4670.000000 0.272129 
0.372519 4717.000000 0.274867 
0.372908 4704.000000 0.274110 
0.372519 4717.000000 0.274867 
0.371352 4756.000000 0.277140 
0.372818 4707.000000 0.274285 
0.373297 4691.000000 0.273352 
0.372190 4728.000000 0.275508 
0.372160 4729.000000 0.275567 
0.374106 4664.000000 0.271779 
0.373387 4688.000000 0.273178 
0.369915 4804.000000 0.279937 
0.373567 4682.000000 0.272828 
0.370992 4768.000000 0.277839 
0.373357 4689.000000 0.273236 
0.374285 4658.000000 0.271429 
0.374525 4650.000000 0.270963 
0.373387 4688.000000 0.273178 
0.371022 4767.000000 0.277781 
0.371711 4744.000000 0.276441 
0.373836 4673.000000 0.272303 
0.372369 4722.000000 0.275159 
0.373387 4688.000000 0.273178 
0.370873 4772.000000 0.278072 
0.373537 4683.000000 0.272886 
0.374734 4643.000000 0.270555 
0.373717 4677.000000 0.272537 
0.372609 4714.000000 0.274693 
0.372369 4722.000000 0.275159 
0.372759 4709.000000 0.274401 
0.372759 4709.000000 0.274401 
0.371082 4765.000000 0.277664 
0.374495 4651.000000 0.271022 
0.372848 4706.000000 0.274226 
0.371561 4749.000000 0.276732 
0.372220 4727.000000 0.275450 
0.371411 4754.000000 0.277023 
0.373597 4681.000000 0.272770 
0.372549 4716.000000 0.274809 
0.373627 4680.000000 0.272711 
0.375273 4625.000000 0.269506 
0.372579 4715.000000 0.274751 
0.372699 4711.000000 0.274518 
0.371651 4746.000000 0.276557 
0.375123 4630.000000 0.269798 
0.371950 4736.000000 0.275975 
0.373118 4697.000000 0.273702 
0.370783 4775.000000 0.278247 
0.370214 4794.000000 0.279354 
0.370663 4779.000000 0.278480 
0.371501 4751.000000 0.276849 
0.373178 4695.000000 0.273585 
0.371411 4754.000000 0.277023 
0.373148 4696.000000 0.273644 
0.372699 4711.000000 0.274518 
0.372669 4712.000000 0.274576 
0.371471 4752.000000 0.276907 
0.371890 4738.000000 0.276091 
0.372639 4713.000000 0.274634 
0.372070 4732.000000 0.275742 
0.374525 4650.000000 0.270963 
0.373297 4691.000000 0.273352 
0.372339 4723.000000 0.275217 
0.371262 4759.000000 0.277315 
0.372429 4720.000000 0.275042 
0.374884 4638.000000 0.270264 
0.372609 4714.000000 0.274693 
0.371950 4736.000000 0.275975 
0.372848 4706.000000 0.274226 
0.372160 4729.000000 0.275567 
0.372190 4728.000000 0.275508 
0.374495 4651.000000 0.271022 
0.372100 4731.000000 0.275683 
0.375602 4614.000000 0.268865 
0.372489 4718.000000 0.274926 
0.370992 4768.000000 0.277839 
0.374704 4644.000000 0.270614 
0.372908 4704.000000 0.274110 
0.372369 4722.000000 0.275159 
0.370962 4769.000000 0.277898 
0.373597 4681.000000 0.272770 
0.373986 4668.000000 0.272012 
0.372399 4721.000000 0.275101 
0.374136 4663.000000 0.271721 
0.373118 4697.000000 0.273702 
0.371801 4741.000000 0.276266 
0.373717 4677.000000 0.272537 
0.372040 4733.000000 0.275800 
0.372519 4717.000000 0.274867 
0.373447 4686.000000 0.273061 
0.372759 4709.000000 0.274401 
0.372160 4729.000000 0.275567 
0.371591 4748.000000 0.276674 
0.372759 4709.000000 0.274401 
0.370543 4783.000000 0.278713 
0.370543 4783.000000 0.278713 
0.375004 4634.000000 0.270031 
0.372519 4717.000000 0.274867 
0.370394 4788.000000 0.279005 
0.371831 4740.000000 0.276208 
0.373657 4679.000000 0.272653 
0.372789 4708.000000 0.274343 
0.372160 4729.000000 0.275567 
0.371052 4766.000000 0.277723 
0.370394 4788.000000 0.279005 
0.374884 4638.000000 0.270264 
0.373058 4699.000000 0.273819 
0.373627 4680.000000 0.272711 
0.372310 4724.000000 0.275275 
0.371681 4745.000000 0.276499 
0.372639 4713.000000 0.274634 
0.372130 4730.000000 0.275625 
0.372789 4708.000000 0.274343 
0.372429 4720.000000 0.275042 
0.372968 4702.000000 0.273993 
0.369166 4829.000000 0.281394 
0.371711 4744.000000 0.276441 
0.372220 4727.000000 0.275450 
0.372759 4709.000000 0.274401 
0.371801 4741.000000 0.276266 
0.370543 4783.000000 0.278713 
0.371920 4737.000000 0.276033 
0.371501 4751.000000 0.276849 
0.373806 4674.000000 0.272362 
0.372310 4724.000000 0.275275 
0.371172 4762.000000 0.277490 
0.373118 4697.000000 0.273702 
0.371352 4756.000000 0.277140 
0.370753 4776.000000 0.278305 
0.371352 4756.000000 0.277140 
0.372908 4704.000000 0.274110 
0.373238 4693.000000 0.273469 
0.372310 4724.000000 0.275275 
0.371531 4750.000000 0.276790 
0.374734 4643.000000 0.270555 
0.372040 4733.000000 0.275800 
0.374016 4667.000000 0.271954 
0.371322 4757.000000 0.277198 
0.372369 4722.000000 0.275159 
0.370783 4775.000000 0.278247 
0.374345 4656.000000 0.271313 
0.372250 4726.000000 0.275392 
0.371651 4746.000000 0.276557 
0.376081 4598.000000 0.267933 
0.372130 4730.000000 0.275625 
0.370364 4789.000000 0.279063 
0.373417 4687.000000 0.273119 
0.375123 4630.000000 0.269798 
0.372519 4717.000000 0.274867 
0.372459 4719.000000 0.274984 
0.371831 4740.000000 0.276208 
0.371920 4737.000000 0.276033 
0.370244 4793.000000 0.279296 
0.372729 4710.000000 0.274460 
0.373866 4672.000000 0.272245 
0.372968 4702.000000 0.273993 
0.372160 4729.000000 0.275567 
0.372250 4726.000000 0.275392 
0.371292 4758.000000 0.277257 
0.372549 4716.000000 0.274809 
0.372399 4721.000000 0.275101 
0.372639 4713.000000 0.274634 
0.372130 4730.000000 0.275625 
0.371352 4756.000000 0.277140 
0.371591 4748.000000 0.276674 
0.373507 4684.000000 0.272944 
0.372399 4721.000000 0.275101 
0.373687 4678.000000 0.272595 
0.372489 4718.000000 0.274926 
0.372040 4733.000000 0.275800 
0.373657 4679.000000 0.272653 
0.373238 4693.000000 0.273469 
0.370723 4777.000000 0.278364 
0.372280 4725.000000 0.275334 
0.370513 4784.000000 0.278772 
0.372010 4734.000000 0.275858 
0.370723 4777.000000 0.278364 
0.374076 4665.000000 0.271837 
0.371621 4747.000000 0.276616 
0.373297 4691.000000 0.273352 
0.371711 4744.000000 0.276441 
0.373417 4687.000000 0.273119 
0.371651 4746.000000 0.276557 
0.374704 4644.000000 0.270614 
0.372759 4709.000000 0.274401 
0.373058 4699.000000 0.273819 
0.371860 4739.000000 0.276149 
0.373597 4681.000000 0.272770 
0.373238 4693.000000 0.273469 
0.371471 4752.000000 0.276907 
0.371920 4737.000000 0.276033 
0.372459 4719.000000 0.274984 
0.372459 4719.000000 0.274984 
0.371711 4744.000000 0.276441 
0.371142 4763.000000 0.277548 
0.372280 4725.000000 0.275334 
0.373267 4692.000000 0.273411 
0.373028 4700.000000 0.273877 
0.373058 4699.000000 0.273819 
0.373447 4686.000000 0.273061 
0.373238 4693.000000 0.273469 
0.372878 4705.000000 0.274168 
0.372130 4730.000000 0.275625 
0.372280 4725.000000 0.275334 
0.374435 4653.000000 0.271138 
0.371531 4750.000000 0.276790 
0.372310 4724.000000 0.275275 
0.369256 4826.000000 0.281219 
0.371382 4755.000000 0.277082 
0.372998 4701.000000 0.273935 
0.373148 4696.000000 0.273644 
0.372729 4710.000000 0.274460 
0.373267 4692.000000 0.273411 
0.370334 4790.000000 0.279121 
0.373178 4695.000000 0.273585 
0.372968 4702.000000 0.273993 
0.372459 4719.000000 0.274984 
0.372160 4729.000000 0.275567 
0.372100 4731.000000 0.275683 
0.373806 4674.000000 0.272362 
0.372669 4712.000000 0.274576 
0.372609 4714.000000 0.274693 
0.370094 4798.000000 0.279587 
0.373327 4690.000000 0.273294 
0.372190 4728.000000 0.275508 
0.371202 4761.000000 0.277431 
0.372609 4714.000000 0.274693 
0.371681 4745.000000 0.276499 
0.370843 4773.000000 0.278131 
0.372669 4712.000000 0.274576 
0.371441 4753.000000 0.276965 
0.372878 4705.000000 0.274168 
0.373088 4698.000000 0.273760 
0.370394 4788.000000 0.279005 
0.372160 4729.000000 0.275567 
0.372848 4706.000000 0.274226 
0.373687 4678.000000 0.272595 
0.373806 4674.000000 0.272362 
0.372399 4721.000000 0.275101 
0.372789 4708.000000 0.274343 
0.372429 4720.000000 0.275042 
0.372070 4732.000000 0.275742 
0.372010 4734.000000 0.275858 
0.371082 4765.000000 0.277664 
0.372759 4709.000000 0.274401 
0.373717 4677.000000 0.272537 
0.372369 4722.000000 0.275159 
0.370064 4799.000000 0.279646 
0.373387 4688.000000 0.273178 
0.371531 4750.000000 0.276790 
0.374016 4667.000000 0.271954 
0.370783 4775.000000 0.278247 
0.370633 4780.000000 0.278539 
0.371621 4747.000000 0.276616 
0.373627 4680.000000 0.272711 
0.371950 4736.000000 0.275975 
0.372968 4702.000000 0.273993 
0.370603 4781.000000 0.278597 
0.370274 4792.000000 0.279238 
0.370873 4772.000000 0.278072 
0.372938 4703.000000 0.274052 
0.373238 4693.000000 0.273469 
0.372280 4725.000000 0.275334 
0.370753 4776.000000 0.278305 
0.372699 4711.000000 0.274518 
0.371920 4737.000000 0.276033 
0.372339 4723.000000 0.275217 
0.372459 4719.000000 0.274984 
0.372729 4710.000000 0.274460 
0.373148 4696.000000 0.273644 
0.370932 4770.000000 0.277956 
0.372459 4719.000000 0.274984 
0.372040 4733.000000 0.275800 
0.371711 4744.000000 0.276441 
0.375004 4634.000000 0.270031 
0.372250 4726.000000 0.275392 
0.371441 4753.000000 0.276965 
0.371022 4767.000000 0.277781 
0.369825 4807.000000 0.280112 
0.372848 4706.000000 0.274226 
0.375123 4630.000000 0.269798 
0.368897 4838.000000 0.281918 
0.374285 4658.000000 0.271429 
0.372100 4731.000000 0.275683 
0.371621 4747.000000 0.276616 
0.372100 4731.000000 0.275683 
0.374106 4664.000000 0.271779 
0.373507 4684.000000 0.272944 
0.369136 4830.000000 0.281452 
0.373028 4700.000000 0.273877 
0.372130 4730.000000 0.275625 
0.372070 4732.000000 0.275742 
0.376860 4572.000000 0.266418 
0.370184 4795.000000 0.279413 
0.373357 4689.000000 0.273236 
0.372190 4728.000000 0.275508 
0.372280 4725.000000 0.275334 
0.372280 4725.000000 0.275334 
0.373687 4678.000000 0.272595 
0.372938 4703.000000 0.274052 
0.371022 4767.000000 0.277781 
0.371471 4752.000000 0.276907 
0.370992 4768.000000 0.277839 
0.372160 4729.000000 0.275567 
0.371621 4747.000000 0.276616 
0.372968 4702.000000 0.273993 
0.372339 4723.000000 0.275217 
0.371950 4736.000000 0.275975 
0.372250 4726.000000 0.275392 
0.372938 4703.000000 0.274052 
0.371082 4765.000000 0.277664 
0.372639 4713.000000 0.274634 
0.373178 4695.000000 0.273585 
0.370903 4771.000000 0.278014 
0.370214 4794.000000 0.279354 
0.371082 4765.000000 0.277664 
0.371831 4740.000000 0.276208 
0.371292 4758.000000 0.277257 
0.373118 4697.000000 0.273702 
0.370184 4795.000000 0.279413 
0.372040 4733.000000 0.275800 
0.371382 4755.000000 0.277082 
0.373597 4681.000000 0.272770 
0.371591 4748.000000 0.276674 
0.371501 4751.000000 0.276849 
0.371950 4736.000000 0.275975 
0.372280 4725.000000 0.275334 
0.371711 4744.000000 0.276441 
0.371112 4764.000000 0.277606 
0.372818 4707.000000 0.274285 
0.372160 4729.000000 0.275567 
0.373956 4669.000000 0.272070 
0.372220 4727.000000 0.275450 
0.371382 4755.000000 0.277082 
0.370304 4791.000000 0.279180 
0.372459 4719.000000 0.274984 
0.372878 4705.000000 0.274168 
0.374076 4665.000000 0.271837 
0.371471 4752.000000 0.276907 
0.369675 4812.000000 0.280403 
0.372399 4721.000000 0.275101 
0.373597 4681.000000 0.272770 
0.372070 4732.000000 0.275742 
0.374345 4656.000000 0.271313 
0.372459 4719.000000 0.274984 
0.369735 4810.000000 0.280287 
0.374016 4667.000000 0.271954 
0.372429 4720.000000 0.275042 
0.372489 4718.000000 0.274926 
0.370783 4775.000000 0.278247 
0.372310 4724.000000 0.275275 
0.370364 4789.000000 0.279063 
0.371471 4752.000000 0.276907 
0.374974 4635.000000 0.270089 
0.372818 4707.000000 0.274285 
0.374016 4667.000000 0.271954 
0.372818 4707.000000 0.274285 
0.372459 4719.000000 0.274984 
0.373028 4700.000000 0.273877 
0.372579 4715.000000 0.274751 
0.374016 4667.000000 0.271954 
0.372579 4715.000000 0.274751 
0.373956 4669.000000 0.272070 
0.371771 4742.000000 0.276324 
0.372968 4702.000000 0.273993 
0.371202 4761.000000 0.277431 
0.372040 4733.000000 0.275800 
0.372519 4717.000000 0.274867 
0.373657 4679.000000 0.272653 
0.371920 4737.000000 0.276033 
0.372160 4729.000000 0.275567 
0.373028 4700.000000 0.273877 
0.371860 4739.000000 0.276149 
0.369765 4809.000000 0.280228 
0.375722 4610.000000 0.268632 
0.373687 4678.000000 0.272595 
0.372010 4734.000000 0.275858 
0.373238 4693.000000 0.273469 
0.372759 4709.000000 0.274401 
0.372938 4703.000000 0.274052 
0.370513 4784.000000 0.278772 
0.372429 4720.000000 0.275042 
0.370454 4786.000000 0.278888 
0.373028 4700.000000 0.273877 
0.374704 4644.000000 0.270614 
0.371711 4744.000000 0.276441 
0.373806 4674.000000 0.272362 
0.373028 4700.000000 0.273877 
0.372190 4728.000000 0.275508 
0.373297 4691.000000 0.273352 
0.371950 4736.000000 0.275975 
0.371232 4760.000000 0.277373 
0.372250 4726.000000 0.275392 
0.373357 4689.000000 0.273236 
0.374734 4643.000000 0.270555 
0.373477 4685.000000 0.273003 
0.372339 4723.000000 0.275217 
0.374824 4640.000000 0.270381 
0.371561 4749.000000 0.276732 
0.372908 4704.000000 0.274110 
0.373896 4671.000000 0.272187 
0.371741 4743.000000 0.276382 
0.372040 4733.000000 0.275800 
0.372759 4709.000000 0.274401 
0.371651 4746.000000 0.276557 
0.374285 4658.000000 0.271429 
0.373956 4669.000000 0.272070 
0.372609 4714.000000 0.274693 
0.371531 4750.000000 0.276790 
0.373507 4684.000000 0.272944 
0.372280 4725.000000 0.275334 
0.371142 4763.000000 0.277548 
0.373148 4696.000000 0.273644 
0.372878 4705.000000 0.274168 
0.373806 4674.000000 0.272362 
0.373627 4680.000000 0.272711 
0.372160 4729.000000 0.275567 
0.371980 4735.000000 0.275916 
0.373088 4698.000000 0.273760 
0.372759 4709.000000 0.274401 
0.373417 4687.000000 0.273119 
0.372160 4729.000000 0.275567 
0.371741 4743.000000 0.276382 
0.373597 4681.000000 0.272770 
0.374465 4652.000000 0.271080 
0.373208 4694.000000 0.273527 
0.373178 4695.000000 0.273585 
0.372010 4734.000000 0.275858 
0.372579 4715.000000 0.274751 
0.370813 4774.000000 0.278189 
0.373118 4697.000000 0.273702 
0.371501 4751.000000 0.276849 
0.373537 4683.000000 0.272886 
0.371292 4758.000000 0.277257 
0.372848 4706.000000 0.274226 
0.373417 4687.000000 0.273119 
0.372339 4723.000000 0.275217 
0.372848 4706.000000 0.274226 
0.372459 4719.000000 0.274984 
0.371292 4758.000000 0.277257 
0.369196 4828.000000 0.281336 
0.371831 4740.000000 0.276208 
0.372399 4721.000000 0.275101 
0.373657 4679.000000 0.272653 
0.372160 4729.000000 0.275567 
0.375004 4634.000000 0.270031 
0.370723 4777.000000 0.278364 
0.371621 4747.000000 0.276616 
0.371292 4758.000000 0.277257 
0.373896 4671.000000 0.272187 
0.371831 4740.000000 0.276208 
0.371831 4740.000000 0.276208 
0.372070 4732.000000 0.275742 
0.373447 4686.000000 0.273061 
0.374465 4652.000000 0.271080 
0.370154 4796.000000 0.279471 
0.372938 4703.000000 0.274052 
0.374525 4650.000000 0.270963 
0.374285 4658.000000 0.271429 
0.373627 4680.000000 0.272711 
0.373687 4678.000000 0.272595 
0.373058 4699.000000 0.273819 
0.373058 4699.000000 0.273819 
0.372669 4712.000000 0.274576 
0.373956 4669.000000 0.272070 
0.373597 4681.000000 0.272770 
0.372848 4706.000000 0.274226 
0.374674 4645.000000 0.270672 
0.370543 4783.000000 0.278713 
0.373208 4694.000000 0.273527 
0.372968 4702.000000 0.273993 
0.371591 4748.000000 0.276674 
0.371322 4757.000000 0.277198 
0.372010 4734.000000 0.275858 
0.375213 4627.000000 0.269623 
0.373657 4679.000000 0.272653 
0.373238 4693.000000 0.273469 
0.373717 4677.000000 0.272537 
0.373088 4698.000000 0.273760 
0.372369 4722.000000 0.275159 
0.372789 4708.000000 0.274343 
0.372789 4708.000000 0.274343 
0.373537 4683.000000 0.272886 
0.373357 4689.000000 0.273236 
0.374345 4656.000000 0.271313 
0.372878 4705.000000 0.274168 
0.373148 4696.000000 0.273644 
0.370992 4768.000000 0.277839 
0.374525 4650.000000 0.270963 
0.371831 4740.000000 0.276208 
0.372190 4728.000000 0.275508 
0.372519 4717.000000 0.274867 
0.373208 4694.000000 0.273527 
0.373567 4682.000000 0.272828 
0.371382 4755.000000 0.277082 
0.372040 4733.000000 0.275800 
0.371292 4758.000000 0.277257 
0.371890 4738.000000 0.276091 
0.372938 4703.000000 0.274052 
0.371920 4737.000000 0.276033 
0.374106 4664.000000 0.271779 
0.372699 4711.000000 0.274518 
0.370783 4775.000000 0.278247 
0.373866 4672.000000 0.272245 
0.372818 4707.000000 0.274285 
0.371980 4735.000000 0.275916 
0.373118 4697.000000 0.273702 
0.371262 4759.000000 0.277315 
0.373297 4691.000000 0.273352 
0.371052 4766.000000 0.277723 
0.372310 4724.000000 0.275275 
0.371082 4765.000000 0.277664 
0.371501 4751.000000 0.276849 
0.372489 4718.000000 0.274926 
0.373148 4696.000000 0.273644 
0.372130 4730.000000 0.275625 
0.372100 4731.000000 0.275683 
0.372938 4703.000000 0.274052 
0.374405 4654.000000 0.271196 
0.373387 4688.000000 0.273178 
0.372639 4713.000000 0.274634 
0.372908 4704.000000 0.274110 
0.373627 4680.000000 0.272711 
0.373327 4690.000000 0.273294 
0.373238 4693.000000 0.273469 
0.373327 4690.000000 0.273294 
0.372908 4704.000000 0.274110 
0.373866 4672.000000 0.272245 
0.373447 4686.000000 0.273061 
0.374345 4656.000000 0.271313 
0.372519 4717.000000 0.274867 
0.372339 4723.000000 0.275217 
0.374405 4654.000000 0.271196 
0.371681 4745.000000 0.276499 
0.374285 4658.000000 0.271429 
0.371771 4742.000000 0.276324 
0.370633 4780.000000 0.278539 
0.373118 4697.000000 0.273702 
0.375333 4623.000000 0.269390 
0.372459 4719.000000 0.274984 
0.369376 4822.000000 0.280986 
0.370992 4768.000000 0.277839 
0.374465 4652.000000 0.271080 
0.371591 4748.000000 0.276674 
0.373178 4695.000000 0.273585 
0.371621 4747.000000 0.276616 
0.369555 4816.000000 0.280636 
0.372908 4704.000000 0.274110 
0.371771 4742.000000 0.276324 
0.372369 4722.000000 0.275159 
0.373537 4683.000000 0.272886 
0.371621 4747.000000 0.276616 
0.372160 4729.000000 0.275567 
0.373058 4699.000000 0.273819 
0.372310 4724.000000 0.275275 
0.374914 4637.000000 0.270206 
0.372459 4719.000000 0.274984 
0.373327 4690.000000 0.273294 
0.371771 4742.000000 0.276324 
0.371741 4743.000000 0.276382 
0.372040 4733.000000 0.275800 
0.372848 4706.000000 0.274226 
0.372369 4722.000000 0.275159 
0.372160 4729.000000 0.275567 
0.371621 4747.000000 0.276616 
0.371591 4748.000000 0.276674 
0.373447 4686.000000 0.273061 
0.372609 4714.000000 0.274693 
0.371890 4738.000000 0.276091 
0.372699 4711.000000 0.274518 
0.372519 4717.000000 0.274867 
0.372669 4712.000000 0.274576 
0.371292 4758.000000 0.277257 
0.372130 4730.000000 0.275625 
0.371382 4755.000000 0.277082 
0.371382 4755.000000 0.277082 
0.372190 4728.000000 0.275508 
0.372459 4719.000000 0.274984 
0.370334 4790.000000 0.279121 
0.373208 4694.000000 0.273527 
0.373836 4673.000000 0.272303 
0.370693 4778.000000 0.278422 
0.372459 4719.000000 0.274984 
0.374884 4638.000000 0.270264 
0.371741 4743.000000 0.276382 
0.371441 4753.000000 0.276965 
0.372040 4733.000000 0.275800 
0.374106 4664.000000 0.271779 
0.372699 4711.000000 0.274518 
0.372070 4732.000000 0.275742 
0.371232 4760.000000 0.277373 
0.373387 4688.000000 0.273178 
0.372759 4709.000000 0.274401 
0.373088 4698.000000 0.273760 
0.370693 4778.000000 0.278422 
0.374195 4661.000000 0.271604 
0.374016 4667.000000 0.271954 
0.371890 4738.000000 0.276091 
0.372339 4723.000000 0.275217 
0.373417 4687.000000 0.273119 
0.370932 4770.000000 0.277956 
0.370992 4768.000000 0.277839 
0.372519 4717.000000 0.274867 
0.373657 4679.000000 0.272653 
0.372699 4711.000000 0.274518 
0.373746 4676.000000 0.272478 
0.372130 4730.000000 0.275625 
0.371591 4748.000000 0.276674 
0.373178 4695.000000 0.273585 
0.370753 4776.000000 0.278305 
0.370094 4798.000000 0.279587 
0.374465 4652.000000 0.271080 
0.373537 4683.000000 0.272886 
0.372399 4721.000000 0.275101 
0.373208 4694.000000 0.273527 
0.372609 4714.000000 0.274693 
0.373477 4685.000000 0.273003 
0.370992 4768.000000 0.277839 
0.371621 4747.000000 0.276616 
0.369885 4805.000000 0.279995 
0.371052 4766.000000 0.277723 
0.373806 4674.000000 0.272362 
0.373178 4695.000000 0.273585 
0.372878 4705.000000 0.274168 
0.372010 4734.000000 0.275858 
0.371322 4757.000000 0.277198 
0.372549 4716.000000 0.274809 
0.372130 4730.000000 0.275625 
0.373118 4697.000000 0.273702 
0.371292 4758.000000 0.277257 
0.370603 4781.000000 0.278597 
0.370843 4773.000000 0.278131 
0.373866 4672.000000 0.272245 
0.373836 4673.000000 0.272303 
0.370513 4784.000000 0.278772 
0.371890 4738.000000 0.276091 
0.371441 4753.000000 0.276965 
0.373387 4688.000000 0.273178 
0.372699 4711.000000 0.274518 
0.374585 4648.000000 0.270847 
0.372549 4716.000000 0.274809 
0.372310 4724.000000 0.275275 
0.371950 4736.000000 0.275975 
0.372489 4718.000000 0.274926 
0.370992 4768.000000 0.277839 
0.373687 4678.000000 0.272595 
0.373806 4674.000000 0.272362 
0.370513 4784.000000 0.278772 
0.370663 4779.000000 0.278480 
0.372130 4730.000000 0.275625 
0.372729 4710.000000 0.274460 
0.372609 4714.000000 0.274693 
0.373118 4697.000000 0.273702 
0.373447 4686.000000 0.273061 
0.371142 4763.000000 0.277548 
0.373088 4698.000000 0.273760 
0.371771 4742.000000 0.276324 
0.372818 4707.000000 0.274285 
0.372489 4718.000000 0.274926 
0.372908 4704.000000 0.274110 
0.372250 4726.000000 0.275392 
0.373537 4683.000000 0.272886 
0.370813 4774.000000 0.278189 
0.372938 4703.000000 0.274052 
0.373776 4675.000000 0.272420 
0.373687 4678.000000 0.272595 
0.370962 4769.000000 0.277898 
0.370813 4774.000000 0.278189 
0.371561 4749.000000 0.276732 
0.375123 4630.000000 0.269798 
0.373986 4668.000000 0.272012 
0.370873 4772.000000 0.278072 
0.373746 4676.000000 0.272478 
0.373178 4695.000000 0.273585 
0.373507 4684.000000 0.272944 
0.372280 4725.000000 0.275334 
0.372998 4701.000000 0.273935 
0.373028 4700.000000 0.273877 
0.371262 4759.000000 0.277315 
0.370573 4782.000000 0.278655 
0.369615 4814.000000 0.280520 
0.372848 4706.000000 0.274226 
0.372729 4710.000000 0.274460 
0.373028 4700.000000 0.273877 
0.371890 4738.000000 0.276091 
0.373058 4699.000000 0.273819 
0.369106 4831.000000 0.281510 
0.371292 4758.000000 0.277257 
0.374225 4660.000000 0.271546 
0.371322 4757.000000 0.277198 
0.371322 4757.000000 0.277198 
0.371831 4740.000000 0.276208 
0.370783 4775.000000 0.278247 
0.372280 4725.000000 0.275334 
0.371651 4746.000000 0.276557 
0.370873 4772.000000 0.278072 
0.374645 4646.000000 0.270730 
0.375153 4629.000000 0.269740 
0.371292 4758.000000 0.277257 
0.370573 4782.000000 0.278655 
0.370573 4782.000000 0.278655 
0.372280 4725.000000 0.275334 
0.373986 4668.000000 0.272012 
0.371531 4750.000000 0.276790 
0.370932 4770.000000 0.277956 
0.372310 4724.000000 0.275275 
0.369795 4808.000000 0.280170 
0.372250 4726.000000 0.275392 
0.375962 4602.000000 0.268166 
0.372699 4711.000000 0.274518 
0.372070 4732.000000 0.275742 
0.373477 4685.000000 0.273003 
0.370034 4800.000000 0.279704 
0.370214 4794.000000 0.279354 
0.373178 4695.000000 0.273585 
0.372040 4733.000000 0.275800 
0.371501 4751.000000 0.276849 
0.373746 4676.000000 0.272478 
0.373806 4674.000000 0.272362 
0.372040 4733.000000 0.275800 
0.371112 4764.000000 0.277606 
0.373238 4693.000000 0.273469 
0.370873 4772.000000 0.278072 
0.371352 4756.000000 0.277140 
0.371771 4742.000000 0.276324 
0.372908 4704.000000 0.274110 
0.373836 4673.000000 0.272303 
0.371890 4738.000000 0.276091 
0.372010 4734.000000 0.275858 
0.372818 4707.000000 0.274285 
0.374136 4663.000000 0.271721 
0.373208 4694.000000 0.273527 
0.372878 4705.000000 0.274168 
0.371920 4737.000000 0.276033 
0.372070 4732.000000 0.275742 
0.372369 4722.000000 0.275159 
0.373986 4668.000000 0.272012 
0.373387 4688.000000 0.273178 
0.374076 4665.000000 0.271837 
0.372190 4728.000000 0.275508 
0.371860 4739.000000 0.276149 
0.372579 4715.000000 0.274751 
0.371232 4760.000000 0.277373 
0.371561 4749.000000 0.276732 
0.372669 4712.000000 0.274576 
0.373896 4671.000000 0.272187 
0.372160 4729.000000 0.275567 
0.373148 4696.000000 0.273644 
0.371501 4751.000000 0.276849 
0.372489 4718.000000 0.274926 
0.371860 4739.000000 0.276149 
0.372579 4715.000000 0.274751 
0.372369 4722.000000 0.275159 
0.373088 4698.000000 0.273760 
0.371441 4753.000000 0.276965 
0.371172 4762.000000 0.277490 
0.371741 4743.000000 0.276382 
0.371441 4753.000000 0.276965 
0.372699 4711.000000 0.274518 
0.371202 4761.000000 0.277431 
0.371292 4758.000000 0.277257 
0.372699 4711.000000 0.274518 
0.372100 4731.000000 0.275683 
0.373088 4698.000000 0.273760 
0.373387 4688.000000 0.273178 
0.372250 4726.000000 0.275392 
0.372848 4706.000000 0.274226 
0.374195 4661.000000 0.271604 
0.371292 4758.000000 0.277257 
0.371771 4742.000000 0.276324 
0.372040 4733.000000 0.275800 
0.372549 4716.000000 0.274809 
0.372130 4730.000000 0.275625 
0.370843 4773.000000 0.278131 
0.372609 4714.000000 0.274693 
0.373058 4699.000000 0.273819 
0.371681 4745.000000 0.276499 
0.369945 4803.000000 0.279879 
0.371382 4755.000000 0.277082 
0.372310 4724.000000 0.275275 
0.371591 4748.000000 0.276674 
0.374974 4635.000000 0.270089 
0.372160 4729.000000 0.275567 
0.372489 4718.000000 0.274926 
0.372369 4722.000000 0.275159 
0.369286 4825.000000 0.281161 
0.372759 4709.000000 0.274401 
0.371382 4755.000000 0.277082 
0.371890 4738.000000 0.276091 
0.371232 4760.000000 0.277373 
0.373836 4673.000000 0.272303 
0.372369 4722.000000 0.275159 
0.370992 4768.000000 0.277839 
0.373118 4697.000000 0.273702 
0.372369 4722.000000 0.275159 
0.373208 4694.000000 0.273527 
0.373477 4685.000000 0.273003 
0.372699 4711.000000 0.274518 
0.373956 4669.000000 0.272070 
0.372100 4731.000000 0.275683 
0.373836 4673.000000 0.272303 
0.371561 4749.000000 0.276732 
0.372010 4734.000000 0.275858 
0.373926 4670.000000 0.272129 
0.370573 4782.000000 0.278655 
0.375273 4625.000000 0.269506 
0.371112 4764.000000 0.277606 
0.374225 4660.000000 0.271546 
0.371890 4738.000000 0.276091 
0.371142 4763.000000 0.277548 
0.373866 4672.000000 0.272245 
0.373178 4695.000000 0.273585 
0.370903 4771.000000 0.278014 
0.370962 4769.000000 0.277898 
0.373088 4698.000000 0.273760 
0.373178 4695.000000 0.273585 
0.372908 4704.000000 0.274110 
0.373088 4698.000000 0.273760 
0.373507 4684.000000 0.272944 
0.371142 4763.000000 0.277548 
0.371920 4737.000000 0.276033 
0.372968 4702.000000 0.273993 
0.374016 4667.000000 0.271954 
0.371831 4740.000000 0.276208 
0.373238 4693.000000 0.273469 
0.371950 4736.000000 0.275975 
0.370004 4801.000000 0.279762 
0.372699 4711.000000 0.274518 
0.372040 4733.000000 0.275800 
0.372280 4725.000000 0.275334 
0.372070 4732.000000 0.275742 
0.373028 4700.000000 0.273877 
0.372399 4721.000000 0.275101 
0.371441 4753.000000 0.276965 
0.373387 4688.000000 0.273178 
0.373028 4700.000000 0.273877 
0.373148 4696.000000 0.273644 
0.370992 4768.000000 0.277839 
0.373507 4684.000000 0.272944 
0.375692 4611.000000 0.268691 
0.370543 4783.000000 0.278713 
0.372310 4724.000000 0.275275 
0.373956 4669.000000 0.272070 
0.372010 4734.000000 0.275858 
0.371831 4740.000000 0.276208 
0.373836 4673.000000 0.272303 
0.373058 4699.000000 0.273819 
0.373178 4695.000000 0.273585 
0.372848 4706.000000 0.274226 
0.371262 4759.000000 0.277315 
0.370962 4769.000000 0.277898 
0.372759 4709.000000 0.274401 
0.374465 4652.000000 0.271080 
0.371950 4736.000000 0.275975 
0.371890 4738.000000 0.276091 
0.372639 4713.000000 0.274634 
0.371591 4748.000000 0.276674 
0.371322 4757.000000 0.277198 
0.372339 4723.000000 0.275217 
0.372040 4733.000000 0.275800 
0.371681 4745.000000 0.276499 
0.371202 4761.000000 0.277431 
0.372190 4728.000000 0.275508 
0.372100 4731.000000 0.275683 
0.372399 4721.000000 0.275101 
0.373866 4672.000000 0.272245 
0.371262 4759.000000 0.277315 
0.372070 4732.000000 0.275742 
0.371831 4740.000000 0.276208 
0.373058 4699.000000 0.273819 
0.370903 4771.000000 0.278014 
0.373477 4685.000000 0.273003 
0.372459 4719.000000 0.274984 
0.372669 4712.000000 0.274576 
0.375183 4628.000000 0.269681 
0.372010 4734.000000 0.275858 
0.371950 4736.000000 0.275975 
0.372100 4731.000000 0.275683 
0.369915 4804.000000 0.279937 
0.372310 4724.000000 0.275275 
0.372639 4713.000000 0.274634 
0.372040 4733.000000 0.275800 
0.372998 4701.000000 0.273935 
0.371860 4739.000000 0.276149 
0.372310 4724.000000 0.275275 
0.372699 4711.000000 0.274518 
0.371980 4735.000000 0.275916 
0.370992 4768.000000 0.277839 
0.375123 4630.000000 0.269798 
0.372369 4722.000000 0.275159 
0.372310 4724.000000 0.275275 
0.372998 4701.000000 0.273935 
0.372100 4731.000000 0.275683 
0.371561 4749.000000 0.276732 
0.371441 4753.000000 0.276965 
0.372489 4718.000000 0.274926 
0.370753 4776.000000 0.278305 
0.371561 4749.000000 0.276732 
0.372848 4706.000000 0.274226 
0.371621 4747.000000 0.276616 
0.371352 4756.000000 0.277140 
0.371681 4745.000000 0.276499 
0.372310 4724.000000 0.275275 
0.370304 4791.000000 0.279180 
0.372369 4722.000000 0.275159 
0.372310 4724.000000 0.275275 
0.372579 4715.000000 0.274751 
0.373387 4688.000000 0.273178 
0.372489 4718.000000 0.274926 
0.372998 4701.000000 0.273935 
0.372789 4708.000000 0.274343 
0.373208 4694.000000 0.273527 
0.374166 4662.000000 0.271662 
0.372579 4715.000000 0.274751 
0.373657 4679.000000 0.272653 
0.370244 4793.000000 0.279296 
0.372908 4704.000000 0.274110 
0.372130 4730.000000 0.275625 
0.372519 4717.000000 0.274867 
0.373387 4688.000000 0.273178 
0.371531 4750.000000 0.276790 
0.373776 4675.000000 0.272420 
0.374255 4659.000000 0.271488 
0.373238 4693.000000 0.273469 
0.374046 4666.000000 0.271896 
0.373447 4686.000000 0.273061 
0.372489 4718.000000 0.274926 
0.370992 4768.000000 0.277839 
0.374046 4666.000000 0.271896 
0.372549 4716.000000 0.274809 
0.369585 4815.000000 0.280578 
0.373986 4668.000000 0.272012 
0.374465 4652.000000 0.271080 
0.374285 4658.000000 0.271429 
0.372878 4705.000000 0.274168 
0.372759 4709.000000 0.274401 
0.370992 4768.000000 0.277839 
0.372160 4729.000000 0.275567 
0.371860 4739.000000 0.276149 
0.373776 4675.000000 0.272420 
0.372429 4720.000000 0.275042 
0.372250 4726.000000 0.275392 
0.373597 4681.000000 0.272770 
0.370813 4774.000000 0.278189 
0.374255 4659.000000 0.271488 
0.373776 4675.000000 0.272420 
0.372070 4732.000000 0.275742 
0.371591 4748.000000 0.276674 
0.372789 4708.000000 0.274343 
0.371052 4766.000000 0.277723 
0.372998 4701.000000 0.273935 
0.373627 4680.000000 0.272711 
0.374525 4650.000000 0.270963 
0.373537 4683.000000 0.272886 
0.371441 4753.000000 0.276965 
0.373387 4688.000000 0.273178 
0.373267 4692.000000 0.273411 
0.372609 4714.000000 0.274693 
0.373178 4695.000000 0.273585 
0.371591 4748.000000 0.276674 
0.372549 4716.000000 0.274809 
0.372459 4719.000000 0.274984 
0.373836 4673.000000 0.272303 
0.373746 4676.000000 0.272478 
0.373776 4675.000000 0.272420 
0.373717 4677.000000 0.272537 
0.374345 4656.000000 0.271313 
0.371441 4753.000000 0.276965 
0.373238 4693.000000 0.273469 
0.374435 4653.000000 0.271138 
0.375153 4629.000000 0.269740 
0.372639 4713.000000 0.274634 
0.372429 4720.000000 0.275042 
0.370843 4773.000000 0.278131 
0.371202 4761.000000 0.277431 
0.371501 4751.000000 0.276849 
0.371262 4759.000000 0.277315 
0.371980 4735.000000 0.275916 
0.373776 4675.000000 0.272420 
0.370214 4794.000000 0.279354 
0.372489 4718.000000 0.274926 
0.372998 4701.000000 0.273935 
0.374136 4663.000000 0.271721 
0.371711 4744.000000 0.276441 
0.374046 4666.000000 0.271896 
0.371411 4754.000000 0.277023 
0.372998 4701.000000 0.273935 
0.373208 4694.000000 0.273527 
0.372040 4733.000000 0.275800 
0.373537 4683.000000 0.272886 
0.374645 4646.000000 0.270730 
0.372310 4724.000000 0.275275 
0.373028 4700.000000 0.273877 
0.371411 4754.000000 0.277023 
0.372519 4717.000000 0.274867 
0.373178 4695.000000 0.273585 
0.370903 4771.000000 0.278014 
0.373208 4694.000000 0.273527 
0.372459 4719.000000 0.274984 
0.371322 4757.000000 0.277198 
0.372938 4703.000000 0.274052 
0.373387 4688.000000 0.273178 
0.373238 4693.000000 0.273469 
0.372729 4710.000000 0.274460 
0.370783 4775.000000 0.278247 
0.371052 4766.000000 0.277723 
0.373118 4697.000000 0.273702 
0.373178 4695.000000 0.273585 
0.372369 4722.000000 0.275159 
0.373956 4669.000000 0.272070 
0.372160 4729.000000 0.275567 
0.372848 4706.000000 0.274226 
0.371681 4745.000000 0.276499 
0.372100 4731.000000 0.275683 
0.373297 4691.000000 0.273352 
0.372040 4733.000000 0.275800 
0.370424 4787.000000 0.278946 
0.370723 4777.000000 0.278364 
0.373238 4693.000000 0.273469 
0.374016 4667.000000 0.271954 
0.373746 4676.000000 0.272478 
0.372968 4702.000000 0.273993 
0.372579 4715.000000 0.274751 
0.373836 4673.000000 0.272303 
0.373178 4695.000000 0.273585 
0.372998 4701.000000 0.273935 
0.373178 4695.000000 0.273585 
0.372789 4708.000000 0.274343 
0.372579 4715.000000 0.274751 
0.372429 4720.000000 0.275042 
0.370004 4801.000000 0.279762 
0.370992 4768.000000 0.277839 
0.372639 4713.000000 0.274634 
0.371052 4766.000000 0.277723 
0.374076 4665.000000 0.271837 
0.371681 4745.000000 0.276499 
0.373238 4693.000000 0.273469 
0.372250 4726.000000 0.275392 
0.370693 4778.000000 0.278422 
0.375393 4621.000000 0.269273 
0.371232 4760.000000 0.277373 
0.370723 4777.000000 0.278364 
0.369885 4805.000000 0.279995 
0.371531 4750.000000 0.276790 
0.372369 4722.000000 0.275159 
0.372878 4705.000000 0.274168 
0.372519 4717.000000 0.274867 
0.371801 4741.000000 0.276266 
0.373028 4700.000000 0.273877 
0.372459 4719.000000 0.274984 
0.372100 4731.000000 0.275683 
0.371292 4758.000000 0.277257 
0.371202 4761.000000 0.277431 
0.372729 4710.000000 0.274460 
0.371950 4736.000000 0.275975 
0.371441 4753.000000 0.276965 
0.372100 4731.000000 0.275683 
0.370364 4789.000000 0.279063 
0.373986 4668.000000 0.272012 
0.370932 4770.000000 0.277956 
0.372250 4726.000000 0.275392 
0.371382 4755.000000 0.277082 
0.373118 4697.000000 0.273702 
0.373208 4694.000000 0.273527 
0.369765 4809.000000 0.280228 
0.373178 4695.000000 0.273585 
0.372100 4731.000000 0.275683 
0.373597 4681.000000 0.272770 
0.372968 4702.000000 0.273993 
0.370783 4775.000000 0.278247 
0.372160 4729.000000 0.275567 
0.373477 4685.000000 0.273003 
0.372280 4725.000000 0.275334 
0.371471 4752.000000 0.276907 
0.372190 4728.000000 0.275508 
0.371980 4735.000000 0.275916 
0.373717 4677.000000 0.272537 
0.372190 4728.000000 0.275508 
0.371202 4761.000000 0.277431 
0.371262 4759.000000 0.277315 
0.371322 4757.000000 0.277198 
0.370633 4780.000000 0.278539 
0.372190 4728.000000 0.275508 
0.370962 4769.000000 0.277898 
0.372609 4714.000000 0.274693 
0.370184 4795.000000 0.279413 
0.371860 4739.000000 0.276149 
0.372100 4731.000000 0.275683 
0.374974 4635.000000 0.270089 
0.371531 4750.000000 0.276790 
0.372519 4717.000000 0.274867 
0.371890 4738.000000 0.276091 
0.374315 4657.000000 0.271371 
0.371920 4737.000000 0.276033 
0.370723 4777.000000 0.278364 
0.372160 4729.000000 0.275567 
0.373238 4693.000000 0.273469 
0.371651 4746.000000 0.276557 
0.374345 4656.000000 0.271313 
0.371831 4740.000000 0.276208 
0.371711 4744.000000 0.276441 
0.371471 4752.000000 0.276907 
0.372190 4728.000000 0.275508 
0.371741 4743.000000 0.276382 
0.372878 4705.000000 0.274168 
0.372579 4715.000000 0.274751 
0.371411 4754.000000 0.277023 
0.370932 4770.000000 0.277956 
0.373597 4681.000000 0.272770 
0.371950 4736.000000 0.275975 
0.372519 4717.000000 0.274867 
0.375363 4622.000000 0.269332 
0.372369 4722.000000 0.275159 
0.372100 4731.000000 0.275683 
0.371531 4750.000000 0.276790 
0.370962 4769.000000 0.277898 
0.372699 4711.000000 0.274518 
0.372220 4727.000000 0.275450 
0.372549 4716.000000 0.274809 
0.372190 4728.000000 0.275508 
0.370394 4788.000000 0.279005 
0.372699 4711.000000 0.274518 
0.373806 4674.000000 0.272362 
0.374195 4661.000000 0.271604 
0.373028 4700.000000 0.273877 
0.371950 4736.000000 0.275975 
0.374076 4665.000000 0.271837 
0.370783 4775.000000 0.278247 
0.374136 4663.000000 0.271721 
0.374764 4642.000000 0.270497 
0.370932 4770.000000 0.277956 
0.372579 4715.000000 0.274751 
0.373357 4689.000000 0.273236 
0.371292 4758.000000 0.277257 
0.374315 4657.000000 0.271371 
0.371801 4741.000000 0.276266 
0.371142 4763.000000 0.277548 
0.373657 4679.000000 0.272653 
0.372549 4716.000000 0.274809 
0.372339 4723.000000 0.275217 
0.371890 4738.000000 0.276091 
0.370543 4783.000000 0.278713 
0.373357 4689.000000 0.273236 
0.371621 4747.000000 0.276616 
0.373028 4700.000000 0.273877 
0.373208 4694.000000 0.273527 
0.370513 4784.000000 0.278772 
0.372609 4714.000000 0.274693 
0.368807 4841.000000 0.282093 
0.373866 4672.000000 0.272245 
0.373327 4690.000000 0.273294 
0.371172 4762.000000 0.277490 
0.371771 4742.000000 0.276324 
0.371831 4740.000000 0.276208 
0.371501 4751.000000 0.276849 
0.372310 4724.000000 0.275275 
0.369765 4809.000000 0.280228 
0.372968 4702.000000 0.273993 
0.374435 4653.000000 0.271138 
0.372459 4719.000000 0.274984 
0.373387 4688.000000 0.273178 
0.371831 4740.000000 0.276208 
0.372968 4702.000000 0.273993 
0.372878 4705.000000 0.274168 
0.371741 4743.000000 0.276382 
0.371801 4741.000000 0.276266 
0.371052 4766.000000 0.277723 
0.372040 4733.000000 0.275800 
0.371801 4741.000000 0.276266 
0.372699 4711.000000 0.274518 
0.371501 4751.000000 0.276849 
0.374285 4658.000000 0.271429 
0.373507 4684.000000 0.272944 
0.372010 4734.000000 0.275858 
0.371831 4740.000000 0.276208 
0.373956 4669.000000 0.272070 
0.372160 4729.000000 0.275567 
0.371681 4745.000000 0.276499 
0.372489 4718.000000 0.274926 
0.372938 4703.000000 0.274052 
0.373597 4681.000000 0.272770 
0.373627 4680.000000 0.272711 
0.372459 4719.000000 0.274984 
0.371322 4757.000000 0.277198 
0.371142 4763.000000 0.277548 
0.372669 4712.000000 0.274576 
0.372010 4734.000000 0.275858 
0.373148 4696.000000 0.273644 
0.374195 4661.000000 0.271604 
0.372639 4713.000000 0.274634 
0.372310 4724.000000 0.275275 
0.370214 4794.000000 0.279354 
0.373238 4693.000000 0.273469 
0.370633 4780.000000 0.278539 
0.372040 4733.000000 0.275800 
0.372429 4720.000000 0.275042 
0.371950 4736.000000 0.275975 
0.374195 4661.000000 0.271604 
0.371232 4760.000000 0.277373 
0.370903 4771.000000 0.278014 
0.372070 4732.000000 0.275742 
0.371352 4756.000000 0.277140 
0.370903 4771.000000 0.278014 
0.372848 4706.000000 0.274226 
0.373208 4694.000000 0.273527 
0.371382 4755.000000 0.277082 
0.372669 4712.000000 0.274576 
0.372310 4724.000000 0.275275 
0.375064 4632.000000 0.269914 
0.373597 4681.000000 0.272770 
0.372040 4733.000000 0.275800 
0.373746 4676.000000 0.272478 
0.374405 4654.000000 0.271196 
0.369945 4803.000000 0.279879 
0.370394 4788.000000 0.279005 
0.372579 4715.000000 0.274751 
0.372609 4714.000000 0.274693 
0.373387 4688.000000 0.273178 
0.371471 4752.000000 0.276907 
0.373926 4670.000000 0.272129 
0.374016 4667.000000 0.271954 
0.372639 4713.000000 0.274634 
0.374764 4642.000000 0.270497 
0.372489 4718.000000 0.274926 
0.371711 4744.000000 0.276441 
0.372609 4714.000000 0.274693 
0.372489 4718.000000 0.274926 
0.371801 4741.000000 0.276266 
0.373327 4690.000000 0.273294 
0.370663 4779.000000 0.278480 
0.372369 4722.000000 0.275159 
0.372010 4734.000000 0.275858 
0.372310 4724.000000 0.275275 
0.372609 4714.000000 0.274693 
0.370753 4776.000000 0.278305 
0.371801 4741.000000 0.276266 
0.372878 4705.000000 0.274168 
0.373687 4678.000000 0.272595 
0.372579 4715.000000 0.274751 
0.371322 4757.000000 0.277198 
0.372190 4728.000000 0.275508 
0.373417 4687.000000 0.273119 
0.372669 4712.000000 0.274576 
0.372310 4724.000000 0.275275 
0.373058 4699.000000 0.273819 
0.372399 4721.000000 0.275101 
0.372699 4711.000000 0.274518 
0.372100 4731.000000 0.275683 
0.372369 4722.000000 0.275159 
0.371441 4753.000000 0.276965 
0.373567 4682.000000 0.272828 
0.372669 4712.000000 0.274576 
0.372549 4716.000000 0.274809 
0.371711 4744.000000 0.276441 
0.371621 4747.000000 0.276616 
0.371232 4760.000000 0.277373 
0.371352 4756.000000 0.277140 
0.373297 4691.000000 0.273352 
0.372998 4701.000000 0.273935 
0.372968 4702.000000 0.273993 
0.373387 4688.000000 0.273178 
0.372549 4716.000000 0.274809 
0.370214 4794.000000 0.279354 
0.372459 4719.000000 0.274984 
0.373627 4680.000000 0.272711 
0.374884 4638.000000 0.270264 
0.372190 4728.000000 0.275508 
0.372878 4705.000000 0.274168 
0.373687 4678.000000 0.272595 
0.374585 4648.000000 0.270847 
0.369645 4813.000000 0.280462 
0.373537 4683.000000 0.272886 
0.372190 4728.000000 0.275508 
0.374315 4657.000000 0.271371 
0.371382 4755.000000 0.277082 
0.372818 4707.000000 0.274285 
0.372579 4715.000000 0.274751 
0.373028 4700.000000 0.273877 
0.374974 4635.000000 0.270089 
0.372699 4711.000000 0.274518 
0.371531 4750.000000 0.276790 
0.370034 4800.000000 0.279704 
0.372220 4727.000000 0.275450 
0.371801 4741.000000 0.276266 
0.373058 4699.000000 0.273819 
0.372459 4719.000000 0.274984 
0.371801 4741.000000 0.276266 
0.373118 4697.000000 0.273702 
0.372759 4709.000000 0.274401 
0.373896 4671.000000 0.272187 
0.371771 4742.000000 0.276324 
0.373926 4670.000000 0.272129 
0.372369 4722.000000 0.275159 
0.374016 4667.000000 0.271954 
0.373627 4680.000000 0.272711 
0.372339 4723.000000 0.275217 
0.370932 4770.000000 0.277956 
0.373776 4675.000000 0.272420 
0.372789 4708.000000 0.274343 
0.372938 4703.000000 0.274052 
0.370094 4798.000000 0.279587 
0.372220 4727.000000 0.275450 
0.372759 4709.000000 0.274401 
0.373118 4697.000000 0.273702 
0.370783 4775.000000 0.278247 
0.370094 4798.000000 0.279587 
0.372100 4731.000000 0.275683 
0.371980 4735.000000 0.275916 
0.373447 4686.000000 0.273061 
0.372759 4709.000000 0.274401 
0.370004 4801.000000 0.279762 
0.370573 4782.000000 0.278655 
0.371711 4744.000000 0.276441 
0.372878 4705.000000 0.274168 
0.371352 4756.000000 0.277140 
0.373447 4686.000000 0.273061 
0.373028 4700.000000 0.273877 
0.373776 4675.000000 0.272420 
0.370603 4781.000000 0.278597 
0.373986 4668.000000 0.272012 
0.370603 4781.000000 0.278597 
0.372130 4730.000000 0.275625 
0.371950 4736.000000 0.275975 
0.369915 4804.000000 0.279937 
0.373327 4690.000000 0.273294 
0.370753 4776.000000 0.278305 
0.370454 4786.000000 0.278888 
0.373118 4697.000000 0.273702 
0.372878 4705.000000 0.274168 
0.373088 4698.000000 0.273760 
0.373238 4693.000000 0.273469 
0.372250 4726.000000 0.275392 
0.372609 4714.000000 0.274693 
0.372250 4726.000000 0.275392 
0.373148 4696.000000 0.273644 
0.374106 4664.000000 0.271779 
0.372669 4712.000000 0.274576 
0.371920 4737.000000 0.276033 
0.373477 4685.000000 0.273003 
0.371681 4745.000000 0.276499 
0.372519 4717.000000 0.274867 
0.370992 4768.000000 0.277839 
0.371771 4742.000000 0.276324 
0.373178 4695.000000 0.273585 
0.373118 4697.000000 0.273702 
0.374046 4666.000000 0.271896 
0.373597 4681.000000 0.272770 
0.373776 4675.000000 0.272420 
0.371651 4746.000000 0.276557 
0.372818 4707.000000 0.274285 
0.373507 4684.000000 0.272944 
0.373746 4676.000000 0.272478 
0.373806 4674.000000 0.272362 
0.371262 4759.000000 0.277315 
0.370454 4786.000000 0.278888 
0.373357 4689.000000 0.273236 
0.372160 4729.000000 0.275567 
0.372429 4720.000000 0.275042 
0.372519 4717.000000 0.274867 
0.372429 4720.000000 0.275042 
0.373148 4696.000000 0.273644 
0.372339 4723.000000 0.275217 
0.371950 4736.000000 0.275975 
0.370992 4768.000000 0.277839 
0.372878 4705.000000 0.274168 
0.372968 4702.000000 0.273993 
0.371232 4760.000000 0.277373 
0.372968 4702.000000 0.273993 
0.371920 4737.000000 0.276033 
0.373267 4692.000000 0.273411 
0.373088 4698.000000 0.273760 
0.372878 4705.000000 0.274168 
0.372310 4724.000000 0.275275 
0.371352 4756.000000 0.277140 
0.373687 4678.000000 0.272595 
0.372429 4720.000000 0.275042 
0.374375 4655.000000 0.271255 
0.372968 4702.000000 0.273993 
0.372699 4711.000000 0.274518 
0.372968 4702.000000 0.273993 
0.372789 4708.000000 0.274343 
0.371621 4747.000000 0.276616 
0.369945 4803.000000 0.279879 
0.373926 4670.000000 0.272129 
0.373417 4687.000000 0.273119 
0.372190 4728.000000 0.275508 
0.372998 4701.000000 0.273935 
0.373417 4687.000000 0.273119 
0.371950 4736.000000 0.275975 
0.372789 4708.000000 0.274343 
0.373058 4699.000000 0.273819 
0.371950 4736.000000 0.275975 
0.371651 4746.000000 0.276557 
0.371681 4745.000000 0.276499 
0.371052 4766.000000 0.277723 
0.371382 4755.000000 0.277082 
0.372938 4703.000000 0.274052 
0.369705 4811.000000 0.280345 
0.370843 4773.000000 0.278131 
0.371860 4739.000000 0.276149 
0.373208 4694.000000 0.273527 
0.373627 4680.000000 0.272711 
0.373028 4700.000000 0.273877 
0.372310 4724.000000 0.275275 
0.372130 4730.000000 0.275625 
0.370753 4776.000000 0.278305 
0.369885 4805.000000 0.279995 
0.372040 4733.000000 0.275800 
0.375303 4624.000000 0.269448 
0.372669 4712.000000 0.274576 
0.371651 4746.000000 0.276557 
0.371860 4739.000000 0.276149 
0.371382 4755.000000 0.277082 
0.373687 4678.000000 0.272595 
0.372429 4720.000000 0.275042 
0.372339 4723.000000 0.275217 
0.372100 4731.000000 0.275683 
0.374076 4665.000000 0.271837 
0.372789 4708.000000 0.274343 
0.373627 4680.000000 0.272711 
0.374615 4647.000000 0.270788 
0.370334 4790.000000 0.279121 
0.372549 4716.000000 0.274809 
0.369346 4823.000000 0.281044 
0.371352 4756.000000 0.277140 
0.373537 4683.000000 0.272886 
0.371651 4746.000000 0.276557 
0.370873 4772.000000 0.278072 
0.373208 4694.000000 0.273527 
0.373118 4697.000000 0.273702 
0.371441 4753.000000 0.276965 
0.371112 4764.000000 0.277606 
0.373597 4681.000000 0.272770 
0.375393 4621.000000 0.269273 
0.374106 4664.000000 0.271779 
0.371471 4752.000000 0.276907 
0.373178 4695.000000 0.273585 
0.373297 4691.000000 0.273352 
0.371801 4741.000000 0.276266 
0.373417 4687.000000 0.273119 
0.372130 4730.000000 0.275625 
0.373118 4697.000000 0.273702 
0.370214 4794.000000 0.279354 
0.374645 4646.000000 0.270730 
0.374764 4642.000000 0.270497 
0.371382 4755.000000 0.277082 
0.370124 4797.000000 0.279529 
0.373267 4692.000000 0.273411 
0.373058 4699.000000 0.273819 
0.371441 4753.000000 0.276965 
0.372549 4716.000000 0.274809 
0.371980 4735.000000 0.275916 
0.372220 4727.000000 0.275450 
0.372818 4707.000000 0.274285 
0.371052 4766.000000 0.277723 
0.373327 4690.000000 0.273294 
0.372250 4726.000000 0.275392 
0.370064 4799.000000 0.279646 
0.373597 4681.000000 0.272770 
0.371980 4735.000000 0.275916 
0.374195 4661.000000 0.271604 
0.373537 4683.000000 0.272886 
0.372759 4709.000000 0.274401 
0.372938 4703.000000 0.274052 
0.371411 4754.000000 0.277023 
0.373327 4690.000000 0.273294 
0.372639 4713.000000 0.274634 
0.371771 4742.000000 0.276324 
0.371950 4736.000000 0.275975 
0.373118 4697.000000 0.273702 
0.372310 4724.000000 0.275275 
0.372040 4733.000000 0.275800 
0.373507 4684.000000 0.272944 
0.372878 4705.000000 0.274168 
0.373058 4699.000000 0.273819 
0.371741 4743.000000 0.276382 
0.371831 4740.000000 0.276208 
0.373537 4683.000000 0.272886 
0.372100 4731.000000 0.275683 
0.372669 4712.000000 0.274576 
0.371831 4740.000000 0.276208 
0.371352 4756.000000 0.277140 
0.370753 4776.000000 0.278305 
0.371651 4746.000000 0.276557 
0.372789 4708.000000 0.274343 
0.371950 4736.000000 0.275975 
0.371651 4746.000000 0.276557 
0.370334 4790.000000 0.279121 
0.372369 4722.000000 0.275159 
0.371232 4760.000000 0.277373 
0.373776 4675.000000 0.272420 
0.374046 4666.000000 0.271896 
0.372519 4717.000000 0.274867 
0.373776 4675.000000 0.272420 
0.371591 4748.000000 0.276674 
0.373088 4698.000000 0.273760 
0.373178 4695.000000 0.273585 
0.371232 4760.000000 0.277373 
0.372040 4733.000000 0.275800 
0.374704 4644.000000 0.270614 
0.373357 4689.000000 0.273236 
0.371651 4746.000000 0.276557 
0.373746 4676.000000 0.272478 
0.371591 4748.000000 0.276674 
0.374285 4658.000000 0.271429 
0.373567 4682.000000 0.272828 
0.373866 4672.000000 0.272245 
0.371471 4752.000000 0.276907 
0.373058 4699.000000 0.273819 
0.371920 4737.000000 0.276033 
0.370424 4787.000000 0.278946 
0.372339 4723.000000 0.275217 
0.372489 4718.000000 0.274926 
0.370962 4769.000000 0.277898 
0.372968 4702.000000 0.273993 
0.371860 4739.000000 0.276149 
0.370334 4790.000000 0.279121 
0.374166 4662.000000 0.271662 
0.372250 4726.000000 0.275392 
0.372100 4731.000000 0.275683 
0.373627 4680.000000 0.272711 
0.372998 4701.000000 0.273935 
0.373836 4673.000000 0.272303 
0.370094 4798.000000 0.279587 
0.373088 4698.000000 0.273760 
0.372609 4714.000000 0.274693 
0.374704 4644.000000 0.270614 
0.374435 4653.000000 0.271138 
0.372220 4727.000000 0.275450 
0.370813 4774.000000 0.278189 
0.371591 4748.000000 0.276674 
0.372968 4702.000000 0.273993 
0.372130 4730.000000 0.275625 
0.372100 4731.000000 0.275683 
0.372369 4722.000000 0.275159 
0.372100 4731.000000 0.275683 
0.372220 4727.000000 0.275450 
0.371172 4762.000000 0.277490 
0.372609 4714.000000 0.274693 
0.373118 4697.000000 0.273702 
0.372190 4728.000000 0.275508 
0.371022 4767.000000 0.277781 
0.370693 4778.000000 0.278422 
0.371112 4764.000000 0.277606 
0.370394 4788.000000 0.279005 
0.374615 4647.000000 0.270788 
0.373687 4678.000000 0.272595 
0.372639 4713.000000 0.274634 
0.370723 4777.000000 0.278364 
0.376081 4598.000000 0.267933 
0.371471 4752.000000 0.276907 
0.372130 4730.000000 0.275625 
0.372818 4707.000000 0.274285 
0.374106 4664.000000 0.271779 
0.370843 4773.000000 0.278131 
0.372100 4731.000000 0.275683 
0.373327 4690.000000 0.273294 
0.373896 4671.000000 0.272187 
0.371651 4746.000000 0.276557 
0.373507 4684.000000 0.272944 
0.372998 4701.000000 0.273935 
0.372100 4731.000000 0.275683 
0.372968 4702.000000 0.273993 
0.374495 4651.000000 0.271022 
0.374285 4658.000000 0.271429 
0.371801 4741.000000 0.276266 
0.372250 4726.000000 0.275392 
0.370723 4777.000000 0.278364 
0.371980 4735.000000 0.275916 
0.372549 4716.000000 0.274809 
0.374555 4649.000000 0.270905 
0.371411 4754.000000 0.277023 
0.371950 4736.000000 0.275975 
0.374615 4647.000000 0.270788 
0.372938 4703.000000 0.274052 
0.371411 4754.000000 0.277023 
0.373507 4684.000000 0.272944 
0.373627 4680.000000 0.272711 
0.371621 4747.000000 0.276616 
0.369675 4812.000000 0.280403 
0.372789 4708.000000 0.274343 
0.371142 4763.000000 0.277548 
0.373058 4699.000000 0.273819 
0.372130 4730.000000 0.275625 
0.373327 4690.000000 0.273294 
0.373806 4674.000000 0.272362 
0.371232 4760.000000 0.277373 
0.369915 4804.000000 0.279937 
0.373118 4697.000000 0.273702 
0.371771 4742.000000 0.276324 
0.373477 4685.000000 0.273003 
0.372040 4733.000000 0.275800 
0.372250 4726.000000 0.275392 
0.371831 4740.000000 0.276208 
0.372729 4710.000000 0.274460 
0.371860 4739.000000 0.276149 
0.372399 4721.000000 0.275101 
0.372848 4706.000000 0.274226 
0.374255 4659.000000 0.271488 
0.372908 4704.000000 0.274110 
0.371711 4744.000000 0.276441 
0.370094 4798.000000 0.279587 
0.373687 4678.000000 0.272595 
0.372968 4702.000000 0.273993 
0.372280 4725.000000 0.275334 
0.374465 4652.000000 0.271080 
0.373058 4699.000000 0.273819 
0.373986 4668.000000 0.272012 
0.374016 4667.000000 0.271954 
0.369615 4814.000000 0.280520 
0.373208 4694.000000 0.273527 
0.370004 4801.000000 0.279762 
0.374106 4664.000000 0.271779 
0.371950 4736.000000 0.275975 
0.373028 4700.000000 0.273877 
0.372339 4723.000000 0.275217 
0.372669 4712.000000 0.274576 
0.372938 4703.000000 0.274052 
0.373088 4698.000000 0.273760 
0.369915 4804.000000 0.279937 
0.373657 4679.000000 0.272653 
0.373327 4690.000000 0.273294 
0.370843 4773.000000 0.278131 
0.372519 4717.000000 0.274867 
0.372310 4724.000000 0.275275 
0.370932 4770.000000 0.277956 
0.372818 4707.000000 0.274285 
0.373687 4678.000000 0.272595 
0.373477 4685.000000 0.273003 
0.370454 4786.000000 0.278888 
0.372220 4727.000000 0.275450 
0.374615 4647.000000 0.270788 
0.370723 4777.000000 0.278364 
0.371831 4740.000000 0.276208 
0.373986 4668.000000 0.272012 
0.371950 4736.000000 0.275975 
0.372848 4706.000000 0.274226 
0.370903 4771.000000 0.278014 
0.373327 4690.000000 0.273294 
0.370753 4776.000000 0.278305 
