0.748387 28.000000 0.107692 
0.754839 26.000000 0.100000 
0.741935 30.000000 0.115385 
0.751613 27.000000 0.103846 
0.748387 28.000000 0.107692 
0.738710 31.000000 0.119231 
0.745161 29.000000 0.111538 
0.761290 24.000000 0.092308 
0.741935 30.000000 0.115385 
0.754839 26.000000 0.100000 
0.761290 24.000000 0.092308 
0.758065 25.000000 0.096154 
0.748387 28.000000 0.107692 
0.748387 28.000000 0.107692 
0.770968 21.000000 0.080769 
0.751613 27.000000 0.103846 
0.738710 31.000000 0.119231 
0.741935 30.000000 0.115385 
0.754839 26.000000 0.100000 
0.754839 26.000000 0.100000 
0.761290 24.000000 0.092308 
0.745161 29.000000 0.111538 
0.741935 30.000000 0.115385 
0.751613 27.000000 0.103846 
0.751613 27.000000 0.103846 
0.745161 29.000000 0.111538 
0.738710 31.000000 0.119231 
0.751613 27.000000 0.103846 
0.748387 28.000000 0.107692 
0.748387 28.000000 0.107692 
0.748387 28.000000 0.107692 
0.751613 27.000000 0.103846 
0.761290 24.000000 0.092308 
0.741935 30.000000 0.115385 
0.758065 25.000000 0.096154 
0.741935 30.000000 0.115385 
0.735484 32.000000 0.123077 
0.748387 28.000000 0.107692 
0.767742 22.000000 0.084615 
0.770968 21.000000 0.080769 
0.732258 33.000000 0.126923 
0.764516 23.000000 0.088462 
0.741935 30.000000 0.115385 
0.764516 23.000000 0.088462 
0.754839 26.000000 0.100000 
0.745161 29.000000 0.111538 
0.764516 23.000000 0.088462 
0.748387 28.000000 0.107692 
0.761290 24.000000 0.092308 
0.748387 28.000000 0.107692 
0.745161 29.000000 0.111538 
0.767742 22.000000 0.084615 
0.741935 30.000000 0.115385 
0.748387 28.000000 0.107692 
0.754839 26.000000 0.100000 
0.735484 32.000000 0.123077 
0.764516 23.000000 0.088462 
0.767742 22.000000 0.084615 
0.738710 31.000000 0.119231 
0.738710 31.000000 0.119231 
0.764516 23.000000 0.088462 
0.761290 24.000000 0.092308 
0.748387 28.000000 0.107692 
0.754839 26.000000 0.100000 
0.735484 32.000000 0.123077 
0.754839 26.000000 0.100000 
0.754839 26.000000 0.100000 
0.741935 30.000000 0.115385 
0.729032 34.000000 0.130769 
0.741935 30.000000 0.115385 
0.774194 20.000000 0.076923 
0.754839 26.000000 0.100000 
0.745161 29.000000 0.111538 
0.748387 28.000000 0.107692 
0.738710 31.000000 0.119231 
0.745161 29.000000 0.111538 
0.745161 29.000000 0.111538 
0.751613 27.000000 0.103846 
0.751613 27.000000 0.103846 
0.751613 27.000000 0.103846 
0.741935 30.000000 0.115385 
0.758065 25.000000 0.096154 
0.751613 27.000000 0.103846 
0.754839 26.000000 0.100000 
0.732258 33.000000 0.126923 
0.735484 32.000000 0.123077 
0.738710 31.000000 0.119231 
0.761290 24.000000 0.092308 
0.745161 29.000000 0.111538 
0.751613 27.000000 0.103846 
0.735484 32.000000 0.123077 
0.754839 26.000000 0.100000 
0.735484 32.000000 0.123077 
0.738710 31.000000 0.119231 
0.745161 29.000000 0.111538 
0.764516 23.000000 0.088462 
0.754839 26.000000 0.100000 
0.729032 34.000000 0.130769 
0.741935 30.000000 0.115385 
0.745161 29.000000 0.111538 
0.735484 32.000000 0.123077 
0.751613 27.000000 0.103846 
0.735484 32.000000 0.123077 
0.748387 28.000000 0.107692 
0.761290 24.000000 0.092308 
0.758065 25.000000 0.096154 
0.741935 30.000000 0.115385 
0.761290 24.000000 0.092308 
0.754839 26.000000 0.100000 
0.745161 29.000000 0.111538 
0.741935 30.000000 0.115385 
0.751613 27.000000 0.103846 
0.738710 31.000000 0.119231 
0.741935 30.000000 0.115385 
0.751613 27.000000 0.103846 
0.761290 24.000000 0.092308 
0.725806 35.000000 0.134615 
0.748387 28.000000 0.107692 
0.748387 28.000000 0.107692 
0.764516 23.000000 0.088462 
0.735484 32.000000 0.123077 
0.754839 26.000000 0.100000 
0.741935 30.000000 0.115385 
0.745161 29.000000 0.111538 
0.751613 27.000000 0.103846 
0.761290 24.000000 0.092308 
0.761290 24.000000 0.092308 
0.732258 33.000000 0.126923 
0.741935 30.000000 0.115385 
0.751613 27.000000 0.103846 
0.758065 25.000000 0.096154 
0.751613 27.000000 0.103846 
0.741935 30.000000 0.115385 
0.748387 28.000000 0.107692 
0.751613 27.000000 0.103846 
0.729032 34.000000 0.130769 
0.738710 31.000000 0.119231 
0.754839 26.000000 0.100000 
0.758065 25.000000 0.096154 
0.758065 25.000000 0.096154 
0.770968 21.000000 0.080769 
0.745161 29.000000 0.111538 
0.758065 25.000000 0.096154 
0.761290 24.000000 0.092308 
0.745161 29.000000 0.111538 
0.748387 28.000000 0.107692 
0.748387 28.000000 0.107692 
0.745161 29.000000 0.111538 
0.758065 25.000000 0.096154 
0.758065 25.000000 0.096154 
0.754839 26.000000 0.100000 
0.745161 29.000000 0.111538 
0.764516 23.000000 0.088462 
0.741935 30.000000 0.115385 
0.735484 32.000000 0.123077 
0.764516 23.000000 0.088462 
0.758065 25.000000 0.096154 
0.754839 26.000000 0.100000 
0.741935 30.000000 0.115385 
0.738710 31.000000 0.119231 
0.754839 26.000000 0.100000 
0.754839 26.000000 0.100000 
0.745161 29.000000 0.111538 
0.745161 29.000000 0.111538 
0.754839 26.000000 0.100000 
0.761290 24.000000 0.092308 
0.738710 31.000000 0.119231 
0.738710 31.000000 0.119231 
0.729032 34.000000 0.130769 
0.751613 27.000000 0.103846 
0.741935 30.000000 0.115385 
0.751613 27.000000 0.103846 
0.751613 27.000000 0.103846 
0.745161 29.000000 0.111538 
0.745161 29.000000 0.111538 
0.748387 28.000000 0.107692 
0.770968 21.000000 0.080769 
0.754839 26.000000 0.100000 
0.748387 28.000000 0.107692 
0.748387 28.000000 0.107692 
0.754839 26.000000 0.100000 
0.741935 30.000000 0.115385 
0.758065 25.000000 0.096154 
0.748387 28.000000 0.107692 
0.751613 27.000000 0.103846 
0.738710 31.000000 0.119231 
0.754839 26.000000 0.100000 
0.738710 31.000000 0.119231 
0.735484 32.000000 0.123077 
0.754839 26.000000 0.100000 
0.748387 28.000000 0.107692 
0.758065 25.000000 0.096154 
0.748387 28.000000 0.107692 
0.748387 28.000000 0.107692 
0.751613 27.000000 0.103846 
0.754839 26.000000 0.100000 
0.754839 26.000000 0.100000 
0.735484 32.000000 0.123077 
0.751613 27.000000 0.103846 
0.748387 28.000000 0.107692 
0.748387 28.000000 0.107692 
0.745161 29.000000 0.111538 
0.738710 31.000000 0.119231 
0.761290 24.000000 0.092308 
0.764516 23.000000 0.088462 
0.732258 33.000000 0.126923 
0.741935 30.000000 0.115385 
0.732258 33.000000 0.126923 
0.761290 24.000000 0.092308 
0.758065 25.000000 0.096154 
0.735484 32.000000 0.123077 
0.741935 30.000000 0.115385 
0.754839 26.000000 0.100000 
0.748387 28.000000 0.107692 
0.761290 24.000000 0.092308 
0.741935 30.000000 0.115385 
0.748387 28.000000 0.107692 
0.741935 30.000000 0.115385 
0.745161 29.000000 0.111538 
0.758065 25.000000 0.096154 
0.741935 30.000000 0.115385 
0.748387 28.000000 0.107692 
0.748387 28.000000 0.107692 
0.758065 25.000000 0.096154 
0.751613 27.000000 0.103846 
0.748387 28.000000 0.107692 
0.748387 28.000000 0.107692 
0.754839 26.000000 0.100000 
0.732258 33.000000 0.126923 
0.745161 29.000000 0.111538 
0.748387 28.000000 0.107692 
0.748387 28.000000 0.107692 
0.735484 32.000000 0.123077 
0.751613 27.000000 0.103846 
0.761290 24.000000 0.092308 
0.754839 26.000000 0.100000 
0.767742 22.000000 0.084615 
0.748387 28.000000 0.107692 
0.741935 30.000000 0.115385 
0.758065 25.000000 0.096154 
0.754839 26.000000 0.100000 
0.741935 30.000000 0.115385 
0.751613 27.000000 0.103846 
0.758065 25.000000 0.096154 
0.741935 30.000000 0.115385 
0.751613 27.000000 0.103846 
0.758065 25.000000 0.096154 
0.764516 23.000000 0.088462 
0.761290 24.000000 0.092308 
0.748387 28.000000 0.107692 
0.732258 33.000000 0.126923 
0.751613 27.000000 0.103846 
0.738710 31.000000 0.119231 
0.758065 25.000000 0.096154 
0.764516 23.000000 0.088462 
0.745161 29.000000 0.111538 
0.748387 28.000000 0.107692 
0.738710 31.000000 0.119231 
0.754839 26.000000 0.100000 
0.761290 24.000000 0.092308 
0.754839 26.000000 0.100000 
0.745161 29.000000 0.111538 
0.745161 29.000000 0.111538 
0.745161 29.000000 0.111538 
0.761290 24.000000 0.092308 
0.732258 33.000000 0.126923 
0.738710 31.000000 0.119231 
0.751613 27.000000 0.103846 
0.729032 34.000000 0.130769 
0.738710 31.000000 0.119231 
0.738710 31.000000 0.119231 
0.761290 24.000000 0.092308 
0.761290 24.000000 0.092308 
0.748387 28.000000 0.107692 
0.748387 28.000000 0.107692 
0.741935 30.000000 0.115385 
0.748387 28.000000 0.107692 
0.751613 27.000000 0.103846 
0.741935 30.000000 0.115385 
0.754839 26.000000 0.100000 
0.745161 29.000000 0.111538 
0.745161 29.000000 0.111538 
0.738710 31.000000 0.119231 
0.758065 25.000000 0.096154 
0.754839 26.000000 0.100000 
0.758065 25.000000 0.096154 
0.751613 27.000000 0.103846 
0.748387 28.000000 0.107692 
0.745161 29.000000 0.111538 
0.754839 26.000000 0.100000 
0.754839 26.000000 0.100000 
0.738710 31.000000 0.119231 
0.735484 32.000000 0.123077 
0.751613 27.000000 0.103846 
0.764516 23.000000 0.088462 
0.751613 27.000000 0.103846 
0.745161 29.000000 0.111538 
0.738710 31.000000 0.119231 
0.748387 28.000000 0.107692 
0.754839 26.000000 0.100000 
0.748387 28.000000 0.107692 
0.745161 29.000000 0.111538 
0.767742 22.000000 0.084615 
0.748387 28.000000 0.107692 
0.741935 30.000000 0.115385 
0.735484 32.000000 0.123077 
0.745161 29.000000 0.111538 
0.751613 27.000000 0.103846 
0.751613 27.000000 0.103846 
0.735484 32.000000 0.123077 
0.754839 26.000000 0.100000 
0.735484 32.000000 0.123077 
0.748387 28.000000 0.107692 
0.754839 26.000000 0.100000 
0.754839 26.000000 0.100000 
0.732258 33.000000 0.126923 
0.741935 30.000000 0.115385 
0.751613 27.000000 0.103846 
0.754839 26.000000 0.100000 
0.748387 28.000000 0.107692 
0.758065 25.000000 0.096154 
0.748387 28.000000 0.107692 
0.745161 29.000000 0.111538 
0.741935 30.000000 0.115385 
0.745161 29.000000 0.111538 
0.764516 23.000000 0.088462 
0.754839 26.000000 0.100000 
0.751613 27.000000 0.103846 
0.741935 30.000000 0.115385 
0.754839 26.000000 0.100000 
0.735484 32.000000 0.123077 
0.758065 25.000000 0.096154 
0.745161 29.000000 0.111538 
0.748387 28.000000 0.107692 
0.748387 28.000000 0.107692 
0.748387 28.000000 0.107692 
0.735484 32.000000 0.123077 
0.764516 23.000000 0.088462 
0.758065 25.000000 0.096154 
0.751613 27.000000 0.103846 
0.738710 31.000000 0.119231 
0.748387 28.000000 0.107692 
0.767742 22.000000 0.084615 
0.745161 29.000000 0.111538 
0.748387 28.000000 0.107692 
0.751613 27.000000 0.103846 
0.751613 27.000000 0.103846 
0.741935 30.000000 0.115385 
0.751613 27.000000 0.103846 
0.748387 28.000000 0.107692 
0.758065 25.000000 0.096154 
0.751613 27.000000 0.103846 
0.754839 26.000000 0.100000 
0.754839 26.000000 0.100000 
0.754839 26.000000 0.100000 
0.745161 29.000000 0.111538 
0.745161 29.000000 0.111538 
0.748387 28.000000 0.107692 
0.738710 31.000000 0.119231 
0.761290 24.000000 0.092308 
0.745161 29.000000 0.111538 
0.745161 29.000000 0.111538 
0.735484 32.000000 0.123077 
0.751613 27.000000 0.103846 
0.738710 31.000000 0.119231 
0.751613 27.000000 0.103846 
0.745161 29.000000 0.111538 
0.751613 27.000000 0.103846 
0.741935 30.000000 0.115385 
0.745161 29.000000 0.111538 
0.758065 25.000000 0.096154 
0.767742 22.000000 0.084615 
0.754839 26.000000 0.100000 
0.761290 24.000000 0.092308 
0.764516 23.000000 0.088462 
0.729032 34.000000 0.130769 
0.741935 30.000000 0.115385 
0.758065 25.000000 0.096154 
0.745161 29.000000 0.111538 
0.748387 28.000000 0.107692 
0.751613 27.000000 0.103846 
0.748387 28.000000 0.107692 
0.751613 27.000000 0.103846 
0.738710 31.000000 0.119231 
0.761290 24.000000 0.092308 
0.732258 33.000000 0.126923 
0.748387 28.000000 0.107692 
0.738710 31.000000 0.119231 
0.754839 26.000000 0.100000 
0.754839 26.000000 0.100000 
0.751613 27.000000 0.103846 
0.761290 24.000000 0.092308 
0.741935 30.000000 0.115385 
0.741935 30.000000 0.115385 
0.751613 27.000000 0.103846 
0.751613 27.000000 0.103846 
0.745161 29.000000 0.111538 
0.754839 26.000000 0.100000 
0.741935 30.000000 0.115385 
0.741935 30.000000 0.115385 
0.754839 26.000000 0.100000 
0.770968 21.000000 0.080769 
0.748387 28.000000 0.107692 
0.748387 28.000000 0.107692 
0.751613 27.000000 0.103846 
0.751613 27.000000 0.103846 
0.754839 26.000000 0.100000 
0.745161 29.000000 0.111538 
0.754839 26.000000 0.100000 
0.758065 25.000000 0.096154 
0.722581 36.000000 0.138462 
0.761290 24.000000 0.092308 
0.738710 31.000000 0.119231 
0.751613 27.000000 0.103846 
0.761290 24.000000 0.092308 
0.754839 26.000000 0.100000 
0.748387 28.000000 0.107692 
0.758065 25.000000 0.096154 
0.751613 27.000000 0.103846 
0.745161 29.000000 0.111538 
0.745161 29.000000 0.111538 
0.741935 30.000000 0.115385 
0.751613 27.000000 0.103846 
0.741935 30.000000 0.115385 
0.738710 31.000000 0.119231 
0.754839 26.000000 0.100000 
0.748387 28.000000 0.107692 
0.732258 33.000000 0.126923 
0.745161 29.000000 0.111538 
0.751613 27.000000 0.103846 
0.758065 25.000000 0.096154 
0.758065 25.000000 0.096154 
0.761290 24.000000 0.092308 
0.738710 31.000000 0.119231 
0.741935 30.000000 0.115385 
0.738710 31.000000 0.119231 
0.758065 25.000000 0.096154 
0.758065 25.000000 0.096154 
0.761290 24.000000 0.092308 
0.754839 26.000000 0.100000 
0.732258 33.000000 0.126923 
0.738710 31.000000 0.119231 
0.741935 30.000000 0.115385 
0.748387 28.000000 0.107692 
0.761290 24.000000 0.092308 
0.745161 29.000000 0.111538 
0.748387 28.000000 0.107692 
0.741935 30.000000 0.115385 
0.735484 32.000000 0.123077 
0.745161 29.000000 0.111538 
0.754839 26.000000 0.100000 
0.738710 31.000000 0.119231 
0.764516 23.000000 0.088462 
0.754839 26.000000 0.100000 
0.751613 27.000000 0.103846 
0.735484 32.000000 0.123077 
0.735484 32.000000 0.123077 
0.751613 27.000000 0.103846 
0.754839 26.000000 0.100000 
0.751613 27.000000 0.103846 
0.745161 29.000000 0.111538 
0.735484 32.000000 0.123077 
0.748387 28.000000 0.107692 
0.741935 30.000000 0.115385 
0.770968 21.000000 0.080769 
0.761290 24.000000 0.092308 
0.751613 27.000000 0.103846 
0.751613 27.000000 0.103846 
0.754839 26.000000 0.100000 
0.732258 33.000000 0.126923 
0.741935 30.000000 0.115385 
0.751613 27.000000 0.103846 
0.761290 24.000000 0.092308 
0.751613 27.000000 0.103846 
0.735484 32.000000 0.123077 
0.761290 24.000000 0.092308 
0.751613 27.000000 0.103846 
0.745161 29.000000 0.111538 
0.745161 29.000000 0.111538 
0.745161 29.000000 0.111538 
0.758065 25.000000 0.096154 
0.745161 29.000000 0.111538 
0.764516 23.000000 0.088462 
0.754839 26.000000 0.100000 
0.748387 28.000000 0.107692 
0.758065 25.000000 0.096154 
0.741935 30.000000 0.115385 
0.745161 29.000000 0.111538 
0.745161 29.000000 0.111538 
0.741935 30.000000 0.115385 
0.751613 27.000000 0.103846 
0.745161 29.000000 0.111538 
0.738710 31.000000 0.119231 
0.738710 31.000000 0.119231 
0.741935 30.000000 0.115385 
0.741935 30.000000 0.115385 
0.758065 25.000000 0.096154 
0.764516 23.000000 0.088462 
0.738710 31.000000 0.119231 
0.745161 29.000000 0.111538 
0.754839 26.000000 0.100000 
