0.468235 116.000000 0.088550 
0.470196 111.000000 0.084733 
0.469412 113.000000 0.086260 
0.474118 101.000000 0.077099 
0.479608 87.000000 0.066412 
0.471373 108.000000 0.082443 
0.476471 95.000000 0.072519 
0.469804 112.000000 0.085496 
0.469804 112.000000 0.085496 
0.470980 109.000000 0.083206 
0.471373 108.000000 0.082443 
0.468235 116.000000 0.088550 
0.470980 109.000000 0.083206 
0.475294 98.000000 0.074809 
0.473333 103.000000 0.078626 
0.475294 98.000000 0.074809 
0.472941 104.000000 0.079389 
0.469020 114.000000 0.087023 
0.472549 105.000000 0.080153 
0.468235 116.000000 0.088550 
0.470980 109.000000 0.083206 
0.478039 91.000000 0.069466 
0.475294 98.000000 0.074809 
0.477255 93.000000 0.070992 
0.470196 111.000000 0.084733 
0.479216 88.000000 0.067176 
0.467843 117.000000 0.089313 
0.466667 120.000000 0.091603 
0.479216 88.000000 0.067176 
0.471765 107.000000 0.081679 
0.474902 99.000000 0.075573 
0.470980 109.000000 0.083206 
0.472549 105.000000 0.080153 
0.474118 101.000000 0.077099 
0.471765 107.000000 0.081679 
0.471765 107.000000 0.081679 
0.474510 100.000000 0.076336 
0.470196 111.000000 0.084733 
0.471765 107.000000 0.081679 
0.473725 102.000000 0.077863 
0.464314 126.000000 0.096183 
0.469412 113.000000 0.086260 
0.474510 100.000000 0.076336 
0.465098 124.000000 0.094656 
0.468627 115.000000 0.087786 
0.480392 85.000000 0.064885 
0.473333 103.000000 0.078626 
0.475686 97.000000 0.074046 
0.469020 114.000000 0.087023 
0.476863 94.000000 0.071756 
0.464706 125.000000 0.095420 
0.471373 108.000000 0.082443 
0.478039 91.000000 0.069466 
0.476471 95.000000 0.072519 
0.477647 92.000000 0.070229 
0.480000 86.000000 0.065649 
0.478431 90.000000 0.068702 
0.478824 89.000000 0.067939 
0.468235 116.000000 0.088550 
0.478039 91.000000 0.069466 
0.471373 108.000000 0.082443 
0.469412 113.000000 0.086260 
0.473333 103.000000 0.078626 
0.471373 108.000000 0.082443 
0.470196 111.000000 0.084733 
0.477647 92.000000 0.070229 
0.478431 90.000000 0.068702 
0.475686 97.000000 0.074046 
0.477647 92.000000 0.070229 
0.468627 115.000000 0.087786 
0.468627 115.000000 0.087786 
0.478824 89.000000 0.067939 
0.472549 105.000000 0.080153 
0.468627 115.000000 0.087786 
0.468235 116.000000 0.088550 
0.473725 102.000000 0.077863 
0.474118 101.000000 0.077099 
0.472157 106.000000 0.080916 
0.466275 121.000000 0.092366 
0.472549 105.000000 0.080153 
0.470980 109.000000 0.083206 
0.472941 104.000000 0.079389 
0.474118 101.000000 0.077099 
0.477255 93.000000 0.070992 
0.471373 108.000000 0.082443 
0.468235 116.000000 0.088550 
0.473725 102.000000 0.077863 
0.472549 105.000000 0.080153 
0.474510 100.000000 0.076336 
0.474118 101.000000 0.077099 
0.479216 88.000000 0.067176 
0.478824 89.000000 0.067939 
0.471765 107.000000 0.081679 
0.472549 105.000000 0.080153 
0.474118 101.000000 0.077099 
0.475686 97.000000 0.074046 
0.469804 112.000000 0.085496 
0.470980 109.000000 0.083206 
0.473725 102.000000 0.077863 
0.475686 97.000000 0.074046 
0.467059 119.000000 0.090840 
0.469020 114.000000 0.087023 
0.471765 107.000000 0.081679 
0.476078 96.000000 0.073282 
0.475294 98.000000 0.074809 
0.472549 105.000000 0.080153 
0.472157 106.000000 0.080916 
0.468627 115.000000 0.087786 
0.469804 112.000000 0.085496 
0.474118 101.000000 0.077099 
0.474118 101.000000 0.077099 
0.475294 98.000000 0.074809 
0.470980 109.000000 0.083206 
0.471373 108.000000 0.082443 
0.477255 93.000000 0.070992 
0.474902 99.000000 0.075573 
0.472549 105.000000 0.080153 
0.474510 100.000000 0.076336 
0.477647 92.000000 0.070229 
0.470588 110.000000 0.083969 
0.476078 96.000000 0.073282 
0.469412 113.000000 0.086260 
0.468235 116.000000 0.088550 
0.471765 107.000000 0.081679 
0.480784 84.000000 0.064122 
0.475294 98.000000 0.074809 
0.475294 98.000000 0.074809 
0.477647 92.000000 0.070229 
0.478431 90.000000 0.068702 
0.469020 114.000000 0.087023 
0.469804 112.000000 0.085496 
0.474902 99.000000 0.075573 
0.480000 86.000000 0.065649 
0.469412 113.000000 0.086260 
0.472941 104.000000 0.079389 
0.475294 98.000000 0.074809 
0.466275 121.000000 0.092366 
0.470980 109.000000 0.083206 
0.474510 100.000000 0.076336 
0.469412 113.000000 0.086260 
0.461569 133.000000 0.101527 
0.470588 110.000000 0.083969 
0.472157 106.000000 0.080916 
0.474118 101.000000 0.077099 
0.472941 104.000000 0.079389 
0.465882 122.000000 0.093130 
0.470588 110.000000 0.083969 
0.472941 104.000000 0.079389 
0.470980 109.000000 0.083206 
0.474118 101.000000 0.077099 
0.471373 108.000000 0.082443 
0.467843 117.000000 0.089313 
0.471373 108.000000 0.082443 
0.474118 101.000000 0.077099 
0.478431 90.000000 0.068702 
0.472941 104.000000 0.079389 
0.478824 89.000000 0.067939 
0.469020 114.000000 0.087023 
0.473333 103.000000 0.078626 
0.470980 109.000000 0.083206 
0.477255 93.000000 0.070992 
0.473725 102.000000 0.077863 
0.471373 108.000000 0.082443 
0.471373 108.000000 0.082443 
0.471765 107.000000 0.081679 
0.478431 90.000000 0.068702 
0.470980 109.000000 0.083206 
0.470196 111.000000 0.084733 
0.473725 102.000000 0.077863 
0.465882 122.000000 0.093130 
0.473333 103.000000 0.078626 
0.463137 129.000000 0.098473 
0.473725 102.000000 0.077863 
0.471765 107.000000 0.081679 
0.482745 79.000000 0.060305 
0.470980 109.000000 0.083206 
0.475294 98.000000 0.074809 
0.471765 107.000000 0.081679 
0.476471 95.000000 0.072519 
0.473333 103.000000 0.078626 
0.471765 107.000000 0.081679 
0.474902 99.000000 0.075573 
0.475686 97.000000 0.074046 
0.469804 112.000000 0.085496 
0.471373 108.000000 0.082443 
0.475686 97.000000 0.074046 
0.470588 110.000000 0.083969 
0.465098 124.000000 0.094656 
0.474510 100.000000 0.076336 
0.469412 113.000000 0.086260 
0.465882 122.000000 0.093130 
0.471765 107.000000 0.081679 
0.467451 118.000000 0.090076 
0.470980 109.000000 0.083206 
0.475686 97.000000 0.074046 
0.472941 104.000000 0.079389 
0.474510 100.000000 0.076336 
0.466275 121.000000 0.092366 
0.465882 122.000000 0.093130 
0.478824 89.000000 0.067939 
0.467843 117.000000 0.089313 
0.470980 109.000000 0.083206 
0.471373 108.000000 0.082443 
0.474902 99.000000 0.075573 
0.466667 120.000000 0.091603 
0.468235 116.000000 0.088550 
0.473333 103.000000 0.078626 
0.473725 102.000000 0.077863 
0.483137 78.000000 0.059542 
0.463137 129.000000 0.098473 
0.473333 103.000000 0.078626 
0.474118 101.000000 0.077099 
0.471765 107.000000 0.081679 
0.468627 115.000000 0.087786 
0.469412 113.000000 0.086260 
0.475686 97.000000 0.074046 
0.476078 96.000000 0.073282 
0.472157 106.000000 0.080916 
0.472157 106.000000 0.080916 
0.476863 94.000000 0.071756 
0.470980 109.000000 0.083206 
0.477647 92.000000 0.070229 
0.480000 86.000000 0.065649 
0.474902 99.000000 0.075573 
0.465490 123.000000 0.093893 
0.472549 105.000000 0.080153 
0.472549 105.000000 0.080153 
0.470196 111.000000 0.084733 
0.475686 97.000000 0.074046 
0.473333 103.000000 0.078626 
0.476078 96.000000 0.073282 
0.470196 111.000000 0.084733 
0.470980 109.000000 0.083206 
0.468235 116.000000 0.088550 
0.473725 102.000000 0.077863 
0.469804 112.000000 0.085496 
0.476078 96.000000 0.073282 
0.480784 84.000000 0.064122 
0.477647 92.000000 0.070229 
0.469020 114.000000 0.087023 
0.472549 105.000000 0.080153 
0.476078 96.000000 0.073282 
0.479608 87.000000 0.066412 
0.473333 103.000000 0.078626 
0.473725 102.000000 0.077863 
0.466275 121.000000 0.092366 
0.470980 109.000000 0.083206 
0.470980 109.000000 0.083206 
0.463529 128.000000 0.097710 
0.465882 122.000000 0.093130 
0.467843 117.000000 0.089313 
0.471373 108.000000 0.082443 
0.471765 107.000000 0.081679 
0.471765 107.000000 0.081679 
0.472157 106.000000 0.080916 
0.473725 102.000000 0.077863 
0.470980 109.000000 0.083206 
0.470588 110.000000 0.083969 
0.481569 82.000000 0.062595 
0.475686 97.000000 0.074046 
0.470980 109.000000 0.083206 
0.474118 101.000000 0.077099 
0.464314 126.000000 0.096183 
0.478824 89.000000 0.067939 
0.478039 91.000000 0.069466 
0.469804 112.000000 0.085496 
0.469804 112.000000 0.085496 
0.472941 104.000000 0.079389 
0.470588 110.000000 0.083969 
0.474510 100.000000 0.076336 
0.471765 107.000000 0.081679 
0.474118 101.000000 0.077099 
0.467059 119.000000 0.090840 
0.478039 91.000000 0.069466 
0.467451 118.000000 0.090076 
0.476471 95.000000 0.072519 
0.476078 96.000000 0.073282 
0.476471 95.000000 0.072519 
0.464314 126.000000 0.096183 
0.472157 106.000000 0.080916 
0.474510 100.000000 0.076336 
0.473333 103.000000 0.078626 
0.468627 115.000000 0.087786 
0.481176 83.000000 0.063359 
0.488235 65.000000 0.049618 
0.475686 97.000000 0.074046 
0.472941 104.000000 0.079389 
0.469804 112.000000 0.085496 
0.472941 104.000000 0.079389 
0.472549 105.000000 0.080153 
0.467451 118.000000 0.090076 
0.466275 121.000000 0.092366 
0.473333 103.000000 0.078626 
0.471373 108.000000 0.082443 
0.469412 113.000000 0.086260 
0.476471 95.000000 0.072519 
0.469804 112.000000 0.085496 
0.473725 102.000000 0.077863 
0.470588 110.000000 0.083969 
0.468627 115.000000 0.087786 
0.474510 100.000000 0.076336 
0.469804 112.000000 0.085496 
0.460784 135.000000 0.103053 
0.478824 89.000000 0.067939 
0.467451 118.000000 0.090076 
0.472549 105.000000 0.080153 
0.478431 90.000000 0.068702 
0.476471 95.000000 0.072519 
0.474510 100.000000 0.076336 
0.470980 109.000000 0.083206 
0.461569 133.000000 0.101527 
0.473333 103.000000 0.078626 
0.472549 105.000000 0.080153 
0.468627 115.000000 0.087786 
0.467451 118.000000 0.090076 
0.474902 99.000000 0.075573 
0.478824 89.000000 0.067939 
0.473725 102.000000 0.077863 
0.468235 116.000000 0.088550 
0.467059 119.000000 0.090840 
0.470980 109.000000 0.083206 
0.469412 113.000000 0.086260 
0.472941 104.000000 0.079389 
0.481176 83.000000 0.063359 
0.464314 126.000000 0.096183 
0.468235 116.000000 0.088550 
0.482353 80.000000 0.061069 
0.470980 109.000000 0.083206 
0.474902 99.000000 0.075573 
0.472157 106.000000 0.080916 
0.479608 87.000000 0.066412 
0.477255 93.000000 0.070992 
0.478431 90.000000 0.068702 
0.469804 112.000000 0.085496 
0.470980 109.000000 0.083206 
0.478039 91.000000 0.069466 
0.469412 113.000000 0.086260 
0.466275 121.000000 0.092366 
0.467451 118.000000 0.090076 
0.473333 103.000000 0.078626 
0.472157 106.000000 0.080916 
0.462353 131.000000 0.100000 
0.462745 130.000000 0.099237 
0.473333 103.000000 0.078626 
0.474902 99.000000 0.075573 
0.467843 117.000000 0.089313 
0.464314 126.000000 0.096183 
0.469020 114.000000 0.087023 
0.473333 103.000000 0.078626 
0.469804 112.000000 0.085496 
0.472157 106.000000 0.080916 
0.469804 112.000000 0.085496 
0.474118 101.000000 0.077099 
0.473333 103.000000 0.078626 
0.462745 130.000000 0.099237 
0.478824 89.000000 0.067939 
0.476471 95.000000 0.072519 
0.473333 103.000000 0.078626 
0.473333 103.000000 0.078626 
0.474510 100.000000 0.076336 
0.472941 104.000000 0.079389 
0.470196 111.000000 0.084733 
0.469804 112.000000 0.085496 
0.473333 103.000000 0.078626 
0.467843 117.000000 0.089313 
0.475686 97.000000 0.074046 
0.470588 110.000000 0.083969 
0.476078 96.000000 0.073282 
0.472157 106.000000 0.080916 
0.473333 103.000000 0.078626 
0.468627 115.000000 0.087786 
0.471373 108.000000 0.082443 
0.472549 105.000000 0.080153 
0.472941 104.000000 0.079389 
0.475294 98.000000 0.074809 
0.465098 124.000000 0.094656 
0.475294 98.000000 0.074809 
0.473725 102.000000 0.077863 
0.470196 111.000000 0.084733 
0.476078 96.000000 0.073282 
0.472941 104.000000 0.079389 
0.468627 115.000000 0.087786 
0.466667 120.000000 0.091603 
0.472941 104.000000 0.079389 
0.470196 111.000000 0.084733 
0.469412 113.000000 0.086260 
0.471765 107.000000 0.081679 
0.477255 93.000000 0.070992 
0.470588 110.000000 0.083969 
0.475686 97.000000 0.074046 
0.476471 95.000000 0.072519 
0.474510 100.000000 0.076336 
0.476863 94.000000 0.071756 
0.470980 109.000000 0.083206 
0.466667 120.000000 0.091603 
0.464706 125.000000 0.095420 
0.467843 117.000000 0.089313 
0.468235 116.000000 0.088550 
0.465882 122.000000 0.093130 
0.472941 104.000000 0.079389 
0.472549 105.000000 0.080153 
0.471765 107.000000 0.081679 
0.465882 122.000000 0.093130 
0.475686 97.000000 0.074046 
0.476078 96.000000 0.073282 
0.473725 102.000000 0.077863 
0.469804 112.000000 0.085496 
0.469020 114.000000 0.087023 
0.470980 109.000000 0.083206 
0.470588 110.000000 0.083969 
0.464314 126.000000 0.096183 
0.476078 96.000000 0.073282 
0.480000 86.000000 0.065649 
0.471765 107.000000 0.081679 
0.471373 108.000000 0.082443 
0.469020 114.000000 0.087023 
0.476078 96.000000 0.073282 
0.472157 106.000000 0.080916 
0.466275 121.000000 0.092366 
0.469412 113.000000 0.086260 
0.472157 106.000000 0.080916 
0.467059 119.000000 0.090840 
0.465882 122.000000 0.093130 
0.473333 103.000000 0.078626 
0.470980 109.000000 0.083206 
0.467843 117.000000 0.089313 
0.478824 89.000000 0.067939 
0.466667 120.000000 0.091603 
0.463922 127.000000 0.096947 
0.472157 106.000000 0.080916 
0.467451 118.000000 0.090076 
0.478431 90.000000 0.068702 
0.474510 100.000000 0.076336 
0.475294 98.000000 0.074809 
0.469412 113.000000 0.086260 
0.472157 106.000000 0.080916 
0.472941 104.000000 0.079389 
0.473333 103.000000 0.078626 
0.474118 101.000000 0.077099 
0.472549 105.000000 0.080153 
0.474118 101.000000 0.077099 
0.469020 114.000000 0.087023 
0.467843 117.000000 0.089313 
0.475686 97.000000 0.074046 
0.472941 104.000000 0.079389 
0.472549 105.000000 0.080153 
0.473333 103.000000 0.078626 
0.477647 92.000000 0.070229 
0.475686 97.000000 0.074046 
0.476471 95.000000 0.072519 
0.466275 121.000000 0.092366 
0.467451 118.000000 0.090076 
0.476078 96.000000 0.073282 
0.476078 96.000000 0.073282 
0.475686 97.000000 0.074046 
0.474902 99.000000 0.075573 
0.480392 85.000000 0.064885 
0.472549 105.000000 0.080153 
0.472157 106.000000 0.080916 
0.467451 118.000000 0.090076 
0.486275 70.000000 0.053435 
0.466667 120.000000 0.091603 
0.465490 123.000000 0.093893 
0.469804 112.000000 0.085496 
0.472157 106.000000 0.080916 
0.475294 98.000000 0.074809 
0.469804 112.000000 0.085496 
0.468235 116.000000 0.088550 
0.469412 113.000000 0.086260 
0.477647 92.000000 0.070229 
0.468235 116.000000 0.088550 
0.467843 117.000000 0.089313 
0.463529 128.000000 0.097710 
0.468627 115.000000 0.087786 
0.476078 96.000000 0.073282 
0.468235 116.000000 0.088550 
0.470196 111.000000 0.084733 
0.473725 102.000000 0.077863 
0.470588 110.000000 0.083969 
0.474118 101.000000 0.077099 
0.474118 101.000000 0.077099 
0.472941 104.000000 0.079389 
0.475294 98.000000 0.074809 
0.469804 112.000000 0.085496 
0.471765 107.000000 0.081679 
0.470196 111.000000 0.084733 
0.469804 112.000000 0.085496 
0.477647 92.000000 0.070229 
0.475686 97.000000 0.074046 
0.479216 88.000000 0.067176 
0.474510 100.000000 0.076336 
0.474118 101.000000 0.077099 
0.474902 99.000000 0.075573 
0.475294 98.000000 0.074809 
0.475686 97.000000 0.074046 
0.477255 93.000000 0.070992 
0.469412 113.000000 0.086260 
0.481176 83.000000 0.063359 
0.473333 103.000000 0.078626 
0.472941 104.000000 0.079389 
0.476471 95.000000 0.072519 
