0.770157 439.000000 0.229843 
0.780105 420.000000 0.219895 
0.773822 432.000000 0.226178 
0.780628 419.000000 0.219372 
0.777487 425.000000 0.222513 
0.782199 416.000000 0.217801 
0.776963 426.000000 0.223037 
0.772251 435.000000 0.227749 
0.785340 410.000000 0.214660 
0.769110 441.000000 0.230890 
0.780628 419.000000 0.219372 
0.779058 422.000000 0.220942 
0.775916 428.000000 0.224084 
0.778534 423.000000 0.221466 
0.773822 432.000000 0.226178 
0.777487 425.000000 0.222513 
0.779058 422.000000 0.220942 
0.782199 416.000000 0.217801 
0.775393 429.000000 0.224607 
0.781152 418.000000 0.218848 
0.778534 423.000000 0.221466 
0.778010 424.000000 0.221990 
0.784817 411.000000 0.215183 
0.774346 431.000000 0.225654 
0.775916 428.000000 0.224084 
0.771204 437.000000 0.228796 
0.776963 426.000000 0.223037 
0.775916 428.000000 0.224084 
0.775916 428.000000 0.224084 
0.779581 421.000000 0.220419 
0.778010 424.000000 0.221990 
0.784293 412.000000 0.215707 
0.783770 413.000000 0.216230 
0.770157 439.000000 0.229843 
0.769634 440.000000 0.230366 
0.778010 424.000000 0.221990 
0.771728 436.000000 0.228272 
0.770157 439.000000 0.229843 
0.777487 425.000000 0.222513 
0.776440 427.000000 0.223560 
0.780105 420.000000 0.219895 
0.775393 429.000000 0.224607 
0.784293 412.000000 0.215707 
0.784293 412.000000 0.215707 
0.782723 415.000000 0.217277 
0.765969 447.000000 0.234031 
0.777487 425.000000 0.222513 
0.774869 430.000000 0.225131 
0.764398 450.000000 0.235602 
0.772775 434.000000 0.227225 
0.773298 433.000000 0.226702 
0.776440 427.000000 0.223560 
0.778534 423.000000 0.221466 
0.770681 438.000000 0.229319 
0.771204 437.000000 0.228796 
0.779581 421.000000 0.220419 
0.780105 420.000000 0.219895 
0.773298 433.000000 0.226702 
0.775393 429.000000 0.224607 
0.776963 426.000000 0.223037 
0.778534 423.000000 0.221466 
0.766492 446.000000 0.233508 
0.775393 429.000000 0.224607 
0.782723 415.000000 0.217277 
0.776440 427.000000 0.223560 
0.772775 434.000000 0.227225 
0.774346 431.000000 0.225654 
0.769110 441.000000 0.230890 
0.780105 420.000000 0.219895 
0.765969 447.000000 0.234031 
0.777487 425.000000 0.222513 
0.768063 443.000000 0.231937 
0.772251 435.000000 0.227749 
0.773298 433.000000 0.226702 
0.773822 432.000000 0.226178 
0.768586 442.000000 0.231414 
0.768063 443.000000 0.231937 
0.776963 426.000000 0.223037 
0.767016 445.000000 0.232984 
0.770681 438.000000 0.229319 
0.771728 436.000000 0.228272 
0.777487 425.000000 0.222513 
0.774869 430.000000 0.225131 
0.776963 426.000000 0.223037 
0.780105 420.000000 0.219895 
0.766492 446.000000 0.233508 
0.781675 417.000000 0.218325 
0.777487 425.000000 0.222513 
0.778010 424.000000 0.221990 
0.768586 442.000000 0.231414 
0.765445 448.000000 0.234555 
0.782199 416.000000 0.217801 
0.777487 425.000000 0.222513 
0.772251 435.000000 0.227749 
0.776440 427.000000 0.223560 
0.780105 420.000000 0.219895 
0.777487 425.000000 0.222513 
0.774346 431.000000 0.225654 
0.773298 433.000000 0.226702 
0.775916 428.000000 0.224084 
0.778010 424.000000 0.221990 
0.767539 444.000000 0.232461 
0.780628 419.000000 0.219372 
0.768063 443.000000 0.231937 
0.770681 438.000000 0.229319 
0.774346 431.000000 0.225654 
0.771204 437.000000 0.228796 
0.767016 445.000000 0.232984 
0.776440 427.000000 0.223560 
0.769110 441.000000 0.230890 
0.784293 412.000000 0.215707 
0.769110 441.000000 0.230890 
0.777487 425.000000 0.222513 
0.765969 447.000000 0.234031 
0.779058 422.000000 0.220942 
0.775393 429.000000 0.224607 
0.778534 423.000000 0.221466 
0.770681 438.000000 0.229319 
0.773298 433.000000 0.226702 
0.773298 433.000000 0.226702 
0.772775 434.000000 0.227225 
0.776963 426.000000 0.223037 
0.783770 413.000000 0.216230 
0.779581 421.000000 0.220419 
0.778534 423.000000 0.221466 
0.768063 443.000000 0.231937 
0.768063 443.000000 0.231937 
0.769634 440.000000 0.230366 
0.779058 422.000000 0.220942 
0.781675 417.000000 0.218325 
0.768586 442.000000 0.231414 
0.775393 429.000000 0.224607 
0.779581 421.000000 0.220419 
0.774869 430.000000 0.225131 
0.779581 421.000000 0.220419 
0.768586 442.000000 0.231414 
0.774346 431.000000 0.225654 
0.762827 453.000000 0.237173 
0.779058 422.000000 0.220942 
0.773298 433.000000 0.226702 
0.770157 439.000000 0.229843 
0.775916 428.000000 0.224084 
0.777487 425.000000 0.222513 
0.774869 430.000000 0.225131 
0.779058 422.000000 0.220942 
0.772775 434.000000 0.227225 
0.778534 423.000000 0.221466 
0.771204 437.000000 0.228796 
0.775393 429.000000 0.224607 
0.763351 452.000000 0.236649 
0.774346 431.000000 0.225654 
0.768586 442.000000 0.231414 
0.780105 420.000000 0.219895 
0.780628 419.000000 0.219372 
0.776963 426.000000 0.223037 
0.772251 435.000000 0.227749 
0.776963 426.000000 0.223037 
0.773822 432.000000 0.226178 
0.775393 429.000000 0.224607 
0.776963 426.000000 0.223037 
0.773822 432.000000 0.226178 
0.767539 444.000000 0.232461 
0.765969 447.000000 0.234031 
0.784817 411.000000 0.215183 
0.775393 429.000000 0.224607 
0.774869 430.000000 0.225131 
0.768063 443.000000 0.231937 
0.775393 429.000000 0.224607 
0.782723 415.000000 0.217277 
0.774869 430.000000 0.225131 
0.778010 424.000000 0.221990 
0.776963 426.000000 0.223037 
0.774346 431.000000 0.225654 
0.772775 434.000000 0.227225 
0.769634 440.000000 0.230366 
0.779581 421.000000 0.220419 
0.779058 422.000000 0.220942 
0.774869 430.000000 0.225131 
0.775393 429.000000 0.224607 
0.778534 423.000000 0.221466 
0.768063 443.000000 0.231937 
0.775393 429.000000 0.224607 
0.776963 426.000000 0.223037 
0.772775 434.000000 0.227225 
0.780628 419.000000 0.219372 
0.770157 439.000000 0.229843 
0.782723 415.000000 0.217277 
0.770681 438.000000 0.229319 
0.769634 440.000000 0.230366 
0.773298 433.000000 0.226702 
0.774346 431.000000 0.225654 
0.783246 414.000000 0.216754 
0.771728 436.000000 0.228272 
0.783770 413.000000 0.216230 
0.772775 434.000000 0.227225 
0.771204 437.000000 0.228796 
0.780105 420.000000 0.219895 
0.775393 429.000000 0.224607 
0.776440 427.000000 0.223560 
0.773298 433.000000 0.226702 
0.782199 416.000000 0.217801 
0.779058 422.000000 0.220942 
0.769634 440.000000 0.230366 
0.780105 420.000000 0.219895 
0.765445 448.000000 0.234555 
0.782199 416.000000 0.217801 
0.768063 443.000000 0.231937 
0.772251 435.000000 0.227749 
0.782199 416.000000 0.217801 
0.775393 429.000000 0.224607 
0.772251 435.000000 0.227749 
0.782199 416.000000 0.217801 
0.780628 419.000000 0.219372 
0.774869 430.000000 0.225131 
0.774346 431.000000 0.225654 
0.778534 423.000000 0.221466 
0.771204 437.000000 0.228796 
0.782723 415.000000 0.217277 
0.769110 441.000000 0.230890 
0.771204 437.000000 0.228796 
0.775393 429.000000 0.224607 
0.775916 428.000000 0.224084 
0.771728 436.000000 0.228272 
0.784293 412.000000 0.215707 
0.779058 422.000000 0.220942 
0.768586 442.000000 0.231414 
0.776963 426.000000 0.223037 
0.778534 423.000000 0.221466 
0.772251 435.000000 0.227749 
0.773822 432.000000 0.226178 
0.771728 436.000000 0.228272 
0.779058 422.000000 0.220942 
0.782199 416.000000 0.217801 
0.775916 428.000000 0.224084 
0.781675 417.000000 0.218325 
0.776440 427.000000 0.223560 
0.773298 433.000000 0.226702 
0.775393 429.000000 0.224607 
0.774346 431.000000 0.225654 
0.770157 439.000000 0.229843 
0.772775 434.000000 0.227225 
0.783246 414.000000 0.216754 
0.772775 434.000000 0.227225 
0.771728 436.000000 0.228272 
0.776440 427.000000 0.223560 
0.771204 437.000000 0.228796 
0.772775 434.000000 0.227225 
0.785864 409.000000 0.214136 
0.770157 439.000000 0.229843 
0.768063 443.000000 0.231937 
0.772251 435.000000 0.227749 
0.781152 418.000000 0.218848 
0.782199 416.000000 0.217801 
0.775916 428.000000 0.224084 
0.770681 438.000000 0.229319 
0.770157 439.000000 0.229843 
0.767016 445.000000 0.232984 
0.779058 422.000000 0.220942 
0.771204 437.000000 0.228796 
0.768586 442.000000 0.231414 
0.779581 421.000000 0.220419 
0.782199 416.000000 0.217801 
0.777487 425.000000 0.222513 
0.776440 427.000000 0.223560 
0.777487 425.000000 0.222513 
0.774869 430.000000 0.225131 
0.774869 430.000000 0.225131 
0.774869 430.000000 0.225131 
0.773822 432.000000 0.226178 
0.768063 443.000000 0.231937 
0.769634 440.000000 0.230366 
0.769634 440.000000 0.230366 
0.769110 441.000000 0.230890 
0.775916 428.000000 0.224084 
0.774346 431.000000 0.225654 
0.775916 428.000000 0.224084 
0.769634 440.000000 0.230366 
0.782723 415.000000 0.217277 
0.778534 423.000000 0.221466 
0.774346 431.000000 0.225654 
0.779581 421.000000 0.220419 
0.766492 446.000000 0.233508 
0.771204 437.000000 0.228796 
0.771204 437.000000 0.228796 
0.773298 433.000000 0.226702 
0.771728 436.000000 0.228272 
0.778534 423.000000 0.221466 
0.772251 435.000000 0.227749 
0.768586 442.000000 0.231414 
0.772775 434.000000 0.227225 
0.773298 433.000000 0.226702 
0.773822 432.000000 0.226178 
0.774346 431.000000 0.225654 
0.782723 415.000000 0.217277 
0.780628 419.000000 0.219372 
0.780628 419.000000 0.219372 
0.774346 431.000000 0.225654 
0.774346 431.000000 0.225654 
0.774869 430.000000 0.225131 
0.774869 430.000000 0.225131 
0.765445 448.000000 0.234555 
0.778534 423.000000 0.221466 
0.774346 431.000000 0.225654 
0.775916 428.000000 0.224084 
0.769634 440.000000 0.230366 
0.776963 426.000000 0.223037 
0.777487 425.000000 0.222513 
0.769110 441.000000 0.230890 
0.772775 434.000000 0.227225 
0.772775 434.000000 0.227225 
0.770681 438.000000 0.229319 
0.779581 421.000000 0.220419 
0.771728 436.000000 0.228272 
0.772775 434.000000 0.227225 
0.768063 443.000000 0.231937 
0.774869 430.000000 0.225131 
0.776440 427.000000 0.223560 
0.775916 428.000000 0.224084 
0.781152 418.000000 0.218848 
0.770681 438.000000 0.229319 
0.769110 441.000000 0.230890 
0.765969 447.000000 0.234031 
0.767539 444.000000 0.232461 
0.777487 425.000000 0.222513 
0.778010 424.000000 0.221990 
0.776440 427.000000 0.223560 
0.769634 440.000000 0.230366 
0.770157 439.000000 0.229843 
0.774869 430.000000 0.225131 
0.778010 424.000000 0.221990 
0.776963 426.000000 0.223037 
0.778010 424.000000 0.221990 
0.772775 434.000000 0.227225 
0.779581 421.000000 0.220419 
0.770681 438.000000 0.229319 
0.775393 429.000000 0.224607 
0.772775 434.000000 0.227225 
0.774869 430.000000 0.225131 
0.768586 442.000000 0.231414 
0.773822 432.000000 0.226178 
0.773822 432.000000 0.226178 
0.774869 430.000000 0.225131 
0.774346 431.000000 0.225654 
0.780105 420.000000 0.219895 
0.789005 403.000000 0.210995 
0.778534 423.000000 0.221466 
0.770157 439.000000 0.229843 
0.772775 434.000000 0.227225 
0.776440 427.000000 0.223560 
0.786387 408.000000 0.213613 
0.779581 421.000000 0.220419 
0.773822 432.000000 0.226178 
0.771728 436.000000 0.228272 
0.768063 443.000000 0.231937 
0.780105 420.000000 0.219895 
0.774346 431.000000 0.225654 
0.773822 432.000000 0.226178 
0.771204 437.000000 0.228796 
0.771204 437.000000 0.228796 
0.773822 432.000000 0.226178 
0.778534 423.000000 0.221466 
0.779058 422.000000 0.220942 
0.775393 429.000000 0.224607 
0.781152 418.000000 0.218848 
0.771728 436.000000 0.228272 
0.773822 432.000000 0.226178 
0.778534 423.000000 0.221466 
0.778010 424.000000 0.221990 
0.768063 443.000000 0.231937 
0.764921 449.000000 0.235079 
0.773822 432.000000 0.226178 
0.779058 422.000000 0.220942 
0.779581 421.000000 0.220419 
0.786387 408.000000 0.213613 
0.765969 447.000000 0.234031 
0.772775 434.000000 0.227225 
0.777487 425.000000 0.222513 
0.774346 431.000000 0.225654 
0.776440 427.000000 0.223560 
0.768063 443.000000 0.231937 
0.776963 426.000000 0.223037 
0.780105 420.000000 0.219895 
0.783246 414.000000 0.216754 
0.773298 433.000000 0.226702 
0.779581 421.000000 0.220419 
0.768063 443.000000 0.231937 
0.768586 442.000000 0.231414 
0.776440 427.000000 0.223560 
0.770681 438.000000 0.229319 
0.770157 439.000000 0.229843 
0.776440 427.000000 0.223560 
0.780105 420.000000 0.219895 
0.785864 409.000000 0.214136 
0.766492 446.000000 0.233508 
0.782723 415.000000 0.217277 
0.778534 423.000000 0.221466 
0.772775 434.000000 0.227225 
0.777487 425.000000 0.222513 
0.770157 439.000000 0.229843 
0.769634 440.000000 0.230366 
0.774869 430.000000 0.225131 
0.770157 439.000000 0.229843 
0.777487 425.000000 0.222513 
0.769634 440.000000 0.230366 
0.777487 425.000000 0.222513 
0.777487 425.000000 0.222513 
0.776963 426.000000 0.223037 
0.775393 429.000000 0.224607 
0.780105 420.000000 0.219895 
0.772775 434.000000 0.227225 
0.770681 438.000000 0.229319 
0.776963 426.000000 0.223037 
0.773298 433.000000 0.226702 
0.782723 415.000000 0.217277 
0.765445 448.000000 0.234555 
0.770157 439.000000 0.229843 
0.770157 439.000000 0.229843 
0.778534 423.000000 0.221466 
0.778010 424.000000 0.221990 
0.768063 443.000000 0.231937 
0.782199 416.000000 0.217801 
0.772251 435.000000 0.227749 
0.775393 429.000000 0.224607 
0.768586 442.000000 0.231414 
0.778534 423.000000 0.221466 
0.773298 433.000000 0.226702 
0.768586 442.000000 0.231414 
0.774869 430.000000 0.225131 
0.782199 416.000000 0.217801 
0.779581 421.000000 0.220419 
0.779581 421.000000 0.220419 
0.764921 449.000000 0.235079 
0.768063 443.000000 0.231937 
0.773298 433.000000 0.226702 
0.777487 425.000000 0.222513 
0.774346 431.000000 0.225654 
0.779581 421.000000 0.220419 
0.775916 428.000000 0.224084 
0.774869 430.000000 0.225131 
0.772775 434.000000 0.227225 
0.777487 425.000000 0.222513 
0.776963 426.000000 0.223037 
0.772251 435.000000 0.227749 
0.771728 436.000000 0.228272 
0.779581 421.000000 0.220419 
0.784817 411.000000 0.215183 
0.778534 423.000000 0.221466 
0.778534 423.000000 0.221466 
0.764921 449.000000 0.235079 
0.770681 438.000000 0.229319 
0.776440 427.000000 0.223560 
0.766492 446.000000 0.233508 
0.782199 416.000000 0.217801 
0.776963 426.000000 0.223037 
0.766492 446.000000 0.233508 
0.780105 420.000000 0.219895 
0.778010 424.000000 0.221990 
0.778010 424.000000 0.221990 
0.780105 420.000000 0.219895 
0.774346 431.000000 0.225654 
0.774346 431.000000 0.225654 
0.771728 436.000000 0.228272 
0.778534 423.000000 0.221466 
0.774346 431.000000 0.225654 
0.773298 433.000000 0.226702 
0.768063 443.000000 0.231937 
0.776963 426.000000 0.223037 
0.766492 446.000000 0.233508 
0.782723 415.000000 0.217277 
0.770157 439.000000 0.229843 
0.762827 453.000000 0.237173 
0.782199 416.000000 0.217801 
0.771204 437.000000 0.228796 
0.774869 430.000000 0.225131 
0.771204 437.000000 0.228796 
0.766492 446.000000 0.233508 
0.781675 417.000000 0.218325 
0.779581 421.000000 0.220419 
0.778534 423.000000 0.221466 
0.789005 403.000000 0.210995 
0.778010 424.000000 0.221990 
0.772775 434.000000 0.227225 
0.780628 419.000000 0.219372 
0.779058 422.000000 0.220942 
0.773822 432.000000 0.226178 
0.779581 421.000000 0.220419 
0.779581 421.000000 0.220419 
0.764921 449.000000 0.235079 
0.766492 446.000000 0.233508 
0.771728 436.000000 0.228272 
0.775393 429.000000 0.224607 
0.773298 433.000000 0.226702 
0.771728 436.000000 0.228272 
0.772775 434.000000 0.227225 
0.768063 443.000000 0.231937 
0.773822 432.000000 0.226178 
0.776440 427.000000 0.223560 
0.770157 439.000000 0.229843 
0.775393 429.000000 0.224607 
0.776440 427.000000 0.223560 
0.781675 417.000000 0.218325 
0.775393 429.000000 0.224607 
0.782723 415.000000 0.217277 
0.777487 425.000000 0.222513 
0.774346 431.000000 0.225654 
0.770157 439.000000 0.229843 
0.782723 415.000000 0.217277 
0.773298 433.000000 0.226702 
0.778534 423.000000 0.221466 
0.779058 422.000000 0.220942 
0.773822 432.000000 0.226178 
0.779058 422.000000 0.220942 
0.778010 424.000000 0.221990 
0.780105 420.000000 0.219895 
0.781152 418.000000 0.218848 
0.774346 431.000000 0.225654 
0.779581 421.000000 0.220419 
0.776440 427.000000 0.223560 
0.769110 441.000000 0.230890 
0.780628 419.000000 0.219372 
0.772775 434.000000 0.227225 
0.777487 425.000000 0.222513 
0.769634 440.000000 0.230366 
0.780628 419.000000 0.219372 
0.775393 429.000000 0.224607 
0.776963 426.000000 0.223037 
0.771728 436.000000 0.228272 
0.769634 440.000000 0.230366 
0.768586 442.000000 0.231414 
0.774869 430.000000 0.225131 
0.780628 419.000000 0.219372 
0.787958 405.000000 0.212042 
0.771204 437.000000 0.228796 
0.776963 426.000000 0.223037 
0.777487 425.000000 0.222513 
0.769110 441.000000 0.230890 
0.772775 434.000000 0.227225 
0.770157 439.000000 0.229843 
0.766492 446.000000 0.233508 
0.781675 417.000000 0.218325 
0.774869 430.000000 0.225131 
0.770681 438.000000 0.229319 
0.765969 447.000000 0.234031 
0.764921 449.000000 0.235079 
0.774346 431.000000 0.225654 
0.775393 429.000000 0.224607 
0.770157 439.000000 0.229843 
0.779058 422.000000 0.220942 
0.764398 450.000000 0.235602 
0.774346 431.000000 0.225654 
0.777487 425.000000 0.222513 
0.771728 436.000000 0.228272 
0.773298 433.000000 0.226702 
0.768586 442.000000 0.231414 
0.774869 430.000000 0.225131 
0.776440 427.000000 0.223560 
0.775393 429.000000 0.224607 
0.776963 426.000000 0.223037 
0.770157 439.000000 0.229843 
0.775393 429.000000 0.224607 
0.769634 440.000000 0.230366 
0.761257 456.000000 0.238743 
0.779581 421.000000 0.220419 
0.774869 430.000000 0.225131 
0.770157 439.000000 0.229843 
0.784817 411.000000 0.215183 
0.774346 431.000000 0.225654 
0.769110 441.000000 0.230890 
0.767016 445.000000 0.232984 
0.762827 453.000000 0.237173 
0.770681 438.000000 0.229319 
0.773298 433.000000 0.226702 
0.768586 442.000000 0.231414 
0.782199 416.000000 0.217801 
0.779058 422.000000 0.220942 
0.770681 438.000000 0.229319 
0.776963 426.000000 0.223037 
0.783246 414.000000 0.216754 
0.790576 400.000000 0.209424 
0.774346 431.000000 0.225654 
0.775393 429.000000 0.224607 
0.780628 419.000000 0.219372 
0.779058 422.000000 0.220942 
0.779058 422.000000 0.220942 
0.780105 420.000000 0.219895 
0.771204 437.000000 0.228796 
0.778010 424.000000 0.221990 
0.785340 410.000000 0.214660 
0.775393 429.000000 0.224607 
0.777487 425.000000 0.222513 
0.781152 418.000000 0.218848 
0.773822 432.000000 0.226178 
0.772775 434.000000 0.227225 
0.778534 423.000000 0.221466 
0.774869 430.000000 0.225131 
0.771728 436.000000 0.228272 
0.779058 422.000000 0.220942 
0.782199 416.000000 0.217801 
0.777487 425.000000 0.222513 
0.776440 427.000000 0.223560 
0.778010 424.000000 0.221990 
0.770681 438.000000 0.229319 
0.781152 418.000000 0.218848 
0.778534 423.000000 0.221466 
0.779581 421.000000 0.220419 
0.779058 422.000000 0.220942 
0.774346 431.000000 0.225654 
0.777487 425.000000 0.222513 
0.767539 444.000000 0.232461 
0.774869 430.000000 0.225131 
0.775393 429.000000 0.224607 
0.774869 430.000000 0.225131 
0.774346 431.000000 0.225654 
0.777487 425.000000 0.222513 
0.769110 441.000000 0.230890 
0.780628 419.000000 0.219372 
0.777487 425.000000 0.222513 
0.767539 444.000000 0.232461 
0.784817 411.000000 0.215183 
0.769634 440.000000 0.230366 
0.768586 442.000000 0.231414 
0.771204 437.000000 0.228796 
0.782723 415.000000 0.217277 
0.771204 437.000000 0.228796 
0.778010 424.000000 0.221990 
0.772775 434.000000 0.227225 
0.780628 419.000000 0.219372 
0.777487 425.000000 0.222513 
0.784293 412.000000 0.215707 
0.774869 430.000000 0.225131 
0.772775 434.000000 0.227225 
0.778010 424.000000 0.221990 
0.779581 421.000000 0.220419 
0.778010 424.000000 0.221990 
0.780105 420.000000 0.219895 
0.780105 420.000000 0.219895 
0.767016 445.000000 0.232984 
0.779581 421.000000 0.220419 
0.771728 436.000000 0.228272 
0.772775 434.000000 0.227225 
0.773822 432.000000 0.226178 
0.772251 435.000000 0.227749 
0.780105 420.000000 0.219895 
0.772775 434.000000 0.227225 
0.778010 424.000000 0.221990 
0.780628 419.000000 0.219372 
0.773822 432.000000 0.226178 
0.781152 418.000000 0.218848 
0.767539 444.000000 0.232461 
0.771204 437.000000 0.228796 
0.768063 443.000000 0.231937 
0.778534 423.000000 0.221466 
0.776963 426.000000 0.223037 
0.779581 421.000000 0.220419 
0.771204 437.000000 0.228796 
0.768586 442.000000 0.231414 
0.774346 431.000000 0.225654 
0.770157 439.000000 0.229843 
0.770157 439.000000 0.229843 
0.783770 413.000000 0.216230 
0.776440 427.000000 0.223560 
0.770157 439.000000 0.229843 
0.772775 434.000000 0.227225 
0.779058 422.000000 0.220942 
0.771204 437.000000 0.228796 
0.785340 410.000000 0.214660 
0.777487 425.000000 0.222513 
0.778534 423.000000 0.221466 
0.775916 428.000000 0.224084 
0.774869 430.000000 0.225131 
0.782199 416.000000 0.217801 
0.779058 422.000000 0.220942 
0.778010 424.000000 0.221990 
0.781152 418.000000 0.218848 
0.774869 430.000000 0.225131 
0.779581 421.000000 0.220419 
0.768586 442.000000 0.231414 
0.768063 443.000000 0.231937 
0.774869 430.000000 0.225131 
0.778010 424.000000 0.221990 
0.774869 430.000000 0.225131 
0.775916 428.000000 0.224084 
0.780105 420.000000 0.219895 
0.780105 420.000000 0.219895 
0.774346 431.000000 0.225654 
0.769110 441.000000 0.230890 
0.771728 436.000000 0.228272 
0.776440 427.000000 0.223560 
0.770157 439.000000 0.229843 
0.772251 435.000000 0.227749 
0.776440 427.000000 0.223560 
0.780628 419.000000 0.219372 
0.773298 433.000000 0.226702 
0.780628 419.000000 0.219372 
0.778010 424.000000 0.221990 
0.769634 440.000000 0.230366 
0.778010 424.000000 0.221990 
0.772251 435.000000 0.227749 
0.773822 432.000000 0.226178 
0.777487 425.000000 0.222513 
0.766492 446.000000 0.233508 
0.768063 443.000000 0.231937 
0.772251 435.000000 0.227749 
0.773822 432.000000 0.226178 
0.775916 428.000000 0.224084 
0.778010 424.000000 0.221990 
0.773822 432.000000 0.226178 
0.775393 429.000000 0.224607 
0.781152 418.000000 0.218848 
0.768586 442.000000 0.231414 
0.774346 431.000000 0.225654 
0.775916 428.000000 0.224084 
0.774869 430.000000 0.225131 
0.771204 437.000000 0.228796 
0.777487 425.000000 0.222513 
0.771204 437.000000 0.228796 
0.764398 450.000000 0.235602 
0.774346 431.000000 0.225654 
0.776963 426.000000 0.223037 
0.783246 414.000000 0.216754 
0.775916 428.000000 0.224084 
0.774869 430.000000 0.225131 
0.785864 409.000000 0.214136 
0.773822 432.000000 0.226178 
0.778534 423.000000 0.221466 
0.777487 425.000000 0.222513 
0.774346 431.000000 0.225654 
0.772775 434.000000 0.227225 
0.773298 433.000000 0.226702 
0.764921 449.000000 0.235079 
0.769634 440.000000 0.230366 
0.771728 436.000000 0.228272 
0.773298 433.000000 0.226702 
0.774869 430.000000 0.225131 
0.778534 423.000000 0.221466 
0.776440 427.000000 0.223560 
0.774346 431.000000 0.225654 
0.776963 426.000000 0.223037 
0.772251 435.000000 0.227749 
0.775393 429.000000 0.224607 
0.784293 412.000000 0.215707 
0.772775 434.000000 0.227225 
0.778534 423.000000 0.221466 
0.777487 425.000000 0.222513 
0.766492 446.000000 0.233508 
0.786387 408.000000 0.213613 
0.773822 432.000000 0.226178 
0.776440 427.000000 0.223560 
0.775393 429.000000 0.224607 
0.779058 422.000000 0.220942 
0.768063 443.000000 0.231937 
0.769110 441.000000 0.230890 
0.768586 442.000000 0.231414 
0.769634 440.000000 0.230366 
0.779581 421.000000 0.220419 
0.770681 438.000000 0.229319 
0.773298 433.000000 0.226702 
0.778010 424.000000 0.221990 
0.772775 434.000000 0.227225 
0.776440 427.000000 0.223560 
0.776963 426.000000 0.223037 
0.786387 408.000000 0.213613 
0.785864 409.000000 0.214136 
0.776440 427.000000 0.223560 
0.768586 442.000000 0.231414 
0.776963 426.000000 0.223037 
0.782199 416.000000 0.217801 
0.775916 428.000000 0.224084 
0.775916 428.000000 0.224084 
0.786911 407.000000 0.213089 
0.786387 408.000000 0.213613 
0.778010 424.000000 0.221990 
0.764398 450.000000 0.235602 
0.773822 432.000000 0.226178 
0.778010 424.000000 0.221990 
0.769110 441.000000 0.230890 
0.770157 439.000000 0.229843 
0.775916 428.000000 0.224084 
0.776440 427.000000 0.223560 
0.769110 441.000000 0.230890 
0.772775 434.000000 0.227225 
0.773822 432.000000 0.226178 
0.773298 433.000000 0.226702 
0.775916 428.000000 0.224084 
0.774346 431.000000 0.225654 
0.775916 428.000000 0.224084 
0.779058 422.000000 0.220942 
0.770681 438.000000 0.229319 
0.774346 431.000000 0.225654 
0.763351 452.000000 0.236649 
0.770681 438.000000 0.229319 
0.778010 424.000000 0.221990 
0.772251 435.000000 0.227749 
0.768063 443.000000 0.231937 
0.775916 428.000000 0.224084 
0.774346 431.000000 0.225654 
0.780628 419.000000 0.219372 
0.778010 424.000000 0.221990 
0.774346 431.000000 0.225654 
0.773298 433.000000 0.226702 
0.778534 423.000000 0.221466 
0.772251 435.000000 0.227749 
0.777487 425.000000 0.222513 
0.764921 449.000000 0.235079 
0.774869 430.000000 0.225131 
0.779058 422.000000 0.220942 
0.770681 438.000000 0.229319 
0.776440 427.000000 0.223560 
0.773298 433.000000 0.226702 
0.776963 426.000000 0.223037 
0.774869 430.000000 0.225131 
0.768063 443.000000 0.231937 
0.776963 426.000000 0.223037 
0.769110 441.000000 0.230890 
0.770157 439.000000 0.229843 
0.771204 437.000000 0.228796 
0.776963 426.000000 0.223037 
0.774869 430.000000 0.225131 
0.771204 437.000000 0.228796 
0.777487 425.000000 0.222513 
0.774346 431.000000 0.225654 
0.774869 430.000000 0.225131 
0.779581 421.000000 0.220419 
0.770681 438.000000 0.229319 
0.775916 428.000000 0.224084 
0.776963 426.000000 0.223037 
0.770157 439.000000 0.229843 
0.773822 432.000000 0.226178 
0.778534 423.000000 0.221466 
0.772775 434.000000 0.227225 
0.773822 432.000000 0.226178 
0.773822 432.000000 0.226178 
0.780628 419.000000 0.219372 
0.784817 411.000000 0.215183 
0.775393 429.000000 0.224607 
0.774346 431.000000 0.225654 
0.771204 437.000000 0.228796 
0.766492 446.000000 0.233508 
0.774346 431.000000 0.225654 
0.769634 440.000000 0.230366 
0.768586 442.000000 0.231414 
0.779581 421.000000 0.220419 
0.770157 439.000000 0.229843 
0.774346 431.000000 0.225654 
0.763874 451.000000 0.236126 
0.783770 413.000000 0.216230 
0.775916 428.000000 0.224084 
0.778534 423.000000 0.221466 
0.776440 427.000000 0.223560 
0.769634 440.000000 0.230366 
0.764398 450.000000 0.235602 
0.781152 418.000000 0.218848 
0.779581 421.000000 0.220419 
0.771204 437.000000 0.228796 
0.782199 416.000000 0.217801 
0.773298 433.000000 0.226702 
0.771204 437.000000 0.228796 
0.774346 431.000000 0.225654 
0.780628 419.000000 0.219372 
0.775393 429.000000 0.224607 
0.776963 426.000000 0.223037 
0.777487 425.000000 0.222513 
0.772775 434.000000 0.227225 
0.762827 453.000000 0.237173 
0.780105 420.000000 0.219895 
0.772251 435.000000 0.227749 
0.785340 410.000000 0.214660 
0.778010 424.000000 0.221990 
0.773822 432.000000 0.226178 
0.769634 440.000000 0.230366 
0.772775 434.000000 0.227225 
0.778010 424.000000 0.221990 
0.761780 455.000000 0.238220 
0.766492 446.000000 0.233508 
0.770157 439.000000 0.229843 
0.769634 440.000000 0.230366 
0.772251 435.000000 0.227749 
0.772251 435.000000 0.227749 
0.769110 441.000000 0.230890 
0.778534 423.000000 0.221466 
0.776440 427.000000 0.223560 
0.772251 435.000000 0.227749 
0.770157 439.000000 0.229843 
0.770157 439.000000 0.229843 
0.770681 438.000000 0.229319 
0.776963 426.000000 0.223037 
0.769110 441.000000 0.230890 
0.779581 421.000000 0.220419 
0.775393 429.000000 0.224607 
0.773822 432.000000 0.226178 
0.776440 427.000000 0.223560 
0.773822 432.000000 0.226178 
0.772775 434.000000 0.227225 
0.773298 433.000000 0.226702 
0.779581 421.000000 0.220419 
0.779058 422.000000 0.220942 
0.775393 429.000000 0.224607 
0.773298 433.000000 0.226702 
0.772775 434.000000 0.227225 
0.774869 430.000000 0.225131 
0.772251 435.000000 0.227749 
0.770157 439.000000 0.229843 
0.769110 441.000000 0.230890 
0.775393 429.000000 0.224607 
0.773822 432.000000 0.226178 
0.775393 429.000000 0.224607 
0.776963 426.000000 0.223037 
0.775916 428.000000 0.224084 
0.778534 423.000000 0.221466 
0.772251 435.000000 0.227749 
0.777487 425.000000 0.222513 
0.776963 426.000000 0.223037 
0.782723 415.000000 0.217277 
0.780628 419.000000 0.219372 
0.771204 437.000000 0.228796 
0.775393 429.000000 0.224607 
0.774346 431.000000 0.225654 
0.770681 438.000000 0.229319 
0.776963 426.000000 0.223037 
0.771728 436.000000 0.228272 
0.778010 424.000000 0.221990 
0.776963 426.000000 0.223037 
0.778534 423.000000 0.221466 
0.774869 430.000000 0.225131 
0.776963 426.000000 0.223037 
0.776440 427.000000 0.223560 
0.774346 431.000000 0.225654 
0.779058 422.000000 0.220942 
0.785340 410.000000 0.214660 
0.774346 431.000000 0.225654 
0.765969 447.000000 0.234031 
0.775916 428.000000 0.224084 
0.773298 433.000000 0.226702 
0.779058 422.000000 0.220942 
0.776963 426.000000 0.223037 
0.777487 425.000000 0.222513 
0.774869 430.000000 0.225131 
0.772251 435.000000 0.227749 
0.775393 429.000000 0.224607 
0.771204 437.000000 0.228796 
0.776440 427.000000 0.223560 
0.767539 444.000000 0.232461 
0.776440 427.000000 0.223560 
0.774346 431.000000 0.225654 
0.768063 443.000000 0.231937 
0.773298 433.000000 0.226702 
0.771728 436.000000 0.228272 
0.774869 430.000000 0.225131 
0.776440 427.000000 0.223560 
0.776963 426.000000 0.223037 
0.775916 428.000000 0.224084 
0.778534 423.000000 0.221466 
0.781152 418.000000 0.218848 
0.779058 422.000000 0.220942 
0.779581 421.000000 0.220419 
0.766492 446.000000 0.233508 
0.776963 426.000000 0.223037 
0.772775 434.000000 0.227225 
0.774869 430.000000 0.225131 
0.778010 424.000000 0.221990 
0.769110 441.000000 0.230890 
0.776440 427.000000 0.223560 
0.777487 425.000000 0.222513 
0.775393 429.000000 0.224607 
0.774869 430.000000 0.225131 
0.781152 418.000000 0.218848 
0.771204 437.000000 0.228796 
0.777487 425.000000 0.222513 
0.769634 440.000000 0.230366 
0.780105 420.000000 0.219895 
0.774346 431.000000 0.225654 
0.780105 420.000000 0.219895 
0.772251 435.000000 0.227749 
0.782199 416.000000 0.217801 
0.780105 420.000000 0.219895 
0.774346 431.000000 0.225654 
0.772251 435.000000 0.227749 
0.780628 419.000000 0.219372 
0.778010 424.000000 0.221990 
0.775393 429.000000 0.224607 
0.779058 422.000000 0.220942 
0.765969 447.000000 0.234031 
0.780628 419.000000 0.219372 
0.773822 432.000000 0.226178 
0.780628 419.000000 0.219372 
0.773298 433.000000 0.226702 
0.768586 442.000000 0.231414 
0.781152 418.000000 0.218848 
0.784293 412.000000 0.215707 
0.778010 424.000000 0.221990 
0.775916 428.000000 0.224084 
0.776963 426.000000 0.223037 
0.774346 431.000000 0.225654 
0.779581 421.000000 0.220419 
0.770157 439.000000 0.229843 
0.780105 420.000000 0.219895 
0.783770 413.000000 0.216230 
0.778010 424.000000 0.221990 
0.781152 418.000000 0.218848 
0.772775 434.000000 0.227225 
0.778010 424.000000 0.221990 
0.778534 423.000000 0.221466 
0.774346 431.000000 0.225654 
0.780105 420.000000 0.219895 
0.780105 420.000000 0.219895 
0.773298 433.000000 0.226702 
0.783770 413.000000 0.216230 
0.763874 451.000000 0.236126 
0.770157 439.000000 0.229843 
0.769634 440.000000 0.230366 
0.779581 421.000000 0.220419 
0.768586 442.000000 0.231414 
0.776440 427.000000 0.223560 
0.770157 439.000000 0.229843 
0.784817 411.000000 0.215183 
0.768586 442.000000 0.231414 
0.779058 422.000000 0.220942 
0.778010 424.000000 0.221990 
0.772775 434.000000 0.227225 
0.772775 434.000000 0.227225 
0.775393 429.000000 0.224607 
0.767539 444.000000 0.232461 
0.768586 442.000000 0.231414 
0.782723 415.000000 0.217277 
0.776963 426.000000 0.223037 
0.780105 420.000000 0.219895 
0.773298 433.000000 0.226702 
0.762304 454.000000 0.237696 
0.773822 432.000000 0.226178 
0.774869 430.000000 0.225131 
0.769110 441.000000 0.230890 
0.773298 433.000000 0.226702 
0.770157 439.000000 0.229843 
0.770681 438.000000 0.229319 
0.781152 418.000000 0.218848 
0.772775 434.000000 0.227225 
0.775916 428.000000 0.224084 
0.769634 440.000000 0.230366 
0.770157 439.000000 0.229843 
0.764398 450.000000 0.235602 
0.776963 426.000000 0.223037 
0.775393 429.000000 0.224607 
0.771204 437.000000 0.228796 
0.784817 411.000000 0.215183 
0.778010 424.000000 0.221990 
0.770157 439.000000 0.229843 
0.785340 410.000000 0.214660 
0.770681 438.000000 0.229319 
0.780628 419.000000 0.219372 
0.779581 421.000000 0.220419 
0.776440 427.000000 0.223560 
0.775393 429.000000 0.224607 
0.774869 430.000000 0.225131 
0.775393 429.000000 0.224607 
0.774869 430.000000 0.225131 
0.771728 436.000000 0.228272 
0.778534 423.000000 0.221466 
0.778010 424.000000 0.221990 
0.770157 439.000000 0.229843 
0.770157 439.000000 0.229843 
0.771728 436.000000 0.228272 
0.773298 433.000000 0.226702 
0.767539 444.000000 0.232461 
0.777487 425.000000 0.222513 
0.772251 435.000000 0.227749 
0.784293 412.000000 0.215707 
0.779058 422.000000 0.220942 
0.778534 423.000000 0.221466 
0.770157 439.000000 0.229843 
0.771204 437.000000 0.228796 
0.773298 433.000000 0.226702 
0.778534 423.000000 0.221466 
0.765969 447.000000 0.234031 
0.776963 426.000000 0.223037 
0.770157 439.000000 0.229843 
0.778534 423.000000 0.221466 
0.778534 423.000000 0.221466 
0.774869 430.000000 0.225131 
0.769110 441.000000 0.230890 
0.772251 435.000000 0.227749 
0.776963 426.000000 0.223037 
0.782199 416.000000 0.217801 
0.771728 436.000000 0.228272 
0.769110 441.000000 0.230890 
0.768063 443.000000 0.231937 
0.779058 422.000000 0.220942 
0.775393 429.000000 0.224607 
0.769634 440.000000 0.230366 
0.771728 436.000000 0.228272 
0.774869 430.000000 0.225131 
0.775393 429.000000 0.224607 
0.769110 441.000000 0.230890 
0.773822 432.000000 0.226178 
0.777487 425.000000 0.222513 
0.772775 434.000000 0.227225 
0.776963 426.000000 0.223037 
0.780628 419.000000 0.219372 
0.779581 421.000000 0.220419 
0.773822 432.000000 0.226178 
0.766492 446.000000 0.233508 
0.780105 420.000000 0.219895 
0.769634 440.000000 0.230366 
0.772251 435.000000 0.227749 
0.773298 433.000000 0.226702 
0.781152 418.000000 0.218848 
0.774346 431.000000 0.225654 
0.771728 436.000000 0.228272 
0.774869 430.000000 0.225131 
0.765969 447.000000 0.234031 
0.775393 429.000000 0.224607 
0.776963 426.000000 0.223037 
0.773822 432.000000 0.226178 
0.783770 413.000000 0.216230 
0.770681 438.000000 0.229319 
0.775916 428.000000 0.224084 
0.772251 435.000000 0.227749 
0.771728 436.000000 0.228272 
0.774346 431.000000 0.225654 
0.782723 415.000000 0.217277 
0.774346 431.000000 0.225654 
0.774869 430.000000 0.225131 
0.774869 430.000000 0.225131 
0.793194 395.000000 0.206806 
0.778534 423.000000 0.221466 
0.779058 422.000000 0.220942 
0.783770 413.000000 0.216230 
0.780105 420.000000 0.219895 
0.776963 426.000000 0.223037 
0.779581 421.000000 0.220419 
0.782723 415.000000 0.217277 
0.771204 437.000000 0.228796 
0.779581 421.000000 0.220419 
0.769110 441.000000 0.230890 
0.774869 430.000000 0.225131 
0.775393 429.000000 0.224607 
0.778534 423.000000 0.221466 
0.771728 436.000000 0.228272 
0.777487 425.000000 0.222513 
0.761780 455.000000 0.238220 
0.775916 428.000000 0.224084 
0.781675 417.000000 0.218325 
0.768586 442.000000 0.231414 
0.767539 444.000000 0.232461 
0.773822 432.000000 0.226178 
0.776440 427.000000 0.223560 
0.775916 428.000000 0.224084 
0.772775 434.000000 0.227225 
0.773822 432.000000 0.226178 
0.771204 437.000000 0.228796 
0.778534 423.000000 0.221466 
0.774346 431.000000 0.225654 
0.772775 434.000000 0.227225 
0.772775 434.000000 0.227225 
0.773298 433.000000 0.226702 
0.782723 415.000000 0.217277 
0.775916 428.000000 0.224084 
0.775916 428.000000 0.224084 
0.771728 436.000000 0.228272 
0.771204 437.000000 0.228796 
0.774346 431.000000 0.225654 
0.774346 431.000000 0.225654 
0.773822 432.000000 0.226178 
0.773822 432.000000 0.226178 
0.780628 419.000000 0.219372 
0.777487 425.000000 0.222513 
0.782723 415.000000 0.217277 
0.765969 447.000000 0.234031 
0.772251 435.000000 0.227749 
0.775916 428.000000 0.224084 
0.771728 436.000000 0.228272 
0.769110 441.000000 0.230890 
0.781152 418.000000 0.218848 
0.773822 432.000000 0.226178 
0.773298 433.000000 0.226702 
0.773298 433.000000 0.226702 
0.769110 441.000000 0.230890 
0.772775 434.000000 0.227225 
0.782199 416.000000 0.217801 
0.780628 419.000000 0.219372 
0.781152 418.000000 0.218848 
0.760733 457.000000 0.239267 
0.772775 434.000000 0.227225 
0.773298 433.000000 0.226702 
0.773298 433.000000 0.226702 
0.774869 430.000000 0.225131 
0.768063 443.000000 0.231937 
0.782199 416.000000 0.217801 
0.764398 450.000000 0.235602 
0.766492 446.000000 0.233508 
0.769110 441.000000 0.230890 
0.788482 404.000000 0.211518 
0.775393 429.000000 0.224607 
0.771204 437.000000 0.228796 
0.772251 435.000000 0.227749 
0.771728 436.000000 0.228272 
0.771728 436.000000 0.228272 
0.772775 434.000000 0.227225 
0.782723 415.000000 0.217277 
0.775916 428.000000 0.224084 
0.779058 422.000000 0.220942 
0.767539 444.000000 0.232461 
0.780628 419.000000 0.219372 
0.775916 428.000000 0.224084 
0.775393 429.000000 0.224607 
0.780628 419.000000 0.219372 
0.773298 433.000000 0.226702 
0.780628 419.000000 0.219372 
0.780105 420.000000 0.219895 
0.774869 430.000000 0.225131 
0.773822 432.000000 0.226178 
0.773822 432.000000 0.226178 
0.761780 455.000000 0.238220 
0.778010 424.000000 0.221990 
0.782723 415.000000 0.217277 
0.779581 421.000000 0.220419 
0.773298 433.000000 0.226702 
0.768586 442.000000 0.231414 
0.779581 421.000000 0.220419 
0.778534 423.000000 0.221466 
0.771204 437.000000 0.228796 
0.764398 450.000000 0.235602 
0.774869 430.000000 0.225131 
0.780628 419.000000 0.219372 
0.776440 427.000000 0.223560 
0.770681 438.000000 0.229319 
0.778010 424.000000 0.221990 
0.790576 400.000000 0.209424 
0.775393 429.000000 0.224607 
0.773298 433.000000 0.226702 
0.768586 442.000000 0.231414 
0.770681 438.000000 0.229319 
0.775393 429.000000 0.224607 
0.778010 424.000000 0.221990 
0.777487 425.000000 0.222513 
0.774869 430.000000 0.225131 
0.773822 432.000000 0.226178 
0.772775 434.000000 0.227225 
0.773822 432.000000 0.226178 
0.767016 445.000000 0.232984 
0.779581 421.000000 0.220419 
0.771204 437.000000 0.228796 
0.787435 406.000000 0.212565 
0.776963 426.000000 0.223037 
0.770681 438.000000 0.229319 
0.774869 430.000000 0.225131 
0.767016 445.000000 0.232984 
0.770157 439.000000 0.229843 
0.778010 424.000000 0.221990 
0.769634 440.000000 0.230366 
0.770681 438.000000 0.229319 
0.776440 427.000000 0.223560 
0.775393 429.000000 0.224607 
0.771728 436.000000 0.228272 
0.773822 432.000000 0.226178 
0.788482 404.000000 0.211518 
0.778534 423.000000 0.221466 
0.775916 428.000000 0.224084 
0.778534 423.000000 0.221466 
0.773822 432.000000 0.226178 
0.779581 421.000000 0.220419 
0.773822 432.000000 0.226178 
0.775916 428.000000 0.224084 
0.782199 416.000000 0.217801 
0.778534 423.000000 0.221466 
0.770681 438.000000 0.229319 
0.785864 409.000000 0.214136 
0.773822 432.000000 0.226178 
0.775393 429.000000 0.224607 
0.771728 436.000000 0.228272 
0.778010 424.000000 0.221990 
0.774869 430.000000 0.225131 
0.773298 433.000000 0.226702 
0.782199 416.000000 0.217801 
0.781675 417.000000 0.218325 
0.771728 436.000000 0.228272 
0.768586 442.000000 0.231414 
0.780628 419.000000 0.219372 
0.769634 440.000000 0.230366 
0.764398 450.000000 0.235602 
0.772775 434.000000 0.227225 
0.770681 438.000000 0.229319 
0.775393 429.000000 0.224607 
0.773822 432.000000 0.226178 
0.781152 418.000000 0.218848 
0.775916 428.000000 0.224084 
0.774869 430.000000 0.225131 
0.775916 428.000000 0.224084 
0.779058 422.000000 0.220942 
0.776440 427.000000 0.223560 
0.773822 432.000000 0.226178 
0.771728 436.000000 0.228272 
0.772251 435.000000 0.227749 
0.770681 438.000000 0.229319 
0.773822 432.000000 0.226178 
0.778010 424.000000 0.221990 
0.778534 423.000000 0.221466 
0.765969 447.000000 0.234031 
0.780105 420.000000 0.219895 
0.776440 427.000000 0.223560 
0.781152 418.000000 0.218848 
0.776440 427.000000 0.223560 
0.783770 413.000000 0.216230 
0.772775 434.000000 0.227225 
0.778010 424.000000 0.221990 
0.769110 441.000000 0.230890 
0.778534 423.000000 0.221466 
0.768063 443.000000 0.231937 
0.776963 426.000000 0.223037 
0.770681 438.000000 0.229319 
0.781152 418.000000 0.218848 
0.775916 428.000000 0.224084 
0.771204 437.000000 0.228796 
0.762304 454.000000 0.237696 
0.775393 429.000000 0.224607 
0.774869 430.000000 0.225131 
0.781152 418.000000 0.218848 
0.776963 426.000000 0.223037 
0.780105 420.000000 0.219895 
0.772775 434.000000 0.227225 
0.779058 422.000000 0.220942 
0.779058 422.000000 0.220942 
0.769634 440.000000 0.230366 
0.773822 432.000000 0.226178 
0.778010 424.000000 0.221990 
0.779581 421.000000 0.220419 
0.768586 442.000000 0.231414 
0.786911 407.000000 0.213089 
0.778010 424.000000 0.221990 
0.774869 430.000000 0.225131 
0.780105 420.000000 0.219895 
0.774346 431.000000 0.225654 
0.772251 435.000000 0.227749 
0.790576 400.000000 0.209424 
0.770681 438.000000 0.229319 
0.774869 430.000000 0.225131 
0.771204 437.000000 0.228796 
0.778534 423.000000 0.221466 
0.775393 429.000000 0.224607 
0.775916 428.000000 0.224084 
0.781675 417.000000 0.218325 
0.769110 441.000000 0.230890 
0.773298 433.000000 0.226702 
0.783770 413.000000 0.216230 
0.773822 432.000000 0.226178 
0.785340 410.000000 0.214660 
0.767539 444.000000 0.232461 
0.781152 418.000000 0.218848 
0.789005 403.000000 0.210995 
0.774346 431.000000 0.225654 
0.782723 415.000000 0.217277 
0.770681 438.000000 0.229319 
0.772251 435.000000 0.227749 
0.765969 447.000000 0.234031 
0.768063 443.000000 0.231937 
0.783770 413.000000 0.216230 
0.775393 429.000000 0.224607 
0.775916 428.000000 0.224084 
0.780628 419.000000 0.219372 
0.774346 431.000000 0.225654 
0.776440 427.000000 0.223560 
0.776963 426.000000 0.223037 
0.778534 423.000000 0.221466 
0.777487 425.000000 0.222513 
0.771204 437.000000 0.228796 
0.775393 429.000000 0.224607 
0.773822 432.000000 0.226178 
0.773298 433.000000 0.226702 
0.770157 439.000000 0.229843 
0.774346 431.000000 0.225654 
0.771728 436.000000 0.228272 
0.774869 430.000000 0.225131 
0.772251 435.000000 0.227749 
0.773298 433.000000 0.226702 
0.768063 443.000000 0.231937 
0.777487 425.000000 0.222513 
0.780105 420.000000 0.219895 
0.766492 446.000000 0.233508 
0.780105 420.000000 0.219895 
0.784817 411.000000 0.215183 
0.778534 423.000000 0.221466 
0.775916 428.000000 0.224084 
0.761780 455.000000 0.238220 
0.780105 420.000000 0.219895 
0.775916 428.000000 0.224084 
0.770157 439.000000 0.229843 
0.776440 427.000000 0.223560 
0.775916 428.000000 0.224084 
0.772775 434.000000 0.227225 
0.771204 437.000000 0.228796 
0.780105 420.000000 0.219895 
0.780105 420.000000 0.219895 
0.779581 421.000000 0.220419 
0.771728 436.000000 0.228272 
0.776963 426.000000 0.223037 
0.768063 443.000000 0.231937 
0.783246 414.000000 0.216754 
0.779058 422.000000 0.220942 
0.768063 443.000000 0.231937 
0.774869 430.000000 0.225131 
0.767016 445.000000 0.232984 
0.783770 413.000000 0.216230 
0.782199 416.000000 0.217801 
0.778010 424.000000 0.221990 
0.765969 447.000000 0.234031 
0.775393 429.000000 0.224607 
0.770681 438.000000 0.229319 
0.773822 432.000000 0.226178 
0.775916 428.000000 0.224084 
0.775393 429.000000 0.224607 
0.769110 441.000000 0.230890 
0.785864 409.000000 0.214136 
0.778010 424.000000 0.221990 
0.771204 437.000000 0.228796 
0.770681 438.000000 0.229319 
0.770681 438.000000 0.229319 
0.775393 429.000000 0.224607 
0.767539 444.000000 0.232461 
0.772251 435.000000 0.227749 
0.774869 430.000000 0.225131 
0.782723 415.000000 0.217277 
0.771728 436.000000 0.228272 
0.781152 418.000000 0.218848 
0.774869 430.000000 0.225131 
0.760733 457.000000 0.239267 
0.782723 415.000000 0.217277 
0.769634 440.000000 0.230366 
0.776440 427.000000 0.223560 
0.780628 419.000000 0.219372 
0.778534 423.000000 0.221466 
0.775393 429.000000 0.224607 
0.765969 447.000000 0.234031 
0.780628 419.000000 0.219372 
0.776440 427.000000 0.223560 
0.782199 416.000000 0.217801 
0.768586 442.000000 0.231414 
0.780628 419.000000 0.219372 
0.776440 427.000000 0.223560 
0.777487 425.000000 0.222513 
0.775916 428.000000 0.224084 
0.778534 423.000000 0.221466 
0.762304 454.000000 0.237696 
0.776963 426.000000 0.223037 
0.776440 427.000000 0.223560 
0.772251 435.000000 0.227749 
0.772251 435.000000 0.227749 
0.771728 436.000000 0.228272 
0.773822 432.000000 0.226178 
0.771728 436.000000 0.228272 
0.771728 436.000000 0.228272 
0.779581 421.000000 0.220419 
0.770157 439.000000 0.229843 
0.765969 447.000000 0.234031 
0.767016 445.000000 0.232984 
0.776963 426.000000 0.223037 
0.772775 434.000000 0.227225 
0.768586 442.000000 0.231414 
0.778534 423.000000 0.221466 
0.776963 426.000000 0.223037 
0.771204 437.000000 0.228796 
0.776963 426.000000 0.223037 
0.779581 421.000000 0.220419 
0.776963 426.000000 0.223037 
0.779058 422.000000 0.220942 
0.775393 429.000000 0.224607 
0.777487 425.000000 0.222513 
0.768586 442.000000 0.231414 
0.781152 418.000000 0.218848 
0.779581 421.000000 0.220419 
0.768063 443.000000 0.231937 
0.778010 424.000000 0.221990 
0.778010 424.000000 0.221990 
0.773298 433.000000 0.226702 
0.778534 423.000000 0.221466 
0.774346 431.000000 0.225654 
0.775916 428.000000 0.224084 
0.779581 421.000000 0.220419 
0.774869 430.000000 0.225131 
0.776440 427.000000 0.223560 
0.781675 417.000000 0.218325 
0.773822 432.000000 0.226178 
0.764398 450.000000 0.235602 
0.781675 417.000000 0.218325 
0.771728 436.000000 0.228272 
0.771204 437.000000 0.228796 
0.772775 434.000000 0.227225 
0.776963 426.000000 0.223037 
0.769110 441.000000 0.230890 
0.769110 441.000000 0.230890 
0.764921 449.000000 0.235079 
0.768063 443.000000 0.231937 
0.776963 426.000000 0.223037 
0.774346 431.000000 0.225654 
0.775393 429.000000 0.224607 
0.770681 438.000000 0.229319 
0.769634 440.000000 0.230366 
0.781152 418.000000 0.218848 
0.768586 442.000000 0.231414 
0.782723 415.000000 0.217277 
0.781152 418.000000 0.218848 
0.776963 426.000000 0.223037 
0.769110 441.000000 0.230890 
0.775916 428.000000 0.224084 
0.775916 428.000000 0.224084 
0.775393 429.000000 0.224607 
0.777487 425.000000 0.222513 
0.770681 438.000000 0.229319 
0.778534 423.000000 0.221466 
0.775916 428.000000 0.224084 
0.776963 426.000000 0.223037 
0.776440 427.000000 0.223560 
0.776440 427.000000 0.223560 
0.768586 442.000000 0.231414 
0.778010 424.000000 0.221990 
0.774869 430.000000 0.225131 
0.779581 421.000000 0.220419 
0.765445 448.000000 0.234555 
0.775393 429.000000 0.224607 
0.769110 441.000000 0.230890 
0.776440 427.000000 0.223560 
0.770157 439.000000 0.229843 
0.776440 427.000000 0.223560 
0.783246 414.000000 0.216754 
0.780105 420.000000 0.219895 
0.779058 422.000000 0.220942 
0.778010 424.000000 0.221990 
0.774346 431.000000 0.225654 
0.779058 422.000000 0.220942 
0.778534 423.000000 0.221466 
0.778534 423.000000 0.221466 
0.777487 425.000000 0.222513 
0.776963 426.000000 0.223037 
0.778010 424.000000 0.221990 
0.783770 413.000000 0.216230 
0.773298 433.000000 0.226702 
0.776440 427.000000 0.223560 
0.764398 450.000000 0.235602 
0.776440 427.000000 0.223560 
0.778534 423.000000 0.221466 
0.772251 435.000000 0.227749 
0.776440 427.000000 0.223560 
0.770157 439.000000 0.229843 
0.777487 425.000000 0.222513 
0.774869 430.000000 0.225131 
0.780628 419.000000 0.219372 
0.779058 422.000000 0.220942 
0.772251 435.000000 0.227749 
0.772775 434.000000 0.227225 
0.768063 443.000000 0.231937 
0.774346 431.000000 0.225654 
0.778534 423.000000 0.221466 
0.773298 433.000000 0.226702 
0.778010 424.000000 0.221990 
0.775393 429.000000 0.224607 
0.771728 436.000000 0.228272 
0.781675 417.000000 0.218325 
0.775393 429.000000 0.224607 
0.768586 442.000000 0.231414 
0.770157 439.000000 0.229843 
0.773822 432.000000 0.226178 
0.776440 427.000000 0.223560 
0.771728 436.000000 0.228272 
0.780628 419.000000 0.219372 
0.776440 427.000000 0.223560 
0.769634 440.000000 0.230366 
0.769110 441.000000 0.230890 
0.770157 439.000000 0.229843 
0.781675 417.000000 0.218325 
0.773822 432.000000 0.226178 
0.775393 429.000000 0.224607 
0.781152 418.000000 0.218848 
0.774346 431.000000 0.225654 
0.781675 417.000000 0.218325 
0.768586 442.000000 0.231414 
0.779581 421.000000 0.220419 
0.775393 429.000000 0.224607 
0.776963 426.000000 0.223037 
0.772775 434.000000 0.227225 
0.779581 421.000000 0.220419 
0.768586 442.000000 0.231414 
0.774869 430.000000 0.225131 
0.778010 424.000000 0.221990 
0.768063 443.000000 0.231937 
0.772775 434.000000 0.227225 
0.774346 431.000000 0.225654 
0.767539 444.000000 0.232461 
0.772251 435.000000 0.227749 
0.783770 413.000000 0.216230 
0.775393 429.000000 0.224607 
0.773298 433.000000 0.226702 
0.773298 433.000000 0.226702 
0.775393 429.000000 0.224607 
0.774346 431.000000 0.225654 
0.774346 431.000000 0.225654 
0.763351 452.000000 0.236649 
0.771728 436.000000 0.228272 
0.772775 434.000000 0.227225 
0.780628 419.000000 0.219372 
0.781152 418.000000 0.218848 
0.779581 421.000000 0.220419 
0.777487 425.000000 0.222513 
0.778534 423.000000 0.221466 
0.769110 441.000000 0.230890 
0.775916 428.000000 0.224084 
0.776963 426.000000 0.223037 
0.780105 420.000000 0.219895 
0.775393 429.000000 0.224607 
0.774869 430.000000 0.225131 
0.776963 426.000000 0.223037 
0.774346 431.000000 0.225654 
0.774869 430.000000 0.225131 
0.778534 423.000000 0.221466 
0.773298 433.000000 0.226702 
0.777487 425.000000 0.222513 
0.783770 413.000000 0.216230 
0.770681 438.000000 0.229319 
0.781675 417.000000 0.218325 
0.773822 432.000000 0.226178 
0.778010 424.000000 0.221990 
0.785340 410.000000 0.214660 
0.778010 424.000000 0.221990 
0.770681 438.000000 0.229319 
0.770681 438.000000 0.229319 
0.774346 431.000000 0.225654 
0.776440 427.000000 0.223560 
0.775393 429.000000 0.224607 
0.777487 425.000000 0.222513 
0.780628 419.000000 0.219372 
0.780105 420.000000 0.219895 
0.768063 443.000000 0.231937 
0.782723 415.000000 0.217277 
0.769110 441.000000 0.230890 
0.769110 441.000000 0.230890 
0.775916 428.000000 0.224084 
0.778534 423.000000 0.221466 
0.764398 450.000000 0.235602 
0.774346 431.000000 0.225654 
0.773822 432.000000 0.226178 
0.768586 442.000000 0.231414 
0.778010 424.000000 0.221990 
0.776963 426.000000 0.223037 
0.768063 443.000000 0.231937 
0.778534 423.000000 0.221466 
0.766492 446.000000 0.233508 
0.767539 444.000000 0.232461 
0.772775 434.000000 0.227225 
0.776440 427.000000 0.223560 
0.779058 422.000000 0.220942 
0.772775 434.000000 0.227225 
0.776963 426.000000 0.223037 
0.773298 433.000000 0.226702 
0.776440 427.000000 0.223560 
0.772775 434.000000 0.227225 
0.771204 437.000000 0.228796 
0.771728 436.000000 0.228272 
0.773822 432.000000 0.226178 
0.781152 418.000000 0.218848 
0.771728 436.000000 0.228272 
0.772775 434.000000 0.227225 
0.776440 427.000000 0.223560 
0.776963 426.000000 0.223037 
0.763874 451.000000 0.236126 
0.769110 441.000000 0.230890 
0.774869 430.000000 0.225131 
0.781675 417.000000 0.218325 
0.776440 427.000000 0.223560 
0.773822 432.000000 0.226178 
0.778534 423.000000 0.221466 
0.778010 424.000000 0.221990 
0.776963 426.000000 0.223037 
0.775393 429.000000 0.224607 
0.774346 431.000000 0.225654 
0.776963 426.000000 0.223037 
0.773822 432.000000 0.226178 
0.776440 427.000000 0.223560 
0.775393 429.000000 0.224607 
0.776440 427.000000 0.223560 
0.772775 434.000000 0.227225 
0.764398 450.000000 0.235602 
0.770157 439.000000 0.229843 
0.767016 445.000000 0.232984 
0.777487 425.000000 0.222513 
0.775916 428.000000 0.224084 
0.773298 433.000000 0.226702 
0.774869 430.000000 0.225131 
0.774346 431.000000 0.225654 
0.774869 430.000000 0.225131 
0.776440 427.000000 0.223560 
0.778534 423.000000 0.221466 
0.773822 432.000000 0.226178 
0.769634 440.000000 0.230366 
0.770681 438.000000 0.229319 
0.774346 431.000000 0.225654 
0.783246 414.000000 0.216754 
0.779058 422.000000 0.220942 
0.772251 435.000000 0.227749 
0.772775 434.000000 0.227225 
0.772251 435.000000 0.227749 
0.779058 422.000000 0.220942 
0.771728 436.000000 0.228272 
0.777487 425.000000 0.222513 
0.773822 432.000000 0.226178 
0.779581 421.000000 0.220419 
0.773822 432.000000 0.226178 
0.772775 434.000000 0.227225 
0.769110 441.000000 0.230890 
0.777487 425.000000 0.222513 
0.771728 436.000000 0.228272 
0.771728 436.000000 0.228272 
0.777487 425.000000 0.222513 
0.770681 438.000000 0.229319 
0.780628 419.000000 0.219372 
0.776963 426.000000 0.223037 
0.771204 437.000000 0.228796 
0.775916 428.000000 0.224084 
0.780628 419.000000 0.219372 
0.770157 439.000000 0.229843 
0.772251 435.000000 0.227749 
0.773298 433.000000 0.226702 
0.779581 421.000000 0.220419 
0.778010 424.000000 0.221990 
0.767016 445.000000 0.232984 
0.776963 426.000000 0.223037 
0.774346 431.000000 0.225654 
0.776963 426.000000 0.223037 
0.774869 430.000000 0.225131 
0.776440 427.000000 0.223560 
0.771728 436.000000 0.228272 
0.781675 417.000000 0.218325 
0.775916 428.000000 0.224084 
0.778534 423.000000 0.221466 
0.785340 410.000000 0.214660 
0.781675 417.000000 0.218325 
0.778010 424.000000 0.221990 
0.774869 430.000000 0.225131 
0.780105 420.000000 0.219895 
0.774346 431.000000 0.225654 
0.771204 437.000000 0.228796 
0.780628 419.000000 0.219372 
0.771728 436.000000 0.228272 
0.774346 431.000000 0.225654 
0.779581 421.000000 0.220419 
0.769110 441.000000 0.230890 
0.769634 440.000000 0.230366 
0.764921 449.000000 0.235079 
0.776963 426.000000 0.223037 
0.773298 433.000000 0.226702 
0.770157 439.000000 0.229843 
0.775393 429.000000 0.224607 
0.781675 417.000000 0.218325 
0.778534 423.000000 0.221466 
0.770681 438.000000 0.229319 
0.772251 435.000000 0.227749 
0.764921 449.000000 0.235079 
0.767016 445.000000 0.232984 
0.776440 427.000000 0.223560 
0.775393 429.000000 0.224607 
0.776963 426.000000 0.223037 
0.776963 426.000000 0.223037 
0.775916 428.000000 0.224084 
0.782199 416.000000 0.217801 
0.780105 420.000000 0.219895 
0.778010 424.000000 0.221990 
0.772775 434.000000 0.227225 
0.779058 422.000000 0.220942 
0.773298 433.000000 0.226702 
0.770681 438.000000 0.229319 
0.775393 429.000000 0.224607 
0.771204 437.000000 0.228796 
0.774869 430.000000 0.225131 
0.785864 409.000000 0.214136 
0.779058 422.000000 0.220942 
0.776440 427.000000 0.223560 
0.776963 426.000000 0.223037 
0.772775 434.000000 0.227225 
0.774346 431.000000 0.225654 
0.771204 437.000000 0.228796 
0.776963 426.000000 0.223037 
0.774346 431.000000 0.225654 
0.765969 447.000000 0.234031 
0.771728 436.000000 0.228272 
0.774869 430.000000 0.225131 
0.776963 426.000000 0.223037 
0.781152 418.000000 0.218848 
0.774869 430.000000 0.225131 
0.779058 422.000000 0.220942 
0.772251 435.000000 0.227749 
0.776440 427.000000 0.223560 
0.773822 432.000000 0.226178 
0.767016 445.000000 0.232984 
0.775916 428.000000 0.224084 
0.779581 421.000000 0.220419 
0.769634 440.000000 0.230366 
0.774869 430.000000 0.225131 
0.772251 435.000000 0.227749 
0.768586 442.000000 0.231414 
0.773822 432.000000 0.226178 
0.774869 430.000000 0.225131 
0.779058 422.000000 0.220942 
0.781675 417.000000 0.218325 
0.774346 431.000000 0.225654 
0.775393 429.000000 0.224607 
0.774869 430.000000 0.225131 
0.777487 425.000000 0.222513 
0.782199 416.000000 0.217801 
0.774346 431.000000 0.225654 
0.770681 438.000000 0.229319 
0.783770 413.000000 0.216230 
0.778534 423.000000 0.221466 
0.769634 440.000000 0.230366 
0.779058 422.000000 0.220942 
0.775393 429.000000 0.224607 
0.778010 424.000000 0.221990 
0.772251 435.000000 0.227749 
0.775916 428.000000 0.224084 
0.774869 430.000000 0.225131 
0.775393 429.000000 0.224607 
0.783246 414.000000 0.216754 
0.770681 438.000000 0.229319 
0.773822 432.000000 0.226178 
0.769634 440.000000 0.230366 
0.777487 425.000000 0.222513 
0.774869 430.000000 0.225131 
0.780628 419.000000 0.219372 
0.770681 438.000000 0.229319 
0.772251 435.000000 0.227749 
0.773298 433.000000 0.226702 
0.772251 435.000000 0.227749 
0.773298 433.000000 0.226702 
0.770157 439.000000 0.229843 
0.779581 421.000000 0.220419 
0.774346 431.000000 0.225654 
0.774346 431.000000 0.225654 
0.777487 425.000000 0.222513 
0.783770 413.000000 0.216230 
0.773822 432.000000 0.226178 
0.774346 431.000000 0.225654 
0.782723 415.000000 0.217277 
0.777487 425.000000 0.222513 
0.764398 450.000000 0.235602 
0.771204 437.000000 0.228796 
0.779581 421.000000 0.220419 
0.779581 421.000000 0.220419 
0.770681 438.000000 0.229319 
0.769634 440.000000 0.230366 
0.772775 434.000000 0.227225 
0.768586 442.000000 0.231414 
0.779058 422.000000 0.220942 
0.771728 436.000000 0.228272 
0.778010 424.000000 0.221990 
0.777487 425.000000 0.222513 
0.780105 420.000000 0.219895 
0.771728 436.000000 0.228272 
0.778010 424.000000 0.221990 
0.773298 433.000000 0.226702 
0.768063 443.000000 0.231937 
0.768586 442.000000 0.231414 
0.776440 427.000000 0.223560 
0.772775 434.000000 0.227225 
0.782199 416.000000 0.217801 
0.784293 412.000000 0.215707 
0.779581 421.000000 0.220419 
0.778010 424.000000 0.221990 
0.786911 407.000000 0.213089 
0.776440 427.000000 0.223560 
0.772775 434.000000 0.227225 
0.781152 418.000000 0.218848 
0.780628 419.000000 0.219372 
0.775393 429.000000 0.224607 
0.776440 427.000000 0.223560 
0.779058 422.000000 0.220942 
0.768586 442.000000 0.231414 
0.775916 428.000000 0.224084 
0.778010 424.000000 0.221990 
0.776440 427.000000 0.223560 
0.775393 429.000000 0.224607 
0.771728 436.000000 0.228272 
0.779581 421.000000 0.220419 
0.773822 432.000000 0.226178 
0.774869 430.000000 0.225131 
0.779581 421.000000 0.220419 
0.773822 432.000000 0.226178 
0.774869 430.000000 0.225131 
0.780628 419.000000 0.219372 
0.777487 425.000000 0.222513 
0.781152 418.000000 0.218848 
0.780628 419.000000 0.219372 
0.774346 431.000000 0.225654 
0.778010 424.000000 0.221990 
0.782723 415.000000 0.217277 
0.771728 436.000000 0.228272 
0.772251 435.000000 0.227749 
0.775916 428.000000 0.224084 
0.773298 433.000000 0.226702 
0.773822 432.000000 0.226178 
0.778534 423.000000 0.221466 
0.775393 429.000000 0.224607 
0.779581 421.000000 0.220419 
0.771728 436.000000 0.228272 
0.772775 434.000000 0.227225 
0.779058 422.000000 0.220942 
0.777487 425.000000 0.222513 
0.772775 434.000000 0.227225 
0.775916 428.000000 0.224084 
0.774869 430.000000 0.225131 
0.769110 441.000000 0.230890 
0.775916 428.000000 0.224084 
0.771728 436.000000 0.228272 
0.774869 430.000000 0.225131 
0.766492 446.000000 0.233508 
0.770157 439.000000 0.229843 
0.779058 422.000000 0.220942 
0.780105 420.000000 0.219895 
0.769634 440.000000 0.230366 
0.779058 422.000000 0.220942 
0.767539 444.000000 0.232461 
0.782199 416.000000 0.217801 
0.771204 437.000000 0.228796 
0.778010 424.000000 0.221990 
0.781152 418.000000 0.218848 
0.776440 427.000000 0.223560 
0.769634 440.000000 0.230366 
0.773822 432.000000 0.226178 
0.777487 425.000000 0.222513 
0.778010 424.000000 0.221990 
0.771728 436.000000 0.228272 
0.773822 432.000000 0.226178 
0.776440 427.000000 0.223560 
0.779581 421.000000 0.220419 
0.777487 425.000000 0.222513 
0.771728 436.000000 0.228272 
0.767016 445.000000 0.232984 
0.782199 416.000000 0.217801 
0.778534 423.000000 0.221466 
0.777487 425.000000 0.222513 
0.781675 417.000000 0.218325 
0.771204 437.000000 0.228796 
0.775393 429.000000 0.224607 
0.774869 430.000000 0.225131 
0.776963 426.000000 0.223037 
0.779058 422.000000 0.220942 
0.777487 425.000000 0.222513 
0.770681 438.000000 0.229319 
0.780105 420.000000 0.219895 
0.770681 438.000000 0.229319 
0.775393 429.000000 0.224607 
0.776440 427.000000 0.223560 
0.778534 423.000000 0.221466 
0.781152 418.000000 0.218848 
0.776440 427.000000 0.223560 
0.775393 429.000000 0.224607 
0.771204 437.000000 0.228796 
0.772775 434.000000 0.227225 
0.776440 427.000000 0.223560 
0.772775 434.000000 0.227225 
0.774869 430.000000 0.225131 
0.777487 425.000000 0.222513 
0.782199 416.000000 0.217801 
0.781152 418.000000 0.218848 
0.776963 426.000000 0.223037 
0.771728 436.000000 0.228272 
0.775393 429.000000 0.224607 
0.776440 427.000000 0.223560 
0.775916 428.000000 0.224084 
0.774346 431.000000 0.225654 
0.770681 438.000000 0.229319 
0.780628 419.000000 0.219372 
0.775393 429.000000 0.224607 
0.773822 432.000000 0.226178 
0.776440 427.000000 0.223560 
0.774869 430.000000 0.225131 
0.782199 416.000000 0.217801 
0.775916 428.000000 0.224084 
0.782723 415.000000 0.217277 
0.782723 415.000000 0.217277 
0.771728 436.000000 0.228272 
0.778534 423.000000 0.221466 
0.771728 436.000000 0.228272 
0.778010 424.000000 0.221990 
0.778534 423.000000 0.221466 
0.768586 442.000000 0.231414 
0.772775 434.000000 0.227225 
0.773298 433.000000 0.226702 
0.778534 423.000000 0.221466 
0.780105 420.000000 0.219895 
0.774346 431.000000 0.225654 
0.770157 439.000000 0.229843 
0.774869 430.000000 0.225131 
0.786911 407.000000 0.213089 
0.775393 429.000000 0.224607 
0.784817 411.000000 0.215183 
0.772251 435.000000 0.227749 
0.773298 433.000000 0.226702 
0.769110 441.000000 0.230890 
0.775916 428.000000 0.224084 
0.775916 428.000000 0.224084 
0.765445 448.000000 0.234555 
0.771204 437.000000 0.228796 
0.776440 427.000000 0.223560 
0.768586 442.000000 0.231414 
0.779058 422.000000 0.220942 
0.770681 438.000000 0.229319 
