0.899476 192.000000 0.100524 
0.897906 195.000000 0.102094 
0.895812 199.000000 0.104188 
0.898429 194.000000 0.101571 
0.902094 187.000000 0.097906 
0.898953 193.000000 0.101047 
0.901571 188.000000 0.098429 
0.897906 195.000000 0.102094 
0.905236 181.000000 0.094764 
0.908901 174.000000 0.091099 
0.902618 186.000000 0.097382 
0.895812 199.000000 0.104188 
0.897382 196.000000 0.102618 
0.894241 202.000000 0.105759 
0.894764 201.000000 0.105236 
0.901571 188.000000 0.098429 
0.909424 173.000000 0.090576 
0.903141 185.000000 0.096859 
0.904188 183.000000 0.095812 
0.902094 187.000000 0.097906 
0.896335 198.000000 0.103665 
0.903665 184.000000 0.096335 
0.907330 177.000000 0.092670 
0.901047 189.000000 0.098953 
0.902094 187.000000 0.097906 
0.906283 179.000000 0.093717 
0.900524 190.000000 0.099476 
0.904188 183.000000 0.095812 
0.904712 182.000000 0.095288 
0.900524 190.000000 0.099476 
0.902094 187.000000 0.097906 
0.901571 188.000000 0.098429 
0.898953 193.000000 0.101047 
0.899476 192.000000 0.100524 
0.902618 186.000000 0.097382 
0.893717 203.000000 0.106283 
0.895812 199.000000 0.104188 
0.901571 188.000000 0.098429 
0.897906 195.000000 0.102094 
0.904188 183.000000 0.095812 
0.895288 200.000000 0.104712 
0.901571 188.000000 0.098429 
0.897906 195.000000 0.102094 
0.901571 188.000000 0.098429 
0.902094 187.000000 0.097906 
0.904712 182.000000 0.095288 
0.896335 198.000000 0.103665 
0.896335 198.000000 0.103665 
0.898953 193.000000 0.101047 
0.905236 181.000000 0.094764 
0.897382 196.000000 0.102618 
0.905759 180.000000 0.094241 
0.900524 190.000000 0.099476 
0.901571 188.000000 0.098429 
0.900524 190.000000 0.099476 
0.901047 189.000000 0.098953 
0.901571 188.000000 0.098429 
0.900000 191.000000 0.100000 
0.892147 206.000000 0.107853 
0.895288 200.000000 0.104712 
0.897906 195.000000 0.102094 
0.900000 191.000000 0.100000 
0.901571 188.000000 0.098429 
0.902094 187.000000 0.097906 
0.899476 192.000000 0.100524 
0.901047 189.000000 0.098953 
0.900524 190.000000 0.099476 
0.904712 182.000000 0.095288 
0.891099 208.000000 0.108901 
0.901047 189.000000 0.098953 
0.907330 177.000000 0.092670 
0.894241 202.000000 0.105759 
0.897906 195.000000 0.102094 
0.897906 195.000000 0.102094 
0.902618 186.000000 0.097382 
0.894764 201.000000 0.105236 
0.905759 180.000000 0.094241 
0.900524 190.000000 0.099476 
0.901047 189.000000 0.098953 
0.897906 195.000000 0.102094 
0.899476 192.000000 0.100524 
0.901571 188.000000 0.098429 
0.901047 189.000000 0.098953 
0.900524 190.000000 0.099476 
0.902618 186.000000 0.097382 
0.901047 189.000000 0.098953 
0.900000 191.000000 0.100000 
0.902094 187.000000 0.097906 
0.898953 193.000000 0.101047 
0.902618 186.000000 0.097382 
0.901047 189.000000 0.098953 
0.902618 186.000000 0.097382 
0.897382 196.000000 0.102618 
0.898429 194.000000 0.101571 
0.897906 195.000000 0.102094 
0.900524 190.000000 0.099476 
0.895812 199.000000 0.104188 
0.901047 189.000000 0.098953 
0.899476 192.000000 0.100524 
0.901047 189.000000 0.098953 
0.900524 190.000000 0.099476 
0.898953 193.000000 0.101047 
0.903665 184.000000 0.096335 
0.902094 187.000000 0.097906 
0.901047 189.000000 0.098953 
0.903665 184.000000 0.096335 
0.900000 191.000000 0.100000 
0.901047 189.000000 0.098953 
0.899476 192.000000 0.100524 
0.901047 189.000000 0.098953 
0.907330 177.000000 0.092670 
0.901571 188.000000 0.098429 
0.896335 198.000000 0.103665 
0.895812 199.000000 0.104188 
0.904712 182.000000 0.095288 
0.898953 193.000000 0.101047 
0.901047 189.000000 0.098953 
0.900000 191.000000 0.100000 
0.901047 189.000000 0.098953 
0.896335 198.000000 0.103665 
0.904188 183.000000 0.095812 
0.905236 181.000000 0.094764 
0.897906 195.000000 0.102094 
0.903665 184.000000 0.096335 
0.896859 197.000000 0.103141 
0.903141 185.000000 0.096859 
0.898953 193.000000 0.101047 
0.905236 181.000000 0.094764 
0.898953 193.000000 0.101047 
0.903665 184.000000 0.096335 
0.897382 196.000000 0.102618 
0.895812 199.000000 0.104188 
0.900524 190.000000 0.099476 
0.896335 198.000000 0.103665 
0.899476 192.000000 0.100524 
0.901047 189.000000 0.098953 
0.894241 202.000000 0.105759 
0.896335 198.000000 0.103665 
0.900524 190.000000 0.099476 
0.903665 184.000000 0.096335 
0.905759 180.000000 0.094241 
0.895812 199.000000 0.104188 
0.903665 184.000000 0.096335 
0.896335 198.000000 0.103665 
0.897382 196.000000 0.102618 
0.897906 195.000000 0.102094 
0.897906 195.000000 0.102094 
0.905236 181.000000 0.094764 
0.900524 190.000000 0.099476 
0.897906 195.000000 0.102094 
0.898953 193.000000 0.101047 
0.899476 192.000000 0.100524 
0.899476 192.000000 0.100524 
0.894764 201.000000 0.105236 
0.904188 183.000000 0.095812 
0.900524 190.000000 0.099476 
0.897382 196.000000 0.102618 
0.902094 187.000000 0.097906 
0.903665 184.000000 0.096335 
0.905759 180.000000 0.094241 
0.901047 189.000000 0.098953 
0.898953 193.000000 0.101047 
0.895288 200.000000 0.104712 
0.895812 199.000000 0.104188 
0.901047 189.000000 0.098953 
0.895812 199.000000 0.104188 
0.894764 201.000000 0.105236 
0.900524 190.000000 0.099476 
0.902094 187.000000 0.097906 
0.894764 201.000000 0.105236 
0.897906 195.000000 0.102094 
0.898953 193.000000 0.101047 
0.896335 198.000000 0.103665 
0.903665 184.000000 0.096335 
0.900524 190.000000 0.099476 
0.903665 184.000000 0.096335 
0.896335 198.000000 0.103665 
0.899476 192.000000 0.100524 
0.892670 205.000000 0.107330 
0.904188 183.000000 0.095812 
0.900524 190.000000 0.099476 
0.907853 176.000000 0.092147 
0.899476 192.000000 0.100524 
0.899476 192.000000 0.100524 
0.900524 190.000000 0.099476 
0.902094 187.000000 0.097906 
0.896335 198.000000 0.103665 
0.906283 179.000000 0.093717 
0.898953 193.000000 0.101047 
0.901047 189.000000 0.098953 
0.900524 190.000000 0.099476 
0.904188 183.000000 0.095812 
0.897906 195.000000 0.102094 
0.903665 184.000000 0.096335 
0.901571 188.000000 0.098429 
0.901047 189.000000 0.098953 
0.902094 187.000000 0.097906 
0.907853 176.000000 0.092147 
0.902094 187.000000 0.097906 
0.900524 190.000000 0.099476 
0.902618 186.000000 0.097382 
0.901571 188.000000 0.098429 
0.900524 190.000000 0.099476 
0.902094 187.000000 0.097906 
0.902618 186.000000 0.097382 
0.897906 195.000000 0.102094 
0.897906 195.000000 0.102094 
0.898953 193.000000 0.101047 
0.901047 189.000000 0.098953 
0.898429 194.000000 0.101571 
0.900524 190.000000 0.099476 
0.901047 189.000000 0.098953 
0.897906 195.000000 0.102094 
0.898953 193.000000 0.101047 
0.898429 194.000000 0.101571 
0.898953 193.000000 0.101047 
0.900000 191.000000 0.100000 
0.896859 197.000000 0.103141 
0.903665 184.000000 0.096335 
0.901571 188.000000 0.098429 
0.896335 198.000000 0.103665 
0.899476 192.000000 0.100524 
0.900000 191.000000 0.100000 
0.900524 190.000000 0.099476 
0.903665 184.000000 0.096335 
0.901571 188.000000 0.098429 
0.894764 201.000000 0.105236 
0.902618 186.000000 0.097382 
0.903141 185.000000 0.096859 
0.897906 195.000000 0.102094 
0.898429 194.000000 0.101571 
0.897906 195.000000 0.102094 
0.902618 186.000000 0.097382 
0.894241 202.000000 0.105759 
0.907853 176.000000 0.092147 
0.896859 197.000000 0.103141 
0.899476 192.000000 0.100524 
0.896859 197.000000 0.103141 
0.896859 197.000000 0.103141 
0.897382 196.000000 0.102618 
0.904712 182.000000 0.095288 
0.900000 191.000000 0.100000 
0.900000 191.000000 0.100000 
0.905759 180.000000 0.094241 
0.895812 199.000000 0.104188 
0.899476 192.000000 0.100524 
0.898953 193.000000 0.101047 
0.898953 193.000000 0.101047 
0.897382 196.000000 0.102618 
0.900524 190.000000 0.099476 
0.900000 191.000000 0.100000 
0.901047 189.000000 0.098953 
0.902094 187.000000 0.097906 
0.901047 189.000000 0.098953 
0.906283 179.000000 0.093717 
0.901571 188.000000 0.098429 
0.898429 194.000000 0.101571 
0.905236 181.000000 0.094764 
0.901571 188.000000 0.098429 
0.900000 191.000000 0.100000 
0.906283 179.000000 0.093717 
0.902094 187.000000 0.097906 
0.900000 191.000000 0.100000 
0.897382 196.000000 0.102618 
0.904188 183.000000 0.095812 
0.896859 197.000000 0.103141 
0.898429 194.000000 0.101571 
0.898953 193.000000 0.101047 
0.899476 192.000000 0.100524 
0.902094 187.000000 0.097906 
0.895812 199.000000 0.104188 
0.897382 196.000000 0.102618 
0.899476 192.000000 0.100524 
0.900524 190.000000 0.099476 
0.898953 193.000000 0.101047 
0.896335 198.000000 0.103665 
0.899476 192.000000 0.100524 
0.900524 190.000000 0.099476 
0.896859 197.000000 0.103141 
0.906283 179.000000 0.093717 
0.897382 196.000000 0.102618 
0.898953 193.000000 0.101047 
0.897906 195.000000 0.102094 
0.903665 184.000000 0.096335 
0.898429 194.000000 0.101571 
0.898953 193.000000 0.101047 
0.903665 184.000000 0.096335 
0.900000 191.000000 0.100000 
0.897382 196.000000 0.102618 
0.898429 194.000000 0.101571 
0.903665 184.000000 0.096335 
0.896859 197.000000 0.103141 
0.904712 182.000000 0.095288 
0.901571 188.000000 0.098429 
0.898953 193.000000 0.101047 
0.894764 201.000000 0.105236 
0.897382 196.000000 0.102618 
0.910995 170.000000 0.089005 
0.894764 201.000000 0.105236 
0.908377 175.000000 0.091623 
0.905759 180.000000 0.094241 
0.897906 195.000000 0.102094 
0.897382 196.000000 0.102618 
0.902618 186.000000 0.097382 
0.897906 195.000000 0.102094 
0.895812 199.000000 0.104188 
0.901571 188.000000 0.098429 
0.904712 182.000000 0.095288 
0.893194 204.000000 0.106806 
0.900000 191.000000 0.100000 
0.904712 182.000000 0.095288 
0.900000 191.000000 0.100000 
0.895288 200.000000 0.104712 
0.899476 192.000000 0.100524 
0.899476 192.000000 0.100524 
0.902094 187.000000 0.097906 
0.905236 181.000000 0.094764 
0.898953 193.000000 0.101047 
0.902618 186.000000 0.097382 
0.898429 194.000000 0.101571 
0.900000 191.000000 0.100000 
0.897906 195.000000 0.102094 
0.900000 191.000000 0.100000 
0.904188 183.000000 0.095812 
0.901047 189.000000 0.098953 
0.904188 183.000000 0.095812 
0.902618 186.000000 0.097382 
0.902094 187.000000 0.097906 
0.899476 192.000000 0.100524 
0.895812 199.000000 0.104188 
0.896335 198.000000 0.103665 
0.897906 195.000000 0.102094 
0.900524 190.000000 0.099476 
0.900524 190.000000 0.099476 
0.899476 192.000000 0.100524 
0.900524 190.000000 0.099476 
0.899476 192.000000 0.100524 
0.903665 184.000000 0.096335 
0.897906 195.000000 0.102094 
0.900000 191.000000 0.100000 
0.895812 199.000000 0.104188 
0.897906 195.000000 0.102094 
0.894764 201.000000 0.105236 
0.899476 192.000000 0.100524 
0.902094 187.000000 0.097906 
0.905759 180.000000 0.094241 
0.897382 196.000000 0.102618 
0.896859 197.000000 0.103141 
0.899476 192.000000 0.100524 
0.900524 190.000000 0.099476 
0.894764 201.000000 0.105236 
0.898429 194.000000 0.101571 
0.897382 196.000000 0.102618 
0.901571 188.000000 0.098429 
0.903665 184.000000 0.096335 
0.898953 193.000000 0.101047 
0.893194 204.000000 0.106806 
0.904712 182.000000 0.095288 
0.904188 183.000000 0.095812 
0.899476 192.000000 0.100524 
0.901571 188.000000 0.098429 
0.901571 188.000000 0.098429 
0.898953 193.000000 0.101047 
0.904712 182.000000 0.095288 
0.902618 186.000000 0.097382 
0.897382 196.000000 0.102618 
0.905236 181.000000 0.094764 
0.903141 185.000000 0.096859 
0.892670 205.000000 0.107330 
0.902094 187.000000 0.097906 
0.894241 202.000000 0.105759 
0.901571 188.000000 0.098429 
0.903141 185.000000 0.096859 
0.900524 190.000000 0.099476 
0.894764 201.000000 0.105236 
0.904712 182.000000 0.095288 
0.895288 200.000000 0.104712 
0.902618 186.000000 0.097382 
0.898953 193.000000 0.101047 
0.895812 199.000000 0.104188 
0.907330 177.000000 0.092670 
0.904712 182.000000 0.095288 
0.903141 185.000000 0.096859 
0.902094 187.000000 0.097906 
0.894241 202.000000 0.105759 
0.899476 192.000000 0.100524 
0.903665 184.000000 0.096335 
0.901571 188.000000 0.098429 
0.900524 190.000000 0.099476 
0.902618 186.000000 0.097382 
0.900524 190.000000 0.099476 
0.899476 192.000000 0.100524 
0.904712 182.000000 0.095288 
0.895812 199.000000 0.104188 
0.894241 202.000000 0.105759 
0.901047 189.000000 0.098953 
0.898953 193.000000 0.101047 
0.899476 192.000000 0.100524 
0.897906 195.000000 0.102094 
0.906806 178.000000 0.093194 
0.901571 188.000000 0.098429 
0.895288 200.000000 0.104712 
0.903141 185.000000 0.096859 
0.901047 189.000000 0.098953 
0.901047 189.000000 0.098953 
0.896335 198.000000 0.103665 
0.898953 193.000000 0.101047 
0.898953 193.000000 0.101047 
0.904712 182.000000 0.095288 
0.903141 185.000000 0.096859 
0.898953 193.000000 0.101047 
0.907853 176.000000 0.092147 
0.910471 171.000000 0.089529 
0.901047 189.000000 0.098953 
0.897906 195.000000 0.102094 
0.901571 188.000000 0.098429 
0.901047 189.000000 0.098953 
0.908377 175.000000 0.091623 
0.900524 190.000000 0.099476 
0.897382 196.000000 0.102618 
0.899476 192.000000 0.100524 
0.895812 199.000000 0.104188 
0.903141 185.000000 0.096859 
0.892147 206.000000 0.107853 
0.896859 197.000000 0.103141 
0.899476 192.000000 0.100524 
0.904188 183.000000 0.095812 
0.905236 181.000000 0.094764 
0.898429 194.000000 0.101571 
0.893717 203.000000 0.106283 
0.905236 181.000000 0.094764 
0.897382 196.000000 0.102618 
0.900000 191.000000 0.100000 
0.905236 181.000000 0.094764 
0.903665 184.000000 0.096335 
0.907853 176.000000 0.092147 
0.901571 188.000000 0.098429 
0.897906 195.000000 0.102094 
0.905236 181.000000 0.094764 
0.904712 182.000000 0.095288 
0.897382 196.000000 0.102618 
0.899476 192.000000 0.100524 
0.898953 193.000000 0.101047 
0.902094 187.000000 0.097906 
0.898429 194.000000 0.101571 
0.903665 184.000000 0.096335 
0.898953 193.000000 0.101047 
0.893717 203.000000 0.106283 
0.898953 193.000000 0.101047 
0.899476 192.000000 0.100524 
0.896859 197.000000 0.103141 
0.898429 194.000000 0.101571 
0.902094 187.000000 0.097906 
0.902618 186.000000 0.097382 
0.900524 190.000000 0.099476 
0.901047 189.000000 0.098953 
0.902618 186.000000 0.097382 
0.903665 184.000000 0.096335 
0.903141 185.000000 0.096859 
0.905759 180.000000 0.094241 
0.905236 181.000000 0.094764 
0.896859 197.000000 0.103141 
0.901047 189.000000 0.098953 
0.895288 200.000000 0.104712 
0.897382 196.000000 0.102618 
0.900524 190.000000 0.099476 
0.895812 199.000000 0.104188 
0.900524 190.000000 0.099476 
0.902094 187.000000 0.097906 
0.908377 175.000000 0.091623 
0.898429 194.000000 0.101571 
0.895812 199.000000 0.104188 
0.894764 201.000000 0.105236 
0.900524 190.000000 0.099476 
0.894764 201.000000 0.105236 
0.895288 200.000000 0.104712 
0.905759 180.000000 0.094241 
0.898429 194.000000 0.101571 
0.897382 196.000000 0.102618 
0.905236 181.000000 0.094764 
0.897382 196.000000 0.102618 
0.896859 197.000000 0.103141 
0.892670 205.000000 0.107330 
0.896859 197.000000 0.103141 
0.900524 190.000000 0.099476 
0.896859 197.000000 0.103141 
0.895812 199.000000 0.104188 
0.894764 201.000000 0.105236 
0.897906 195.000000 0.102094 
0.901047 189.000000 0.098953 
0.898429 194.000000 0.101571 
0.908901 174.000000 0.091099 
0.899476 192.000000 0.100524 
0.897382 196.000000 0.102618 
0.901047 189.000000 0.098953 
0.898429 194.000000 0.101571 
0.894764 201.000000 0.105236 
0.905236 181.000000 0.094764 
0.900524 190.000000 0.099476 
0.897906 195.000000 0.102094 
0.900524 190.000000 0.099476 
0.905236 181.000000 0.094764 
0.904188 183.000000 0.095812 
0.905759 180.000000 0.094241 
0.904712 182.000000 0.095288 
0.899476 192.000000 0.100524 
0.896859 197.000000 0.103141 
0.897382 196.000000 0.102618 
0.899476 192.000000 0.100524 
0.892670 205.000000 0.107330 
0.901571 188.000000 0.098429 
0.900524 190.000000 0.099476 
0.902618 186.000000 0.097382 
0.911518 169.000000 0.088482 
0.901571 188.000000 0.098429 
0.904188 183.000000 0.095812 
0.905759 180.000000 0.094241 
0.900000 191.000000 0.100000 
0.901571 188.000000 0.098429 
0.905759 180.000000 0.094241 
0.904188 183.000000 0.095812 
0.901571 188.000000 0.098429 
0.895288 200.000000 0.104712 
0.897906 195.000000 0.102094 
0.901047 189.000000 0.098953 
0.893717 203.000000 0.106283 
0.905236 181.000000 0.094764 
0.895288 200.000000 0.104712 
0.898429 194.000000 0.101571 
0.894241 202.000000 0.105759 
0.900524 190.000000 0.099476 
0.897906 195.000000 0.102094 
0.905236 181.000000 0.094764 
0.894764 201.000000 0.105236 
0.900524 190.000000 0.099476 
0.896859 197.000000 0.103141 
0.898429 194.000000 0.101571 
0.898953 193.000000 0.101047 
0.900000 191.000000 0.100000 
0.902094 187.000000 0.097906 
0.897906 195.000000 0.102094 
0.899476 192.000000 0.100524 
0.899476 192.000000 0.100524 
0.903665 184.000000 0.096335 
0.903141 185.000000 0.096859 
0.897382 196.000000 0.102618 
0.902094 187.000000 0.097906 
0.894241 202.000000 0.105759 
0.898429 194.000000 0.101571 
0.898429 194.000000 0.101571 
0.905236 181.000000 0.094764 
0.900524 190.000000 0.099476 
0.902094 187.000000 0.097906 
0.898429 194.000000 0.101571 
0.901571 188.000000 0.098429 
0.900524 190.000000 0.099476 
0.898953 193.000000 0.101047 
0.897382 196.000000 0.102618 
0.905236 181.000000 0.094764 
0.901571 188.000000 0.098429 
0.906806 178.000000 0.093194 
0.900524 190.000000 0.099476 
0.902618 186.000000 0.097382 
0.900000 191.000000 0.100000 
0.897906 195.000000 0.102094 
0.901047 189.000000 0.098953 
0.905759 180.000000 0.094241 
0.900000 191.000000 0.100000 
0.900524 190.000000 0.099476 
0.895812 199.000000 0.104188 
0.897906 195.000000 0.102094 
0.900524 190.000000 0.099476 
0.900524 190.000000 0.099476 
0.901571 188.000000 0.098429 
0.900000 191.000000 0.100000 
0.894764 201.000000 0.105236 
0.901047 189.000000 0.098953 
0.901571 188.000000 0.098429 
0.897382 196.000000 0.102618 
0.901047 189.000000 0.098953 
0.895812 199.000000 0.104188 
0.897906 195.000000 0.102094 
0.892147 206.000000 0.107853 
0.900524 190.000000 0.099476 
0.897906 195.000000 0.102094 
0.900000 191.000000 0.100000 
0.902094 187.000000 0.097906 
0.901571 188.000000 0.098429 
0.899476 192.000000 0.100524 
0.900524 190.000000 0.099476 
0.901571 188.000000 0.098429 
0.896859 197.000000 0.103141 
0.898953 193.000000 0.101047 
0.900000 191.000000 0.100000 
0.902618 186.000000 0.097382 
0.898953 193.000000 0.101047 
0.899476 192.000000 0.100524 
0.902618 186.000000 0.097382 
0.893194 204.000000 0.106806 
0.896335 198.000000 0.103665 
0.895812 199.000000 0.104188 
0.900524 190.000000 0.099476 
0.903665 184.000000 0.096335 
0.907853 176.000000 0.092147 
0.900000 191.000000 0.100000 
0.896859 197.000000 0.103141 
0.906283 179.000000 0.093717 
0.902094 187.000000 0.097906 
0.896859 197.000000 0.103141 
0.900000 191.000000 0.100000 
0.907853 176.000000 0.092147 
0.898953 193.000000 0.101047 
0.898953 193.000000 0.101047 
0.895812 199.000000 0.104188 
0.904712 182.000000 0.095288 
0.894241 202.000000 0.105759 
0.898953 193.000000 0.101047 
0.897382 196.000000 0.102618 
0.900524 190.000000 0.099476 
0.893194 204.000000 0.106806 
0.903141 185.000000 0.096859 
0.892670 205.000000 0.107330 
0.897906 195.000000 0.102094 
0.901571 188.000000 0.098429 
0.897906 195.000000 0.102094 
0.900524 190.000000 0.099476 
0.893194 204.000000 0.106806 
0.903665 184.000000 0.096335 
0.896859 197.000000 0.103141 
0.900000 191.000000 0.100000 
0.902094 187.000000 0.097906 
0.904188 183.000000 0.095812 
0.902094 187.000000 0.097906 
0.895812 199.000000 0.104188 
0.904188 183.000000 0.095812 
0.898953 193.000000 0.101047 
0.904188 183.000000 0.095812 
0.903665 184.000000 0.096335 
0.897906 195.000000 0.102094 
0.902094 187.000000 0.097906 
0.897906 195.000000 0.102094 
0.905759 180.000000 0.094241 
0.902618 186.000000 0.097382 
0.901571 188.000000 0.098429 
0.895812 199.000000 0.104188 
0.902094 187.000000 0.097906 
0.901047 189.000000 0.098953 
0.902618 186.000000 0.097382 
0.898429 194.000000 0.101571 
0.901571 188.000000 0.098429 
0.907853 176.000000 0.092147 
0.901047 189.000000 0.098953 
0.899476 192.000000 0.100524 
0.904188 183.000000 0.095812 
0.902094 187.000000 0.097906 
0.897906 195.000000 0.102094 
0.905759 180.000000 0.094241 
0.896335 198.000000 0.103665 
0.901571 188.000000 0.098429 
0.899476 192.000000 0.100524 
0.904188 183.000000 0.095812 
0.900524 190.000000 0.099476 
0.900000 191.000000 0.100000 
0.900000 191.000000 0.100000 
0.907330 177.000000 0.092670 
0.899476 192.000000 0.100524 
0.901047 189.000000 0.098953 
0.900000 191.000000 0.100000 
0.900000 191.000000 0.100000 
0.901571 188.000000 0.098429 
0.895812 199.000000 0.104188 
0.898429 194.000000 0.101571 
0.896859 197.000000 0.103141 
0.896859 197.000000 0.103141 
0.889005 212.000000 0.110995 
0.900000 191.000000 0.100000 
0.902618 186.000000 0.097382 
0.896859 197.000000 0.103141 
0.893717 203.000000 0.106283 
0.901571 188.000000 0.098429 
0.894764 201.000000 0.105236 
0.900000 191.000000 0.100000 
0.900000 191.000000 0.100000 
0.893194 204.000000 0.106806 
0.899476 192.000000 0.100524 
0.902094 187.000000 0.097906 
0.900524 190.000000 0.099476 
0.900000 191.000000 0.100000 
0.904188 183.000000 0.095812 
0.896335 198.000000 0.103665 
0.897906 195.000000 0.102094 
0.903665 184.000000 0.096335 
0.895812 199.000000 0.104188 
0.900000 191.000000 0.100000 
0.898953 193.000000 0.101047 
0.897906 195.000000 0.102094 
0.898429 194.000000 0.101571 
0.897906 195.000000 0.102094 
0.897906 195.000000 0.102094 
0.901047 189.000000 0.098953 
0.898429 194.000000 0.101571 
0.903141 185.000000 0.096859 
0.894241 202.000000 0.105759 
0.902618 186.000000 0.097382 
0.898429 194.000000 0.101571 
0.900524 190.000000 0.099476 
0.893194 204.000000 0.106806 
0.897382 196.000000 0.102618 
0.896859 197.000000 0.103141 
0.897906 195.000000 0.102094 
0.900000 191.000000 0.100000 
0.900000 191.000000 0.100000 
0.901571 188.000000 0.098429 
0.893194 204.000000 0.106806 
0.902618 186.000000 0.097382 
0.900524 190.000000 0.099476 
0.898953 193.000000 0.101047 
0.903665 184.000000 0.096335 
0.904188 183.000000 0.095812 
0.901047 189.000000 0.098953 
0.892670 205.000000 0.107330 
0.901571 188.000000 0.098429 
0.900524 190.000000 0.099476 
0.899476 192.000000 0.100524 
0.901047 189.000000 0.098953 
0.898953 193.000000 0.101047 
0.899476 192.000000 0.100524 
0.896859 197.000000 0.103141 
0.900000 191.000000 0.100000 
0.904712 182.000000 0.095288 
0.901047 189.000000 0.098953 
0.902618 186.000000 0.097382 
0.897906 195.000000 0.102094 
0.902094 187.000000 0.097906 
0.900524 190.000000 0.099476 
0.906283 179.000000 0.093717 
0.903665 184.000000 0.096335 
0.896859 197.000000 0.103141 
0.891099 208.000000 0.108901 
0.902618 186.000000 0.097382 
0.904712 182.000000 0.095288 
0.902618 186.000000 0.097382 
0.898429 194.000000 0.101571 
0.903665 184.000000 0.096335 
0.902618 186.000000 0.097382 
0.902618 186.000000 0.097382 
0.904188 183.000000 0.095812 
0.899476 192.000000 0.100524 
0.908377 175.000000 0.091623 
0.896335 198.000000 0.103665 
0.902094 187.000000 0.097906 
0.900524 190.000000 0.099476 
0.900000 191.000000 0.100000 
0.895288 200.000000 0.104712 
0.902618 186.000000 0.097382 
0.901571 188.000000 0.098429 
0.898953 193.000000 0.101047 
0.904188 183.000000 0.095812 
0.902094 187.000000 0.097906 
0.894764 201.000000 0.105236 
0.895812 199.000000 0.104188 
0.899476 192.000000 0.100524 
0.902618 186.000000 0.097382 
0.901047 189.000000 0.098953 
0.900000 191.000000 0.100000 
0.905236 181.000000 0.094764 
0.898953 193.000000 0.101047 
0.904712 182.000000 0.095288 
0.900000 191.000000 0.100000 
0.892147 206.000000 0.107853 
0.900524 190.000000 0.099476 
0.903141 185.000000 0.096859 
0.900524 190.000000 0.099476 
0.898953 193.000000 0.101047 
0.898953 193.000000 0.101047 
0.898953 193.000000 0.101047 
0.898429 194.000000 0.101571 
0.900524 190.000000 0.099476 
0.900000 191.000000 0.100000 
0.900000 191.000000 0.100000 
0.903141 185.000000 0.096859 
0.905759 180.000000 0.094241 
0.900000 191.000000 0.100000 
0.901571 188.000000 0.098429 
0.896335 198.000000 0.103665 
0.900524 190.000000 0.099476 
0.904188 183.000000 0.095812 
0.903665 184.000000 0.096335 
0.900524 190.000000 0.099476 
0.903141 185.000000 0.096859 
0.904712 182.000000 0.095288 
0.902618 186.000000 0.097382 
0.897906 195.000000 0.102094 
0.903665 184.000000 0.096335 
0.897382 196.000000 0.102618 
0.888482 213.000000 0.111518 
0.908901 174.000000 0.091099 
0.897382 196.000000 0.102618 
0.898953 193.000000 0.101047 
0.900524 190.000000 0.099476 
0.897906 195.000000 0.102094 
0.902618 186.000000 0.097382 
0.896335 198.000000 0.103665 
0.898429 194.000000 0.101571 
0.895812 199.000000 0.104188 
0.902094 187.000000 0.097906 
0.891099 208.000000 0.108901 
0.901571 188.000000 0.098429 
0.906806 178.000000 0.093194 
0.900000 191.000000 0.100000 
0.896335 198.000000 0.103665 
0.897906 195.000000 0.102094 
0.895288 200.000000 0.104712 
0.903665 184.000000 0.096335 
0.901047 189.000000 0.098953 
0.898953 193.000000 0.101047 
0.896859 197.000000 0.103141 
0.893194 204.000000 0.106806 
0.901571 188.000000 0.098429 
0.907330 177.000000 0.092670 
0.905759 180.000000 0.094241 
0.902094 187.000000 0.097906 
0.897382 196.000000 0.102618 
0.898429 194.000000 0.101571 
0.901047 189.000000 0.098953 
0.898429 194.000000 0.101571 
0.903665 184.000000 0.096335 
0.894764 201.000000 0.105236 
0.896335 198.000000 0.103665 
0.899476 192.000000 0.100524 
0.902618 186.000000 0.097382 
0.898953 193.000000 0.101047 
0.903141 185.000000 0.096859 
0.899476 192.000000 0.100524 
0.909948 172.000000 0.090052 
0.901047 189.000000 0.098953 
0.895288 200.000000 0.104712 
0.898953 193.000000 0.101047 
0.896335 198.000000 0.103665 
0.900000 191.000000 0.100000 
0.896859 197.000000 0.103141 
0.903141 185.000000 0.096859 
0.902618 186.000000 0.097382 
0.905236 181.000000 0.094764 
0.902094 187.000000 0.097906 
0.896859 197.000000 0.103141 
0.896335 198.000000 0.103665 
0.900000 191.000000 0.100000 
0.904188 183.000000 0.095812 
0.902094 187.000000 0.097906 
0.907853 176.000000 0.092147 
0.900000 191.000000 0.100000 
0.902618 186.000000 0.097382 
0.895288 200.000000 0.104712 
0.904188 183.000000 0.095812 
0.900000 191.000000 0.100000 
0.893194 204.000000 0.106806 
0.895812 199.000000 0.104188 
0.904712 182.000000 0.095288 
0.902618 186.000000 0.097382 
0.900524 190.000000 0.099476 
0.900000 191.000000 0.100000 
0.901047 189.000000 0.098953 
0.906806 178.000000 0.093194 
0.905759 180.000000 0.094241 
0.898953 193.000000 0.101047 
0.897906 195.000000 0.102094 
0.900524 190.000000 0.099476 
0.896335 198.000000 0.103665 
0.900000 191.000000 0.100000 
0.903141 185.000000 0.096859 
0.896859 197.000000 0.103141 
0.895288 200.000000 0.104712 
0.900524 190.000000 0.099476 
0.901047 189.000000 0.098953 
0.895288 200.000000 0.104712 
0.901047 189.000000 0.098953 
0.906283 179.000000 0.093717 
0.904188 183.000000 0.095812 
0.902094 187.000000 0.097906 
0.898953 193.000000 0.101047 
0.902618 186.000000 0.097382 
0.902094 187.000000 0.097906 
0.895812 199.000000 0.104188 
0.901047 189.000000 0.098953 
0.898953 193.000000 0.101047 
0.892670 205.000000 0.107330 
0.902618 186.000000 0.097382 
0.898953 193.000000 0.101047 
0.892670 205.000000 0.107330 
0.893194 204.000000 0.106806 
0.900524 190.000000 0.099476 
0.900524 190.000000 0.099476 
0.897906 195.000000 0.102094 
0.902618 186.000000 0.097382 
0.894241 202.000000 0.105759 
0.904188 183.000000 0.095812 
0.899476 192.000000 0.100524 
0.895288 200.000000 0.104712 
0.906283 179.000000 0.093717 
0.902618 186.000000 0.097382 
0.897382 196.000000 0.102618 
0.906283 179.000000 0.093717 
0.895288 200.000000 0.104712 
0.904712 182.000000 0.095288 
0.894764 201.000000 0.105236 
0.897906 195.000000 0.102094 
0.898429 194.000000 0.101571 
0.902094 187.000000 0.097906 
0.904188 183.000000 0.095812 
0.907853 176.000000 0.092147 
0.901571 188.000000 0.098429 
0.892670 205.000000 0.107330 
0.901571 188.000000 0.098429 
0.898429 194.000000 0.101571 
0.898953 193.000000 0.101047 
0.898429 194.000000 0.101571 
0.906806 178.000000 0.093194 
0.897382 196.000000 0.102618 
0.898429 194.000000 0.101571 
0.894241 202.000000 0.105759 
0.901047 189.000000 0.098953 
0.903665 184.000000 0.096335 
0.895812 199.000000 0.104188 
0.902618 186.000000 0.097382 
0.907853 176.000000 0.092147 
0.898953 193.000000 0.101047 
0.900524 190.000000 0.099476 
0.903665 184.000000 0.096335 
0.900524 190.000000 0.099476 
0.899476 192.000000 0.100524 
0.901047 189.000000 0.098953 
0.893717 203.000000 0.106283 
0.901047 189.000000 0.098953 
0.903141 185.000000 0.096859 
0.897382 196.000000 0.102618 
0.902618 186.000000 0.097382 
0.903141 185.000000 0.096859 
0.897906 195.000000 0.102094 
0.897906 195.000000 0.102094 
0.898953 193.000000 0.101047 
0.897382 196.000000 0.102618 
0.895288 200.000000 0.104712 
0.896335 198.000000 0.103665 
0.897382 196.000000 0.102618 
0.905236 181.000000 0.094764 
0.896335 198.000000 0.103665 
0.899476 192.000000 0.100524 
0.902618 186.000000 0.097382 
0.898429 194.000000 0.101571 
0.899476 192.000000 0.100524 
0.895812 199.000000 0.104188 
0.903665 184.000000 0.096335 
0.900000 191.000000 0.100000 
0.895812 199.000000 0.104188 
0.898429 194.000000 0.101571 
0.902618 186.000000 0.097382 
0.902094 187.000000 0.097906 
0.897906 195.000000 0.102094 
0.901047 189.000000 0.098953 
0.903141 185.000000 0.096859 
0.895288 200.000000 0.104712 
0.897906 195.000000 0.102094 
0.899476 192.000000 0.100524 
0.900524 190.000000 0.099476 
0.899476 192.000000 0.100524 
0.896859 197.000000 0.103141 
0.897906 195.000000 0.102094 
0.894241 202.000000 0.105759 
0.901047 189.000000 0.098953 
0.904188 183.000000 0.095812 
0.898953 193.000000 0.101047 
0.900000 191.000000 0.100000 
0.897906 195.000000 0.102094 
0.901571 188.000000 0.098429 
0.900524 190.000000 0.099476 
0.903141 185.000000 0.096859 
0.892147 206.000000 0.107853 
0.894241 202.000000 0.105759 
0.900524 190.000000 0.099476 
0.904188 183.000000 0.095812 
0.905759 180.000000 0.094241 
0.896335 198.000000 0.103665 
0.901571 188.000000 0.098429 
0.894764 201.000000 0.105236 
0.902094 187.000000 0.097906 
0.903665 184.000000 0.096335 
0.904188 183.000000 0.095812 
0.901571 188.000000 0.098429 
0.903141 185.000000 0.096859 
0.898429 194.000000 0.101571 
0.893717 203.000000 0.106283 
0.903665 184.000000 0.096335 
0.890052 210.000000 0.109948 
0.897906 195.000000 0.102094 
0.905236 181.000000 0.094764 
0.903665 184.000000 0.096335 
0.897382 196.000000 0.102618 
0.903141 185.000000 0.096859 
0.903141 185.000000 0.096859 
0.900524 190.000000 0.099476 
0.899476 192.000000 0.100524 
0.900000 191.000000 0.100000 
0.901571 188.000000 0.098429 
0.895812 199.000000 0.104188 
0.903665 184.000000 0.096335 
0.900000 191.000000 0.100000 
0.894241 202.000000 0.105759 
0.895812 199.000000 0.104188 
0.903665 184.000000 0.096335 
0.902094 187.000000 0.097906 
0.890052 210.000000 0.109948 
0.896335 198.000000 0.103665 
0.907853 176.000000 0.092147 
0.900524 190.000000 0.099476 
0.892670 205.000000 0.107330 
0.894764 201.000000 0.105236 
0.902094 187.000000 0.097906 
0.905236 181.000000 0.094764 
0.901047 189.000000 0.098953 
0.901571 188.000000 0.098429 
0.900000 191.000000 0.100000 
0.897382 196.000000 0.102618 
0.901571 188.000000 0.098429 
0.906283 179.000000 0.093717 
0.904712 182.000000 0.095288 
0.898429 194.000000 0.101571 
0.901047 189.000000 0.098953 
0.904712 182.000000 0.095288 
0.896335 198.000000 0.103665 
0.896859 197.000000 0.103141 
0.900524 190.000000 0.099476 
0.904188 183.000000 0.095812 
0.905236 181.000000 0.094764 
0.897382 196.000000 0.102618 
0.906283 179.000000 0.093717 
0.903665 184.000000 0.096335 
0.896859 197.000000 0.103141 
0.898953 193.000000 0.101047 
0.888482 213.000000 0.111518 
0.901571 188.000000 0.098429 
0.895288 200.000000 0.104712 
0.900000 191.000000 0.100000 
0.897906 195.000000 0.102094 
0.896335 198.000000 0.103665 
0.900524 190.000000 0.099476 
0.902618 186.000000 0.097382 
0.894241 202.000000 0.105759 
0.902618 186.000000 0.097382 
0.901571 188.000000 0.098429 
0.902094 187.000000 0.097906 
0.897382 196.000000 0.102618 
0.903665 184.000000 0.096335 
0.905236 181.000000 0.094764 
0.901571 188.000000 0.098429 
0.903141 185.000000 0.096859 
0.894241 202.000000 0.105759 
0.900000 191.000000 0.100000 
0.904188 183.000000 0.095812 
0.905759 180.000000 0.094241 
0.901047 189.000000 0.098953 
0.898429 194.000000 0.101571 
0.897906 195.000000 0.102094 
0.898953 193.000000 0.101047 
0.904712 182.000000 0.095288 
0.904712 182.000000 0.095288 
0.901571 188.000000 0.098429 
0.898429 194.000000 0.101571 
0.897382 196.000000 0.102618 
0.900524 190.000000 0.099476 
0.899476 192.000000 0.100524 
0.903665 184.000000 0.096335 
0.899476 192.000000 0.100524 
0.897382 196.000000 0.102618 
0.904712 182.000000 0.095288 
0.895288 200.000000 0.104712 
0.901571 188.000000 0.098429 
0.901047 189.000000 0.098953 
0.902618 186.000000 0.097382 
0.897382 196.000000 0.102618 
0.902618 186.000000 0.097382 
0.902094 187.000000 0.097906 
0.902618 186.000000 0.097382 
0.900524 190.000000 0.099476 
0.904712 182.000000 0.095288 
0.910995 170.000000 0.089005 
0.897382 196.000000 0.102618 
0.896335 198.000000 0.103665 
0.900524 190.000000 0.099476 
0.902094 187.000000 0.097906 
0.895812 199.000000 0.104188 
0.898429 194.000000 0.101571 
0.901047 189.000000 0.098953 
0.907330 177.000000 0.092670 
0.908377 175.000000 0.091623 
0.900524 190.000000 0.099476 
0.898953 193.000000 0.101047 
0.897906 195.000000 0.102094 
0.901571 188.000000 0.098429 
0.901571 188.000000 0.098429 
0.897382 196.000000 0.102618 
0.903141 185.000000 0.096859 
0.900000 191.000000 0.100000 
0.900000 191.000000 0.100000 
0.901047 189.000000 0.098953 
0.900524 190.000000 0.099476 
0.898429 194.000000 0.101571 
0.899476 192.000000 0.100524 
0.906283 179.000000 0.093717 
0.904712 182.000000 0.095288 
0.904712 182.000000 0.095288 
0.898953 193.000000 0.101047 
0.904188 183.000000 0.095812 
0.902094 187.000000 0.097906 
0.908377 175.000000 0.091623 
0.900000 191.000000 0.100000 
0.893717 203.000000 0.106283 
0.898953 193.000000 0.101047 
0.897906 195.000000 0.102094 
0.896335 198.000000 0.103665 
0.893717 203.000000 0.106283 
0.899476 192.000000 0.100524 
0.895288 200.000000 0.104712 
0.901571 188.000000 0.098429 
0.899476 192.000000 0.100524 
0.892670 205.000000 0.107330 
0.903141 185.000000 0.096859 
0.895288 200.000000 0.104712 
0.892670 205.000000 0.107330 
0.898429 194.000000 0.101571 
0.903141 185.000000 0.096859 
0.904712 182.000000 0.095288 
0.898429 194.000000 0.101571 
0.903141 185.000000 0.096859 
0.896335 198.000000 0.103665 
0.901047 189.000000 0.098953 
0.900524 190.000000 0.099476 
0.896859 197.000000 0.103141 
0.903665 184.000000 0.096335 
0.900000 191.000000 0.100000 
0.902618 186.000000 0.097382 
0.900000 191.000000 0.100000 
0.900524 190.000000 0.099476 
0.899476 192.000000 0.100524 
0.901047 189.000000 0.098953 
0.901047 189.000000 0.098953 
0.895812 199.000000 0.104188 
0.901571 188.000000 0.098429 
0.898429 194.000000 0.101571 
0.902094 187.000000 0.097906 
0.895812 199.000000 0.104188 
0.895812 199.000000 0.104188 
0.900000 191.000000 0.100000 
0.901571 188.000000 0.098429 
0.894764 201.000000 0.105236 
0.898953 193.000000 0.101047 
0.905236 181.000000 0.094764 
0.899476 192.000000 0.100524 
0.903665 184.000000 0.096335 
0.904188 183.000000 0.095812 
0.897382 196.000000 0.102618 
0.896859 197.000000 0.103141 
0.903141 185.000000 0.096859 
0.904188 183.000000 0.095812 
0.897382 196.000000 0.102618 
0.900524 190.000000 0.099476 
0.896335 198.000000 0.103665 
0.897906 195.000000 0.102094 
0.900524 190.000000 0.099476 
0.893194 204.000000 0.106806 
0.898429 194.000000 0.101571 
0.904188 183.000000 0.095812 
0.900524 190.000000 0.099476 
0.897382 196.000000 0.102618 
0.900000 191.000000 0.100000 
0.899476 192.000000 0.100524 
0.903665 184.000000 0.096335 
0.901047 189.000000 0.098953 
0.898953 193.000000 0.101047 
0.900000 191.000000 0.100000 
0.902094 187.000000 0.097906 
0.897382 196.000000 0.102618 
0.900000 191.000000 0.100000 
0.900000 191.000000 0.100000 
0.903665 184.000000 0.096335 
0.901047 189.000000 0.098953 
0.893717 203.000000 0.106283 
0.894241 202.000000 0.105759 
0.900524 190.000000 0.099476 
0.898953 193.000000 0.101047 
0.900000 191.000000 0.100000 
0.896859 197.000000 0.103141 
0.899476 192.000000 0.100524 
0.898953 193.000000 0.101047 
0.894241 202.000000 0.105759 
0.906806 178.000000 0.093194 
0.900000 191.000000 0.100000 
0.895288 200.000000 0.104712 
0.897382 196.000000 0.102618 
0.894764 201.000000 0.105236 
0.901571 188.000000 0.098429 
0.901571 188.000000 0.098429 
0.907853 176.000000 0.092147 
0.901047 189.000000 0.098953 
0.898953 193.000000 0.101047 
0.902618 186.000000 0.097382 
0.899476 192.000000 0.100524 
0.900000 191.000000 0.100000 
0.898429 194.000000 0.101571 
0.897906 195.000000 0.102094 
0.903665 184.000000 0.096335 
0.894764 201.000000 0.105236 
0.893717 203.000000 0.106283 
0.900000 191.000000 0.100000 
0.897906 195.000000 0.102094 
0.902618 186.000000 0.097382 
0.898953 193.000000 0.101047 
0.894241 202.000000 0.105759 
0.901571 188.000000 0.098429 
0.900000 191.000000 0.100000 
0.898429 194.000000 0.101571 
0.898429 194.000000 0.101571 
0.900000 191.000000 0.100000 
0.903665 184.000000 0.096335 
0.900000 191.000000 0.100000 
0.902618 186.000000 0.097382 
0.902094 187.000000 0.097906 
0.902094 187.000000 0.097906 
0.895812 199.000000 0.104188 
0.896335 198.000000 0.103665 
0.895288 200.000000 0.104712 
0.900000 191.000000 0.100000 
0.895288 200.000000 0.104712 
0.899476 192.000000 0.100524 
0.905236 181.000000 0.094764 
0.897382 196.000000 0.102618 
0.896335 198.000000 0.103665 
0.902618 186.000000 0.097382 
0.898429 194.000000 0.101571 
0.894241 202.000000 0.105759 
0.900524 190.000000 0.099476 
0.897906 195.000000 0.102094 
0.896335 198.000000 0.103665 
0.904188 183.000000 0.095812 
0.893194 204.000000 0.106806 
0.905236 181.000000 0.094764 
0.903665 184.000000 0.096335 
0.901571 188.000000 0.098429 
0.903141 185.000000 0.096859 
0.901047 189.000000 0.098953 
0.897906 195.000000 0.102094 
0.898429 194.000000 0.101571 
0.902618 186.000000 0.097382 
0.900000 191.000000 0.100000 
0.895812 199.000000 0.104188 
0.900524 190.000000 0.099476 
0.898953 193.000000 0.101047 
0.900000 191.000000 0.100000 
0.894764 201.000000 0.105236 
0.899476 192.000000 0.100524 
0.904712 182.000000 0.095288 
0.894764 201.000000 0.105236 
0.902094 187.000000 0.097906 
0.904188 183.000000 0.095812 
0.903141 185.000000 0.096859 
0.900524 190.000000 0.099476 
0.903141 185.000000 0.096859 
0.898429 194.000000 0.101571 
0.897906 195.000000 0.102094 
0.901047 189.000000 0.098953 
0.898953 193.000000 0.101047 
0.898429 194.000000 0.101571 
0.902618 186.000000 0.097382 
0.896335 198.000000 0.103665 
0.895288 200.000000 0.104712 
0.907330 177.000000 0.092670 
0.897382 196.000000 0.102618 
0.897906 195.000000 0.102094 
0.895288 200.000000 0.104712 
0.898429 194.000000 0.101571 
0.895812 199.000000 0.104188 
0.898429 194.000000 0.101571 
0.904712 182.000000 0.095288 
0.898953 193.000000 0.101047 
0.900000 191.000000 0.100000 
0.896859 197.000000 0.103141 
0.903141 185.000000 0.096859 
0.904188 183.000000 0.095812 
0.897906 195.000000 0.102094 
0.903141 185.000000 0.096859 
0.901571 188.000000 0.098429 
0.896335 198.000000 0.103665 
0.896859 197.000000 0.103141 
0.907330 177.000000 0.092670 
0.897906 195.000000 0.102094 
0.898953 193.000000 0.101047 
0.897382 196.000000 0.102618 
0.894764 201.000000 0.105236 
0.894241 202.000000 0.105759 
0.903665 184.000000 0.096335 
0.896859 197.000000 0.103141 
0.895812 199.000000 0.104188 
0.899476 192.000000 0.100524 
0.901047 189.000000 0.098953 
0.899476 192.000000 0.100524 
0.899476 192.000000 0.100524 
0.898953 193.000000 0.101047 
0.896335 198.000000 0.103665 
0.900524 190.000000 0.099476 
0.897382 196.000000 0.102618 
0.895288 200.000000 0.104712 
0.905236 181.000000 0.094764 
0.895812 199.000000 0.104188 
0.901571 188.000000 0.098429 
0.900524 190.000000 0.099476 
0.900524 190.000000 0.099476 
0.895288 200.000000 0.104712 
0.897382 196.000000 0.102618 
0.898429 194.000000 0.101571 
0.907330 177.000000 0.092670 
0.900524 190.000000 0.099476 
0.900524 190.000000 0.099476 
0.894241 202.000000 0.105759 
0.900524 190.000000 0.099476 
0.903665 184.000000 0.096335 
0.903665 184.000000 0.096335 
0.894764 201.000000 0.105236 
0.894764 201.000000 0.105236 
0.899476 192.000000 0.100524 
0.901571 188.000000 0.098429 
0.900000 191.000000 0.100000 
0.897906 195.000000 0.102094 
0.903141 185.000000 0.096859 
0.894764 201.000000 0.105236 
0.900000 191.000000 0.100000 
0.902618 186.000000 0.097382 
0.901047 189.000000 0.098953 
0.899476 192.000000 0.100524 
0.901047 189.000000 0.098953 
0.892670 205.000000 0.107330 
0.897906 195.000000 0.102094 
0.901047 189.000000 0.098953 
0.901047 189.000000 0.098953 
0.893717 203.000000 0.106283 
0.899476 192.000000 0.100524 
0.896859 197.000000 0.103141 
0.904188 183.000000 0.095812 
0.902618 186.000000 0.097382 
0.902094 187.000000 0.097906 
0.905236 181.000000 0.094764 
0.897382 196.000000 0.102618 
0.907330 177.000000 0.092670 
0.896335 198.000000 0.103665 
0.896859 197.000000 0.103141 
0.902094 187.000000 0.097906 
0.898953 193.000000 0.101047 
0.900000 191.000000 0.100000 
0.897382 196.000000 0.102618 
0.904188 183.000000 0.095812 
0.897906 195.000000 0.102094 
0.898953 193.000000 0.101047 
0.902094 187.000000 0.097906 
0.905236 181.000000 0.094764 
0.899476 192.000000 0.100524 
0.905236 181.000000 0.094764 
0.896335 198.000000 0.103665 
0.908901 174.000000 0.091099 
0.898429 194.000000 0.101571 
0.901047 189.000000 0.098953 
0.905759 180.000000 0.094241 
0.900000 191.000000 0.100000 
0.900000 191.000000 0.100000 
0.897906 195.000000 0.102094 
0.904188 183.000000 0.095812 
0.900000 191.000000 0.100000 
0.898953 193.000000 0.101047 
0.901047 189.000000 0.098953 
0.903665 184.000000 0.096335 
0.896859 197.000000 0.103141 
0.891623 207.000000 0.108377 
0.900000 191.000000 0.100000 
0.903141 185.000000 0.096859 
0.901047 189.000000 0.098953 
0.901571 188.000000 0.098429 
0.897382 196.000000 0.102618 
0.898953 193.000000 0.101047 
0.896335 198.000000 0.103665 
0.901047 189.000000 0.098953 
0.898429 194.000000 0.101571 
0.901047 189.000000 0.098953 
0.898429 194.000000 0.101571 
0.905236 181.000000 0.094764 
0.899476 192.000000 0.100524 
0.897906 195.000000 0.102094 
0.893194 204.000000 0.106806 
0.897906 195.000000 0.102094 
0.898953 193.000000 0.101047 
0.901571 188.000000 0.098429 
0.899476 192.000000 0.100524 
0.902618 186.000000 0.097382 
0.897382 196.000000 0.102618 
0.900000 191.000000 0.100000 
0.907853 176.000000 0.092147 
0.898953 193.000000 0.101047 
0.902618 186.000000 0.097382 
0.900000 191.000000 0.100000 
0.901047 189.000000 0.098953 
0.897906 195.000000 0.102094 
0.903141 185.000000 0.096859 
0.908901 174.000000 0.091099 
0.898429 194.000000 0.101571 
0.898953 193.000000 0.101047 
0.897382 196.000000 0.102618 
0.905759 180.000000 0.094241 
0.901571 188.000000 0.098429 
0.903665 184.000000 0.096335 
0.895812 199.000000 0.104188 
0.905236 181.000000 0.094764 
0.897906 195.000000 0.102094 
0.899476 192.000000 0.100524 
0.898429 194.000000 0.101571 
0.899476 192.000000 0.100524 
0.903141 185.000000 0.096859 
0.896335 198.000000 0.103665 
0.902094 187.000000 0.097906 
0.895812 199.000000 0.104188 
0.898953 193.000000 0.101047 
0.894241 202.000000 0.105759 
0.899476 192.000000 0.100524 
0.892147 206.000000 0.107853 
0.897382 196.000000 0.102618 
0.904188 183.000000 0.095812 
0.900000 191.000000 0.100000 
0.898429 194.000000 0.101571 
0.896859 197.000000 0.103141 
0.900000 191.000000 0.100000 
0.898429 194.000000 0.101571 
0.898429 194.000000 0.101571 
0.897906 195.000000 0.102094 
0.896335 198.000000 0.103665 
0.900000 191.000000 0.100000 
0.894764 201.000000 0.105236 
0.895288 200.000000 0.104712 
0.902618 186.000000 0.097382 
0.902618 186.000000 0.097382 
0.898953 193.000000 0.101047 
0.900524 190.000000 0.099476 
0.894241 202.000000 0.105759 
0.904188 183.000000 0.095812 
0.897906 195.000000 0.102094 
0.902094 187.000000 0.097906 
0.902618 186.000000 0.097382 
0.897382 196.000000 0.102618 
0.906283 179.000000 0.093717 
0.898429 194.000000 0.101571 
0.910471 171.000000 0.089529 
0.896335 198.000000 0.103665 
0.903141 185.000000 0.096859 
0.902094 187.000000 0.097906 
0.901047 189.000000 0.098953 
0.895812 199.000000 0.104188 
0.905236 181.000000 0.094764 
0.903141 185.000000 0.096859 
0.890576 209.000000 0.109424 
0.899476 192.000000 0.100524 
0.897906 195.000000 0.102094 
0.905759 180.000000 0.094241 
0.902618 186.000000 0.097382 
0.894764 201.000000 0.105236 
0.897906 195.000000 0.102094 
0.895288 200.000000 0.104712 
0.900524 190.000000 0.099476 
0.903141 185.000000 0.096859 
0.902618 186.000000 0.097382 
0.902094 187.000000 0.097906 
0.906283 179.000000 0.093717 
0.899476 192.000000 0.100524 
0.895288 200.000000 0.104712 
0.894241 202.000000 0.105759 
0.901571 188.000000 0.098429 
0.899476 192.000000 0.100524 
0.898953 193.000000 0.101047 
0.900000 191.000000 0.100000 
0.895812 199.000000 0.104188 
0.899476 192.000000 0.100524 
0.894764 201.000000 0.105236 
0.904712 182.000000 0.095288 
0.901047 189.000000 0.098953 
0.900524 190.000000 0.099476 
0.895288 200.000000 0.104712 
0.898429 194.000000 0.101571 
0.906283 179.000000 0.093717 
0.895812 199.000000 0.104188 
0.896335 198.000000 0.103665 
0.900000 191.000000 0.100000 
0.898429 194.000000 0.101571 
0.898429 194.000000 0.101571 
0.898429 194.000000 0.101571 
0.901571 188.000000 0.098429 
0.895812 199.000000 0.104188 
0.896859 197.000000 0.103141 
0.898429 194.000000 0.101571 
0.897906 195.000000 0.102094 
0.900524 190.000000 0.099476 
0.898953 193.000000 0.101047 
0.900000 191.000000 0.100000 
0.900000 191.000000 0.100000 
0.901571 188.000000 0.098429 
0.898429 194.000000 0.101571 
0.896859 197.000000 0.103141 
0.898429 194.000000 0.101571 
0.897906 195.000000 0.102094 
0.898429 194.000000 0.101571 
0.900524 190.000000 0.099476 
0.896335 198.000000 0.103665 
0.904712 182.000000 0.095288 
0.900524 190.000000 0.099476 
0.908377 175.000000 0.091623 
0.897382 196.000000 0.102618 
0.898953 193.000000 0.101047 
0.895288 200.000000 0.104712 
0.901571 188.000000 0.098429 
0.903665 184.000000 0.096335 
0.905236 181.000000 0.094764 
0.894241 202.000000 0.105759 
0.901047 189.000000 0.098953 
0.899476 192.000000 0.100524 
0.900000 191.000000 0.100000 
0.902618 186.000000 0.097382 
0.890052 210.000000 0.109948 
0.894241 202.000000 0.105759 
0.898429 194.000000 0.101571 
0.903141 185.000000 0.096859 
0.894764 201.000000 0.105236 
0.901571 188.000000 0.098429 
0.903141 185.000000 0.096859 
0.903665 184.000000 0.096335 
0.901047 189.000000 0.098953 
0.898429 194.000000 0.101571 
0.896859 197.000000 0.103141 
0.900000 191.000000 0.100000 
0.901047 189.000000 0.098953 
0.896335 198.000000 0.103665 
0.902618 186.000000 0.097382 
0.903141 185.000000 0.096859 
0.900524 190.000000 0.099476 
0.904712 182.000000 0.095288 
0.900524 190.000000 0.099476 
0.897906 195.000000 0.102094 
0.897906 195.000000 0.102094 
0.898429 194.000000 0.101571 
0.894764 201.000000 0.105236 
0.896859 197.000000 0.103141 
0.900524 190.000000 0.099476 
0.899476 192.000000 0.100524 
0.895288 200.000000 0.104712 
0.903665 184.000000 0.096335 
0.903665 184.000000 0.096335 
0.904188 183.000000 0.095812 
0.897382 196.000000 0.102618 
0.902618 186.000000 0.097382 
0.903141 185.000000 0.096859 
0.895812 199.000000 0.104188 
0.906283 179.000000 0.093717 
0.902618 186.000000 0.097382 
0.902094 187.000000 0.097906 
0.902094 187.000000 0.097906 
0.901571 188.000000 0.098429 
0.902094 187.000000 0.097906 
0.901047 189.000000 0.098953 
0.896859 197.000000 0.103141 
0.900000 191.000000 0.100000 
0.895812 199.000000 0.104188 
0.897906 195.000000 0.102094 
0.896859 197.000000 0.103141 
0.903141 185.000000 0.096859 
0.910471 171.000000 0.089529 
0.897382 196.000000 0.102618 
0.895288 200.000000 0.104712 
0.904188 183.000000 0.095812 
0.902618 186.000000 0.097382 
0.896859 197.000000 0.103141 
0.896335 198.000000 0.103665 
0.898429 194.000000 0.101571 
0.902094 187.000000 0.097906 
0.900524 190.000000 0.099476 
0.897382 196.000000 0.102618 
0.903665 184.000000 0.096335 
0.902618 186.000000 0.097382 
0.898429 194.000000 0.101571 
0.903141 185.000000 0.096859 
0.899476 192.000000 0.100524 
0.897382 196.000000 0.102618 
0.906806 178.000000 0.093194 
0.895288 200.000000 0.104712 
0.908377 175.000000 0.091623 
0.901571 188.000000 0.098429 
0.903141 185.000000 0.096859 
0.897382 196.000000 0.102618 
0.896335 198.000000 0.103665 
0.901571 188.000000 0.098429 
0.898429 194.000000 0.101571 
0.896859 197.000000 0.103141 
0.897906 195.000000 0.102094 
0.902618 186.000000 0.097382 
0.900000 191.000000 0.100000 
0.904712 182.000000 0.095288 
0.900524 190.000000 0.099476 
0.900000 191.000000 0.100000 
0.901571 188.000000 0.098429 
0.900000 191.000000 0.100000 
0.902094 187.000000 0.097906 
0.903141 185.000000 0.096859 
0.897906 195.000000 0.102094 
0.902094 187.000000 0.097906 
0.901047 189.000000 0.098953 
0.897906 195.000000 0.102094 
0.896859 197.000000 0.103141 
0.896859 197.000000 0.103141 
0.898953 193.000000 0.101047 
0.897906 195.000000 0.102094 
0.906283 179.000000 0.093717 
0.898429 194.000000 0.101571 
0.903665 184.000000 0.096335 
0.900000 191.000000 0.100000 
0.902618 186.000000 0.097382 
0.898429 194.000000 0.101571 
0.901571 188.000000 0.098429 
0.897382 196.000000 0.102618 
0.897382 196.000000 0.102618 
0.906806 178.000000 0.093194 
0.898429 194.000000 0.101571 
0.896335 198.000000 0.103665 
0.897382 196.000000 0.102618 
0.894764 201.000000 0.105236 
0.901047 189.000000 0.098953 
0.900000 191.000000 0.100000 
0.894241 202.000000 0.105759 
0.901047 189.000000 0.098953 
0.905759 180.000000 0.094241 
0.898429 194.000000 0.101571 
0.897906 195.000000 0.102094 
0.902094 187.000000 0.097906 
0.895288 200.000000 0.104712 
0.895288 200.000000 0.104712 
0.896859 197.000000 0.103141 
0.904188 183.000000 0.095812 
0.901571 188.000000 0.098429 
0.899476 192.000000 0.100524 
0.896859 197.000000 0.103141 
0.903665 184.000000 0.096335 
0.895288 200.000000 0.104712 
0.902618 186.000000 0.097382 
0.900524 190.000000 0.099476 
0.901571 188.000000 0.098429 
0.901047 189.000000 0.098953 
0.906806 178.000000 0.093194 
0.897906 195.000000 0.102094 
0.900524 190.000000 0.099476 
0.894764 201.000000 0.105236 
0.901047 189.000000 0.098953 
0.903665 184.000000 0.096335 
0.896859 197.000000 0.103141 
0.900524 190.000000 0.099476 
0.903665 184.000000 0.096335 
0.911518 169.000000 0.088482 
0.896335 198.000000 0.103665 
0.901571 188.000000 0.098429 
0.902618 186.000000 0.097382 
0.909424 173.000000 0.090576 
0.900000 191.000000 0.100000 
0.907853 176.000000 0.092147 
0.897906 195.000000 0.102094 
0.897382 196.000000 0.102618 
0.897906 195.000000 0.102094 
0.900524 190.000000 0.099476 
0.903141 185.000000 0.096859 
0.898953 193.000000 0.101047 
0.900000 191.000000 0.100000 
0.898429 194.000000 0.101571 
0.903141 185.000000 0.096859 
0.895812 199.000000 0.104188 
0.902094 187.000000 0.097906 
0.897382 196.000000 0.102618 
0.897382 196.000000 0.102618 
0.903665 184.000000 0.096335 
0.900524 190.000000 0.099476 
0.895812 199.000000 0.104188 
0.901047 189.000000 0.098953 
0.896335 198.000000 0.103665 
0.898953 193.000000 0.101047 
0.901047 189.000000 0.098953 
0.901047 189.000000 0.098953 
0.894764 201.000000 0.105236 
0.898429 194.000000 0.101571 
0.901571 188.000000 0.098429 
0.894764 201.000000 0.105236 
0.900000 191.000000 0.100000 
0.900000 191.000000 0.100000 
0.904188 183.000000 0.095812 
0.897906 195.000000 0.102094 
0.906283 179.000000 0.093717 
0.897906 195.000000 0.102094 
0.893717 203.000000 0.106283 
0.900524 190.000000 0.099476 
0.900000 191.000000 0.100000 
0.907853 176.000000 0.092147 
0.900524 190.000000 0.099476 
0.898429 194.000000 0.101571 
0.898429 194.000000 0.101571 
0.896335 198.000000 0.103665 
0.896859 197.000000 0.103141 
0.902094 187.000000 0.097906 
0.899476 192.000000 0.100524 
0.902094 187.000000 0.097906 
0.904188 183.000000 0.095812 
0.901571 188.000000 0.098429 
0.907330 177.000000 0.092670 
0.897906 195.000000 0.102094 
0.907330 177.000000 0.092670 
0.897906 195.000000 0.102094 
0.901047 189.000000 0.098953 
0.893194 204.000000 0.106806 
0.903665 184.000000 0.096335 
0.904188 183.000000 0.095812 
0.898953 193.000000 0.101047 
0.904188 183.000000 0.095812 
0.901571 188.000000 0.098429 
0.900000 191.000000 0.100000 
0.898953 193.000000 0.101047 
0.904188 183.000000 0.095812 
0.894764 201.000000 0.105236 
0.905759 180.000000 0.094241 
0.896335 198.000000 0.103665 
0.898429 194.000000 0.101571 
0.898953 193.000000 0.101047 
0.904188 183.000000 0.095812 
0.904188 183.000000 0.095812 
0.902094 187.000000 0.097906 
0.908901 174.000000 0.091099 
0.898953 193.000000 0.101047 
0.893194 204.000000 0.106806 
0.904188 183.000000 0.095812 
0.904712 182.000000 0.095288 
0.903141 185.000000 0.096859 
0.897906 195.000000 0.102094 
0.896335 198.000000 0.103665 
0.897906 195.000000 0.102094 
0.896859 197.000000 0.103141 
0.905759 180.000000 0.094241 
0.895812 199.000000 0.104188 
0.900000 191.000000 0.100000 
0.908377 175.000000 0.091623 
0.898953 193.000000 0.101047 
0.901571 188.000000 0.098429 
0.897382 196.000000 0.102618 
0.897906 195.000000 0.102094 
0.903665 184.000000 0.096335 
0.896859 197.000000 0.103141 
0.894764 201.000000 0.105236 
0.895288 200.000000 0.104712 
0.897906 195.000000 0.102094 
0.894241 202.000000 0.105759 
0.904188 183.000000 0.095812 
0.897382 196.000000 0.102618 
0.904712 182.000000 0.095288 
0.903141 185.000000 0.096859 
0.898429 194.000000 0.101571 
0.903665 184.000000 0.096335 
0.896335 198.000000 0.103665 
0.894241 202.000000 0.105759 
0.901047 189.000000 0.098953 
0.903141 185.000000 0.096859 
0.902618 186.000000 0.097382 
0.898953 193.000000 0.101047 
0.893717 203.000000 0.106283 
0.897906 195.000000 0.102094 
0.902618 186.000000 0.097382 
0.901571 188.000000 0.098429 
0.900524 190.000000 0.099476 
0.896335 198.000000 0.103665 
0.902618 186.000000 0.097382 
0.905759 180.000000 0.094241 
0.897382 196.000000 0.102618 
0.902094 187.000000 0.097906 
0.902094 187.000000 0.097906 
0.902618 186.000000 0.097382 
0.896859 197.000000 0.103141 
0.901047 189.000000 0.098953 
0.900524 190.000000 0.099476 
0.902094 187.000000 0.097906 
0.895812 199.000000 0.104188 
0.900524 190.000000 0.099476 
0.896859 197.000000 0.103141 
0.907330 177.000000 0.092670 
0.896335 198.000000 0.103665 
0.900000 191.000000 0.100000 
0.896859 197.000000 0.103141 
0.898429 194.000000 0.101571 
0.900000 191.000000 0.100000 
0.899476 192.000000 0.100524 
0.897906 195.000000 0.102094 
0.900524 190.000000 0.099476 
0.897906 195.000000 0.102094 
0.897906 195.000000 0.102094 
0.902618 186.000000 0.097382 
0.896859 197.000000 0.103141 
0.897906 195.000000 0.102094 
0.899476 192.000000 0.100524 
0.898953 193.000000 0.101047 
0.902094 187.000000 0.097906 
0.902094 187.000000 0.097906 
0.904188 183.000000 0.095812 
0.897382 196.000000 0.102618 
0.898429 194.000000 0.101571 
0.899476 192.000000 0.100524 
0.891623 207.000000 0.108377 
0.901047 189.000000 0.098953 
0.898953 193.000000 0.101047 
0.898953 193.000000 0.101047 
0.899476 192.000000 0.100524 
0.901571 188.000000 0.098429 
0.900524 190.000000 0.099476 
0.898429 194.000000 0.101571 
0.902618 186.000000 0.097382 
0.901571 188.000000 0.098429 
0.903141 185.000000 0.096859 
0.896859 197.000000 0.103141 
0.901571 188.000000 0.098429 
0.901047 189.000000 0.098953 
0.903141 185.000000 0.096859 
0.898953 193.000000 0.101047 
0.898429 194.000000 0.101571 
0.893717 203.000000 0.106283 
0.895288 200.000000 0.104712 
0.896859 197.000000 0.103141 
0.898953 193.000000 0.101047 
0.900524 190.000000 0.099476 
0.894241 202.000000 0.105759 
0.902618 186.000000 0.097382 
0.904188 183.000000 0.095812 
0.897906 195.000000 0.102094 
0.898429 194.000000 0.101571 
0.904712 182.000000 0.095288 
0.900000 191.000000 0.100000 
0.898429 194.000000 0.101571 
0.899476 192.000000 0.100524 
0.901571 188.000000 0.098429 
0.893194 204.000000 0.106806 
0.898953 193.000000 0.101047 
0.905236 181.000000 0.094764 
0.905236 181.000000 0.094764 
0.897382 196.000000 0.102618 
0.902618 186.000000 0.097382 
0.897906 195.000000 0.102094 
0.898429 194.000000 0.101571 
0.900000 191.000000 0.100000 
0.901047 189.000000 0.098953 
0.897906 195.000000 0.102094 
0.901571 188.000000 0.098429 
0.900524 190.000000 0.099476 
0.900524 190.000000 0.099476 
0.903141 185.000000 0.096859 
0.901047 189.000000 0.098953 
0.903665 184.000000 0.096335 
0.907330 177.000000 0.092670 
0.900000 191.000000 0.100000 
0.898429 194.000000 0.101571 
0.897382 196.000000 0.102618 
0.902094 187.000000 0.097906 
0.899476 192.000000 0.100524 
0.898429 194.000000 0.101571 
0.902618 186.000000 0.097382 
0.895812 199.000000 0.104188 
0.897382 196.000000 0.102618 
0.903665 184.000000 0.096335 
0.894764 201.000000 0.105236 
0.907853 176.000000 0.092147 
0.903141 185.000000 0.096859 
0.902094 187.000000 0.097906 
0.901047 189.000000 0.098953 
0.898953 193.000000 0.101047 
0.900000 191.000000 0.100000 
0.903141 185.000000 0.096859 
0.902618 186.000000 0.097382 
0.905759 180.000000 0.094241 
0.897382 196.000000 0.102618 
0.895812 199.000000 0.104188 
0.903141 185.000000 0.096859 
0.900000 191.000000 0.100000 
0.895288 200.000000 0.104712 
0.900524 190.000000 0.099476 
0.897906 195.000000 0.102094 
0.901047 189.000000 0.098953 
0.893717 203.000000 0.106283 
0.904712 182.000000 0.095288 
0.902618 186.000000 0.097382 
0.897906 195.000000 0.102094 
0.901047 189.000000 0.098953 
0.900524 190.000000 0.099476 
0.898429 194.000000 0.101571 
0.896859 197.000000 0.103141 
0.897382 196.000000 0.102618 
0.902094 187.000000 0.097906 
0.897906 195.000000 0.102094 
0.903141 185.000000 0.096859 
0.900524 190.000000 0.099476 
0.898429 194.000000 0.101571 
0.901571 188.000000 0.098429 
0.903141 185.000000 0.096859 
0.897906 195.000000 0.102094 
0.900524 190.000000 0.099476 
0.898953 193.000000 0.101047 
0.895288 200.000000 0.104712 
0.902618 186.000000 0.097382 
0.897906 195.000000 0.102094 
0.894764 201.000000 0.105236 
0.897382 196.000000 0.102618 
0.900524 190.000000 0.099476 
0.895812 199.000000 0.104188 
0.890052 210.000000 0.109948 
0.898429 194.000000 0.101571 
0.900524 190.000000 0.099476 
0.896335 198.000000 0.103665 
0.896859 197.000000 0.103141 
0.897906 195.000000 0.102094 
0.897382 196.000000 0.102618 
0.896335 198.000000 0.103665 
0.901571 188.000000 0.098429 
0.901047 189.000000 0.098953 
0.901047 189.000000 0.098953 
0.901047 189.000000 0.098953 
0.894764 201.000000 0.105236 
0.893717 203.000000 0.106283 
0.898953 193.000000 0.101047 
0.901571 188.000000 0.098429 
0.897382 196.000000 0.102618 
0.900524 190.000000 0.099476 
0.897906 195.000000 0.102094 
0.898953 193.000000 0.101047 
0.894241 202.000000 0.105759 
0.900524 190.000000 0.099476 
0.898429 194.000000 0.101571 
0.899476 192.000000 0.100524 
0.908377 175.000000 0.091623 
0.901047 189.000000 0.098953 
0.900524 190.000000 0.099476 
0.895812 199.000000 0.104188 
0.896859 197.000000 0.103141 
0.899476 192.000000 0.100524 
0.904712 182.000000 0.095288 
0.905236 181.000000 0.094764 
0.896859 197.000000 0.103141 
0.896859 197.000000 0.103141 
0.896335 198.000000 0.103665 
0.896859 197.000000 0.103141 
0.898953 193.000000 0.101047 
0.897382 196.000000 0.102618 
0.903665 184.000000 0.096335 
0.903665 184.000000 0.096335 
0.903141 185.000000 0.096859 
0.896859 197.000000 0.103141 
0.897382 196.000000 0.102618 
0.908377 175.000000 0.091623 
0.905236 181.000000 0.094764 
0.901047 189.000000 0.098953 
0.896859 197.000000 0.103141 
0.892670 205.000000 0.107330 
0.898429 194.000000 0.101571 
0.900000 191.000000 0.100000 
0.898429 194.000000 0.101571 
0.899476 192.000000 0.100524 
0.900000 191.000000 0.100000 
0.907853 176.000000 0.092147 
0.898429 194.000000 0.101571 
0.899476 192.000000 0.100524 
0.902618 186.000000 0.097382 
0.896335 198.000000 0.103665 
0.896859 197.000000 0.103141 
0.895288 200.000000 0.104712 
0.903665 184.000000 0.096335 
0.903141 185.000000 0.096859 
0.898953 193.000000 0.101047 
0.897382 196.000000 0.102618 
0.893717 203.000000 0.106283 
0.905759 180.000000 0.094241 
0.898953 193.000000 0.101047 
0.895288 200.000000 0.104712 
0.906806 178.000000 0.093194 
0.904712 182.000000 0.095288 
0.893717 203.000000 0.106283 
0.898953 193.000000 0.101047 
0.904188 183.000000 0.095812 
0.903141 185.000000 0.096859 
0.902094 187.000000 0.097906 
0.901047 189.000000 0.098953 
0.892670 205.000000 0.107330 
0.898429 194.000000 0.101571 
0.905236 181.000000 0.094764 
0.898953 193.000000 0.101047 
0.897906 195.000000 0.102094 
