0.797906 386.000000 0.202094 
0.797906 386.000000 0.202094 
0.793717 394.000000 0.206283 
0.800524 381.000000 0.199476 
0.796859 388.000000 0.203141 
0.796335 389.000000 0.203665 
0.801047 380.000000 0.198953 
0.809424 364.000000 0.190576 
0.796859 388.000000 0.203141 
0.797906 386.000000 0.202094 
0.803665 375.000000 0.196335 
0.798953 384.000000 0.201047 
0.805759 371.000000 0.194241 
0.802618 377.000000 0.197382 
0.801047 380.000000 0.198953 
0.804188 374.000000 0.195812 
0.796859 388.000000 0.203141 
0.802618 377.000000 0.197382 
0.805759 371.000000 0.194241 
0.791099 399.000000 0.208901 
0.806283 370.000000 0.193717 
0.797906 386.000000 0.202094 
0.809948 363.000000 0.190052 
0.801571 379.000000 0.198429 
0.803665 375.000000 0.196335 
0.805759 371.000000 0.194241 
0.800524 381.000000 0.199476 
0.797906 386.000000 0.202094 
0.798953 384.000000 0.201047 
0.796335 389.000000 0.203665 
0.796335 389.000000 0.203665 
0.803665 375.000000 0.196335 
0.799476 383.000000 0.200524 
0.795288 391.000000 0.204712 
0.801047 380.000000 0.198953 
0.792670 396.000000 0.207330 
0.803665 375.000000 0.196335 
0.794764 392.000000 0.205236 
0.793194 395.000000 0.206806 
0.791623 398.000000 0.208377 
0.806806 369.000000 0.193194 
0.796335 389.000000 0.203665 
0.797382 387.000000 0.202618 
0.790052 401.000000 0.209948 
0.794764 392.000000 0.205236 
0.801047 380.000000 0.198953 
0.795288 391.000000 0.204712 
0.798953 384.000000 0.201047 
0.802618 377.000000 0.197382 
0.797906 386.000000 0.202094 
0.799476 383.000000 0.200524 
0.800524 381.000000 0.199476 
0.798429 385.000000 0.201571 
0.803665 375.000000 0.196335 
0.795288 391.000000 0.204712 
0.809424 364.000000 0.190576 
0.796335 389.000000 0.203665 
0.801571 379.000000 0.198429 
0.794764 392.000000 0.205236 
0.807853 367.000000 0.192147 
0.801047 380.000000 0.198953 
0.800524 381.000000 0.199476 
0.806283 370.000000 0.193717 
0.805236 372.000000 0.194764 
0.794241 393.000000 0.205759 
0.796859 388.000000 0.203141 
0.795812 390.000000 0.204188 
0.790052 401.000000 0.209948 
0.792147 397.000000 0.207853 
0.794764 392.000000 0.205236 
0.794764 392.000000 0.205236 
0.794241 393.000000 0.205759 
0.807330 368.000000 0.192670 
0.805236 372.000000 0.194764 
0.796335 389.000000 0.203665 
0.802618 377.000000 0.197382 
0.804712 373.000000 0.195288 
0.798429 385.000000 0.201571 
0.797382 387.000000 0.202618 
0.809948 363.000000 0.190052 
0.791623 398.000000 0.208377 
0.804188 374.000000 0.195812 
0.795288 391.000000 0.204712 
0.798429 385.000000 0.201571 
0.806806 369.000000 0.193194 
0.801047 380.000000 0.198953 
0.798429 385.000000 0.201571 
0.792147 397.000000 0.207853 
0.792670 396.000000 0.207330 
0.801571 379.000000 0.198429 
0.789529 402.000000 0.210471 
0.799476 383.000000 0.200524 
0.801047 380.000000 0.198953 
0.802094 378.000000 0.197906 
0.793194 395.000000 0.206806 
0.796859 388.000000 0.203141 
0.800524 381.000000 0.199476 
0.805759 371.000000 0.194241 
0.803665 375.000000 0.196335 
0.801047 380.000000 0.198953 
0.800000 382.000000 0.200000 
0.791623 398.000000 0.208377 
0.791099 399.000000 0.208901 
0.805759 371.000000 0.194241 
0.807330 368.000000 0.192670 
0.796859 388.000000 0.203141 
0.798429 385.000000 0.201571 
0.802094 378.000000 0.197906 
0.800524 381.000000 0.199476 
0.805236 372.000000 0.194764 
0.803141 376.000000 0.196859 
0.803665 375.000000 0.196335 
0.794764 392.000000 0.205236 
0.795812 390.000000 0.204188 
0.804712 373.000000 0.195288 
0.803141 376.000000 0.196859 
0.798953 384.000000 0.201047 
0.798953 384.000000 0.201047 
0.800524 381.000000 0.199476 
0.796335 389.000000 0.203665 
0.796335 389.000000 0.203665 
0.806806 369.000000 0.193194 
0.796859 388.000000 0.203141 
0.804712 373.000000 0.195288 
0.803665 375.000000 0.196335 
0.801047 380.000000 0.198953 
0.805236 372.000000 0.194764 
0.805236 372.000000 0.194764 
0.804188 374.000000 0.195812 
0.798429 385.000000 0.201571 
0.793194 395.000000 0.206806 
0.803141 376.000000 0.196859 
0.795288 391.000000 0.204712 
0.804188 374.000000 0.195812 
0.796859 388.000000 0.203141 
0.795812 390.000000 0.204188 
0.800000 382.000000 0.200000 
0.805759 371.000000 0.194241 
0.794764 392.000000 0.205236 
0.809424 364.000000 0.190576 
0.800524 381.000000 0.199476 
0.806806 369.000000 0.193194 
0.801047 380.000000 0.198953 
0.800524 381.000000 0.199476 
0.797382 387.000000 0.202618 
0.794764 392.000000 0.205236 
0.798429 385.000000 0.201571 
0.802618 377.000000 0.197382 
0.797906 386.000000 0.202094 
0.803665 375.000000 0.196335 
0.808377 366.000000 0.191623 
0.803665 375.000000 0.196335 
0.800524 381.000000 0.199476 
0.801047 380.000000 0.198953 
0.798429 385.000000 0.201571 
0.794764 392.000000 0.205236 
0.804188 374.000000 0.195812 
0.796335 389.000000 0.203665 
0.801047 380.000000 0.198953 
0.807853 367.000000 0.192147 
0.797906 386.000000 0.202094 
0.803141 376.000000 0.196859 
0.801571 379.000000 0.198429 
0.797906 386.000000 0.202094 
0.804712 373.000000 0.195288 
0.798953 384.000000 0.201047 
0.804712 373.000000 0.195288 
0.801571 379.000000 0.198429 
0.800524 381.000000 0.199476 
0.810471 362.000000 0.189529 
0.807330 368.000000 0.192670 
0.799476 383.000000 0.200524 
0.801571 379.000000 0.198429 
0.790576 400.000000 0.209424 
0.799476 383.000000 0.200524 
0.798429 385.000000 0.201571 
0.803665 375.000000 0.196335 
0.794241 393.000000 0.205759 
0.805759 371.000000 0.194241 
0.805759 371.000000 0.194241 
0.804188 374.000000 0.195812 
0.804712 373.000000 0.195288 
0.791099 399.000000 0.208901 
0.807330 368.000000 0.192670 
0.800524 381.000000 0.199476 
0.800524 381.000000 0.199476 
0.800000 382.000000 0.200000 
0.802618 377.000000 0.197382 
0.804712 373.000000 0.195288 
0.794764 392.000000 0.205236 
0.810995 361.000000 0.189005 
0.803141 376.000000 0.196859 
0.808901 365.000000 0.191099 
0.802618 377.000000 0.197382 
0.804188 374.000000 0.195812 
0.805236 372.000000 0.194764 
0.798953 384.000000 0.201047 
0.806806 369.000000 0.193194 
0.800524 381.000000 0.199476 
0.807330 368.000000 0.192670 
0.799476 383.000000 0.200524 
0.805759 371.000000 0.194241 
0.797382 387.000000 0.202618 
0.792147 397.000000 0.207853 
0.797906 386.000000 0.202094 
0.797906 386.000000 0.202094 
0.796335 389.000000 0.203665 
0.800000 382.000000 0.200000 
0.800524 381.000000 0.199476 
0.802094 378.000000 0.197906 
0.804188 374.000000 0.195812 
0.797906 386.000000 0.202094 
0.797382 387.000000 0.202618 
0.798953 384.000000 0.201047 
0.800524 381.000000 0.199476 
0.806806 369.000000 0.193194 
0.803141 376.000000 0.196859 
0.802094 378.000000 0.197906 
0.803665 375.000000 0.196335 
0.802094 378.000000 0.197906 
0.792670 396.000000 0.207330 
0.801571 379.000000 0.198429 
0.800000 382.000000 0.200000 
0.798429 385.000000 0.201571 
0.813089 357.000000 0.186911 
0.809424 364.000000 0.190576 
0.802618 377.000000 0.197382 
0.802094 378.000000 0.197906 
0.800524 381.000000 0.199476 
0.798429 385.000000 0.201571 
0.794764 392.000000 0.205236 
0.802618 377.000000 0.197382 
0.801047 380.000000 0.198953 
0.802618 377.000000 0.197382 
0.795288 391.000000 0.204712 
0.801571 379.000000 0.198429 
0.800524 381.000000 0.199476 
0.798953 384.000000 0.201047 
0.801047 380.000000 0.198953 
0.800000 382.000000 0.200000 
0.795812 390.000000 0.204188 
0.800524 381.000000 0.199476 
0.791623 398.000000 0.208377 
0.810995 361.000000 0.189005 
0.794764 392.000000 0.205236 
0.807330 368.000000 0.192670 
0.793717 394.000000 0.206283 
0.805236 372.000000 0.194764 
0.790052 401.000000 0.209948 
0.805759 371.000000 0.194241 
0.794764 392.000000 0.205236 
0.796859 388.000000 0.203141 
0.804188 374.000000 0.195812 
0.802094 378.000000 0.197906 
0.801047 380.000000 0.198953 
0.786911 407.000000 0.213089 
0.803665 375.000000 0.196335 
0.801047 380.000000 0.198953 
0.800524 381.000000 0.199476 
0.791099 399.000000 0.208901 
0.795812 390.000000 0.204188 
0.807330 368.000000 0.192670 
0.807330 368.000000 0.192670 
0.801047 380.000000 0.198953 
0.808901 365.000000 0.191099 
0.800524 381.000000 0.199476 
0.789005 403.000000 0.210995 
0.800524 381.000000 0.199476 
0.798429 385.000000 0.201571 
0.806283 370.000000 0.193717 
0.795288 391.000000 0.204712 
0.804188 374.000000 0.195812 
0.797906 386.000000 0.202094 
0.802618 377.000000 0.197382 
0.794764 392.000000 0.205236 
0.803141 376.000000 0.196859 
0.794241 393.000000 0.205759 
0.796859 388.000000 0.203141 
0.796335 389.000000 0.203665 
0.790052 401.000000 0.209948 
0.794764 392.000000 0.205236 
0.798953 384.000000 0.201047 
0.797906 386.000000 0.202094 
0.798429 385.000000 0.201571 
0.793717 394.000000 0.206283 
0.795812 390.000000 0.204188 
0.796335 389.000000 0.203665 
0.808901 365.000000 0.191099 
0.793717 394.000000 0.206283 
0.811518 360.000000 0.188482 
0.808377 366.000000 0.191623 
0.796335 389.000000 0.203665 
0.788482 404.000000 0.211518 
0.800524 381.000000 0.199476 
0.800524 381.000000 0.199476 
0.795812 390.000000 0.204188 
0.808377 366.000000 0.191623 
0.797382 387.000000 0.202618 
0.802094 378.000000 0.197906 
0.787435 406.000000 0.212565 
0.790576 400.000000 0.209424 
0.795288 391.000000 0.204712 
0.798429 385.000000 0.201571 
0.799476 383.000000 0.200524 
0.803141 376.000000 0.196859 
0.806283 370.000000 0.193717 
0.801571 379.000000 0.198429 
0.798953 384.000000 0.201047 
0.804188 374.000000 0.195812 
0.806806 369.000000 0.193194 
0.798429 385.000000 0.201571 
0.803665 375.000000 0.196335 
0.791099 399.000000 0.208901 
0.804712 373.000000 0.195288 
0.795812 390.000000 0.204188 
0.801571 379.000000 0.198429 
0.800524 381.000000 0.199476 
0.800000 382.000000 0.200000 
0.804188 374.000000 0.195812 
0.794764 392.000000 0.205236 
0.802618 377.000000 0.197382 
0.803141 376.000000 0.196859 
0.802094 378.000000 0.197906 
0.800000 382.000000 0.200000 
0.801047 380.000000 0.198953 
0.792670 396.000000 0.207330 
0.801047 380.000000 0.198953 
0.794764 392.000000 0.205236 
0.804188 374.000000 0.195812 
0.796859 388.000000 0.203141 
0.793194 395.000000 0.206806 
0.798953 384.000000 0.201047 
0.798953 384.000000 0.201047 
0.799476 383.000000 0.200524 
0.798429 385.000000 0.201571 
0.796335 389.000000 0.203665 
0.801571 379.000000 0.198429 
0.794764 392.000000 0.205236 
0.808901 365.000000 0.191099 
0.802094 378.000000 0.197906 
0.802618 377.000000 0.197382 
0.799476 383.000000 0.200524 
0.801047 380.000000 0.198953 
0.802618 377.000000 0.197382 
0.795812 390.000000 0.204188 
0.803665 375.000000 0.196335 
0.795288 391.000000 0.204712 
0.800000 382.000000 0.200000 
0.803141 376.000000 0.196859 
0.794764 392.000000 0.205236 
0.791099 399.000000 0.208901 
0.801571 379.000000 0.198429 
0.800524 381.000000 0.199476 
0.799476 383.000000 0.200524 
0.793194 395.000000 0.206806 
0.802094 378.000000 0.197906 
0.803141 376.000000 0.196859 
0.797906 386.000000 0.202094 
0.786387 408.000000 0.213613 
0.807330 368.000000 0.192670 
0.803665 375.000000 0.196335 
0.794241 393.000000 0.205759 
0.798953 384.000000 0.201047 
0.803141 376.000000 0.196859 
0.803665 375.000000 0.196335 
0.802094 378.000000 0.197906 
0.806283 370.000000 0.193717 
0.795812 390.000000 0.204188 
0.800000 382.000000 0.200000 
0.796859 388.000000 0.203141 
0.793194 395.000000 0.206806 
0.800524 381.000000 0.199476 
0.805236 372.000000 0.194764 
0.803141 376.000000 0.196859 
0.795812 390.000000 0.204188 
0.797906 386.000000 0.202094 
0.794241 393.000000 0.205759 
0.798953 384.000000 0.201047 
0.797382 387.000000 0.202618 
0.802618 377.000000 0.197382 
0.798953 384.000000 0.201047 
0.796859 388.000000 0.203141 
0.797382 387.000000 0.202618 
0.798429 385.000000 0.201571 
0.800524 381.000000 0.199476 
0.800000 382.000000 0.200000 
0.795812 390.000000 0.204188 
0.791099 399.000000 0.208901 
0.807853 367.000000 0.192147 
0.802618 377.000000 0.197382 
0.797906 386.000000 0.202094 
0.804188 374.000000 0.195812 
0.797382 387.000000 0.202618 
0.792147 397.000000 0.207853 
0.802094 378.000000 0.197906 
0.803141 376.000000 0.196859 
0.794764 392.000000 0.205236 
0.801047 380.000000 0.198953 
0.794241 393.000000 0.205759 
0.802094 378.000000 0.197906 
0.792670 396.000000 0.207330 
0.799476 383.000000 0.200524 
0.800000 382.000000 0.200000 
0.806283 370.000000 0.193717 
0.802094 378.000000 0.197906 
0.805236 372.000000 0.194764 
0.806283 370.000000 0.193717 
0.807853 367.000000 0.192147 
0.792670 396.000000 0.207330 
0.804712 373.000000 0.195288 
0.797382 387.000000 0.202618 
0.801571 379.000000 0.198429 
0.802094 378.000000 0.197906 
0.800524 381.000000 0.199476 
0.801047 380.000000 0.198953 
0.798953 384.000000 0.201047 
0.785340 410.000000 0.214660 
0.805236 372.000000 0.194764 
0.795812 390.000000 0.204188 
0.802094 378.000000 0.197906 
0.800000 382.000000 0.200000 
0.802094 378.000000 0.197906 
0.798429 385.000000 0.201571 
0.800000 382.000000 0.200000 
0.806283 370.000000 0.193717 
0.797906 386.000000 0.202094 
0.798429 385.000000 0.201571 
0.800000 382.000000 0.200000 
0.798953 384.000000 0.201047 
0.805759 371.000000 0.194241 
0.803141 376.000000 0.196859 
0.794764 392.000000 0.205236 
0.803141 376.000000 0.196859 
0.800000 382.000000 0.200000 
0.797906 386.000000 0.202094 
0.803665 375.000000 0.196335 
0.806283 370.000000 0.193717 
0.790576 400.000000 0.209424 
0.801571 379.000000 0.198429 
0.796859 388.000000 0.203141 
0.802618 377.000000 0.197382 
0.803665 375.000000 0.196335 
0.799476 383.000000 0.200524 
0.794764 392.000000 0.205236 
0.800000 382.000000 0.200000 
0.806806 369.000000 0.193194 
0.789005 403.000000 0.210995 
0.793194 395.000000 0.206806 
0.800000 382.000000 0.200000 
0.797382 387.000000 0.202618 
0.803141 376.000000 0.196859 
0.805236 372.000000 0.194764 
0.798429 385.000000 0.201571 
0.800524 381.000000 0.199476 
0.797906 386.000000 0.202094 
0.802618 377.000000 0.197382 
0.800000 382.000000 0.200000 
0.802618 377.000000 0.197382 
0.808377 366.000000 0.191623 
0.804712 373.000000 0.195288 
0.794241 393.000000 0.205759 
0.804188 374.000000 0.195812 
0.795288 391.000000 0.204712 
0.802094 378.000000 0.197906 
0.792147 397.000000 0.207853 
0.799476 383.000000 0.200524 
0.802618 377.000000 0.197382 
0.804712 373.000000 0.195288 
0.802618 377.000000 0.197382 
0.804188 374.000000 0.195812 
0.794241 393.000000 0.205759 
0.797382 387.000000 0.202618 
0.803665 375.000000 0.196335 
0.801047 380.000000 0.198953 
0.804712 373.000000 0.195288 
0.804712 373.000000 0.195288 
0.806283 370.000000 0.193717 
0.796859 388.000000 0.203141 
0.790052 401.000000 0.209948 
0.800000 382.000000 0.200000 
0.802094 378.000000 0.197906 
0.798429 385.000000 0.201571 
0.799476 383.000000 0.200524 
0.799476 383.000000 0.200524 
0.794764 392.000000 0.205236 
0.802094 378.000000 0.197906 
0.806806 369.000000 0.193194 
0.803141 376.000000 0.196859 
0.794764 392.000000 0.205236 
0.802618 377.000000 0.197382 
0.796335 389.000000 0.203665 
0.805236 372.000000 0.194764 
0.804712 373.000000 0.195288 
0.795288 391.000000 0.204712 
0.804188 374.000000 0.195812 
0.798429 385.000000 0.201571 
0.805759 371.000000 0.194241 
0.800524 381.000000 0.199476 
0.802618 377.000000 0.197382 
0.801571 379.000000 0.198429 
0.797906 386.000000 0.202094 
0.793194 395.000000 0.206806 
0.802094 378.000000 0.197906 
0.796859 388.000000 0.203141 
0.796859 388.000000 0.203141 
0.798953 384.000000 0.201047 
0.800524 381.000000 0.199476 
0.801571 379.000000 0.198429 
0.799476 383.000000 0.200524 
0.807330 368.000000 0.192670 
0.793194 395.000000 0.206806 
0.804712 373.000000 0.195288 
0.791099 399.000000 0.208901 
0.801571 379.000000 0.198429 
0.797906 386.000000 0.202094 
0.792147 397.000000 0.207853 
0.800524 381.000000 0.199476 
0.803665 375.000000 0.196335 
0.795812 390.000000 0.204188 
0.796335 389.000000 0.203665 
0.793717 394.000000 0.206283 
0.807853 367.000000 0.192147 
0.805759 371.000000 0.194241 
0.799476 383.000000 0.200524 
0.804712 373.000000 0.195288 
0.804712 373.000000 0.195288 
0.796335 389.000000 0.203665 
0.807853 367.000000 0.192147 
0.797906 386.000000 0.202094 
0.803665 375.000000 0.196335 
0.798953 384.000000 0.201047 
0.795812 390.000000 0.204188 
0.787958 405.000000 0.212042 
0.804712 373.000000 0.195288 
0.805236 372.000000 0.194764 
0.801571 379.000000 0.198429 
0.803665 375.000000 0.196335 
0.796859 388.000000 0.203141 
0.799476 383.000000 0.200524 
0.806283 370.000000 0.193717 
0.790576 400.000000 0.209424 
0.797382 387.000000 0.202618 
0.791099 399.000000 0.208901 
0.806283 370.000000 0.193717 
0.795812 390.000000 0.204188 
0.796859 388.000000 0.203141 
0.804188 374.000000 0.195812 
0.800524 381.000000 0.199476 
0.805236 372.000000 0.194764 
0.802094 378.000000 0.197906 
0.803141 376.000000 0.196859 
0.794241 393.000000 0.205759 
0.804712 373.000000 0.195288 
0.790576 400.000000 0.209424 
0.804712 373.000000 0.195288 
0.799476 383.000000 0.200524 
0.810995 361.000000 0.189005 
0.798953 384.000000 0.201047 
0.800000 382.000000 0.200000 
0.802094 378.000000 0.197906 
0.798429 385.000000 0.201571 
0.804188 374.000000 0.195812 
0.800524 381.000000 0.199476 
0.798953 384.000000 0.201047 
0.802094 378.000000 0.197906 
0.796859 388.000000 0.203141 
0.801571 379.000000 0.198429 
0.800000 382.000000 0.200000 
0.801571 379.000000 0.198429 
0.796335 389.000000 0.203665 
0.799476 383.000000 0.200524 
0.795288 391.000000 0.204712 
0.800000 382.000000 0.200000 
0.805759 371.000000 0.194241 
0.798429 385.000000 0.201571 
0.789005 403.000000 0.210995 
0.796859 388.000000 0.203141 
0.796859 388.000000 0.203141 
0.808901 365.000000 0.191099 
0.797906 386.000000 0.202094 
0.796335 389.000000 0.203665 
0.802618 377.000000 0.197382 
0.805759 371.000000 0.194241 
0.792670 396.000000 0.207330 
0.798429 385.000000 0.201571 
0.806806 369.000000 0.193194 
0.809948 363.000000 0.190052 
0.791623 398.000000 0.208377 
0.800524 381.000000 0.199476 
0.790052 401.000000 0.209948 
0.796859 388.000000 0.203141 
0.795812 390.000000 0.204188 
0.804188 374.000000 0.195812 
0.798953 384.000000 0.201047 
0.798429 385.000000 0.201571 
0.787435 406.000000 0.212565 
0.801047 380.000000 0.198953 
0.794764 392.000000 0.205236 
0.801571 379.000000 0.198429 
0.797382 387.000000 0.202618 
0.806283 370.000000 0.193717 
0.794241 393.000000 0.205759 
0.803141 376.000000 0.196859 
0.804712 373.000000 0.195288 
0.802094 378.000000 0.197906 
0.795288 391.000000 0.204712 
0.798429 385.000000 0.201571 
0.805236 372.000000 0.194764 
0.801571 379.000000 0.198429 
0.798429 385.000000 0.201571 
0.800000 382.000000 0.200000 
0.800524 381.000000 0.199476 
0.804188 374.000000 0.195812 
0.801047 380.000000 0.198953 
0.785340 410.000000 0.214660 
0.800000 382.000000 0.200000 
0.792670 396.000000 0.207330 
0.793194 395.000000 0.206806 
0.798953 384.000000 0.201047 
0.810471 362.000000 0.189529 
0.800524 381.000000 0.199476 
0.800524 381.000000 0.199476 
0.792147 397.000000 0.207853 
0.800524 381.000000 0.199476 
0.798953 384.000000 0.201047 
0.812565 358.000000 0.187435 
0.800524 381.000000 0.199476 
0.797906 386.000000 0.202094 
0.798429 385.000000 0.201571 
0.796335 389.000000 0.203665 
0.791623 398.000000 0.208377 
0.803141 376.000000 0.196859 
0.805759 371.000000 0.194241 
0.798429 385.000000 0.201571 
0.793194 395.000000 0.206806 
0.807330 368.000000 0.192670 
0.802094 378.000000 0.197906 
0.804712 373.000000 0.195288 
0.809948 363.000000 0.190052 
0.808377 366.000000 0.191623 
0.801571 379.000000 0.198429 
0.802618 377.000000 0.197382 
0.795812 390.000000 0.204188 
0.800524 381.000000 0.199476 
0.801571 379.000000 0.198429 
0.800524 381.000000 0.199476 
0.800000 382.000000 0.200000 
0.801047 380.000000 0.198953 
0.794241 393.000000 0.205759 
0.797906 386.000000 0.202094 
0.795288 391.000000 0.204712 
0.801047 380.000000 0.198953 
0.795812 390.000000 0.204188 
0.795288 391.000000 0.204712 
0.806806 369.000000 0.193194 
0.803665 375.000000 0.196335 
0.796859 388.000000 0.203141 
0.794241 393.000000 0.205759 
0.805236 372.000000 0.194764 
0.798429 385.000000 0.201571 
0.802094 378.000000 0.197906 
0.796859 388.000000 0.203141 
0.806283 370.000000 0.193717 
0.800524 381.000000 0.199476 
0.794241 393.000000 0.205759 
0.807853 367.000000 0.192147 
0.797906 386.000000 0.202094 
0.799476 383.000000 0.200524 
0.804188 374.000000 0.195812 
0.798429 385.000000 0.201571 
0.802094 378.000000 0.197906 
0.797382 387.000000 0.202618 
0.793194 395.000000 0.206806 
0.799476 383.000000 0.200524 
0.793194 395.000000 0.206806 
0.792670 396.000000 0.207330 
0.795288 391.000000 0.204712 
0.795288 391.000000 0.204712 
0.802094 378.000000 0.197906 
0.800524 381.000000 0.199476 
0.787435 406.000000 0.212565 
0.801571 379.000000 0.198429 
0.804712 373.000000 0.195288 
0.803665 375.000000 0.196335 
0.806806 369.000000 0.193194 
0.797906 386.000000 0.202094 
0.806283 370.000000 0.193717 
0.801047 380.000000 0.198953 
0.804188 374.000000 0.195812 
0.795288 391.000000 0.204712 
0.806283 370.000000 0.193717 
0.804712 373.000000 0.195288 
0.796335 389.000000 0.203665 
0.797906 386.000000 0.202094 
0.801047 380.000000 0.198953 
0.803665 375.000000 0.196335 
0.801047 380.000000 0.198953 
0.804712 373.000000 0.195288 
0.795288 391.000000 0.204712 
0.800000 382.000000 0.200000 
0.801571 379.000000 0.198429 
0.795812 390.000000 0.204188 
0.806283 370.000000 0.193717 
0.799476 383.000000 0.200524 
0.795812 390.000000 0.204188 
0.796859 388.000000 0.203141 
0.795288 391.000000 0.204712 
0.797906 386.000000 0.202094 
0.803665 375.000000 0.196335 
0.802618 377.000000 0.197382 
0.791623 398.000000 0.208377 
0.807853 367.000000 0.192147 
0.796859 388.000000 0.203141 
0.797906 386.000000 0.202094 
0.794241 393.000000 0.205759 
0.800000 382.000000 0.200000 
0.797906 386.000000 0.202094 
0.795288 391.000000 0.204712 
0.796335 389.000000 0.203665 
0.796335 389.000000 0.203665 
0.803141 376.000000 0.196859 
0.797906 386.000000 0.202094 
0.807853 367.000000 0.192147 
0.796335 389.000000 0.203665 
0.802618 377.000000 0.197382 
0.800000 382.000000 0.200000 
0.796859 388.000000 0.203141 
0.799476 383.000000 0.200524 
0.795288 391.000000 0.204712 
0.812042 359.000000 0.187958 
0.803665 375.000000 0.196335 
0.796335 389.000000 0.203665 
0.793194 395.000000 0.206806 
0.794241 393.000000 0.205759 
0.806806 369.000000 0.193194 
0.796859 388.000000 0.203141 
0.810995 361.000000 0.189005 
0.798429 385.000000 0.201571 
0.802618 377.000000 0.197382 
0.804188 374.000000 0.195812 
0.801047 380.000000 0.198953 
0.801047 380.000000 0.198953 
0.804188 374.000000 0.195812 
0.802618 377.000000 0.197382 
0.802618 377.000000 0.197382 
0.795288 391.000000 0.204712 
0.797382 387.000000 0.202618 
0.795812 390.000000 0.204188 
0.792147 397.000000 0.207853 
0.799476 383.000000 0.200524 
0.805759 371.000000 0.194241 
0.806806 369.000000 0.193194 
0.796859 388.000000 0.203141 
0.803141 376.000000 0.196859 
0.801571 379.000000 0.198429 
0.798953 384.000000 0.201047 
0.805759 371.000000 0.194241 
0.801047 380.000000 0.198953 
0.796859 388.000000 0.203141 
0.800524 381.000000 0.199476 
0.813613 356.000000 0.186387 
0.795812 390.000000 0.204188 
0.794764 392.000000 0.205236 
0.803141 376.000000 0.196859 
0.808377 366.000000 0.191623 
0.795812 390.000000 0.204188 
0.806283 370.000000 0.193717 
0.800000 382.000000 0.200000 
0.809424 364.000000 0.190576 
0.798429 385.000000 0.201571 
0.802618 377.000000 0.197382 
0.804188 374.000000 0.195812 
0.804188 374.000000 0.195812 
0.794241 393.000000 0.205759 
0.798953 384.000000 0.201047 
0.803141 376.000000 0.196859 
0.804712 373.000000 0.195288 
0.807330 368.000000 0.192670 
0.802094 378.000000 0.197906 
0.799476 383.000000 0.200524 
0.797906 386.000000 0.202094 
0.797382 387.000000 0.202618 
0.801047 380.000000 0.198953 
0.801571 379.000000 0.198429 
0.802618 377.000000 0.197382 
0.798953 384.000000 0.201047 
0.805759 371.000000 0.194241 
0.805236 372.000000 0.194764 
0.797906 386.000000 0.202094 
0.798953 384.000000 0.201047 
0.799476 383.000000 0.200524 
0.796335 389.000000 0.203665 
0.797382 387.000000 0.202618 
0.801571 379.000000 0.198429 
0.788482 404.000000 0.211518 
0.803665 375.000000 0.196335 
0.794764 392.000000 0.205236 
0.803665 375.000000 0.196335 
0.793717 394.000000 0.206283 
0.807330 368.000000 0.192670 
0.794764 392.000000 0.205236 
0.798953 384.000000 0.201047 
0.790576 400.000000 0.209424 
0.798953 384.000000 0.201047 
0.802618 377.000000 0.197382 
0.800000 382.000000 0.200000 
0.806806 369.000000 0.193194 
0.801571 379.000000 0.198429 
0.803665 375.000000 0.196335 
0.801047 380.000000 0.198953 
0.800524 381.000000 0.199476 
0.810471 362.000000 0.189529 
0.803141 376.000000 0.196859 
0.796335 389.000000 0.203665 
0.803141 376.000000 0.196859 
0.802618 377.000000 0.197382 
0.801571 379.000000 0.198429 
0.802618 377.000000 0.197382 
0.801571 379.000000 0.198429 
0.800000 382.000000 0.200000 
0.797906 386.000000 0.202094 
0.791099 399.000000 0.208901 
0.803141 376.000000 0.196859 
0.797906 386.000000 0.202094 
0.800000 382.000000 0.200000 
0.797382 387.000000 0.202618 
0.803141 376.000000 0.196859 
0.799476 383.000000 0.200524 
0.801047 380.000000 0.198953 
0.804712 373.000000 0.195288 
0.799476 383.000000 0.200524 
0.802094 378.000000 0.197906 
0.799476 383.000000 0.200524 
0.797906 386.000000 0.202094 
0.805759 371.000000 0.194241 
0.804712 373.000000 0.195288 
0.800524 381.000000 0.199476 
0.801571 379.000000 0.198429 
0.804188 374.000000 0.195812 
0.805236 372.000000 0.194764 
0.803665 375.000000 0.196335 
0.800000 382.000000 0.200000 
0.800000 382.000000 0.200000 
0.802094 378.000000 0.197906 
0.797906 386.000000 0.202094 
0.794764 392.000000 0.205236 
0.793717 394.000000 0.206283 
0.801047 380.000000 0.198953 
0.791623 398.000000 0.208377 
0.800524 381.000000 0.199476 
0.796859 388.000000 0.203141 
0.810471 362.000000 0.189529 
0.803665 375.000000 0.196335 
0.801571 379.000000 0.198429 
0.810471 362.000000 0.189529 
0.800524 381.000000 0.199476 
0.800524 381.000000 0.199476 
0.800000 382.000000 0.200000 
0.790052 401.000000 0.209948 
0.801047 380.000000 0.198953 
0.798429 385.000000 0.201571 
0.802094 378.000000 0.197906 
0.795812 390.000000 0.204188 
0.796335 389.000000 0.203665 
0.791099 399.000000 0.208901 
0.801571 379.000000 0.198429 
0.793717 394.000000 0.206283 
0.800000 382.000000 0.200000 
0.798953 384.000000 0.201047 
0.795812 390.000000 0.204188 
0.803665 375.000000 0.196335 
0.799476 383.000000 0.200524 
0.806283 370.000000 0.193717 
0.795288 391.000000 0.204712 
0.795288 391.000000 0.204712 
0.799476 383.000000 0.200524 
0.798953 384.000000 0.201047 
0.803665 375.000000 0.196335 
0.798953 384.000000 0.201047 
0.800524 381.000000 0.199476 
0.801047 380.000000 0.198953 
0.800000 382.000000 0.200000 
0.796859 388.000000 0.203141 
0.794764 392.000000 0.205236 
0.800524 381.000000 0.199476 
0.802094 378.000000 0.197906 
0.812042 359.000000 0.187958 
0.801047 380.000000 0.198953 
0.798429 385.000000 0.201571 
0.797382 387.000000 0.202618 
0.803141 376.000000 0.196859 
0.807330 368.000000 0.192670 
0.791099 399.000000 0.208901 
0.801047 380.000000 0.198953 
0.799476 383.000000 0.200524 
0.796335 389.000000 0.203665 
0.798953 384.000000 0.201047 
0.807853 367.000000 0.192147 
0.792670 396.000000 0.207330 
0.797906 386.000000 0.202094 
0.797382 387.000000 0.202618 
0.802094 378.000000 0.197906 
0.792670 396.000000 0.207330 
0.794764 392.000000 0.205236 
0.796859 388.000000 0.203141 
0.805236 372.000000 0.194764 
0.794764 392.000000 0.205236 
0.807330 368.000000 0.192670 
0.795812 390.000000 0.204188 
0.798429 385.000000 0.201571 
0.800524 381.000000 0.199476 
0.805236 372.000000 0.194764 
0.796335 389.000000 0.203665 
0.800000 382.000000 0.200000 
0.804188 374.000000 0.195812 
0.793717 394.000000 0.206283 
0.797382 387.000000 0.202618 
0.807853 367.000000 0.192147 
0.803665 375.000000 0.196335 
0.809948 363.000000 0.190052 
0.800000 382.000000 0.200000 
0.796859 388.000000 0.203141 
0.800524 381.000000 0.199476 
0.806283 370.000000 0.193717 
0.804712 373.000000 0.195288 
0.803141 376.000000 0.196859 
0.792147 397.000000 0.207853 
0.801571 379.000000 0.198429 
0.791623 398.000000 0.208377 
0.793194 395.000000 0.206806 
0.808377 366.000000 0.191623 
0.796859 388.000000 0.203141 
0.802094 378.000000 0.197906 
0.796335 389.000000 0.203665 
0.798953 384.000000 0.201047 
0.795288 391.000000 0.204712 
0.797382 387.000000 0.202618 
0.802618 377.000000 0.197382 
0.798429 385.000000 0.201571 
0.792147 397.000000 0.207853 
0.805236 372.000000 0.194764 
0.792147 397.000000 0.207853 
0.798429 385.000000 0.201571 
0.799476 383.000000 0.200524 
0.804712 373.000000 0.195288 
0.795812 390.000000 0.204188 
0.804712 373.000000 0.195288 
0.793194 395.000000 0.206806 
0.796859 388.000000 0.203141 
0.801047 380.000000 0.198953 
0.797906 386.000000 0.202094 
0.798953 384.000000 0.201047 
0.800000 382.000000 0.200000 
0.801571 379.000000 0.198429 
0.794241 393.000000 0.205759 
0.801047 380.000000 0.198953 
0.799476 383.000000 0.200524 
0.802618 377.000000 0.197382 
0.810995 361.000000 0.189005 
0.807330 368.000000 0.192670 
0.798429 385.000000 0.201571 
0.800524 381.000000 0.199476 
0.802094 378.000000 0.197906 
0.807330 368.000000 0.192670 
0.801571 379.000000 0.198429 
0.795812 390.000000 0.204188 
0.800524 381.000000 0.199476 
0.807330 368.000000 0.192670 
0.794764 392.000000 0.205236 
0.808377 366.000000 0.191623 
0.792147 397.000000 0.207853 
0.794241 393.000000 0.205759 
0.799476 383.000000 0.200524 
0.803141 376.000000 0.196859 
0.800524 381.000000 0.199476 
0.803665 375.000000 0.196335 
0.797906 386.000000 0.202094 
0.798953 384.000000 0.201047 
0.803141 376.000000 0.196859 
0.804188 374.000000 0.195812 
0.798429 385.000000 0.201571 
0.810995 361.000000 0.189005 
0.801047 380.000000 0.198953 
0.797382 387.000000 0.202618 
0.805236 372.000000 0.194764 
0.800524 381.000000 0.199476 
0.802094 378.000000 0.197906 
0.788482 404.000000 0.211518 
0.801571 379.000000 0.198429 
0.791623 398.000000 0.208377 
0.796859 388.000000 0.203141 
0.797382 387.000000 0.202618 
0.804712 373.000000 0.195288 
0.800524 381.000000 0.199476 
0.804188 374.000000 0.195812 
0.800000 382.000000 0.200000 
0.797382 387.000000 0.202618 
0.797382 387.000000 0.202618 
0.793194 395.000000 0.206806 
0.804188 374.000000 0.195812 
0.797382 387.000000 0.202618 
0.800524 381.000000 0.199476 
0.795812 390.000000 0.204188 
0.805759 371.000000 0.194241 
0.796335 389.000000 0.203665 
0.801571 379.000000 0.198429 
0.801047 380.000000 0.198953 
0.808901 365.000000 0.191099 
0.802094 378.000000 0.197906 
0.799476 383.000000 0.200524 
0.803141 376.000000 0.196859 
0.803665 375.000000 0.196335 
0.795812 390.000000 0.204188 
0.798429 385.000000 0.201571 
0.802094 378.000000 0.197906 
0.796335 389.000000 0.203665 
0.796335 389.000000 0.203665 
0.803141 376.000000 0.196859 
0.795812 390.000000 0.204188 
0.806283 370.000000 0.193717 
0.798429 385.000000 0.201571 
0.795812 390.000000 0.204188 
0.803665 375.000000 0.196335 
0.803665 375.000000 0.196335 
0.804188 374.000000 0.195812 
0.796859 388.000000 0.203141 
0.802618 377.000000 0.197382 
0.805759 371.000000 0.194241 
0.802094 378.000000 0.197906 
0.807330 368.000000 0.192670 
0.805236 372.000000 0.194764 
0.801047 380.000000 0.198953 
0.804712 373.000000 0.195288 
0.795812 390.000000 0.204188 
0.798953 384.000000 0.201047 
0.798953 384.000000 0.201047 
0.794241 393.000000 0.205759 
0.801571 379.000000 0.198429 
0.804188 374.000000 0.195812 
0.801571 379.000000 0.198429 
0.806283 370.000000 0.193717 
0.804188 374.000000 0.195812 
0.802618 377.000000 0.197382 
0.803665 375.000000 0.196335 
0.794241 393.000000 0.205759 
0.804712 373.000000 0.195288 
0.806283 370.000000 0.193717 
0.805236 372.000000 0.194764 
0.801047 380.000000 0.198953 
0.797906 386.000000 0.202094 
0.807853 367.000000 0.192147 
0.805236 372.000000 0.194764 
0.801571 379.000000 0.198429 
0.794764 392.000000 0.205236 
0.800000 382.000000 0.200000 
0.796859 388.000000 0.203141 
0.795812 390.000000 0.204188 
0.804188 374.000000 0.195812 
0.801571 379.000000 0.198429 
0.800524 381.000000 0.199476 
0.807330 368.000000 0.192670 
0.797382 387.000000 0.202618 
0.801571 379.000000 0.198429 
0.800524 381.000000 0.199476 
0.796859 388.000000 0.203141 
0.803141 376.000000 0.196859 
0.793717 394.000000 0.206283 
0.803141 376.000000 0.196859 
0.802618 377.000000 0.197382 
0.812042 359.000000 0.187958 
0.801571 379.000000 0.198429 
0.805759 371.000000 0.194241 
0.801571 379.000000 0.198429 
0.805759 371.000000 0.194241 
0.795288 391.000000 0.204712 
0.799476 383.000000 0.200524 
0.802618 377.000000 0.197382 
0.798429 385.000000 0.201571 
0.796335 389.000000 0.203665 
0.796335 389.000000 0.203665 
0.803141 376.000000 0.196859 
0.800000 382.000000 0.200000 
0.799476 383.000000 0.200524 
0.798953 384.000000 0.201047 
0.793194 395.000000 0.206806 
0.793717 394.000000 0.206283 
0.802094 378.000000 0.197906 
0.801047 380.000000 0.198953 
0.803141 376.000000 0.196859 
0.795812 390.000000 0.204188 
0.799476 383.000000 0.200524 
0.793194 395.000000 0.206806 
0.800524 381.000000 0.199476 
0.802618 377.000000 0.197382 
0.792670 396.000000 0.207330 
0.802094 378.000000 0.197906 
0.800000 382.000000 0.200000 
0.801047 380.000000 0.198953 
0.807330 368.000000 0.192670 
0.798953 384.000000 0.201047 
0.802094 378.000000 0.197906 
0.796859 388.000000 0.203141 
0.804712 373.000000 0.195288 
0.804188 374.000000 0.195812 
0.800524 381.000000 0.199476 
0.803141 376.000000 0.196859 
0.803141 376.000000 0.196859 
0.797906 386.000000 0.202094 
0.804188 374.000000 0.195812 
0.801571 379.000000 0.198429 
0.805236 372.000000 0.194764 
0.795288 391.000000 0.204712 
0.798429 385.000000 0.201571 
0.804188 374.000000 0.195812 
0.803665 375.000000 0.196335 
0.801571 379.000000 0.198429 
0.798429 385.000000 0.201571 
0.808377 366.000000 0.191623 
0.796335 389.000000 0.203665 
0.792670 396.000000 0.207330 
0.804188 374.000000 0.195812 
0.807853 367.000000 0.192147 
0.802618 377.000000 0.197382 
0.794764 392.000000 0.205236 
0.805759 371.000000 0.194241 
0.794764 392.000000 0.205236 
0.799476 383.000000 0.200524 
0.801047 380.000000 0.198953 
0.791623 398.000000 0.208377 
0.801571 379.000000 0.198429 
0.798953 384.000000 0.201047 
0.795288 391.000000 0.204712 
0.804712 373.000000 0.195288 
0.799476 383.000000 0.200524 
0.801047 380.000000 0.198953 
0.795812 390.000000 0.204188 
0.799476 383.000000 0.200524 
0.797906 386.000000 0.202094 
0.804712 373.000000 0.195288 
0.801571 379.000000 0.198429 
0.797382 387.000000 0.202618 
0.802618 377.000000 0.197382 
0.796859 388.000000 0.203141 
0.800524 381.000000 0.199476 
0.803141 376.000000 0.196859 
0.802094 378.000000 0.197906 
0.803665 375.000000 0.196335 
0.800524 381.000000 0.199476 
0.798953 384.000000 0.201047 
0.806806 369.000000 0.193194 
0.797906 386.000000 0.202094 
0.799476 383.000000 0.200524 
0.804712 373.000000 0.195288 
0.793717 394.000000 0.206283 
0.800000 382.000000 0.200000 
0.805236 372.000000 0.194764 
0.803141 376.000000 0.196859 
0.803665 375.000000 0.196335 
0.804712 373.000000 0.195288 
0.808377 366.000000 0.191623 
0.798953 384.000000 0.201047 
0.802094 378.000000 0.197906 
0.798429 385.000000 0.201571 
0.796859 388.000000 0.203141 
0.796859 388.000000 0.203141 
0.794241 393.000000 0.205759 
0.798953 384.000000 0.201047 
0.801571 379.000000 0.198429 
0.797382 387.000000 0.202618 
0.798953 384.000000 0.201047 
0.792670 396.000000 0.207330 
0.798429 385.000000 0.201571 
0.792670 396.000000 0.207330 
0.797906 386.000000 0.202094 
0.791099 399.000000 0.208901 
0.795288 391.000000 0.204712 
0.800000 382.000000 0.200000 
0.798953 384.000000 0.201047 
0.800524 381.000000 0.199476 
0.795812 390.000000 0.204188 
0.791099 399.000000 0.208901 
0.800524 381.000000 0.199476 
0.801571 379.000000 0.198429 
0.796859 388.000000 0.203141 
0.800000 382.000000 0.200000 
0.795288 391.000000 0.204712 
0.801571 379.000000 0.198429 
0.798429 385.000000 0.201571 
0.800524 381.000000 0.199476 
0.803665 375.000000 0.196335 
0.802094 378.000000 0.197906 
0.798953 384.000000 0.201047 
0.806283 370.000000 0.193717 
0.796335 389.000000 0.203665 
0.803141 376.000000 0.196859 
0.797906 386.000000 0.202094 
0.798953 384.000000 0.201047 
0.792147 397.000000 0.207853 
0.800524 381.000000 0.199476 
0.796335 389.000000 0.203665 
0.804188 374.000000 0.195812 
0.801571 379.000000 0.198429 
0.800524 381.000000 0.199476 
0.791623 398.000000 0.208377 
0.806283 370.000000 0.193717 
0.794764 392.000000 0.205236 
0.807330 368.000000 0.192670 
0.796859 388.000000 0.203141 
0.791623 398.000000 0.208377 
0.805759 371.000000 0.194241 
0.796859 388.000000 0.203141 
0.801047 380.000000 0.198953 
0.805759 371.000000 0.194241 
0.800000 382.000000 0.200000 
0.797382 387.000000 0.202618 
0.794764 392.000000 0.205236 
0.797906 386.000000 0.202094 
0.796859 388.000000 0.203141 
0.804188 374.000000 0.195812 
0.795288 391.000000 0.204712 
0.795288 391.000000 0.204712 
0.805759 371.000000 0.194241 
0.804712 373.000000 0.195288 
0.795288 391.000000 0.204712 
0.800524 381.000000 0.199476 
0.800524 381.000000 0.199476 
0.808901 365.000000 0.191099 
0.800524 381.000000 0.199476 
0.799476 383.000000 0.200524 
0.804712 373.000000 0.195288 
0.804188 374.000000 0.195812 
0.796859 388.000000 0.203141 
0.791099 399.000000 0.208901 
0.800000 382.000000 0.200000 
0.795812 390.000000 0.204188 
0.803665 375.000000 0.196335 
0.792147 397.000000 0.207853 
0.796859 388.000000 0.203141 
0.800000 382.000000 0.200000 
0.796335 389.000000 0.203665 
0.798953 384.000000 0.201047 
0.799476 383.000000 0.200524 
0.799476 383.000000 0.200524 
0.806806 369.000000 0.193194 
0.793717 394.000000 0.206283 
0.801047 380.000000 0.198953 
0.806806 369.000000 0.193194 
0.802094 378.000000 0.197906 
0.800524 381.000000 0.199476 
0.807330 368.000000 0.192670 
0.796859 388.000000 0.203141 
0.796859 388.000000 0.203141 
0.804188 374.000000 0.195812 
0.806283 370.000000 0.193717 
0.807853 367.000000 0.192147 
0.805759 371.000000 0.194241 
0.799476 383.000000 0.200524 
0.809424 364.000000 0.190576 
0.798429 385.000000 0.201571 
0.801571 379.000000 0.198429 
0.794764 392.000000 0.205236 
0.795288 391.000000 0.204712 
0.808377 366.000000 0.191623 
0.793194 395.000000 0.206806 
0.806806 369.000000 0.193194 
0.809948 363.000000 0.190052 
0.796859 388.000000 0.203141 
0.794764 392.000000 0.205236 
0.801047 380.000000 0.198953 
0.793194 395.000000 0.206806 
0.795812 390.000000 0.204188 
0.801571 379.000000 0.198429 
0.799476 383.000000 0.200524 
0.800000 382.000000 0.200000 
0.795812 390.000000 0.204188 
0.806283 370.000000 0.193717 
0.800000 382.000000 0.200000 
0.801047 380.000000 0.198953 
0.798953 384.000000 0.201047 
0.810471 362.000000 0.189529 
0.807853 367.000000 0.192147 
0.803665 375.000000 0.196335 
0.790052 401.000000 0.209948 
0.789529 402.000000 0.210471 
0.804712 373.000000 0.195288 
0.798429 385.000000 0.201571 
0.802618 377.000000 0.197382 
0.797382 387.000000 0.202618 
0.804188 374.000000 0.195812 
0.793717 394.000000 0.206283 
0.808901 365.000000 0.191099 
0.789005 403.000000 0.210995 
0.800000 382.000000 0.200000 
0.794764 392.000000 0.205236 
0.794764 392.000000 0.205236 
0.796335 389.000000 0.203665 
0.803665 375.000000 0.196335 
0.798953 384.000000 0.201047 
0.803141 376.000000 0.196859 
0.800524 381.000000 0.199476 
0.797382 387.000000 0.202618 
0.797906 386.000000 0.202094 
0.796335 389.000000 0.203665 
0.800000 382.000000 0.200000 
0.798429 385.000000 0.201571 
0.798429 385.000000 0.201571 
0.801571 379.000000 0.198429 
0.804188 374.000000 0.195812 
0.802618 377.000000 0.197382 
0.803665 375.000000 0.196335 
0.805236 372.000000 0.194764 
0.803665 375.000000 0.196335 
0.795288 391.000000 0.204712 
0.797382 387.000000 0.202618 
0.801047 380.000000 0.198953 
0.804188 374.000000 0.195812 
0.797906 386.000000 0.202094 
0.796859 388.000000 0.203141 
0.797906 386.000000 0.202094 
0.806806 369.000000 0.193194 
0.805236 372.000000 0.194764 
0.802094 378.000000 0.197906 
0.800000 382.000000 0.200000 
0.802094 378.000000 0.197906 
0.795812 390.000000 0.204188 
0.800524 381.000000 0.199476 
0.804188 374.000000 0.195812 
0.795288 391.000000 0.204712 
0.795288 391.000000 0.204712 
0.802618 377.000000 0.197382 
0.795812 390.000000 0.204188 
0.797382 387.000000 0.202618 
0.800000 382.000000 0.200000 
0.786911 407.000000 0.213089 
0.795812 390.000000 0.204188 
0.807330 368.000000 0.192670 
0.797382 387.000000 0.202618 
0.798953 384.000000 0.201047 
0.803665 375.000000 0.196335 
0.805759 371.000000 0.194241 
0.802618 377.000000 0.197382 
0.794241 393.000000 0.205759 
0.807330 368.000000 0.192670 
0.802618 377.000000 0.197382 
0.797382 387.000000 0.202618 
0.803665 375.000000 0.196335 
0.797382 387.000000 0.202618 
0.796335 389.000000 0.203665 
0.798953 384.000000 0.201047 
0.798429 385.000000 0.201571 
0.814136 355.000000 0.185864 
0.800524 381.000000 0.199476 
0.800524 381.000000 0.199476 
0.801047 380.000000 0.198953 
0.794241 393.000000 0.205759 
0.800000 382.000000 0.200000 
0.794241 393.000000 0.205759 
0.801047 380.000000 0.198953 
0.795288 391.000000 0.204712 
0.794241 393.000000 0.205759 
0.789529 402.000000 0.210471 
0.808377 366.000000 0.191623 
0.803141 376.000000 0.196859 
0.792670 396.000000 0.207330 
0.802094 378.000000 0.197906 
0.805759 371.000000 0.194241 
0.803665 375.000000 0.196335 
0.797906 386.000000 0.202094 
0.803141 376.000000 0.196859 
0.802094 378.000000 0.197906 
0.798953 384.000000 0.201047 
0.793717 394.000000 0.206283 
0.794241 393.000000 0.205759 
0.805759 371.000000 0.194241 
0.793717 394.000000 0.206283 
0.803665 375.000000 0.196335 
0.796859 388.000000 0.203141 
0.801571 379.000000 0.198429 
0.802618 377.000000 0.197382 
0.798429 385.000000 0.201571 
0.794764 392.000000 0.205236 
0.799476 383.000000 0.200524 
0.805759 371.000000 0.194241 
0.803141 376.000000 0.196859 
0.800524 381.000000 0.199476 
0.800524 381.000000 0.199476 
0.796335 389.000000 0.203665 
0.799476 383.000000 0.200524 
0.796335 389.000000 0.203665 
0.803141 376.000000 0.196859 
0.803665 375.000000 0.196335 
0.799476 383.000000 0.200524 
0.807853 367.000000 0.192147 
0.795812 390.000000 0.204188 
0.794764 392.000000 0.205236 
0.798429 385.000000 0.201571 
0.802094 378.000000 0.197906 
0.801571 379.000000 0.198429 
0.802618 377.000000 0.197382 
0.794764 392.000000 0.205236 
0.804188 374.000000 0.195812 
0.797906 386.000000 0.202094 
0.801047 380.000000 0.198953 
0.807853 367.000000 0.192147 
0.801047 380.000000 0.198953 
0.802094 378.000000 0.197906 
0.797906 386.000000 0.202094 
0.794764 392.000000 0.205236 
0.803665 375.000000 0.196335 
0.796859 388.000000 0.203141 
0.792147 397.000000 0.207853 
0.797906 386.000000 0.202094 
0.801047 380.000000 0.198953 
0.803141 376.000000 0.196859 
0.801047 380.000000 0.198953 
0.803665 375.000000 0.196335 
0.803665 375.000000 0.196335 
0.792670 396.000000 0.207330 
0.797906 386.000000 0.202094 
0.789529 402.000000 0.210471 
0.803665 375.000000 0.196335 
0.791099 399.000000 0.208901 
0.806806 369.000000 0.193194 
0.803665 375.000000 0.196335 
0.797382 387.000000 0.202618 
0.797382 387.000000 0.202618 
0.799476 383.000000 0.200524 
0.791623 398.000000 0.208377 
0.800524 381.000000 0.199476 
0.801047 380.000000 0.198953 
0.795288 391.000000 0.204712 
0.802618 377.000000 0.197382 
0.794241 393.000000 0.205759 
0.794241 393.000000 0.205759 
0.798953 384.000000 0.201047 
0.792147 397.000000 0.207853 
0.793194 395.000000 0.206806 
0.800524 381.000000 0.199476 
0.794241 393.000000 0.205759 
0.800000 382.000000 0.200000 
0.805236 372.000000 0.194764 
0.796335 389.000000 0.203665 
0.804188 374.000000 0.195812 
0.795812 390.000000 0.204188 
0.799476 383.000000 0.200524 
0.804188 374.000000 0.195812 
0.804712 373.000000 0.195288 
0.794764 392.000000 0.205236 
0.807330 368.000000 0.192670 
0.791099 399.000000 0.208901 
0.800524 381.000000 0.199476 
0.802618 377.000000 0.197382 
0.798953 384.000000 0.201047 
0.805759 371.000000 0.194241 
0.797382 387.000000 0.202618 
0.797906 386.000000 0.202094 
0.796859 388.000000 0.203141 
0.796859 388.000000 0.203141 
0.793717 394.000000 0.206283 
0.807330 368.000000 0.192670 
0.803141 376.000000 0.196859 
0.803141 376.000000 0.196859 
0.800524 381.000000 0.199476 
0.806283 370.000000 0.193717 
0.808377 366.000000 0.191623 
0.794241 393.000000 0.205759 
0.794764 392.000000 0.205236 
0.802094 378.000000 0.197906 
0.797906 386.000000 0.202094 
0.808377 366.000000 0.191623 
0.798953 384.000000 0.201047 
0.797906 386.000000 0.202094 
0.792670 396.000000 0.207330 
0.793717 394.000000 0.206283 
0.804712 373.000000 0.195288 
0.795812 390.000000 0.204188 
0.800524 381.000000 0.199476 
0.800524 381.000000 0.199476 
0.797382 387.000000 0.202618 
0.797382 387.000000 0.202618 
0.800524 381.000000 0.199476 
0.802094 378.000000 0.197906 
0.799476 383.000000 0.200524 
0.804712 373.000000 0.195288 
0.805759 371.000000 0.194241 
0.791099 399.000000 0.208901 
0.795812 390.000000 0.204188 
0.801047 380.000000 0.198953 
0.804188 374.000000 0.195812 
0.802618 377.000000 0.197382 
0.799476 383.000000 0.200524 
0.800000 382.000000 0.200000 
0.803665 375.000000 0.196335 
0.798429 385.000000 0.201571 
0.807853 367.000000 0.192147 
0.806806 369.000000 0.193194 
0.809948 363.000000 0.190052 
0.809948 363.000000 0.190052 
0.798953 384.000000 0.201047 
0.802094 378.000000 0.197906 
0.794764 392.000000 0.205236 
0.800524 381.000000 0.199476 
0.797906 386.000000 0.202094 
0.805236 372.000000 0.194764 
0.804188 374.000000 0.195812 
0.800524 381.000000 0.199476 
0.801571 379.000000 0.198429 
0.796859 388.000000 0.203141 
0.804712 373.000000 0.195288 
0.791623 398.000000 0.208377 
0.798429 385.000000 0.201571 
0.798429 385.000000 0.201571 
0.801047 380.000000 0.198953 
0.798429 385.000000 0.201571 
0.804712 373.000000 0.195288 
0.805236 372.000000 0.194764 
0.797906 386.000000 0.202094 
0.803141 376.000000 0.196859 
0.790052 401.000000 0.209948 
0.802094 378.000000 0.197906 
0.801571 379.000000 0.198429 
0.804712 373.000000 0.195288 
0.798953 384.000000 0.201047 
0.803141 376.000000 0.196859 
0.796859 388.000000 0.203141 
0.801571 379.000000 0.198429 
0.800524 381.000000 0.199476 
0.804188 374.000000 0.195812 
0.792147 397.000000 0.207853 
0.800524 381.000000 0.199476 
0.789005 403.000000 0.210995 
0.797906 386.000000 0.202094 
0.810471 362.000000 0.189529 
0.798953 384.000000 0.201047 
0.804712 373.000000 0.195288 
0.801571 379.000000 0.198429 
0.793717 394.000000 0.206283 
0.793194 395.000000 0.206806 
0.800524 381.000000 0.199476 
0.807853 367.000000 0.192147 
0.796859 388.000000 0.203141 
0.798953 384.000000 0.201047 
0.804188 374.000000 0.195812 
0.803141 376.000000 0.196859 
0.803665 375.000000 0.196335 
0.795288 391.000000 0.204712 
0.801571 379.000000 0.198429 
0.803665 375.000000 0.196335 
0.804712 373.000000 0.195288 
0.798429 385.000000 0.201571 
0.797382 387.000000 0.202618 
0.800000 382.000000 0.200000 
0.794241 393.000000 0.205759 
0.802094 378.000000 0.197906 
0.801047 380.000000 0.198953 
0.794764 392.000000 0.205236 
0.797906 386.000000 0.202094 
0.800524 381.000000 0.199476 
0.804188 374.000000 0.195812 
0.798429 385.000000 0.201571 
0.807330 368.000000 0.192670 
0.801571 379.000000 0.198429 
0.792670 396.000000 0.207330 
0.802094 378.000000 0.197906 
0.807330 368.000000 0.192670 
0.795812 390.000000 0.204188 
0.798953 384.000000 0.201047 
0.793194 395.000000 0.206806 
0.796335 389.000000 0.203665 
0.796335 389.000000 0.203665 
0.797906 386.000000 0.202094 
0.806806 369.000000 0.193194 
0.796335 389.000000 0.203665 
0.793194 395.000000 0.206806 
0.806283 370.000000 0.193717 
0.789529 402.000000 0.210471 
0.798953 384.000000 0.201047 
0.796859 388.000000 0.203141 
0.800524 381.000000 0.199476 
0.796859 388.000000 0.203141 
0.797906 386.000000 0.202094 
0.802618 377.000000 0.197382 
0.802094 378.000000 0.197906 
0.800000 382.000000 0.200000 
0.795288 391.000000 0.204712 
0.797906 386.000000 0.202094 
0.785864 409.000000 0.214136 
0.797906 386.000000 0.202094 
0.799476 383.000000 0.200524 
0.808377 366.000000 0.191623 
0.797906 386.000000 0.202094 
0.791623 398.000000 0.208377 
0.802094 378.000000 0.197906 
0.791623 398.000000 0.208377 
0.808377 366.000000 0.191623 
0.797906 386.000000 0.202094 
0.797382 387.000000 0.202618 
0.805759 371.000000 0.194241 
0.801571 379.000000 0.198429 
0.797906 386.000000 0.202094 
0.801571 379.000000 0.198429 
0.800000 382.000000 0.200000 
0.803665 375.000000 0.196335 
0.807853 367.000000 0.192147 
0.799476 383.000000 0.200524 
0.797382 387.000000 0.202618 
0.801571 379.000000 0.198429 
0.802618 377.000000 0.197382 
0.799476 383.000000 0.200524 
0.800000 382.000000 0.200000 
0.794764 392.000000 0.205236 
0.795812 390.000000 0.204188 
0.793194 395.000000 0.206806 
0.798953 384.000000 0.201047 
0.803141 376.000000 0.196859 
0.808377 366.000000 0.191623 
0.798429 385.000000 0.201571 
0.791099 399.000000 0.208901 
0.801047 380.000000 0.198953 
0.794764 392.000000 0.205236 
0.802094 378.000000 0.197906 
0.795812 390.000000 0.204188 
0.797382 387.000000 0.202618 
0.791623 398.000000 0.208377 
0.805236 372.000000 0.194764 
0.807330 368.000000 0.192670 
0.801047 380.000000 0.198953 
0.801571 379.000000 0.198429 
0.795812 390.000000 0.204188 
0.800000 382.000000 0.200000 
0.804188 374.000000 0.195812 
0.807330 368.000000 0.192670 
0.805759 371.000000 0.194241 
0.801047 380.000000 0.198953 
0.805759 371.000000 0.194241 
0.798953 384.000000 0.201047 
0.800000 382.000000 0.200000 
0.794241 393.000000 0.205759 
0.792147 397.000000 0.207853 
0.798429 385.000000 0.201571 
0.806283 370.000000 0.193717 
0.797382 387.000000 0.202618 
0.794764 392.000000 0.205236 
0.789005 403.000000 0.210995 
0.802618 377.000000 0.197382 
0.795812 390.000000 0.204188 
0.800000 382.000000 0.200000 
0.793194 395.000000 0.206806 
0.793194 395.000000 0.206806 
0.802618 377.000000 0.197382 
0.803141 376.000000 0.196859 
0.801047 380.000000 0.198953 
0.797382 387.000000 0.202618 
0.793717 394.000000 0.206283 
0.803665 375.000000 0.196335 
0.797906 386.000000 0.202094 
0.803141 376.000000 0.196859 
0.796335 389.000000 0.203665 
0.796859 388.000000 0.203141 
0.795288 391.000000 0.204712 
0.797382 387.000000 0.202618 
0.807330 368.000000 0.192670 
0.795288 391.000000 0.204712 
0.795812 390.000000 0.204188 
0.793717 394.000000 0.206283 
0.806806 369.000000 0.193194 
0.804188 374.000000 0.195812 
0.795288 391.000000 0.204712 
0.804188 374.000000 0.195812 
0.800000 382.000000 0.200000 
0.795812 390.000000 0.204188 
0.792147 397.000000 0.207853 
0.802094 378.000000 0.197906 
0.803665 375.000000 0.196335 
0.803665 375.000000 0.196335 
0.804712 373.000000 0.195288 
0.806806 369.000000 0.193194 
0.807330 368.000000 0.192670 
0.801047 380.000000 0.198953 
0.792147 397.000000 0.207853 
0.799476 383.000000 0.200524 
0.804188 374.000000 0.195812 
0.798429 385.000000 0.201571 
0.796859 388.000000 0.203141 
0.803141 376.000000 0.196859 
0.804188 374.000000 0.195812 
0.796335 389.000000 0.203665 
0.799476 383.000000 0.200524 
0.807330 368.000000 0.192670 
0.802618 377.000000 0.197382 
0.793717 394.000000 0.206283 
0.802618 377.000000 0.197382 
0.802618 377.000000 0.197382 
0.794241 393.000000 0.205759 
0.800000 382.000000 0.200000 
0.803665 375.000000 0.196335 
0.795288 391.000000 0.204712 
0.805759 371.000000 0.194241 
0.802618 377.000000 0.197382 
0.797382 387.000000 0.202618 
0.797906 386.000000 0.202094 
0.798953 384.000000 0.201047 
0.799476 383.000000 0.200524 
0.794764 392.000000 0.205236 
0.797382 387.000000 0.202618 
0.808901 365.000000 0.191099 
0.797906 386.000000 0.202094 
0.803141 376.000000 0.196859 
0.794764 392.000000 0.205236 
0.793717 394.000000 0.206283 
0.798429 385.000000 0.201571 
0.806283 370.000000 0.193717 
0.804188 374.000000 0.195812 
0.800524 381.000000 0.199476 
0.803141 376.000000 0.196859 
0.806806 369.000000 0.193194 
0.792670 396.000000 0.207330 
0.794764 392.000000 0.205236 
0.797906 386.000000 0.202094 
0.797906 386.000000 0.202094 
0.801571 379.000000 0.198429 
0.809948 363.000000 0.190052 
0.805236 372.000000 0.194764 
0.792670 396.000000 0.207330 
0.802618 377.000000 0.197382 
0.812042 359.000000 0.187958 
0.808901 365.000000 0.191099 
0.808901 365.000000 0.191099 
0.796859 388.000000 0.203141 
0.803141 376.000000 0.196859 
0.807330 368.000000 0.192670 
0.801571 379.000000 0.198429 
0.801571 379.000000 0.198429 
0.809948 363.000000 0.190052 
0.808901 365.000000 0.191099 
0.796859 388.000000 0.203141 
0.800000 382.000000 0.200000 
0.801047 380.000000 0.198953 
0.794241 393.000000 0.205759 
0.804188 374.000000 0.195812 
0.805759 371.000000 0.194241 
0.789005 403.000000 0.210995 
0.802618 377.000000 0.197382 
0.795812 390.000000 0.204188 
0.802618 377.000000 0.197382 
0.797906 386.000000 0.202094 
0.791623 398.000000 0.208377 
0.799476 383.000000 0.200524 
0.802094 378.000000 0.197906 
0.793717 394.000000 0.206283 
0.799476 383.000000 0.200524 
0.803665 375.000000 0.196335 
0.798953 384.000000 0.201047 
0.794241 393.000000 0.205759 
0.799476 383.000000 0.200524 
0.794241 393.000000 0.205759 
0.804188 374.000000 0.195812 
0.797906 386.000000 0.202094 
0.798429 385.000000 0.201571 
0.797382 387.000000 0.202618 
0.803665 375.000000 0.196335 
0.798429 385.000000 0.201571 
0.803665 375.000000 0.196335 
0.796335 389.000000 0.203665 
0.795812 390.000000 0.204188 
0.800000 382.000000 0.200000 
0.797382 387.000000 0.202618 
0.796335 389.000000 0.203665 
0.803141 376.000000 0.196859 
0.800000 382.000000 0.200000 
0.793717 394.000000 0.206283 
0.803665 375.000000 0.196335 
0.800524 381.000000 0.199476 
0.801571 379.000000 0.198429 
0.800524 381.000000 0.199476 
0.798953 384.000000 0.201047 
0.800000 382.000000 0.200000 
0.796335 389.000000 0.203665 
0.802094 378.000000 0.197906 
0.809948 363.000000 0.190052 
0.803665 375.000000 0.196335 
0.794764 392.000000 0.205236 
0.805759 371.000000 0.194241 
0.804188 374.000000 0.195812 
0.804712 373.000000 0.195288 
0.802618 377.000000 0.197382 
0.800524 381.000000 0.199476 
0.798953 384.000000 0.201047 
0.806283 370.000000 0.193717 
0.795288 391.000000 0.204712 
0.802094 378.000000 0.197906 
0.795812 390.000000 0.204188 
0.797382 387.000000 0.202618 
0.798429 385.000000 0.201571 
0.794241 393.000000 0.205759 
0.798429 385.000000 0.201571 
0.799476 383.000000 0.200524 
0.801571 379.000000 0.198429 
0.795288 391.000000 0.204712 
0.797906 386.000000 0.202094 
0.797382 387.000000 0.202618 
0.798953 384.000000 0.201047 
0.796335 389.000000 0.203665 
0.800524 381.000000 0.199476 
0.793194 395.000000 0.206806 
0.807330 368.000000 0.192670 
0.798953 384.000000 0.201047 
0.798429 385.000000 0.201571 
0.794764 392.000000 0.205236 
0.801571 379.000000 0.198429 
0.806283 370.000000 0.193717 
0.792670 396.000000 0.207330 
0.795288 391.000000 0.204712 
0.797382 387.000000 0.202618 
0.802094 378.000000 0.197906 
0.794241 393.000000 0.205759 
0.797906 386.000000 0.202094 
0.797906 386.000000 0.202094 
0.796335 389.000000 0.203665 
0.795288 391.000000 0.204712 
0.798953 384.000000 0.201047 
0.801047 380.000000 0.198953 
0.811518 360.000000 0.188482 
0.792670 396.000000 0.207330 
0.795812 390.000000 0.204188 
0.802094 378.000000 0.197906 
0.802094 378.000000 0.197906 
0.797906 386.000000 0.202094 
0.802618 377.000000 0.197382 
0.801047 380.000000 0.198953 
0.797382 387.000000 0.202618 
0.804188 374.000000 0.195812 
0.792670 396.000000 0.207330 
0.797906 386.000000 0.202094 
0.788482 404.000000 0.211518 
0.791623 398.000000 0.208377 
0.802618 377.000000 0.197382 
0.803141 376.000000 0.196859 
0.800524 381.000000 0.199476 
0.796859 388.000000 0.203141 
0.802094 378.000000 0.197906 
0.794764 392.000000 0.205236 
0.801571 379.000000 0.198429 
0.794764 392.000000 0.205236 
0.798953 384.000000 0.201047 
0.797382 387.000000 0.202618 
0.798429 385.000000 0.201571 
0.807853 367.000000 0.192147 
0.797906 386.000000 0.202094 
0.803141 376.000000 0.196859 
0.792147 397.000000 0.207853 
0.803665 375.000000 0.196335 
0.801047 380.000000 0.198953 
0.808377 366.000000 0.191623 
0.795288 391.000000 0.204712 
0.806283 370.000000 0.193717 
0.801571 379.000000 0.198429 
0.804188 374.000000 0.195812 
0.796335 389.000000 0.203665 
0.805759 371.000000 0.194241 
0.791623 398.000000 0.208377 
0.799476 383.000000 0.200524 
0.801571 379.000000 0.198429 
0.815707 352.000000 0.184293 
0.800000 382.000000 0.200000 
0.802094 378.000000 0.197906 
0.794764 392.000000 0.205236 
0.806806 369.000000 0.193194 
0.808377 366.000000 0.191623 
0.805236 372.000000 0.194764 
0.802094 378.000000 0.197906 
0.800524 381.000000 0.199476 
0.798953 384.000000 0.201047 
0.796335 389.000000 0.203665 
0.799476 383.000000 0.200524 
0.797382 387.000000 0.202618 
0.798953 384.000000 0.201047 
0.802618 377.000000 0.197382 
0.799476 383.000000 0.200524 
0.806283 370.000000 0.193717 
0.797382 387.000000 0.202618 
0.793717 394.000000 0.206283 
0.799476 383.000000 0.200524 
0.793194 395.000000 0.206806 
0.803665 375.000000 0.196335 
0.800524 381.000000 0.199476 
0.800000 382.000000 0.200000 
0.800000 382.000000 0.200000 
0.803141 376.000000 0.196859 
0.798953 384.000000 0.201047 
0.800524 381.000000 0.199476 
0.791623 398.000000 0.208377 
0.802094 378.000000 0.197906 
0.806806 369.000000 0.193194 
0.791623 398.000000 0.208377 
0.797906 386.000000 0.202094 
0.804712 373.000000 0.195288 
0.801571 379.000000 0.198429 
0.797906 386.000000 0.202094 
0.797382 387.000000 0.202618 
0.797906 386.000000 0.202094 
0.797382 387.000000 0.202618 
0.798429 385.000000 0.201571 
0.794764 392.000000 0.205236 
0.811518 360.000000 0.188482 
0.797906 386.000000 0.202094 
0.799476 383.000000 0.200524 
0.800524 381.000000 0.199476 
0.800000 382.000000 0.200000 
0.802618 377.000000 0.197382 
0.806806 369.000000 0.193194 
0.797906 386.000000 0.202094 
0.794764 392.000000 0.205236 
0.799476 383.000000 0.200524 
0.802618 377.000000 0.197382 
0.804712 373.000000 0.195288 
0.804188 374.000000 0.195812 
0.793194 395.000000 0.206806 
0.801571 379.000000 0.198429 
0.798953 384.000000 0.201047 
0.796335 389.000000 0.203665 
0.807853 367.000000 0.192147 
0.797382 387.000000 0.202618 
0.805236 372.000000 0.194764 
0.811518 360.000000 0.188482 
0.803665 375.000000 0.196335 
0.800524 381.000000 0.199476 
0.801047 380.000000 0.198953 
0.803141 376.000000 0.196859 
0.794764 392.000000 0.205236 
0.800524 381.000000 0.199476 
0.800524 381.000000 0.199476 
0.806806 369.000000 0.193194 
0.803665 375.000000 0.196335 
0.791623 398.000000 0.208377 
0.801047 380.000000 0.198953 
0.805236 372.000000 0.194764 
0.795812 390.000000 0.204188 
0.800000 382.000000 0.200000 
0.798429 385.000000 0.201571 
0.806283 370.000000 0.193717 
0.794764 392.000000 0.205236 
0.804188 374.000000 0.195812 
0.806283 370.000000 0.193717 
0.802618 377.000000 0.197382 
0.804188 374.000000 0.195812 
0.802618 377.000000 0.197382 
0.802094 378.000000 0.197906 
0.798953 384.000000 0.201047 
0.801047 380.000000 0.198953 
0.804188 374.000000 0.195812 
0.804188 374.000000 0.195812 
0.797382 387.000000 0.202618 
0.800524 381.000000 0.199476 
0.805759 371.000000 0.194241 
0.803665 375.000000 0.196335 
0.794764 392.000000 0.205236 
0.792147 397.000000 0.207853 
0.796859 388.000000 0.203141 
0.802618 377.000000 0.197382 
0.800000 382.000000 0.200000 
0.797382 387.000000 0.202618 
0.792147 397.000000 0.207853 
0.802094 378.000000 0.197906 
0.795812 390.000000 0.204188 
0.796335 389.000000 0.203665 
0.797382 387.000000 0.202618 
0.795812 390.000000 0.204188 
0.801571 379.000000 0.198429 
0.801047 380.000000 0.198953 
0.797382 387.000000 0.202618 
0.796859 388.000000 0.203141 
0.801047 380.000000 0.198953 
0.803141 376.000000 0.196859 
0.802094 378.000000 0.197906 
0.804712 373.000000 0.195288 
0.801571 379.000000 0.198429 
0.796859 388.000000 0.203141 
0.794241 393.000000 0.205759 
0.813089 357.000000 0.186911 
0.794764 392.000000 0.205236 
0.802618 377.000000 0.197382 
0.807853 367.000000 0.192147 
0.800524 381.000000 0.199476 
0.803141 376.000000 0.196859 
0.800000 382.000000 0.200000 
0.798953 384.000000 0.201047 
0.803665 375.000000 0.196335 
0.803141 376.000000 0.196859 
0.801047 380.000000 0.198953 
0.804188 374.000000 0.195812 
0.801047 380.000000 0.198953 
0.800000 382.000000 0.200000 
0.804188 374.000000 0.195812 
0.800524 381.000000 0.199476 
0.795812 390.000000 0.204188 
0.812042 359.000000 0.187958 
0.808901 365.000000 0.191099 
0.798429 385.000000 0.201571 
0.802094 378.000000 0.197906 
0.801571 379.000000 0.198429 
