0.873298 242.000000 0.126702 
0.875916 237.000000 0.124084 
0.880628 228.000000 0.119372 
0.876440 236.000000 0.123560 
0.874869 239.000000 0.125131 
0.877487 234.000000 0.122513 
0.871728 245.000000 0.128272 
0.872775 243.000000 0.127225 
0.878534 232.000000 0.121466 
0.879058 231.000000 0.120942 
0.879058 231.000000 0.120942 
0.878534 232.000000 0.121466 
0.873822 241.000000 0.126178 
0.878010 233.000000 0.121990 
0.878010 233.000000 0.121990 
0.874346 240.000000 0.125654 
0.878010 233.000000 0.121990 
0.874869 239.000000 0.125131 
0.876963 235.000000 0.123037 
0.871728 245.000000 0.128272 
0.875393 238.000000 0.124607 
0.870157 248.000000 0.129843 
0.871204 246.000000 0.128796 
0.874869 239.000000 0.125131 
0.870157 248.000000 0.129843 
0.872775 243.000000 0.127225 
0.883246 223.000000 0.116754 
0.873822 241.000000 0.126178 
0.879581 230.000000 0.120419 
0.879058 231.000000 0.120942 
0.876963 235.000000 0.123037 
0.879058 231.000000 0.120942 
0.876963 235.000000 0.123037 
0.879581 230.000000 0.120419 
0.872775 243.000000 0.127225 
0.876440 236.000000 0.123560 
0.877487 234.000000 0.122513 
0.869110 250.000000 0.130890 
0.869110 250.000000 0.130890 
0.880628 228.000000 0.119372 
0.878534 232.000000 0.121466 
0.876963 235.000000 0.123037 
0.871728 245.000000 0.128272 
0.878010 233.000000 0.121990 
0.870681 247.000000 0.129319 
0.873298 242.000000 0.126702 
0.876963 235.000000 0.123037 
0.875393 238.000000 0.124607 
0.876440 236.000000 0.123560 
0.877487 234.000000 0.122513 
0.870157 248.000000 0.129843 
0.876440 236.000000 0.123560 
0.878010 233.000000 0.121990 
0.879581 230.000000 0.120419 
0.878534 232.000000 0.121466 
0.873298 242.000000 0.126702 
0.874346 240.000000 0.125654 
0.874346 240.000000 0.125654 
0.875393 238.000000 0.124607 
0.879058 231.000000 0.120942 
0.875916 237.000000 0.124084 
0.878534 232.000000 0.121466 
0.879581 230.000000 0.120419 
0.879581 230.000000 0.120419 
0.883246 223.000000 0.116754 
0.874869 239.000000 0.125131 
0.879058 231.000000 0.120942 
0.877487 234.000000 0.122513 
0.879581 230.000000 0.120419 
0.876963 235.000000 0.123037 
0.877487 234.000000 0.122513 
0.880628 228.000000 0.119372 
0.875393 238.000000 0.124607 
0.874869 239.000000 0.125131 
0.876963 235.000000 0.123037 
0.872251 244.000000 0.127749 
0.874346 240.000000 0.125654 
0.880105 229.000000 0.119895 
0.870681 247.000000 0.129319 
0.872775 243.000000 0.127225 
0.878010 233.000000 0.121990 
0.873298 242.000000 0.126702 
0.879058 231.000000 0.120942 
0.869110 250.000000 0.130890 
0.874346 240.000000 0.125654 
0.874869 239.000000 0.125131 
0.869110 250.000000 0.130890 
0.878534 232.000000 0.121466 
0.873298 242.000000 0.126702 
0.877487 234.000000 0.122513 
0.873822 241.000000 0.126178 
0.871204 246.000000 0.128796 
0.872251 244.000000 0.127749 
0.873822 241.000000 0.126178 
0.872775 243.000000 0.127225 
0.879058 231.000000 0.120942 
0.870157 248.000000 0.129843 
0.875916 237.000000 0.124084 
0.876963 235.000000 0.123037 
0.880105 229.000000 0.119895 
0.872775 243.000000 0.127225 
0.870681 247.000000 0.129319 
0.881675 226.000000 0.118325 
0.869110 250.000000 0.130890 
0.883246 223.000000 0.116754 
0.875916 237.000000 0.124084 
0.876440 236.000000 0.123560 
0.869110 250.000000 0.130890 
0.876440 236.000000 0.123560 
0.870681 247.000000 0.129319 
0.874869 239.000000 0.125131 
0.870157 248.000000 0.129843 
0.877487 234.000000 0.122513 
0.871204 246.000000 0.128796 
0.876440 236.000000 0.123560 
0.875916 237.000000 0.124084 
0.875916 237.000000 0.124084 
0.869110 250.000000 0.130890 
0.872775 243.000000 0.127225 
0.879058 231.000000 0.120942 
0.874346 240.000000 0.125654 
0.875393 238.000000 0.124607 
0.875393 238.000000 0.124607 
0.869634 249.000000 0.130366 
0.878534 232.000000 0.121466 
0.873822 241.000000 0.126178 
0.875393 238.000000 0.124607 
0.877487 234.000000 0.122513 
0.867016 254.000000 0.132984 
0.872775 243.000000 0.127225 
0.866492 255.000000 0.133508 
0.875393 238.000000 0.124607 
0.874869 239.000000 0.125131 
0.874346 240.000000 0.125654 
0.874346 240.000000 0.125654 
0.869110 250.000000 0.130890 
0.876963 235.000000 0.123037 
0.876963 235.000000 0.123037 
0.873298 242.000000 0.126702 
0.878534 232.000000 0.121466 
0.878010 233.000000 0.121990 
0.869110 250.000000 0.130890 
0.875916 237.000000 0.124084 
0.878010 233.000000 0.121990 
0.875393 238.000000 0.124607 
0.872251 244.000000 0.127749 
0.877487 234.000000 0.122513 
0.868063 252.000000 0.131937 
0.870157 248.000000 0.129843 
0.868063 252.000000 0.131937 
0.872251 244.000000 0.127749 
0.880628 228.000000 0.119372 
0.872251 244.000000 0.127749 
0.871728 245.000000 0.128272 
0.873298 242.000000 0.126702 
0.873298 242.000000 0.126702 
0.872775 243.000000 0.127225 
0.878534 232.000000 0.121466 
0.872251 244.000000 0.127749 
0.874869 239.000000 0.125131 
0.873298 242.000000 0.126702 
0.871204 246.000000 0.128796 
0.872775 243.000000 0.127225 
0.872775 243.000000 0.127225 
0.874869 239.000000 0.125131 
0.866492 255.000000 0.133508 
0.875393 238.000000 0.124607 
0.877487 234.000000 0.122513 
0.874346 240.000000 0.125654 
0.876440 236.000000 0.123560 
0.875916 237.000000 0.124084 
0.873822 241.000000 0.126178 
0.872251 244.000000 0.127749 
0.870681 247.000000 0.129319 
0.877487 234.000000 0.122513 
0.876440 236.000000 0.123560 
0.872775 243.000000 0.127225 
0.874869 239.000000 0.125131 
0.873298 242.000000 0.126702 
0.882199 225.000000 0.117801 
0.875393 238.000000 0.124607 
0.870681 247.000000 0.129319 
0.872251 244.000000 0.127749 
0.878534 232.000000 0.121466 
0.872251 244.000000 0.127749 
0.872775 243.000000 0.127225 
0.879058 231.000000 0.120942 
0.873822 241.000000 0.126178 
0.873298 242.000000 0.126702 
0.871728 245.000000 0.128272 
0.875393 238.000000 0.124607 
0.873298 242.000000 0.126702 
0.878534 232.000000 0.121466 
0.876440 236.000000 0.123560 
0.881152 227.000000 0.118848 
0.880105 229.000000 0.119895 
0.879058 231.000000 0.120942 
0.871728 245.000000 0.128272 
0.876963 235.000000 0.123037 
0.874346 240.000000 0.125654 
0.872775 243.000000 0.127225 
0.875393 238.000000 0.124607 
0.881152 227.000000 0.118848 
0.867539 253.000000 0.132461 
0.886911 216.000000 0.113089 
0.876440 236.000000 0.123560 
0.881675 226.000000 0.118325 
0.879581 230.000000 0.120419 
0.876963 235.000000 0.123037 
0.872775 243.000000 0.127225 
0.873298 242.000000 0.126702 
0.877487 234.000000 0.122513 
0.870681 247.000000 0.129319 
0.872775 243.000000 0.127225 
0.869110 250.000000 0.130890 
0.874346 240.000000 0.125654 
0.872251 244.000000 0.127749 
0.876963 235.000000 0.123037 
0.872775 243.000000 0.127225 
0.878534 232.000000 0.121466 
0.875393 238.000000 0.124607 
0.870681 247.000000 0.129319 
0.878534 232.000000 0.121466 
0.868586 251.000000 0.131414 
0.872775 243.000000 0.127225 
0.871728 245.000000 0.128272 
0.872775 243.000000 0.127225 
0.876963 235.000000 0.123037 
0.873298 242.000000 0.126702 
0.877487 234.000000 0.122513 
0.872775 243.000000 0.127225 
0.874346 240.000000 0.125654 
0.878010 233.000000 0.121990 
0.876963 235.000000 0.123037 
0.879581 230.000000 0.120419 
0.875393 238.000000 0.124607 
0.885864 218.000000 0.114136 
0.873298 242.000000 0.126702 
0.870681 247.000000 0.129319 
0.872775 243.000000 0.127225 
0.873298 242.000000 0.126702 
0.878010 233.000000 0.121990 
0.872775 243.000000 0.127225 
0.874869 239.000000 0.125131 
0.871204 246.000000 0.128796 
0.870157 248.000000 0.129843 
0.875393 238.000000 0.124607 
0.871204 246.000000 0.128796 
0.872251 244.000000 0.127749 
0.877487 234.000000 0.122513 
0.872251 244.000000 0.127749 
0.875916 237.000000 0.124084 
0.871204 246.000000 0.128796 
0.874346 240.000000 0.125654 
0.871728 245.000000 0.128272 
0.871204 246.000000 0.128796 
0.879058 231.000000 0.120942 
0.878534 232.000000 0.121466 
0.880105 229.000000 0.119895 
0.880105 229.000000 0.119895 
0.873822 241.000000 0.126178 
0.870157 248.000000 0.129843 
0.875916 237.000000 0.124084 
0.874869 239.000000 0.125131 
0.880628 228.000000 0.119372 
0.876440 236.000000 0.123560 
0.876963 235.000000 0.123037 
0.866492 255.000000 0.133508 
0.871204 246.000000 0.128796 
0.881152 227.000000 0.118848 
0.874869 239.000000 0.125131 
0.872251 244.000000 0.127749 
0.873822 241.000000 0.126178 
0.877487 234.000000 0.122513 
0.877487 234.000000 0.122513 
0.876963 235.000000 0.123037 
0.872775 243.000000 0.127225 
0.873822 241.000000 0.126178 
0.872251 244.000000 0.127749 
0.873822 241.000000 0.126178 
0.875393 238.000000 0.124607 
0.874346 240.000000 0.125654 
0.875916 237.000000 0.124084 
0.877487 234.000000 0.122513 
0.870157 248.000000 0.129843 
0.878010 233.000000 0.121990 
0.874346 240.000000 0.125654 
0.879581 230.000000 0.120419 
0.874869 239.000000 0.125131 
0.871728 245.000000 0.128272 
0.877487 234.000000 0.122513 
0.875916 237.000000 0.124084 
0.878534 232.000000 0.121466 
0.875393 238.000000 0.124607 
0.870157 248.000000 0.129843 
0.869634 249.000000 0.130366 
0.880628 228.000000 0.119372 
0.880628 228.000000 0.119372 
0.874869 239.000000 0.125131 
0.873298 242.000000 0.126702 
0.875916 237.000000 0.124084 
0.877487 234.000000 0.122513 
0.868063 252.000000 0.131937 
0.871204 246.000000 0.128796 
0.875916 237.000000 0.124084 
0.878534 232.000000 0.121466 
0.872251 244.000000 0.127749 
0.870157 248.000000 0.129843 
0.874869 239.000000 0.125131 
0.873822 241.000000 0.126178 
0.881152 227.000000 0.118848 
0.875393 238.000000 0.124607 
0.872775 243.000000 0.127225 
0.868586 251.000000 0.131414 
0.881152 227.000000 0.118848 
0.870681 247.000000 0.129319 
0.876963 235.000000 0.123037 
0.873298 242.000000 0.126702 
0.880628 228.000000 0.119372 
0.874869 239.000000 0.125131 
0.874346 240.000000 0.125654 
0.873822 241.000000 0.126178 
0.878534 232.000000 0.121466 
0.876440 236.000000 0.123560 
0.872251 244.000000 0.127749 
0.873822 241.000000 0.126178 
0.870157 248.000000 0.129843 
0.873822 241.000000 0.126178 
0.864398 259.000000 0.135602 
0.874869 239.000000 0.125131 
0.872251 244.000000 0.127749 
0.880105 229.000000 0.119895 
0.871728 245.000000 0.128272 
0.879058 231.000000 0.120942 
0.875916 237.000000 0.124084 
0.878010 233.000000 0.121990 
0.874869 239.000000 0.125131 
0.871204 246.000000 0.128796 
0.877487 234.000000 0.122513 
0.879058 231.000000 0.120942 
0.874346 240.000000 0.125654 
0.873298 242.000000 0.126702 
0.873822 241.000000 0.126178 
0.881675 226.000000 0.118325 
0.876440 236.000000 0.123560 
0.874869 239.000000 0.125131 
0.865969 256.000000 0.134031 
0.873822 241.000000 0.126178 
0.875916 237.000000 0.124084 
0.871728 245.000000 0.128272 
0.868586 251.000000 0.131414 
0.871728 245.000000 0.128272 
0.878010 233.000000 0.121990 
0.870157 248.000000 0.129843 
0.881152 227.000000 0.118848 
0.872251 244.000000 0.127749 
0.881152 227.000000 0.118848 
0.876440 236.000000 0.123560 
0.877487 234.000000 0.122513 
0.879058 231.000000 0.120942 
0.869110 250.000000 0.130890 
0.875393 238.000000 0.124607 
0.874869 239.000000 0.125131 
0.870681 247.000000 0.129319 
0.878010 233.000000 0.121990 
0.874346 240.000000 0.125654 
0.873298 242.000000 0.126702 
0.873298 242.000000 0.126702 
0.869110 250.000000 0.130890 
0.871204 246.000000 0.128796 
0.873298 242.000000 0.126702 
0.867016 254.000000 0.132984 
0.875393 238.000000 0.124607 
0.872251 244.000000 0.127749 
0.875916 237.000000 0.124084 
0.872251 244.000000 0.127749 
0.881675 226.000000 0.118325 
0.873822 241.000000 0.126178 
0.876440 236.000000 0.123560 
0.876440 236.000000 0.123560 
0.874869 239.000000 0.125131 
0.875916 237.000000 0.124084 
0.872251 244.000000 0.127749 
0.879058 231.000000 0.120942 
0.877487 234.000000 0.122513 
0.876440 236.000000 0.123560 
0.868063 252.000000 0.131937 
0.872251 244.000000 0.127749 
0.873822 241.000000 0.126178 
0.870681 247.000000 0.129319 
0.872251 244.000000 0.127749 
0.874869 239.000000 0.125131 
0.874869 239.000000 0.125131 
0.875393 238.000000 0.124607 
0.879058 231.000000 0.120942 
0.874346 240.000000 0.125654 
0.869634 249.000000 0.130366 
0.875916 237.000000 0.124084 
0.869634 249.000000 0.130366 
0.874869 239.000000 0.125131 
0.878534 232.000000 0.121466 
0.872251 244.000000 0.127749 
0.875916 237.000000 0.124084 
0.875393 238.000000 0.124607 
0.879058 231.000000 0.120942 
0.873822 241.000000 0.126178 
0.874346 240.000000 0.125654 
0.876963 235.000000 0.123037 
0.876963 235.000000 0.123037 
0.879581 230.000000 0.120419 
0.873822 241.000000 0.126178 
0.875393 238.000000 0.124607 
0.872251 244.000000 0.127749 
0.873298 242.000000 0.126702 
0.871728 245.000000 0.128272 
0.875916 237.000000 0.124084 
0.873298 242.000000 0.126702 
0.875916 237.000000 0.124084 
0.872775 243.000000 0.127225 
0.872251 244.000000 0.127749 
0.875393 238.000000 0.124607 
0.871728 245.000000 0.128272 
0.878010 233.000000 0.121990 
0.876963 235.000000 0.123037 
0.869110 250.000000 0.130890 
0.874869 239.000000 0.125131 
0.873298 242.000000 0.126702 
0.870681 247.000000 0.129319 
0.872775 243.000000 0.127225 
0.873298 242.000000 0.126702 
0.876963 235.000000 0.123037 
0.874346 240.000000 0.125654 
0.872775 243.000000 0.127225 
0.872251 244.000000 0.127749 
0.879581 230.000000 0.120419 
0.874346 240.000000 0.125654 
0.868586 251.000000 0.131414 
0.874869 239.000000 0.125131 
0.881152 227.000000 0.118848 
0.874869 239.000000 0.125131 
0.872251 244.000000 0.127749 
0.869110 250.000000 0.130890 
0.872251 244.000000 0.127749 
0.876440 236.000000 0.123560 
0.872775 243.000000 0.127225 
0.871728 245.000000 0.128272 
0.868063 252.000000 0.131937 
0.872251 244.000000 0.127749 
0.873822 241.000000 0.126178 
0.872251 244.000000 0.127749 
0.871728 245.000000 0.128272 
0.873822 241.000000 0.126178 
0.878010 233.000000 0.121990 
0.877487 234.000000 0.122513 
0.872251 244.000000 0.127749 
0.875916 237.000000 0.124084 
0.876963 235.000000 0.123037 
0.876440 236.000000 0.123560 
0.873822 241.000000 0.126178 
0.879058 231.000000 0.120942 
0.874869 239.000000 0.125131 
0.874346 240.000000 0.125654 
0.879058 231.000000 0.120942 
0.874869 239.000000 0.125131 
0.870681 247.000000 0.129319 
0.875916 237.000000 0.124084 
0.876440 236.000000 0.123560 
0.880105 229.000000 0.119895 
0.873298 242.000000 0.126702 
0.874869 239.000000 0.125131 
0.871728 245.000000 0.128272 
0.874869 239.000000 0.125131 
0.873822 241.000000 0.126178 
0.872775 243.000000 0.127225 
0.871204 246.000000 0.128796 
0.869634 249.000000 0.130366 
0.867539 253.000000 0.132461 
0.877487 234.000000 0.122513 
0.871728 245.000000 0.128272 
0.874346 240.000000 0.125654 
0.875916 237.000000 0.124084 
0.875916 237.000000 0.124084 
0.868063 252.000000 0.131937 
0.870157 248.000000 0.129843 
0.873298 242.000000 0.126702 
0.882723 224.000000 0.117277 
0.878534 232.000000 0.121466 
0.867539 253.000000 0.132461 
0.872251 244.000000 0.127749 
0.876963 235.000000 0.123037 
0.882723 224.000000 0.117277 
0.876963 235.000000 0.123037 
0.875393 238.000000 0.124607 
0.871204 246.000000 0.128796 
0.877487 234.000000 0.122513 
0.874869 239.000000 0.125131 
0.877487 234.000000 0.122513 
0.875393 238.000000 0.124607 
0.876963 235.000000 0.123037 
0.877487 234.000000 0.122513 
0.876963 235.000000 0.123037 
0.873822 241.000000 0.126178 
0.880105 229.000000 0.119895 
0.872251 244.000000 0.127749 
0.876440 236.000000 0.123560 
0.873298 242.000000 0.126702 
0.872775 243.000000 0.127225 
0.876440 236.000000 0.123560 
0.880105 229.000000 0.119895 
0.868586 251.000000 0.131414 
0.867016 254.000000 0.132984 
0.875916 237.000000 0.124084 
0.874869 239.000000 0.125131 
0.871728 245.000000 0.128272 
0.874869 239.000000 0.125131 
0.875393 238.000000 0.124607 
0.873822 241.000000 0.126178 
0.878534 232.000000 0.121466 
0.878534 232.000000 0.121466 
0.876963 235.000000 0.123037 
0.875916 237.000000 0.124084 
0.874346 240.000000 0.125654 
0.878534 232.000000 0.121466 
0.880105 229.000000 0.119895 
0.875916 237.000000 0.124084 
0.882723 224.000000 0.117277 
0.877487 234.000000 0.122513 
0.872775 243.000000 0.127225 
0.874869 239.000000 0.125131 
0.868586 251.000000 0.131414 
0.872775 243.000000 0.127225 
0.869634 249.000000 0.130366 
0.869634 249.000000 0.130366 
0.878010 233.000000 0.121990 
0.874346 240.000000 0.125654 
0.874869 239.000000 0.125131 
0.869110 250.000000 0.130890 
0.879581 230.000000 0.120419 
0.875393 238.000000 0.124607 
0.870157 248.000000 0.129843 
0.873298 242.000000 0.126702 
0.874869 239.000000 0.125131 
0.869110 250.000000 0.130890 
0.876440 236.000000 0.123560 
0.870157 248.000000 0.129843 
0.879058 231.000000 0.120942 
0.870681 247.000000 0.129319 
0.875393 238.000000 0.124607 
0.868586 251.000000 0.131414 
0.875393 238.000000 0.124607 
0.876440 236.000000 0.123560 
0.863351 261.000000 0.136649 
0.871728 245.000000 0.128272 
0.880628 228.000000 0.119372 
0.875393 238.000000 0.124607 
0.879581 230.000000 0.120419 
0.871204 246.000000 0.128796 
0.873822 241.000000 0.126178 
0.876963 235.000000 0.123037 
0.873298 242.000000 0.126702 
0.867016 254.000000 0.132984 
0.871728 245.000000 0.128272 
0.876963 235.000000 0.123037 
0.879058 231.000000 0.120942 
0.881152 227.000000 0.118848 
0.880628 228.000000 0.119372 
0.875916 237.000000 0.124084 
0.872775 243.000000 0.127225 
0.874346 240.000000 0.125654 
0.876440 236.000000 0.123560 
0.869634 249.000000 0.130366 
0.877487 234.000000 0.122513 
0.875916 237.000000 0.124084 
0.873298 242.000000 0.126702 
0.878010 233.000000 0.121990 
0.871728 245.000000 0.128272 
0.871728 245.000000 0.128272 
0.879058 231.000000 0.120942 
0.874869 239.000000 0.125131 
0.876440 236.000000 0.123560 
0.880105 229.000000 0.119895 
0.871204 246.000000 0.128796 
0.865969 256.000000 0.134031 
0.880628 228.000000 0.119372 
0.876440 236.000000 0.123560 
0.882723 224.000000 0.117277 
0.877487 234.000000 0.122513 
0.871204 246.000000 0.128796 
0.878534 232.000000 0.121466 
0.875916 237.000000 0.124084 
0.873298 242.000000 0.126702 
0.874346 240.000000 0.125654 
0.875393 238.000000 0.124607 
0.875393 238.000000 0.124607 
0.870157 248.000000 0.129843 
0.869634 249.000000 0.130366 
0.878534 232.000000 0.121466 
0.875916 237.000000 0.124084 
0.870681 247.000000 0.129319 
0.874346 240.000000 0.125654 
0.873298 242.000000 0.126702 
0.874346 240.000000 0.125654 
0.876963 235.000000 0.123037 
0.869634 249.000000 0.130366 
0.877487 234.000000 0.122513 
0.867016 254.000000 0.132984 
0.878534 232.000000 0.121466 
0.871728 245.000000 0.128272 
0.873822 241.000000 0.126178 
0.878534 232.000000 0.121466 
0.881152 227.000000 0.118848 
0.873298 242.000000 0.126702 
0.872775 243.000000 0.127225 
0.874346 240.000000 0.125654 
0.873298 242.000000 0.126702 
0.879581 230.000000 0.120419 
0.874346 240.000000 0.125654 
0.870681 247.000000 0.129319 
0.883770 222.000000 0.116230 
0.877487 234.000000 0.122513 
0.870157 248.000000 0.129843 
0.874346 240.000000 0.125654 
0.876440 236.000000 0.123560 
0.868063 252.000000 0.131937 
0.876963 235.000000 0.123037 
0.876963 235.000000 0.123037 
0.871728 245.000000 0.128272 
0.876440 236.000000 0.123560 
0.872775 243.000000 0.127225 
0.874346 240.000000 0.125654 
0.873298 242.000000 0.126702 
0.871204 246.000000 0.128796 
0.873298 242.000000 0.126702 
0.867539 253.000000 0.132461 
0.875916 237.000000 0.124084 
0.879058 231.000000 0.120942 
0.869634 249.000000 0.130366 
0.873822 241.000000 0.126178 
0.873298 242.000000 0.126702 
0.874869 239.000000 0.125131 
0.876440 236.000000 0.123560 
0.879058 231.000000 0.120942 
0.877487 234.000000 0.122513 
0.871728 245.000000 0.128272 
0.871204 246.000000 0.128796 
0.875393 238.000000 0.124607 
0.872775 243.000000 0.127225 
0.879581 230.000000 0.120419 
0.879058 231.000000 0.120942 
0.879058 231.000000 0.120942 
0.878010 233.000000 0.121990 
0.876440 236.000000 0.123560 
0.869634 249.000000 0.130366 
0.881675 226.000000 0.118325 
0.871728 245.000000 0.128272 
0.872251 244.000000 0.127749 
0.881152 227.000000 0.118848 
0.876963 235.000000 0.123037 
0.873298 242.000000 0.126702 
0.876440 236.000000 0.123560 
0.876440 236.000000 0.123560 
0.878534 232.000000 0.121466 
0.878534 232.000000 0.121466 
0.878534 232.000000 0.121466 
0.870157 248.000000 0.129843 
0.868586 251.000000 0.131414 
0.875916 237.000000 0.124084 
0.872775 243.000000 0.127225 
0.878010 233.000000 0.121990 
0.873822 241.000000 0.126178 
0.874346 240.000000 0.125654 
0.875393 238.000000 0.124607 
0.870157 248.000000 0.129843 
0.870157 248.000000 0.129843 
0.872775 243.000000 0.127225 
0.871204 246.000000 0.128796 
0.875393 238.000000 0.124607 
0.882723 224.000000 0.117277 
0.872775 243.000000 0.127225 
0.872775 243.000000 0.127225 
0.871204 246.000000 0.128796 
0.877487 234.000000 0.122513 
0.873822 241.000000 0.126178 
0.884817 220.000000 0.115183 
0.874869 239.000000 0.125131 
0.874869 239.000000 0.125131 
0.875916 237.000000 0.124084 
0.872775 243.000000 0.127225 
0.878534 232.000000 0.121466 
0.875393 238.000000 0.124607 
0.878010 233.000000 0.121990 
0.878534 232.000000 0.121466 
0.876440 236.000000 0.123560 
0.874869 239.000000 0.125131 
0.875916 237.000000 0.124084 
0.876963 235.000000 0.123037 
0.876440 236.000000 0.123560 
0.879058 231.000000 0.120942 
0.876440 236.000000 0.123560 
0.875393 238.000000 0.124607 
0.878010 233.000000 0.121990 
0.877487 234.000000 0.122513 
0.883770 222.000000 0.116230 
0.878534 232.000000 0.121466 
0.875393 238.000000 0.124607 
0.876440 236.000000 0.123560 
0.871204 246.000000 0.128796 
0.872251 244.000000 0.127749 
0.878010 233.000000 0.121990 
0.874869 239.000000 0.125131 
0.870157 248.000000 0.129843 
0.881675 226.000000 0.118325 
0.881675 226.000000 0.118325 
0.876963 235.000000 0.123037 
0.872251 244.000000 0.127749 
0.872775 243.000000 0.127225 
0.871204 246.000000 0.128796 
0.875393 238.000000 0.124607 
0.878534 232.000000 0.121466 
0.871728 245.000000 0.128272 
0.877487 234.000000 0.122513 
0.876963 235.000000 0.123037 
0.875916 237.000000 0.124084 
0.879581 230.000000 0.120419 
0.872775 243.000000 0.127225 
0.874346 240.000000 0.125654 
0.877487 234.000000 0.122513 
0.872775 243.000000 0.127225 
0.869634 249.000000 0.130366 
0.875916 237.000000 0.124084 
0.878010 233.000000 0.121990 
0.873822 241.000000 0.126178 
0.879581 230.000000 0.120419 
0.872251 244.000000 0.127749 
0.877487 234.000000 0.122513 
0.880628 228.000000 0.119372 
0.871204 246.000000 0.128796 
0.876963 235.000000 0.123037 
0.878010 233.000000 0.121990 
0.873298 242.000000 0.126702 
0.871728 245.000000 0.128272 
0.875393 238.000000 0.124607 
0.876963 235.000000 0.123037 
0.871728 245.000000 0.128272 
0.870157 248.000000 0.129843 
0.870157 248.000000 0.129843 
0.878010 233.000000 0.121990 
0.880628 228.000000 0.119372 
0.879058 231.000000 0.120942 
0.869634 249.000000 0.130366 
0.879581 230.000000 0.120419 
0.873298 242.000000 0.126702 
0.864921 258.000000 0.135079 
0.882723 224.000000 0.117277 
0.875916 237.000000 0.124084 
0.878010 233.000000 0.121990 
0.869110 250.000000 0.130890 
0.875916 237.000000 0.124084 
0.879058 231.000000 0.120942 
0.880628 228.000000 0.119372 
0.873822 241.000000 0.126178 
0.870681 247.000000 0.129319 
0.881152 227.000000 0.118848 
0.867539 253.000000 0.132461 
0.876963 235.000000 0.123037 
0.876963 235.000000 0.123037 
0.882723 224.000000 0.117277 
0.873298 242.000000 0.126702 
0.877487 234.000000 0.122513 
0.870681 247.000000 0.129319 
0.878010 233.000000 0.121990 
0.868586 251.000000 0.131414 
0.874346 240.000000 0.125654 
0.872775 243.000000 0.127225 
0.871204 246.000000 0.128796 
0.871728 245.000000 0.128272 
0.874869 239.000000 0.125131 
0.878010 233.000000 0.121990 
0.876440 236.000000 0.123560 
0.875916 237.000000 0.124084 
0.876440 236.000000 0.123560 
0.874346 240.000000 0.125654 
0.874869 239.000000 0.125131 
0.878534 232.000000 0.121466 
0.875393 238.000000 0.124607 
0.876963 235.000000 0.123037 
0.878534 232.000000 0.121466 
0.873298 242.000000 0.126702 
0.869634 249.000000 0.130366 
0.875393 238.000000 0.124607 
0.875393 238.000000 0.124607 
0.872251 244.000000 0.127749 
0.876440 236.000000 0.123560 
0.876440 236.000000 0.123560 
0.881152 227.000000 0.118848 
0.871204 246.000000 0.128796 
0.871204 246.000000 0.128796 
0.878534 232.000000 0.121466 
0.875393 238.000000 0.124607 
0.879581 230.000000 0.120419 
0.873298 242.000000 0.126702 
0.876963 235.000000 0.123037 
0.869634 249.000000 0.130366 
0.876440 236.000000 0.123560 
0.881675 226.000000 0.118325 
0.874346 240.000000 0.125654 
0.878534 232.000000 0.121466 
0.871728 245.000000 0.128272 
0.876963 235.000000 0.123037 
0.875393 238.000000 0.124607 
0.885340 219.000000 0.114660 
0.875916 237.000000 0.124084 
0.875393 238.000000 0.124607 
0.874346 240.000000 0.125654 
0.872251 244.000000 0.127749 
0.878534 232.000000 0.121466 
0.873298 242.000000 0.126702 
0.870681 247.000000 0.129319 
0.871204 246.000000 0.128796 
0.876963 235.000000 0.123037 
0.875393 238.000000 0.124607 
0.878010 233.000000 0.121990 
0.882199 225.000000 0.117801 
0.876440 236.000000 0.123560 
0.874869 239.000000 0.125131 
0.875916 237.000000 0.124084 
0.879581 230.000000 0.120419 
0.873822 241.000000 0.126178 
0.873298 242.000000 0.126702 
0.875916 237.000000 0.124084 
0.874346 240.000000 0.125654 
0.878534 232.000000 0.121466 
0.880105 229.000000 0.119895 
0.876440 236.000000 0.123560 
0.877487 234.000000 0.122513 
0.879058 231.000000 0.120942 
0.878010 233.000000 0.121990 
0.877487 234.000000 0.122513 
0.879058 231.000000 0.120942 
0.869110 250.000000 0.130890 
0.869634 249.000000 0.130366 
0.879058 231.000000 0.120942 
0.876440 236.000000 0.123560 
0.878534 232.000000 0.121466 
0.872775 243.000000 0.127225 
0.879058 231.000000 0.120942 
0.873298 242.000000 0.126702 
0.878010 233.000000 0.121990 
0.874869 239.000000 0.125131 
0.868063 252.000000 0.131937 
0.877487 234.000000 0.122513 
0.868586 251.000000 0.131414 
0.880105 229.000000 0.119895 
0.873298 242.000000 0.126702 
0.876440 236.000000 0.123560 
0.872251 244.000000 0.127749 
0.876440 236.000000 0.123560 
0.878010 233.000000 0.121990 
0.876440 236.000000 0.123560 
0.874869 239.000000 0.125131 
0.871728 245.000000 0.128272 
0.872775 243.000000 0.127225 
0.875393 238.000000 0.124607 
0.876963 235.000000 0.123037 
0.876440 236.000000 0.123560 
0.878534 232.000000 0.121466 
0.872251 244.000000 0.127749 
0.878010 233.000000 0.121990 
0.878010 233.000000 0.121990 
0.876440 236.000000 0.123560 
0.880628 228.000000 0.119372 
0.879058 231.000000 0.120942 
0.865969 256.000000 0.134031 
0.871728 245.000000 0.128272 
0.870157 248.000000 0.129843 
0.881675 226.000000 0.118325 
0.873822 241.000000 0.126178 
0.876963 235.000000 0.123037 
0.875393 238.000000 0.124607 
0.879058 231.000000 0.120942 
0.876440 236.000000 0.123560 
0.875393 238.000000 0.124607 
0.877487 234.000000 0.122513 
0.875916 237.000000 0.124084 
0.878534 232.000000 0.121466 
0.869110 250.000000 0.130890 
0.875393 238.000000 0.124607 
0.873822 241.000000 0.126178 
0.880105 229.000000 0.119895 
0.879581 230.000000 0.120419 
0.878010 233.000000 0.121990 
0.868063 252.000000 0.131937 
0.876440 236.000000 0.123560 
0.875916 237.000000 0.124084 
0.873298 242.000000 0.126702 
0.876440 236.000000 0.123560 
0.873298 242.000000 0.126702 
0.870681 247.000000 0.129319 
0.869110 250.000000 0.130890 
0.873298 242.000000 0.126702 
0.875393 238.000000 0.124607 
0.875916 237.000000 0.124084 
0.872251 244.000000 0.127749 
0.870681 247.000000 0.129319 
0.879581 230.000000 0.120419 
0.876440 236.000000 0.123560 
0.874346 240.000000 0.125654 
0.868586 251.000000 0.131414 
0.869110 250.000000 0.130890 
0.870681 247.000000 0.129319 
0.875393 238.000000 0.124607 
0.874346 240.000000 0.125654 
0.874346 240.000000 0.125654 
0.875916 237.000000 0.124084 
0.870157 248.000000 0.129843 
0.881152 227.000000 0.118848 
0.870681 247.000000 0.129319 
0.872775 243.000000 0.127225 
0.872251 244.000000 0.127749 
0.876440 236.000000 0.123560 
0.873822 241.000000 0.126178 
0.873822 241.000000 0.126178 
0.869634 249.000000 0.130366 
0.868586 251.000000 0.131414 
0.876963 235.000000 0.123037 
0.872775 243.000000 0.127225 
0.883770 222.000000 0.116230 
0.879581 230.000000 0.120419 
0.880105 229.000000 0.119895 
0.878010 233.000000 0.121990 
0.872251 244.000000 0.127749 
0.882723 224.000000 0.117277 
0.877487 234.000000 0.122513 
0.872775 243.000000 0.127225 
0.873822 241.000000 0.126178 
0.873298 242.000000 0.126702 
0.875916 237.000000 0.124084 
0.869634 249.000000 0.130366 
0.877487 234.000000 0.122513 
0.873822 241.000000 0.126178 
0.874346 240.000000 0.125654 
0.871204 246.000000 0.128796 
0.875916 237.000000 0.124084 
0.875393 238.000000 0.124607 
0.875393 238.000000 0.124607 
0.876963 235.000000 0.123037 
0.878534 232.000000 0.121466 
0.875393 238.000000 0.124607 
0.871204 246.000000 0.128796 
0.868586 251.000000 0.131414 
0.876440 236.000000 0.123560 
0.869110 250.000000 0.130890 
0.879058 231.000000 0.120942 
0.875393 238.000000 0.124607 
0.870681 247.000000 0.129319 
0.876440 236.000000 0.123560 
0.875916 237.000000 0.124084 
0.872775 243.000000 0.127225 
0.880105 229.000000 0.119895 
0.873822 241.000000 0.126178 
0.876963 235.000000 0.123037 
0.873298 242.000000 0.126702 
0.881152 227.000000 0.118848 
0.871728 245.000000 0.128272 
0.879581 230.000000 0.120419 
0.866492 255.000000 0.133508 
0.875916 237.000000 0.124084 
0.870157 248.000000 0.129843 
0.874346 240.000000 0.125654 
0.877487 234.000000 0.122513 
0.875393 238.000000 0.124607 
0.869110 250.000000 0.130890 
0.869634 249.000000 0.130366 
0.875916 237.000000 0.124084 
0.869110 250.000000 0.130890 
0.875916 237.000000 0.124084 
0.869634 249.000000 0.130366 
0.868586 251.000000 0.131414 
0.871728 245.000000 0.128272 
0.880105 229.000000 0.119895 
0.876440 236.000000 0.123560 
0.875393 238.000000 0.124607 
0.881152 227.000000 0.118848 
0.877487 234.000000 0.122513 
0.869634 249.000000 0.130366 
0.875916 237.000000 0.124084 
0.875916 237.000000 0.124084 
0.869634 249.000000 0.130366 
0.875393 238.000000 0.124607 
0.880105 229.000000 0.119895 
0.875393 238.000000 0.124607 
0.873822 241.000000 0.126178 
0.874346 240.000000 0.125654 
0.873822 241.000000 0.126178 
0.876963 235.000000 0.123037 
0.875393 238.000000 0.124607 
0.875916 237.000000 0.124084 
0.878010 233.000000 0.121990 
0.873298 242.000000 0.126702 
0.872251 244.000000 0.127749 
0.879058 231.000000 0.120942 
0.873822 241.000000 0.126178 
0.875393 238.000000 0.124607 
0.874346 240.000000 0.125654 
0.880105 229.000000 0.119895 
0.875916 237.000000 0.124084 
0.876963 235.000000 0.123037 
0.872775 243.000000 0.127225 
0.871204 246.000000 0.128796 
0.877487 234.000000 0.122513 
0.874346 240.000000 0.125654 
0.871728 245.000000 0.128272 
0.874346 240.000000 0.125654 
0.876440 236.000000 0.123560 
0.877487 234.000000 0.122513 
0.868586 251.000000 0.131414 
0.878010 233.000000 0.121990 
0.879058 231.000000 0.120942 
0.872251 244.000000 0.127749 
0.881675 226.000000 0.118325 
0.878010 233.000000 0.121990 
0.878010 233.000000 0.121990 
0.867539 253.000000 0.132461 
0.878010 233.000000 0.121990 
0.876440 236.000000 0.123560 
0.878534 232.000000 0.121466 
0.876963 235.000000 0.123037 
0.880628 228.000000 0.119372 
0.875393 238.000000 0.124607 
0.874346 240.000000 0.125654 
0.872251 244.000000 0.127749 
0.877487 234.000000 0.122513 
0.876963 235.000000 0.123037 
0.877487 234.000000 0.122513 
0.873822 241.000000 0.126178 
0.873822 241.000000 0.126178 
0.878010 233.000000 0.121990 
0.878010 233.000000 0.121990 
0.882723 224.000000 0.117277 
0.879581 230.000000 0.120419 
0.874346 240.000000 0.125654 
0.875916 237.000000 0.124084 
0.873298 242.000000 0.126702 
0.880105 229.000000 0.119895 
0.870681 247.000000 0.129319 
0.873822 241.000000 0.126178 
0.877487 234.000000 0.122513 
0.873298 242.000000 0.126702 
0.874869 239.000000 0.125131 
0.879058 231.000000 0.120942 
0.875393 238.000000 0.124607 
0.874869 239.000000 0.125131 
0.867539 253.000000 0.132461 
0.872251 244.000000 0.127749 
0.876440 236.000000 0.123560 
0.871204 246.000000 0.128796 
0.878534 232.000000 0.121466 
0.876440 236.000000 0.123560 
0.875916 237.000000 0.124084 
0.872775 243.000000 0.127225 
0.875916 237.000000 0.124084 
0.871204 246.000000 0.128796 
0.874346 240.000000 0.125654 
0.874869 239.000000 0.125131 
0.874869 239.000000 0.125131 
0.876963 235.000000 0.123037 
0.876440 236.000000 0.123560 
0.874869 239.000000 0.125131 
0.871204 246.000000 0.128796 
0.870681 247.000000 0.129319 
0.874869 239.000000 0.125131 
0.875393 238.000000 0.124607 
0.874346 240.000000 0.125654 
0.874869 239.000000 0.125131 
0.874346 240.000000 0.125654 
0.876440 236.000000 0.123560 
0.872251 244.000000 0.127749 
0.880105 229.000000 0.119895 
0.877487 234.000000 0.122513 
0.878534 232.000000 0.121466 
0.872251 244.000000 0.127749 
0.874346 240.000000 0.125654 
0.874869 239.000000 0.125131 
0.873298 242.000000 0.126702 
0.875393 238.000000 0.124607 
0.876440 236.000000 0.123560 
0.872251 244.000000 0.127749 
0.884293 221.000000 0.115707 
0.870157 248.000000 0.129843 
0.875393 238.000000 0.124607 
0.875393 238.000000 0.124607 
0.875916 237.000000 0.124084 
0.867539 253.000000 0.132461 
0.872775 243.000000 0.127225 
0.874346 240.000000 0.125654 
0.875393 238.000000 0.124607 
0.875393 238.000000 0.124607 
0.867016 254.000000 0.132984 
0.883770 222.000000 0.116230 
0.867539 253.000000 0.132461 
0.875393 238.000000 0.124607 
0.875393 238.000000 0.124607 
0.878010 233.000000 0.121990 
0.883770 222.000000 0.116230 
0.878534 232.000000 0.121466 
0.878010 233.000000 0.121990 
0.873298 242.000000 0.126702 
0.873822 241.000000 0.126178 
0.870157 248.000000 0.129843 
0.869110 250.000000 0.130890 
0.873822 241.000000 0.126178 
0.870681 247.000000 0.129319 
0.871204 246.000000 0.128796 
0.874346 240.000000 0.125654 
0.871728 245.000000 0.128272 
0.874346 240.000000 0.125654 
0.884293 221.000000 0.115707 
0.877487 234.000000 0.122513 
0.872251 244.000000 0.127749 
0.875916 237.000000 0.124084 
0.871204 246.000000 0.128796 
0.870157 248.000000 0.129843 
0.880105 229.000000 0.119895 
0.879581 230.000000 0.120419 
0.878534 232.000000 0.121466 
0.882199 225.000000 0.117801 
0.872775 243.000000 0.127225 
0.868586 251.000000 0.131414 
0.879058 231.000000 0.120942 
0.871728 245.000000 0.128272 
0.872775 243.000000 0.127225 
0.870157 248.000000 0.129843 
0.878010 233.000000 0.121990 
0.874346 240.000000 0.125654 
0.873822 241.000000 0.126178 
0.870157 248.000000 0.129843 
0.872251 244.000000 0.127749 
0.875916 237.000000 0.124084 
0.880628 228.000000 0.119372 
0.881675 226.000000 0.118325 
0.875393 238.000000 0.124607 
0.873298 242.000000 0.126702 
0.873822 241.000000 0.126178 
0.874346 240.000000 0.125654 
0.870681 247.000000 0.129319 
0.870157 248.000000 0.129843 
0.873822 241.000000 0.126178 
0.882723 224.000000 0.117277 
0.873822 241.000000 0.126178 
0.881152 227.000000 0.118848 
0.880628 228.000000 0.119372 
0.874869 239.000000 0.125131 
0.874869 239.000000 0.125131 
0.880105 229.000000 0.119895 
0.873298 242.000000 0.126702 
0.877487 234.000000 0.122513 
0.870681 247.000000 0.129319 
0.880628 228.000000 0.119372 
0.876963 235.000000 0.123037 
0.876440 236.000000 0.123560 
0.870681 247.000000 0.129319 
0.873298 242.000000 0.126702 
0.871728 245.000000 0.128272 
0.876440 236.000000 0.123560 
0.874869 239.000000 0.125131 
0.868586 251.000000 0.131414 
0.871204 246.000000 0.128796 
0.875916 237.000000 0.124084 
0.871204 246.000000 0.128796 
0.875393 238.000000 0.124607 
0.880628 228.000000 0.119372 
0.868586 251.000000 0.131414 
0.878010 233.000000 0.121990 
0.881152 227.000000 0.118848 
0.873822 241.000000 0.126178 
0.881152 227.000000 0.118848 
0.875916 237.000000 0.124084 
0.870681 247.000000 0.129319 
0.873298 242.000000 0.126702 
0.877487 234.000000 0.122513 
0.876440 236.000000 0.123560 
0.871204 246.000000 0.128796 
0.867539 253.000000 0.132461 
0.870681 247.000000 0.129319 
0.875916 237.000000 0.124084 
0.875916 237.000000 0.124084 
0.881152 227.000000 0.118848 
0.871728 245.000000 0.128272 
0.873298 242.000000 0.126702 
0.875916 237.000000 0.124084 
0.872251 244.000000 0.127749 
0.871204 246.000000 0.128796 
0.873822 241.000000 0.126178 
0.873822 241.000000 0.126178 
0.879058 231.000000 0.120942 
0.877487 234.000000 0.122513 
0.879058 231.000000 0.120942 
0.879581 230.000000 0.120419 
0.880105 229.000000 0.119895 
0.875916 237.000000 0.124084 
0.871728 245.000000 0.128272 
0.873298 242.000000 0.126702 
0.876440 236.000000 0.123560 
0.875393 238.000000 0.124607 
0.874869 239.000000 0.125131 
0.878534 232.000000 0.121466 
0.874346 240.000000 0.125654 
0.875393 238.000000 0.124607 
0.865445 257.000000 0.134555 
0.882199 225.000000 0.117801 
0.875916 237.000000 0.124084 
0.875393 238.000000 0.124607 
0.878010 233.000000 0.121990 
0.881152 227.000000 0.118848 
0.880105 229.000000 0.119895 
0.873822 241.000000 0.126178 
0.875916 237.000000 0.124084 
0.876440 236.000000 0.123560 
0.873822 241.000000 0.126178 
0.884293 221.000000 0.115707 
0.875393 238.000000 0.124607 
0.871728 245.000000 0.128272 
0.873298 242.000000 0.126702 
0.872251 244.000000 0.127749 
0.868586 251.000000 0.131414 
0.878534 232.000000 0.121466 
0.874346 240.000000 0.125654 
0.875393 238.000000 0.124607 
0.878534 232.000000 0.121466 
0.869110 250.000000 0.130890 
0.870681 247.000000 0.129319 
0.874346 240.000000 0.125654 
0.872775 243.000000 0.127225 
0.872251 244.000000 0.127749 
0.870681 247.000000 0.129319 
0.868063 252.000000 0.131937 
0.873822 241.000000 0.126178 
0.879581 230.000000 0.120419 
0.871204 246.000000 0.128796 
0.869634 249.000000 0.130366 
0.876963 235.000000 0.123037 
0.870681 247.000000 0.129319 
0.874346 240.000000 0.125654 
0.875916 237.000000 0.124084 
0.868063 252.000000 0.131937 
0.874869 239.000000 0.125131 
0.877487 234.000000 0.122513 
0.874346 240.000000 0.125654 
0.875393 238.000000 0.124607 
0.877487 234.000000 0.122513 
0.874346 240.000000 0.125654 
0.877487 234.000000 0.122513 
0.878010 233.000000 0.121990 
0.873822 241.000000 0.126178 
0.875393 238.000000 0.124607 
0.873822 241.000000 0.126178 
0.872775 243.000000 0.127225 
0.875916 237.000000 0.124084 
0.876440 236.000000 0.123560 
0.872251 244.000000 0.127749 
0.878010 233.000000 0.121990 
0.871728 245.000000 0.128272 
0.876440 236.000000 0.123560 
0.874869 239.000000 0.125131 
0.872775 243.000000 0.127225 
0.872775 243.000000 0.127225 
0.878534 232.000000 0.121466 
0.876963 235.000000 0.123037 
0.869634 249.000000 0.130366 
0.878010 233.000000 0.121990 
0.882199 225.000000 0.117801 
0.877487 234.000000 0.122513 
0.875916 237.000000 0.124084 
0.871204 246.000000 0.128796 
0.878534 232.000000 0.121466 
0.879058 231.000000 0.120942 
0.873298 242.000000 0.126702 
0.880628 228.000000 0.119372 
0.876963 235.000000 0.123037 
0.873822 241.000000 0.126178 
0.875916 237.000000 0.124084 
0.870157 248.000000 0.129843 
0.876963 235.000000 0.123037 
0.873822 241.000000 0.126178 
0.878010 233.000000 0.121990 
0.872251 244.000000 0.127749 
0.878534 232.000000 0.121466 
0.863351 261.000000 0.136649 
0.877487 234.000000 0.122513 
0.876963 235.000000 0.123037 
0.871204 246.000000 0.128796 
0.885864 218.000000 0.114136 
0.874346 240.000000 0.125654 
0.872251 244.000000 0.127749 
0.879058 231.000000 0.120942 
0.872251 244.000000 0.127749 
0.872251 244.000000 0.127749 
0.873822 241.000000 0.126178 
0.871204 246.000000 0.128796 
0.872775 243.000000 0.127225 
0.869110 250.000000 0.130890 
0.879058 231.000000 0.120942 
0.869634 249.000000 0.130366 
0.866492 255.000000 0.133508 
0.874346 240.000000 0.125654 
0.869110 250.000000 0.130890 
0.879058 231.000000 0.120942 
0.870157 248.000000 0.129843 
0.879581 230.000000 0.120419 
0.874346 240.000000 0.125654 
0.876440 236.000000 0.123560 
0.882199 225.000000 0.117801 
0.874869 239.000000 0.125131 
0.878010 233.000000 0.121990 
0.874869 239.000000 0.125131 
0.872775 243.000000 0.127225 
0.878534 232.000000 0.121466 
0.873822 241.000000 0.126178 
0.874869 239.000000 0.125131 
0.870681 247.000000 0.129319 
0.872251 244.000000 0.127749 
0.876963 235.000000 0.123037 
0.875916 237.000000 0.124084 
0.878534 232.000000 0.121466 
0.875916 237.000000 0.124084 
0.870681 247.000000 0.129319 
0.875393 238.000000 0.124607 
0.879581 230.000000 0.120419 
0.871204 246.000000 0.128796 
0.874869 239.000000 0.125131 
0.876440 236.000000 0.123560 
0.871204 246.000000 0.128796 
0.873298 242.000000 0.126702 
0.877487 234.000000 0.122513 
0.868063 252.000000 0.131937 
0.872775 243.000000 0.127225 
0.881675 226.000000 0.118325 
0.875916 237.000000 0.124084 
0.872775 243.000000 0.127225 
0.877487 234.000000 0.122513 
0.876440 236.000000 0.123560 
0.875916 237.000000 0.124084 
0.874346 240.000000 0.125654 
0.878534 232.000000 0.121466 
0.867016 254.000000 0.132984 
0.873298 242.000000 0.126702 
0.869634 249.000000 0.130366 
0.870681 247.000000 0.129319 
0.872775 243.000000 0.127225 
0.872251 244.000000 0.127749 
0.874346 240.000000 0.125654 
0.883770 222.000000 0.116230 
0.876963 235.000000 0.123037 
0.875916 237.000000 0.124084 
0.871728 245.000000 0.128272 
0.873298 242.000000 0.126702 
0.879058 231.000000 0.120942 
0.878010 233.000000 0.121990 
0.873298 242.000000 0.126702 
0.876440 236.000000 0.123560 
0.878010 233.000000 0.121990 
0.878010 233.000000 0.121990 
0.872251 244.000000 0.127749 
0.874346 240.000000 0.125654 
0.873822 241.000000 0.126178 
0.872251 244.000000 0.127749 
0.874346 240.000000 0.125654 
0.870681 247.000000 0.129319 
0.874869 239.000000 0.125131 
0.874869 239.000000 0.125131 
0.869634 249.000000 0.130366 
0.873298 242.000000 0.126702 
0.873822 241.000000 0.126178 
0.874869 239.000000 0.125131 
0.875393 238.000000 0.124607 
0.870681 247.000000 0.129319 
0.875916 237.000000 0.124084 
0.875916 237.000000 0.124084 
0.881675 226.000000 0.118325 
0.871728 245.000000 0.128272 
0.870157 248.000000 0.129843 
0.881152 227.000000 0.118848 
0.880628 228.000000 0.119372 
0.872775 243.000000 0.127225 
0.871728 245.000000 0.128272 
0.870681 247.000000 0.129319 
0.872251 244.000000 0.127749 
0.870157 248.000000 0.129843 
0.868063 252.000000 0.131937 
0.872251 244.000000 0.127749 
0.870681 247.000000 0.129319 
0.876440 236.000000 0.123560 
0.874346 240.000000 0.125654 
0.873298 242.000000 0.126702 
0.869110 250.000000 0.130890 
0.870157 248.000000 0.129843 
0.872775 243.000000 0.127225 
0.868063 252.000000 0.131937 
0.870681 247.000000 0.129319 
0.875916 237.000000 0.124084 
0.875393 238.000000 0.124607 
0.880105 229.000000 0.119895 
0.879581 230.000000 0.120419 
0.871204 246.000000 0.128796 
0.871728 245.000000 0.128272 
0.868063 252.000000 0.131937 
0.878010 233.000000 0.121990 
0.869110 250.000000 0.130890 
0.872775 243.000000 0.127225 
0.873822 241.000000 0.126178 
0.867539 253.000000 0.132461 
0.877487 234.000000 0.122513 
0.878010 233.000000 0.121990 
0.874346 240.000000 0.125654 
0.874869 239.000000 0.125131 
0.872775 243.000000 0.127225 
0.874346 240.000000 0.125654 
0.880628 228.000000 0.119372 
0.862827 262.000000 0.137173 
0.875393 238.000000 0.124607 
0.877487 234.000000 0.122513 
0.874346 240.000000 0.125654 
0.876440 236.000000 0.123560 
0.873298 242.000000 0.126702 
0.871728 245.000000 0.128272 
0.874869 239.000000 0.125131 
0.874346 240.000000 0.125654 
0.874346 240.000000 0.125654 
0.868586 251.000000 0.131414 
0.880105 229.000000 0.119895 
0.878534 232.000000 0.121466 
0.878010 233.000000 0.121990 
0.873298 242.000000 0.126702 
0.877487 234.000000 0.122513 
0.873298 242.000000 0.126702 
0.875916 237.000000 0.124084 
0.878010 233.000000 0.121990 
0.875393 238.000000 0.124607 
0.870157 248.000000 0.129843 
0.881152 227.000000 0.118848 
0.872775 243.000000 0.127225 
0.878534 232.000000 0.121466 
0.876963 235.000000 0.123037 
0.871728 245.000000 0.128272 
0.878010 233.000000 0.121990 
0.874869 239.000000 0.125131 
0.876440 236.000000 0.123560 
0.881675 226.000000 0.118325 
0.874869 239.000000 0.125131 
0.875916 237.000000 0.124084 
0.875916 237.000000 0.124084 
0.880628 228.000000 0.119372 
0.874346 240.000000 0.125654 
0.871728 245.000000 0.128272 
0.875393 238.000000 0.124607 
0.870681 247.000000 0.129319 
0.875916 237.000000 0.124084 
0.871728 245.000000 0.128272 
0.876440 236.000000 0.123560 
0.872775 243.000000 0.127225 
0.870681 247.000000 0.129319 
0.869634 249.000000 0.130366 
0.875916 237.000000 0.124084 
0.880628 228.000000 0.119372 
0.873298 242.000000 0.126702 
0.869110 250.000000 0.130890 
0.867016 254.000000 0.132984 
0.876440 236.000000 0.123560 
0.880105 229.000000 0.119895 
0.868063 252.000000 0.131937 
0.871204 246.000000 0.128796 
0.873298 242.000000 0.126702 
0.871204 246.000000 0.128796 
0.872775 243.000000 0.127225 
0.872251 244.000000 0.127749 
0.873822 241.000000 0.126178 
0.872775 243.000000 0.127225 
0.876963 235.000000 0.123037 
0.879058 231.000000 0.120942 
0.884817 220.000000 0.115183 
0.881152 227.000000 0.118848 
0.867016 254.000000 0.132984 
0.879581 230.000000 0.120419 
0.881675 226.000000 0.118325 
0.875916 237.000000 0.124084 
0.876440 236.000000 0.123560 
0.869110 250.000000 0.130890 
0.866492 255.000000 0.133508 
0.872251 244.000000 0.127749 
0.876440 236.000000 0.123560 
0.867016 254.000000 0.132984 
0.873822 241.000000 0.126178 
0.875393 238.000000 0.124607 
0.869634 249.000000 0.130366 
0.880105 229.000000 0.119895 
0.875393 238.000000 0.124607 
0.872251 244.000000 0.127749 
0.877487 234.000000 0.122513 
0.878010 233.000000 0.121990 
0.872251 244.000000 0.127749 
0.879058 231.000000 0.120942 
0.869634 249.000000 0.130366 
0.879581 230.000000 0.120419 
0.870157 248.000000 0.129843 
0.872775 243.000000 0.127225 
0.882199 225.000000 0.117801 
0.882199 225.000000 0.117801 
0.873822 241.000000 0.126178 
0.875393 238.000000 0.124607 
0.871204 246.000000 0.128796 
0.870157 248.000000 0.129843 
0.878534 232.000000 0.121466 
0.874346 240.000000 0.125654 
0.879058 231.000000 0.120942 
0.879581 230.000000 0.120419 
0.872775 243.000000 0.127225 
0.874346 240.000000 0.125654 
0.883246 223.000000 0.116754 
0.875916 237.000000 0.124084 
0.883770 222.000000 0.116230 
0.872251 244.000000 0.127749 
0.874346 240.000000 0.125654 
0.872775 243.000000 0.127225 
0.872775 243.000000 0.127225 
0.873822 241.000000 0.126178 
0.869634 249.000000 0.130366 
0.870681 247.000000 0.129319 
0.882723 224.000000 0.117277 
0.871728 245.000000 0.128272 
0.876963 235.000000 0.123037 
0.872775 243.000000 0.127225 
0.875916 237.000000 0.124084 
0.875393 238.000000 0.124607 
0.875916 237.000000 0.124084 
0.877487 234.000000 0.122513 
0.879581 230.000000 0.120419 
0.876963 235.000000 0.123037 
0.875393 238.000000 0.124607 
0.868063 252.000000 0.131937 
0.872775 243.000000 0.127225 
0.870681 247.000000 0.129319 
0.871204 246.000000 0.128796 
0.869634 249.000000 0.130366 
0.879058 231.000000 0.120942 
0.874346 240.000000 0.125654 
0.877487 234.000000 0.122513 
0.873822 241.000000 0.126178 
0.868063 252.000000 0.131937 
0.868586 251.000000 0.131414 
0.881675 226.000000 0.118325 
0.878010 233.000000 0.121990 
0.878534 232.000000 0.121466 
0.873298 242.000000 0.126702 
0.867539 253.000000 0.132461 
0.871204 246.000000 0.128796 
0.868063 252.000000 0.131937 
0.874869 239.000000 0.125131 
0.872775 243.000000 0.127225 
0.870681 247.000000 0.129319 
0.875393 238.000000 0.124607 
0.873298 242.000000 0.126702 
0.878010 233.000000 0.121990 
0.880628 228.000000 0.119372 
0.873298 242.000000 0.126702 
0.875393 238.000000 0.124607 
0.874346 240.000000 0.125654 
0.875916 237.000000 0.124084 
0.868063 252.000000 0.131937 
0.870157 248.000000 0.129843 
0.878534 232.000000 0.121466 
0.880105 229.000000 0.119895 
0.877487 234.000000 0.122513 
0.875916 237.000000 0.124084 
0.877487 234.000000 0.122513 
0.873822 241.000000 0.126178 
0.871728 245.000000 0.128272 
0.876963 235.000000 0.123037 
0.879581 230.000000 0.120419 
0.877487 234.000000 0.122513 
0.870157 248.000000 0.129843 
0.872775 243.000000 0.127225 
0.871204 246.000000 0.128796 
0.879058 231.000000 0.120942 
0.870157 248.000000 0.129843 
0.872775 243.000000 0.127225 
0.875916 237.000000 0.124084 
0.867016 254.000000 0.132984 
0.871728 245.000000 0.128272 
0.882723 224.000000 0.117277 
0.875393 238.000000 0.124607 
0.881152 227.000000 0.118848 
0.872251 244.000000 0.127749 
0.873298 242.000000 0.126702 
0.877487 234.000000 0.122513 
0.871728 245.000000 0.128272 
0.876440 236.000000 0.123560 
0.870157 248.000000 0.129843 
0.874869 239.000000 0.125131 
0.879581 230.000000 0.120419 
0.875393 238.000000 0.124607 
0.873298 242.000000 0.126702 
0.873822 241.000000 0.126178 
0.876440 236.000000 0.123560 
0.874869 239.000000 0.125131 
0.873822 241.000000 0.126178 
0.883246 223.000000 0.116754 
0.875393 238.000000 0.124607 
0.877487 234.000000 0.122513 
0.880628 228.000000 0.119372 
0.884293 221.000000 0.115707 
0.882723 224.000000 0.117277 
0.868063 252.000000 0.131937 
0.876440 236.000000 0.123560 
0.871728 245.000000 0.128272 
0.874346 240.000000 0.125654 
0.872251 244.000000 0.127749 
0.878010 233.000000 0.121990 
0.868586 251.000000 0.131414 
0.869634 249.000000 0.130366 
0.871204 246.000000 0.128796 
0.882199 225.000000 0.117801 
0.869634 249.000000 0.130366 
0.878010 233.000000 0.121990 
0.875393 238.000000 0.124607 
0.870157 248.000000 0.129843 
0.871204 246.000000 0.128796 
0.877487 234.000000 0.122513 
0.879058 231.000000 0.120942 
0.875916 237.000000 0.124084 
0.875916 237.000000 0.124084 
0.877487 234.000000 0.122513 
0.881152 227.000000 0.118848 
0.879058 231.000000 0.120942 
0.874346 240.000000 0.125654 
0.873298 242.000000 0.126702 
0.879058 231.000000 0.120942 
0.867016 254.000000 0.132984 
0.873298 242.000000 0.126702 
0.872251 244.000000 0.127749 
0.875393 238.000000 0.124607 
0.871204 246.000000 0.128796 
0.873822 241.000000 0.126178 
0.873298 242.000000 0.126702 
0.869110 250.000000 0.130890 
0.882199 225.000000 0.117801 
0.873298 242.000000 0.126702 
0.876963 235.000000 0.123037 
0.875393 238.000000 0.124607 
0.873822 241.000000 0.126178 
0.875393 238.000000 0.124607 
0.879581 230.000000 0.120419 
0.876963 235.000000 0.123037 
0.878010 233.000000 0.121990 
0.868586 251.000000 0.131414 
0.873298 242.000000 0.126702 
0.873822 241.000000 0.126178 
0.875916 237.000000 0.124084 
0.872251 244.000000 0.127749 
0.875393 238.000000 0.124607 
0.871204 246.000000 0.128796 
0.873822 241.000000 0.126178 
0.876440 236.000000 0.123560 
0.870157 248.000000 0.129843 
0.883246 223.000000 0.116754 
0.870681 247.000000 0.129319 
0.879581 230.000000 0.120419 
0.874346 240.000000 0.125654 
0.873298 242.000000 0.126702 
0.878010 233.000000 0.121990 
0.866492 255.000000 0.133508 
0.875393 238.000000 0.124607 
0.876963 235.000000 0.123037 
0.872775 243.000000 0.127225 
0.877487 234.000000 0.122513 
0.876963 235.000000 0.123037 
0.871728 245.000000 0.128272 
0.872251 244.000000 0.127749 
0.879058 231.000000 0.120942 
0.873822 241.000000 0.126178 
0.871204 246.000000 0.128796 
0.874346 240.000000 0.125654 
0.876963 235.000000 0.123037 
0.872251 244.000000 0.127749 
0.868586 251.000000 0.131414 
0.876963 235.000000 0.123037 
0.864398 259.000000 0.135602 
0.872775 243.000000 0.127225 
0.873822 241.000000 0.126178 
0.876440 236.000000 0.123560 
0.873822 241.000000 0.126178 
0.879581 230.000000 0.120419 
0.872251 244.000000 0.127749 
0.870157 248.000000 0.129843 
0.877487 234.000000 0.122513 
0.880105 229.000000 0.119895 
0.873822 241.000000 0.126178 
0.872251 244.000000 0.127749 
0.882199 225.000000 0.117801 
0.877487 234.000000 0.122513 
0.875916 237.000000 0.124084 
0.872251 244.000000 0.127749 
0.872251 244.000000 0.127749 
0.878534 232.000000 0.121466 
0.875393 238.000000 0.124607 
0.877487 234.000000 0.122513 
0.875393 238.000000 0.124607 
0.871204 246.000000 0.128796 
0.871728 245.000000 0.128272 
0.865445 257.000000 0.134555 
0.867539 253.000000 0.132461 
0.872251 244.000000 0.127749 
0.879581 230.000000 0.120419 
0.875916 237.000000 0.124084 
0.873822 241.000000 0.126178 
0.876963 235.000000 0.123037 
0.872775 243.000000 0.127225 
0.877487 234.000000 0.122513 
0.875916 237.000000 0.124084 
0.881675 226.000000 0.118325 
0.873298 242.000000 0.126702 
0.877487 234.000000 0.122513 
0.873298 242.000000 0.126702 
0.878010 233.000000 0.121990 
0.879058 231.000000 0.120942 
0.877487 234.000000 0.122513 
0.873822 241.000000 0.126178 
0.875916 237.000000 0.124084 
0.871728 245.000000 0.128272 
0.879581 230.000000 0.120419 
0.875916 237.000000 0.124084 
0.882199 225.000000 0.117801 
0.875393 238.000000 0.124607 
0.871728 245.000000 0.128272 
0.874869 239.000000 0.125131 
0.873822 241.000000 0.126178 
0.871204 246.000000 0.128796 
0.867016 254.000000 0.132984 
0.877487 234.000000 0.122513 
0.879581 230.000000 0.120419 
0.870681 247.000000 0.129319 
0.875916 237.000000 0.124084 
0.868586 251.000000 0.131414 
0.875393 238.000000 0.124607 
0.883246 223.000000 0.116754 
0.874869 239.000000 0.125131 
0.874869 239.000000 0.125131 
0.875916 237.000000 0.124084 
0.868063 252.000000 0.131937 
0.873822 241.000000 0.126178 
0.873298 242.000000 0.126702 
0.870157 248.000000 0.129843 
0.878010 233.000000 0.121990 
0.878534 232.000000 0.121466 
0.874869 239.000000 0.125131 
0.873298 242.000000 0.126702 
0.871728 245.000000 0.128272 
0.876440 236.000000 0.123560 
0.869634 249.000000 0.130366 
0.866492 255.000000 0.133508 
0.873822 241.000000 0.126178 
0.870157 248.000000 0.129843 
0.875393 238.000000 0.124607 
0.874346 240.000000 0.125654 
0.875393 238.000000 0.124607 
0.875393 238.000000 0.124607 
0.872775 243.000000 0.127225 
0.881152 227.000000 0.118848 
0.870681 247.000000 0.129319 
0.879058 231.000000 0.120942 
0.874346 240.000000 0.125654 
0.873822 241.000000 0.126178 
0.876963 235.000000 0.123037 
0.871728 245.000000 0.128272 
0.871204 246.000000 0.128796 
0.879058 231.000000 0.120942 
0.876963 235.000000 0.123037 
0.876963 235.000000 0.123037 
0.872251 244.000000 0.127749 
0.877487 234.000000 0.122513 
0.869634 249.000000 0.130366 
0.873298 242.000000 0.126702 
0.873822 241.000000 0.126178 
0.880628 228.000000 0.119372 
0.883770 222.000000 0.116230 
0.880628 228.000000 0.119372 
0.877487 234.000000 0.122513 
0.872251 244.000000 0.127749 
0.874869 239.000000 0.125131 
0.873822 241.000000 0.126178 
0.872251 244.000000 0.127749 
0.874346 240.000000 0.125654 
0.875393 238.000000 0.124607 
0.874346 240.000000 0.125654 
0.863874 260.000000 0.136126 
0.871204 246.000000 0.128796 
0.870681 247.000000 0.129319 
0.874869 239.000000 0.125131 
0.870681 247.000000 0.129319 
0.874869 239.000000 0.125131 
0.871204 246.000000 0.128796 
0.872251 244.000000 0.127749 
0.882199 225.000000 0.117801 
0.876440 236.000000 0.123560 
0.879581 230.000000 0.120419 
0.879058 231.000000 0.120942 
0.875916 237.000000 0.124084 
0.880105 229.000000 0.119895 
0.880628 228.000000 0.119372 
0.870681 247.000000 0.129319 
0.873298 242.000000 0.126702 
0.873822 241.000000 0.126178 
0.870681 247.000000 0.129319 
0.875916 237.000000 0.124084 
0.873822 241.000000 0.126178 
0.867539 253.000000 0.132461 
0.875393 238.000000 0.124607 
0.868063 252.000000 0.131937 
0.875393 238.000000 0.124607 
0.871204 246.000000 0.128796 
0.874869 239.000000 0.125131 
0.876440 236.000000 0.123560 
0.881675 226.000000 0.118325 
0.878534 232.000000 0.121466 
0.874869 239.000000 0.125131 
0.867539 253.000000 0.132461 
0.873298 242.000000 0.126702 
0.875916 237.000000 0.124084 
0.869110 250.000000 0.130890 
0.871204 246.000000 0.128796 
0.876440 236.000000 0.123560 
0.875916 237.000000 0.124084 
0.870157 248.000000 0.129843 
0.880105 229.000000 0.119895 
0.873822 241.000000 0.126178 
0.872251 244.000000 0.127749 
0.870681 247.000000 0.129319 
0.875393 238.000000 0.124607 
0.876963 235.000000 0.123037 
0.869634 249.000000 0.130366 
0.862827 262.000000 0.137173 
0.877487 234.000000 0.122513 
0.870681 247.000000 0.129319 
0.880628 228.000000 0.119372 
0.880628 228.000000 0.119372 
0.876440 236.000000 0.123560 
0.879581 230.000000 0.120419 
0.871728 245.000000 0.128272 
0.873822 241.000000 0.126178 
0.877487 234.000000 0.122513 
0.875916 237.000000 0.124084 
0.870157 248.000000 0.129843 
0.872775 243.000000 0.127225 
0.866492 255.000000 0.133508 
0.873298 242.000000 0.126702 
0.878534 232.000000 0.121466 
0.872251 244.000000 0.127749 
0.875916 237.000000 0.124084 
0.885864 218.000000 0.114136 
0.872251 244.000000 0.127749 
0.878010 233.000000 0.121990 
0.877487 234.000000 0.122513 
0.871204 246.000000 0.128796 
0.878534 232.000000 0.121466 
0.876440 236.000000 0.123560 
0.879058 231.000000 0.120942 
0.875916 237.000000 0.124084 
0.869110 250.000000 0.130890 
0.875916 237.000000 0.124084 
0.873822 241.000000 0.126178 
0.884817 220.000000 0.115183 
0.882723 224.000000 0.117277 
0.872775 243.000000 0.127225 
0.875916 237.000000 0.124084 
0.873822 241.000000 0.126178 
0.882199 225.000000 0.117801 
0.874346 240.000000 0.125654 
0.875393 238.000000 0.124607 
0.873298 242.000000 0.126702 
0.873822 241.000000 0.126178 
0.876963 235.000000 0.123037 
0.873822 241.000000 0.126178 
0.873822 241.000000 0.126178 
0.879058 231.000000 0.120942 
0.875393 238.000000 0.124607 
0.868586 251.000000 0.131414 
0.873822 241.000000 0.126178 
0.871728 245.000000 0.128272 
0.883770 222.000000 0.116230 
0.872251 244.000000 0.127749 
0.872775 243.000000 0.127225 
0.878534 232.000000 0.121466 
0.878534 232.000000 0.121466 
0.876440 236.000000 0.123560 
0.871204 246.000000 0.128796 
0.868063 252.000000 0.131937 
0.870157 248.000000 0.129843 
0.872251 244.000000 0.127749 
0.869634 249.000000 0.130366 
0.873822 241.000000 0.126178 
0.875393 238.000000 0.124607 
0.880628 228.000000 0.119372 
0.871728 245.000000 0.128272 
0.875393 238.000000 0.124607 
0.877487 234.000000 0.122513 
0.880105 229.000000 0.119895 
0.874346 240.000000 0.125654 
0.871204 246.000000 0.128796 
0.878010 233.000000 0.121990 
0.872775 243.000000 0.127225 
0.879581 230.000000 0.120419 
0.879581 230.000000 0.120419 
0.872775 243.000000 0.127225 
0.871204 246.000000 0.128796 
0.881152 227.000000 0.118848 
0.878010 233.000000 0.121990 
0.878534 232.000000 0.121466 
0.878534 232.000000 0.121466 
0.879581 230.000000 0.120419 
0.880628 228.000000 0.119372 
0.872251 244.000000 0.127749 
0.878534 232.000000 0.121466 
0.878534 232.000000 0.121466 
0.868586 251.000000 0.131414 
0.878534 232.000000 0.121466 
0.870681 247.000000 0.129319 
0.873822 241.000000 0.126178 
0.875916 237.000000 0.124084 
0.870157 248.000000 0.129843 
0.882199 225.000000 0.117801 
0.872251 244.000000 0.127749 
0.868063 252.000000 0.131937 
0.875916 237.000000 0.124084 
0.876963 235.000000 0.123037 
0.874346 240.000000 0.125654 
0.874346 240.000000 0.125654 
0.875916 237.000000 0.124084 
0.873822 241.000000 0.126178 
0.874869 239.000000 0.125131 
0.879058 231.000000 0.120942 
0.880628 228.000000 0.119372 
0.873298 242.000000 0.126702 
0.871728 245.000000 0.128272 
0.869634 249.000000 0.130366 
0.876963 235.000000 0.123037 
0.882199 225.000000 0.117801 
0.879581 230.000000 0.120419 
0.876963 235.000000 0.123037 
0.880105 229.000000 0.119895 
0.876963 235.000000 0.123037 
0.876963 235.000000 0.123037 
0.877487 234.000000 0.122513 
0.876440 236.000000 0.123560 
0.869634 249.000000 0.130366 
0.870157 248.000000 0.129843 
0.876963 235.000000 0.123037 
0.880628 228.000000 0.119372 
0.881152 227.000000 0.118848 
0.876963 235.000000 0.123037 
0.879581 230.000000 0.120419 
0.875393 238.000000 0.124607 
0.880628 228.000000 0.119372 
0.874346 240.000000 0.125654 
0.871728 245.000000 0.128272 
0.876963 235.000000 0.123037 
0.872775 243.000000 0.127225 
0.874346 240.000000 0.125654 
0.869634 249.000000 0.130366 
0.881152 227.000000 0.118848 
0.874869 239.000000 0.125131 
0.879581 230.000000 0.120419 
0.875916 237.000000 0.124084 
0.875393 238.000000 0.124607 
0.874869 239.000000 0.125131 
0.874346 240.000000 0.125654 
0.872251 244.000000 0.127749 
0.875916 237.000000 0.124084 
0.876440 236.000000 0.123560 
0.876440 236.000000 0.123560 
0.881675 226.000000 0.118325 
0.875393 238.000000 0.124607 
0.879581 230.000000 0.120419 
0.871204 246.000000 0.128796 
0.868586 251.000000 0.131414 
0.881152 227.000000 0.118848 
0.871204 246.000000 0.128796 
0.877487 234.000000 0.122513 
0.881675 226.000000 0.118325 
0.880105 229.000000 0.119895 
0.870157 248.000000 0.129843 
0.871728 245.000000 0.128272 
0.869110 250.000000 0.130890 
0.876440 236.000000 0.123560 
0.876963 235.000000 0.123037 
0.872251 244.000000 0.127749 
0.874869 239.000000 0.125131 
0.871204 246.000000 0.128796 
0.880105 229.000000 0.119895 
0.878010 233.000000 0.121990 
0.871728 245.000000 0.128272 
0.871728 245.000000 0.128272 
0.875393 238.000000 0.124607 
