0.952356 91.000000 0.047644 
0.954450 87.000000 0.045550 
0.948168 99.000000 0.051832 
0.945550 104.000000 0.054450 
0.957592 81.000000 0.042408 
0.957592 81.000000 0.042408 
0.951832 92.000000 0.048168 
0.950262 95.000000 0.049738 
0.951832 92.000000 0.048168 
0.947120 101.000000 0.052880 
0.950785 94.000000 0.049215 
0.948691 98.000000 0.051309 
0.951832 92.000000 0.048168 
0.951832 92.000000 0.048168 
0.949738 96.000000 0.050262 
0.959686 77.000000 0.040314 
0.949215 97.000000 0.050785 
0.951832 92.000000 0.048168 
0.956021 84.000000 0.043979 
0.954450 87.000000 0.045550 
0.955497 85.000000 0.044503 
0.952356 91.000000 0.047644 
0.947120 101.000000 0.052880 
0.949738 96.000000 0.050262 
0.951832 92.000000 0.048168 
0.954450 87.000000 0.045550 
0.945026 105.000000 0.054974 
0.953927 88.000000 0.046073 
0.949215 97.000000 0.050785 
0.950785 94.000000 0.049215 
0.951832 92.000000 0.048168 
0.949738 96.000000 0.050262 
0.950785 94.000000 0.049215 
0.952880 90.000000 0.047120 
0.960733 75.000000 0.039267 
0.951832 92.000000 0.048168 
0.953403 89.000000 0.046597 
0.953403 89.000000 0.046597 
0.956545 83.000000 0.043455 
0.952356 91.000000 0.047644 
0.950785 94.000000 0.049215 
0.952880 90.000000 0.047120 
0.951309 93.000000 0.048691 
0.947644 100.000000 0.052356 
0.957068 82.000000 0.042932 
0.953403 89.000000 0.046597 
0.947644 100.000000 0.052356 
0.953927 88.000000 0.046073 
0.950785 94.000000 0.049215 
0.954450 87.000000 0.045550 
0.953403 89.000000 0.046597 
0.944503 106.000000 0.055497 
0.951309 93.000000 0.048691 
0.953403 89.000000 0.046597 
0.951832 92.000000 0.048168 
0.951309 93.000000 0.048691 
0.950785 94.000000 0.049215 
0.948168 99.000000 0.051832 
0.952356 91.000000 0.047644 
0.951309 93.000000 0.048691 
0.946597 102.000000 0.053403 
0.947120 101.000000 0.052880 
0.954450 87.000000 0.045550 
0.951832 92.000000 0.048168 
0.951832 92.000000 0.048168 
0.951832 92.000000 0.048168 
0.952356 91.000000 0.047644 
0.954450 87.000000 0.045550 
0.951309 93.000000 0.048691 
0.953403 89.000000 0.046597 
0.948168 99.000000 0.051832 
0.952356 91.000000 0.047644 
0.946073 103.000000 0.053927 
0.955497 85.000000 0.044503 
0.954450 87.000000 0.045550 
0.953403 89.000000 0.046597 
0.953403 89.000000 0.046597 
0.952880 90.000000 0.047120 
0.953927 88.000000 0.046073 
0.951832 92.000000 0.048168 
0.948168 99.000000 0.051832 
0.946073 103.000000 0.053927 
0.952880 90.000000 0.047120 
0.952880 90.000000 0.047120 
0.950262 95.000000 0.049738 
0.952880 90.000000 0.047120 
0.952356 91.000000 0.047644 
0.944503 106.000000 0.055497 
0.953927 88.000000 0.046073 
0.956021 84.000000 0.043979 
0.954974 86.000000 0.045026 
0.952880 90.000000 0.047120 
0.954974 86.000000 0.045026 
0.946597 102.000000 0.053403 
0.952356 91.000000 0.047644 
0.952356 91.000000 0.047644 
0.949215 97.000000 0.050785 
0.950785 94.000000 0.049215 
0.948691 98.000000 0.051309 
0.950262 95.000000 0.049738 
0.948691 98.000000 0.051309 
0.949738 96.000000 0.050262 
0.959162 78.000000 0.040838 
0.959162 78.000000 0.040838 
0.951832 92.000000 0.048168 
0.952880 90.000000 0.047120 
0.955497 85.000000 0.044503 
0.952880 90.000000 0.047120 
0.954450 87.000000 0.045550 
0.956021 84.000000 0.043979 
0.956545 83.000000 0.043455 
0.953927 88.000000 0.046073 
0.957068 82.000000 0.042932 
0.952356 91.000000 0.047644 
0.955497 85.000000 0.044503 
0.952880 90.000000 0.047120 
0.953403 89.000000 0.046597 
0.949738 96.000000 0.050262 
0.954450 87.000000 0.045550 
0.952880 90.000000 0.047120 
0.952356 91.000000 0.047644 
0.954974 86.000000 0.045026 
0.952880 90.000000 0.047120 
0.957592 81.000000 0.042408 
0.950785 94.000000 0.049215 
0.950262 95.000000 0.049738 
0.954450 87.000000 0.045550 
0.953403 89.000000 0.046597 
0.954974 86.000000 0.045026 
0.957592 81.000000 0.042408 
0.956545 83.000000 0.043455 
0.953403 89.000000 0.046597 
0.952356 91.000000 0.047644 
0.948691 98.000000 0.051309 
0.951832 92.000000 0.048168 
0.953403 89.000000 0.046597 
0.952880 90.000000 0.047120 
0.954974 86.000000 0.045026 
0.949738 96.000000 0.050262 
0.952880 90.000000 0.047120 
0.947644 100.000000 0.052356 
0.952880 90.000000 0.047120 
0.950785 94.000000 0.049215 
0.958115 80.000000 0.041885 
0.954450 87.000000 0.045550 
0.948168 99.000000 0.051832 
0.948691 98.000000 0.051309 
0.954974 86.000000 0.045026 
0.957068 82.000000 0.042932 
0.955497 85.000000 0.044503 
0.953927 88.000000 0.046073 
0.957592 81.000000 0.042408 
0.952356 91.000000 0.047644 
0.950262 95.000000 0.049738 
0.947120 101.000000 0.052880 
0.951309 93.000000 0.048691 
0.951832 92.000000 0.048168 
0.957068 82.000000 0.042932 
0.952356 91.000000 0.047644 
0.958115 80.000000 0.041885 
0.951309 93.000000 0.048691 
0.952356 91.000000 0.047644 
0.952880 90.000000 0.047120 
0.947120 101.000000 0.052880 
0.947120 101.000000 0.052880 
0.953927 88.000000 0.046073 
0.949215 97.000000 0.050785 
0.956545 83.000000 0.043455 
0.953927 88.000000 0.046073 
0.949738 96.000000 0.050262 
0.950262 95.000000 0.049738 
0.953927 88.000000 0.046073 
0.956021 84.000000 0.043979 
0.951832 92.000000 0.048168 
0.951832 92.000000 0.048168 
0.951832 92.000000 0.048168 
0.947644 100.000000 0.052356 
0.956021 84.000000 0.043979 
0.954974 86.000000 0.045026 
0.952880 90.000000 0.047120 
0.959686 77.000000 0.040314 
0.950785 94.000000 0.049215 
0.951832 92.000000 0.048168 
0.959686 77.000000 0.040314 
0.953403 89.000000 0.046597 
0.955497 85.000000 0.044503 
0.952356 91.000000 0.047644 
0.950785 94.000000 0.049215 
0.959162 78.000000 0.040838 
0.958115 80.000000 0.041885 
0.950785 94.000000 0.049215 
0.952880 90.000000 0.047120 
0.956545 83.000000 0.043455 
0.955497 85.000000 0.044503 
0.948168 99.000000 0.051832 
0.948691 98.000000 0.051309 
0.951309 93.000000 0.048691 
0.948168 99.000000 0.051832 
0.953927 88.000000 0.046073 
0.957592 81.000000 0.042408 
0.954450 87.000000 0.045550 
0.954450 87.000000 0.045550 
0.955497 85.000000 0.044503 
0.952356 91.000000 0.047644 
0.948691 98.000000 0.051309 
0.950262 95.000000 0.049738 
0.946597 102.000000 0.053403 
0.954974 86.000000 0.045026 
0.946073 103.000000 0.053927 
0.952356 91.000000 0.047644 
0.948691 98.000000 0.051309 
0.949215 97.000000 0.050785 
0.947644 100.000000 0.052356 
0.949738 96.000000 0.050262 
0.949738 96.000000 0.050262 
0.953927 88.000000 0.046073 
0.956545 83.000000 0.043455 
0.956545 83.000000 0.043455 
0.954450 87.000000 0.045550 
0.959162 78.000000 0.040838 
0.957068 82.000000 0.042932 
0.948691 98.000000 0.051309 
0.949215 97.000000 0.050785 
0.951309 93.000000 0.048691 
0.949738 96.000000 0.050262 
0.950262 95.000000 0.049738 
0.948691 98.000000 0.051309 
0.958115 80.000000 0.041885 
0.957068 82.000000 0.042932 
0.954450 87.000000 0.045550 
0.952356 91.000000 0.047644 
0.956545 83.000000 0.043455 
0.951832 92.000000 0.048168 
0.955497 85.000000 0.044503 
0.946597 102.000000 0.053403 
0.950262 95.000000 0.049738 
0.953403 89.000000 0.046597 
0.952356 91.000000 0.047644 
0.947120 101.000000 0.052880 
0.953927 88.000000 0.046073 
0.954450 87.000000 0.045550 
0.949215 97.000000 0.050785 
0.954974 86.000000 0.045026 
0.953927 88.000000 0.046073 
0.956021 84.000000 0.043979 
0.953403 89.000000 0.046597 
0.951832 92.000000 0.048168 
0.955497 85.000000 0.044503 
0.954450 87.000000 0.045550 
0.948168 99.000000 0.051832 
0.951309 93.000000 0.048691 
0.953927 88.000000 0.046073 
0.948168 99.000000 0.051832 
0.953403 89.000000 0.046597 
0.944503 106.000000 0.055497 
0.947120 101.000000 0.052880 
0.958639 79.000000 0.041361 
0.951309 93.000000 0.048691 
0.952356 91.000000 0.047644 
0.953403 89.000000 0.046597 
0.954450 87.000000 0.045550 
0.951832 92.000000 0.048168 
0.953927 88.000000 0.046073 
0.950262 95.000000 0.049738 
0.957068 82.000000 0.042932 
0.950785 94.000000 0.049215 
0.956545 83.000000 0.043455 
0.951309 93.000000 0.048691 
0.955497 85.000000 0.044503 
0.957592 81.000000 0.042408 
0.954974 86.000000 0.045026 
0.946597 102.000000 0.053403 
0.957068 82.000000 0.042932 
0.948691 98.000000 0.051309 
0.951832 92.000000 0.048168 
0.949738 96.000000 0.050262 
0.946597 102.000000 0.053403 
0.949738 96.000000 0.050262 
0.953927 88.000000 0.046073 
0.954450 87.000000 0.045550 
0.952880 90.000000 0.047120 
0.949215 97.000000 0.050785 
0.947120 101.000000 0.052880 
0.949738 96.000000 0.050262 
0.956021 84.000000 0.043979 
0.948691 98.000000 0.051309 
0.950785 94.000000 0.049215 
0.950785 94.000000 0.049215 
0.953927 88.000000 0.046073 
0.947644 100.000000 0.052356 
0.955497 85.000000 0.044503 
0.953403 89.000000 0.046597 
0.953403 89.000000 0.046597 
0.947120 101.000000 0.052880 
0.964921 67.000000 0.035079 
0.954450 87.000000 0.045550 
0.949738 96.000000 0.050262 
0.952356 91.000000 0.047644 
0.948168 99.000000 0.051832 
0.952880 90.000000 0.047120 
0.950262 95.000000 0.049738 
0.947644 100.000000 0.052356 
0.946073 103.000000 0.053927 
0.951309 93.000000 0.048691 
0.948691 98.000000 0.051309 
0.953403 89.000000 0.046597 
0.954974 86.000000 0.045026 
0.958115 80.000000 0.041885 
0.957068 82.000000 0.042932 
0.949215 97.000000 0.050785 
0.947644 100.000000 0.052356 
0.951309 93.000000 0.048691 
0.949215 97.000000 0.050785 
0.950262 95.000000 0.049738 
0.962827 71.000000 0.037173 
0.959162 78.000000 0.040838 
0.952356 91.000000 0.047644 
0.953927 88.000000 0.046073 
0.956021 84.000000 0.043979 
0.952880 90.000000 0.047120 
0.955497 85.000000 0.044503 
0.951832 92.000000 0.048168 
0.950262 95.000000 0.049738 
0.958115 80.000000 0.041885 
0.950262 95.000000 0.049738 
0.954450 87.000000 0.045550 
0.951309 93.000000 0.048691 
0.952880 90.000000 0.047120 
0.951832 92.000000 0.048168 
0.952880 90.000000 0.047120 
0.954974 86.000000 0.045026 
0.952356 91.000000 0.047644 
0.949738 96.000000 0.050262 
0.949215 97.000000 0.050785 
0.955497 85.000000 0.044503 
0.949738 96.000000 0.050262 
0.952880 90.000000 0.047120 
0.954974 86.000000 0.045026 
0.952880 90.000000 0.047120 
0.950262 95.000000 0.049738 
0.953927 88.000000 0.046073 
0.950262 95.000000 0.049738 
0.946597 102.000000 0.053403 
0.953403 89.000000 0.046597 
0.953927 88.000000 0.046073 
0.951309 93.000000 0.048691 
0.950785 94.000000 0.049215 
0.954450 87.000000 0.045550 
0.956021 84.000000 0.043979 
0.950785 94.000000 0.049215 
0.951832 92.000000 0.048168 
0.954974 86.000000 0.045026 
0.950785 94.000000 0.049215 
0.953927 88.000000 0.046073 
0.950785 94.000000 0.049215 
0.949738 96.000000 0.050262 
0.954450 87.000000 0.045550 
0.952356 91.000000 0.047644 
0.951832 92.000000 0.048168 
0.952880 90.000000 0.047120 
0.949738 96.000000 0.050262 
0.955497 85.000000 0.044503 
0.954974 86.000000 0.045026 
0.950785 94.000000 0.049215 
0.951832 92.000000 0.048168 
0.949215 97.000000 0.050785 
0.950785 94.000000 0.049215 
0.952356 91.000000 0.047644 
0.955497 85.000000 0.044503 
0.953927 88.000000 0.046073 
0.952356 91.000000 0.047644 
0.949215 97.000000 0.050785 
0.952880 90.000000 0.047120 
0.953403 89.000000 0.046597 
0.954974 86.000000 0.045026 
0.950785 94.000000 0.049215 
0.958115 80.000000 0.041885 
0.953927 88.000000 0.046073 
0.947120 101.000000 0.052880 
0.955497 85.000000 0.044503 
0.953403 89.000000 0.046597 
0.947644 100.000000 0.052356 
0.947120 101.000000 0.052880 
0.953403 89.000000 0.046597 
0.955497 85.000000 0.044503 
0.953403 89.000000 0.046597 
0.954974 86.000000 0.045026 
0.954450 87.000000 0.045550 
0.951309 93.000000 0.048691 
0.951309 93.000000 0.048691 
0.956545 83.000000 0.043455 
0.955497 85.000000 0.044503 
0.953927 88.000000 0.046073 
0.952356 91.000000 0.047644 
0.955497 85.000000 0.044503 
0.950785 94.000000 0.049215 
0.953403 89.000000 0.046597 
0.952880 90.000000 0.047120 
0.946597 102.000000 0.053403 
0.951309 93.000000 0.048691 
0.952880 90.000000 0.047120 
0.948168 99.000000 0.051832 
0.957592 81.000000 0.042408 
0.957068 82.000000 0.042932 
0.954974 86.000000 0.045026 
0.952356 91.000000 0.047644 
0.952880 90.000000 0.047120 
0.950785 94.000000 0.049215 
0.956545 83.000000 0.043455 
0.956021 84.000000 0.043979 
0.958115 80.000000 0.041885 
0.950262 95.000000 0.049738 
0.948168 99.000000 0.051832 
0.949738 96.000000 0.050262 
0.948691 98.000000 0.051309 
0.951832 92.000000 0.048168 
0.953403 89.000000 0.046597 
0.950785 94.000000 0.049215 
0.953927 88.000000 0.046073 
0.951832 92.000000 0.048168 
0.948168 99.000000 0.051832 
0.951832 92.000000 0.048168 
0.957068 82.000000 0.042932 
0.949738 96.000000 0.050262 
0.947644 100.000000 0.052356 
0.947644 100.000000 0.052356 
0.949215 97.000000 0.050785 
0.951832 92.000000 0.048168 
0.951832 92.000000 0.048168 
0.951309 93.000000 0.048691 
0.953927 88.000000 0.046073 
0.955497 85.000000 0.044503 
0.950785 94.000000 0.049215 
0.948691 98.000000 0.051309 
0.959162 78.000000 0.040838 
0.950262 95.000000 0.049738 
0.956545 83.000000 0.043455 
0.958115 80.000000 0.041885 
0.950262 95.000000 0.049738 
0.952356 91.000000 0.047644 
0.954974 86.000000 0.045026 
0.952356 91.000000 0.047644 
0.949738 96.000000 0.050262 
0.949738 96.000000 0.050262 
0.951309 93.000000 0.048691 
0.947644 100.000000 0.052356 
0.956021 84.000000 0.043979 
0.952356 91.000000 0.047644 
0.950785 94.000000 0.049215 
0.953927 88.000000 0.046073 
0.958115 80.000000 0.041885 
0.944503 106.000000 0.055497 
0.950785 94.000000 0.049215 
0.944503 106.000000 0.055497 
0.955497 85.000000 0.044503 
0.949738 96.000000 0.050262 
0.953927 88.000000 0.046073 
0.950785 94.000000 0.049215 
0.946597 102.000000 0.053403 
0.954450 87.000000 0.045550 
0.953403 89.000000 0.046597 
0.954974 86.000000 0.045026 
0.951832 92.000000 0.048168 
0.949215 97.000000 0.050785 
0.951309 93.000000 0.048691 
0.953927 88.000000 0.046073 
0.957068 82.000000 0.042932 
0.946597 102.000000 0.053403 
0.955497 85.000000 0.044503 
0.953403 89.000000 0.046597 
0.947120 101.000000 0.052880 
0.955497 85.000000 0.044503 
0.953403 89.000000 0.046597 
0.954974 86.000000 0.045026 
0.946597 102.000000 0.053403 
0.949738 96.000000 0.050262 
0.951309 93.000000 0.048691 
0.950785 94.000000 0.049215 
0.951832 92.000000 0.048168 
0.954974 86.000000 0.045026 
0.954450 87.000000 0.045550 
0.951832 92.000000 0.048168 
0.945026 105.000000 0.054974 
0.954974 86.000000 0.045026 
0.957068 82.000000 0.042932 
0.951832 92.000000 0.048168 
0.954450 87.000000 0.045550 
0.959162 78.000000 0.040838 
0.954450 87.000000 0.045550 
0.951309 93.000000 0.048691 
0.949738 96.000000 0.050262 
0.957592 81.000000 0.042408 
0.950262 95.000000 0.049738 
0.953927 88.000000 0.046073 
0.954974 86.000000 0.045026 
0.952356 91.000000 0.047644 
0.959162 78.000000 0.040838 
0.948691 98.000000 0.051309 
0.950785 94.000000 0.049215 
0.949215 97.000000 0.050785 
0.946597 102.000000 0.053403 
0.954974 86.000000 0.045026 
0.952880 90.000000 0.047120 
0.949738 96.000000 0.050262 
0.949215 97.000000 0.050785 
0.961257 74.000000 0.038743 
0.948168 99.000000 0.051832 
0.952880 90.000000 0.047120 
0.950262 95.000000 0.049738 
0.952356 91.000000 0.047644 
0.950262 95.000000 0.049738 
0.958115 80.000000 0.041885 
0.951309 93.000000 0.048691 
0.953927 88.000000 0.046073 
0.950785 94.000000 0.049215 
0.952356 91.000000 0.047644 
0.954974 86.000000 0.045026 
0.958115 80.000000 0.041885 
0.952880 90.000000 0.047120 
0.948691 98.000000 0.051309 
0.956545 83.000000 0.043455 
0.954974 86.000000 0.045026 
0.953927 88.000000 0.046073 
0.953403 89.000000 0.046597 
0.947120 101.000000 0.052880 
0.949215 97.000000 0.050785 
0.950785 94.000000 0.049215 
0.949738 96.000000 0.050262 
0.951309 93.000000 0.048691 
0.957592 81.000000 0.042408 
0.955497 85.000000 0.044503 
0.956021 84.000000 0.043979 
0.954974 86.000000 0.045026 
0.954450 87.000000 0.045550 
0.956545 83.000000 0.043455 
0.946073 103.000000 0.053927 
0.952880 90.000000 0.047120 
0.952880 90.000000 0.047120 
0.954974 86.000000 0.045026 
0.955497 85.000000 0.044503 
0.956021 84.000000 0.043979 
0.953927 88.000000 0.046073 
0.952880 90.000000 0.047120 
0.955497 85.000000 0.044503 
0.952880 90.000000 0.047120 
0.957592 81.000000 0.042408 
0.961780 73.000000 0.038220 
0.960733 75.000000 0.039267 
0.954450 87.000000 0.045550 
0.951832 92.000000 0.048168 
0.951832 92.000000 0.048168 
0.949215 97.000000 0.050785 
0.950785 94.000000 0.049215 
0.953403 89.000000 0.046597 
0.957068 82.000000 0.042932 
0.953403 89.000000 0.046597 
0.952356 91.000000 0.047644 
0.951832 92.000000 0.048168 
0.949215 97.000000 0.050785 
0.954974 86.000000 0.045026 
0.951832 92.000000 0.048168 
0.953927 88.000000 0.046073 
0.958639 79.000000 0.041361 
0.947120 101.000000 0.052880 
0.954450 87.000000 0.045550 
0.954450 87.000000 0.045550 
0.952880 90.000000 0.047120 
0.950262 95.000000 0.049738 
0.951309 93.000000 0.048691 
0.950262 95.000000 0.049738 
0.956545 83.000000 0.043455 
0.948691 98.000000 0.051309 
0.950785 94.000000 0.049215 
0.951832 92.000000 0.048168 
0.951309 93.000000 0.048691 
0.950785 94.000000 0.049215 
0.947644 100.000000 0.052356 
0.950785 94.000000 0.049215 
0.954450 87.000000 0.045550 
0.952880 90.000000 0.047120 
0.956545 83.000000 0.043455 
0.951832 92.000000 0.048168 
0.951309 93.000000 0.048691 
0.953403 89.000000 0.046597 
0.952880 90.000000 0.047120 
0.951309 93.000000 0.048691 
0.948168 99.000000 0.051832 
0.953927 88.000000 0.046073 
0.951309 93.000000 0.048691 
0.949738 96.000000 0.050262 
0.948691 98.000000 0.051309 
0.961780 73.000000 0.038220 
0.953403 89.000000 0.046597 
0.956545 83.000000 0.043455 
0.951309 93.000000 0.048691 
0.952880 90.000000 0.047120 
0.952356 91.000000 0.047644 
0.949738 96.000000 0.050262 
0.946597 102.000000 0.053403 
0.947644 100.000000 0.052356 
0.954974 86.000000 0.045026 
0.957068 82.000000 0.042932 
0.946597 102.000000 0.053403 
0.950785 94.000000 0.049215 
0.951309 93.000000 0.048691 
0.948168 99.000000 0.051832 
0.952356 91.000000 0.047644 
0.952880 90.000000 0.047120 
0.950262 95.000000 0.049738 
0.950262 95.000000 0.049738 
0.954450 87.000000 0.045550 
0.949738 96.000000 0.050262 
0.960733 75.000000 0.039267 
0.957068 82.000000 0.042932 
0.960209 76.000000 0.039791 
0.951309 93.000000 0.048691 
0.950262 95.000000 0.049738 
0.953927 88.000000 0.046073 
0.952356 91.000000 0.047644 
0.957592 81.000000 0.042408 
0.948168 99.000000 0.051832 
0.951309 93.000000 0.048691 
0.951309 93.000000 0.048691 
0.947120 101.000000 0.052880 
0.949215 97.000000 0.050785 
0.951309 93.000000 0.048691 
0.950785 94.000000 0.049215 
0.953927 88.000000 0.046073 
0.952356 91.000000 0.047644 
0.954450 87.000000 0.045550 
0.948691 98.000000 0.051309 
0.952356 91.000000 0.047644 
0.946073 103.000000 0.053927 
0.948168 99.000000 0.051832 
0.952880 90.000000 0.047120 
0.946597 102.000000 0.053403 
0.951832 92.000000 0.048168 
0.954450 87.000000 0.045550 
0.947120 101.000000 0.052880 
0.948691 98.000000 0.051309 
0.953927 88.000000 0.046073 
0.950262 95.000000 0.049738 
0.950262 95.000000 0.049738 
0.951309 93.000000 0.048691 
0.952356 91.000000 0.047644 
0.949215 97.000000 0.050785 
0.950785 94.000000 0.049215 
0.944503 106.000000 0.055497 
0.949215 97.000000 0.050785 
0.947120 101.000000 0.052880 
0.954450 87.000000 0.045550 
0.954450 87.000000 0.045550 
0.948168 99.000000 0.051832 
0.950785 94.000000 0.049215 
0.958115 80.000000 0.041885 
0.953927 88.000000 0.046073 
0.954974 86.000000 0.045026 
0.960209 76.000000 0.039791 
0.945026 105.000000 0.054974 
0.957592 81.000000 0.042408 
0.952356 91.000000 0.047644 
0.953927 88.000000 0.046073 
0.949215 97.000000 0.050785 
0.952356 91.000000 0.047644 
0.960733 75.000000 0.039267 
0.949215 97.000000 0.050785 
0.954450 87.000000 0.045550 
0.948168 99.000000 0.051832 
0.950785 94.000000 0.049215 
0.951309 93.000000 0.048691 
0.950785 94.000000 0.049215 
0.948691 98.000000 0.051309 
0.951309 93.000000 0.048691 
0.953403 89.000000 0.046597 
0.949215 97.000000 0.050785 
0.951309 93.000000 0.048691 
0.948691 98.000000 0.051309 
0.951309 93.000000 0.048691 
0.950785 94.000000 0.049215 
0.949738 96.000000 0.050262 
0.954974 86.000000 0.045026 
0.956021 84.000000 0.043979 
0.954974 86.000000 0.045026 
0.955497 85.000000 0.044503 
0.951309 93.000000 0.048691 
0.950262 95.000000 0.049738 
0.948691 98.000000 0.051309 
0.948168 99.000000 0.051832 
0.956021 84.000000 0.043979 
0.950785 94.000000 0.049215 
0.947120 101.000000 0.052880 
0.957592 81.000000 0.042408 
0.949215 97.000000 0.050785 
0.954450 87.000000 0.045550 
0.948691 98.000000 0.051309 
0.954450 87.000000 0.045550 
0.950262 95.000000 0.049738 
0.946597 102.000000 0.053403 
0.951832 92.000000 0.048168 
0.949215 97.000000 0.050785 
0.959686 77.000000 0.040314 
0.953403 89.000000 0.046597 
0.947120 101.000000 0.052880 
0.950262 95.000000 0.049738 
0.962304 72.000000 0.037696 
0.954450 87.000000 0.045550 
0.949738 96.000000 0.050262 
0.951309 93.000000 0.048691 
0.953927 88.000000 0.046073 
0.957592 81.000000 0.042408 
0.948168 99.000000 0.051832 
0.951309 93.000000 0.048691 
0.954974 86.000000 0.045026 
0.948168 99.000000 0.051832 
0.948691 98.000000 0.051309 
0.959686 77.000000 0.040314 
0.953927 88.000000 0.046073 
0.947644 100.000000 0.052356 
0.944503 106.000000 0.055497 
0.947644 100.000000 0.052356 
0.949215 97.000000 0.050785 
0.948691 98.000000 0.051309 
0.951309 93.000000 0.048691 
0.951832 92.000000 0.048168 
0.947644 100.000000 0.052356 
0.950262 95.000000 0.049738 
0.949738 96.000000 0.050262 
0.958115 80.000000 0.041885 
0.946597 102.000000 0.053403 
0.948168 99.000000 0.051832 
0.946073 103.000000 0.053927 
0.954450 87.000000 0.045550 
0.951309 93.000000 0.048691 
0.959162 78.000000 0.040838 
0.957592 81.000000 0.042408 
0.954450 87.000000 0.045550 
0.950262 95.000000 0.049738 
0.952356 91.000000 0.047644 
0.948691 98.000000 0.051309 
0.949738 96.000000 0.050262 
0.954450 87.000000 0.045550 
0.956545 83.000000 0.043455 
0.947644 100.000000 0.052356 
0.949738 96.000000 0.050262 
0.949215 97.000000 0.050785 
0.951832 92.000000 0.048168 
0.951309 93.000000 0.048691 
0.953403 89.000000 0.046597 
0.956545 83.000000 0.043455 
0.949215 97.000000 0.050785 
0.955497 85.000000 0.044503 
0.949215 97.000000 0.050785 
0.948691 98.000000 0.051309 
0.957068 82.000000 0.042932 
0.953927 88.000000 0.046073 
0.949738 96.000000 0.050262 
0.951832 92.000000 0.048168 
0.959162 78.000000 0.040838 
0.947120 101.000000 0.052880 
0.951832 92.000000 0.048168 
0.954450 87.000000 0.045550 
0.956545 83.000000 0.043455 
0.954974 86.000000 0.045026 
0.954450 87.000000 0.045550 
0.957068 82.000000 0.042932 
0.950785 94.000000 0.049215 
0.948168 99.000000 0.051832 
0.953403 89.000000 0.046597 
0.951309 93.000000 0.048691 
0.948691 98.000000 0.051309 
0.952880 90.000000 0.047120 
0.949215 97.000000 0.050785 
0.946597 102.000000 0.053403 
0.947120 101.000000 0.052880 
0.950785 94.000000 0.049215 
0.950262 95.000000 0.049738 
0.946073 103.000000 0.053927 
0.954450 87.000000 0.045550 
0.952356 91.000000 0.047644 
0.950785 94.000000 0.049215 
0.950785 94.000000 0.049215 
0.953403 89.000000 0.046597 
0.951309 93.000000 0.048691 
0.956545 83.000000 0.043455 
0.950262 95.000000 0.049738 
0.947644 100.000000 0.052356 
0.954450 87.000000 0.045550 
0.952356 91.000000 0.047644 
0.950262 95.000000 0.049738 
0.956545 83.000000 0.043455 
0.962304 72.000000 0.037696 
0.960209 76.000000 0.039791 
0.952356 91.000000 0.047644 
0.950785 94.000000 0.049215 
0.953927 88.000000 0.046073 
0.949215 97.000000 0.050785 
0.950262 95.000000 0.049738 
0.948691 98.000000 0.051309 
0.948168 99.000000 0.051832 
0.950785 94.000000 0.049215 
0.948168 99.000000 0.051832 
0.956545 83.000000 0.043455 
0.951832 92.000000 0.048168 
0.948691 98.000000 0.051309 
0.954450 87.000000 0.045550 
0.956545 83.000000 0.043455 
0.949215 97.000000 0.050785 
0.958115 80.000000 0.041885 
0.951309 93.000000 0.048691 
0.957068 82.000000 0.042932 
0.948168 99.000000 0.051832 
0.949738 96.000000 0.050262 
0.953927 88.000000 0.046073 
0.953927 88.000000 0.046073 
0.960209 76.000000 0.039791 
0.950262 95.000000 0.049738 
0.951832 92.000000 0.048168 
0.952356 91.000000 0.047644 
0.949738 96.000000 0.050262 
0.957068 82.000000 0.042932 
0.948691 98.000000 0.051309 
0.955497 85.000000 0.044503 
0.952880 90.000000 0.047120 
0.952880 90.000000 0.047120 
0.954450 87.000000 0.045550 
0.958115 80.000000 0.041885 
0.953403 89.000000 0.046597 
0.952880 90.000000 0.047120 
0.958115 80.000000 0.041885 
0.952356 91.000000 0.047644 
0.953927 88.000000 0.046073 
0.954450 87.000000 0.045550 
0.949215 97.000000 0.050785 
0.953403 89.000000 0.046597 
0.949738 96.000000 0.050262 
0.947120 101.000000 0.052880 
0.956021 84.000000 0.043979 
0.951832 92.000000 0.048168 
0.949215 97.000000 0.050785 
0.952880 90.000000 0.047120 
0.954450 87.000000 0.045550 
0.950785 94.000000 0.049215 
0.950785 94.000000 0.049215 
0.951832 92.000000 0.048168 
0.952880 90.000000 0.047120 
0.950785 94.000000 0.049215 
0.948691 98.000000 0.051309 
0.951309 93.000000 0.048691 
0.949738 96.000000 0.050262 
0.953927 88.000000 0.046073 
0.952356 91.000000 0.047644 
0.952356 91.000000 0.047644 
0.960733 75.000000 0.039267 
0.951309 93.000000 0.048691 
0.947644 100.000000 0.052356 
0.951832 92.000000 0.048168 
0.949215 97.000000 0.050785 
0.949738 96.000000 0.050262 
0.951309 93.000000 0.048691 
0.953403 89.000000 0.046597 
0.957068 82.000000 0.042932 
0.954974 86.000000 0.045026 
0.957068 82.000000 0.042932 
0.952356 91.000000 0.047644 
0.953927 88.000000 0.046073 
0.949738 96.000000 0.050262 
0.952880 90.000000 0.047120 
0.958115 80.000000 0.041885 
0.951832 92.000000 0.048168 
0.955497 85.000000 0.044503 
0.952880 90.000000 0.047120 
0.950262 95.000000 0.049738 
0.949738 96.000000 0.050262 
0.955497 85.000000 0.044503 
0.947120 101.000000 0.052880 
0.951832 92.000000 0.048168 
0.950785 94.000000 0.049215 
0.947120 101.000000 0.052880 
0.949738 96.000000 0.050262 
0.952356 91.000000 0.047644 
0.947644 100.000000 0.052356 
0.949215 97.000000 0.050785 
0.951309 93.000000 0.048691 
0.951832 92.000000 0.048168 
0.949215 97.000000 0.050785 
0.947644 100.000000 0.052356 
0.952880 90.000000 0.047120 
0.947644 100.000000 0.052356 
0.949215 97.000000 0.050785 
0.953927 88.000000 0.046073 
0.955497 85.000000 0.044503 
0.954974 86.000000 0.045026 
0.950262 95.000000 0.049738 
0.951832 92.000000 0.048168 
0.950262 95.000000 0.049738 
0.951309 93.000000 0.048691 
0.950785 94.000000 0.049215 
0.947644 100.000000 0.052356 
0.949215 97.000000 0.050785 
0.956021 84.000000 0.043979 
0.952880 90.000000 0.047120 
0.954974 86.000000 0.045026 
0.947644 100.000000 0.052356 
0.957592 81.000000 0.042408 
0.953403 89.000000 0.046597 
0.949215 97.000000 0.050785 
0.952356 91.000000 0.047644 
0.956545 83.000000 0.043455 
0.962827 71.000000 0.037173 
0.956021 84.000000 0.043979 
0.953403 89.000000 0.046597 
0.948691 98.000000 0.051309 
0.958639 79.000000 0.041361 
0.950262 95.000000 0.049738 
0.958115 80.000000 0.041885 
0.950262 95.000000 0.049738 
0.949215 97.000000 0.050785 
0.953927 88.000000 0.046073 
0.953403 89.000000 0.046597 
0.953403 89.000000 0.046597 
0.953927 88.000000 0.046073 
0.956021 84.000000 0.043979 
0.953927 88.000000 0.046073 
0.950262 95.000000 0.049738 
0.952880 90.000000 0.047120 
0.953927 88.000000 0.046073 
0.949215 97.000000 0.050785 
0.954450 87.000000 0.045550 
0.951832 92.000000 0.048168 
0.949738 96.000000 0.050262 
0.957068 82.000000 0.042932 
0.950262 95.000000 0.049738 
0.954450 87.000000 0.045550 
0.950262 95.000000 0.049738 
0.949215 97.000000 0.050785 
0.948691 98.000000 0.051309 
0.948168 99.000000 0.051832 
0.959686 77.000000 0.040314 
0.949738 96.000000 0.050262 
0.954450 87.000000 0.045550 
0.946597 102.000000 0.053403 
0.950262 95.000000 0.049738 
0.957068 82.000000 0.042932 
0.947644 100.000000 0.052356 
0.954974 86.000000 0.045026 
0.958639 79.000000 0.041361 
0.948691 98.000000 0.051309 
0.951832 92.000000 0.048168 
0.949215 97.000000 0.050785 
0.953403 89.000000 0.046597 
0.951309 93.000000 0.048691 
0.949215 97.000000 0.050785 
0.947644 100.000000 0.052356 
0.946073 103.000000 0.053927 
0.950262 95.000000 0.049738 
0.951309 93.000000 0.048691 
0.947644 100.000000 0.052356 
0.959686 77.000000 0.040314 
0.955497 85.000000 0.044503 
0.959686 77.000000 0.040314 
0.952880 90.000000 0.047120 
0.950262 95.000000 0.049738 
0.949738 96.000000 0.050262 
0.950262 95.000000 0.049738 
0.952880 90.000000 0.047120 
0.951309 93.000000 0.048691 
0.951832 92.000000 0.048168 
0.956545 83.000000 0.043455 
0.954450 87.000000 0.045550 
0.956021 84.000000 0.043979 
0.952356 91.000000 0.047644 
0.952356 91.000000 0.047644 
0.947120 101.000000 0.052880 
0.951309 93.000000 0.048691 
0.954450 87.000000 0.045550 
0.952356 91.000000 0.047644 
0.950785 94.000000 0.049215 
0.952356 91.000000 0.047644 
0.953403 89.000000 0.046597 
0.948168 99.000000 0.051832 
0.954450 87.000000 0.045550 
0.955497 85.000000 0.044503 
0.948168 99.000000 0.051832 
0.958639 79.000000 0.041361 
0.945026 105.000000 0.054974 
0.951832 92.000000 0.048168 
0.953403 89.000000 0.046597 
0.953927 88.000000 0.046073 
0.957592 81.000000 0.042408 
0.952356 91.000000 0.047644 
0.953927 88.000000 0.046073 
0.951309 93.000000 0.048691 
0.950262 95.000000 0.049738 
0.954974 86.000000 0.045026 
0.951309 93.000000 0.048691 
0.948691 98.000000 0.051309 
0.956545 83.000000 0.043455 
0.960209 76.000000 0.039791 
0.948168 99.000000 0.051832 
0.950785 94.000000 0.049215 
0.951309 93.000000 0.048691 
0.949215 97.000000 0.050785 
0.952356 91.000000 0.047644 
0.948691 98.000000 0.051309 
0.950785 94.000000 0.049215 
0.954450 87.000000 0.045550 
0.951832 92.000000 0.048168 
0.950785 94.000000 0.049215 
0.950785 94.000000 0.049215 
0.952880 90.000000 0.047120 
0.948168 99.000000 0.051832 
0.961780 73.000000 0.038220 
0.951832 92.000000 0.048168 
0.954450 87.000000 0.045550 
0.950262 95.000000 0.049738 
0.951832 92.000000 0.048168 
0.957068 82.000000 0.042932 
0.954974 86.000000 0.045026 
0.949738 96.000000 0.050262 
0.950262 95.000000 0.049738 
0.950262 95.000000 0.049738 
0.951309 93.000000 0.048691 
0.950262 95.000000 0.049738 
0.956021 84.000000 0.043979 
0.953403 89.000000 0.046597 
0.952880 90.000000 0.047120 
0.950262 95.000000 0.049738 
0.956021 84.000000 0.043979 
0.958115 80.000000 0.041885 
0.945026 105.000000 0.054974 
0.949215 97.000000 0.050785 
0.949215 97.000000 0.050785 
0.951832 92.000000 0.048168 
0.951309 93.000000 0.048691 
0.953403 89.000000 0.046597 
0.953927 88.000000 0.046073 
0.952880 90.000000 0.047120 
0.954974 86.000000 0.045026 
0.957068 82.000000 0.042932 
0.952356 91.000000 0.047644 
0.950262 95.000000 0.049738 
0.951309 93.000000 0.048691 
0.949215 97.000000 0.050785 
0.952880 90.000000 0.047120 
0.954450 87.000000 0.045550 
0.951832 92.000000 0.048168 
0.954974 86.000000 0.045026 
0.947120 101.000000 0.052880 
0.950785 94.000000 0.049215 
0.953403 89.000000 0.046597 
0.954974 86.000000 0.045026 
0.955497 85.000000 0.044503 
0.953927 88.000000 0.046073 
0.951832 92.000000 0.048168 
0.958115 80.000000 0.041885 
0.946597 102.000000 0.053403 
0.956545 83.000000 0.043455 
0.953403 89.000000 0.046597 
0.946073 103.000000 0.053927 
0.949738 96.000000 0.050262 
0.947120 101.000000 0.052880 
0.954450 87.000000 0.045550 
0.948168 99.000000 0.051832 
0.952880 90.000000 0.047120 
0.956545 83.000000 0.043455 
0.952880 90.000000 0.047120 
0.949215 97.000000 0.050785 
0.953403 89.000000 0.046597 
0.949215 97.000000 0.050785 
0.948168 99.000000 0.051832 
0.952880 90.000000 0.047120 
0.951832 92.000000 0.048168 
0.953403 89.000000 0.046597 
0.953927 88.000000 0.046073 
0.957068 82.000000 0.042932 
0.953403 89.000000 0.046597 
0.959686 77.000000 0.040314 
0.952880 90.000000 0.047120 
0.947120 101.000000 0.052880 
0.951832 92.000000 0.048168 
0.953403 89.000000 0.046597 
0.948691 98.000000 0.051309 
0.952356 91.000000 0.047644 
0.952880 90.000000 0.047120 
0.950262 95.000000 0.049738 
0.956545 83.000000 0.043455 
0.952880 90.000000 0.047120 
0.955497 85.000000 0.044503 
0.955497 85.000000 0.044503 
0.946073 103.000000 0.053927 
0.951832 92.000000 0.048168 
0.946597 102.000000 0.053403 
0.953927 88.000000 0.046073 
0.948691 98.000000 0.051309 
0.952880 90.000000 0.047120 
0.947644 100.000000 0.052356 
0.951309 93.000000 0.048691 
0.947120 101.000000 0.052880 
0.952356 91.000000 0.047644 
0.953927 88.000000 0.046073 
0.947120 101.000000 0.052880 
0.949738 96.000000 0.050262 
0.953927 88.000000 0.046073 
0.952880 90.000000 0.047120 
0.953927 88.000000 0.046073 
0.952356 91.000000 0.047644 
0.949738 96.000000 0.050262 
0.956021 84.000000 0.043979 
0.952356 91.000000 0.047644 
0.946073 103.000000 0.053927 
0.953403 89.000000 0.046597 
0.952356 91.000000 0.047644 
0.947120 101.000000 0.052880 
0.950785 94.000000 0.049215 
0.956545 83.000000 0.043455 
0.948168 99.000000 0.051832 
0.956545 83.000000 0.043455 
0.957068 82.000000 0.042932 
0.948168 99.000000 0.051832 
0.943979 107.000000 0.056021 
0.949215 97.000000 0.050785 
0.955497 85.000000 0.044503 
0.951832 92.000000 0.048168 
0.952356 91.000000 0.047644 
0.950785 94.000000 0.049215 
0.952880 90.000000 0.047120 
0.954450 87.000000 0.045550 
0.953403 89.000000 0.046597 
0.950785 94.000000 0.049215 
0.951309 93.000000 0.048691 
0.949738 96.000000 0.050262 
0.953403 89.000000 0.046597 
0.949738 96.000000 0.050262 
0.949215 97.000000 0.050785 
0.951832 92.000000 0.048168 
0.952880 90.000000 0.047120 
0.949215 97.000000 0.050785 
0.947644 100.000000 0.052356 
0.952356 91.000000 0.047644 
0.952880 90.000000 0.047120 
0.950262 95.000000 0.049738 
0.950262 95.000000 0.049738 
0.957068 82.000000 0.042932 
0.957068 82.000000 0.042932 
0.953403 89.000000 0.046597 
0.950785 94.000000 0.049215 
0.955497 85.000000 0.044503 
0.951309 93.000000 0.048691 
0.951309 93.000000 0.048691 
0.951309 93.000000 0.048691 
0.949738 96.000000 0.050262 
0.953927 88.000000 0.046073 
0.950262 95.000000 0.049738 
0.947120 101.000000 0.052880 
0.948168 99.000000 0.051832 
0.953403 89.000000 0.046597 
0.950785 94.000000 0.049215 
0.955497 85.000000 0.044503 
0.952880 90.000000 0.047120 
0.956545 83.000000 0.043455 
0.952356 91.000000 0.047644 
0.948691 98.000000 0.051309 
0.948168 99.000000 0.051832 
0.949738 96.000000 0.050262 
0.945026 105.000000 0.054974 
0.953403 89.000000 0.046597 
0.951832 92.000000 0.048168 
0.951832 92.000000 0.048168 
0.949215 97.000000 0.050785 
0.957068 82.000000 0.042932 
0.950785 94.000000 0.049215 
0.956021 84.000000 0.043979 
0.949215 97.000000 0.050785 
0.953927 88.000000 0.046073 
0.953927 88.000000 0.046073 
0.949738 96.000000 0.050262 
0.948691 98.000000 0.051309 
0.948168 99.000000 0.051832 
0.950785 94.000000 0.049215 
0.946073 103.000000 0.053927 
0.954974 86.000000 0.045026 
0.948168 99.000000 0.051832 
0.950785 94.000000 0.049215 
0.952356 91.000000 0.047644 
0.947120 101.000000 0.052880 
0.947120 101.000000 0.052880 
0.951832 92.000000 0.048168 
0.957068 82.000000 0.042932 
0.951309 93.000000 0.048691 
0.949738 96.000000 0.050262 
0.948168 99.000000 0.051832 
0.957592 81.000000 0.042408 
0.948168 99.000000 0.051832 
0.951309 93.000000 0.048691 
0.949215 97.000000 0.050785 
0.961257 74.000000 0.038743 
0.956545 83.000000 0.043455 
0.951309 93.000000 0.048691 
0.951832 92.000000 0.048168 
0.952880 90.000000 0.047120 
0.952356 91.000000 0.047644 
0.956021 84.000000 0.043979 
0.958115 80.000000 0.041885 
0.948691 98.000000 0.051309 
0.951832 92.000000 0.048168 
0.948691 98.000000 0.051309 
0.956545 83.000000 0.043455 
0.951309 93.000000 0.048691 
0.953927 88.000000 0.046073 
0.951832 92.000000 0.048168 
0.954450 87.000000 0.045550 
0.949738 96.000000 0.050262 
0.956021 84.000000 0.043979 
0.953927 88.000000 0.046073 
0.954450 87.000000 0.045550 
0.956545 83.000000 0.043455 
0.946597 102.000000 0.053403 
0.951832 92.000000 0.048168 
0.955497 85.000000 0.044503 
0.950785 94.000000 0.049215 
0.952880 90.000000 0.047120 
0.953403 89.000000 0.046597 
0.948691 98.000000 0.051309 
0.957068 82.000000 0.042932 
0.948691 98.000000 0.051309 
0.952356 91.000000 0.047644 
0.950262 95.000000 0.049738 
0.953927 88.000000 0.046073 
0.954974 86.000000 0.045026 
0.951832 92.000000 0.048168 
0.951832 92.000000 0.048168 
0.951832 92.000000 0.048168 
0.948168 99.000000 0.051832 
0.951832 92.000000 0.048168 
0.956545 83.000000 0.043455 
0.950262 95.000000 0.049738 
0.949738 96.000000 0.050262 
0.952880 90.000000 0.047120 
0.954450 87.000000 0.045550 
0.950262 95.000000 0.049738 
0.954974 86.000000 0.045026 
0.951309 93.000000 0.048691 
0.960209 76.000000 0.039791 
0.956545 83.000000 0.043455 
0.956021 84.000000 0.043979 
0.957592 81.000000 0.042408 
0.953403 89.000000 0.046597 
0.951309 93.000000 0.048691 
0.943455 108.000000 0.056545 
0.943979 107.000000 0.056021 
0.947644 100.000000 0.052356 
0.953927 88.000000 0.046073 
0.956021 84.000000 0.043979 
0.950785 94.000000 0.049215 
0.952356 91.000000 0.047644 
0.950785 94.000000 0.049215 
0.953403 89.000000 0.046597 
0.948168 99.000000 0.051832 
0.950785 94.000000 0.049215 
0.952880 90.000000 0.047120 
0.951309 93.000000 0.048691 
0.951309 93.000000 0.048691 
0.949738 96.000000 0.050262 
0.952880 90.000000 0.047120 
0.955497 85.000000 0.044503 
0.954450 87.000000 0.045550 
0.950785 94.000000 0.049215 
0.957592 81.000000 0.042408 
0.956021 84.000000 0.043979 
0.951309 93.000000 0.048691 
0.953927 88.000000 0.046073 
0.949738 96.000000 0.050262 
0.948691 98.000000 0.051309 
0.952880 90.000000 0.047120 
0.954974 86.000000 0.045026 
0.950785 94.000000 0.049215 
0.949738 96.000000 0.050262 
0.951309 93.000000 0.048691 
0.950785 94.000000 0.049215 
0.949215 97.000000 0.050785 
0.951832 92.000000 0.048168 
0.948691 98.000000 0.051309 
0.948691 98.000000 0.051309 
0.957592 81.000000 0.042408 
0.951309 93.000000 0.048691 
0.951309 93.000000 0.048691 
0.948691 98.000000 0.051309 
0.955497 85.000000 0.044503 
0.947644 100.000000 0.052356 
0.959686 77.000000 0.040314 
0.948691 98.000000 0.051309 
0.951832 92.000000 0.048168 
0.948691 98.000000 0.051309 
0.950785 94.000000 0.049215 
0.949738 96.000000 0.050262 
0.949215 97.000000 0.050785 
0.951309 93.000000 0.048691 
0.955497 85.000000 0.044503 
0.954974 86.000000 0.045026 
0.949215 97.000000 0.050785 
0.954450 87.000000 0.045550 
0.955497 85.000000 0.044503 
0.950262 95.000000 0.049738 
0.960209 76.000000 0.039791 
0.953927 88.000000 0.046073 
0.949215 97.000000 0.050785 
0.952880 90.000000 0.047120 
0.953403 89.000000 0.046597 
0.950262 95.000000 0.049738 
0.950785 94.000000 0.049215 
0.953927 88.000000 0.046073 
0.948168 99.000000 0.051832 
0.953927 88.000000 0.046073 
0.957592 81.000000 0.042408 
0.947120 101.000000 0.052880 
0.951309 93.000000 0.048691 
0.948691 98.000000 0.051309 
0.956545 83.000000 0.043455 
0.953403 89.000000 0.046597 
0.948691 98.000000 0.051309 
0.949215 97.000000 0.050785 
0.956545 83.000000 0.043455 
0.950785 94.000000 0.049215 
0.958115 80.000000 0.041885 
0.955497 85.000000 0.044503 
0.953403 89.000000 0.046597 
0.949738 96.000000 0.050262 
0.946073 103.000000 0.053927 
0.953403 89.000000 0.046597 
0.950262 95.000000 0.049738 
0.951309 93.000000 0.048691 
0.947120 101.000000 0.052880 
0.958115 80.000000 0.041885 
0.953403 89.000000 0.046597 
0.950262 95.000000 0.049738 
0.946597 102.000000 0.053403 
0.950785 94.000000 0.049215 
0.948691 98.000000 0.051309 
0.951832 92.000000 0.048168 
0.951832 92.000000 0.048168 
0.949738 96.000000 0.050262 
0.952880 90.000000 0.047120 
0.950785 94.000000 0.049215 
0.951832 92.000000 0.048168 
0.953403 89.000000 0.046597 
0.952356 91.000000 0.047644 
0.951309 93.000000 0.048691 
0.946597 102.000000 0.053403 
0.951309 93.000000 0.048691 
0.951309 93.000000 0.048691 
0.952356 91.000000 0.047644 
0.948168 99.000000 0.051832 
0.949738 96.000000 0.050262 
0.950785 94.000000 0.049215 
0.952880 90.000000 0.047120 
0.953403 89.000000 0.046597 
0.945026 105.000000 0.054974 
0.948691 98.000000 0.051309 
0.951832 92.000000 0.048168 
0.953403 89.000000 0.046597 
0.949738 96.000000 0.050262 
0.952880 90.000000 0.047120 
0.954974 86.000000 0.045026 
0.951309 93.000000 0.048691 
0.954974 86.000000 0.045026 
0.948691 98.000000 0.051309 
0.956545 83.000000 0.043455 
0.949215 97.000000 0.050785 
0.955497 85.000000 0.044503 
0.950262 95.000000 0.049738 
0.952356 91.000000 0.047644 
0.954450 87.000000 0.045550 
0.942932 109.000000 0.057068 
0.950785 94.000000 0.049215 
0.951309 93.000000 0.048691 
0.957068 82.000000 0.042932 
0.955497 85.000000 0.044503 
0.949738 96.000000 0.050262 
0.956021 84.000000 0.043979 
0.948691 98.000000 0.051309 
0.953927 88.000000 0.046073 
0.950785 94.000000 0.049215 
0.956545 83.000000 0.043455 
0.955497 85.000000 0.044503 
0.954974 86.000000 0.045026 
0.954974 86.000000 0.045026 
0.954450 87.000000 0.045550 
0.961257 74.000000 0.038743 
0.956021 84.000000 0.043979 
0.951309 93.000000 0.048691 
0.954450 87.000000 0.045550 
0.951832 92.000000 0.048168 
0.951309 93.000000 0.048691 
0.954450 87.000000 0.045550 
0.951832 92.000000 0.048168 
0.954974 86.000000 0.045026 
0.948168 99.000000 0.051832 
0.956545 83.000000 0.043455 
0.949215 97.000000 0.050785 
0.954974 86.000000 0.045026 
0.951832 92.000000 0.048168 
0.954450 87.000000 0.045550 
0.953403 89.000000 0.046597 
0.951309 93.000000 0.048691 
0.950785 94.000000 0.049215 
0.954974 86.000000 0.045026 
0.953927 88.000000 0.046073 
0.952356 91.000000 0.047644 
0.951832 92.000000 0.048168 
0.955497 85.000000 0.044503 
0.951309 93.000000 0.048691 
0.954974 86.000000 0.045026 
0.953927 88.000000 0.046073 
0.955497 85.000000 0.044503 
0.949738 96.000000 0.050262 
0.949738 96.000000 0.050262 
0.956545 83.000000 0.043455 
0.954974 86.000000 0.045026 
0.952880 90.000000 0.047120 
0.952880 90.000000 0.047120 
0.948691 98.000000 0.051309 
0.954450 87.000000 0.045550 
0.956545 83.000000 0.043455 
0.946073 103.000000 0.053927 
0.952356 91.000000 0.047644 
0.947644 100.000000 0.052356 
0.952356 91.000000 0.047644 
0.951832 92.000000 0.048168 
0.954450 87.000000 0.045550 
0.950785 94.000000 0.049215 
0.945550 104.000000 0.054450 
0.951832 92.000000 0.048168 
0.956021 84.000000 0.043979 
0.956021 84.000000 0.043979 
0.951309 93.000000 0.048691 
0.941885 111.000000 0.058115 
0.948168 99.000000 0.051832 
0.954450 87.000000 0.045550 
0.952356 91.000000 0.047644 
0.946597 102.000000 0.053403 
0.950785 94.000000 0.049215 
0.954974 86.000000 0.045026 
0.949738 96.000000 0.050262 
0.948168 99.000000 0.051832 
0.949215 97.000000 0.050785 
0.954450 87.000000 0.045550 
0.951832 92.000000 0.048168 
0.953403 89.000000 0.046597 
0.957592 81.000000 0.042408 
0.945026 105.000000 0.054974 
0.954450 87.000000 0.045550 
0.953927 88.000000 0.046073 
0.948168 99.000000 0.051832 
0.952880 90.000000 0.047120 
0.950262 95.000000 0.049738 
0.951309 93.000000 0.048691 
0.952880 90.000000 0.047120 
0.951309 93.000000 0.048691 
0.953927 88.000000 0.046073 
0.957068 82.000000 0.042932 
0.950262 95.000000 0.049738 
0.951832 92.000000 0.048168 
0.953403 89.000000 0.046597 
0.953927 88.000000 0.046073 
0.950785 94.000000 0.049215 
0.949738 96.000000 0.050262 
0.949738 96.000000 0.050262 
0.944503 106.000000 0.055497 
0.951309 93.000000 0.048691 
0.946073 103.000000 0.053927 
0.953403 89.000000 0.046597 
0.951309 93.000000 0.048691 
0.948691 98.000000 0.051309 
0.953403 89.000000 0.046597 
0.952356 91.000000 0.047644 
0.958639 79.000000 0.041361 
0.954450 87.000000 0.045550 
0.960209 76.000000 0.039791 
0.951832 92.000000 0.048168 
0.951309 93.000000 0.048691 
0.943979 107.000000 0.056021 
0.954450 87.000000 0.045550 
0.948691 98.000000 0.051309 
0.949738 96.000000 0.050262 
0.952356 91.000000 0.047644 
0.949738 96.000000 0.050262 
0.952356 91.000000 0.047644 
0.947644 100.000000 0.052356 
0.951309 93.000000 0.048691 
0.954450 87.000000 0.045550 
0.956545 83.000000 0.043455 
0.957592 81.000000 0.042408 
0.944503 106.000000 0.055497 
0.950785 94.000000 0.049215 
0.951832 92.000000 0.048168 
0.951832 92.000000 0.048168 
0.952880 90.000000 0.047120 
0.952880 90.000000 0.047120 
0.952356 91.000000 0.047644 
0.959162 78.000000 0.040838 
0.957068 82.000000 0.042932 
0.952880 90.000000 0.047120 
0.949738 96.000000 0.050262 
0.952880 90.000000 0.047120 
0.951832 92.000000 0.048168 
0.950785 94.000000 0.049215 
0.956545 83.000000 0.043455 
0.957592 81.000000 0.042408 
0.950262 95.000000 0.049738 
0.958115 80.000000 0.041885 
0.948168 99.000000 0.051832 
0.954450 87.000000 0.045550 
0.952880 90.000000 0.047120 
0.951309 93.000000 0.048691 
0.953403 89.000000 0.046597 
0.949215 97.000000 0.050785 
0.949215 97.000000 0.050785 
0.953927 88.000000 0.046073 
0.949215 97.000000 0.050785 
0.954974 86.000000 0.045026 
0.952880 90.000000 0.047120 
0.952356 91.000000 0.047644 
0.949215 97.000000 0.050785 
0.950785 94.000000 0.049215 
0.951309 93.000000 0.048691 
0.949738 96.000000 0.050262 
0.951832 92.000000 0.048168 
0.945550 104.000000 0.054450 
0.953403 89.000000 0.046597 
0.954450 87.000000 0.045550 
0.950262 95.000000 0.049738 
0.957068 82.000000 0.042932 
0.952880 90.000000 0.047120 
0.951832 92.000000 0.048168 
0.956021 84.000000 0.043979 
0.957068 82.000000 0.042932 
0.948168 99.000000 0.051832 
0.951832 92.000000 0.048168 
0.952880 90.000000 0.047120 
0.950262 95.000000 0.049738 
0.949215 97.000000 0.050785 
0.953927 88.000000 0.046073 
0.952356 91.000000 0.047644 
0.952356 91.000000 0.047644 
0.950785 94.000000 0.049215 
0.954974 86.000000 0.045026 
0.946073 103.000000 0.053927 
0.955497 85.000000 0.044503 
0.945550 104.000000 0.054450 
0.950262 95.000000 0.049738 
0.953403 89.000000 0.046597 
0.952880 90.000000 0.047120 
0.955497 85.000000 0.044503 
0.952880 90.000000 0.047120 
0.953927 88.000000 0.046073 
0.948691 98.000000 0.051309 
0.956545 83.000000 0.043455 
0.956021 84.000000 0.043979 
0.954974 86.000000 0.045026 
0.952356 91.000000 0.047644 
0.949738 96.000000 0.050262 
0.949215 97.000000 0.050785 
0.952880 90.000000 0.047120 
0.952880 90.000000 0.047120 
0.953403 89.000000 0.046597 
0.948691 98.000000 0.051309 
0.951832 92.000000 0.048168 
0.952880 90.000000 0.047120 
0.957592 81.000000 0.042408 
0.946597 102.000000 0.053403 
0.957068 82.000000 0.042932 
0.950785 94.000000 0.049215 
0.954450 87.000000 0.045550 
0.949215 97.000000 0.050785 
0.950785 94.000000 0.049215 
0.947644 100.000000 0.052356 
0.953927 88.000000 0.046073 
0.949215 97.000000 0.050785 
0.954450 87.000000 0.045550 
0.953927 88.000000 0.046073 
0.950785 94.000000 0.049215 
0.949738 96.000000 0.050262 
0.957068 82.000000 0.042932 
0.953403 89.000000 0.046597 
0.953403 89.000000 0.046597 
0.951832 92.000000 0.048168 
0.953927 88.000000 0.046073 
0.950785 94.000000 0.049215 
0.948691 98.000000 0.051309 
0.953927 88.000000 0.046073 
0.949215 97.000000 0.050785 
0.953927 88.000000 0.046073 
0.950262 95.000000 0.049738 
0.961257 74.000000 0.038743 
0.950785 94.000000 0.049215 
0.954450 87.000000 0.045550 
0.953403 89.000000 0.046597 
0.954450 87.000000 0.045550 
0.960733 75.000000 0.039267 
0.952356 91.000000 0.047644 
0.959686 77.000000 0.040314 
0.957592 81.000000 0.042408 
0.953927 88.000000 0.046073 
0.950262 95.000000 0.049738 
0.946597 102.000000 0.053403 
0.960209 76.000000 0.039791 
0.953927 88.000000 0.046073 
0.957592 81.000000 0.042408 
0.952356 91.000000 0.047644 
0.952880 90.000000 0.047120 
0.958115 80.000000 0.041885 
0.953927 88.000000 0.046073 
0.954974 86.000000 0.045026 
0.958639 79.000000 0.041361 
0.953403 89.000000 0.046597 
0.952356 91.000000 0.047644 
0.951309 93.000000 0.048691 
0.948691 98.000000 0.051309 
0.958115 80.000000 0.041885 
0.954450 87.000000 0.045550 
0.958115 80.000000 0.041885 
0.953403 89.000000 0.046597 
0.957592 81.000000 0.042408 
0.953927 88.000000 0.046073 
0.951309 93.000000 0.048691 
0.959162 78.000000 0.040838 
0.951309 93.000000 0.048691 
0.947644 100.000000 0.052356 
0.951832 92.000000 0.048168 
0.951309 93.000000 0.048691 
0.952880 90.000000 0.047120 
0.946597 102.000000 0.053403 
0.955497 85.000000 0.044503 
0.953927 88.000000 0.046073 
0.952880 90.000000 0.047120 
0.952880 90.000000 0.047120 
0.949215 97.000000 0.050785 
0.957592 81.000000 0.042408 
0.949215 97.000000 0.050785 
0.947644 100.000000 0.052356 
0.953927 88.000000 0.046073 
0.951309 93.000000 0.048691 
0.951832 92.000000 0.048168 
0.951832 92.000000 0.048168 
0.950262 95.000000 0.049738 
0.952880 90.000000 0.047120 
0.950262 95.000000 0.049738 
0.952880 90.000000 0.047120 
0.949738 96.000000 0.050262 
0.946073 103.000000 0.053927 
0.951309 93.000000 0.048691 
0.957068 82.000000 0.042932 
0.952356 91.000000 0.047644 
0.950262 95.000000 0.049738 
0.952356 91.000000 0.047644 
0.956021 84.000000 0.043979 
0.946073 103.000000 0.053927 
0.952356 91.000000 0.047644 
0.953403 89.000000 0.046597 
0.954450 87.000000 0.045550 
0.949738 96.000000 0.050262 
0.950785 94.000000 0.049215 
0.949215 97.000000 0.050785 
0.947644 100.000000 0.052356 
0.953927 88.000000 0.046073 
0.946597 102.000000 0.053403 
0.951309 93.000000 0.048691 
0.948168 99.000000 0.051832 
0.947120 101.000000 0.052880 
0.953403 89.000000 0.046597 
0.949738 96.000000 0.050262 
0.956545 83.000000 0.043455 
0.948691 98.000000 0.051309 
0.946597 102.000000 0.053403 
0.947644 100.000000 0.052356 
0.947120 101.000000 0.052880 
0.952880 90.000000 0.047120 
0.949215 97.000000 0.050785 
0.955497 85.000000 0.044503 
0.950262 95.000000 0.049738 
0.950785 94.000000 0.049215 
0.952880 90.000000 0.047120 
0.945550 104.000000 0.054450 
0.955497 85.000000 0.044503 
0.954450 87.000000 0.045550 
0.946597 102.000000 0.053403 
0.956021 84.000000 0.043979 
0.952356 91.000000 0.047644 
0.951832 92.000000 0.048168 
0.950262 95.000000 0.049738 
0.950785 94.000000 0.049215 
0.946597 102.000000 0.053403 
0.954974 86.000000 0.045026 
0.951309 93.000000 0.048691 
0.948691 98.000000 0.051309 
0.956545 83.000000 0.043455 
0.954450 87.000000 0.045550 
0.957592 81.000000 0.042408 
0.947644 100.000000 0.052356 
0.948691 98.000000 0.051309 
0.951832 92.000000 0.048168 
0.952880 90.000000 0.047120 
0.946597 102.000000 0.053403 
0.950262 95.000000 0.049738 
0.952880 90.000000 0.047120 
0.951309 93.000000 0.048691 
0.957592 81.000000 0.042408 
0.954450 87.000000 0.045550 
0.953403 89.000000 0.046597 
0.954974 86.000000 0.045026 
0.958639 79.000000 0.041361 
0.948691 98.000000 0.051309 
0.952356 91.000000 0.047644 
0.949738 96.000000 0.050262 
0.951309 93.000000 0.048691 
0.949215 97.000000 0.050785 
0.953927 88.000000 0.046073 
0.956545 83.000000 0.043455 
0.950785 94.000000 0.049215 
0.952880 90.000000 0.047120 
0.949738 96.000000 0.050262 
0.949215 97.000000 0.050785 
0.952356 91.000000 0.047644 
0.950262 95.000000 0.049738 
0.951832 92.000000 0.048168 
0.955497 85.000000 0.044503 
0.951309 93.000000 0.048691 
0.951832 92.000000 0.048168 
0.950785 94.000000 0.049215 
0.951832 92.000000 0.048168 
0.953403 89.000000 0.046597 
0.956545 83.000000 0.043455 
0.949738 96.000000 0.050262 
0.954450 87.000000 0.045550 
0.953403 89.000000 0.046597 
0.953927 88.000000 0.046073 
0.951309 93.000000 0.048691 
0.953927 88.000000 0.046073 
0.953927 88.000000 0.046073 
0.954974 86.000000 0.045026 
0.947120 101.000000 0.052880 
0.955497 85.000000 0.044503 
0.954450 87.000000 0.045550 
0.953403 89.000000 0.046597 
0.950785 94.000000 0.049215 
0.954974 86.000000 0.045026 
0.951309 93.000000 0.048691 
0.949738 96.000000 0.050262 
0.948691 98.000000 0.051309 
0.948691 98.000000 0.051309 
0.956545 83.000000 0.043455 
0.950785 94.000000 0.049215 
0.953403 89.000000 0.046597 
0.951309 93.000000 0.048691 
0.949738 96.000000 0.050262 
0.952880 90.000000 0.047120 
0.948168 99.000000 0.051832 
0.951309 93.000000 0.048691 
0.951832 92.000000 0.048168 
0.959162 78.000000 0.040838 
0.952356 91.000000 0.047644 
0.954974 86.000000 0.045026 
0.946073 103.000000 0.053927 
0.945026 105.000000 0.054974 
0.957592 81.000000 0.042408 
0.947644 100.000000 0.052356 
0.954974 86.000000 0.045026 
0.954450 87.000000 0.045550 
0.949215 97.000000 0.050785 
0.959162 78.000000 0.040838 
0.957068 82.000000 0.042932 
0.951832 92.000000 0.048168 
0.947644 100.000000 0.052356 
0.953927 88.000000 0.046073 
0.952356 91.000000 0.047644 
0.950785 94.000000 0.049215 
0.951309 93.000000 0.048691 
0.949738 96.000000 0.050262 
0.957068 82.000000 0.042932 
0.951832 92.000000 0.048168 
0.957592 81.000000 0.042408 
0.953403 89.000000 0.046597 
0.946597 102.000000 0.053403 
0.949215 97.000000 0.050785 
0.951832 92.000000 0.048168 
0.951832 92.000000 0.048168 
0.952356 91.000000 0.047644 
0.949738 96.000000 0.050262 
0.948691 98.000000 0.051309 
0.946597 102.000000 0.053403 
0.955497 85.000000 0.044503 
0.953403 89.000000 0.046597 
0.956021 84.000000 0.043979 
0.950262 95.000000 0.049738 
0.955497 85.000000 0.044503 
0.958115 80.000000 0.041885 
0.958639 79.000000 0.041361 
0.946597 102.000000 0.053403 
0.952880 90.000000 0.047120 
0.954974 86.000000 0.045026 
0.949738 96.000000 0.050262 
0.953403 89.000000 0.046597 
0.950785 94.000000 0.049215 
0.954450 87.000000 0.045550 
0.958115 80.000000 0.041885 
0.945026 105.000000 0.054974 
0.952356 91.000000 0.047644 
0.953403 89.000000 0.046597 
0.956545 83.000000 0.043455 
0.952880 90.000000 0.047120 
0.951832 92.000000 0.048168 
0.951309 93.000000 0.048691 
0.948168 99.000000 0.051832 
0.952356 91.000000 0.047644 
0.950262 95.000000 0.049738 
0.951309 93.000000 0.048691 
0.948691 98.000000 0.051309 
0.943979 107.000000 0.056021 
0.953927 88.000000 0.046073 
0.954450 87.000000 0.045550 
0.955497 85.000000 0.044503 
0.949215 97.000000 0.050785 
0.953403 89.000000 0.046597 
0.951309 93.000000 0.048691 
0.956021 84.000000 0.043979 
0.954974 86.000000 0.045026 
0.952880 90.000000 0.047120 
0.951832 92.000000 0.048168 
0.952356 91.000000 0.047644 
0.957592 81.000000 0.042408 
0.951832 92.000000 0.048168 
0.951832 92.000000 0.048168 
0.950785 94.000000 0.049215 
0.953403 89.000000 0.046597 
0.949215 97.000000 0.050785 
0.952880 90.000000 0.047120 
0.953403 89.000000 0.046597 
0.949215 97.000000 0.050785 
0.956021 84.000000 0.043979 
0.950785 94.000000 0.049215 
0.951832 92.000000 0.048168 
0.947644 100.000000 0.052356 
0.955497 85.000000 0.044503 
0.948168 99.000000 0.051832 
0.953403 89.000000 0.046597 
0.949215 97.000000 0.050785 
0.951309 93.000000 0.048691 
0.959686 77.000000 0.040314 
0.952356 91.000000 0.047644 
0.953927 88.000000 0.046073 
0.951309 93.000000 0.048691 
0.949738 96.000000 0.050262 
0.955497 85.000000 0.044503 
0.955497 85.000000 0.044503 
0.956545 83.000000 0.043455 
0.957592 81.000000 0.042408 
0.946597 102.000000 0.053403 
0.956021 84.000000 0.043979 
0.949215 97.000000 0.050785 
0.948168 99.000000 0.051832 
0.946597 102.000000 0.053403 
0.955497 85.000000 0.044503 
0.950262 95.000000 0.049738 
0.955497 85.000000 0.044503 
0.958639 79.000000 0.041361 
0.953403 89.000000 0.046597 
0.951832 92.000000 0.048168 
0.950262 95.000000 0.049738 
0.950262 95.000000 0.049738 
0.955497 85.000000 0.044503 
0.947120 101.000000 0.052880 
0.958639 79.000000 0.041361 
0.952356 91.000000 0.047644 
0.952880 90.000000 0.047120 
0.948168 99.000000 0.051832 
0.953927 88.000000 0.046073 
0.954974 86.000000 0.045026 
0.952356 91.000000 0.047644 
0.952356 91.000000 0.047644 
0.950785 94.000000 0.049215 
0.950262 95.000000 0.049738 
0.948168 99.000000 0.051832 
0.951832 92.000000 0.048168 
0.953403 89.000000 0.046597 
0.951309 93.000000 0.048691 
0.954450 87.000000 0.045550 
0.952880 90.000000 0.047120 
0.949738 96.000000 0.050262 
0.953927 88.000000 0.046073 
0.952880 90.000000 0.047120 
0.953403 89.000000 0.046597 
0.951309 93.000000 0.048691 
0.958115 80.000000 0.041885 
0.952880 90.000000 0.047120 
0.956021 84.000000 0.043979 
0.952356 91.000000 0.047644 
0.952356 91.000000 0.047644 
0.948691 98.000000 0.051309 
0.961257 74.000000 0.038743 
0.951309 93.000000 0.048691 
0.954974 86.000000 0.045026 
0.953927 88.000000 0.046073 
0.948168 99.000000 0.051832 
0.949738 96.000000 0.050262 
0.951832 92.000000 0.048168 
0.949215 97.000000 0.050785 
0.947644 100.000000 0.052356 
0.953927 88.000000 0.046073 
0.948168 99.000000 0.051832 
0.950262 95.000000 0.049738 
0.948691 98.000000 0.051309 
0.954450 87.000000 0.045550 
0.951309 93.000000 0.048691 
0.951309 93.000000 0.048691 
0.954974 86.000000 0.045026 
0.951309 93.000000 0.048691 
0.948168 99.000000 0.051832 
0.953927 88.000000 0.046073 
0.950785 94.000000 0.049215 
0.951309 93.000000 0.048691 
0.955497 85.000000 0.044503 
0.953927 88.000000 0.046073 
0.951309 93.000000 0.048691 
0.952880 90.000000 0.047120 
0.949215 97.000000 0.050785 
0.949215 97.000000 0.050785 
0.953403 89.000000 0.046597 
0.950262 95.000000 0.049738 
0.954974 86.000000 0.045026 
0.951832 92.000000 0.048168 
0.951832 92.000000 0.048168 
0.950262 95.000000 0.049738 
0.955497 85.000000 0.044503 
0.949215 97.000000 0.050785 
0.948168 99.000000 0.051832 
0.958115 80.000000 0.041885 
0.943979 107.000000 0.056021 
0.949738 96.000000 0.050262 
0.947644 100.000000 0.052356 
0.952356 91.000000 0.047644 
0.947644 100.000000 0.052356 
0.956021 84.000000 0.043979 
0.944503 106.000000 0.055497 
0.953403 89.000000 0.046597 
0.951309 93.000000 0.048691 
0.952880 90.000000 0.047120 
0.952880 90.000000 0.047120 
0.947644 100.000000 0.052356 
0.949215 97.000000 0.050785 
0.957592 81.000000 0.042408 
0.950262 95.000000 0.049738 
0.948691 98.000000 0.051309 
0.952356 91.000000 0.047644 
0.950785 94.000000 0.049215 
0.949215 97.000000 0.050785 
0.949738 96.000000 0.050262 
0.954974 86.000000 0.045026 
0.951832 92.000000 0.048168 
0.954974 86.000000 0.045026 
0.949738 96.000000 0.050262 
0.946073 103.000000 0.053927 
0.949738 96.000000 0.050262 
0.948168 99.000000 0.051832 
0.947644 100.000000 0.052356 
0.950262 95.000000 0.049738 
0.954450 87.000000 0.045550 
0.952356 91.000000 0.047644 
0.953403 89.000000 0.046597 
0.952356 91.000000 0.047644 
0.958639 79.000000 0.041361 
0.953927 88.000000 0.046073 
0.950785 94.000000 0.049215 
0.949738 96.000000 0.050262 
0.950785 94.000000 0.049215 
0.950785 94.000000 0.049215 
0.958639 79.000000 0.041361 
0.953403 89.000000 0.046597 
0.950785 94.000000 0.049215 
0.953403 89.000000 0.046597 
0.957592 81.000000 0.042408 
0.950785 94.000000 0.049215 
0.953927 88.000000 0.046073 
0.953927 88.000000 0.046073 
0.953403 89.000000 0.046597 
0.952356 91.000000 0.047644 
0.950785 94.000000 0.049215 
0.953927 88.000000 0.046073 
0.951309 93.000000 0.048691 
0.951309 93.000000 0.048691 
0.950785 94.000000 0.049215 
0.953927 88.000000 0.046073 
0.948691 98.000000 0.051309 
0.951309 93.000000 0.048691 
0.952356 91.000000 0.047644 
0.956545 83.000000 0.043455 
0.949738 96.000000 0.050262 
0.956545 83.000000 0.043455 
0.956545 83.000000 0.043455 
0.954974 86.000000 0.045026 
0.950262 95.000000 0.049738 
0.950785 94.000000 0.049215 
