0.536863 21.000000 0.015108 
0.533725 29.000000 0.020863 
0.537647 19.000000 0.013669 
0.535686 24.000000 0.017266 
0.534902 26.000000 0.018705 
0.540784 11.000000 0.007914 
0.536863 21.000000 0.015108 
0.539216 15.000000 0.010791 
0.531765 34.000000 0.024460 
0.534510 27.000000 0.019424 
0.539216 15.000000 0.010791 
0.538039 18.000000 0.012950 
0.536078 23.000000 0.016547 
0.534510 27.000000 0.019424 
0.536863 21.000000 0.015108 
0.545098 0.000000 0.000000 
0.533333 30.000000 0.021583 
0.536863 21.000000 0.015108 
0.534510 27.000000 0.019424 
0.541569 9.000000 0.006475 
0.538039 18.000000 0.012950 
0.536863 21.000000 0.015108 
0.542745 6.000000 0.004317 
0.537647 19.000000 0.013669 
0.536078 23.000000 0.016547 
0.530588 37.000000 0.026619 
0.531765 34.000000 0.024460 
0.537647 19.000000 0.013669 
0.541176 10.000000 0.007194 
0.540392 12.000000 0.008633 
0.541569 9.000000 0.006475 
0.541961 8.000000 0.005755 
0.542353 7.000000 0.005036 
0.545098 0.000000 0.000000 
0.530588 37.000000 0.026619 
0.536863 21.000000 0.015108 
0.533333 30.000000 0.021583 
0.542353 7.000000 0.005036 
0.541569 9.000000 0.006475 
0.531373 35.000000 0.025180 
0.533333 30.000000 0.021583 
0.536471 22.000000 0.015827 
0.535294 25.000000 0.017986 
0.536078 23.000000 0.016547 
0.533725 29.000000 0.020863 
0.536471 22.000000 0.015827 
0.541176 10.000000 0.007194 
0.542745 6.000000 0.004317 
0.545098 0.000000 0.000000 
0.541176 10.000000 0.007194 
0.534510 27.000000 0.019424 
0.534902 26.000000 0.018705 
0.538039 18.000000 0.012950 
0.533333 30.000000 0.021583 
0.542353 7.000000 0.005036 
0.541961 8.000000 0.005755 
0.545098 0.000000 0.000000 
0.536863 21.000000 0.015108 
0.538431 17.000000 0.012230 
0.536471 22.000000 0.015827 
0.545098 0.000000 0.000000 
0.541569 9.000000 0.006475 
0.540784 11.000000 0.007914 
0.542353 7.000000 0.005036 
0.538039 18.000000 0.012950 
0.540000 13.000000 0.009353 
0.541176 10.000000 0.007194 
0.541961 8.000000 0.005755 
0.537647 19.000000 0.013669 
0.532549 32.000000 0.023022 
0.541569 9.000000 0.006475 
0.535294 25.000000 0.017986 
0.532941 31.000000 0.022302 
0.542353 7.000000 0.005036 
0.538824 16.000000 0.011511 
0.534118 28.000000 0.020144 
0.536863 21.000000 0.015108 
0.535294 25.000000 0.017986 
0.541176 10.000000 0.007194 
0.532549 32.000000 0.023022 
0.541961 8.000000 0.005755 
0.537255 20.000000 0.014388 
0.540000 13.000000 0.009353 
0.537647 19.000000 0.013669 
0.530588 37.000000 0.026619 
0.536471 22.000000 0.015827 
0.536863 21.000000 0.015108 
0.541961 8.000000 0.005755 
0.537647 19.000000 0.013669 
0.536863 21.000000 0.015108 
0.545098 0.000000 0.000000 
0.536078 23.000000 0.016547 
0.537647 19.000000 0.013669 
0.536471 22.000000 0.015827 
0.531765 34.000000 0.024460 
0.536471 22.000000 0.015827 
0.533725 29.000000 0.020863 
0.538039 18.000000 0.012950 
0.533333 30.000000 0.021583 
0.533725 29.000000 0.020863 
0.536863 21.000000 0.015108 
0.537647 19.000000 0.013669 
0.541569 9.000000 0.006475 
0.533725 29.000000 0.020863 
0.541569 9.000000 0.006475 
0.534902 26.000000 0.018705 
0.538431 17.000000 0.012230 
0.537255 20.000000 0.014388 
0.535686 24.000000 0.017266 
0.538824 16.000000 0.011511 
0.541176 10.000000 0.007194 
0.540392 12.000000 0.008633 
0.537647 19.000000 0.013669 
0.529412 40.000000 0.028777 
0.540000 13.000000 0.009353 
0.538824 16.000000 0.011511 
0.541569 9.000000 0.006475 
0.536863 21.000000 0.015108 
0.535686 24.000000 0.017266 
0.532549 32.000000 0.023022 
0.537647 19.000000 0.013669 
0.542353 7.000000 0.005036 
0.534510 27.000000 0.019424 
0.538824 16.000000 0.011511 
0.534118 28.000000 0.020144 
0.534902 26.000000 0.018705 
0.536863 21.000000 0.015108 
0.532157 33.000000 0.023741 
0.543137 5.000000 0.003597 
0.530980 36.000000 0.025899 
0.545098 0.000000 0.000000 
0.534902 26.000000 0.018705 
0.535294 25.000000 0.017986 
0.540784 11.000000 0.007914 
0.536863 21.000000 0.015108 
0.545098 0.000000 0.000000 
0.538824 16.000000 0.011511 
0.541176 10.000000 0.007194 
0.538431 17.000000 0.012230 
0.537647 19.000000 0.013669 
0.537255 20.000000 0.014388 
0.538431 17.000000 0.012230 
0.540784 11.000000 0.007914 
0.537647 19.000000 0.013669 
0.535294 25.000000 0.017986 
0.534118 28.000000 0.020144 
0.537255 20.000000 0.014388 
0.536863 21.000000 0.015108 
0.534510 27.000000 0.019424 
0.530588 37.000000 0.026619 
0.534118 28.000000 0.020144 
0.540392 12.000000 0.008633 
0.541176 10.000000 0.007194 
0.540784 11.000000 0.007914 
0.534902 26.000000 0.018705 
0.535294 25.000000 0.017986 
0.542353 7.000000 0.005036 
0.539608 14.000000 0.010072 
0.540784 11.000000 0.007914 
0.540392 12.000000 0.008633 
0.533333 30.000000 0.021583 
0.532941 31.000000 0.022302 
0.542353 7.000000 0.005036 
0.534902 26.000000 0.018705 
0.534902 26.000000 0.018705 
0.536863 21.000000 0.015108 
0.536863 21.000000 0.015108 
0.540784 11.000000 0.007914 
0.534902 26.000000 0.018705 
0.534118 28.000000 0.020144 
0.541961 8.000000 0.005755 
0.532941 31.000000 0.022302 
0.537647 19.000000 0.013669 
0.538431 17.000000 0.012230 
0.545098 0.000000 0.000000 
0.537255 20.000000 0.014388 
0.537647 19.000000 0.013669 
0.542353 7.000000 0.005036 
0.532549 32.000000 0.023022 
0.534510 27.000000 0.019424 
0.539608 14.000000 0.010072 
0.538039 18.000000 0.012950 
0.537255 20.000000 0.014388 
0.540000 13.000000 0.009353 
0.540392 12.000000 0.008633 
0.538824 16.000000 0.011511 
0.545098 0.000000 0.000000 
0.533725 29.000000 0.020863 
0.532941 31.000000 0.022302 
0.534510 27.000000 0.019424 
0.545098 0.000000 0.000000 
0.538431 17.000000 0.012230 
0.541961 8.000000 0.005755 
0.541569 9.000000 0.006475 
0.535294 25.000000 0.017986 
0.536471 22.000000 0.015827 
0.538431 17.000000 0.012230 
0.545098 0.000000 0.000000 
0.536863 21.000000 0.015108 
0.537647 19.000000 0.013669 
0.538039 18.000000 0.012950 
0.532941 31.000000 0.022302 
0.538039 18.000000 0.012950 
0.531765 34.000000 0.024460 
0.531373 35.000000 0.025180 
0.541176 10.000000 0.007194 
0.541961 8.000000 0.005755 
0.540392 12.000000 0.008633 
0.538431 17.000000 0.012230 
0.538824 16.000000 0.011511 
0.541961 8.000000 0.005755 
0.538039 18.000000 0.012950 
0.534510 27.000000 0.019424 
0.532941 31.000000 0.022302 
0.539216 15.000000 0.010791 
0.541569 9.000000 0.006475 
0.539608 14.000000 0.010072 
0.545098 0.000000 0.000000 
0.540784 11.000000 0.007914 
0.540392 12.000000 0.008633 
0.538824 16.000000 0.011511 
0.537647 19.000000 0.013669 
0.545098 0.000000 0.000000 
0.540784 11.000000 0.007914 
0.533725 29.000000 0.020863 
0.538824 16.000000 0.011511 
0.535686 24.000000 0.017266 
0.532157 33.000000 0.023741 
0.535686 24.000000 0.017266 
0.536078 23.000000 0.016547 
0.538824 16.000000 0.011511 
0.540392 12.000000 0.008633 
0.541961 8.000000 0.005755 
0.540392 12.000000 0.008633 
0.529804 39.000000 0.028058 
0.539216 15.000000 0.010791 
0.534118 28.000000 0.020144 
0.531373 35.000000 0.025180 
0.537255 20.000000 0.014388 
0.540784 11.000000 0.007914 
0.545098 0.000000 0.000000 
0.541569 9.000000 0.006475 
0.531373 35.000000 0.025180 
0.536078 23.000000 0.016547 
0.545098 0.000000 0.000000 
0.535294 25.000000 0.017986 
0.535294 25.000000 0.017986 
0.541176 10.000000 0.007194 
0.539216 15.000000 0.010791 
0.537647 19.000000 0.013669 
0.535686 24.000000 0.017266 
0.541176 10.000000 0.007194 
0.541176 10.000000 0.007194 
0.538431 17.000000 0.012230 
0.533333 30.000000 0.021583 
0.538824 16.000000 0.011511 
0.533725 29.000000 0.020863 
0.532549 32.000000 0.023022 
0.541569 9.000000 0.006475 
0.536471 22.000000 0.015827 
0.538039 18.000000 0.012950 
0.534510 27.000000 0.019424 
0.527451 45.000000 0.032374 
0.539608 14.000000 0.010072 
0.534902 26.000000 0.018705 
0.532549 32.000000 0.023022 
0.533333 30.000000 0.021583 
0.538431 17.000000 0.012230 
0.540784 11.000000 0.007914 
0.526667 47.000000 0.033813 
0.537255 20.000000 0.014388 
0.533333 30.000000 0.021583 
0.540784 11.000000 0.007914 
0.538039 18.000000 0.012950 
0.539216 15.000000 0.010791 
0.534118 28.000000 0.020144 
0.538039 18.000000 0.012950 
0.534118 28.000000 0.020144 
0.540000 13.000000 0.009353 
0.540784 11.000000 0.007914 
0.535294 25.000000 0.017986 
0.537255 20.000000 0.014388 
0.533725 29.000000 0.020863 
0.536078 23.000000 0.016547 
0.542745 6.000000 0.004317 
0.534902 26.000000 0.018705 
0.534902 26.000000 0.018705 
0.538824 16.000000 0.011511 
0.534902 26.000000 0.018705 
0.542745 6.000000 0.004317 
0.534902 26.000000 0.018705 
0.541176 10.000000 0.007194 
0.545098 0.000000 0.000000 
0.533333 30.000000 0.021583 
0.541569 9.000000 0.006475 
0.541176 10.000000 0.007194 
0.540392 12.000000 0.008633 
0.532549 32.000000 0.023022 
0.535686 24.000000 0.017266 
0.532549 32.000000 0.023022 
0.541176 10.000000 0.007194 
0.537255 20.000000 0.014388 
0.533333 30.000000 0.021583 
0.533725 29.000000 0.020863 
0.534902 26.000000 0.018705 
0.540784 11.000000 0.007914 
0.545098 0.000000 0.000000 
0.534902 26.000000 0.018705 
0.538039 18.000000 0.012950 
0.536863 21.000000 0.015108 
0.533333 30.000000 0.021583 
0.532549 32.000000 0.023022 
0.536471 22.000000 0.015827 
0.534510 27.000000 0.019424 
0.540784 11.000000 0.007914 
0.541176 10.000000 0.007194 
0.541176 10.000000 0.007194 
0.534902 26.000000 0.018705 
0.536863 21.000000 0.015108 
0.534902 26.000000 0.018705 
0.540784 11.000000 0.007914 
0.535686 24.000000 0.017266 
0.538039 18.000000 0.012950 
0.532941 31.000000 0.022302 
0.540392 12.000000 0.008633 
0.538431 17.000000 0.012230 
0.533725 29.000000 0.020863 
0.541961 8.000000 0.005755 
0.540000 13.000000 0.009353 
0.538039 18.000000 0.012950 
0.539216 15.000000 0.010791 
0.538039 18.000000 0.012950 
0.545098 0.000000 0.000000 
0.543529 4.000000 0.002878 
0.538039 18.000000 0.012950 
0.537255 20.000000 0.014388 
0.538039 18.000000 0.012950 
0.540392 12.000000 0.008633 
0.532549 32.000000 0.023022 
0.540000 13.000000 0.009353 
0.534902 26.000000 0.018705 
0.541176 10.000000 0.007194 
0.545098 0.000000 0.000000 
0.535294 25.000000 0.017986 
0.541569 9.000000 0.006475 
0.532941 31.000000 0.022302 
0.536078 23.000000 0.016547 
0.527843 44.000000 0.031655 
0.540392 12.000000 0.008633 
0.532941 31.000000 0.022302 
0.541961 8.000000 0.005755 
0.541176 10.000000 0.007194 
0.545098 0.000000 0.000000 
0.537255 20.000000 0.014388 
0.532157 33.000000 0.023741 
0.541569 9.000000 0.006475 
0.532941 31.000000 0.022302 
0.540392 12.000000 0.008633 
0.534118 28.000000 0.020144 
0.541961 8.000000 0.005755 
0.539608 14.000000 0.010072 
0.539216 15.000000 0.010791 
0.530588 37.000000 0.026619 
0.536078 23.000000 0.016547 
0.541569 9.000000 0.006475 
0.538824 16.000000 0.011511 
0.536078 23.000000 0.016547 
0.539216 15.000000 0.010791 
0.536471 22.000000 0.015827 
0.532941 31.000000 0.022302 
0.535294 25.000000 0.017986 
0.541176 10.000000 0.007194 
0.541176 10.000000 0.007194 
0.537255 20.000000 0.014388 
0.538824 16.000000 0.011511 
0.536863 21.000000 0.015108 
0.532157 33.000000 0.023741 
0.533333 30.000000 0.021583 
0.532941 31.000000 0.022302 
0.545098 0.000000 0.000000 
0.537255 20.000000 0.014388 
0.536863 21.000000 0.015108 
0.536863 21.000000 0.015108 
0.536863 21.000000 0.015108 
0.536471 22.000000 0.015827 
0.534510 27.000000 0.019424 
0.532549 32.000000 0.023022 
0.535294 25.000000 0.017986 
0.536863 21.000000 0.015108 
0.538431 17.000000 0.012230 
0.542353 7.000000 0.005036 
0.536863 21.000000 0.015108 
0.537255 20.000000 0.014388 
0.530196 38.000000 0.027338 
0.538039 18.000000 0.012950 
0.541176 10.000000 0.007194 
0.538431 17.000000 0.012230 
0.535294 25.000000 0.017986 
0.530588 37.000000 0.026619 
0.536471 22.000000 0.015827 
0.529804 39.000000 0.028058 
0.530196 38.000000 0.027338 
0.536863 21.000000 0.015108 
0.542353 7.000000 0.005036 
0.539216 15.000000 0.010791 
0.537255 20.000000 0.014388 
0.532941 31.000000 0.022302 
0.533725 29.000000 0.020863 
0.538039 18.000000 0.012950 
0.540784 11.000000 0.007914 
0.536863 21.000000 0.015108 
0.540392 12.000000 0.008633 
0.535686 24.000000 0.017266 
0.541961 8.000000 0.005755 
0.540784 11.000000 0.007914 
0.540784 11.000000 0.007914 
0.541961 8.000000 0.005755 
0.541569 9.000000 0.006475 
0.532157 33.000000 0.023741 
0.541176 10.000000 0.007194 
0.534902 26.000000 0.018705 
0.528235 43.000000 0.030935 
0.541961 8.000000 0.005755 
0.541176 10.000000 0.007194 
0.537647 19.000000 0.013669 
0.538039 18.000000 0.012950 
0.542745 6.000000 0.004317 
0.540392 12.000000 0.008633 
0.537647 19.000000 0.013669 
0.537255 20.000000 0.014388 
0.535686 24.000000 0.017266 
0.537647 19.000000 0.013669 
0.536078 23.000000 0.016547 
0.539216 15.000000 0.010791 
0.538824 16.000000 0.011511 
0.535686 24.000000 0.017266 
0.534118 28.000000 0.020144 
0.541176 10.000000 0.007194 
0.536078 23.000000 0.016547 
0.540000 13.000000 0.009353 
0.533333 30.000000 0.021583 
0.533333 30.000000 0.021583 
0.541961 8.000000 0.005755 
0.536471 22.000000 0.015827 
0.535294 25.000000 0.017986 
0.537647 19.000000 0.013669 
0.536471 22.000000 0.015827 
0.532941 31.000000 0.022302 
0.536863 21.000000 0.015108 
0.538039 18.000000 0.012950 
0.536471 22.000000 0.015827 
0.541569 9.000000 0.006475 
0.539216 15.000000 0.010791 
0.531373 35.000000 0.025180 
0.534510 27.000000 0.019424 
0.534118 28.000000 0.020144 
0.532157 33.000000 0.023741 
0.541176 10.000000 0.007194 
0.535294 25.000000 0.017986 
0.535686 24.000000 0.017266 
0.537255 20.000000 0.014388 
0.537647 19.000000 0.013669 
0.537255 20.000000 0.014388 
0.539216 15.000000 0.010791 
0.530588 37.000000 0.026619 
0.538039 18.000000 0.012950 
0.536863 21.000000 0.015108 
0.537647 19.000000 0.013669 
0.545098 0.000000 0.000000 
0.535686 24.000000 0.017266 
0.533725 29.000000 0.020863 
0.537255 20.000000 0.014388 
0.534118 28.000000 0.020144 
0.538824 16.000000 0.011511 
0.534902 26.000000 0.018705 
0.538039 18.000000 0.012950 
0.533333 30.000000 0.021583 
0.534902 26.000000 0.018705 
0.532157 33.000000 0.023741 
0.536863 21.000000 0.015108 
0.539608 14.000000 0.010072 
0.532941 31.000000 0.022302 
0.534510 27.000000 0.019424 
0.538039 18.000000 0.012950 
0.532549 32.000000 0.023022 
0.535294 25.000000 0.017986 
0.538039 18.000000 0.012950 
0.540392 12.000000 0.008633 
0.540784 11.000000 0.007914 
0.539608 14.000000 0.010072 
0.545098 0.000000 0.000000 
0.541961 8.000000 0.005755 
0.534118 28.000000 0.020144 
0.528627 42.000000 0.030216 
0.535294 25.000000 0.017986 
0.536471 22.000000 0.015827 
0.537647 19.000000 0.013669 
0.534118 28.000000 0.020144 
0.530980 36.000000 0.025899 
0.538824 16.000000 0.011511 
0.538431 17.000000 0.012230 
0.535294 25.000000 0.017986 
0.538431 17.000000 0.012230 
0.541176 10.000000 0.007194 
0.536471 22.000000 0.015827 
0.537255 20.000000 0.014388 
0.539216 15.000000 0.010791 
0.532549 32.000000 0.023022 
0.536471 22.000000 0.015827 
0.536863 21.000000 0.015108 
0.532941 31.000000 0.022302 
0.543922 3.000000 0.002158 
0.540392 12.000000 0.008633 
0.534118 28.000000 0.020144 
0.538431 17.000000 0.012230 
0.537647 19.000000 0.013669 
0.537647 19.000000 0.013669 
0.540784 11.000000 0.007914 
0.534510 27.000000 0.019424 
0.538431 17.000000 0.012230 
0.542353 7.000000 0.005036 
0.533725 29.000000 0.020863 
0.533725 29.000000 0.020863 
0.532549 32.000000 0.023022 
0.536471 22.000000 0.015827 
0.531373 35.000000 0.025180 
0.542745 6.000000 0.004317 
0.539216 15.000000 0.010791 
0.536078 23.000000 0.016547 
0.534510 27.000000 0.019424 
0.537255 20.000000 0.014388 
0.536471 22.000000 0.015827 
0.542353 7.000000 0.005036 
0.532941 31.000000 0.022302 
0.536863 21.000000 0.015108 
0.537647 19.000000 0.013669 
0.534510 27.000000 0.019424 
0.541569 9.000000 0.006475 
0.540392 12.000000 0.008633 
0.537647 19.000000 0.013669 
0.538824 16.000000 0.011511 
0.536471 22.000000 0.015827 
0.545098 0.000000 0.000000 
0.541961 8.000000 0.005755 
0.531765 34.000000 0.024460 
0.532941 31.000000 0.022302 
0.545098 0.000000 0.000000 
0.532157 33.000000 0.023741 
0.545098 0.000000 0.000000 
0.538431 17.000000 0.012230 
0.540784 11.000000 0.007914 
0.534902 26.000000 0.018705 
0.538431 17.000000 0.012230 
0.533725 29.000000 0.020863 
0.541176 10.000000 0.007194 
0.536471 22.000000 0.015827 
0.541176 10.000000 0.007194 
0.532157 33.000000 0.023741 
0.541569 9.000000 0.006475 
0.541569 9.000000 0.006475 
0.535686 24.000000 0.017266 
0.538824 16.000000 0.011511 
0.537255 20.000000 0.014388 
0.540000 13.000000 0.009353 
0.534902 26.000000 0.018705 
0.535686 24.000000 0.017266 
0.536863 21.000000 0.015108 
0.534510 27.000000 0.019424 
0.538824 16.000000 0.011511 
0.532941 31.000000 0.022302 
0.530196 38.000000 0.027338 
0.535294 25.000000 0.017986 
0.537647 19.000000 0.013669 
0.532157 33.000000 0.023741 
0.541176 10.000000 0.007194 
0.539216 15.000000 0.010791 
0.540784 11.000000 0.007914 
0.545098 0.000000 0.000000 
0.542353 7.000000 0.005036 
0.531765 34.000000 0.024460 
0.542745 6.000000 0.004317 
0.529804 39.000000 0.028058 
0.536078 23.000000 0.016547 
0.539216 15.000000 0.010791 
0.534118 28.000000 0.020144 
0.537647 19.000000 0.013669 
0.534510 27.000000 0.019424 
0.538039 18.000000 0.012950 
0.540784 11.000000 0.007914 
0.537647 19.000000 0.013669 
0.538824 16.000000 0.011511 
0.541961 8.000000 0.005755 
0.532941 31.000000 0.022302 
0.536863 21.000000 0.015108 
0.540784 11.000000 0.007914 
0.540784 11.000000 0.007914 
0.534902 26.000000 0.018705 
0.535686 24.000000 0.017266 
0.537255 20.000000 0.014388 
0.537255 20.000000 0.014388 
0.536471 22.000000 0.015827 
0.537255 20.000000 0.014388 
0.535686 24.000000 0.017266 
0.545098 0.000000 0.000000 
0.534902 26.000000 0.018705 
0.542353 7.000000 0.005036 
0.540392 12.000000 0.008633 
0.538824 16.000000 0.011511 
0.535294 25.000000 0.017986 
0.539608 14.000000 0.010072 
0.534118 28.000000 0.020144 
0.536863 21.000000 0.015108 
0.538039 18.000000 0.012950 
0.536078 23.000000 0.016547 
0.540784 11.000000 0.007914 
0.537647 19.000000 0.013669 
0.538431 17.000000 0.012230 
0.538039 18.000000 0.012950 
0.534510 27.000000 0.019424 
0.529020 41.000000 0.029496 
0.532549 32.000000 0.023022 
0.538431 17.000000 0.012230 
0.530588 37.000000 0.026619 
0.541176 10.000000 0.007194 
0.532157 33.000000 0.023741 
0.537647 19.000000 0.013669 
0.539216 15.000000 0.010791 
0.538431 17.000000 0.012230 
0.534902 26.000000 0.018705 
0.534510 27.000000 0.019424 
0.540784 11.000000 0.007914 
0.540392 12.000000 0.008633 
0.534510 27.000000 0.019424 
0.534118 28.000000 0.020144 
0.541176 10.000000 0.007194 
0.545098 0.000000 0.000000 
0.545098 0.000000 0.000000 
0.534118 28.000000 0.020144 
0.537255 20.000000 0.014388 
0.537647 19.000000 0.013669 
0.536471 22.000000 0.015827 
0.537647 19.000000 0.013669 
0.532157 33.000000 0.023741 
0.538039 18.000000 0.012950 
0.537255 20.000000 0.014388 
0.534118 28.000000 0.020144 
0.537647 19.000000 0.013669 
0.537255 20.000000 0.014388 
0.535686 24.000000 0.017266 
0.538824 16.000000 0.011511 
0.537647 19.000000 0.013669 
0.537255 20.000000 0.014388 
0.531373 35.000000 0.025180 
0.539608 14.000000 0.010072 
0.537647 19.000000 0.013669 
0.545098 0.000000 0.000000 
0.538824 16.000000 0.011511 
0.537255 20.000000 0.014388 
0.536863 21.000000 0.015108 
0.526275 48.000000 0.034532 
0.541961 8.000000 0.005755 
0.537255 20.000000 0.014388 
0.541961 8.000000 0.005755 
0.537647 19.000000 0.013669 
0.538039 18.000000 0.012950 
0.538431 17.000000 0.012230 
0.540784 11.000000 0.007914 
0.541569 9.000000 0.006475 
0.534118 28.000000 0.020144 
0.542353 7.000000 0.005036 
0.541176 10.000000 0.007194 
0.540784 11.000000 0.007914 
0.535294 25.000000 0.017986 
0.541569 9.000000 0.006475 
0.540784 11.000000 0.007914 
0.535294 25.000000 0.017986 
0.541569 9.000000 0.006475 
0.541961 8.000000 0.005755 
0.541961 8.000000 0.005755 
0.534902 26.000000 0.018705 
0.541176 10.000000 0.007194 
0.541176 10.000000 0.007194 
0.537647 19.000000 0.013669 
0.535686 24.000000 0.017266 
0.534118 28.000000 0.020144 
0.540784 11.000000 0.007914 
0.537255 20.000000 0.014388 
0.536471 22.000000 0.015827 
0.540392 12.000000 0.008633 
0.541176 10.000000 0.007194 
0.540392 12.000000 0.008633 
0.534118 28.000000 0.020144 
0.542353 7.000000 0.005036 
0.533725 29.000000 0.020863 
0.534118 28.000000 0.020144 
0.534902 26.000000 0.018705 
0.541569 9.000000 0.006475 
0.540784 11.000000 0.007914 
0.531373 35.000000 0.025180 
0.533725 29.000000 0.020863 
0.537255 20.000000 0.014388 
0.536078 23.000000 0.016547 
0.531765 34.000000 0.024460 
0.532549 32.000000 0.023022 
0.539216 15.000000 0.010791 
0.541176 10.000000 0.007194 
0.540000 13.000000 0.009353 
0.536863 21.000000 0.015108 
0.538039 18.000000 0.012950 
0.534118 28.000000 0.020144 
0.537255 20.000000 0.014388 
0.535294 25.000000 0.017986 
0.535294 25.000000 0.017986 
0.540784 11.000000 0.007914 
0.538039 18.000000 0.012950 
0.545098 0.000000 0.000000 
0.543137 5.000000 0.003597 
0.535294 25.000000 0.017986 
0.537647 19.000000 0.013669 
0.532941 31.000000 0.022302 
0.541176 10.000000 0.007194 
0.539216 15.000000 0.010791 
0.541176 10.000000 0.007194 
0.538431 17.000000 0.012230 
0.533725 29.000000 0.020863 
0.541569 9.000000 0.006475 
0.536863 21.000000 0.015108 
0.532549 32.000000 0.023022 
0.540000 13.000000 0.009353 
0.529020 41.000000 0.029496 
0.528235 43.000000 0.030935 
0.537255 20.000000 0.014388 
0.539216 15.000000 0.010791 
0.536863 21.000000 0.015108 
0.535294 25.000000 0.017986 
0.528627 42.000000 0.030216 
0.537647 19.000000 0.013669 
0.537647 19.000000 0.013669 
0.537647 19.000000 0.013669 
0.540392 12.000000 0.008633 
0.540784 11.000000 0.007914 
0.536863 21.000000 0.015108 
0.534902 26.000000 0.018705 
0.537255 20.000000 0.014388 
0.536078 23.000000 0.016547 
0.538431 17.000000 0.012230 
0.538431 17.000000 0.012230 
0.533725 29.000000 0.020863 
0.534902 26.000000 0.018705 
0.538039 18.000000 0.012950 
0.538039 18.000000 0.012950 
0.535294 25.000000 0.017986 
0.541569 9.000000 0.006475 
0.534902 26.000000 0.018705 
0.533725 29.000000 0.020863 
0.536078 23.000000 0.016547 
0.532941 31.000000 0.022302 
0.541569 9.000000 0.006475 
0.536078 23.000000 0.016547 
0.540392 12.000000 0.008633 
0.537647 19.000000 0.013669 
0.540784 11.000000 0.007914 
0.540784 11.000000 0.007914 
0.538039 18.000000 0.012950 
0.535686 24.000000 0.017266 
0.538431 17.000000 0.012230 
0.536471 22.000000 0.015827 
0.534118 28.000000 0.020144 
0.536471 22.000000 0.015827 
0.543922 3.000000 0.002158 
0.545098 0.000000 0.000000 
0.536078 23.000000 0.016547 
0.535686 24.000000 0.017266 
0.536471 22.000000 0.015827 
0.537647 19.000000 0.013669 
0.541569 9.000000 0.006475 
0.538431 17.000000 0.012230 
0.538431 17.000000 0.012230 
0.541176 10.000000 0.007194 
0.539608 14.000000 0.010072 
0.533725 29.000000 0.020863 
0.535294 25.000000 0.017986 
0.531765 34.000000 0.024460 
0.530980 36.000000 0.025899 
0.537647 19.000000 0.013669 
0.535294 25.000000 0.017986 
0.535294 25.000000 0.017986 
0.545098 0.000000 0.000000 
0.532549 32.000000 0.023022 
0.539216 15.000000 0.010791 
0.537255 20.000000 0.014388 
0.530980 36.000000 0.025899 
0.536078 23.000000 0.016547 
0.536863 21.000000 0.015108 
0.536863 21.000000 0.015108 
0.535294 25.000000 0.017986 
0.538039 18.000000 0.012950 
0.536863 21.000000 0.015108 
0.540000 13.000000 0.009353 
0.539216 15.000000 0.010791 
0.538431 17.000000 0.012230 
0.545098 0.000000 0.000000 
0.536078 23.000000 0.016547 
0.537255 20.000000 0.014388 
0.540784 11.000000 0.007914 
0.541569 9.000000 0.006475 
0.540392 12.000000 0.008633 
0.540000 13.000000 0.009353 
0.536078 23.000000 0.016547 
0.541176 10.000000 0.007194 
0.537255 20.000000 0.014388 
0.534902 26.000000 0.018705 
0.545098 0.000000 0.000000 
0.536078 23.000000 0.016547 
0.534902 26.000000 0.018705 
0.535686 24.000000 0.017266 
0.534118 28.000000 0.020144 
0.538039 18.000000 0.012950 
0.538431 17.000000 0.012230 
0.532157 33.000000 0.023741 
0.536471 22.000000 0.015827 
0.536863 21.000000 0.015108 
0.528235 43.000000 0.030935 
0.536078 23.000000 0.016547 
0.538431 17.000000 0.012230 
0.538824 16.000000 0.011511 
0.539216 15.000000 0.010791 
0.536078 23.000000 0.016547 
0.527451 45.000000 0.032374 
0.540000 13.000000 0.009353 
0.533333 30.000000 0.021583 
0.534118 28.000000 0.020144 
0.541569 9.000000 0.006475 
0.538039 18.000000 0.012950 
0.529804 39.000000 0.028058 
0.536078 23.000000 0.016547 
0.532157 33.000000 0.023741 
0.537647 19.000000 0.013669 
0.541176 10.000000 0.007194 
0.538039 18.000000 0.012950 
0.532549 32.000000 0.023022 
0.534902 26.000000 0.018705 
0.533725 29.000000 0.020863 
0.537647 19.000000 0.013669 
0.539608 14.000000 0.010072 
0.534510 27.000000 0.019424 
0.545098 0.000000 0.000000 
0.537255 20.000000 0.014388 
0.536471 22.000000 0.015827 
0.532941 31.000000 0.022302 
0.540784 11.000000 0.007914 
0.536078 23.000000 0.016547 
0.537255 20.000000 0.014388 
0.538824 16.000000 0.011511 
0.540000 13.000000 0.009353 
0.539216 15.000000 0.010791 
0.534118 28.000000 0.020144 
0.537255 20.000000 0.014388 
0.538039 18.000000 0.012950 
0.540784 11.000000 0.007914 
0.538039 18.000000 0.012950 
0.537647 19.000000 0.013669 
0.540784 11.000000 0.007914 
0.542745 6.000000 0.004317 
0.536863 21.000000 0.015108 
0.536863 21.000000 0.015108 
0.534118 28.000000 0.020144 
0.541176 10.000000 0.007194 
0.534902 26.000000 0.018705 
0.537647 19.000000 0.013669 
0.540784 11.000000 0.007914 
0.541176 10.000000 0.007194 
0.537647 19.000000 0.013669 
0.537255 20.000000 0.014388 
0.533333 30.000000 0.021583 
0.536078 23.000000 0.016547 
0.541569 9.000000 0.006475 
0.538431 17.000000 0.012230 
0.534118 28.000000 0.020144 
0.536863 21.000000 0.015108 
0.538824 16.000000 0.011511 
0.540392 12.000000 0.008633 
0.537647 19.000000 0.013669 
0.542745 6.000000 0.004317 
0.538039 18.000000 0.012950 
0.536863 21.000000 0.015108 
0.535294 25.000000 0.017986 
0.532549 32.000000 0.023022 
0.536863 21.000000 0.015108 
0.532941 31.000000 0.022302 
0.541961 8.000000 0.005755 
0.536863 21.000000 0.015108 
0.541569 9.000000 0.006475 
0.537647 19.000000 0.013669 
0.535294 25.000000 0.017986 
0.542353 7.000000 0.005036 
0.538039 18.000000 0.012950 
0.540000 13.000000 0.009353 
0.532941 31.000000 0.022302 
0.532157 33.000000 0.023741 
0.536863 21.000000 0.015108 
0.536471 22.000000 0.015827 
0.535686 24.000000 0.017266 
0.532941 31.000000 0.022302 
0.538039 18.000000 0.012950 
0.536078 23.000000 0.016547 
0.536078 23.000000 0.016547 
0.538824 16.000000 0.011511 
0.538824 16.000000 0.011511 
0.541961 8.000000 0.005755 
0.539608 14.000000 0.010072 
0.537647 19.000000 0.013669 
0.541176 10.000000 0.007194 
0.534118 28.000000 0.020144 
0.540784 11.000000 0.007914 
0.538431 17.000000 0.012230 
0.538431 17.000000 0.012230 
0.536078 23.000000 0.016547 
0.541961 8.000000 0.005755 
0.540000 13.000000 0.009353 
0.537647 19.000000 0.013669 
0.538431 17.000000 0.012230 
0.541176 10.000000 0.007194 
0.539216 15.000000 0.010791 
0.537647 19.000000 0.013669 
0.538824 16.000000 0.011511 
0.538824 16.000000 0.011511 
0.536863 21.000000 0.015108 
0.540784 11.000000 0.007914 
0.540784 11.000000 0.007914 
0.540784 11.000000 0.007914 
0.534510 27.000000 0.019424 
0.533725 29.000000 0.020863 
0.533725 29.000000 0.020863 
0.534118 28.000000 0.020144 
0.540392 12.000000 0.008633 
0.538431 17.000000 0.012230 
0.537647 19.000000 0.013669 
0.540000 13.000000 0.009353 
0.531765 34.000000 0.024460 
0.533725 29.000000 0.020863 
0.535686 24.000000 0.017266 
0.530588 37.000000 0.026619 
0.526667 47.000000 0.033813 
0.536471 22.000000 0.015827 
0.537647 19.000000 0.013669 
0.536863 21.000000 0.015108 
0.540392 12.000000 0.008633 
0.538824 16.000000 0.011511 
0.539608 14.000000 0.010072 
0.538039 18.000000 0.012950 
0.537647 19.000000 0.013669 
0.545098 0.000000 0.000000 
0.538039 18.000000 0.012950 
0.532157 33.000000 0.023741 
0.534902 26.000000 0.018705 
0.541569 9.000000 0.006475 
0.536078 23.000000 0.016547 
0.541961 8.000000 0.005755 
0.535686 24.000000 0.017266 
0.537647 19.000000 0.013669 
0.536078 23.000000 0.016547 
0.539608 14.000000 0.010072 
0.545098 0.000000 0.000000 
0.539216 15.000000 0.010791 
0.540392 12.000000 0.008633 
0.533725 29.000000 0.020863 
0.532157 33.000000 0.023741 
0.534902 26.000000 0.018705 
0.534510 27.000000 0.019424 
0.535686 24.000000 0.017266 
0.542353 7.000000 0.005036 
0.541961 8.000000 0.005755 
0.533725 29.000000 0.020863 
0.535686 24.000000 0.017266 
0.540784 11.000000 0.007914 
0.541569 9.000000 0.006475 
0.542745 6.000000 0.004317 
0.533725 29.000000 0.020863 
0.533333 30.000000 0.021583 
0.534510 27.000000 0.019424 
0.532157 33.000000 0.023741 
0.539608 14.000000 0.010072 
0.540784 11.000000 0.007914 
0.539608 14.000000 0.010072 
0.540784 11.000000 0.007914 
0.541569 9.000000 0.006475 
0.534902 26.000000 0.018705 
0.536863 21.000000 0.015108 
0.540784 11.000000 0.007914 
0.537255 20.000000 0.014388 
0.536471 22.000000 0.015827 
0.538039 18.000000 0.012950 
0.534510 27.000000 0.019424 
0.540000 13.000000 0.009353 
0.536863 21.000000 0.015108 
0.543529 4.000000 0.002878 
0.537255 20.000000 0.014388 
0.540784 11.000000 0.007914 
0.541569 9.000000 0.006475 
0.537255 20.000000 0.014388 
0.538039 18.000000 0.012950 
0.532549 32.000000 0.023022 
0.537647 19.000000 0.013669 
0.532157 33.000000 0.023741 
0.538431 17.000000 0.012230 
0.534510 27.000000 0.019424 
0.532549 32.000000 0.023022 
0.539216 15.000000 0.010791 
0.535294 25.000000 0.017986 
0.532157 33.000000 0.023741 
0.541569 9.000000 0.006475 
0.534118 28.000000 0.020144 
0.533333 30.000000 0.021583 
0.538431 17.000000 0.012230 
0.535686 24.000000 0.017266 
0.537647 19.000000 0.013669 
0.537647 19.000000 0.013669 
0.533725 29.000000 0.020863 
0.537255 20.000000 0.014388 
0.536471 22.000000 0.015827 
0.536471 22.000000 0.015827 
0.534510 27.000000 0.019424 
0.539608 14.000000 0.010072 
0.541569 9.000000 0.006475 
0.535294 25.000000 0.017986 
0.533333 30.000000 0.021583 
0.542353 7.000000 0.005036 
0.545098 0.000000 0.000000 
0.537647 19.000000 0.013669 
0.535686 24.000000 0.017266 
0.536471 22.000000 0.015827 
0.538431 17.000000 0.012230 
0.540000 13.000000 0.009353 
0.532549 32.000000 0.023022 
0.541176 10.000000 0.007194 
0.532941 31.000000 0.022302 
0.543137 5.000000 0.003597 
0.530980 36.000000 0.025899 
0.536863 21.000000 0.015108 
0.543137 5.000000 0.003597 
0.545098 0.000000 0.000000 
0.536471 22.000000 0.015827 
0.545098 0.000000 0.000000 
0.533725 29.000000 0.020863 
0.542353 7.000000 0.005036 
0.536863 21.000000 0.015108 
0.540784 11.000000 0.007914 
0.536078 23.000000 0.016547 
0.532941 31.000000 0.022302 
0.540784 11.000000 0.007914 
0.538039 18.000000 0.012950 
0.540392 12.000000 0.008633 
0.536863 21.000000 0.015108 
0.538824 16.000000 0.011511 
0.539216 15.000000 0.010791 
0.539608 14.000000 0.010072 
0.536863 21.000000 0.015108 
0.538039 18.000000 0.012950 
0.538431 17.000000 0.012230 
0.541176 10.000000 0.007194 
0.533725 29.000000 0.020863 
0.541176 10.000000 0.007194 
0.537255 20.000000 0.014388 
0.541176 10.000000 0.007194 
0.541569 9.000000 0.006475 
0.541569 9.000000 0.006475 
0.545098 0.000000 0.000000 
0.536078 23.000000 0.016547 
0.536863 21.000000 0.015108 
0.538039 18.000000 0.012950 
0.536863 21.000000 0.015108 
0.534510 27.000000 0.019424 
0.538039 18.000000 0.012950 
0.541176 10.000000 0.007194 
0.537647 19.000000 0.013669 
0.529412 40.000000 0.028777 
0.538824 16.000000 0.011511 
0.541176 10.000000 0.007194 
0.541176 10.000000 0.007194 
0.536863 21.000000 0.015108 
0.541176 10.000000 0.007194 
0.538039 18.000000 0.012950 
0.542353 7.000000 0.005036 
0.537255 20.000000 0.014388 
0.532549 32.000000 0.023022 
0.539216 15.000000 0.010791 
0.533725 29.000000 0.020863 
0.541569 9.000000 0.006475 
0.541176 10.000000 0.007194 
0.545098 0.000000 0.000000 
0.541176 10.000000 0.007194 
0.541176 10.000000 0.007194 
0.535686 24.000000 0.017266 
0.538039 18.000000 0.012950 
0.531373 35.000000 0.025180 
0.538039 18.000000 0.012950 
0.539216 15.000000 0.010791 
0.536863 21.000000 0.015108 
0.534510 27.000000 0.019424 
0.536863 21.000000 0.015108 
0.538039 18.000000 0.012950 
0.540392 12.000000 0.008633 
0.541176 10.000000 0.007194 
0.528627 42.000000 0.030216 
0.537255 20.000000 0.014388 
0.536078 23.000000 0.016547 
0.541176 10.000000 0.007194 
0.540784 11.000000 0.007914 
0.541569 9.000000 0.006475 
0.539216 15.000000 0.010791 
0.536863 21.000000 0.015108 
0.541961 8.000000 0.005755 
0.542745 6.000000 0.004317 
0.532549 32.000000 0.023022 
0.538431 17.000000 0.012230 
0.538431 17.000000 0.012230 
0.538431 17.000000 0.012230 
0.534118 28.000000 0.020144 
0.540784 11.000000 0.007914 
0.530196 38.000000 0.027338 
0.540000 13.000000 0.009353 
0.536078 23.000000 0.016547 
0.539216 15.000000 0.010791 
0.536078 23.000000 0.016547 
0.534118 28.000000 0.020144 
0.538824 16.000000 0.011511 
0.540000 13.000000 0.009353 
0.540784 11.000000 0.007914 
0.540000 13.000000 0.009353 
0.532157 33.000000 0.023741 
0.540000 13.000000 0.009353 
0.537647 19.000000 0.013669 
0.534118 28.000000 0.020144 
0.542353 7.000000 0.005036 
0.541176 10.000000 0.007194 
0.535686 24.000000 0.017266 
0.534118 28.000000 0.020144 
0.537255 20.000000 0.014388 
0.538039 18.000000 0.012950 
0.539216 15.000000 0.010791 
0.536471 22.000000 0.015827 
0.532941 31.000000 0.022302 
0.536471 22.000000 0.015827 
0.539216 15.000000 0.010791 
0.541569 9.000000 0.006475 
0.538039 18.000000 0.012950 
0.540784 11.000000 0.007914 
0.540392 12.000000 0.008633 
0.538039 18.000000 0.012950 
0.545098 0.000000 0.000000 
0.538824 16.000000 0.011511 
0.535294 25.000000 0.017986 
0.540784 11.000000 0.007914 
0.539216 15.000000 0.010791 
0.532941 31.000000 0.022302 
0.542353 7.000000 0.005036 
0.538431 17.000000 0.012230 
0.537647 19.000000 0.013669 
0.540392 12.000000 0.008633 
0.531765 34.000000 0.024460 
0.533725 29.000000 0.020863 
0.541176 10.000000 0.007194 
0.536078 23.000000 0.016547 
0.541569 9.000000 0.006475 
0.539216 15.000000 0.010791 
0.537255 20.000000 0.014388 
0.537255 20.000000 0.014388 
0.539216 15.000000 0.010791 
0.545098 0.000000 0.000000 
0.537255 20.000000 0.014388 
0.542353 7.000000 0.005036 
0.541961 8.000000 0.005755 
0.542353 7.000000 0.005036 
0.540784 11.000000 0.007914 
0.534510 27.000000 0.019424 
0.540000 13.000000 0.009353 
0.533725 29.000000 0.020863 
0.535686 24.000000 0.017266 
0.530588 37.000000 0.026619 
0.533725 29.000000 0.020863 
0.538824 16.000000 0.011511 
0.538824 16.000000 0.011511 
0.540784 11.000000 0.007914 
0.541961 8.000000 0.005755 
0.540392 12.000000 0.008633 
0.536471 22.000000 0.015827 
0.538824 16.000000 0.011511 
0.531765 34.000000 0.024460 
0.534118 28.000000 0.020144 
0.531373 35.000000 0.025180 
0.540000 13.000000 0.009353 
0.540784 11.000000 0.007914 
0.541569 9.000000 0.006475 
0.536863 21.000000 0.015108 
0.532941 31.000000 0.022302 
0.540784 11.000000 0.007914 
0.531765 34.000000 0.024460 
0.537255 20.000000 0.014388 
0.533725 29.000000 0.020863 
0.538039 18.000000 0.012950 
0.541176 10.000000 0.007194 
0.541176 10.000000 0.007194 
0.540392 12.000000 0.008633 
0.537255 20.000000 0.014388 
0.545098 0.000000 0.000000 
0.536471 22.000000 0.015827 
0.541961 8.000000 0.005755 
0.535686 24.000000 0.017266 
0.545098 0.000000 0.000000 
0.540784 11.000000 0.007914 
0.536863 21.000000 0.015108 
0.539216 15.000000 0.010791 
0.534118 28.000000 0.020144 
0.541961 8.000000 0.005755 
0.542745 6.000000 0.004317 
0.534902 26.000000 0.018705 
0.541176 10.000000 0.007194 
0.539216 15.000000 0.010791 
0.539608 14.000000 0.010072 
0.534510 27.000000 0.019424 
0.530196 38.000000 0.027338 
0.538039 18.000000 0.012950 
0.532157 33.000000 0.023741 
0.538039 18.000000 0.012950 
0.537255 20.000000 0.014388 
0.538824 16.000000 0.011511 
0.536078 23.000000 0.016547 
0.536863 21.000000 0.015108 
0.538039 18.000000 0.012950 
0.545098 0.000000 0.000000 
0.540784 11.000000 0.007914 
0.533725 29.000000 0.020863 
0.541961 8.000000 0.005755 
0.534902 26.000000 0.018705 
0.534902 26.000000 0.018705 
0.541961 8.000000 0.005755 
0.538824 16.000000 0.011511 
0.530980 36.000000 0.025899 
0.538431 17.000000 0.012230 
0.540392 12.000000 0.008633 
0.541176 10.000000 0.007194 
0.534118 28.000000 0.020144 
0.533725 29.000000 0.020863 
0.537647 19.000000 0.013669 
0.540392 12.000000 0.008633 
0.538431 17.000000 0.012230 
0.538039 18.000000 0.012950 
0.532941 31.000000 0.022302 
0.536078 23.000000 0.016547 
0.540392 12.000000 0.008633 
0.540392 12.000000 0.008633 
0.541569 9.000000 0.006475 
0.539216 15.000000 0.010791 
0.540000 13.000000 0.009353 
0.540000 13.000000 0.009353 
0.533333 30.000000 0.021583 
0.539216 15.000000 0.010791 
0.539216 15.000000 0.010791 
0.532549 32.000000 0.023022 
0.535294 25.000000 0.017986 
0.536863 21.000000 0.015108 
0.536078 23.000000 0.016547 
0.541176 10.000000 0.007194 
0.538431 17.000000 0.012230 
0.545098 0.000000 0.000000 
0.539216 15.000000 0.010791 
0.536471 22.000000 0.015827 
0.542745 6.000000 0.004317 
0.537647 19.000000 0.013669 
0.541176 10.000000 0.007194 
0.537647 19.000000 0.013669 
0.534902 26.000000 0.018705 
0.528627 42.000000 0.030216 
0.532549 32.000000 0.023022 
0.537647 19.000000 0.013669 
0.541176 10.000000 0.007194 
0.541569 9.000000 0.006475 
0.534118 28.000000 0.020144 
0.538039 18.000000 0.012950 
0.537255 20.000000 0.014388 
0.539608 14.000000 0.010072 
0.537255 20.000000 0.014388 
0.537255 20.000000 0.014388 
0.536078 23.000000 0.016547 
0.537255 20.000000 0.014388 
0.541176 10.000000 0.007194 
0.530980 36.000000 0.025899 
0.535686 24.000000 0.017266 
0.539608 14.000000 0.010072 
0.540000 13.000000 0.009353 
0.539608 14.000000 0.010072 
0.538039 18.000000 0.012950 
0.535686 24.000000 0.017266 
0.538824 16.000000 0.011511 
0.536471 22.000000 0.015827 
0.539608 14.000000 0.010072 
0.535294 25.000000 0.017986 
0.531765 34.000000 0.024460 
0.537255 20.000000 0.014388 
0.538431 17.000000 0.012230 
0.542353 7.000000 0.005036 
0.531765 34.000000 0.024460 
0.541176 10.000000 0.007194 
0.539216 15.000000 0.010791 
0.541569 9.000000 0.006475 
0.536471 22.000000 0.015827 
0.536863 21.000000 0.015108 
0.540784 11.000000 0.007914 
0.538431 17.000000 0.012230 
0.538431 17.000000 0.012230 
0.530980 36.000000 0.025899 
0.533333 30.000000 0.021583 
0.536471 22.000000 0.015827 
0.531373 35.000000 0.025180 
0.540784 11.000000 0.007914 
0.536471 22.000000 0.015827 
0.533725 29.000000 0.020863 
0.538824 16.000000 0.011511 
0.537647 19.000000 0.013669 
0.539608 14.000000 0.010072 
0.542745 6.000000 0.004317 
0.534902 26.000000 0.018705 
0.535294 25.000000 0.017986 
0.530588 37.000000 0.026619 
0.541961 8.000000 0.005755 
0.540000 13.000000 0.009353 
0.537647 19.000000 0.013669 
0.534510 27.000000 0.019424 
0.541961 8.000000 0.005755 
0.532941 31.000000 0.022302 
0.536471 22.000000 0.015827 
0.541961 8.000000 0.005755 
0.534118 28.000000 0.020144 
0.536471 22.000000 0.015827 
0.536078 23.000000 0.016547 
0.533725 29.000000 0.020863 
0.536471 22.000000 0.015827 
0.536078 23.000000 0.016547 
0.534902 26.000000 0.018705 
0.540392 12.000000 0.008633 
0.534902 26.000000 0.018705 
0.534118 28.000000 0.020144 
0.539216 15.000000 0.010791 
0.538824 16.000000 0.011511 
0.538431 17.000000 0.012230 
0.539216 15.000000 0.010791 
0.537647 19.000000 0.013669 
0.540784 11.000000 0.007914 
0.533333 30.000000 0.021583 
0.536471 22.000000 0.015827 
0.534902 26.000000 0.018705 
0.532549 32.000000 0.023022 
0.540784 11.000000 0.007914 
0.536863 21.000000 0.015108 
0.541176 10.000000 0.007194 
0.533725 29.000000 0.020863 
0.541961 8.000000 0.005755 
0.536863 21.000000 0.015108 
0.539608 14.000000 0.010072 
0.539216 15.000000 0.010791 
0.534510 27.000000 0.019424 
0.535294 25.000000 0.017986 
0.540784 11.000000 0.007914 
0.545098 0.000000 0.000000 
0.540392 12.000000 0.008633 
0.533725 29.000000 0.020863 
0.535686 24.000000 0.017266 
0.537255 20.000000 0.014388 
0.536471 22.000000 0.015827 
0.538039 18.000000 0.012950 
0.533725 29.000000 0.020863 
0.542745 6.000000 0.004317 
0.534902 26.000000 0.018705 
0.542745 6.000000 0.004317 
0.531765 34.000000 0.024460 
0.535294 25.000000 0.017986 
0.541176 10.000000 0.007194 
0.536471 22.000000 0.015827 
0.529804 39.000000 0.028058 
0.536078 23.000000 0.016547 
0.535686 24.000000 0.017266 
0.527843 44.000000 0.031655 
0.541961 8.000000 0.005755 
0.541569 9.000000 0.006475 
0.540392 12.000000 0.008633 
0.537255 20.000000 0.014388 
0.534118 28.000000 0.020144 
0.533725 29.000000 0.020863 
0.531765 34.000000 0.024460 
0.535294 25.000000 0.017986 
0.535294 25.000000 0.017986 
0.536471 22.000000 0.015827 
0.540784 11.000000 0.007914 
0.531373 35.000000 0.025180 
0.536078 23.000000 0.016547 
0.533725 29.000000 0.020863 
0.536863 21.000000 0.015108 
0.539216 15.000000 0.010791 
0.538431 17.000000 0.012230 
0.534510 27.000000 0.019424 
0.530196 38.000000 0.027338 
0.538431 17.000000 0.012230 
0.541961 8.000000 0.005755 
0.534510 27.000000 0.019424 
0.540000 13.000000 0.009353 
0.539608 14.000000 0.010072 
0.535686 24.000000 0.017266 
0.537255 20.000000 0.014388 
0.540784 11.000000 0.007914 
0.545098 0.000000 0.000000 
0.540784 11.000000 0.007914 
0.535294 25.000000 0.017986 
0.536863 21.000000 0.015108 
0.536863 21.000000 0.015108 
0.534902 26.000000 0.018705 
0.530588 37.000000 0.026619 
0.532941 31.000000 0.022302 
0.536863 21.000000 0.015108 
0.536078 23.000000 0.016547 
0.541176 10.000000 0.007194 
0.540784 11.000000 0.007914 
0.538824 16.000000 0.011511 
0.535686 24.000000 0.017266 
0.537647 19.000000 0.013669 
0.542745 6.000000 0.004317 
0.532549 32.000000 0.023022 
0.533333 30.000000 0.021583 
0.537255 20.000000 0.014388 
0.541569 9.000000 0.006475 
0.534902 26.000000 0.018705 
0.541176 10.000000 0.007194 
0.527451 45.000000 0.032374 
0.540392 12.000000 0.008633 
0.530588 37.000000 0.026619 
0.535294 25.000000 0.017986 
0.536078 23.000000 0.016547 
0.532941 31.000000 0.022302 
0.534902 26.000000 0.018705 
0.537647 19.000000 0.013669 
0.531765 34.000000 0.024460 
0.533725 29.000000 0.020863 
0.536078 23.000000 0.016547 
0.533725 29.000000 0.020863 
0.534902 26.000000 0.018705 
0.540784 11.000000 0.007914 
0.537255 20.000000 0.014388 
0.530980 36.000000 0.025899 
0.540392 12.000000 0.008633 
0.540392 12.000000 0.008633 
0.530196 38.000000 0.027338 
0.534902 26.000000 0.018705 
0.536471 22.000000 0.015827 
0.542745 6.000000 0.004317 
0.541176 10.000000 0.007194 
0.540392 12.000000 0.008633 
0.536078 23.000000 0.016547 
0.540392 12.000000 0.008633 
0.545098 0.000000 0.000000 
0.540784 11.000000 0.007914 
0.529412 40.000000 0.028777 
0.541176 10.000000 0.007194 
0.538824 16.000000 0.011511 
0.540000 13.000000 0.009353 
0.541176 10.000000 0.007194 
0.537255 20.000000 0.014388 
0.540784 11.000000 0.007914 
0.540784 11.000000 0.007914 
0.538431 17.000000 0.012230 
0.535686 24.000000 0.017266 
0.537255 20.000000 0.014388 
0.531765 34.000000 0.024460 
0.539216 15.000000 0.010791 
0.533333 30.000000 0.021583 
0.527843 44.000000 0.031655 
0.541569 9.000000 0.006475 
0.538431 17.000000 0.012230 
0.534118 28.000000 0.020144 
0.539608 14.000000 0.010072 
0.535686 24.000000 0.017266 
0.540000 13.000000 0.009353 
0.538431 17.000000 0.012230 
0.534118 28.000000 0.020144 
0.534510 27.000000 0.019424 
0.537647 19.000000 0.013669 
0.538039 18.000000 0.012950 
0.538824 16.000000 0.011511 
0.529412 40.000000 0.028777 
0.541961 8.000000 0.005755 
0.540784 11.000000 0.007914 
0.534510 27.000000 0.019424 
0.540000 13.000000 0.009353 
0.535294 25.000000 0.017986 
0.539608 14.000000 0.010072 
0.541176 10.000000 0.007194 
0.540784 11.000000 0.007914 
0.541569 9.000000 0.006475 
0.541569 9.000000 0.006475 
0.526667 47.000000 0.033813 
0.541961 8.000000 0.005755 
0.535294 25.000000 0.017986 
0.538039 18.000000 0.012950 
0.532941 31.000000 0.022302 
0.540000 13.000000 0.009353 
0.536863 21.000000 0.015108 
0.540784 11.000000 0.007914 
0.537647 19.000000 0.013669 
0.531373 35.000000 0.025180 
0.540784 11.000000 0.007914 
0.527843 44.000000 0.031655 
0.541961 8.000000 0.005755 
0.541176 10.000000 0.007194 
0.541569 9.000000 0.006475 
0.538431 17.000000 0.012230 
0.532549 32.000000 0.023022 
0.533725 29.000000 0.020863 
0.538824 16.000000 0.011511 
0.542353 7.000000 0.005036 
0.538039 18.000000 0.012950 
0.536863 21.000000 0.015108 
0.537647 19.000000 0.013669 
0.541961 8.000000 0.005755 
0.540392 12.000000 0.008633 
0.536471 22.000000 0.015827 
0.534902 26.000000 0.018705 
0.534510 27.000000 0.019424 
0.540000 13.000000 0.009353 
0.538039 18.000000 0.012950 
0.534902 26.000000 0.018705 
0.536078 23.000000 0.016547 
0.545098 0.000000 0.000000 
0.534118 28.000000 0.020144 
0.534902 26.000000 0.018705 
0.541176 10.000000 0.007194 
0.538431 17.000000 0.012230 
0.532157 33.000000 0.023741 
0.536863 21.000000 0.015108 
0.540784 11.000000 0.007914 
0.535686 24.000000 0.017266 
0.538824 16.000000 0.011511 
0.538824 16.000000 0.011511 
0.542745 6.000000 0.004317 
0.542353 7.000000 0.005036 
0.537647 19.000000 0.013669 
0.538039 18.000000 0.012950 
0.534510 27.000000 0.019424 
0.535686 24.000000 0.017266 
0.532941 31.000000 0.022302 
0.536863 21.000000 0.015108 
0.536471 22.000000 0.015827 
0.536863 21.000000 0.015108 
0.539216 15.000000 0.010791 
0.540392 12.000000 0.008633 
0.539608 14.000000 0.010072 
0.540784 11.000000 0.007914 
0.537647 19.000000 0.013669 
0.536863 21.000000 0.015108 
0.536471 22.000000 0.015827 
0.533333 30.000000 0.021583 
0.540784 11.000000 0.007914 
0.538039 18.000000 0.012950 
0.533333 30.000000 0.021583 
0.537647 19.000000 0.013669 
0.536471 22.000000 0.015827 
0.540392 12.000000 0.008633 
0.537255 20.000000 0.014388 
0.538431 17.000000 0.012230 
0.541961 8.000000 0.005755 
0.540784 11.000000 0.007914 
0.534510 27.000000 0.019424 
0.535294 25.000000 0.017986 
0.535294 25.000000 0.017986 
0.539216 15.000000 0.010791 
0.536078 23.000000 0.016547 
0.536863 21.000000 0.015108 
0.534118 28.000000 0.020144 
0.532549 32.000000 0.023022 
0.534118 28.000000 0.020144 
0.541961 8.000000 0.005755 
0.543137 5.000000 0.003597 
0.533333 30.000000 0.021583 
0.536471 22.000000 0.015827 
0.533725 29.000000 0.020863 
0.534510 27.000000 0.019424 
0.536471 22.000000 0.015827 
0.545098 0.000000 0.000000 
0.532549 32.000000 0.023022 
0.534118 28.000000 0.020144 
0.540784 11.000000 0.007914 
0.534902 26.000000 0.018705 
0.536863 21.000000 0.015108 
0.537255 20.000000 0.014388 
0.538039 18.000000 0.012950 
0.540784 11.000000 0.007914 
0.535294 25.000000 0.017986 
0.541569 9.000000 0.006475 
0.532549 32.000000 0.023022 
0.542353 7.000000 0.005036 
0.534902 26.000000 0.018705 
0.539216 15.000000 0.010791 
0.539216 15.000000 0.010791 
0.533725 29.000000 0.020863 
0.530588 37.000000 0.026619 
0.541176 10.000000 0.007194 
0.540392 12.000000 0.008633 
0.538039 18.000000 0.012950 
0.539608 14.000000 0.010072 
0.532157 33.000000 0.023741 
0.545098 0.000000 0.000000 
0.541961 8.000000 0.005755 
0.536078 23.000000 0.016547 
0.537647 19.000000 0.013669 
0.534118 28.000000 0.020144 
0.533333 30.000000 0.021583 
0.535294 25.000000 0.017986 
0.530588 37.000000 0.026619 
0.536863 21.000000 0.015108 
0.530196 38.000000 0.027338 
0.537255 20.000000 0.014388 
0.537255 20.000000 0.014388 
0.536863 21.000000 0.015108 
0.532157 33.000000 0.023741 
0.540392 12.000000 0.008633 
0.540000 13.000000 0.009353 
0.537647 19.000000 0.013669 
0.532941 31.000000 0.022302 
0.538039 18.000000 0.012950 
0.536078 23.000000 0.016547 
0.537647 19.000000 0.013669 
0.541569 9.000000 0.006475 
0.535294 25.000000 0.017986 
0.532157 33.000000 0.023741 
0.542353 7.000000 0.005036 
0.537255 20.000000 0.014388 
0.534510 27.000000 0.019424 
0.541176 10.000000 0.007194 
0.537647 19.000000 0.013669 
0.538824 16.000000 0.011511 
0.541176 10.000000 0.007194 
0.537255 20.000000 0.014388 
0.540784 11.000000 0.007914 
0.537647 19.000000 0.013669 
0.541176 10.000000 0.007194 
0.540392 12.000000 0.008633 
0.538039 18.000000 0.012950 
0.535294 25.000000 0.017986 
0.537647 19.000000 0.013669 
0.536471 22.000000 0.015827 
0.541569 9.000000 0.006475 
0.542353 7.000000 0.005036 
0.537647 19.000000 0.013669 
0.532157 33.000000 0.023741 
0.545098 0.000000 0.000000 
0.535686 24.000000 0.017266 
0.530196 38.000000 0.027338 
0.536863 21.000000 0.015108 
0.528627 42.000000 0.030216 
0.535294 25.000000 0.017986 
0.540392 12.000000 0.008633 
0.533725 29.000000 0.020863 
0.541176 10.000000 0.007194 
0.538824 16.000000 0.011511 
0.538824 16.000000 0.011511 
0.538039 18.000000 0.012950 
0.529412 40.000000 0.028777 
0.541569 9.000000 0.006475 
0.539216 15.000000 0.010791 
0.545098 0.000000 0.000000 
0.536078 23.000000 0.016547 
0.538431 17.000000 0.012230 
0.536863 21.000000 0.015108 
0.534902 26.000000 0.018705 
0.532549 32.000000 0.023022 
0.537255 20.000000 0.014388 
0.541961 8.000000 0.005755 
0.538431 17.000000 0.012230 
0.538039 18.000000 0.012950 
0.541569 9.000000 0.006475 
0.542745 6.000000 0.004317 
0.537255 20.000000 0.014388 
0.541176 10.000000 0.007194 
0.541176 10.000000 0.007194 
0.537255 20.000000 0.014388 
0.534902 26.000000 0.018705 
0.538431 17.000000 0.012230 
0.541569 9.000000 0.006475 
0.537647 19.000000 0.013669 
0.537647 19.000000 0.013669 
0.536863 21.000000 0.015108 
0.532549 32.000000 0.023022 
0.537255 20.000000 0.014388 
0.541176 10.000000 0.007194 
0.538431 17.000000 0.012230 
0.533725 29.000000 0.020863 
0.541569 9.000000 0.006475 
0.538039 18.000000 0.012950 
0.538824 16.000000 0.011511 
0.537647 19.000000 0.013669 
0.539608 14.000000 0.010072 
0.532157 33.000000 0.023741 
0.537255 20.000000 0.014388 
0.540784 11.000000 0.007914 
0.538431 17.000000 0.012230 
0.537647 19.000000 0.013669 
0.545098 0.000000 0.000000 
0.538824 16.000000 0.011511 
0.538824 16.000000 0.011511 
0.536471 22.000000 0.015827 
0.541176 10.000000 0.007194 
0.537255 20.000000 0.014388 
0.536078 23.000000 0.016547 
0.531373 35.000000 0.025180 
0.541176 10.000000 0.007194 
0.538039 18.000000 0.012950 
0.541961 8.000000 0.005755 
0.540784 11.000000 0.007914 
0.533333 30.000000 0.021583 
0.535686 24.000000 0.017266 
0.533725 29.000000 0.020863 
0.537255 20.000000 0.014388 
0.539216 15.000000 0.010791 
0.541569 9.000000 0.006475 
0.537647 19.000000 0.013669 
0.539608 14.000000 0.010072 
0.540784 11.000000 0.007914 
0.542353 7.000000 0.005036 
0.540784 11.000000 0.007914 
0.533333 30.000000 0.021583 
0.527451 45.000000 0.032374 
0.539216 15.000000 0.010791 
0.540784 11.000000 0.007914 
0.535294 25.000000 0.017986 
0.534118 28.000000 0.020144 
0.536471 22.000000 0.015827 
0.535294 25.000000 0.017986 
0.536471 22.000000 0.015827 
0.542353 7.000000 0.005036 
0.536471 22.000000 0.015827 
0.536471 22.000000 0.015827 
0.538824 16.000000 0.011511 
0.534510 27.000000 0.019424 
0.540392 12.000000 0.008633 
0.535686 24.000000 0.017266 
0.540000 13.000000 0.009353 
0.536471 22.000000 0.015827 
0.545098 0.000000 0.000000 
0.535294 25.000000 0.017986 
0.537647 19.000000 0.013669 
0.545098 0.000000 0.000000 
0.536078 23.000000 0.016547 
0.541569 9.000000 0.006475 
0.539608 14.000000 0.010072 
0.540000 13.000000 0.009353 
0.536078 23.000000 0.016547 
0.533333 30.000000 0.021583 
0.537255 20.000000 0.014388 
0.537255 20.000000 0.014388 
0.537255 20.000000 0.014388 
0.539216 15.000000 0.010791 
0.541961 8.000000 0.005755 
0.537647 19.000000 0.013669 
0.534902 26.000000 0.018705 
0.536863 21.000000 0.015108 
0.537255 20.000000 0.014388 
0.538039 18.000000 0.012950 
0.538039 18.000000 0.012950 
0.538431 17.000000 0.012230 
0.540000 13.000000 0.009353 
0.541961 8.000000 0.005755 
0.533725 29.000000 0.020863 
0.536863 21.000000 0.015108 
0.532549 32.000000 0.023022 
0.542745 6.000000 0.004317 
0.541569 9.000000 0.006475 
0.535686 24.000000 0.017266 
0.534118 28.000000 0.020144 
0.533333 30.000000 0.021583 
0.543137 5.000000 0.003597 
0.537647 19.000000 0.013669 
0.539216 15.000000 0.010791 
0.537255 20.000000 0.014388 
0.540392 12.000000 0.008633 
0.534118 28.000000 0.020144 
0.535294 25.000000 0.017986 
0.536863 21.000000 0.015108 
0.540000 13.000000 0.009353 
0.537647 19.000000 0.013669 
0.534118 28.000000 0.020144 
0.536078 23.000000 0.016547 
0.535294 25.000000 0.017986 
0.537647 19.000000 0.013669 
0.537255 20.000000 0.014388 
0.539216 15.000000 0.010791 
0.545098 0.000000 0.000000 
0.537647 19.000000 0.013669 
0.543137 5.000000 0.003597 
0.541961 8.000000 0.005755 
0.536471 22.000000 0.015827 
0.545098 0.000000 0.000000 
0.538039 18.000000 0.012950 
0.537255 20.000000 0.014388 
0.541569 9.000000 0.006475 
0.541569 9.000000 0.006475 
0.534510 27.000000 0.019424 
0.543137 5.000000 0.003597 
0.536863 21.000000 0.015108 
0.540392 12.000000 0.008633 
0.529412 40.000000 0.028777 
0.536863 21.000000 0.015108 
0.539216 15.000000 0.010791 
0.535294 25.000000 0.017986 
0.542745 6.000000 0.004317 
0.532157 33.000000 0.023741 
0.536863 21.000000 0.015108 
0.541176 10.000000 0.007194 
0.537255 20.000000 0.014388 
0.534118 28.000000 0.020144 
0.534510 27.000000 0.019424 
0.536471 22.000000 0.015827 
0.540392 12.000000 0.008633 
0.541961 8.000000 0.005755 
0.538824 16.000000 0.011511 
0.534510 27.000000 0.019424 
0.539216 15.000000 0.010791 
0.541961 8.000000 0.005755 
0.542745 6.000000 0.004317 
0.537647 19.000000 0.013669 
0.538039 18.000000 0.012950 
0.536078 23.000000 0.016547 
0.534510 27.000000 0.019424 
0.534118 28.000000 0.020144 
0.538039 18.000000 0.012950 
0.527059 46.000000 0.033094 
0.541569 9.000000 0.006475 
0.540784 11.000000 0.007914 
0.534118 28.000000 0.020144 
0.536471 22.000000 0.015827 
0.537255 20.000000 0.014388 
0.538824 16.000000 0.011511 
0.536863 21.000000 0.015108 
0.536863 21.000000 0.015108 
0.533725 29.000000 0.020863 
0.536078 23.000000 0.016547 
0.535686 24.000000 0.017266 
0.536471 22.000000 0.015827 
0.534118 28.000000 0.020144 
0.537647 19.000000 0.013669 
0.540000 13.000000 0.009353 
0.541961 8.000000 0.005755 
0.541176 10.000000 0.007194 
0.537647 19.000000 0.013669 
0.534510 27.000000 0.019424 
0.535294 25.000000 0.017986 
0.536471 22.000000 0.015827 
0.541961 8.000000 0.005755 
0.531765 34.000000 0.024460 
0.537255 20.000000 0.014388 
0.533333 30.000000 0.021583 
0.538039 18.000000 0.012950 
0.541961 8.000000 0.005755 
0.535686 24.000000 0.017266 
0.537647 19.000000 0.013669 
0.536078 23.000000 0.016547 
0.538039 18.000000 0.012950 
0.537255 20.000000 0.014388 
0.536078 23.000000 0.016547 
0.539608 14.000000 0.010072 
0.533333 30.000000 0.021583 
0.531765 34.000000 0.024460 
0.530980 36.000000 0.025899 
0.538824 16.000000 0.011511 
0.538824 16.000000 0.011511 
0.533725 29.000000 0.020863 
0.540784 11.000000 0.007914 
0.537255 20.000000 0.014388 
0.540392 12.000000 0.008633 
0.542745 6.000000 0.004317 
0.534510 27.000000 0.019424 
0.539608 14.000000 0.010072 
0.536078 23.000000 0.016547 
0.537647 19.000000 0.013669 
0.535294 25.000000 0.017986 
0.538824 16.000000 0.011511 
0.537647 19.000000 0.013669 
0.542745 6.000000 0.004317 
0.534118 28.000000 0.020144 
0.533333 30.000000 0.021583 
0.538039 18.000000 0.012950 
0.533333 30.000000 0.021583 
0.538824 16.000000 0.011511 
0.532941 31.000000 0.022302 
0.536078 23.000000 0.016547 
0.533333 30.000000 0.021583 
0.538039 18.000000 0.012950 
0.534510 27.000000 0.019424 
0.535686 24.000000 0.017266 
0.537647 19.000000 0.013669 
0.537647 19.000000 0.013669 
0.534118 28.000000 0.020144 
0.536863 21.000000 0.015108 
0.540392 12.000000 0.008633 
0.536471 22.000000 0.015827 
0.541176 10.000000 0.007194 
0.532941 31.000000 0.022302 
0.534902 26.000000 0.018705 
0.539608 14.000000 0.010072 
0.541569 9.000000 0.006475 
0.540784 11.000000 0.007914 
0.540392 12.000000 0.008633 
0.534902 26.000000 0.018705 
0.541961 8.000000 0.005755 
0.541176 10.000000 0.007194 
0.538431 17.000000 0.012230 
0.541176 10.000000 0.007194 
0.535686 24.000000 0.017266 
0.540000 13.000000 0.009353 
0.541176 10.000000 0.007194 
0.529412 40.000000 0.028777 
0.534510 27.000000 0.019424 
0.540784 11.000000 0.007914 
0.531373 35.000000 0.025180 
0.540000 13.000000 0.009353 
0.534510 27.000000 0.019424 
0.537647 19.000000 0.013669 
0.541569 9.000000 0.006475 
0.539216 15.000000 0.010791 
0.537255 20.000000 0.014388 
0.541569 9.000000 0.006475 
0.545098 0.000000 0.000000 
0.538039 18.000000 0.012950 
0.538039 18.000000 0.012950 
0.531373 35.000000 0.025180 
0.534510 27.000000 0.019424 
0.541176 10.000000 0.007194 
0.540392 12.000000 0.008633 
0.535294 25.000000 0.017986 
0.536863 21.000000 0.015108 
0.534118 28.000000 0.020144 
0.537647 19.000000 0.013669 
0.532157 33.000000 0.023741 
0.545098 0.000000 0.000000 
0.535294 25.000000 0.017986 
0.536471 22.000000 0.015827 
0.537255 20.000000 0.014388 
0.536863 21.000000 0.015108 
0.536471 22.000000 0.015827 
0.536471 22.000000 0.015827 
0.538431 17.000000 0.012230 
0.538431 17.000000 0.012230 
0.541176 10.000000 0.007194 
0.538039 18.000000 0.012950 
0.533333 30.000000 0.021583 
0.536471 22.000000 0.015827 
0.545098 0.000000 0.000000 
0.539216 15.000000 0.010791 
0.541176 10.000000 0.007194 
0.534510 27.000000 0.019424 
0.537647 19.000000 0.013669 
0.532549 32.000000 0.023022 
0.539608 14.000000 0.010072 
0.537647 19.000000 0.013669 
0.536863 21.000000 0.015108 
0.538824 16.000000 0.011511 
0.531373 35.000000 0.025180 
0.536863 21.000000 0.015108 
0.536471 22.000000 0.015827 
0.540392 12.000000 0.008633 
0.529020 41.000000 0.029496 
0.537255 20.000000 0.014388 
0.533725 29.000000 0.020863 
0.537647 19.000000 0.013669 
0.535294 25.000000 0.017986 
0.537255 20.000000 0.014388 
0.541176 10.000000 0.007194 
0.545098 0.000000 0.000000 
0.541176 10.000000 0.007194 
0.541961 8.000000 0.005755 
0.541569 9.000000 0.006475 
0.536471 22.000000 0.015827 
0.536078 23.000000 0.016547 
0.540784 11.000000 0.007914 
0.536863 21.000000 0.015108 
0.536863 21.000000 0.015108 
0.538824 16.000000 0.011511 
0.538824 16.000000 0.011511 
0.534118 28.000000 0.020144 
0.536078 23.000000 0.016547 
0.537255 20.000000 0.014388 
0.536863 21.000000 0.015108 
0.534118 28.000000 0.020144 
0.538039 18.000000 0.012950 
0.533333 30.000000 0.021583 
0.537255 20.000000 0.014388 
0.534510 27.000000 0.019424 
0.530588 37.000000 0.026619 
0.542353 7.000000 0.005036 
0.537255 20.000000 0.014388 
0.542353 7.000000 0.005036 
0.538039 18.000000 0.012950 
0.541961 8.000000 0.005755 
0.535294 25.000000 0.017986 
