0.472941 184.000000 0.132374 
0.476471 175.000000 0.125899 
0.479216 168.000000 0.120863 
0.479216 168.000000 0.120863 
0.478824 169.000000 0.121583 
0.472549 185.000000 0.133094 
0.479216 168.000000 0.120863 
0.477255 173.000000 0.124460 
0.472941 184.000000 0.132374 
0.474510 180.000000 0.129496 
0.479608 167.000000 0.120144 
0.475686 177.000000 0.127338 
0.474510 180.000000 0.129496 
0.476471 175.000000 0.125899 
0.478824 169.000000 0.121583 
0.477255 173.000000 0.124460 
0.474510 180.000000 0.129496 
0.476471 175.000000 0.125899 
0.469804 192.000000 0.138129 
0.480784 164.000000 0.117986 
0.478824 169.000000 0.121583 
0.478039 171.000000 0.123022 
0.481961 161.000000 0.115827 
0.475294 178.000000 0.128058 
0.471765 187.000000 0.134532 
0.476078 176.000000 0.126619 
0.479608 167.000000 0.120144 
0.476078 176.000000 0.126619 
0.479216 168.000000 0.120863 
0.481176 163.000000 0.117266 
0.473725 182.000000 0.130935 
0.487059 148.000000 0.106475 
0.474510 180.000000 0.129496 
0.473725 182.000000 0.130935 
0.480392 165.000000 0.118705 
0.475294 178.000000 0.128058 
0.480392 165.000000 0.118705 
0.478039 171.000000 0.123022 
0.480392 165.000000 0.118705 
0.475294 178.000000 0.128058 
0.476863 174.000000 0.125180 
0.482745 159.000000 0.114388 
0.472941 184.000000 0.132374 
0.475294 178.000000 0.128058 
0.474902 179.000000 0.128777 
0.472157 186.000000 0.133813 
0.472941 184.000000 0.132374 
0.473333 183.000000 0.131655 
0.473333 183.000000 0.131655 
0.478824 169.000000 0.121583 
0.474902 179.000000 0.128777 
0.477255 173.000000 0.124460 
0.467843 197.000000 0.141727 
0.470196 191.000000 0.137410 
0.477647 172.000000 0.123741 
0.476078 176.000000 0.126619 
0.480784 164.000000 0.117986 
0.480000 166.000000 0.119424 
0.477255 173.000000 0.124460 
0.480000 166.000000 0.119424 
0.476078 176.000000 0.126619 
0.475294 178.000000 0.128058 
0.476863 174.000000 0.125180 
0.478431 170.000000 0.122302 
0.478039 171.000000 0.123022 
0.476863 174.000000 0.125180 
0.469020 194.000000 0.139568 
0.480000 166.000000 0.119424 
0.469412 193.000000 0.138849 
0.476078 176.000000 0.126619 
0.477647 172.000000 0.123741 
0.473725 182.000000 0.130935 
0.468627 195.000000 0.140288 
0.481569 162.000000 0.116547 
0.473725 182.000000 0.130935 
0.478824 169.000000 0.121583 
0.478824 169.000000 0.121583 
0.472941 184.000000 0.132374 
0.484314 155.000000 0.111511 
0.472549 185.000000 0.133094 
0.472549 185.000000 0.133094 
0.478824 169.000000 0.121583 
0.474510 180.000000 0.129496 
0.477255 173.000000 0.124460 
0.474118 181.000000 0.130216 
0.472549 185.000000 0.133094 
0.480000 166.000000 0.119424 
0.473333 183.000000 0.131655 
0.473725 182.000000 0.130935 
0.480392 165.000000 0.118705 
0.489020 143.000000 0.102878 
0.476863 174.000000 0.125180 
0.478431 170.000000 0.122302 
0.478431 170.000000 0.122302 
0.471765 187.000000 0.134532 
0.471373 188.000000 0.135252 
0.479216 168.000000 0.120863 
0.486275 150.000000 0.107914 
0.475686 177.000000 0.127338 
0.479216 168.000000 0.120863 
0.474902 179.000000 0.128777 
0.478431 170.000000 0.122302 
0.481569 162.000000 0.116547 
0.478824 169.000000 0.121583 
0.477255 173.000000 0.124460 
0.470980 189.000000 0.135971 
0.473725 182.000000 0.130935 
0.475686 177.000000 0.127338 
0.478824 169.000000 0.121583 
0.476863 174.000000 0.125180 
0.474510 180.000000 0.129496 
0.480784 164.000000 0.117986 
0.473725 182.000000 0.130935 
0.478824 169.000000 0.121583 
0.470588 190.000000 0.136691 
0.475294 178.000000 0.128058 
0.474510 180.000000 0.129496 
0.481176 163.000000 0.117266 
0.478039 171.000000 0.123022 
0.473725 182.000000 0.130935 
0.473333 183.000000 0.131655 
0.478431 170.000000 0.122302 
0.478431 170.000000 0.122302 
0.481176 163.000000 0.117266 
0.474118 181.000000 0.130216 
0.473725 182.000000 0.130935 
0.474118 181.000000 0.130216 
0.479608 167.000000 0.120144 
0.478431 170.000000 0.122302 
0.480000 166.000000 0.119424 
0.477255 173.000000 0.124460 
0.474902 179.000000 0.128777 
0.478431 170.000000 0.122302 
0.484314 155.000000 0.111511 
0.473333 183.000000 0.131655 
0.480000 166.000000 0.119424 
0.477647 172.000000 0.123741 
0.481961 161.000000 0.115827 
0.480784 164.000000 0.117986 
0.476078 176.000000 0.126619 
0.482745 159.000000 0.114388 
0.476863 174.000000 0.125180 
0.478431 170.000000 0.122302 
0.485098 153.000000 0.110072 
0.476863 174.000000 0.125180 
0.474118 181.000000 0.130216 
0.480000 166.000000 0.119424 
0.474118 181.000000 0.130216 
0.472941 184.000000 0.132374 
0.476863 174.000000 0.125180 
0.476863 174.000000 0.125180 
0.475294 178.000000 0.128058 
0.481176 163.000000 0.117266 
0.480392 165.000000 0.118705 
0.480784 164.000000 0.117986 
0.476863 174.000000 0.125180 
0.476078 176.000000 0.126619 
0.473725 182.000000 0.130935 
0.477647 172.000000 0.123741 
0.474902 179.000000 0.128777 
0.481176 163.000000 0.117266 
0.478824 169.000000 0.121583 
0.477647 172.000000 0.123741 
0.476471 175.000000 0.125899 
0.473725 182.000000 0.130935 
0.474510 180.000000 0.129496 
0.472549 185.000000 0.133094 
0.472157 186.000000 0.133813 
0.478824 169.000000 0.121583 
0.478431 170.000000 0.122302 
0.472157 186.000000 0.133813 
0.478824 169.000000 0.121583 
0.477647 172.000000 0.123741 
0.478431 170.000000 0.122302 
0.476078 176.000000 0.126619 
0.477647 172.000000 0.123741 
0.480392 165.000000 0.118705 
0.480392 165.000000 0.118705 
0.474118 181.000000 0.130216 
0.474118 181.000000 0.130216 
0.477647 172.000000 0.123741 
0.478824 169.000000 0.121583 
0.474902 179.000000 0.128777 
0.479608 167.000000 0.120144 
0.480784 164.000000 0.117986 
0.481176 163.000000 0.117266 
0.477647 172.000000 0.123741 
0.480000 166.000000 0.119424 
0.476078 176.000000 0.126619 
0.478431 170.000000 0.122302 
0.472549 185.000000 0.133094 
0.474510 180.000000 0.129496 
0.481569 162.000000 0.116547 
0.480784 164.000000 0.117986 
0.474902 179.000000 0.128777 
0.475294 178.000000 0.128058 
0.475686 177.000000 0.127338 
0.477255 173.000000 0.124460 
0.475294 178.000000 0.128058 
0.476863 174.000000 0.125180 
0.481569 162.000000 0.116547 
0.480000 166.000000 0.119424 
0.475294 178.000000 0.128058 
0.478431 170.000000 0.122302 
0.473725 182.000000 0.130935 
0.478039 171.000000 0.123022 
0.471765 187.000000 0.134532 
0.473725 182.000000 0.130935 
0.478431 170.000000 0.122302 
0.474902 179.000000 0.128777 
0.478431 170.000000 0.122302 
0.476078 176.000000 0.126619 
0.475686 177.000000 0.127338 
0.478824 169.000000 0.121583 
0.476471 175.000000 0.125899 
0.467843 197.000000 0.141727 
0.474118 181.000000 0.130216 
0.476078 176.000000 0.126619 
0.472941 184.000000 0.132374 
0.481176 163.000000 0.117266 
0.477255 173.000000 0.124460 
0.474902 179.000000 0.128777 
0.479216 168.000000 0.120863 
0.474902 179.000000 0.128777 
0.476471 175.000000 0.125899 
0.475686 177.000000 0.127338 
0.470980 189.000000 0.135971 
0.475686 177.000000 0.127338 
0.471765 187.000000 0.134532 
0.478824 169.000000 0.121583 
0.472941 184.000000 0.132374 
0.472157 186.000000 0.133813 
0.480000 166.000000 0.119424 
0.472157 186.000000 0.133813 
0.474510 180.000000 0.129496 
0.475686 177.000000 0.127338 
0.480000 166.000000 0.119424 
0.473333 183.000000 0.131655 
0.475686 177.000000 0.127338 
0.479608 167.000000 0.120144 
0.472549 185.000000 0.133094 
0.481961 161.000000 0.115827 
0.481961 161.000000 0.115827 
0.474510 180.000000 0.129496 
0.477255 173.000000 0.124460 
0.475686 177.000000 0.127338 
0.474118 181.000000 0.130216 
0.478431 170.000000 0.122302 
0.474118 181.000000 0.130216 
0.480392 165.000000 0.118705 
0.478431 170.000000 0.122302 
0.479216 168.000000 0.120863 
0.474510 180.000000 0.129496 
0.476471 175.000000 0.125899 
0.483137 158.000000 0.113669 
0.473725 182.000000 0.130935 
0.469412 193.000000 0.138849 
0.476863 174.000000 0.125180 
0.471765 187.000000 0.134532 
0.477255 173.000000 0.124460 
0.471765 187.000000 0.134532 
0.474510 180.000000 0.129496 
0.477255 173.000000 0.124460 
0.478039 171.000000 0.123022 
0.468627 195.000000 0.140288 
0.477255 173.000000 0.124460 
0.470588 190.000000 0.136691 
0.477647 172.000000 0.123741 
0.473333 183.000000 0.131655 
0.479608 167.000000 0.120144 
0.477255 173.000000 0.124460 
0.481569 162.000000 0.116547 
0.476078 176.000000 0.126619 
0.472941 184.000000 0.132374 
0.480784 164.000000 0.117986 
0.476471 175.000000 0.125899 
0.470196 191.000000 0.137410 
0.478824 169.000000 0.121583 
0.480784 164.000000 0.117986 
0.477255 173.000000 0.124460 
0.475686 177.000000 0.127338 
0.478039 171.000000 0.123022 
0.475686 177.000000 0.127338 
0.477647 172.000000 0.123741 
0.475294 178.000000 0.128058 
0.478824 169.000000 0.121583 
0.474510 180.000000 0.129496 
0.477647 172.000000 0.123741 
0.477647 172.000000 0.123741 
0.474118 181.000000 0.130216 
0.479216 168.000000 0.120863 
0.469804 192.000000 0.138129 
0.472549 185.000000 0.133094 
0.476863 174.000000 0.125180 
0.477647 172.000000 0.123741 
0.474510 180.000000 0.129496 
0.481569 162.000000 0.116547 
0.477255 173.000000 0.124460 
0.477647 172.000000 0.123741 
0.478039 171.000000 0.123022 
0.475686 177.000000 0.127338 
0.476471 175.000000 0.125899 
0.475686 177.000000 0.127338 
0.478039 171.000000 0.123022 
0.472157 186.000000 0.133813 
0.483137 158.000000 0.113669 
0.477255 173.000000 0.124460 
0.479216 168.000000 0.120863 
0.476471 175.000000 0.125899 
0.475686 177.000000 0.127338 
0.476078 176.000000 0.126619 
0.480000 166.000000 0.119424 
0.476863 174.000000 0.125180 
0.472157 186.000000 0.133813 
0.482745 159.000000 0.114388 
0.483529 157.000000 0.112950 
0.475294 178.000000 0.128058 
0.483137 158.000000 0.113669 
0.476471 175.000000 0.125899 
0.478824 169.000000 0.121583 
0.475686 177.000000 0.127338 
0.474902 179.000000 0.128777 
0.478824 169.000000 0.121583 
0.477255 173.000000 0.124460 
0.478824 169.000000 0.121583 
0.471373 188.000000 0.135252 
0.476863 174.000000 0.125180 
0.476863 174.000000 0.125180 
0.477255 173.000000 0.124460 
0.480784 164.000000 0.117986 
0.471765 187.000000 0.134532 
0.476863 174.000000 0.125180 
0.475686 177.000000 0.127338 
0.480000 166.000000 0.119424 
0.475294 178.000000 0.128058 
0.479216 168.000000 0.120863 
0.479608 167.000000 0.120144 
0.478431 170.000000 0.122302 
0.475294 178.000000 0.128058 
0.473725 182.000000 0.130935 
0.481961 161.000000 0.115827 
0.470980 189.000000 0.135971 
0.477255 173.000000 0.124460 
0.475294 178.000000 0.128058 
0.479216 168.000000 0.120863 
0.476471 175.000000 0.125899 
0.473333 183.000000 0.131655 
0.478039 171.000000 0.123022 
0.478431 170.000000 0.122302 
0.477647 172.000000 0.123741 
0.474510 180.000000 0.129496 
0.476863 174.000000 0.125180 
0.474118 181.000000 0.130216 
0.478039 171.000000 0.123022 
0.470980 189.000000 0.135971 
0.478824 169.000000 0.121583 
0.474510 180.000000 0.129496 
0.475294 178.000000 0.128058 
0.472549 185.000000 0.133094 
0.477255 173.000000 0.124460 
0.471765 187.000000 0.134532 
0.472941 184.000000 0.132374 
0.479608 167.000000 0.120144 
0.472941 184.000000 0.132374 
0.481176 163.000000 0.117266 
0.483529 157.000000 0.112950 
0.478824 169.000000 0.121583 
0.471373 188.000000 0.135252 
0.477647 172.000000 0.123741 
0.469804 192.000000 0.138129 
0.480784 164.000000 0.117986 
0.473725 182.000000 0.130935 
0.480000 166.000000 0.119424 
0.470980 189.000000 0.135971 
0.478824 169.000000 0.121583 
0.478824 169.000000 0.121583 
0.474902 179.000000 0.128777 
0.479608 167.000000 0.120144 
0.474118 181.000000 0.130216 
0.472157 186.000000 0.133813 
0.474510 180.000000 0.129496 
0.476078 176.000000 0.126619 
0.478431 170.000000 0.122302 
0.474902 179.000000 0.128777 
0.475294 178.000000 0.128058 
0.475686 177.000000 0.127338 
0.474510 180.000000 0.129496 
0.482353 160.000000 0.115108 
0.478824 169.000000 0.121583 
0.478824 169.000000 0.121583 
0.472941 184.000000 0.132374 
0.471765 187.000000 0.134532 
0.482353 160.000000 0.115108 
0.479216 168.000000 0.120863 
0.475686 177.000000 0.127338 
0.477647 172.000000 0.123741 
0.474118 181.000000 0.130216 
0.480000 166.000000 0.119424 
0.469804 192.000000 0.138129 
0.475294 178.000000 0.128058 
0.481569 162.000000 0.116547 
0.474118 181.000000 0.130216 
0.474118 181.000000 0.130216 
0.484706 154.000000 0.110791 
0.476863 174.000000 0.125180 
0.478431 170.000000 0.122302 
0.480000 166.000000 0.119424 
0.476471 175.000000 0.125899 
0.477647 172.000000 0.123741 
0.477255 173.000000 0.124460 
0.474902 179.000000 0.128777 
0.481961 161.000000 0.115827 
0.473333 183.000000 0.131655 
0.474118 181.000000 0.130216 
0.480000 166.000000 0.119424 
0.471765 187.000000 0.134532 
0.474510 180.000000 0.129496 
0.472549 185.000000 0.133094 
0.479216 168.000000 0.120863 
0.480000 166.000000 0.119424 
0.478039 171.000000 0.123022 
0.478431 170.000000 0.122302 
0.479608 167.000000 0.120144 
0.478824 169.000000 0.121583 
0.469804 192.000000 0.138129 
0.484314 155.000000 0.111511 
0.476471 175.000000 0.125899 
0.480392 165.000000 0.118705 
0.481176 163.000000 0.117266 
0.471765 187.000000 0.134532 
0.474118 181.000000 0.130216 
0.475686 177.000000 0.127338 
0.477647 172.000000 0.123741 
0.476078 176.000000 0.126619 
0.473333 183.000000 0.131655 
0.479608 167.000000 0.120144 
0.476078 176.000000 0.126619 
0.478039 171.000000 0.123022 
0.475294 178.000000 0.128058 
0.470196 191.000000 0.137410 
0.475294 178.000000 0.128058 
0.479216 168.000000 0.120863 
0.476863 174.000000 0.125180 
0.478431 170.000000 0.122302 
0.482353 160.000000 0.115108 
0.476078 176.000000 0.126619 
0.473725 182.000000 0.130935 
0.476863 174.000000 0.125180 
0.477255 173.000000 0.124460 
0.476471 175.000000 0.125899 
0.476078 176.000000 0.126619 
0.472941 184.000000 0.132374 
0.480392 165.000000 0.118705 
0.477255 173.000000 0.124460 
0.476078 176.000000 0.126619 
0.469020 194.000000 0.139568 
0.476471 175.000000 0.125899 
0.480392 165.000000 0.118705 
0.474902 179.000000 0.128777 
0.471765 187.000000 0.134532 
0.474902 179.000000 0.128777 
0.474510 180.000000 0.129496 
0.470196 191.000000 0.137410 
0.472549 185.000000 0.133094 
0.474510 180.000000 0.129496 
0.478039 171.000000 0.123022 
0.482745 159.000000 0.114388 
0.480784 164.000000 0.117986 
0.474902 179.000000 0.128777 
0.480000 166.000000 0.119424 
0.479608 167.000000 0.120144 
0.477647 172.000000 0.123741 
0.480784 164.000000 0.117986 
0.475294 178.000000 0.128058 
0.475294 178.000000 0.128058 
0.479216 168.000000 0.120863 
0.476471 175.000000 0.125899 
0.477647 172.000000 0.123741 
0.465490 203.000000 0.146043 
0.480000 166.000000 0.119424 
0.479216 168.000000 0.120863 
0.480784 164.000000 0.117986 
0.475686 177.000000 0.127338 
0.478824 169.000000 0.121583 
0.473725 182.000000 0.130935 
0.483922 156.000000 0.112230 
0.472941 184.000000 0.132374 
0.472941 184.000000 0.132374 
0.478039 171.000000 0.123022 
0.474118 181.000000 0.130216 
0.480392 165.000000 0.118705 
0.478039 171.000000 0.123022 
0.474510 180.000000 0.129496 
0.476471 175.000000 0.125899 
0.474118 181.000000 0.130216 
0.479216 168.000000 0.120863 
0.477647 172.000000 0.123741 
0.475686 177.000000 0.127338 
0.478039 171.000000 0.123022 
0.474510 180.000000 0.129496 
0.480784 164.000000 0.117986 
0.480784 164.000000 0.117986 
0.471373 188.000000 0.135252 
0.479608 167.000000 0.120144 
0.474118 181.000000 0.130216 
0.474902 179.000000 0.128777 
0.473725 182.000000 0.130935 
0.474118 181.000000 0.130216 
0.472157 186.000000 0.133813 
0.477255 173.000000 0.124460 
0.479608 167.000000 0.120144 
0.474118 181.000000 0.130216 
0.481176 163.000000 0.117266 
0.472941 184.000000 0.132374 
0.479216 168.000000 0.120863 
0.478431 170.000000 0.122302 
0.472549 185.000000 0.133094 
0.475294 178.000000 0.128058 
0.483922 156.000000 0.112230 
0.478824 169.000000 0.121583 
0.476863 174.000000 0.125180 
0.480392 165.000000 0.118705 
0.474902 179.000000 0.128777 
0.473333 183.000000 0.131655 
0.475686 177.000000 0.127338 
0.475686 177.000000 0.127338 
0.476863 174.000000 0.125180 
0.478824 169.000000 0.121583 
0.474902 179.000000 0.128777 
0.483137 158.000000 0.113669 
0.480392 165.000000 0.118705 
0.479608 167.000000 0.120144 
0.480784 164.000000 0.117986 
0.469804 192.000000 0.138129 
0.474902 179.000000 0.128777 
0.471765 187.000000 0.134532 
0.483922 156.000000 0.112230 
0.478039 171.000000 0.123022 
0.475686 177.000000 0.127338 
0.478824 169.000000 0.121583 
0.471765 187.000000 0.134532 
0.473333 183.000000 0.131655 
0.476863 174.000000 0.125180 
0.473725 182.000000 0.130935 
0.473725 182.000000 0.130935 
0.473725 182.000000 0.130935 
0.474510 180.000000 0.129496 
0.474510 180.000000 0.129496 
0.476471 175.000000 0.125899 
0.479608 167.000000 0.120144 
0.476863 174.000000 0.125180 
0.478039 171.000000 0.123022 
0.477255 173.000000 0.124460 
0.472549 185.000000 0.133094 
0.470980 189.000000 0.135971 
0.479608 167.000000 0.120144 
0.474902 179.000000 0.128777 
0.472549 185.000000 0.133094 
0.471373 188.000000 0.135252 
0.468627 195.000000 0.140288 
0.481961 161.000000 0.115827 
0.478039 171.000000 0.123022 
0.480000 166.000000 0.119424 
0.481569 162.000000 0.116547 
0.472549 185.000000 0.133094 
0.472157 186.000000 0.133813 
0.469804 192.000000 0.138129 
0.475686 177.000000 0.127338 
0.473333 183.000000 0.131655 
0.484706 154.000000 0.110791 
0.478824 169.000000 0.121583 
0.472549 185.000000 0.133094 
0.479608 167.000000 0.120144 
0.475686 177.000000 0.127338 
0.476078 176.000000 0.126619 
0.472941 184.000000 0.132374 
0.477647 172.000000 0.123741 
0.476863 174.000000 0.125180 
0.476863 174.000000 0.125180 
0.474510 180.000000 0.129496 
0.475686 177.000000 0.127338 
0.475686 177.000000 0.127338 
0.474118 181.000000 0.130216 
0.478824 169.000000 0.121583 
0.477255 173.000000 0.124460 
0.477255 173.000000 0.124460 
0.474118 181.000000 0.130216 
0.483922 156.000000 0.112230 
0.481569 162.000000 0.116547 
0.474118 181.000000 0.130216 
0.480784 164.000000 0.117986 
0.475294 178.000000 0.128058 
0.475686 177.000000 0.127338 
0.477647 172.000000 0.123741 
0.472941 184.000000 0.132374 
0.476471 175.000000 0.125899 
0.472941 184.000000 0.132374 
0.476471 175.000000 0.125899 
0.481569 162.000000 0.116547 
0.474902 179.000000 0.128777 
0.478824 169.000000 0.121583 
0.476471 175.000000 0.125899 
0.477255 173.000000 0.124460 
0.474510 180.000000 0.129496 
0.483137 158.000000 0.113669 
0.480000 166.000000 0.119424 
0.471373 188.000000 0.135252 
0.474510 180.000000 0.129496 
0.478039 171.000000 0.123022 
0.471373 188.000000 0.135252 
0.476863 174.000000 0.125180 
0.478431 170.000000 0.122302 
0.476078 176.000000 0.126619 
0.475686 177.000000 0.127338 
0.478039 171.000000 0.123022 
0.474902 179.000000 0.128777 
0.477647 172.000000 0.123741 
0.474118 181.000000 0.130216 
0.476863 174.000000 0.125180 
0.482745 159.000000 0.114388 
0.469412 193.000000 0.138849 
0.476078 176.000000 0.126619 
0.473725 182.000000 0.130935 
0.474118 181.000000 0.130216 
0.476863 174.000000 0.125180 
0.471373 188.000000 0.135252 
0.474510 180.000000 0.129496 
0.472941 184.000000 0.132374 
0.482745 159.000000 0.114388 
0.471765 187.000000 0.134532 
0.477255 173.000000 0.124460 
0.481569 162.000000 0.116547 
0.478039 171.000000 0.123022 
0.474902 179.000000 0.128777 
0.478431 170.000000 0.122302 
0.480392 165.000000 0.118705 
0.479216 168.000000 0.120863 
0.481961 161.000000 0.115827 
0.474902 179.000000 0.128777 
0.477255 173.000000 0.124460 
0.470588 190.000000 0.136691 
0.474118 181.000000 0.130216 
0.480000 166.000000 0.119424 
0.474902 179.000000 0.128777 
0.477647 172.000000 0.123741 
0.473725 182.000000 0.130935 
0.473333 183.000000 0.131655 
0.475686 177.000000 0.127338 
0.483922 156.000000 0.112230 
0.479216 168.000000 0.120863 
0.473725 182.000000 0.130935 
0.477647 172.000000 0.123741 
0.474902 179.000000 0.128777 
0.472157 186.000000 0.133813 
0.475294 178.000000 0.128058 
0.475686 177.000000 0.127338 
0.477647 172.000000 0.123741 
0.481569 162.000000 0.116547 
0.473333 183.000000 0.131655 
0.472941 184.000000 0.132374 
0.475686 177.000000 0.127338 
0.480392 165.000000 0.118705 
0.475294 178.000000 0.128058 
0.474118 181.000000 0.130216 
0.479216 168.000000 0.120863 
0.477255 173.000000 0.124460 
0.475686 177.000000 0.127338 
0.468235 196.000000 0.141007 
0.478824 169.000000 0.121583 
0.472941 184.000000 0.132374 
0.477255 173.000000 0.124460 
0.480392 165.000000 0.118705 
0.475294 178.000000 0.128058 
0.483922 156.000000 0.112230 
0.478039 171.000000 0.123022 
0.478824 169.000000 0.121583 
0.477255 173.000000 0.124460 
0.478039 171.000000 0.123022 
0.474902 179.000000 0.128777 
0.476863 174.000000 0.125180 
0.482353 160.000000 0.115108 
0.481569 162.000000 0.116547 
0.479216 168.000000 0.120863 
0.478039 171.000000 0.123022 
0.483137 158.000000 0.113669 
0.473333 183.000000 0.131655 
0.472941 184.000000 0.132374 
0.478824 169.000000 0.121583 
0.474118 181.000000 0.130216 
0.476078 176.000000 0.126619 
0.479608 167.000000 0.120144 
0.474902 179.000000 0.128777 
0.476471 175.000000 0.125899 
0.476078 176.000000 0.126619 
0.476078 176.000000 0.126619 
0.476471 175.000000 0.125899 
0.477255 173.000000 0.124460 
0.476863 174.000000 0.125180 
0.473725 182.000000 0.130935 
0.474902 179.000000 0.128777 
0.481961 161.000000 0.115827 
0.480392 165.000000 0.118705 
0.477647 172.000000 0.123741 
0.479216 168.000000 0.120863 
0.474118 181.000000 0.130216 
0.474902 179.000000 0.128777 
0.478431 170.000000 0.122302 
0.477647 172.000000 0.123741 
0.477255 173.000000 0.124460 
0.474902 179.000000 0.128777 
0.480784 164.000000 0.117986 
0.477255 173.000000 0.124460 
0.473725 182.000000 0.130935 
0.478039 171.000000 0.123022 
0.478039 171.000000 0.123022 
0.479216 168.000000 0.120863 
0.476471 175.000000 0.125899 
0.473725 182.000000 0.130935 
0.477255 173.000000 0.124460 
0.476078 176.000000 0.126619 
0.473725 182.000000 0.130935 
0.478039 171.000000 0.123022 
0.478824 169.000000 0.121583 
0.476078 176.000000 0.126619 
0.481176 163.000000 0.117266 
0.474118 181.000000 0.130216 
0.481961 161.000000 0.115827 
0.472157 186.000000 0.133813 
0.476078 176.000000 0.126619 
0.474902 179.000000 0.128777 
0.474902 179.000000 0.128777 
0.478431 170.000000 0.122302 
0.474902 179.000000 0.128777 
0.479608 167.000000 0.120144 
0.479216 168.000000 0.120863 
0.478431 170.000000 0.122302 
0.478431 170.000000 0.122302 
0.476471 175.000000 0.125899 
0.481569 162.000000 0.116547 
0.483137 158.000000 0.113669 
0.478431 170.000000 0.122302 
0.478039 171.000000 0.123022 
0.479216 168.000000 0.120863 
0.476471 175.000000 0.125899 
0.472941 184.000000 0.132374 
0.480784 164.000000 0.117986 
0.475686 177.000000 0.127338 
0.476078 176.000000 0.126619 
0.476471 175.000000 0.125899 
0.480392 165.000000 0.118705 
0.474510 180.000000 0.129496 
0.474118 181.000000 0.130216 
0.476078 176.000000 0.126619 
0.480784 164.000000 0.117986 
0.479216 168.000000 0.120863 
0.479608 167.000000 0.120144 
0.474118 181.000000 0.130216 
0.479216 168.000000 0.120863 
0.476078 176.000000 0.126619 
0.480000 166.000000 0.119424 
0.477255 173.000000 0.124460 
0.472941 184.000000 0.132374 
0.471765 187.000000 0.134532 
0.473333 183.000000 0.131655 
0.475686 177.000000 0.127338 
0.478431 170.000000 0.122302 
0.480000 166.000000 0.119424 
0.480392 165.000000 0.118705 
0.478824 169.000000 0.121583 
0.474902 179.000000 0.128777 
0.475686 177.000000 0.127338 
0.478039 171.000000 0.123022 
0.474902 179.000000 0.128777 
0.480784 164.000000 0.117986 
0.474902 179.000000 0.128777 
0.480000 166.000000 0.119424 
0.479608 167.000000 0.120144 
0.479608 167.000000 0.120144 
0.470196 191.000000 0.137410 
0.474510 180.000000 0.129496 
0.472941 184.000000 0.132374 
0.476863 174.000000 0.125180 
0.473333 183.000000 0.131655 
0.478824 169.000000 0.121583 
0.482353 160.000000 0.115108 
0.476078 176.000000 0.126619 
0.479608 167.000000 0.120144 
0.481176 163.000000 0.117266 
0.480784 164.000000 0.117986 
0.471373 188.000000 0.135252 
0.479216 168.000000 0.120863 
0.478824 169.000000 0.121583 
0.477647 172.000000 0.123741 
0.472549 185.000000 0.133094 
0.471373 188.000000 0.135252 
0.470980 189.000000 0.135971 
0.480000 166.000000 0.119424 
0.477255 173.000000 0.124460 
0.478824 169.000000 0.121583 
0.473333 183.000000 0.131655 
0.478431 170.000000 0.122302 
0.477647 172.000000 0.123741 
0.483529 157.000000 0.112950 
0.481961 161.000000 0.115827 
0.481569 162.000000 0.116547 
0.478431 170.000000 0.122302 
0.470196 191.000000 0.137410 
0.476471 175.000000 0.125899 
0.474118 181.000000 0.130216 
0.477647 172.000000 0.123741 
0.473333 183.000000 0.131655 
0.478039 171.000000 0.123022 
0.474118 181.000000 0.130216 
0.477647 172.000000 0.123741 
0.478039 171.000000 0.123022 
0.476471 175.000000 0.125899 
0.478824 169.000000 0.121583 
0.479608 167.000000 0.120144 
0.474510 180.000000 0.129496 
0.478431 170.000000 0.122302 
0.476863 174.000000 0.125180 
0.474118 181.000000 0.130216 
0.480000 166.000000 0.119424 
0.472941 184.000000 0.132374 
0.475294 178.000000 0.128058 
0.479216 168.000000 0.120863 
0.478039 171.000000 0.123022 
0.473725 182.000000 0.130935 
0.479608 167.000000 0.120144 
0.476863 174.000000 0.125180 
0.476471 175.000000 0.125899 
0.477647 172.000000 0.123741 
0.474902 179.000000 0.128777 
0.477255 173.000000 0.124460 
0.478431 170.000000 0.122302 
0.472941 184.000000 0.132374 
0.473725 182.000000 0.130935 
0.478824 169.000000 0.121583 
0.475686 177.000000 0.127338 
0.475294 178.000000 0.128058 
0.474510 180.000000 0.129496 
0.477255 173.000000 0.124460 
0.473333 183.000000 0.131655 
0.478431 170.000000 0.122302 
0.479216 168.000000 0.120863 
0.472941 184.000000 0.132374 
0.482353 160.000000 0.115108 
0.475686 177.000000 0.127338 
0.480784 164.000000 0.117986 
0.478824 169.000000 0.121583 
0.472549 185.000000 0.133094 
0.474902 179.000000 0.128777 
0.475294 178.000000 0.128058 
0.479608 167.000000 0.120144 
0.480000 166.000000 0.119424 
0.481176 163.000000 0.117266 
0.472549 185.000000 0.133094 
0.476471 175.000000 0.125899 
0.476078 176.000000 0.126619 
0.480784 164.000000 0.117986 
0.480392 165.000000 0.118705 
0.472549 185.000000 0.133094 
0.475294 178.000000 0.128058 
0.476078 176.000000 0.126619 
0.482745 159.000000 0.114388 
0.474902 179.000000 0.128777 
0.476078 176.000000 0.126619 
0.473333 183.000000 0.131655 
0.479608 167.000000 0.120144 
0.474510 180.000000 0.129496 
0.476471 175.000000 0.125899 
0.470196 191.000000 0.137410 
0.480392 165.000000 0.118705 
0.476863 174.000000 0.125180 
0.474902 179.000000 0.128777 
0.474902 179.000000 0.128777 
0.475686 177.000000 0.127338 
0.475686 177.000000 0.127338 
0.476078 176.000000 0.126619 
0.478824 169.000000 0.121583 
0.480784 164.000000 0.117986 
0.475686 177.000000 0.127338 
0.480392 165.000000 0.118705 
0.481961 161.000000 0.115827 
0.478824 169.000000 0.121583 
0.477255 173.000000 0.124460 
0.478431 170.000000 0.122302 
0.477255 173.000000 0.124460 
0.480392 165.000000 0.118705 
0.477647 172.000000 0.123741 
0.476471 175.000000 0.125899 
0.472941 184.000000 0.132374 
0.476471 175.000000 0.125899 
0.475294 178.000000 0.128058 
0.476863 174.000000 0.125180 
0.476863 174.000000 0.125180 
0.477647 172.000000 0.123741 
0.480000 166.000000 0.119424 
0.484314 155.000000 0.111511 
0.478431 170.000000 0.122302 
0.477255 173.000000 0.124460 
0.478039 171.000000 0.123022 
0.481961 161.000000 0.115827 
0.480392 165.000000 0.118705 
0.476078 176.000000 0.126619 
0.474902 179.000000 0.128777 
0.477647 172.000000 0.123741 
0.477255 173.000000 0.124460 
0.473333 183.000000 0.131655 
0.476471 175.000000 0.125899 
0.475686 177.000000 0.127338 
0.469412 193.000000 0.138849 
0.479216 168.000000 0.120863 
0.476471 175.000000 0.125899 
0.477647 172.000000 0.123741 
0.475294 178.000000 0.128058 
0.473725 182.000000 0.130935 
0.471765 187.000000 0.134532 
0.476078 176.000000 0.126619 
0.480784 164.000000 0.117986 
0.478431 170.000000 0.122302 
0.475686 177.000000 0.127338 
0.473725 182.000000 0.130935 
0.477255 173.000000 0.124460 
0.476471 175.000000 0.125899 
0.482745 159.000000 0.114388 
0.470196 191.000000 0.137410 
0.480784 164.000000 0.117986 
0.471765 187.000000 0.134532 
0.477255 173.000000 0.124460 
0.472941 184.000000 0.132374 
0.475294 178.000000 0.128058 
0.478431 170.000000 0.122302 
0.473725 182.000000 0.130935 
0.479216 168.000000 0.120863 
0.478039 171.000000 0.123022 
0.480784 164.000000 0.117986 
0.473725 182.000000 0.130935 
0.480784 164.000000 0.117986 
0.470588 190.000000 0.136691 
0.474510 180.000000 0.129496 
0.479608 167.000000 0.120144 
0.473725 182.000000 0.130935 
0.475686 177.000000 0.127338 
0.478039 171.000000 0.123022 
0.474902 179.000000 0.128777 
0.482745 159.000000 0.114388 
0.478039 171.000000 0.123022 
0.470196 191.000000 0.137410 
0.477255 173.000000 0.124460 
0.475686 177.000000 0.127338 
0.480392 165.000000 0.118705 
0.471373 188.000000 0.135252 
0.474510 180.000000 0.129496 
0.472549 185.000000 0.133094 
0.474118 181.000000 0.130216 
0.474118 181.000000 0.130216 
0.476863 174.000000 0.125180 
0.473725 182.000000 0.130935 
0.477647 172.000000 0.123741 
0.472941 184.000000 0.132374 
0.477647 172.000000 0.123741 
0.474510 180.000000 0.129496 
0.483137 158.000000 0.113669 
0.478824 169.000000 0.121583 
0.483137 158.000000 0.113669 
0.473333 183.000000 0.131655 
0.485098 153.000000 0.110072 
0.480392 165.000000 0.118705 
0.475294 178.000000 0.128058 
0.475686 177.000000 0.127338 
0.476471 175.000000 0.125899 
0.482745 159.000000 0.114388 
0.476863 174.000000 0.125180 
0.472549 185.000000 0.133094 
0.473725 182.000000 0.130935 
0.478431 170.000000 0.122302 
0.476471 175.000000 0.125899 
0.478039 171.000000 0.123022 
0.478824 169.000000 0.121583 
0.479216 168.000000 0.120863 
0.473725 182.000000 0.130935 
0.476078 176.000000 0.126619 
0.479608 167.000000 0.120144 
0.473333 183.000000 0.131655 
0.478039 171.000000 0.123022 
0.477255 173.000000 0.124460 
0.473333 183.000000 0.131655 
0.478431 170.000000 0.122302 
0.475686 177.000000 0.127338 
0.478431 170.000000 0.122302 
0.482353 160.000000 0.115108 
0.477647 172.000000 0.123741 
0.475294 178.000000 0.128058 
0.471765 187.000000 0.134532 
0.480784 164.000000 0.117986 
0.477647 172.000000 0.123741 
0.474510 180.000000 0.129496 
0.475686 177.000000 0.127338 
0.472941 184.000000 0.132374 
0.481176 163.000000 0.117266 
0.477647 172.000000 0.123741 
0.473725 182.000000 0.130935 
0.478039 171.000000 0.123022 
0.480784 164.000000 0.117986 
0.469020 194.000000 0.139568 
0.478431 170.000000 0.122302 
0.480784 164.000000 0.117986 
0.476863 174.000000 0.125180 
0.480784 164.000000 0.117986 
0.475686 177.000000 0.127338 
0.476471 175.000000 0.125899 
0.479608 167.000000 0.120144 
0.479608 167.000000 0.120144 
0.472941 184.000000 0.132374 
0.474510 180.000000 0.129496 
0.478824 169.000000 0.121583 
0.476471 175.000000 0.125899 
0.469412 193.000000 0.138849 
0.481961 161.000000 0.115827 
0.481176 163.000000 0.117266 
0.480784 164.000000 0.117986 
0.475294 178.000000 0.128058 
0.477255 173.000000 0.124460 
0.471765 187.000000 0.134532 
0.485490 152.000000 0.109353 
0.472941 184.000000 0.132374 
0.484314 155.000000 0.111511 
0.476863 174.000000 0.125180 
0.476078 176.000000 0.126619 
0.478431 170.000000 0.122302 
0.478039 171.000000 0.123022 
0.475686 177.000000 0.127338 
0.483529 157.000000 0.112950 
0.478431 170.000000 0.122302 
0.472157 186.000000 0.133813 
0.479216 168.000000 0.120863 
0.479216 168.000000 0.120863 
0.475294 178.000000 0.128058 
0.469412 193.000000 0.138849 
0.480392 165.000000 0.118705 
0.471765 187.000000 0.134532 
0.470196 191.000000 0.137410 
0.476078 176.000000 0.126619 
0.481569 162.000000 0.116547 
0.473333 183.000000 0.131655 
0.474118 181.000000 0.130216 
0.482353 160.000000 0.115108 
0.481961 161.000000 0.115827 
0.481961 161.000000 0.115827 
0.475294 178.000000 0.128058 
0.477255 173.000000 0.124460 
0.474118 181.000000 0.130216 
0.483922 156.000000 0.112230 
0.479216 168.000000 0.120863 
0.475294 178.000000 0.128058 
0.477647 172.000000 0.123741 
0.472549 185.000000 0.133094 
0.484706 154.000000 0.110791 
0.481569 162.000000 0.116547 
0.479216 168.000000 0.120863 
0.475294 178.000000 0.128058 
0.474118 181.000000 0.130216 
0.479216 168.000000 0.120863 
0.474902 179.000000 0.128777 
0.484314 155.000000 0.111511 
0.478824 169.000000 0.121583 
0.478039 171.000000 0.123022 
0.475294 178.000000 0.128058 
0.482353 160.000000 0.115108 
0.473333 183.000000 0.131655 
0.476863 174.000000 0.125180 
0.477647 172.000000 0.123741 
0.476078 176.000000 0.126619 
0.476863 174.000000 0.125180 
0.472157 186.000000 0.133813 
0.478039 171.000000 0.123022 
0.476863 174.000000 0.125180 
0.473725 182.000000 0.130935 
0.477255 173.000000 0.124460 
0.475686 177.000000 0.127338 
0.474510 180.000000 0.129496 
0.483137 158.000000 0.113669 
0.481569 162.000000 0.116547 
0.474118 181.000000 0.130216 
0.481569 162.000000 0.116547 
0.472549 185.000000 0.133094 
0.479608 167.000000 0.120144 
0.474118 181.000000 0.130216 
0.480392 165.000000 0.118705 
0.470980 189.000000 0.135971 
0.476863 174.000000 0.125180 
0.478824 169.000000 0.121583 
0.475686 177.000000 0.127338 
0.479608 167.000000 0.120144 
0.477647 172.000000 0.123741 
0.472941 184.000000 0.132374 
0.476471 175.000000 0.125899 
0.476078 176.000000 0.126619 
0.478824 169.000000 0.121583 
0.477647 172.000000 0.123741 
0.472941 184.000000 0.132374 
0.477647 172.000000 0.123741 
0.476471 175.000000 0.125899 
0.472941 184.000000 0.132374 
0.478039 171.000000 0.123022 
0.481176 163.000000 0.117266 
0.477255 173.000000 0.124460 
0.474902 179.000000 0.128777 
0.474510 180.000000 0.129496 
0.472549 185.000000 0.133094 
0.478431 170.000000 0.122302 
0.478431 170.000000 0.122302 
0.472157 186.000000 0.133813 
0.476863 174.000000 0.125180 
0.476863 174.000000 0.125180 
0.477255 173.000000 0.124460 
0.477255 173.000000 0.124460 
0.475686 177.000000 0.127338 
0.479608 167.000000 0.120144 
0.476471 175.000000 0.125899 
0.473725 182.000000 0.130935 
0.482353 160.000000 0.115108 
0.477255 173.000000 0.124460 
0.474902 179.000000 0.128777 
0.469804 192.000000 0.138129 
0.480000 166.000000 0.119424 
0.471765 187.000000 0.134532 
0.474510 180.000000 0.129496 
0.472549 185.000000 0.133094 
0.473333 183.000000 0.131655 
0.480784 164.000000 0.117986 
0.477255 173.000000 0.124460 
0.483922 156.000000 0.112230 
0.480000 166.000000 0.119424 
0.475686 177.000000 0.127338 
0.480000 166.000000 0.119424 
0.481569 162.000000 0.116547 
0.474118 181.000000 0.130216 
0.477255 173.000000 0.124460 
0.476863 174.000000 0.125180 
0.480392 165.000000 0.118705 
0.474118 181.000000 0.130216 
0.478039 171.000000 0.123022 
0.474510 180.000000 0.129496 
0.480392 165.000000 0.118705 
0.474510 180.000000 0.129496 
0.477255 173.000000 0.124460 
0.474510 180.000000 0.129496 
0.473333 183.000000 0.131655 
0.474902 179.000000 0.128777 
0.481176 163.000000 0.117266 
0.471765 187.000000 0.134532 
0.476078 176.000000 0.126619 
0.474118 181.000000 0.130216 
0.476471 175.000000 0.125899 
0.476471 175.000000 0.125899 
0.473333 183.000000 0.131655 
0.481961 161.000000 0.115827 
0.479608 167.000000 0.120144 
0.471373 188.000000 0.135252 
0.474118 181.000000 0.130216 
0.478431 170.000000 0.122302 
0.476078 176.000000 0.126619 
0.479216 168.000000 0.120863 
0.481176 163.000000 0.117266 
0.474510 180.000000 0.129496 
0.478431 170.000000 0.122302 
0.477255 173.000000 0.124460 
0.477647 172.000000 0.123741 
0.481961 161.000000 0.115827 
0.479608 167.000000 0.120144 
0.485490 152.000000 0.109353 
0.475686 177.000000 0.127338 
0.481176 163.000000 0.117266 
0.478039 171.000000 0.123022 
0.483922 156.000000 0.112230 
0.478039 171.000000 0.123022 
0.473725 182.000000 0.130935 
0.481961 161.000000 0.115827 
0.475294 178.000000 0.128058 
0.476078 176.000000 0.126619 
0.477647 172.000000 0.123741 
0.480000 166.000000 0.119424 
0.465098 204.000000 0.146763 
0.478039 171.000000 0.123022 
0.471373 188.000000 0.135252 
0.475294 178.000000 0.128058 
0.478824 169.000000 0.121583 
0.471765 187.000000 0.134532 
0.472941 184.000000 0.132374 
0.479608 167.000000 0.120144 
0.479216 168.000000 0.120863 
0.480000 166.000000 0.119424 
0.479608 167.000000 0.120144 
0.475294 178.000000 0.128058 
0.474118 181.000000 0.130216 
0.478824 169.000000 0.121583 
0.478039 171.000000 0.123022 
0.478431 170.000000 0.122302 
0.473333 183.000000 0.131655 
0.474118 181.000000 0.130216 
0.475686 177.000000 0.127338 
0.474118 181.000000 0.130216 
0.481569 162.000000 0.116547 
0.481176 163.000000 0.117266 
0.476471 175.000000 0.125899 
0.481569 162.000000 0.116547 
0.474510 180.000000 0.129496 
0.477255 173.000000 0.124460 
0.476471 175.000000 0.125899 
0.479608 167.000000 0.120144 
0.479608 167.000000 0.120144 
0.479608 167.000000 0.120144 
0.470588 190.000000 0.136691 
0.480784 164.000000 0.117986 
0.476863 174.000000 0.125180 
0.485098 153.000000 0.110072 
0.481569 162.000000 0.116547 
0.478824 169.000000 0.121583 
0.481176 163.000000 0.117266 
0.479608 167.000000 0.120144 
0.480000 166.000000 0.119424 
0.476471 175.000000 0.125899 
0.476078 176.000000 0.126619 
0.477647 172.000000 0.123741 
0.471765 187.000000 0.134532 
0.474510 180.000000 0.129496 
0.479216 168.000000 0.120863 
0.476471 175.000000 0.125899 
0.480000 166.000000 0.119424 
0.472549 185.000000 0.133094 
0.471373 188.000000 0.135252 
0.478431 170.000000 0.122302 
0.473333 183.000000 0.131655 
0.471765 187.000000 0.134532 
0.476078 176.000000 0.126619 
0.471373 188.000000 0.135252 
0.473333 183.000000 0.131655 
0.472549 185.000000 0.133094 
0.482745 159.000000 0.114388 
0.481961 161.000000 0.115827 
0.474902 179.000000 0.128777 
0.474902 179.000000 0.128777 
0.478431 170.000000 0.122302 
0.475294 178.000000 0.128058 
0.476078 176.000000 0.126619 
0.474510 180.000000 0.129496 
0.477255 173.000000 0.124460 
0.477255 173.000000 0.124460 
0.485098 153.000000 0.110072 
0.476863 174.000000 0.125180 
0.480784 164.000000 0.117986 
0.477647 172.000000 0.123741 
0.471373 188.000000 0.135252 
0.480784 164.000000 0.117986 
0.472549 185.000000 0.133094 
0.471373 188.000000 0.135252 
0.476078 176.000000 0.126619 
0.476078 176.000000 0.126619 
0.474902 179.000000 0.128777 
0.474510 180.000000 0.129496 
0.481961 161.000000 0.115827 
0.473725 182.000000 0.130935 
0.474902 179.000000 0.128777 
0.474902 179.000000 0.128777 
0.477255 173.000000 0.124460 
0.478431 170.000000 0.122302 
0.476471 175.000000 0.125899 
0.480784 164.000000 0.117986 
0.469804 192.000000 0.138129 
0.480392 165.000000 0.118705 
0.478431 170.000000 0.122302 
0.481569 162.000000 0.116547 
0.476078 176.000000 0.126619 
0.478039 171.000000 0.123022 
0.474118 181.000000 0.130216 
0.474118 181.000000 0.130216 
0.478431 170.000000 0.122302 
0.479216 168.000000 0.120863 
0.478824 169.000000 0.121583 
0.474902 179.000000 0.128777 
0.468627 195.000000 0.140288 
0.481176 163.000000 0.117266 
0.474902 179.000000 0.128777 
0.476863 174.000000 0.125180 
0.472941 184.000000 0.132374 
0.481176 163.000000 0.117266 
0.477255 173.000000 0.124460 
0.474510 180.000000 0.129496 
0.476863 174.000000 0.125180 
0.479608 167.000000 0.120144 
0.473725 182.000000 0.130935 
0.478824 169.000000 0.121583 
0.477647 172.000000 0.123741 
0.479216 168.000000 0.120863 
0.474510 180.000000 0.129496 
0.471373 188.000000 0.135252 
0.481961 161.000000 0.115827 
0.475686 177.000000 0.127338 
0.481176 163.000000 0.117266 
0.478431 170.000000 0.122302 
0.475294 178.000000 0.128058 
0.475686 177.000000 0.127338 
0.481569 162.000000 0.116547 
0.478039 171.000000 0.123022 
0.475686 177.000000 0.127338 
0.475294 178.000000 0.128058 
0.480784 164.000000 0.117986 
0.475294 178.000000 0.128058 
0.474118 181.000000 0.130216 
0.476078 176.000000 0.126619 
0.480392 165.000000 0.118705 
0.476078 176.000000 0.126619 
0.472157 186.000000 0.133813 
0.476078 176.000000 0.126619 
0.480000 166.000000 0.119424 
0.480784 164.000000 0.117986 
0.479608 167.000000 0.120144 
0.475294 178.000000 0.128058 
0.475294 178.000000 0.128058 
0.481569 162.000000 0.116547 
0.479216 168.000000 0.120863 
0.469804 192.000000 0.138129 
0.480784 164.000000 0.117986 
0.476078 176.000000 0.126619 
0.479608 167.000000 0.120144 
0.474902 179.000000 0.128777 
0.470196 191.000000 0.137410 
0.474510 180.000000 0.129496 
0.472941 184.000000 0.132374 
0.475686 177.000000 0.127338 
0.474902 179.000000 0.128777 
0.476471 175.000000 0.125899 
0.473725 182.000000 0.130935 
0.472549 185.000000 0.133094 
0.470588 190.000000 0.136691 
0.474118 181.000000 0.130216 
0.480000 166.000000 0.119424 
0.475294 178.000000 0.128058 
0.472941 184.000000 0.132374 
0.474510 180.000000 0.129496 
0.472549 185.000000 0.133094 
0.479608 167.000000 0.120144 
0.483922 156.000000 0.112230 
0.479216 168.000000 0.120863 
0.475686 177.000000 0.127338 
0.477647 172.000000 0.123741 
0.479216 168.000000 0.120863 
0.477255 173.000000 0.124460 
0.478431 170.000000 0.122302 
0.475686 177.000000 0.127338 
0.475294 178.000000 0.128058 
0.480392 165.000000 0.118705 
0.476863 174.000000 0.125180 
0.472941 184.000000 0.132374 
0.470980 189.000000 0.135971 
0.473725 182.000000 0.130935 
0.478431 170.000000 0.122302 
0.480784 164.000000 0.117986 
0.477255 173.000000 0.124460 
0.480392 165.000000 0.118705 
0.478039 171.000000 0.123022 
0.478431 170.000000 0.122302 
0.477255 173.000000 0.124460 
0.477255 173.000000 0.124460 
0.480392 165.000000 0.118705 
0.478431 170.000000 0.122302 
0.474510 180.000000 0.129496 
0.476078 176.000000 0.126619 
0.478824 169.000000 0.121583 
0.479608 167.000000 0.120144 
0.477647 172.000000 0.123741 
0.480392 165.000000 0.118705 
0.476471 175.000000 0.125899 
0.474902 179.000000 0.128777 
0.480000 166.000000 0.119424 
0.476863 174.000000 0.125180 
0.481961 161.000000 0.115827 
0.482745 159.000000 0.114388 
0.478431 170.000000 0.122302 
0.479216 168.000000 0.120863 
0.474510 180.000000 0.129496 
0.477647 172.000000 0.123741 
0.474118 181.000000 0.130216 
0.476863 174.000000 0.125180 
0.474118 181.000000 0.130216 
0.478431 170.000000 0.122302 
0.476863 174.000000 0.125180 
0.477647 172.000000 0.123741 
0.475294 178.000000 0.128058 
0.472941 184.000000 0.132374 
0.478431 170.000000 0.122302 
0.477255 173.000000 0.124460 
0.483922 156.000000 0.112230 
0.478431 170.000000 0.122302 
0.475686 177.000000 0.127338 
0.478824 169.000000 0.121583 
0.475686 177.000000 0.127338 
0.479216 168.000000 0.120863 
0.473725 182.000000 0.130935 
0.477647 172.000000 0.123741 
0.472157 186.000000 0.133813 
0.476078 176.000000 0.126619 
0.476078 176.000000 0.126619 
0.480392 165.000000 0.118705 
0.483137 158.000000 0.113669 
0.480392 165.000000 0.118705 
0.475686 177.000000 0.127338 
0.472549 185.000000 0.133094 
0.472549 185.000000 0.133094 
0.480784 164.000000 0.117986 
0.479216 168.000000 0.120863 
0.475686 177.000000 0.127338 
0.470588 190.000000 0.136691 
0.477255 173.000000 0.124460 
0.476863 174.000000 0.125180 
0.475294 178.000000 0.128058 
0.476863 174.000000 0.125180 
0.479216 168.000000 0.120863 
0.476863 174.000000 0.125180 
0.480784 164.000000 0.117986 
0.469804 192.000000 0.138129 
0.476471 175.000000 0.125899 
0.478039 171.000000 0.123022 
0.474510 180.000000 0.129496 
0.481176 163.000000 0.117266 
0.473333 183.000000 0.131655 
0.469804 192.000000 0.138129 
0.478039 171.000000 0.123022 
0.477647 172.000000 0.123741 
0.476471 175.000000 0.125899 
0.476078 176.000000 0.126619 
0.474902 179.000000 0.128777 
0.477647 172.000000 0.123741 
0.475686 177.000000 0.127338 
0.470588 190.000000 0.136691 
0.476863 174.000000 0.125180 
0.473725 182.000000 0.130935 
0.474902 179.000000 0.128777 
0.479608 167.000000 0.120144 
0.479216 168.000000 0.120863 
0.477255 173.000000 0.124460 
0.471373 188.000000 0.135252 
0.479608 167.000000 0.120144 
0.474510 180.000000 0.129496 
0.476471 175.000000 0.125899 
0.482353 160.000000 0.115108 
0.474902 179.000000 0.128777 
0.478039 171.000000 0.123022 
0.474118 181.000000 0.130216 
0.473333 183.000000 0.131655 
0.474902 179.000000 0.128777 
0.480392 165.000000 0.118705 
0.481176 163.000000 0.117266 
0.481961 161.000000 0.115827 
0.482745 159.000000 0.114388 
0.477255 173.000000 0.124460 
0.480000 166.000000 0.119424 
0.474902 179.000000 0.128777 
0.476863 174.000000 0.125180 
0.477255 173.000000 0.124460 
0.472157 186.000000 0.133813 
0.483529 157.000000 0.112950 
0.477647 172.000000 0.123741 
0.474510 180.000000 0.129496 
0.474118 181.000000 0.130216 
0.476471 175.000000 0.125899 
0.476863 174.000000 0.125180 
0.478039 171.000000 0.123022 
0.476078 176.000000 0.126619 
0.471373 188.000000 0.135252 
0.479216 168.000000 0.120863 
0.474118 181.000000 0.130216 
0.479216 168.000000 0.120863 
0.476471 175.000000 0.125899 
0.483137 158.000000 0.113669 
0.477647 172.000000 0.123741 
0.475294 178.000000 0.128058 
0.481961 161.000000 0.115827 
0.476078 176.000000 0.126619 
0.473333 183.000000 0.131655 
0.478431 170.000000 0.122302 
0.479608 167.000000 0.120144 
0.472941 184.000000 0.132374 
0.472157 186.000000 0.133813 
0.477255 173.000000 0.124460 
0.473333 183.000000 0.131655 
0.474902 179.000000 0.128777 
0.479216 168.000000 0.120863 
0.476078 176.000000 0.126619 
0.480000 166.000000 0.119424 
0.481176 163.000000 0.117266 
0.474510 180.000000 0.129496 
0.479216 168.000000 0.120863 
0.476471 175.000000 0.125899 
0.480784 164.000000 0.117986 
0.475686 177.000000 0.127338 
0.478431 170.000000 0.122302 
0.479216 168.000000 0.120863 
0.480000 166.000000 0.119424 
0.479216 168.000000 0.120863 
0.471765 187.000000 0.134532 
0.480784 164.000000 0.117986 
0.476863 174.000000 0.125180 
0.475294 178.000000 0.128058 
0.481961 161.000000 0.115827 
0.480784 164.000000 0.117986 
0.477647 172.000000 0.123741 
0.474902 179.000000 0.128777 
0.475294 178.000000 0.128058 
0.474510 180.000000 0.129496 
0.480392 165.000000 0.118705 
0.480784 164.000000 0.117986 
0.480392 165.000000 0.118705 
0.480392 165.000000 0.118705 
0.481176 163.000000 0.117266 
0.477255 173.000000 0.124460 
0.474902 179.000000 0.128777 
0.480392 165.000000 0.118705 
0.476471 175.000000 0.125899 
0.474510 180.000000 0.129496 
0.476078 176.000000 0.126619 
0.472941 184.000000 0.132374 
0.479216 168.000000 0.120863 
0.476471 175.000000 0.125899 
0.475294 178.000000 0.128058 
0.473333 183.000000 0.131655 
0.476078 176.000000 0.126619 
0.479216 168.000000 0.120863 
0.476471 175.000000 0.125899 
0.479216 168.000000 0.120863 
0.473725 182.000000 0.130935 
0.476863 174.000000 0.125180 
0.479608 167.000000 0.120144 
0.474118 181.000000 0.130216 
0.477255 173.000000 0.124460 
0.480392 165.000000 0.118705 
0.472549 185.000000 0.133094 
0.480392 165.000000 0.118705 
0.478039 171.000000 0.123022 
0.476471 175.000000 0.125899 
0.476471 175.000000 0.125899 
0.472549 185.000000 0.133094 
0.477255 173.000000 0.124460 
0.475294 178.000000 0.128058 
0.483137 158.000000 0.113669 
0.475686 177.000000 0.127338 
0.484314 155.000000 0.111511 
0.477647 172.000000 0.123741 
0.477255 173.000000 0.124460 
0.478824 169.000000 0.121583 
0.471765 187.000000 0.134532 
0.472941 184.000000 0.132374 
0.485098 153.000000 0.110072 
0.471765 187.000000 0.134532 
0.477647 172.000000 0.123741 
0.482353 160.000000 0.115108 
0.480000 166.000000 0.119424 
0.472549 185.000000 0.133094 
0.480784 164.000000 0.117986 
0.472941 184.000000 0.132374 
0.480784 164.000000 0.117986 
0.475294 178.000000 0.128058 
0.483137 158.000000 0.113669 
0.477255 173.000000 0.124460 
0.477647 172.000000 0.123741 
0.476863 174.000000 0.125180 
0.475686 177.000000 0.127338 
0.476471 175.000000 0.125899 
0.476863 174.000000 0.125180 
0.478824 169.000000 0.121583 
0.478824 169.000000 0.121583 
0.475294 178.000000 0.128058 
0.476471 175.000000 0.125899 
0.477255 173.000000 0.124460 
0.472157 186.000000 0.133813 
0.476471 175.000000 0.125899 
0.482745 159.000000 0.114388 
0.479216 168.000000 0.120863 
0.480392 165.000000 0.118705 
0.477647 172.000000 0.123741 
0.473725 182.000000 0.130935 
0.475686 177.000000 0.127338 
0.479608 167.000000 0.120144 
0.471373 188.000000 0.135252 
0.479216 168.000000 0.120863 
0.473333 183.000000 0.131655 
0.484706 154.000000 0.110791 
0.473725 182.000000 0.130935 
0.476078 176.000000 0.126619 
0.472941 184.000000 0.132374 
0.479216 168.000000 0.120863 
0.476863 174.000000 0.125180 
0.475686 177.000000 0.127338 
0.475686 177.000000 0.127338 
0.474902 179.000000 0.128777 
0.475294 178.000000 0.128058 
0.475686 177.000000 0.127338 
0.478039 171.000000 0.123022 
0.478431 170.000000 0.122302 
0.479216 168.000000 0.120863 
0.473725 182.000000 0.130935 
0.477255 173.000000 0.124460 
0.478039 171.000000 0.123022 
0.478039 171.000000 0.123022 
0.479608 167.000000 0.120144 
0.468627 195.000000 0.140288 
0.477255 173.000000 0.124460 
0.476471 175.000000 0.125899 
0.476471 175.000000 0.125899 
0.471373 188.000000 0.135252 
0.477255 173.000000 0.124460 
0.476471 175.000000 0.125899 
0.481569 162.000000 0.116547 
0.477255 173.000000 0.124460 
0.475686 177.000000 0.127338 
0.481569 162.000000 0.116547 
0.474902 179.000000 0.128777 
0.476863 174.000000 0.125180 
0.479216 168.000000 0.120863 
0.468627 195.000000 0.140288 
0.474118 181.000000 0.130216 
0.473333 183.000000 0.131655 
0.474902 179.000000 0.128777 
0.474902 179.000000 0.128777 
0.478824 169.000000 0.121583 
0.479608 167.000000 0.120144 
0.476471 175.000000 0.125899 
0.471765 187.000000 0.134532 
0.473333 183.000000 0.131655 
0.477255 173.000000 0.124460 
0.477255 173.000000 0.124460 
0.480000 166.000000 0.119424 
0.476471 175.000000 0.125899 
0.482745 159.000000 0.114388 
0.480392 165.000000 0.118705 
0.473333 183.000000 0.131655 
0.472549 185.000000 0.133094 
0.478824 169.000000 0.121583 
0.473725 182.000000 0.130935 
0.478431 170.000000 0.122302 
0.474118 181.000000 0.130216 
0.474118 181.000000 0.130216 
0.478039 171.000000 0.123022 
0.475294 178.000000 0.128058 
0.479216 168.000000 0.120863 
0.479608 167.000000 0.120144 
0.480000 166.000000 0.119424 
0.484314 155.000000 0.111511 
0.475686 177.000000 0.127338 
0.474118 181.000000 0.130216 
0.477255 173.000000 0.124460 
0.477647 172.000000 0.123741 
0.476078 176.000000 0.126619 
0.475294 178.000000 0.128058 
0.474902 179.000000 0.128777 
0.482353 160.000000 0.115108 
0.472941 184.000000 0.132374 
0.478431 170.000000 0.122302 
0.475686 177.000000 0.127338 
0.479608 167.000000 0.120144 
0.478431 170.000000 0.122302 
0.478039 171.000000 0.123022 
0.479216 168.000000 0.120863 
0.477647 172.000000 0.123741 
0.477255 173.000000 0.124460 
0.479216 168.000000 0.120863 
0.478824 169.000000 0.121583 
0.477647 172.000000 0.123741 
0.474902 179.000000 0.128777 
0.472549 185.000000 0.133094 
0.472941 184.000000 0.132374 
0.478039 171.000000 0.123022 
0.473333 183.000000 0.131655 
0.472941 184.000000 0.132374 
0.475686 177.000000 0.127338 
0.474902 179.000000 0.128777 
0.470980 189.000000 0.135971 
0.479216 168.000000 0.120863 
0.474118 181.000000 0.130216 
0.472941 184.000000 0.132374 
0.476863 174.000000 0.125180 
0.475294 178.000000 0.128058 
0.481961 161.000000 0.115827 
0.473725 182.000000 0.130935 
0.476078 176.000000 0.126619 
0.476471 175.000000 0.125899 
0.472549 185.000000 0.133094 
0.475686 177.000000 0.127338 
0.476471 175.000000 0.125899 
0.474902 179.000000 0.128777 
0.477255 173.000000 0.124460 
0.477647 172.000000 0.123741 
0.479608 167.000000 0.120144 
0.476078 176.000000 0.126619 
0.476078 176.000000 0.126619 
0.479216 168.000000 0.120863 
0.476471 175.000000 0.125899 
0.477255 173.000000 0.124460 
0.477255 173.000000 0.124460 
0.474510 180.000000 0.129496 
0.476471 175.000000 0.125899 
0.474902 179.000000 0.128777 
0.478824 169.000000 0.121583 
0.474118 181.000000 0.130216 
0.474902 179.000000 0.128777 
0.475294 178.000000 0.128058 
0.479608 167.000000 0.120144 
0.478824 169.000000 0.121583 
0.484314 155.000000 0.111511 
0.480784 164.000000 0.117986 
0.478824 169.000000 0.121583 
0.484314 155.000000 0.111511 
0.483922 156.000000 0.112230 
0.476863 174.000000 0.125180 
0.480392 165.000000 0.118705 
0.474510 180.000000 0.129496 
0.476863 174.000000 0.125180 
0.476078 176.000000 0.126619 
0.479608 167.000000 0.120144 
0.478824 169.000000 0.121583 
0.483922 156.000000 0.112230 
0.475686 177.000000 0.127338 
0.471373 188.000000 0.135252 
0.478039 171.000000 0.123022 
0.478039 171.000000 0.123022 
0.478039 171.000000 0.123022 
0.469804 192.000000 0.138129 
0.473333 183.000000 0.131655 
0.475294 178.000000 0.128058 
0.480000 166.000000 0.119424 
0.473333 183.000000 0.131655 
0.474902 179.000000 0.128777 
0.473333 183.000000 0.131655 
0.478824 169.000000 0.121583 
0.481176 163.000000 0.117266 
0.474902 179.000000 0.128777 
0.474510 180.000000 0.129496 
0.479608 167.000000 0.120144 
0.477255 173.000000 0.124460 
0.480000 166.000000 0.119424 
0.478039 171.000000 0.123022 
0.480000 166.000000 0.119424 
0.480784 164.000000 0.117986 
0.470980 189.000000 0.135971 
0.475294 178.000000 0.128058 
0.476471 175.000000 0.125899 
0.472549 185.000000 0.133094 
0.474510 180.000000 0.129496 
0.481176 163.000000 0.117266 
0.474118 181.000000 0.130216 
0.476863 174.000000 0.125180 
0.474118 181.000000 0.130216 
0.471373 188.000000 0.135252 
0.476078 176.000000 0.126619 
0.488627 144.000000 0.103597 
0.478039 171.000000 0.123022 
0.472941 184.000000 0.132374 
0.479608 167.000000 0.120144 
0.471373 188.000000 0.135252 
0.479216 168.000000 0.120863 
0.476471 175.000000 0.125899 
0.475686 177.000000 0.127338 
0.477647 172.000000 0.123741 
0.477647 172.000000 0.123741 
0.478039 171.000000 0.123022 
0.471765 187.000000 0.134532 
0.478039 171.000000 0.123022 
0.474118 181.000000 0.130216 
0.479216 168.000000 0.120863 
0.472157 186.000000 0.133813 
0.476078 176.000000 0.126619 
0.474902 179.000000 0.128777 
0.476078 176.000000 0.126619 
0.480000 166.000000 0.119424 
0.481961 161.000000 0.115827 
0.476078 176.000000 0.126619 
0.474902 179.000000 0.128777 
0.477255 173.000000 0.124460 
0.474118 181.000000 0.130216 
0.473333 183.000000 0.131655 
0.476471 175.000000 0.125899 
0.472941 184.000000 0.132374 
0.477255 173.000000 0.124460 
0.478431 170.000000 0.122302 
0.476471 175.000000 0.125899 
0.480000 166.000000 0.119424 
0.471765 187.000000 0.134532 
0.476471 175.000000 0.125899 
0.476078 176.000000 0.126619 
0.475686 177.000000 0.127338 
0.474510 180.000000 0.129496 
0.475686 177.000000 0.127338 
0.486667 149.000000 0.107194 
0.478431 170.000000 0.122302 
0.476863 174.000000 0.125180 
0.476471 175.000000 0.125899 
0.475686 177.000000 0.127338 
0.479608 167.000000 0.120144 
0.480784 164.000000 0.117986 
0.474510 180.000000 0.129496 
0.483922 156.000000 0.112230 
0.473725 182.000000 0.130935 
0.479608 167.000000 0.120144 
0.474510 180.000000 0.129496 
0.479216 168.000000 0.120863 
0.473725 182.000000 0.130935 
0.483137 158.000000 0.113669 
0.479216 168.000000 0.120863 
0.477255 173.000000 0.124460 
0.472157 186.000000 0.133813 
0.477255 173.000000 0.124460 
0.478824 169.000000 0.121583 
0.477647 172.000000 0.123741 
0.470196 191.000000 0.137410 
0.475686 177.000000 0.127338 
0.473333 183.000000 0.131655 
0.473725 182.000000 0.130935 
0.471765 187.000000 0.134532 
0.473333 183.000000 0.131655 
0.475686 177.000000 0.127338 
0.478039 171.000000 0.123022 
0.474902 179.000000 0.128777 
0.479608 167.000000 0.120144 
0.474510 180.000000 0.129496 
0.477647 172.000000 0.123741 
0.478431 170.000000 0.122302 
0.480000 166.000000 0.119424 
0.471373 188.000000 0.135252 
0.478824 169.000000 0.121583 
0.474902 179.000000 0.128777 
0.472941 184.000000 0.132374 
0.473333 183.000000 0.131655 
0.482353 160.000000 0.115108 
0.477647 172.000000 0.123741 
0.480000 166.000000 0.119424 
0.478824 169.000000 0.121583 
0.476863 174.000000 0.125180 
0.480784 164.000000 0.117986 
0.473725 182.000000 0.130935 
0.480000 166.000000 0.119424 
0.476863 174.000000 0.125180 
0.472157 186.000000 0.133813 
0.470196 191.000000 0.137410 
0.480000 166.000000 0.119424 
0.481569 162.000000 0.116547 
0.478431 170.000000 0.122302 
0.481569 162.000000 0.116547 
0.474902 179.000000 0.128777 
0.480000 166.000000 0.119424 
0.478039 171.000000 0.123022 
0.478824 169.000000 0.121583 
0.476863 174.000000 0.125180 
0.479216 168.000000 0.120863 
0.474902 179.000000 0.128777 
0.475686 177.000000 0.127338 
0.479608 167.000000 0.120144 
0.476471 175.000000 0.125899 
0.472549 185.000000 0.133094 
0.472941 184.000000 0.132374 
0.472157 186.000000 0.133813 
0.474510 180.000000 0.129496 
0.479608 167.000000 0.120144 
0.475686 177.000000 0.127338 
0.475294 178.000000 0.128058 
0.476863 174.000000 0.125180 
0.482353 160.000000 0.115108 
0.475686 177.000000 0.127338 
0.477647 172.000000 0.123741 
0.480000 166.000000 0.119424 
0.478431 170.000000 0.122302 
0.474902 179.000000 0.128777 
0.476471 175.000000 0.125899 
0.471373 188.000000 0.135252 
0.473725 182.000000 0.130935 
0.479608 167.000000 0.120144 
0.481176 163.000000 0.117266 
0.477647 172.000000 0.123741 
0.474510 180.000000 0.129496 
0.474118 181.000000 0.130216 
0.475686 177.000000 0.127338 
0.480784 164.000000 0.117986 
0.477647 172.000000 0.123741 
0.477255 173.000000 0.124460 
0.480000 166.000000 0.119424 
0.479608 167.000000 0.120144 
0.476863 174.000000 0.125180 
0.476078 176.000000 0.126619 
0.476863 174.000000 0.125180 
0.479216 168.000000 0.120863 
0.478824 169.000000 0.121583 
0.475294 178.000000 0.128058 
0.477647 172.000000 0.123741 
0.480784 164.000000 0.117986 
0.476863 174.000000 0.125180 
0.479216 168.000000 0.120863 
0.480000 166.000000 0.119424 
0.477647 172.000000 0.123741 
0.475686 177.000000 0.127338 
0.475686 177.000000 0.127338 
0.476863 174.000000 0.125180 
0.479216 168.000000 0.120863 
0.478824 169.000000 0.121583 
0.477647 172.000000 0.123741 
0.481961 161.000000 0.115827 
0.481176 163.000000 0.117266 
0.477647 172.000000 0.123741 
0.471765 187.000000 0.134532 
0.475294 178.000000 0.128058 
0.470980 189.000000 0.135971 
0.477647 172.000000 0.123741 
0.474118 181.000000 0.130216 
0.478824 169.000000 0.121583 
0.481176 163.000000 0.117266 
0.477647 172.000000 0.123741 
0.476863 174.000000 0.125180 
0.470980 189.000000 0.135971 
0.481176 163.000000 0.117266 
0.477647 172.000000 0.123741 
0.473725 182.000000 0.130935 
0.478039 171.000000 0.123022 
0.470980 189.000000 0.135971 
0.479608 167.000000 0.120144 
0.479608 167.000000 0.120144 
0.476078 176.000000 0.126619 
0.472157 186.000000 0.133813 
0.474902 179.000000 0.128777 
0.471373 188.000000 0.135252 
0.471373 188.000000 0.135252 
0.479216 168.000000 0.120863 
0.480392 165.000000 0.118705 
0.477255 173.000000 0.124460 
0.474902 179.000000 0.128777 
0.478431 170.000000 0.122302 
0.474902 179.000000 0.128777 
0.471765 187.000000 0.134532 
0.474510 180.000000 0.129496 
0.476078 176.000000 0.126619 
0.484706 154.000000 0.110791 
0.479608 167.000000 0.120144 
0.479608 167.000000 0.120144 
0.471765 187.000000 0.134532 
0.479608 167.000000 0.120144 
0.470980 189.000000 0.135971 
0.474902 179.000000 0.128777 
0.473333 183.000000 0.131655 
0.478039 171.000000 0.123022 
0.478824 169.000000 0.121583 
0.478431 170.000000 0.122302 
0.474510 180.000000 0.129496 
0.469412 193.000000 0.138849 
0.478824 169.000000 0.121583 
0.478431 170.000000 0.122302 
0.480392 165.000000 0.118705 
0.476471 175.000000 0.125899 
0.474902 179.000000 0.128777 
0.477255 173.000000 0.124460 
0.476863 174.000000 0.125180 
0.472549 185.000000 0.133094 
0.474902 179.000000 0.128777 
0.479608 167.000000 0.120144 
0.479608 167.000000 0.120144 
0.482745 159.000000 0.114388 
0.470196 191.000000 0.137410 
0.474902 179.000000 0.128777 
0.476863 174.000000 0.125180 
0.478039 171.000000 0.123022 
0.474510 180.000000 0.129496 
0.482745 159.000000 0.114388 
0.480392 165.000000 0.118705 
0.480000 166.000000 0.119424 
0.479608 167.000000 0.120144 
0.477647 172.000000 0.123741 
0.470980 189.000000 0.135971 
0.473333 183.000000 0.131655 
0.479608 167.000000 0.120144 
0.472157 186.000000 0.133813 
0.474118 181.000000 0.130216 
0.472157 186.000000 0.133813 
0.476863 174.000000 0.125180 
0.478039 171.000000 0.123022 
0.478431 170.000000 0.122302 
0.471373 188.000000 0.135252 
0.480392 165.000000 0.118705 
0.477647 172.000000 0.123741 
0.473725 182.000000 0.130935 
0.474510 180.000000 0.129496 
0.480392 165.000000 0.118705 
0.477647 172.000000 0.123741 
0.475686 177.000000 0.127338 
0.481961 161.000000 0.115827 
0.479608 167.000000 0.120144 
0.477647 172.000000 0.123741 
0.476471 175.000000 0.125899 
0.473725 182.000000 0.130935 
0.476078 176.000000 0.126619 
0.478431 170.000000 0.122302 
0.478431 170.000000 0.122302 
0.481176 163.000000 0.117266 
0.479216 168.000000 0.120863 
