0.379216 423.000000 0.304317 
0.382745 414.000000 0.297842 
0.380000 421.000000 0.302878 
0.381176 418.000000 0.300719 
0.382353 415.000000 0.298561 
0.382745 414.000000 0.297842 
0.376471 430.000000 0.309353 
0.380392 420.000000 0.302158 
0.385882 406.000000 0.292086 
0.380392 420.000000 0.302158 
0.380392 420.000000 0.302158 
0.380392 420.000000 0.302158 
0.385098 408.000000 0.293525 
0.379216 423.000000 0.304317 
0.378824 424.000000 0.305036 
0.383137 413.000000 0.297122 
0.387059 403.000000 0.289928 
0.378431 425.000000 0.305755 
0.391765 391.000000 0.281295 
0.385098 408.000000 0.293525 
0.384706 409.000000 0.294245 
0.385882 406.000000 0.292086 
0.380784 419.000000 0.301439 
0.385882 406.000000 0.292086 
0.381569 417.000000 0.300000 
0.384706 409.000000 0.294245 
0.388235 400.000000 0.287770 
0.383137 413.000000 0.297122 
0.376863 429.000000 0.308633 
0.384314 410.000000 0.294964 
0.380784 419.000000 0.301439 
0.380392 420.000000 0.302158 
0.378824 424.000000 0.305036 
0.384706 409.000000 0.294245 
0.380000 421.000000 0.302878 
0.376863 429.000000 0.308633 
0.380000 421.000000 0.302878 
0.385490 407.000000 0.292806 
0.382745 414.000000 0.297842 
0.378824 424.000000 0.305036 
0.385882 406.000000 0.292086 
0.384706 409.000000 0.294245 
0.383137 413.000000 0.297122 
0.383922 411.000000 0.295683 
0.379608 422.000000 0.303597 
0.375294 433.000000 0.311511 
0.377255 428.000000 0.307914 
0.381569 417.000000 0.300000 
0.381176 418.000000 0.300719 
0.384706 409.000000 0.294245 
0.380000 421.000000 0.302878 
0.371373 443.000000 0.318705 
0.374118 436.000000 0.313669 
0.383137 413.000000 0.297122 
0.385490 407.000000 0.292806 
0.378039 426.000000 0.306475 
0.383922 411.000000 0.295683 
0.394118 385.000000 0.276978 
0.377647 427.000000 0.307194 
0.378431 425.000000 0.305755 
0.385882 406.000000 0.292086 
0.387451 402.000000 0.289209 
0.394902 383.000000 0.275540 
0.381176 418.000000 0.300719 
0.383529 412.000000 0.296403 
0.379608 422.000000 0.303597 
0.378824 424.000000 0.305036 
0.377255 428.000000 0.307914 
0.383137 413.000000 0.297122 
0.385098 408.000000 0.293525 
0.376471 430.000000 0.309353 
0.376863 429.000000 0.308633 
0.372941 439.000000 0.315827 
0.376863 429.000000 0.308633 
0.371373 443.000000 0.318705 
0.390196 395.000000 0.284173 
0.379216 423.000000 0.304317 
0.392157 390.000000 0.280576 
0.380392 420.000000 0.302158 
0.382745 414.000000 0.297842 
0.374902 434.000000 0.312230 
0.380392 420.000000 0.302158 
0.381176 418.000000 0.300719 
0.387843 401.000000 0.288489 
0.379608 422.000000 0.303597 
0.389020 398.000000 0.286331 
0.382353 415.000000 0.298561 
0.376078 431.000000 0.310072 
0.379216 423.000000 0.304317 
0.378824 424.000000 0.305036 
0.380392 420.000000 0.302158 
0.385882 406.000000 0.292086 
0.383137 413.000000 0.297122 
0.372157 441.000000 0.317266 
0.376471 430.000000 0.309353 
0.381176 418.000000 0.300719 
0.383529 412.000000 0.296403 
0.378431 425.000000 0.305755 
0.379216 423.000000 0.304317 
0.378039 426.000000 0.306475 
0.380392 420.000000 0.302158 
0.378431 425.000000 0.305755 
0.384314 410.000000 0.294964 
0.384314 410.000000 0.294964 
0.374902 434.000000 0.312230 
0.380000 421.000000 0.302878 
0.386667 404.000000 0.290647 
0.381176 418.000000 0.300719 
0.381176 418.000000 0.300719 
0.380000 421.000000 0.302878 
0.375294 433.000000 0.311511 
0.381176 418.000000 0.300719 
0.378824 424.000000 0.305036 
0.372941 439.000000 0.315827 
0.380392 420.000000 0.302158 
0.382745 414.000000 0.297842 
0.381176 418.000000 0.300719 
0.382353 415.000000 0.298561 
0.381176 418.000000 0.300719 
0.384706 409.000000 0.294245 
0.387843 401.000000 0.288489 
0.385882 406.000000 0.292086 
0.377647 427.000000 0.307194 
0.386667 404.000000 0.290647 
0.379608 422.000000 0.303597 
0.374902 434.000000 0.312230 
0.376078 431.000000 0.310072 
0.373333 438.000000 0.315108 
0.387059 403.000000 0.289928 
0.383529 412.000000 0.296403 
0.379216 423.000000 0.304317 
0.384706 409.000000 0.294245 
0.380784 419.000000 0.301439 
0.387843 401.000000 0.288489 
0.380000 421.000000 0.302878 
0.381176 418.000000 0.300719 
0.382745 414.000000 0.297842 
0.378431 425.000000 0.305755 
0.385098 408.000000 0.293525 
0.375294 433.000000 0.311511 
0.389804 396.000000 0.284892 
0.378824 424.000000 0.305036 
0.385490 407.000000 0.292806 
0.376863 429.000000 0.308633 
0.382353 415.000000 0.298561 
0.384314 410.000000 0.294964 
0.385882 406.000000 0.292086 
0.377255 428.000000 0.307914 
0.378824 424.000000 0.305036 
0.384706 409.000000 0.294245 
0.384706 409.000000 0.294245 
0.380000 421.000000 0.302878 
0.382353 415.000000 0.298561 
0.380392 420.000000 0.302158 
0.380000 421.000000 0.302878 
0.382353 415.000000 0.298561 
0.381569 417.000000 0.300000 
0.386275 405.000000 0.291367 
0.381961 416.000000 0.299281 
0.380000 421.000000 0.302878 
0.383922 411.000000 0.295683 
0.387451 402.000000 0.289209 
0.377647 427.000000 0.307194 
0.376863 429.000000 0.308633 
0.383137 413.000000 0.297122 
0.377647 427.000000 0.307194 
0.382353 415.000000 0.298561 
0.390980 393.000000 0.282734 
0.382745 414.000000 0.297842 
0.388627 399.000000 0.287050 
0.373333 438.000000 0.315108 
0.388627 399.000000 0.287050 
0.379608 422.000000 0.303597 
0.378824 424.000000 0.305036 
0.381176 418.000000 0.300719 
0.394902 383.000000 0.275540 
0.387843 401.000000 0.288489 
0.385882 406.000000 0.292086 
0.384314 410.000000 0.294964 
0.388627 399.000000 0.287050 
0.383137 413.000000 0.297122 
0.381961 416.000000 0.299281 
0.382353 415.000000 0.298561 
0.378431 425.000000 0.305755 
0.378039 426.000000 0.306475 
0.374902 434.000000 0.312230 
0.378431 425.000000 0.305755 
0.380392 420.000000 0.302158 
0.383529 412.000000 0.296403 
0.385098 408.000000 0.293525 
0.389804 396.000000 0.284892 
0.381176 418.000000 0.300719 
0.378824 424.000000 0.305036 
0.381176 418.000000 0.300719 
0.376471 430.000000 0.309353 
0.386275 405.000000 0.291367 
0.379608 422.000000 0.303597 
0.382745 414.000000 0.297842 
0.381569 417.000000 0.300000 
0.384314 410.000000 0.294964 
0.379216 423.000000 0.304317 
0.379216 423.000000 0.304317 
0.387451 402.000000 0.289209 
0.382745 414.000000 0.297842 
0.378039 426.000000 0.306475 
0.377255 428.000000 0.307914 
0.383922 411.000000 0.295683 
0.381569 417.000000 0.300000 
0.384314 410.000000 0.294964 
0.388235 400.000000 0.287770 
0.387451 402.000000 0.289209 
0.383137 413.000000 0.297122 
0.388235 400.000000 0.287770 
0.385098 408.000000 0.293525 
0.383137 413.000000 0.297122 
0.388235 400.000000 0.287770 
0.380000 421.000000 0.302878 
0.386275 405.000000 0.291367 
0.387843 401.000000 0.288489 
0.378431 425.000000 0.305755 
0.387843 401.000000 0.288489 
0.386275 405.000000 0.291367 
0.381569 417.000000 0.300000 
0.387059 403.000000 0.289928 
0.378824 424.000000 0.305036 
0.383922 411.000000 0.295683 
0.381176 418.000000 0.300719 
0.381176 418.000000 0.300719 
0.376863 429.000000 0.308633 
0.376863 429.000000 0.308633 
0.381569 417.000000 0.300000 
0.381961 416.000000 0.299281 
0.381569 417.000000 0.300000 
0.381961 416.000000 0.299281 
0.387059 403.000000 0.289928 
0.373725 437.000000 0.314388 
0.372941 439.000000 0.315827 
0.381961 416.000000 0.299281 
0.380784 419.000000 0.301439 
0.370980 444.000000 0.319424 
0.385098 408.000000 0.293525 
0.377255 428.000000 0.307914 
0.378824 424.000000 0.305036 
0.377647 427.000000 0.307194 
0.385882 406.000000 0.292086 
0.385882 406.000000 0.292086 
0.382745 414.000000 0.297842 
0.378431 425.000000 0.305755 
0.375294 433.000000 0.311511 
0.370980 444.000000 0.319424 
0.386667 404.000000 0.290647 
0.372941 439.000000 0.315827 
0.390588 394.000000 0.283453 
0.381176 418.000000 0.300719 
0.371373 443.000000 0.318705 
0.387059 403.000000 0.289928 
0.374510 435.000000 0.312950 
0.377255 428.000000 0.307914 
0.377647 427.000000 0.307194 
0.379608 422.000000 0.303597 
0.383137 413.000000 0.297122 
0.375686 432.000000 0.310791 
0.382353 415.000000 0.298561 
0.388627 399.000000 0.287050 
0.385882 406.000000 0.292086 
0.383529 412.000000 0.296403 
0.378039 426.000000 0.306475 
0.380784 419.000000 0.301439 
0.378039 426.000000 0.306475 
0.383137 413.000000 0.297122 
0.385098 408.000000 0.293525 
0.380784 419.000000 0.301439 
0.378824 424.000000 0.305036 
0.384314 410.000000 0.294964 
0.380000 421.000000 0.302878 
0.375686 432.000000 0.310791 
0.378039 426.000000 0.306475 
0.381569 417.000000 0.300000 
0.385490 407.000000 0.292806 
0.378824 424.000000 0.305036 
0.376078 431.000000 0.310072 
0.385882 406.000000 0.292086 
0.386667 404.000000 0.290647 
0.384314 410.000000 0.294964 
0.381176 418.000000 0.300719 
0.379608 422.000000 0.303597 
0.380392 420.000000 0.302158 
0.367451 453.000000 0.325899 
0.376863 429.000000 0.308633 
0.382353 415.000000 0.298561 
0.383137 413.000000 0.297122 
0.383137 413.000000 0.297122 
0.378431 425.000000 0.305755 
0.387451 402.000000 0.289209 
0.384314 410.000000 0.294964 
0.376078 431.000000 0.310072 
0.376078 431.000000 0.310072 
0.381961 416.000000 0.299281 
0.382353 415.000000 0.298561 
0.378039 426.000000 0.306475 
0.388627 399.000000 0.287050 
0.379216 423.000000 0.304317 
0.385098 408.000000 0.293525 
0.387059 403.000000 0.289928 
0.380784 419.000000 0.301439 
0.381176 418.000000 0.300719 
0.380000 421.000000 0.302878 
0.379608 422.000000 0.303597 
0.386667 404.000000 0.290647 
0.378039 426.000000 0.306475 
0.378431 425.000000 0.305755 
0.375686 432.000000 0.310791 
0.381961 416.000000 0.299281 
0.374510 435.000000 0.312950 
0.378431 425.000000 0.305755 
0.383922 411.000000 0.295683 
0.386667 404.000000 0.290647 
0.383922 411.000000 0.295683 
0.381961 416.000000 0.299281 
0.377647 427.000000 0.307194 
0.375294 433.000000 0.311511 
0.380000 421.000000 0.302878 
0.388627 399.000000 0.287050 
0.370588 445.000000 0.320144 
0.372549 440.000000 0.316547 
0.379216 423.000000 0.304317 
0.375294 433.000000 0.311511 
0.385098 408.000000 0.293525 
0.381176 418.000000 0.300719 
0.373725 437.000000 0.314388 
0.377255 428.000000 0.307914 
0.383922 411.000000 0.295683 
0.380784 419.000000 0.301439 
0.383529 412.000000 0.296403 
0.383137 413.000000 0.297122 
0.377647 427.000000 0.307194 
0.374510 435.000000 0.312950 
0.381961 416.000000 0.299281 
0.381176 418.000000 0.300719 
0.381176 418.000000 0.300719 
0.379216 423.000000 0.304317 
0.384314 410.000000 0.294964 
0.374902 434.000000 0.312230 
0.376471 430.000000 0.309353 
0.383137 413.000000 0.297122 
0.386667 404.000000 0.290647 
0.381961 416.000000 0.299281 
0.374902 434.000000 0.312230 
0.384314 410.000000 0.294964 
0.378039 426.000000 0.306475 
0.382745 414.000000 0.297842 
0.384314 410.000000 0.294964 
0.389020 398.000000 0.286331 
0.386275 405.000000 0.291367 
0.382353 415.000000 0.298561 
0.381569 417.000000 0.300000 
0.374510 435.000000 0.312950 
0.380392 420.000000 0.302158 
0.387451 402.000000 0.289209 
0.383529 412.000000 0.296403 
0.386275 405.000000 0.291367 
0.377647 427.000000 0.307194 
0.378824 424.000000 0.305036 
0.381176 418.000000 0.300719 
0.383529 412.000000 0.296403 
0.375686 432.000000 0.310791 
0.377255 428.000000 0.307914 
0.376471 430.000000 0.309353 
0.377255 428.000000 0.307914 
0.384314 410.000000 0.294964 
0.370980 444.000000 0.319424 
0.383137 413.000000 0.297122 
0.374510 435.000000 0.312950 
0.377647 427.000000 0.307194 
0.385882 406.000000 0.292086 
0.381569 417.000000 0.300000 
0.378824 424.000000 0.305036 
0.378431 425.000000 0.305755 
0.375686 432.000000 0.310791 
0.378824 424.000000 0.305036 
0.375294 433.000000 0.311511 
0.389020 398.000000 0.286331 
0.380784 419.000000 0.301439 
0.380000 421.000000 0.302878 
0.383137 413.000000 0.297122 
0.389020 398.000000 0.286331 
0.383922 411.000000 0.295683 
0.385490 407.000000 0.292806 
0.379216 423.000000 0.304317 
0.383922 411.000000 0.295683 
0.384706 409.000000 0.294245 
0.382745 414.000000 0.297842 
0.377255 428.000000 0.307914 
0.383137 413.000000 0.297122 
0.385490 407.000000 0.292806 
0.376863 429.000000 0.308633 
0.372941 439.000000 0.315827 
0.382353 415.000000 0.298561 
0.378039 426.000000 0.306475 
0.389412 397.000000 0.285612 
0.378824 424.000000 0.305036 
0.381176 418.000000 0.300719 
0.376863 429.000000 0.308633 
0.387843 401.000000 0.288489 
0.381961 416.000000 0.299281 
0.380392 420.000000 0.302158 
0.372941 439.000000 0.315827 
0.378824 424.000000 0.305036 
0.380392 420.000000 0.302158 
0.392157 390.000000 0.280576 
0.376863 429.000000 0.308633 
0.386667 404.000000 0.290647 
0.386667 404.000000 0.290647 
0.387059 403.000000 0.289928 
0.381569 417.000000 0.300000 
0.374118 436.000000 0.313669 
0.384314 410.000000 0.294964 
0.388235 400.000000 0.287770 
0.384314 410.000000 0.294964 
0.385882 406.000000 0.292086 
0.377255 428.000000 0.307914 
0.380000 421.000000 0.302878 
0.388627 399.000000 0.287050 
0.381176 418.000000 0.300719 
0.383137 413.000000 0.297122 
0.385098 408.000000 0.293525 
0.380392 420.000000 0.302158 
0.379216 423.000000 0.304317 
0.377647 427.000000 0.307194 
0.385098 408.000000 0.293525 
0.378431 425.000000 0.305755 
0.382745 414.000000 0.297842 
0.378824 424.000000 0.305036 
0.381961 416.000000 0.299281 
0.376078 431.000000 0.310072 
0.380784 419.000000 0.301439 
0.387451 402.000000 0.289209 
0.383137 413.000000 0.297122 
0.382353 415.000000 0.298561 
0.372157 441.000000 0.317266 
0.381961 416.000000 0.299281 
0.381569 417.000000 0.300000 
0.378039 426.000000 0.306475 
0.378039 426.000000 0.306475 
0.387059 403.000000 0.289928 
0.377647 427.000000 0.307194 
0.383529 412.000000 0.296403 
0.380784 419.000000 0.301439 
0.380784 419.000000 0.301439 
0.383922 411.000000 0.295683 
0.383137 413.000000 0.297122 
0.375686 432.000000 0.310791 
0.381176 418.000000 0.300719 
0.383922 411.000000 0.295683 
0.387451 402.000000 0.289209 
0.387059 403.000000 0.289928 
0.379216 423.000000 0.304317 
0.390980 393.000000 0.282734 
0.368235 451.000000 0.324460 
0.363137 464.000000 0.333813 
0.383137 413.000000 0.297122 
0.376471 430.000000 0.309353 
0.387451 402.000000 0.289209 
0.377647 427.000000 0.307194 
0.390588 394.000000 0.283453 
0.386667 404.000000 0.290647 
0.378824 424.000000 0.305036 
0.373333 438.000000 0.315108 
0.381176 418.000000 0.300719 
0.387059 403.000000 0.289928 
0.382745 414.000000 0.297842 
0.387843 401.000000 0.288489 
0.385882 406.000000 0.292086 
0.376863 429.000000 0.308633 
0.385882 406.000000 0.292086 
0.392549 389.000000 0.279856 
0.387451 402.000000 0.289209 
0.384314 410.000000 0.294964 
0.380784 419.000000 0.301439 
0.374902 434.000000 0.312230 
0.386667 404.000000 0.290647 
0.381569 417.000000 0.300000 
0.374902 434.000000 0.312230 
0.381961 416.000000 0.299281 
0.379608 422.000000 0.303597 
0.379608 422.000000 0.303597 
0.387451 402.000000 0.289209 
0.381569 417.000000 0.300000 
0.384706 409.000000 0.294245 
0.380392 420.000000 0.302158 
0.383137 413.000000 0.297122 
0.386667 404.000000 0.290647 
0.374902 434.000000 0.312230 
0.383922 411.000000 0.295683 
0.378824 424.000000 0.305036 
0.381176 418.000000 0.300719 
0.383137 413.000000 0.297122 
0.384314 410.000000 0.294964 
0.379216 423.000000 0.304317 
0.378431 425.000000 0.305755 
0.385098 408.000000 0.293525 
0.385882 406.000000 0.292086 
0.377255 428.000000 0.307914 
0.375294 433.000000 0.311511 
0.385098 408.000000 0.293525 
0.387451 402.000000 0.289209 
0.382745 414.000000 0.297842 
0.380784 419.000000 0.301439 
0.382745 414.000000 0.297842 
0.381176 418.000000 0.300719 
0.378824 424.000000 0.305036 
0.379216 423.000000 0.304317 
0.379216 423.000000 0.304317 
0.385882 406.000000 0.292086 
0.382745 414.000000 0.297842 
0.380000 421.000000 0.302878 
0.384706 409.000000 0.294245 
0.373725 437.000000 0.314388 
0.382745 414.000000 0.297842 
0.386275 405.000000 0.291367 
0.382745 414.000000 0.297842 
0.381961 416.000000 0.299281 
0.375294 433.000000 0.311511 
0.383529 412.000000 0.296403 
0.388235 400.000000 0.287770 
0.371765 442.000000 0.317986 
0.378824 424.000000 0.305036 
0.390196 395.000000 0.284173 
0.374902 434.000000 0.312230 
0.388235 400.000000 0.287770 
0.381961 416.000000 0.299281 
0.380392 420.000000 0.302158 
0.375686 432.000000 0.310791 
0.386667 404.000000 0.290647 
0.374510 435.000000 0.312950 
0.381569 417.000000 0.300000 
0.381176 418.000000 0.300719 
0.381176 418.000000 0.300719 
0.378824 424.000000 0.305036 
0.382353 415.000000 0.298561 
0.377647 427.000000 0.307194 
0.371373 443.000000 0.318705 
0.382745 414.000000 0.297842 
0.381569 417.000000 0.300000 
0.377647 427.000000 0.307194 
0.380392 420.000000 0.302158 
0.378431 425.000000 0.305755 
0.377255 428.000000 0.307914 
0.383137 413.000000 0.297122 
0.383137 413.000000 0.297122 
0.381961 416.000000 0.299281 
0.379216 423.000000 0.304317 
0.387059 403.000000 0.289928 
0.376863 429.000000 0.308633 
0.382353 415.000000 0.298561 
0.380000 421.000000 0.302878 
0.383922 411.000000 0.295683 
0.382745 414.000000 0.297842 
0.383137 413.000000 0.297122 
0.391765 391.000000 0.281295 
0.381961 416.000000 0.299281 
0.384314 410.000000 0.294964 
0.384314 410.000000 0.294964 
0.385490 407.000000 0.292806 
0.384706 409.000000 0.294245 
0.384314 410.000000 0.294964 
0.380784 419.000000 0.301439 
0.381569 417.000000 0.300000 
0.384706 409.000000 0.294245 
0.374118 436.000000 0.313669 
0.383529 412.000000 0.296403 
0.384314 410.000000 0.294964 
0.387451 402.000000 0.289209 
0.382745 414.000000 0.297842 
0.382353 415.000000 0.298561 
0.381961 416.000000 0.299281 
0.376863 429.000000 0.308633 
0.382353 415.000000 0.298561 
0.379608 422.000000 0.303597 
0.387843 401.000000 0.288489 
0.378824 424.000000 0.305036 
0.383137 413.000000 0.297122 
0.376078 431.000000 0.310072 
0.384314 410.000000 0.294964 
0.382353 415.000000 0.298561 
0.380784 419.000000 0.301439 
0.383137 413.000000 0.297122 
0.380784 419.000000 0.301439 
0.377255 428.000000 0.307914 
0.379608 422.000000 0.303597 
0.384706 409.000000 0.294245 
0.377255 428.000000 0.307914 
0.381569 417.000000 0.300000 
0.381569 417.000000 0.300000 
0.384314 410.000000 0.294964 
0.383922 411.000000 0.295683 
0.380784 419.000000 0.301439 
0.376863 429.000000 0.308633 
0.376863 429.000000 0.308633 
0.386667 404.000000 0.290647 
0.378039 426.000000 0.306475 
0.379608 422.000000 0.303597 
0.374510 435.000000 0.312950 
0.383922 411.000000 0.295683 
0.376863 429.000000 0.308633 
0.384314 410.000000 0.294964 
0.387843 401.000000 0.288489 
0.375294 433.000000 0.311511 
0.385490 407.000000 0.292806 
0.382745 414.000000 0.297842 
0.388627 399.000000 0.287050 
0.381961 416.000000 0.299281 
0.384314 410.000000 0.294964 
0.384314 410.000000 0.294964 
0.374118 436.000000 0.313669 
0.388627 399.000000 0.287050 
0.376863 429.000000 0.308633 
0.383529 412.000000 0.296403 
0.390196 395.000000 0.284173 
0.380392 420.000000 0.302158 
0.377255 428.000000 0.307914 
0.378039 426.000000 0.306475 
0.373725 437.000000 0.314388 
0.380392 420.000000 0.302158 
0.380392 420.000000 0.302158 
0.377647 427.000000 0.307194 
0.385098 408.000000 0.293525 
0.378824 424.000000 0.305036 
0.384706 409.000000 0.294245 
0.380784 419.000000 0.301439 
0.377647 427.000000 0.307194 
0.377647 427.000000 0.307194 
0.379216 423.000000 0.304317 
0.378824 424.000000 0.305036 
0.384314 410.000000 0.294964 
0.383529 412.000000 0.296403 
0.388235 400.000000 0.287770 
0.379216 423.000000 0.304317 
0.381569 417.000000 0.300000 
0.376863 429.000000 0.308633 
0.387059 403.000000 0.289928 
0.385098 408.000000 0.293525 
0.381569 417.000000 0.300000 
0.379216 423.000000 0.304317 
0.385490 407.000000 0.292806 
0.381569 417.000000 0.300000 
0.370980 444.000000 0.319424 
0.380000 421.000000 0.302878 
0.373333 438.000000 0.315108 
0.382353 415.000000 0.298561 
0.382353 415.000000 0.298561 
0.380392 420.000000 0.302158 
0.370588 445.000000 0.320144 
0.377255 428.000000 0.307914 
0.388235 400.000000 0.287770 
0.387059 403.000000 0.289928 
0.376078 431.000000 0.310072 
0.380000 421.000000 0.302878 
0.389020 398.000000 0.286331 
0.389412 397.000000 0.285612 
0.380392 420.000000 0.302158 
0.381569 417.000000 0.300000 
0.385098 408.000000 0.293525 
0.382745 414.000000 0.297842 
0.378431 425.000000 0.305755 
0.376078 431.000000 0.310072 
0.373333 438.000000 0.315108 
0.383137 413.000000 0.297122 
0.386667 404.000000 0.290647 
0.382353 415.000000 0.298561 
0.387059 403.000000 0.289928 
0.380392 420.000000 0.302158 
0.375686 432.000000 0.310791 
0.379608 422.000000 0.303597 
0.380392 420.000000 0.302158 
0.376471 430.000000 0.309353 
0.381176 418.000000 0.300719 
0.387451 402.000000 0.289209 
0.385098 408.000000 0.293525 
0.378824 424.000000 0.305036 
0.378431 425.000000 0.305755 
0.374902 434.000000 0.312230 
0.380000 421.000000 0.302878 
0.376078 431.000000 0.310072 
0.387059 403.000000 0.289928 
0.374510 435.000000 0.312950 
0.374118 436.000000 0.313669 
0.382353 415.000000 0.298561 
0.381569 417.000000 0.300000 
0.378039 426.000000 0.306475 
0.377647 427.000000 0.307194 
0.389804 396.000000 0.284892 
0.378039 426.000000 0.306475 
0.379608 422.000000 0.303597 
0.385098 408.000000 0.293525 
0.376078 431.000000 0.310072 
0.377647 427.000000 0.307194 
0.367059 454.000000 0.326619 
0.381569 417.000000 0.300000 
0.375294 433.000000 0.311511 
0.381961 416.000000 0.299281 
0.378039 426.000000 0.306475 
0.378039 426.000000 0.306475 
0.379608 422.000000 0.303597 
0.387059 403.000000 0.289928 
0.380392 420.000000 0.302158 
0.382745 414.000000 0.297842 
0.385882 406.000000 0.292086 
0.385490 407.000000 0.292806 
0.383922 411.000000 0.295683 
0.385490 407.000000 0.292806 
0.381961 416.000000 0.299281 
0.385098 408.000000 0.293525 
0.379216 423.000000 0.304317 
0.375294 433.000000 0.311511 
0.375294 433.000000 0.311511 
0.380784 419.000000 0.301439 
0.372157 441.000000 0.317266 
0.385490 407.000000 0.292806 
0.377255 428.000000 0.307914 
0.382353 415.000000 0.298561 
0.380784 419.000000 0.301439 
0.376471 430.000000 0.309353 
0.386275 405.000000 0.291367 
0.379608 422.000000 0.303597 
0.383922 411.000000 0.295683 
0.381961 416.000000 0.299281 
0.380784 419.000000 0.301439 
0.385882 406.000000 0.292086 
0.383137 413.000000 0.297122 
0.389412 397.000000 0.285612 
0.377255 428.000000 0.307914 
0.378039 426.000000 0.306475 
0.380784 419.000000 0.301439 
0.378431 425.000000 0.305755 
0.382745 414.000000 0.297842 
0.381569 417.000000 0.300000 
0.394118 385.000000 0.276978 
0.372157 441.000000 0.317266 
0.383529 412.000000 0.296403 
0.374902 434.000000 0.312230 
0.385098 408.000000 0.293525 
0.380784 419.000000 0.301439 
0.378039 426.000000 0.306475 
0.382353 415.000000 0.298561 
0.372941 439.000000 0.315827 
0.383529 412.000000 0.296403 
0.378824 424.000000 0.305036 
0.374902 434.000000 0.312230 
0.375686 432.000000 0.310791 
0.389020 398.000000 0.286331 
0.378039 426.000000 0.306475 
0.383922 411.000000 0.295683 
0.379216 423.000000 0.304317 
0.381176 418.000000 0.300719 
0.380000 421.000000 0.302878 
0.382353 415.000000 0.298561 
0.380392 420.000000 0.302158 
0.380000 421.000000 0.302878 
0.380784 419.000000 0.301439 
0.371765 442.000000 0.317986 
0.377255 428.000000 0.307914 
0.378039 426.000000 0.306475 
0.386667 404.000000 0.290647 
0.383922 411.000000 0.295683 
0.370980 444.000000 0.319424 
0.380392 420.000000 0.302158 
0.377647 427.000000 0.307194 
0.379216 423.000000 0.304317 
0.383922 411.000000 0.295683 
0.371373 443.000000 0.318705 
0.389020 398.000000 0.286331 
0.382745 414.000000 0.297842 
0.386667 404.000000 0.290647 
0.381961 416.000000 0.299281 
0.373725 437.000000 0.314388 
0.384706 409.000000 0.294245 
0.382745 414.000000 0.297842 
0.381569 417.000000 0.300000 
0.381176 418.000000 0.300719 
0.374118 436.000000 0.313669 
0.380000 421.000000 0.302878 
0.377255 428.000000 0.307914 
0.373725 437.000000 0.314388 
0.374510 435.000000 0.312950 
0.378824 424.000000 0.305036 
0.384314 410.000000 0.294964 
0.379608 422.000000 0.303597 
0.381569 417.000000 0.300000 
0.382745 414.000000 0.297842 
0.369020 449.000000 0.323022 
0.382353 415.000000 0.298561 
0.378824 424.000000 0.305036 
0.383137 413.000000 0.297122 
0.378824 424.000000 0.305036 
0.379608 422.000000 0.303597 
0.381176 418.000000 0.300719 
0.384706 409.000000 0.294245 
0.371765 442.000000 0.317986 
0.385098 408.000000 0.293525 
0.380392 420.000000 0.302158 
0.381961 416.000000 0.299281 
0.385490 407.000000 0.292806 
0.383529 412.000000 0.296403 
0.378431 425.000000 0.305755 
0.381569 417.000000 0.300000 
0.379608 422.000000 0.303597 
0.378824 424.000000 0.305036 
0.384706 409.000000 0.294245 
0.387843 401.000000 0.288489 
0.383137 413.000000 0.297122 
0.382745 414.000000 0.297842 
0.382353 415.000000 0.298561 
0.380784 419.000000 0.301439 
0.381569 417.000000 0.300000 
0.388627 399.000000 0.287050 
0.383137 413.000000 0.297122 
0.378431 425.000000 0.305755 
0.374902 434.000000 0.312230 
0.376471 430.000000 0.309353 
0.376863 429.000000 0.308633 
0.389804 396.000000 0.284892 
0.380392 420.000000 0.302158 
0.379608 422.000000 0.303597 
0.375686 432.000000 0.310791 
0.387059 403.000000 0.289928 
0.382353 415.000000 0.298561 
0.384314 410.000000 0.294964 
0.383922 411.000000 0.295683 
0.390196 395.000000 0.284173 
0.381961 416.000000 0.299281 
0.382745 414.000000 0.297842 
0.378431 425.000000 0.305755 
0.383922 411.000000 0.295683 
0.379216 423.000000 0.304317 
0.392941 388.000000 0.279137 
0.386275 405.000000 0.291367 
0.377255 428.000000 0.307914 
0.385882 406.000000 0.292086 
0.368235 451.000000 0.324460 
0.382353 415.000000 0.298561 
0.380784 419.000000 0.301439 
0.379216 423.000000 0.304317 
0.389020 398.000000 0.286331 
0.381569 417.000000 0.300000 
0.382353 415.000000 0.298561 
0.387451 402.000000 0.289209 
0.371373 443.000000 0.318705 
0.378039 426.000000 0.306475 
0.376078 431.000000 0.310072 
0.381569 417.000000 0.300000 
0.384314 410.000000 0.294964 
0.377647 427.000000 0.307194 
0.384706 409.000000 0.294245 
0.385882 406.000000 0.292086 
0.378824 424.000000 0.305036 
0.376863 429.000000 0.308633 
0.382745 414.000000 0.297842 
0.383137 413.000000 0.297122 
0.378824 424.000000 0.305036 
0.372549 440.000000 0.316547 
0.383137 413.000000 0.297122 
0.380000 421.000000 0.302878 
0.377255 428.000000 0.307914 
0.385882 406.000000 0.292086 
0.389804 396.000000 0.284892 
0.377255 428.000000 0.307914 
0.379608 422.000000 0.303597 
0.380392 420.000000 0.302158 
0.381569 417.000000 0.300000 
0.378824 424.000000 0.305036 
0.380784 419.000000 0.301439 
0.377647 427.000000 0.307194 
0.378039 426.000000 0.306475 
0.380392 420.000000 0.302158 
0.385490 407.000000 0.292806 
0.387451 402.000000 0.289209 
0.390196 395.000000 0.284173 
0.380000 421.000000 0.302878 
0.373725 437.000000 0.314388 
0.381961 416.000000 0.299281 
0.386275 405.000000 0.291367 
0.376078 431.000000 0.310072 
0.381569 417.000000 0.300000 
0.384314 410.000000 0.294964 
0.382745 414.000000 0.297842 
0.384706 409.000000 0.294245 
0.382353 415.000000 0.298561 
0.387059 403.000000 0.289928 
0.387843 401.000000 0.288489 
0.378824 424.000000 0.305036 
0.381569 417.000000 0.300000 
0.374510 435.000000 0.312950 
0.387451 402.000000 0.289209 
0.378039 426.000000 0.306475 
0.386275 405.000000 0.291367 
0.382353 415.000000 0.298561 
0.383137 413.000000 0.297122 
0.383922 411.000000 0.295683 
0.382745 414.000000 0.297842 
0.383529 412.000000 0.296403 
0.382353 415.000000 0.298561 
0.380784 419.000000 0.301439 
0.385098 408.000000 0.293525 
0.382745 414.000000 0.297842 
0.382353 415.000000 0.298561 
0.380392 420.000000 0.302158 
0.385882 406.000000 0.292086 
0.378824 424.000000 0.305036 
0.386275 405.000000 0.291367 
0.379216 423.000000 0.304317 
0.381569 417.000000 0.300000 
0.378431 425.000000 0.305755 
0.381961 416.000000 0.299281 
0.383137 413.000000 0.297122 
0.389412 397.000000 0.285612 
0.381176 418.000000 0.300719 
0.375294 433.000000 0.311511 
0.381961 416.000000 0.299281 
0.382745 414.000000 0.297842 
0.373725 437.000000 0.314388 
0.378431 425.000000 0.305755 
0.382353 415.000000 0.298561 
0.385490 407.000000 0.292806 
0.375294 433.000000 0.311511 
0.374510 435.000000 0.312950 
0.371765 442.000000 0.317986 
0.380784 419.000000 0.301439 
0.393333 387.000000 0.278417 
0.384314 410.000000 0.294964 
0.382353 415.000000 0.298561 
0.375686 432.000000 0.310791 
0.380392 420.000000 0.302158 
0.378824 424.000000 0.305036 
0.381961 416.000000 0.299281 
0.383922 411.000000 0.295683 
0.383137 413.000000 0.297122 
0.377255 428.000000 0.307914 
0.373725 437.000000 0.314388 
0.379608 422.000000 0.303597 
0.380784 419.000000 0.301439 
0.384314 410.000000 0.294964 
0.377255 428.000000 0.307914 
0.371765 442.000000 0.317986 
0.390588 394.000000 0.283453 
0.380784 419.000000 0.301439 
0.377255 428.000000 0.307914 
0.389412 397.000000 0.285612 
0.386667 404.000000 0.290647 
0.379216 423.000000 0.304317 
0.380392 420.000000 0.302158 
0.378824 424.000000 0.305036 
0.378431 425.000000 0.305755 
0.379216 423.000000 0.304317 
0.381176 418.000000 0.300719 
0.381176 418.000000 0.300719 
0.376863 429.000000 0.308633 
0.385098 408.000000 0.293525 
0.378824 424.000000 0.305036 
0.384314 410.000000 0.294964 
0.387843 401.000000 0.288489 
0.370196 446.000000 0.320863 
0.391373 392.000000 0.282014 
0.385882 406.000000 0.292086 
0.374118 436.000000 0.313669 
0.374118 436.000000 0.313669 
0.375686 432.000000 0.310791 
0.387451 402.000000 0.289209 
0.378824 424.000000 0.305036 
0.386275 405.000000 0.291367 
0.383922 411.000000 0.295683 
0.384706 409.000000 0.294245 
0.392941 388.000000 0.279137 
0.384706 409.000000 0.294245 
0.386667 404.000000 0.290647 
0.378039 426.000000 0.306475 
0.382353 415.000000 0.298561 
0.378039 426.000000 0.306475 
0.376471 430.000000 0.309353 
0.384314 410.000000 0.294964 
0.381176 418.000000 0.300719 
0.384314 410.000000 0.294964 
0.379608 422.000000 0.303597 
0.385490 407.000000 0.292806 
0.385098 408.000000 0.293525 
0.376078 431.000000 0.310072 
0.380784 419.000000 0.301439 
0.379216 423.000000 0.304317 
0.381569 417.000000 0.300000 
0.389804 396.000000 0.284892 
0.382745 414.000000 0.297842 
0.382745 414.000000 0.297842 
0.376863 429.000000 0.308633 
0.387843 401.000000 0.288489 
0.381569 417.000000 0.300000 
0.377255 428.000000 0.307914 
0.380000 421.000000 0.302878 
0.381961 416.000000 0.299281 
0.385098 408.000000 0.293525 
0.383529 412.000000 0.296403 
0.380000 421.000000 0.302878 
0.384706 409.000000 0.294245 
0.381176 418.000000 0.300719 
0.380784 419.000000 0.301439 
0.383529 412.000000 0.296403 
0.372941 439.000000 0.315827 
0.381569 417.000000 0.300000 
0.380784 419.000000 0.301439 
0.385490 407.000000 0.292806 
0.386275 405.000000 0.291367 
0.381176 418.000000 0.300719 
0.374902 434.000000 0.312230 
0.389020 398.000000 0.286331 
0.387843 401.000000 0.288489 
0.385098 408.000000 0.293525 
0.390196 395.000000 0.284173 
0.387843 401.000000 0.288489 
0.383529 412.000000 0.296403 
0.384706 409.000000 0.294245 
0.378431 425.000000 0.305755 
0.382353 415.000000 0.298561 
0.389412 397.000000 0.285612 
0.384706 409.000000 0.294245 
0.387451 402.000000 0.289209 
0.394510 384.000000 0.276259 
0.382353 415.000000 0.298561 
0.377647 427.000000 0.307194 
0.377647 427.000000 0.307194 
0.381961 416.000000 0.299281 
0.385882 406.000000 0.292086 
0.389020 398.000000 0.286331 
0.393333 387.000000 0.278417 
0.384314 410.000000 0.294964 
0.375686 432.000000 0.310791 
0.385098 408.000000 0.293525 
0.378824 424.000000 0.305036 
0.384314 410.000000 0.294964 
0.385490 407.000000 0.292806 
0.385098 408.000000 0.293525 
0.376471 430.000000 0.309353 
0.381176 418.000000 0.300719 
0.381176 418.000000 0.300719 
0.382745 414.000000 0.297842 
0.378039 426.000000 0.306475 
0.383922 411.000000 0.295683 
0.384706 409.000000 0.294245 
0.384706 409.000000 0.294245 
0.380784 419.000000 0.301439 
0.379216 423.000000 0.304317 
0.389020 398.000000 0.286331 
0.384706 409.000000 0.294245 
0.378431 425.000000 0.305755 
0.388235 400.000000 0.287770 
0.388235 400.000000 0.287770 
0.384706 409.000000 0.294245 
0.381176 418.000000 0.300719 
0.381569 417.000000 0.300000 
0.376471 430.000000 0.309353 
0.384706 409.000000 0.294245 
0.383137 413.000000 0.297122 
0.387451 402.000000 0.289209 
0.387451 402.000000 0.289209 
0.384706 409.000000 0.294245 
0.382353 415.000000 0.298561 
0.381961 416.000000 0.299281 
0.374118 436.000000 0.313669 
0.384314 410.000000 0.294964 
0.385490 407.000000 0.292806 
0.377255 428.000000 0.307914 
0.376078 431.000000 0.310072 
0.383137 413.000000 0.297122 
0.388627 399.000000 0.287050 
0.378824 424.000000 0.305036 
0.382353 415.000000 0.298561 
0.380784 419.000000 0.301439 
0.382745 414.000000 0.297842 
0.377647 427.000000 0.307194 
0.385098 408.000000 0.293525 
0.381176 418.000000 0.300719 
0.383529 412.000000 0.296403 
0.377255 428.000000 0.307914 
0.380392 420.000000 0.302158 
0.382353 415.000000 0.298561 
0.384314 410.000000 0.294964 
0.374902 434.000000 0.312230 
0.375686 432.000000 0.310791 
0.376863 429.000000 0.308633 
0.377647 427.000000 0.307194 
0.379216 423.000000 0.304317 
0.385098 408.000000 0.293525 
0.376863 429.000000 0.308633 
0.381569 417.000000 0.300000 
0.380000 421.000000 0.302878 
0.381961 416.000000 0.299281 
0.377647 427.000000 0.307194 
0.380000 421.000000 0.302878 
0.383137 413.000000 0.297122 
0.383529 412.000000 0.296403 
0.384314 410.000000 0.294964 
0.378431 425.000000 0.305755 
0.377255 428.000000 0.307914 
0.372941 439.000000 0.315827 
0.380000 421.000000 0.302878 
0.386275 405.000000 0.291367 
0.378431 425.000000 0.305755 
0.382745 414.000000 0.297842 
0.381569 417.000000 0.300000 
0.373333 438.000000 0.315108 
0.386275 405.000000 0.291367 
0.379216 423.000000 0.304317 
0.386275 405.000000 0.291367 
0.384314 410.000000 0.294964 
0.377255 428.000000 0.307914 
0.384706 409.000000 0.294245 
0.388235 400.000000 0.287770 
0.383922 411.000000 0.295683 
0.391373 392.000000 0.282014 
0.388235 400.000000 0.287770 
0.379608 422.000000 0.303597 
0.383529 412.000000 0.296403 
0.379608 422.000000 0.303597 
0.380392 420.000000 0.302158 
0.375294 433.000000 0.311511 
0.392157 390.000000 0.280576 
0.384314 410.000000 0.294964 
0.376078 431.000000 0.310072 
0.377255 428.000000 0.307914 
0.387843 401.000000 0.288489 
0.373333 438.000000 0.315108 
0.383529 412.000000 0.296403 
0.380784 419.000000 0.301439 
0.380392 420.000000 0.302158 
0.379608 422.000000 0.303597 
0.382353 415.000000 0.298561 
0.387059 403.000000 0.289928 
0.378039 426.000000 0.306475 
0.378824 424.000000 0.305036 
0.383137 413.000000 0.297122 
0.383137 413.000000 0.297122 
0.383529 412.000000 0.296403 
0.376078 431.000000 0.310072 
0.384706 409.000000 0.294245 
0.383529 412.000000 0.296403 
0.383137 413.000000 0.297122 
0.380000 421.000000 0.302878 
0.393725 386.000000 0.277698 
0.390196 395.000000 0.284173 
0.384314 410.000000 0.294964 
0.385098 408.000000 0.293525 
0.378824 424.000000 0.305036 
0.376471 430.000000 0.309353 
0.382353 415.000000 0.298561 
0.383529 412.000000 0.296403 
0.381569 417.000000 0.300000 
0.387843 401.000000 0.288489 
0.389020 398.000000 0.286331 
0.380784 419.000000 0.301439 
0.376471 430.000000 0.309353 
0.381961 416.000000 0.299281 
0.385490 407.000000 0.292806 
0.374902 434.000000 0.312230 
0.388627 399.000000 0.287050 
0.385882 406.000000 0.292086 
0.383529 412.000000 0.296403 
0.385490 407.000000 0.292806 
0.378431 425.000000 0.305755 
0.380784 419.000000 0.301439 
0.374118 436.000000 0.313669 
0.384314 410.000000 0.294964 
0.385490 407.000000 0.292806 
0.379216 423.000000 0.304317 
0.389020 398.000000 0.286331 
0.374118 436.000000 0.313669 
0.371373 443.000000 0.318705 
0.379216 423.000000 0.304317 
0.379216 423.000000 0.304317 
0.382745 414.000000 0.297842 
0.384706 409.000000 0.294245 
0.378039 426.000000 0.306475 
0.389412 397.000000 0.285612 
0.389020 398.000000 0.286331 
0.381569 417.000000 0.300000 
0.383137 413.000000 0.297122 
0.380784 419.000000 0.301439 
0.382353 415.000000 0.298561 
0.388627 399.000000 0.287050 
0.387843 401.000000 0.288489 
0.380784 419.000000 0.301439 
0.381569 417.000000 0.300000 
0.371765 442.000000 0.317986 
0.378039 426.000000 0.306475 
0.375294 433.000000 0.311511 
0.387451 402.000000 0.289209 
0.379216 423.000000 0.304317 
0.381961 416.000000 0.299281 
0.383529 412.000000 0.296403 
0.380392 420.000000 0.302158 
0.385098 408.000000 0.293525 
0.385490 407.000000 0.292806 
0.382353 415.000000 0.298561 
0.366275 456.000000 0.328058 
0.384314 410.000000 0.294964 
0.378824 424.000000 0.305036 
0.384706 409.000000 0.294245 
0.377647 427.000000 0.307194 
0.378824 424.000000 0.305036 
0.390980 393.000000 0.282734 
0.383137 413.000000 0.297122 
0.366275 456.000000 0.328058 
0.375294 433.000000 0.311511 
0.382745 414.000000 0.297842 
0.388235 400.000000 0.287770 
0.383529 412.000000 0.296403 
0.381569 417.000000 0.300000 
0.384314 410.000000 0.294964 
0.381961 416.000000 0.299281 
0.382745 414.000000 0.297842 
0.374510 435.000000 0.312950 
0.390196 395.000000 0.284173 
0.381569 417.000000 0.300000 
0.375294 433.000000 0.311511 
0.380392 420.000000 0.302158 
0.378824 424.000000 0.305036 
0.379216 423.000000 0.304317 
0.383529 412.000000 0.296403 
0.387451 402.000000 0.289209 
0.379216 423.000000 0.304317 
0.376863 429.000000 0.308633 
0.379216 423.000000 0.304317 
0.380784 419.000000 0.301439 
0.383922 411.000000 0.295683 
0.376078 431.000000 0.310072 
0.379608 422.000000 0.303597 
0.384706 409.000000 0.294245 
0.386275 405.000000 0.291367 
0.389020 398.000000 0.286331 
0.382745 414.000000 0.297842 
0.377255 428.000000 0.307914 
0.387451 402.000000 0.289209 
0.381961 416.000000 0.299281 
0.381961 416.000000 0.299281 
0.385490 407.000000 0.292806 
0.378039 426.000000 0.306475 
0.376863 429.000000 0.308633 
0.385098 408.000000 0.293525 
0.381961 416.000000 0.299281 
0.387059 403.000000 0.289928 
0.380392 420.000000 0.302158 
0.378431 425.000000 0.305755 
0.377255 428.000000 0.307914 
0.384314 410.000000 0.294964 
0.388235 400.000000 0.287770 
0.372157 441.000000 0.317266 
0.378824 424.000000 0.305036 
0.378431 425.000000 0.305755 
0.373725 437.000000 0.314388 
0.385490 407.000000 0.292806 
0.388627 399.000000 0.287050 
0.389412 397.000000 0.285612 
0.378824 424.000000 0.305036 
0.374902 434.000000 0.312230 
0.381176 418.000000 0.300719 
0.380784 419.000000 0.301439 
0.377647 427.000000 0.307194 
0.380784 419.000000 0.301439 
0.379608 422.000000 0.303597 
0.381569 417.000000 0.300000 
0.381961 416.000000 0.299281 
0.377647 427.000000 0.307194 
0.390980 393.000000 0.282734 
0.381961 416.000000 0.299281 
0.374902 434.000000 0.312230 
0.383137 413.000000 0.297122 
0.379608 422.000000 0.303597 
0.385490 407.000000 0.292806 
0.375294 433.000000 0.311511 
0.380000 421.000000 0.302878 
0.380784 419.000000 0.301439 
0.386275 405.000000 0.291367 
0.377647 427.000000 0.307194 
0.383922 411.000000 0.295683 
0.373725 437.000000 0.314388 
0.385098 408.000000 0.293525 
0.377255 428.000000 0.307914 
0.382353 415.000000 0.298561 
0.385098 408.000000 0.293525 
0.382745 414.000000 0.297842 
0.378431 425.000000 0.305755 
0.384706 409.000000 0.294245 
0.376863 429.000000 0.308633 
0.381961 416.000000 0.299281 
0.380784 419.000000 0.301439 
0.386667 404.000000 0.290647 
0.381961 416.000000 0.299281 
0.378039 426.000000 0.306475 
0.381569 417.000000 0.300000 
0.382353 415.000000 0.298561 
0.383922 411.000000 0.295683 
0.376863 429.000000 0.308633 
0.385882 406.000000 0.292086 
0.381569 417.000000 0.300000 
0.368235 451.000000 0.324460 
0.375686 432.000000 0.310791 
0.383137 413.000000 0.297122 
0.377647 427.000000 0.307194 
0.385098 408.000000 0.293525 
0.376078 431.000000 0.310072 
0.373725 437.000000 0.314388 
0.382745 414.000000 0.297842 
0.385098 408.000000 0.293525 
0.375294 433.000000 0.311511 
0.375294 433.000000 0.311511 
0.386667 404.000000 0.290647 
0.380784 419.000000 0.301439 
0.387843 401.000000 0.288489 
0.389804 396.000000 0.284892 
0.384314 410.000000 0.294964 
0.385490 407.000000 0.292806 
0.387059 403.000000 0.289928 
0.380000 421.000000 0.302878 
0.380392 420.000000 0.302158 
0.378039 426.000000 0.306475 
0.393725 386.000000 0.277698 
0.381569 417.000000 0.300000 
0.385490 407.000000 0.292806 
0.374118 436.000000 0.313669 
0.383529 412.000000 0.296403 
0.380000 421.000000 0.302878 
0.391765 391.000000 0.281295 
0.377255 428.000000 0.307914 
0.378431 425.000000 0.305755 
0.380000 421.000000 0.302878 
0.387059 403.000000 0.289928 
0.384706 409.000000 0.294245 
0.379608 422.000000 0.303597 
0.379608 422.000000 0.303597 
0.372157 441.000000 0.317266 
0.385490 407.000000 0.292806 
0.374510 435.000000 0.312950 
0.383137 413.000000 0.297122 
0.378824 424.000000 0.305036 
0.378431 425.000000 0.305755 
0.386667 404.000000 0.290647 
0.383137 413.000000 0.297122 
0.384314 410.000000 0.294964 
0.381176 418.000000 0.300719 
0.380392 420.000000 0.302158 
0.375686 432.000000 0.310791 
0.383529 412.000000 0.296403 
0.385098 408.000000 0.293525 
0.378039 426.000000 0.306475 
0.382745 414.000000 0.297842 
0.387843 401.000000 0.288489 
0.385490 407.000000 0.292806 
0.379608 422.000000 0.303597 
0.375294 433.000000 0.311511 
0.376863 429.000000 0.308633 
0.378824 424.000000 0.305036 
0.384314 410.000000 0.294964 
0.383922 411.000000 0.295683 
0.391373 392.000000 0.282014 
0.378824 424.000000 0.305036 
0.381961 416.000000 0.299281 
0.380000 421.000000 0.302878 
0.376863 429.000000 0.308633 
0.390980 393.000000 0.282734 
0.380784 419.000000 0.301439 
0.378431 425.000000 0.305755 
0.376863 429.000000 0.308633 
0.382353 415.000000 0.298561 
0.371373 443.000000 0.318705 
0.376863 429.000000 0.308633 
0.370980 444.000000 0.319424 
0.380784 419.000000 0.301439 
0.380392 420.000000 0.302158 
0.383137 413.000000 0.297122 
0.376863 429.000000 0.308633 
0.378039 426.000000 0.306475 
0.380000 421.000000 0.302878 
0.381961 416.000000 0.299281 
0.387059 403.000000 0.289928 
0.378039 426.000000 0.306475 
0.379216 423.000000 0.304317 
0.388627 399.000000 0.287050 
0.380784 419.000000 0.301439 
0.384314 410.000000 0.294964 
0.382745 414.000000 0.297842 
0.374902 434.000000 0.312230 
0.384314 410.000000 0.294964 
0.382353 415.000000 0.298561 
0.381961 416.000000 0.299281 
0.383922 411.000000 0.295683 
0.378431 425.000000 0.305755 
0.386275 405.000000 0.291367 
0.383529 412.000000 0.296403 
0.385882 406.000000 0.292086 
0.385490 407.000000 0.292806 
0.370980 444.000000 0.319424 
0.387059 403.000000 0.289928 
0.382353 415.000000 0.298561 
0.380784 419.000000 0.301439 
0.383137 413.000000 0.297122 
0.377647 427.000000 0.307194 
0.380392 420.000000 0.302158 
0.378039 426.000000 0.306475 
0.378824 424.000000 0.305036 
0.382353 415.000000 0.298561 
0.377255 428.000000 0.307914 
0.380000 421.000000 0.302878 
0.383137 413.000000 0.297122 
0.380392 420.000000 0.302158 
0.383922 411.000000 0.295683 
0.380784 419.000000 0.301439 
0.380784 419.000000 0.301439 
0.379216 423.000000 0.304317 
0.370980 444.000000 0.319424 
0.390196 395.000000 0.284173 
0.377647 427.000000 0.307194 
0.388627 399.000000 0.287050 
0.380392 420.000000 0.302158 
0.387059 403.000000 0.289928 
0.380392 420.000000 0.302158 
0.377255 428.000000 0.307914 
0.375294 433.000000 0.311511 
0.375686 432.000000 0.310791 
0.381569 417.000000 0.300000 
0.379608 422.000000 0.303597 
0.385882 406.000000 0.292086 
0.380000 421.000000 0.302878 
0.375686 432.000000 0.310791 
0.378824 424.000000 0.305036 
0.384314 410.000000 0.294964 
0.386667 404.000000 0.290647 
0.375294 433.000000 0.311511 
0.376471 430.000000 0.309353 
0.380392 420.000000 0.302158 
0.388627 399.000000 0.287050 
0.383137 413.000000 0.297122 
0.380392 420.000000 0.302158 
0.371765 442.000000 0.317986 
0.380392 420.000000 0.302158 
0.372549 440.000000 0.316547 
0.385490 407.000000 0.292806 
0.381569 417.000000 0.300000 
0.377647 427.000000 0.307194 
0.387843 401.000000 0.288489 
0.375294 433.000000 0.311511 
0.382745 414.000000 0.297842 
0.376078 431.000000 0.310072 
0.381176 418.000000 0.300719 
0.383529 412.000000 0.296403 
0.384706 409.000000 0.294245 
0.382745 414.000000 0.297842 
0.387059 403.000000 0.289928 
0.381176 418.000000 0.300719 
0.382745 414.000000 0.297842 
0.378431 425.000000 0.305755 
0.378824 424.000000 0.305036 
0.378431 425.000000 0.305755 
0.380392 420.000000 0.302158 
0.382745 414.000000 0.297842 
0.381961 416.000000 0.299281 
0.378039 426.000000 0.306475 
0.383529 412.000000 0.296403 
0.374118 436.000000 0.313669 
0.383529 412.000000 0.296403 
0.385490 407.000000 0.292806 
0.383137 413.000000 0.297122 
0.390980 393.000000 0.282734 
0.386667 404.000000 0.290647 
0.382745 414.000000 0.297842 
0.379216 423.000000 0.304317 
0.385098 408.000000 0.293525 
0.390588 394.000000 0.283453 
0.388235 400.000000 0.287770 
0.383137 413.000000 0.297122 
0.381961 416.000000 0.299281 
0.375686 432.000000 0.310791 
0.385882 406.000000 0.292086 
0.378824 424.000000 0.305036 
0.383137 413.000000 0.297122 
0.380000 421.000000 0.302878 
0.389020 398.000000 0.286331 
0.378039 426.000000 0.306475 
0.380000 421.000000 0.302878 
0.382353 415.000000 0.298561 
0.383529 412.000000 0.296403 
0.381176 418.000000 0.300719 
0.389412 397.000000 0.285612 
0.381176 418.000000 0.300719 
0.381569 417.000000 0.300000 
0.381176 418.000000 0.300719 
0.376471 430.000000 0.309353 
0.381569 417.000000 0.300000 
0.391373 392.000000 0.282014 
0.377255 428.000000 0.307914 
0.379216 423.000000 0.304317 
0.380784 419.000000 0.301439 
0.383137 413.000000 0.297122 
0.388235 400.000000 0.287770 
0.388235 400.000000 0.287770 
0.381569 417.000000 0.300000 
0.383922 411.000000 0.295683 
0.374902 434.000000 0.312230 
0.381961 416.000000 0.299281 
0.377647 427.000000 0.307194 
0.377647 427.000000 0.307194 
0.385098 408.000000 0.293525 
0.380000 421.000000 0.302878 
0.377255 428.000000 0.307914 
0.379608 422.000000 0.303597 
0.383529 412.000000 0.296403 
0.382745 414.000000 0.297842 
0.375686 432.000000 0.310791 
0.386275 405.000000 0.291367 
0.375686 432.000000 0.310791 
0.384706 409.000000 0.294245 
0.377647 427.000000 0.307194 
0.382353 415.000000 0.298561 
0.380000 421.000000 0.302878 
0.387451 402.000000 0.289209 
0.374902 434.000000 0.312230 
0.378039 426.000000 0.306475 
0.376078 431.000000 0.310072 
0.388627 399.000000 0.287050 
0.380392 420.000000 0.302158 
0.380392 420.000000 0.302158 
0.381176 418.000000 0.300719 
0.383529 412.000000 0.296403 
0.382745 414.000000 0.297842 
0.377255 428.000000 0.307914 
0.384706 409.000000 0.294245 
0.386667 404.000000 0.290647 
0.385098 408.000000 0.293525 
0.386275 405.000000 0.291367 
0.388235 400.000000 0.287770 
0.370980 444.000000 0.319424 
0.394510 384.000000 0.276259 
0.382353 415.000000 0.298561 
0.384314 410.000000 0.294964 
0.376471 430.000000 0.309353 
0.392941 388.000000 0.279137 
0.379216 423.000000 0.304317 
0.381569 417.000000 0.300000 
0.376863 429.000000 0.308633 
0.379608 422.000000 0.303597 
0.389020 398.000000 0.286331 
0.381961 416.000000 0.299281 
0.385098 408.000000 0.293525 
0.378431 425.000000 0.305755 
0.387451 402.000000 0.289209 
0.378039 426.000000 0.306475 
0.387451 402.000000 0.289209 
0.380784 419.000000 0.301439 
0.378824 424.000000 0.305036 
0.377647 427.000000 0.307194 
0.383137 413.000000 0.297122 
0.385098 408.000000 0.293525 
0.382745 414.000000 0.297842 
0.387451 402.000000 0.289209 
0.374118 436.000000 0.313669 
0.380392 420.000000 0.302158 
0.377255 428.000000 0.307914 
0.378431 425.000000 0.305755 
0.380000 421.000000 0.302878 
0.373333 438.000000 0.315108 
0.378039 426.000000 0.306475 
0.384314 410.000000 0.294964 
0.381176 418.000000 0.300719 
0.378824 424.000000 0.305036 
0.385490 407.000000 0.292806 
0.385882 406.000000 0.292086 
0.382745 414.000000 0.297842 
0.385098 408.000000 0.293525 
0.384314 410.000000 0.294964 
0.380392 420.000000 0.302158 
0.382353 415.000000 0.298561 
0.388627 399.000000 0.287050 
0.385490 407.000000 0.292806 
0.382745 414.000000 0.297842 
0.385490 407.000000 0.292806 
0.384314 410.000000 0.294964 
0.376471 430.000000 0.309353 
0.380784 419.000000 0.301439 
0.383529 412.000000 0.296403 
0.378824 424.000000 0.305036 
0.390980 393.000000 0.282734 
0.370588 445.000000 0.320144 
0.372157 441.000000 0.317266 
0.382353 415.000000 0.298561 
0.379608 422.000000 0.303597 
0.376863 429.000000 0.308633 
0.374118 436.000000 0.313669 
0.387451 402.000000 0.289209 
0.379216 423.000000 0.304317 
0.383922 411.000000 0.295683 
0.372941 439.000000 0.315827 
0.383137 413.000000 0.297122 
0.379608 422.000000 0.303597 
0.381569 417.000000 0.300000 
0.390980 393.000000 0.282734 
0.375294 433.000000 0.311511 
0.381961 416.000000 0.299281 
0.369804 447.000000 0.321583 
0.384314 410.000000 0.294964 
0.387059 403.000000 0.289928 
0.383922 411.000000 0.295683 
0.384314 410.000000 0.294964 
0.385490 407.000000 0.292806 
0.374118 436.000000 0.313669 
0.382745 414.000000 0.297842 
0.379216 423.000000 0.304317 
0.379216 423.000000 0.304317 
0.378824 424.000000 0.305036 
0.384314 410.000000 0.294964 
0.374510 435.000000 0.312950 
0.380784 419.000000 0.301439 
0.379216 423.000000 0.304317 
0.379608 422.000000 0.303597 
0.374510 435.000000 0.312950 
0.379608 422.000000 0.303597 
0.385882 406.000000 0.292086 
0.383529 412.000000 0.296403 
0.380392 420.000000 0.302158 
0.380000 421.000000 0.302878 
0.387059 403.000000 0.289928 
0.384314 410.000000 0.294964 
0.392941 388.000000 0.279137 
0.374902 434.000000 0.312230 
0.383137 413.000000 0.297122 
0.376078 431.000000 0.310072 
0.378039 426.000000 0.306475 
0.378824 424.000000 0.305036 
0.382745 414.000000 0.297842 
0.378824 424.000000 0.305036 
0.385490 407.000000 0.292806 
0.384706 409.000000 0.294245 
0.381961 416.000000 0.299281 
0.381961 416.000000 0.299281 
0.379216 423.000000 0.304317 
0.374118 436.000000 0.313669 
0.374510 435.000000 0.312950 
0.385490 407.000000 0.292806 
0.378824 424.000000 0.305036 
0.385098 408.000000 0.293525 
0.375294 433.000000 0.311511 
0.376863 429.000000 0.308633 
0.378039 426.000000 0.306475 
0.385490 407.000000 0.292806 
0.383529 412.000000 0.296403 
0.376471 430.000000 0.309353 
0.375686 432.000000 0.310791 
0.389804 396.000000 0.284892 
0.384706 409.000000 0.294245 
0.383529 412.000000 0.296403 
0.381176 418.000000 0.300719 
0.380000 421.000000 0.302878 
0.389412 397.000000 0.285612 
0.374902 434.000000 0.312230 
0.378824 424.000000 0.305036 
0.387059 403.000000 0.289928 
0.378431 425.000000 0.305755 
0.380392 420.000000 0.302158 
0.380784 419.000000 0.301439 
0.386275 405.000000 0.291367 
0.379216 423.000000 0.304317 
0.388235 400.000000 0.287770 
0.376471 430.000000 0.309353 
0.384314 410.000000 0.294964 
0.383529 412.000000 0.296403 
0.380784 419.000000 0.301439 
0.383137 413.000000 0.297122 
0.379216 423.000000 0.304317 
0.378824 424.000000 0.305036 
0.385098 408.000000 0.293525 
0.380000 421.000000 0.302878 
0.384314 410.000000 0.294964 
0.390980 393.000000 0.282734 
0.385098 408.000000 0.293525 
0.387843 401.000000 0.288489 
0.374510 435.000000 0.312950 
0.383137 413.000000 0.297122 
0.383529 412.000000 0.296403 
0.383529 412.000000 0.296403 
0.391765 391.000000 0.281295 
0.383529 412.000000 0.296403 
0.376863 429.000000 0.308633 
0.380392 420.000000 0.302158 
0.376471 430.000000 0.309353 
0.379216 423.000000 0.304317 
0.380000 421.000000 0.302878 
0.383137 413.000000 0.297122 
0.384706 409.000000 0.294245 
0.384706 409.000000 0.294245 
0.378431 425.000000 0.305755 
0.384314 410.000000 0.294964 
0.378824 424.000000 0.305036 
0.378431 425.000000 0.305755 
0.389412 397.000000 0.285612 
0.383529 412.000000 0.296403 
0.379608 422.000000 0.303597 
0.392549 389.000000 0.279856 
0.378824 424.000000 0.305036 
0.378039 426.000000 0.306475 
0.382353 415.000000 0.298561 
0.377647 427.000000 0.307194 
0.375686 432.000000 0.310791 
0.378824 424.000000 0.305036 
0.385098 408.000000 0.293525 
0.384706 409.000000 0.294245 
0.375686 432.000000 0.310791 
0.392941 388.000000 0.279137 
0.374510 435.000000 0.312950 
0.389020 398.000000 0.286331 
0.378824 424.000000 0.305036 
0.384314 410.000000 0.294964 
0.378431 425.000000 0.305755 
0.381569 417.000000 0.300000 
0.376863 429.000000 0.308633 
0.375686 432.000000 0.310791 
0.376078 431.000000 0.310072 
0.384314 410.000000 0.294964 
0.384314 410.000000 0.294964 
0.382353 415.000000 0.298561 
0.380000 421.000000 0.302878 
0.383529 412.000000 0.296403 
0.373725 437.000000 0.314388 
0.376078 431.000000 0.310072 
0.381176 418.000000 0.300719 
0.381569 417.000000 0.300000 
0.381961 416.000000 0.299281 
0.384706 409.000000 0.294245 
0.381961 416.000000 0.299281 
0.389020 398.000000 0.286331 
0.382353 415.000000 0.298561 
0.384314 410.000000 0.294964 
0.389804 396.000000 0.284892 
0.390196 395.000000 0.284173 
0.384314 410.000000 0.294964 
0.384314 410.000000 0.294964 
0.380392 420.000000 0.302158 
0.385490 407.000000 0.292806 
0.374902 434.000000 0.312230 
0.378824 424.000000 0.305036 
0.384706 409.000000 0.294245 
0.382745 414.000000 0.297842 
0.378431 425.000000 0.305755 
0.383922 411.000000 0.295683 
0.381176 418.000000 0.300719 
0.381176 418.000000 0.300719 
0.382353 415.000000 0.298561 
0.378431 425.000000 0.305755 
0.381569 417.000000 0.300000 
0.379608 422.000000 0.303597 
0.386667 404.000000 0.290647 
0.381569 417.000000 0.300000 
0.379216 423.000000 0.304317 
0.379608 422.000000 0.303597 
0.379216 423.000000 0.304317 
0.376078 431.000000 0.310072 
0.374902 434.000000 0.312230 
0.378039 426.000000 0.306475 
0.384314 410.000000 0.294964 
0.380000 421.000000 0.302878 
0.382745 414.000000 0.297842 
0.380392 420.000000 0.302158 
0.383137 413.000000 0.297122 
0.381569 417.000000 0.300000 
0.386275 405.000000 0.291367 
0.385490 407.000000 0.292806 
0.380000 421.000000 0.302878 
0.388235 400.000000 0.287770 
0.380000 421.000000 0.302878 
0.388627 399.000000 0.287050 
0.376863 429.000000 0.308633 
0.380000 421.000000 0.302878 
0.381569 417.000000 0.300000 
0.373725 437.000000 0.314388 
0.376078 431.000000 0.310072 
0.377647 427.000000 0.307194 
0.383137 413.000000 0.297122 
0.388627 399.000000 0.287050 
0.382745 414.000000 0.297842 
0.383922 411.000000 0.295683 
0.373333 438.000000 0.315108 
0.381176 418.000000 0.300719 
0.378431 425.000000 0.305755 
0.370196 446.000000 0.320863 
0.384706 409.000000 0.294245 
0.388235 400.000000 0.287770 
0.381176 418.000000 0.300719 
0.386667 404.000000 0.290647 
0.374510 435.000000 0.312950 
0.388235 400.000000 0.287770 
0.378824 424.000000 0.305036 
0.380000 421.000000 0.302878 
0.384314 410.000000 0.294964 
0.390196 395.000000 0.284173 
0.383922 411.000000 0.295683 
0.388627 399.000000 0.287050 
0.375686 432.000000 0.310791 
0.378039 426.000000 0.306475 
0.383922 411.000000 0.295683 
0.383137 413.000000 0.297122 
0.376863 429.000000 0.308633 
0.384314 410.000000 0.294964 
0.390588 394.000000 0.283453 
0.374118 436.000000 0.313669 
0.374510 435.000000 0.312950 
0.381569 417.000000 0.300000 
0.382745 414.000000 0.297842 
0.384314 410.000000 0.294964 
0.379216 423.000000 0.304317 
0.384706 409.000000 0.294245 
0.381569 417.000000 0.300000 
0.378431 425.000000 0.305755 
0.382353 415.000000 0.298561 
0.378431 425.000000 0.305755 
0.384706 409.000000 0.294245 
0.388235 400.000000 0.287770 
0.389020 398.000000 0.286331 
0.387059 403.000000 0.289928 
0.388235 400.000000 0.287770 
0.378039 426.000000 0.306475 
0.384706 409.000000 0.294245 
0.386275 405.000000 0.291367 
0.382353 415.000000 0.298561 
0.380784 419.000000 0.301439 
0.374510 435.000000 0.312950 
0.381569 417.000000 0.300000 
0.383529 412.000000 0.296403 
0.385098 408.000000 0.293525 
0.387451 402.000000 0.289209 
0.390980 393.000000 0.282734 
0.380784 419.000000 0.301439 
0.384314 410.000000 0.294964 
0.383922 411.000000 0.295683 
0.389020 398.000000 0.286331 
0.380000 421.000000 0.302878 
0.376863 429.000000 0.308633 
0.379216 423.000000 0.304317 
0.380392 420.000000 0.302158 
0.371373 443.000000 0.318705 
0.388235 400.000000 0.287770 
0.383137 413.000000 0.297122 
0.374510 435.000000 0.312950 
0.385882 406.000000 0.292086 
0.374118 436.000000 0.313669 
0.387059 403.000000 0.289928 
0.387059 403.000000 0.289928 
0.380000 421.000000 0.302878 
0.376078 431.000000 0.310072 
0.380392 420.000000 0.302158 
0.377255 428.000000 0.307914 
0.384706 409.000000 0.294245 
0.385882 406.000000 0.292086 
0.380392 420.000000 0.302158 
0.381569 417.000000 0.300000 
0.387059 403.000000 0.289928 
0.385882 406.000000 0.292086 
0.383529 412.000000 0.296403 
0.383922 411.000000 0.295683 
0.379216 423.000000 0.304317 
0.375294 433.000000 0.311511 
0.370588 445.000000 0.320144 
0.388627 399.000000 0.287050 
0.376078 431.000000 0.310072 
0.383137 413.000000 0.297122 
0.383137 413.000000 0.297122 
0.381569 417.000000 0.300000 
0.381961 416.000000 0.299281 
0.387451 402.000000 0.289209 
0.379216 423.000000 0.304317 
0.378039 426.000000 0.306475 
0.385882 406.000000 0.292086 
0.376863 429.000000 0.308633 
0.378431 425.000000 0.305755 
0.375686 432.000000 0.310791 
0.376863 429.000000 0.308633 
0.376863 429.000000 0.308633 
0.383137 413.000000 0.297122 
0.377647 427.000000 0.307194 
0.375294 433.000000 0.311511 
0.382745 414.000000 0.297842 
0.374118 436.000000 0.313669 
0.381961 416.000000 0.299281 
0.384706 409.000000 0.294245 
0.383922 411.000000 0.295683 
0.376471 430.000000 0.309353 
0.383529 412.000000 0.296403 
0.383922 411.000000 0.295683 
0.386275 405.000000 0.291367 
0.371765 442.000000 0.317986 
0.384314 410.000000 0.294964 
0.382353 415.000000 0.298561 
0.383137 413.000000 0.297122 
0.381961 416.000000 0.299281 
0.379608 422.000000 0.303597 
0.382353 415.000000 0.298561 
0.385098 408.000000 0.293525 
0.385882 406.000000 0.292086 
0.396471 379.000000 0.272662 
0.383529 412.000000 0.296403 
0.387451 402.000000 0.289209 
0.381961 416.000000 0.299281 
0.384706 409.000000 0.294245 
0.387059 403.000000 0.289928 
0.375294 433.000000 0.311511 
0.383529 412.000000 0.296403 
0.378824 424.000000 0.305036 
0.381569 417.000000 0.300000 
0.385882 406.000000 0.292086 
0.385490 407.000000 0.292806 
0.383529 412.000000 0.296403 
0.383529 412.000000 0.296403 
0.373725 437.000000 0.314388 
0.378039 426.000000 0.306475 
0.380392 420.000000 0.302158 
0.383137 413.000000 0.297122 
0.381176 418.000000 0.300719 
0.381961 416.000000 0.299281 
0.390588 394.000000 0.283453 
0.383922 411.000000 0.295683 
0.379608 422.000000 0.303597 
0.371373 443.000000 0.318705 
0.386667 404.000000 0.290647 
0.385098 408.000000 0.293525 
0.380000 421.000000 0.302878 
0.379608 422.000000 0.303597 
0.381961 416.000000 0.299281 
0.383137 413.000000 0.297122 
0.382745 414.000000 0.297842 
0.380392 420.000000 0.302158 
0.375686 432.000000 0.310791 
0.378824 424.000000 0.305036 
0.378824 424.000000 0.305036 
0.385882 406.000000 0.292086 
0.383922 411.000000 0.295683 
0.381961 416.000000 0.299281 
0.387843 401.000000 0.288489 
0.388235 400.000000 0.287770 
0.378824 424.000000 0.305036 
0.385490 407.000000 0.292806 
0.383137 413.000000 0.297122 
0.383922 411.000000 0.295683 
0.383922 411.000000 0.295683 
0.384706 409.000000 0.294245 
0.381176 418.000000 0.300719 
0.388235 400.000000 0.287770 
0.384314 410.000000 0.294964 
0.385490 407.000000 0.292806 
0.388627 399.000000 0.287050 
0.381176 418.000000 0.300719 
0.380000 421.000000 0.302878 
0.383137 413.000000 0.297122 
0.381961 416.000000 0.299281 
0.381569 417.000000 0.300000 
0.382353 415.000000 0.298561 
0.383922 411.000000 0.295683 
0.383529 412.000000 0.296403 
0.383137 413.000000 0.297122 
0.387059 403.000000 0.289928 
0.387059 403.000000 0.289928 
0.376863 429.000000 0.308633 
0.386275 405.000000 0.291367 
0.381569 417.000000 0.300000 
0.382745 414.000000 0.297842 
0.371373 443.000000 0.318705 
0.378039 426.000000 0.306475 
0.399216 372.000000 0.267626 
0.378039 426.000000 0.306475 
0.382353 415.000000 0.298561 
0.385490 407.000000 0.292806 
0.388627 399.000000 0.287050 
0.377647 427.000000 0.307194 
0.383137 413.000000 0.297122 
0.388235 400.000000 0.287770 
0.378039 426.000000 0.306475 
0.382353 415.000000 0.298561 
0.389804 396.000000 0.284892 
0.375294 433.000000 0.311511 
0.377647 427.000000 0.307194 
0.389020 398.000000 0.286331 
0.378039 426.000000 0.306475 
0.376078 431.000000 0.310072 
0.384314 410.000000 0.294964 
0.373725 437.000000 0.314388 
0.387843 401.000000 0.288489 
0.378824 424.000000 0.305036 
0.383137 413.000000 0.297122 
0.384706 409.000000 0.294245 
0.384706 409.000000 0.294245 
0.378431 425.000000 0.305755 
0.388235 400.000000 0.287770 
0.386667 404.000000 0.290647 
0.380784 419.000000 0.301439 
0.378039 426.000000 0.306475 
0.391765 391.000000 0.281295 
0.388235 400.000000 0.287770 
0.381176 418.000000 0.300719 
0.390588 394.000000 0.283453 
