0.911450 116.000000 0.088550 
0.888550 146.000000 0.111450 
0.898473 133.000000 0.101527 
0.911450 116.000000 0.088550 
0.909924 118.000000 0.090076 
0.904580 125.000000 0.095420 
0.908397 120.000000 0.091603 
0.893130 140.000000 0.106870 
0.900000 131.000000 0.100000 
0.890840 143.000000 0.109160 
0.902290 128.000000 0.097710 
0.904580 125.000000 0.095420 
0.907634 121.000000 0.092366 
0.902290 128.000000 0.097710 
0.903817 126.000000 0.096183 
0.932061 89.000000 0.067939 
0.914504 112.000000 0.085496 
0.898473 133.000000 0.101527 
0.902290 128.000000 0.097710 
0.899237 132.000000 0.100763 
0.900000 131.000000 0.100000 
0.909924 118.000000 0.090076 
0.897710 134.000000 0.102290 
0.893130 140.000000 0.106870 
0.905344 124.000000 0.094656 
0.904580 125.000000 0.095420 
0.902290 128.000000 0.097710 
0.908397 120.000000 0.091603 
0.901527 129.000000 0.098473 
0.895420 137.000000 0.104580 
0.895420 137.000000 0.104580 
0.900763 130.000000 0.099237 
0.908397 120.000000 0.091603 
0.901527 129.000000 0.098473 
0.903053 127.000000 0.096947 
0.898473 133.000000 0.101527 
0.906107 123.000000 0.093893 
0.904580 125.000000 0.095420 
0.902290 128.000000 0.097710 
0.904580 125.000000 0.095420 
0.891603 142.000000 0.108397 
0.914504 112.000000 0.085496 
0.916794 109.000000 0.083206 
0.909924 118.000000 0.090076 
0.903817 126.000000 0.096183 
0.906870 122.000000 0.093130 
0.908397 120.000000 0.091603 
0.900000 131.000000 0.100000 
0.903053 127.000000 0.096947 
0.900000 131.000000 0.100000 
0.908397 120.000000 0.091603 
0.907634 121.000000 0.092366 
0.889313 145.000000 0.110687 
0.913740 113.000000 0.086260 
0.897710 134.000000 0.102290 
0.917557 108.000000 0.082443 
0.899237 132.000000 0.100763 
0.901527 129.000000 0.098473 
0.901527 129.000000 0.098473 
0.924427 99.000000 0.075573 
0.911450 116.000000 0.088550 
0.893893 139.000000 0.106107 
0.910687 117.000000 0.089313 
0.903053 127.000000 0.096947 
0.892366 141.000000 0.107634 
0.905344 124.000000 0.094656 
0.900000 131.000000 0.100000 
0.905344 124.000000 0.094656 
0.893893 139.000000 0.106107 
0.892366 141.000000 0.107634 
0.912214 115.000000 0.087786 
0.905344 124.000000 0.094656 
0.917557 108.000000 0.082443 
0.903817 126.000000 0.096183 
0.894656 138.000000 0.105344 
0.890076 144.000000 0.109924 
0.890076 144.000000 0.109924 
0.902290 128.000000 0.097710 
0.892366 141.000000 0.107634 
0.898473 133.000000 0.101527 
0.909160 119.000000 0.090840 
0.889313 145.000000 0.110687 
0.908397 120.000000 0.091603 
0.903817 126.000000 0.096183 
0.903053 127.000000 0.096947 
0.906107 123.000000 0.093893 
0.914504 112.000000 0.085496 
0.899237 132.000000 0.100763 
0.908397 120.000000 0.091603 
0.909160 119.000000 0.090840 
0.896947 135.000000 0.103053 
0.900000 131.000000 0.100000 
0.925954 97.000000 0.074046 
0.900763 130.000000 0.099237 
0.913740 113.000000 0.086260 
0.909160 119.000000 0.090840 
0.895420 137.000000 0.104580 
0.909160 119.000000 0.090840 
0.900763 130.000000 0.099237 
0.912977 114.000000 0.087023 
0.912977 114.000000 0.087023 
0.907634 121.000000 0.092366 
0.899237 132.000000 0.100763 
0.921374 103.000000 0.078626 
0.906870 122.000000 0.093130 
0.892366 141.000000 0.107634 
0.900763 130.000000 0.099237 
0.890840 143.000000 0.109160 
0.915267 111.000000 0.084733 
0.909924 118.000000 0.090076 
0.894656 138.000000 0.105344 
0.900763 130.000000 0.099237 
0.885496 150.000000 0.114504 
0.912214 115.000000 0.087786 
0.903053 127.000000 0.096947 
0.912977 114.000000 0.087023 
0.896183 136.000000 0.103817 
0.907634 121.000000 0.092366 
0.896183 136.000000 0.103817 
0.892366 141.000000 0.107634 
0.902290 128.000000 0.097710 
0.894656 138.000000 0.105344 
0.894656 138.000000 0.105344 
0.911450 116.000000 0.088550 
0.898473 133.000000 0.101527 
0.904580 125.000000 0.095420 
0.908397 120.000000 0.091603 
0.899237 132.000000 0.100763 
0.902290 128.000000 0.097710 
0.901527 129.000000 0.098473 
0.903817 126.000000 0.096183 
0.908397 120.000000 0.091603 
0.908397 120.000000 0.091603 
0.899237 132.000000 0.100763 
0.908397 120.000000 0.091603 
0.889313 145.000000 0.110687 
0.913740 113.000000 0.086260 
0.899237 132.000000 0.100763 
0.912214 115.000000 0.087786 
0.894656 138.000000 0.105344 
0.910687 117.000000 0.089313 
0.894656 138.000000 0.105344 
0.896947 135.000000 0.103053 
0.903053 127.000000 0.096947 
0.909160 119.000000 0.090840 
0.906870 122.000000 0.093130 
0.899237 132.000000 0.100763 
0.894656 138.000000 0.105344 
0.894656 138.000000 0.105344 
0.896947 135.000000 0.103053 
0.907634 121.000000 0.092366 
0.895420 137.000000 0.104580 
0.904580 125.000000 0.095420 
0.904580 125.000000 0.095420 
0.909160 119.000000 0.090840 
0.903053 127.000000 0.096947 
0.898473 133.000000 0.101527 
0.892366 141.000000 0.107634 
0.914504 112.000000 0.085496 
0.904580 125.000000 0.095420 
0.915267 111.000000 0.084733 
0.903817 126.000000 0.096183 
0.905344 124.000000 0.094656 
0.915267 111.000000 0.084733 
0.909160 119.000000 0.090840 
0.900763 130.000000 0.099237 
0.897710 134.000000 0.102290 
0.902290 128.000000 0.097710 
0.903817 126.000000 0.096183 
0.900763 130.000000 0.099237 
0.907634 121.000000 0.092366 
0.906870 122.000000 0.093130 
0.893130 140.000000 0.106870 
0.915267 111.000000 0.084733 
0.910687 117.000000 0.089313 
0.895420 137.000000 0.104580 
0.903817 126.000000 0.096183 
0.896947 135.000000 0.103053 
0.900763 130.000000 0.099237 
0.893130 140.000000 0.106870 
0.903817 126.000000 0.096183 
0.903053 127.000000 0.096947 
0.894656 138.000000 0.105344 
0.906870 122.000000 0.093130 
0.906870 122.000000 0.093130 
0.913740 113.000000 0.086260 
0.901527 129.000000 0.098473 
0.900000 131.000000 0.100000 
0.901527 129.000000 0.098473 
0.906870 122.000000 0.093130 
0.900000 131.000000 0.100000 
0.900763 130.000000 0.099237 
0.913740 113.000000 0.086260 
0.903053 127.000000 0.096947 
0.917557 108.000000 0.082443 
0.898473 133.000000 0.101527 
0.903053 127.000000 0.096947 
0.901527 129.000000 0.098473 
0.912214 115.000000 0.087786 
0.909924 118.000000 0.090076 
0.919847 105.000000 0.080153 
0.915267 111.000000 0.084733 
0.894656 138.000000 0.105344 
0.917557 108.000000 0.082443 
0.908397 120.000000 0.091603 
0.894656 138.000000 0.105344 
0.908397 120.000000 0.091603 
0.900763 130.000000 0.099237 
0.893893 139.000000 0.106107 
0.911450 116.000000 0.088550 
0.907634 121.000000 0.092366 
0.896947 135.000000 0.103053 
0.915267 111.000000 0.084733 
0.903053 127.000000 0.096947 
0.911450 116.000000 0.088550 
0.912214 115.000000 0.087786 
0.897710 134.000000 0.102290 
0.901527 129.000000 0.098473 
0.906107 123.000000 0.093893 
0.919847 105.000000 0.080153 
0.906870 122.000000 0.093130 
0.909924 118.000000 0.090076 
0.898473 133.000000 0.101527 
0.905344 124.000000 0.094656 
0.908397 120.000000 0.091603 
0.903817 126.000000 0.096183 
0.895420 137.000000 0.104580 
0.907634 121.000000 0.092366 
0.905344 124.000000 0.094656 
0.897710 134.000000 0.102290 
0.906107 123.000000 0.093893 
0.900000 131.000000 0.100000 
0.905344 124.000000 0.094656 
0.907634 121.000000 0.092366 
0.895420 137.000000 0.104580 
0.902290 128.000000 0.097710 
0.907634 121.000000 0.092366 
0.905344 124.000000 0.094656 
0.898473 133.000000 0.101527 
0.890840 143.000000 0.109160 
0.906870 122.000000 0.093130 
0.909160 119.000000 0.090840 
0.901527 129.000000 0.098473 
0.903053 127.000000 0.096947 
0.902290 128.000000 0.097710 
0.894656 138.000000 0.105344 
0.893893 139.000000 0.106107 
0.906107 123.000000 0.093893 
0.900000 131.000000 0.100000 
0.897710 134.000000 0.102290 
0.912214 115.000000 0.087786 
0.906870 122.000000 0.093130 
0.898473 133.000000 0.101527 
0.916031 110.000000 0.083969 
0.910687 117.000000 0.089313 
0.916794 109.000000 0.083206 
0.896947 135.000000 0.103053 
0.900000 131.000000 0.100000 
0.904580 125.000000 0.095420 
0.897710 134.000000 0.102290 
0.900000 131.000000 0.100000 
0.903817 126.000000 0.096183 
0.899237 132.000000 0.100763 
0.903817 126.000000 0.096183 
0.900763 130.000000 0.099237 
0.906107 123.000000 0.093893 
0.912214 115.000000 0.087786 
0.896183 136.000000 0.103817 
0.907634 121.000000 0.092366 
0.913740 113.000000 0.086260 
0.904580 125.000000 0.095420 
0.916031 110.000000 0.083969 
0.900763 130.000000 0.099237 
0.914504 112.000000 0.085496 
0.897710 134.000000 0.102290 
0.897710 134.000000 0.102290 
0.893893 139.000000 0.106107 
0.902290 128.000000 0.097710 
0.900000 131.000000 0.100000 
0.900763 130.000000 0.099237 
0.893893 139.000000 0.106107 
0.915267 111.000000 0.084733 
0.909160 119.000000 0.090840 
0.901527 129.000000 0.098473 
0.911450 116.000000 0.088550 
0.902290 128.000000 0.097710 
0.901527 129.000000 0.098473 
0.903053 127.000000 0.096947 
0.899237 132.000000 0.100763 
0.904580 125.000000 0.095420 
0.913740 113.000000 0.086260 
0.890840 143.000000 0.109160 
0.903053 127.000000 0.096947 
0.909160 119.000000 0.090840 
0.900000 131.000000 0.100000 
0.903817 126.000000 0.096183 
0.906870 122.000000 0.093130 
0.900000 131.000000 0.100000 
0.909160 119.000000 0.090840 
0.895420 137.000000 0.104580 
0.911450 116.000000 0.088550 
0.898473 133.000000 0.101527 
0.895420 137.000000 0.104580 
0.904580 125.000000 0.095420 
0.908397 120.000000 0.091603 
0.908397 120.000000 0.091603 
0.906107 123.000000 0.093893 
0.912214 115.000000 0.087786 
0.913740 113.000000 0.086260 
0.890076 144.000000 0.109924 
0.906870 122.000000 0.093130 
0.893893 139.000000 0.106107 
0.899237 132.000000 0.100763 
0.905344 124.000000 0.094656 
0.894656 138.000000 0.105344 
0.906107 123.000000 0.093893 
0.893893 139.000000 0.106107 
0.898473 133.000000 0.101527 
0.909160 119.000000 0.090840 
0.899237 132.000000 0.100763 
0.897710 134.000000 0.102290 
0.900000 131.000000 0.100000 
0.897710 134.000000 0.102290 
0.907634 121.000000 0.092366 
0.898473 133.000000 0.101527 
0.909160 119.000000 0.090840 
0.909160 119.000000 0.090840 
0.905344 124.000000 0.094656 
0.902290 128.000000 0.097710 
0.910687 117.000000 0.089313 
0.897710 134.000000 0.102290 
0.893893 139.000000 0.106107 
0.909160 119.000000 0.090840 
0.906107 123.000000 0.093893 
0.908397 120.000000 0.091603 
0.920611 104.000000 0.079389 
0.903053 127.000000 0.096947 
0.906870 122.000000 0.093130 
0.900763 130.000000 0.099237 
0.896947 135.000000 0.103053 
0.910687 117.000000 0.089313 
0.913740 113.000000 0.086260 
0.909924 118.000000 0.090076 
0.906870 122.000000 0.093130 
0.897710 134.000000 0.102290 
0.899237 132.000000 0.100763 
0.907634 121.000000 0.092366 
0.906870 122.000000 0.093130 
0.911450 116.000000 0.088550 
0.906107 123.000000 0.093893 
0.899237 132.000000 0.100763 
0.903053 127.000000 0.096947 
0.897710 134.000000 0.102290 
0.906870 122.000000 0.093130 
0.893130 140.000000 0.106870 
0.898473 133.000000 0.101527 
0.910687 117.000000 0.089313 
0.906107 123.000000 0.093893 
0.903817 126.000000 0.096183 
0.900000 131.000000 0.100000 
0.905344 124.000000 0.094656 
0.916031 110.000000 0.083969 
0.904580 125.000000 0.095420 
0.900000 131.000000 0.100000 
0.906870 122.000000 0.093130 
0.896947 135.000000 0.103053 
0.892366 141.000000 0.107634 
0.903053 127.000000 0.096947 
0.903053 127.000000 0.096947 
0.903817 126.000000 0.096183 
0.899237 132.000000 0.100763 
0.897710 134.000000 0.102290 
0.892366 141.000000 0.107634 
0.900763 130.000000 0.099237 
0.911450 116.000000 0.088550 
0.898473 133.000000 0.101527 
0.898473 133.000000 0.101527 
0.904580 125.000000 0.095420 
0.894656 138.000000 0.105344 
0.897710 134.000000 0.102290 
0.899237 132.000000 0.100763 
0.903817 126.000000 0.096183 
0.903817 126.000000 0.096183 
0.905344 124.000000 0.094656 
0.904580 125.000000 0.095420 
0.904580 125.000000 0.095420 
0.909160 119.000000 0.090840 
0.903053 127.000000 0.096947 
0.888550 146.000000 0.111450 
0.893130 140.000000 0.106870 
0.905344 124.000000 0.094656 
0.903817 126.000000 0.096183 
0.903053 127.000000 0.096947 
0.905344 124.000000 0.094656 
0.890076 144.000000 0.109924 
0.898473 133.000000 0.101527 
0.904580 125.000000 0.095420 
0.911450 116.000000 0.088550 
0.906107 123.000000 0.093893 
0.894656 138.000000 0.105344 
0.899237 132.000000 0.100763 
0.909160 119.000000 0.090840 
0.896183 136.000000 0.103817 
0.898473 133.000000 0.101527 
0.902290 128.000000 0.097710 
0.890076 144.000000 0.109924 
0.897710 134.000000 0.102290 
0.892366 141.000000 0.107634 
0.893893 139.000000 0.106107 
0.890840 143.000000 0.109160 
0.900763 130.000000 0.099237 
0.909924 118.000000 0.090076 
0.913740 113.000000 0.086260 
0.909924 118.000000 0.090076 
0.909924 118.000000 0.090076 
0.909160 119.000000 0.090840 
0.906107 123.000000 0.093893 
0.897710 134.000000 0.102290 
0.906870 122.000000 0.093130 
0.893893 139.000000 0.106107 
0.907634 121.000000 0.092366 
0.901527 129.000000 0.098473 
0.896183 136.000000 0.103817 
0.917557 108.000000 0.082443 
0.911450 116.000000 0.088550 
0.910687 117.000000 0.089313 
0.915267 111.000000 0.084733 
0.913740 113.000000 0.086260 
0.900763 130.000000 0.099237 
0.907634 121.000000 0.092366 
0.917557 108.000000 0.082443 
0.889313 145.000000 0.110687 
0.900000 131.000000 0.100000 
0.900763 130.000000 0.099237 
0.904580 125.000000 0.095420 
0.900763 130.000000 0.099237 
0.904580 125.000000 0.095420 
0.909160 119.000000 0.090840 
0.907634 121.000000 0.092366 
0.897710 134.000000 0.102290 
0.909160 119.000000 0.090840 
0.905344 124.000000 0.094656 
0.918321 107.000000 0.081679 
0.898473 133.000000 0.101527 
0.904580 125.000000 0.095420 
0.906870 122.000000 0.093130 
0.897710 134.000000 0.102290 
0.910687 117.000000 0.089313 
0.904580 125.000000 0.095420 
0.900000 131.000000 0.100000 
0.916031 110.000000 0.083969 
0.902290 128.000000 0.097710 
0.919084 106.000000 0.080916 
0.900763 130.000000 0.099237 
0.920611 104.000000 0.079389 
0.901527 129.000000 0.098473 
0.909924 118.000000 0.090076 
0.897710 134.000000 0.102290 
0.907634 121.000000 0.092366 
0.902290 128.000000 0.097710 
0.896947 135.000000 0.103053 
0.909924 118.000000 0.090076 
0.897710 134.000000 0.102290 
0.897710 134.000000 0.102290 
0.916794 109.000000 0.083206 
0.897710 134.000000 0.102290 
0.906107 123.000000 0.093893 
0.905344 124.000000 0.094656 
0.897710 134.000000 0.102290 
0.897710 134.000000 0.102290 
0.890840 143.000000 0.109160 
0.903817 126.000000 0.096183 
0.906870 122.000000 0.093130 
0.916031 110.000000 0.083969 
0.903817 126.000000 0.096183 
0.908397 120.000000 0.091603 
0.891603 142.000000 0.108397 
0.900763 130.000000 0.099237 
0.914504 112.000000 0.085496 
0.896947 135.000000 0.103053 
0.896947 135.000000 0.103053 
0.899237 132.000000 0.100763 
0.896183 136.000000 0.103817 
0.903053 127.000000 0.096947 
0.913740 113.000000 0.086260 
0.916794 109.000000 0.083206 
0.910687 117.000000 0.089313 
0.903053 127.000000 0.096947 
0.912977 114.000000 0.087023 
0.909160 119.000000 0.090840 
0.910687 117.000000 0.089313 
0.887786 147.000000 0.112214 
0.902290 128.000000 0.097710 
0.896947 135.000000 0.103053 
0.899237 132.000000 0.100763 
0.905344 124.000000 0.094656 
0.900763 130.000000 0.099237 
0.894656 138.000000 0.105344 
0.898473 133.000000 0.101527 
0.894656 138.000000 0.105344 
0.907634 121.000000 0.092366 
0.907634 121.000000 0.092366 
0.909160 119.000000 0.090840 
0.892366 141.000000 0.107634 
0.899237 132.000000 0.100763 
0.896183 136.000000 0.103817 
0.910687 117.000000 0.089313 
0.899237 132.000000 0.100763 
0.912977 114.000000 0.087023 
0.907634 121.000000 0.092366 
0.912214 115.000000 0.087786 
0.895420 137.000000 0.104580 
0.903053 127.000000 0.096947 
0.919084 106.000000 0.080916 
0.898473 133.000000 0.101527 
0.896947 135.000000 0.103053 
0.900000 131.000000 0.100000 
0.903053 127.000000 0.096947 
0.897710 134.000000 0.102290 
0.914504 112.000000 0.085496 
0.897710 134.000000 0.102290 
0.913740 113.000000 0.086260 
0.908397 120.000000 0.091603 
0.912214 115.000000 0.087786 
0.909924 118.000000 0.090076 
0.912214 115.000000 0.087786 
0.908397 120.000000 0.091603 
0.903053 127.000000 0.096947 
0.900763 130.000000 0.099237 
0.910687 117.000000 0.089313 
0.896947 135.000000 0.103053 
0.901527 129.000000 0.098473 
0.901527 129.000000 0.098473 
0.900000 131.000000 0.100000 
0.898473 133.000000 0.101527 
0.897710 134.000000 0.102290 
0.890076 144.000000 0.109924 
0.902290 128.000000 0.097710 
0.899237 132.000000 0.100763 
0.900763 130.000000 0.099237 
0.891603 142.000000 0.108397 
0.900000 131.000000 0.100000 
0.893893 139.000000 0.106107 
0.903817 126.000000 0.096183 
0.914504 112.000000 0.085496 
0.905344 124.000000 0.094656 
0.925954 97.000000 0.074046 
0.898473 133.000000 0.101527 
0.901527 129.000000 0.098473 
0.905344 124.000000 0.094656 
0.905344 124.000000 0.094656 
0.902290 128.000000 0.097710 
0.905344 124.000000 0.094656 
0.915267 111.000000 0.084733 
0.906107 123.000000 0.093893 
0.910687 117.000000 0.089313 
0.901527 129.000000 0.098473 
0.901527 129.000000 0.098473 
0.903817 126.000000 0.096183 
0.898473 133.000000 0.101527 
0.907634 121.000000 0.092366 
0.911450 116.000000 0.088550 
0.905344 124.000000 0.094656 
0.905344 124.000000 0.094656 
0.889313 145.000000 0.110687 
0.911450 116.000000 0.088550 
0.911450 116.000000 0.088550 
0.893893 139.000000 0.106107 
0.893893 139.000000 0.106107 
0.900000 131.000000 0.100000 
0.912977 114.000000 0.087023 
0.900000 131.000000 0.100000 
0.899237 132.000000 0.100763 
0.910687 117.000000 0.089313 
0.900763 130.000000 0.099237 
0.889313 145.000000 0.110687 
0.904580 125.000000 0.095420 
0.884733 151.000000 0.115267 
0.906870 122.000000 0.093130 
0.902290 128.000000 0.097710 
0.907634 121.000000 0.092366 
0.896947 135.000000 0.103053 
0.900763 130.000000 0.099237 
0.900000 131.000000 0.100000 
0.888550 146.000000 0.111450 
0.903817 126.000000 0.096183 
0.887786 147.000000 0.112214 
0.908397 120.000000 0.091603 
0.896947 135.000000 0.103053 
0.909924 118.000000 0.090076 
0.903817 126.000000 0.096183 
0.902290 128.000000 0.097710 
0.905344 124.000000 0.094656 
0.911450 116.000000 0.088550 
0.907634 121.000000 0.092366 
0.899237 132.000000 0.100763 
0.910687 117.000000 0.089313 
0.901527 129.000000 0.098473 
0.893130 140.000000 0.106870 
0.898473 133.000000 0.101527 
0.904580 125.000000 0.095420 
0.905344 124.000000 0.094656 
0.889313 145.000000 0.110687 
0.906870 122.000000 0.093130 
0.904580 125.000000 0.095420 
0.911450 116.000000 0.088550 
0.893130 140.000000 0.106870 
0.908397 120.000000 0.091603 
0.902290 128.000000 0.097710 
0.897710 134.000000 0.102290 
0.903817 126.000000 0.096183 
0.896183 136.000000 0.103817 
0.911450 116.000000 0.088550 
0.912214 115.000000 0.087786 
0.913740 113.000000 0.086260 
0.899237 132.000000 0.100763 
0.891603 142.000000 0.108397 
0.901527 129.000000 0.098473 
0.893893 139.000000 0.106107 
0.898473 133.000000 0.101527 
0.897710 134.000000 0.102290 
0.890840 143.000000 0.109160 
0.903053 127.000000 0.096947 
0.906870 122.000000 0.093130 
0.916794 109.000000 0.083206 
0.910687 117.000000 0.089313 
0.912214 115.000000 0.087786 
0.903817 126.000000 0.096183 
0.901527 129.000000 0.098473 
0.896947 135.000000 0.103053 
0.897710 134.000000 0.102290 
0.909924 118.000000 0.090076 
0.900000 131.000000 0.100000 
0.905344 124.000000 0.094656 
0.902290 128.000000 0.097710 
0.902290 128.000000 0.097710 
0.913740 113.000000 0.086260 
0.905344 124.000000 0.094656 
0.899237 132.000000 0.100763 
0.904580 125.000000 0.095420 
0.912214 115.000000 0.087786 
0.899237 132.000000 0.100763 
0.895420 137.000000 0.104580 
0.900763 130.000000 0.099237 
0.892366 141.000000 0.107634 
0.904580 125.000000 0.095420 
0.895420 137.000000 0.104580 
0.895420 137.000000 0.104580 
0.921374 103.000000 0.078626 
0.900000 131.000000 0.100000 
0.900763 130.000000 0.099237 
0.901527 129.000000 0.098473 
0.902290 128.000000 0.097710 
0.897710 134.000000 0.102290 
0.899237 132.000000 0.100763 
0.903817 126.000000 0.096183 
0.906107 123.000000 0.093893 
0.906107 123.000000 0.093893 
0.899237 132.000000 0.100763 
0.906107 123.000000 0.093893 
0.900000 131.000000 0.100000 
0.913740 113.000000 0.086260 
0.900763 130.000000 0.099237 
0.912977 114.000000 0.087023 
0.908397 120.000000 0.091603 
0.892366 141.000000 0.107634 
0.902290 128.000000 0.097710 
0.903053 127.000000 0.096947 
0.913740 113.000000 0.086260 
0.909924 118.000000 0.090076 
0.887786 147.000000 0.112214 
0.893130 140.000000 0.106870 
0.900763 130.000000 0.099237 
0.919084 106.000000 0.080916 
0.903053 127.000000 0.096947 
0.918321 107.000000 0.081679 
0.909160 119.000000 0.090840 
0.898473 133.000000 0.101527 
0.908397 120.000000 0.091603 
0.903817 126.000000 0.096183 
0.899237 132.000000 0.100763 
0.881679 155.000000 0.118321 
0.911450 116.000000 0.088550 
0.906870 122.000000 0.093130 
0.908397 120.000000 0.091603 
0.898473 133.000000 0.101527 
0.912977 114.000000 0.087023 
0.906107 123.000000 0.093893 
0.910687 117.000000 0.089313 
0.900763 130.000000 0.099237 
0.912977 114.000000 0.087023 
0.897710 134.000000 0.102290 
0.913740 113.000000 0.086260 
0.900763 130.000000 0.099237 
0.906870 122.000000 0.093130 
0.893130 140.000000 0.106870 
0.900000 131.000000 0.100000 
0.908397 120.000000 0.091603 
0.897710 134.000000 0.102290 
0.896947 135.000000 0.103053 
0.914504 112.000000 0.085496 
0.905344 124.000000 0.094656 
0.905344 124.000000 0.094656 
0.900000 131.000000 0.100000 
0.906870 122.000000 0.093130 
0.902290 128.000000 0.097710 
0.905344 124.000000 0.094656 
0.901527 129.000000 0.098473 
0.911450 116.000000 0.088550 
0.910687 117.000000 0.089313 
0.896947 135.000000 0.103053 
0.911450 116.000000 0.088550 
0.906107 123.000000 0.093893 
0.910687 117.000000 0.089313 
0.907634 121.000000 0.092366 
0.915267 111.000000 0.084733 
0.903817 126.000000 0.096183 
0.903817 126.000000 0.096183 
0.902290 128.000000 0.097710 
0.896947 135.000000 0.103053 
0.896183 136.000000 0.103817 
0.894656 138.000000 0.105344 
0.906870 122.000000 0.093130 
0.900000 131.000000 0.100000 
0.909160 119.000000 0.090840 
0.897710 134.000000 0.102290 
0.900000 131.000000 0.100000 
0.902290 128.000000 0.097710 
0.904580 125.000000 0.095420 
0.898473 133.000000 0.101527 
0.902290 128.000000 0.097710 
0.911450 116.000000 0.088550 
0.903053 127.000000 0.096947 
0.895420 137.000000 0.104580 
0.900763 130.000000 0.099237 
0.910687 117.000000 0.089313 
0.896183 136.000000 0.103817 
0.906870 122.000000 0.093130 
0.909160 119.000000 0.090840 
0.896183 136.000000 0.103817 
0.912977 114.000000 0.087023 
0.906107 123.000000 0.093893 
0.908397 120.000000 0.091603 
0.899237 132.000000 0.100763 
0.916031 110.000000 0.083969 
0.911450 116.000000 0.088550 
0.894656 138.000000 0.105344 
0.900763 130.000000 0.099237 
0.895420 137.000000 0.104580 
0.904580 125.000000 0.095420 
0.893893 139.000000 0.106107 
0.893893 139.000000 0.106107 
0.893893 139.000000 0.106107 
0.902290 128.000000 0.097710 
0.924427 99.000000 0.075573 
0.900763 130.000000 0.099237 
0.910687 117.000000 0.089313 
0.913740 113.000000 0.086260 
0.913740 113.000000 0.086260 
0.907634 121.000000 0.092366 
0.906870 122.000000 0.093130 
0.915267 111.000000 0.084733 
0.906107 123.000000 0.093893 
0.922901 101.000000 0.077099 
0.891603 142.000000 0.108397 
0.902290 128.000000 0.097710 
0.909160 119.000000 0.090840 
0.907634 121.000000 0.092366 
0.912977 114.000000 0.087023 
0.915267 111.000000 0.084733 
0.904580 125.000000 0.095420 
0.889313 145.000000 0.110687 
0.913740 113.000000 0.086260 
0.912214 115.000000 0.087786 
0.900763 130.000000 0.099237 
0.909160 119.000000 0.090840 
0.920611 104.000000 0.079389 
0.893130 140.000000 0.106870 
0.911450 116.000000 0.088550 
0.898473 133.000000 0.101527 
0.892366 141.000000 0.107634 
0.907634 121.000000 0.092366 
0.894656 138.000000 0.105344 
0.906870 122.000000 0.093130 
0.896947 135.000000 0.103053 
0.908397 120.000000 0.091603 
0.917557 108.000000 0.082443 
0.895420 137.000000 0.104580 
0.906870 122.000000 0.093130 
0.896947 135.000000 0.103053 
0.912977 114.000000 0.087023 
0.895420 137.000000 0.104580 
0.914504 112.000000 0.085496 
0.903053 127.000000 0.096947 
0.909160 119.000000 0.090840 
0.912977 114.000000 0.087023 
0.912977 114.000000 0.087023 
0.913740 113.000000 0.086260 
0.898473 133.000000 0.101527 
0.896947 135.000000 0.103053 
0.902290 128.000000 0.097710 
0.896183 136.000000 0.103817 
0.903053 127.000000 0.096947 
0.908397 120.000000 0.091603 
0.891603 142.000000 0.108397 
0.910687 117.000000 0.089313 
0.884733 151.000000 0.115267 
0.899237 132.000000 0.100763 
0.909924 118.000000 0.090076 
0.902290 128.000000 0.097710 
0.900000 131.000000 0.100000 
0.908397 120.000000 0.091603 
0.908397 120.000000 0.091603 
0.900000 131.000000 0.100000 
0.909160 119.000000 0.090840 
0.904580 125.000000 0.095420 
0.908397 120.000000 0.091603 
0.907634 121.000000 0.092366 
0.899237 132.000000 0.100763 
0.910687 117.000000 0.089313 
0.883206 153.000000 0.116794 
0.909924 118.000000 0.090076 
0.904580 125.000000 0.095420 
0.896183 136.000000 0.103817 
0.911450 116.000000 0.088550 
0.898473 133.000000 0.101527 
0.893130 140.000000 0.106870 
0.916031 110.000000 0.083969 
0.908397 120.000000 0.091603 
0.903053 127.000000 0.096947 
0.894656 138.000000 0.105344 
0.912214 115.000000 0.087786 
0.896183 136.000000 0.103817 
0.913740 113.000000 0.086260 
0.906870 122.000000 0.093130 
0.904580 125.000000 0.095420 
0.901527 129.000000 0.098473 
0.910687 117.000000 0.089313 
0.913740 113.000000 0.086260 
0.900763 130.000000 0.099237 
0.900000 131.000000 0.100000 
0.898473 133.000000 0.101527 
0.894656 138.000000 0.105344 
0.907634 121.000000 0.092366 
0.896947 135.000000 0.103053 
0.898473 133.000000 0.101527 
0.915267 111.000000 0.084733 
0.906870 122.000000 0.093130 
0.900763 130.000000 0.099237 
0.900763 130.000000 0.099237 
0.903053 127.000000 0.096947 
0.900763 130.000000 0.099237 
0.904580 125.000000 0.095420 
0.902290 128.000000 0.097710 
0.898473 133.000000 0.101527 
0.904580 125.000000 0.095420 
0.915267 111.000000 0.084733 
0.910687 117.000000 0.089313 
0.895420 137.000000 0.104580 
0.903817 126.000000 0.096183 
0.900000 131.000000 0.100000 
0.895420 137.000000 0.104580 
0.898473 133.000000 0.101527 
0.896947 135.000000 0.103053 
0.904580 125.000000 0.095420 
0.899237 132.000000 0.100763 
0.907634 121.000000 0.092366 
0.899237 132.000000 0.100763 
0.904580 125.000000 0.095420 
0.896947 135.000000 0.103053 
0.893130 140.000000 0.106870 
0.897710 134.000000 0.102290 
0.906870 122.000000 0.093130 
0.891603 142.000000 0.108397 
0.913740 113.000000 0.086260 
0.902290 128.000000 0.097710 
0.903817 126.000000 0.096183 
0.893893 139.000000 0.106107 
0.900763 130.000000 0.099237 
0.893893 139.000000 0.106107 
0.912214 115.000000 0.087786 
0.899237 132.000000 0.100763 
0.912214 115.000000 0.087786 
0.890840 143.000000 0.109160 
0.896183 136.000000 0.103817 
0.908397 120.000000 0.091603 
0.890840 143.000000 0.109160 
0.909924 118.000000 0.090076 
0.888550 146.000000 0.111450 
0.898473 133.000000 0.101527 
0.891603 142.000000 0.108397 
0.905344 124.000000 0.094656 
0.894656 138.000000 0.105344 
0.903817 126.000000 0.096183 
0.909924 118.000000 0.090076 
0.915267 111.000000 0.084733 
0.901527 129.000000 0.098473 
0.915267 111.000000 0.084733 
0.902290 128.000000 0.097710 
0.907634 121.000000 0.092366 
0.903817 126.000000 0.096183 
0.906870 122.000000 0.093130 
0.912977 114.000000 0.087023 
0.906870 122.000000 0.093130 
0.903817 126.000000 0.096183 
0.893893 139.000000 0.106107 
0.904580 125.000000 0.095420 
0.901527 129.000000 0.098473 
0.909160 119.000000 0.090840 
0.912977 114.000000 0.087023 
0.900000 131.000000 0.100000 
0.903053 127.000000 0.096947 
0.893893 139.000000 0.106107 
0.896183 136.000000 0.103817 
0.902290 128.000000 0.097710 
0.909924 118.000000 0.090076 
0.900763 130.000000 0.099237 
0.886260 149.000000 0.113740 
0.908397 120.000000 0.091603 
0.909160 119.000000 0.090840 
0.893893 139.000000 0.106107 
0.906870 122.000000 0.093130 
0.900000 131.000000 0.100000 
0.892366 141.000000 0.107634 
0.896947 135.000000 0.103053 
0.916794 109.000000 0.083206 
0.906107 123.000000 0.093893 
0.909924 118.000000 0.090076 
0.916031 110.000000 0.083969 
0.903817 126.000000 0.096183 
0.906870 122.000000 0.093130 
0.906870 122.000000 0.093130 
0.889313 145.000000 0.110687 
0.897710 134.000000 0.102290 
0.904580 125.000000 0.095420 
0.900000 131.000000 0.100000 
0.900763 130.000000 0.099237 
0.909924 118.000000 0.090076 
0.912214 115.000000 0.087786 
0.925191 98.000000 0.074809 
0.906870 122.000000 0.093130 
0.914504 112.000000 0.085496 
0.913740 113.000000 0.086260 
0.900763 130.000000 0.099237 
0.912977 114.000000 0.087023 
0.916794 109.000000 0.083206 
0.896183 136.000000 0.103817 
0.903053 127.000000 0.096947 
0.893893 139.000000 0.106107 
0.912977 114.000000 0.087023 
0.907634 121.000000 0.092366 
0.914504 112.000000 0.085496 
0.907634 121.000000 0.092366 
0.900000 131.000000 0.100000 
0.903817 126.000000 0.096183 
0.902290 128.000000 0.097710 
0.906870 122.000000 0.093130 
0.905344 124.000000 0.094656 
0.893893 139.000000 0.106107 
0.906870 122.000000 0.093130 
0.902290 128.000000 0.097710 
0.909160 119.000000 0.090840 
0.896183 136.000000 0.103817 
0.907634 121.000000 0.092366 
0.890840 143.000000 0.109160 
0.890076 144.000000 0.109924 
0.900000 131.000000 0.100000 
0.904580 125.000000 0.095420 
0.904580 125.000000 0.095420 
0.899237 132.000000 0.100763 
0.893893 139.000000 0.106107 
0.896947 135.000000 0.103053 
0.911450 116.000000 0.088550 
0.907634 121.000000 0.092366 
0.903053 127.000000 0.096947 
0.902290 128.000000 0.097710 
0.919084 106.000000 0.080916 
0.911450 116.000000 0.088550 
0.892366 141.000000 0.107634 
0.903817 126.000000 0.096183 
0.906107 123.000000 0.093893 
0.909160 119.000000 0.090840 
0.903053 127.000000 0.096947 
0.909924 118.000000 0.090076 
0.903817 126.000000 0.096183 
0.911450 116.000000 0.088550 
0.900763 130.000000 0.099237 
0.909924 118.000000 0.090076 
0.890076 144.000000 0.109924 
0.909924 118.000000 0.090076 
0.905344 124.000000 0.094656 
0.912977 114.000000 0.087023 
0.900763 130.000000 0.099237 
0.901527 129.000000 0.098473 
0.896183 136.000000 0.103817 
0.905344 124.000000 0.094656 
0.909924 118.000000 0.090076 
0.901527 129.000000 0.098473 
0.889313 145.000000 0.110687 
0.890840 143.000000 0.109160 
0.912977 114.000000 0.087023 
0.900000 131.000000 0.100000 
0.897710 134.000000 0.102290 
0.898473 133.000000 0.101527 
0.917557 108.000000 0.082443 
0.906870 122.000000 0.093130 
0.894656 138.000000 0.105344 
0.903817 126.000000 0.096183 
0.901527 129.000000 0.098473 
0.888550 146.000000 0.111450 
0.917557 108.000000 0.082443 
0.909160 119.000000 0.090840 
0.912977 114.000000 0.087023 
0.909924 118.000000 0.090076 
0.906870 122.000000 0.093130 
0.906870 122.000000 0.093130 
0.909160 119.000000 0.090840 
0.903053 127.000000 0.096947 
0.897710 134.000000 0.102290 
0.913740 113.000000 0.086260 
0.898473 133.000000 0.101527 
0.900000 131.000000 0.100000 
0.904580 125.000000 0.095420 
0.899237 132.000000 0.100763 
0.896947 135.000000 0.103053 
0.906870 122.000000 0.093130 
0.910687 117.000000 0.089313 
0.927481 95.000000 0.072519 
0.898473 133.000000 0.101527 
0.901527 129.000000 0.098473 
0.896183 136.000000 0.103817 
0.906870 122.000000 0.093130 
0.910687 117.000000 0.089313 
0.910687 117.000000 0.089313 
0.901527 129.000000 0.098473 
0.915267 111.000000 0.084733 
0.909924 118.000000 0.090076 
0.901527 129.000000 0.098473 
0.912977 114.000000 0.087023 
0.909924 118.000000 0.090076 
0.903053 127.000000 0.096947 
0.901527 129.000000 0.098473 
0.905344 124.000000 0.094656 
0.901527 129.000000 0.098473 
0.903817 126.000000 0.096183 
0.904580 125.000000 0.095420 
0.900763 130.000000 0.099237 
0.895420 137.000000 0.104580 
0.926718 96.000000 0.073282 
0.900763 130.000000 0.099237 
0.905344 124.000000 0.094656 
0.896183 136.000000 0.103817 
0.897710 134.000000 0.102290 
0.912977 114.000000 0.087023 
0.896183 136.000000 0.103817 
0.900000 131.000000 0.100000 
0.896947 135.000000 0.103053 
0.899237 132.000000 0.100763 
0.912977 114.000000 0.087023 
0.904580 125.000000 0.095420 
0.911450 116.000000 0.088550 
0.906107 123.000000 0.093893 
0.906870 122.000000 0.093130 
0.902290 128.000000 0.097710 
0.903817 126.000000 0.096183 
0.912977 114.000000 0.087023 
0.912214 115.000000 0.087786 
0.912214 115.000000 0.087786 
0.903817 126.000000 0.096183 
0.909160 119.000000 0.090840 
0.904580 125.000000 0.095420 
0.909924 118.000000 0.090076 
0.919847 105.000000 0.080153 
0.909160 119.000000 0.090840 
0.903817 126.000000 0.096183 
0.903053 127.000000 0.096947 
0.912977 114.000000 0.087023 
0.903817 126.000000 0.096183 
0.896183 136.000000 0.103817 
0.900000 131.000000 0.100000 
0.907634 121.000000 0.092366 
0.908397 120.000000 0.091603 
0.891603 142.000000 0.108397 
0.899237 132.000000 0.100763 
0.894656 138.000000 0.105344 
0.893130 140.000000 0.106870 
0.909160 119.000000 0.090840 
0.905344 124.000000 0.094656 
0.916031 110.000000 0.083969 
0.910687 117.000000 0.089313 
0.912214 115.000000 0.087786 
0.907634 121.000000 0.092366 
0.906870 122.000000 0.093130 
0.893130 140.000000 0.106870 
0.908397 120.000000 0.091603 
0.906870 122.000000 0.093130 
0.905344 124.000000 0.094656 
0.891603 142.000000 0.108397 
0.916031 110.000000 0.083969 
0.907634 121.000000 0.092366 
0.894656 138.000000 0.105344 
0.904580 125.000000 0.095420 
0.910687 117.000000 0.089313 
0.905344 124.000000 0.094656 
0.906107 123.000000 0.093893 
0.900763 130.000000 0.099237 
0.897710 134.000000 0.102290 
0.911450 116.000000 0.088550 
0.902290 128.000000 0.097710 
0.891603 142.000000 0.108397 
0.919084 106.000000 0.080916 
0.912214 115.000000 0.087786 
0.910687 117.000000 0.089313 
0.887023 148.000000 0.112977 
0.900763 130.000000 0.099237 
0.914504 112.000000 0.085496 
0.916794 109.000000 0.083206 
0.903053 127.000000 0.096947 
0.905344 124.000000 0.094656 
0.900763 130.000000 0.099237 
0.909924 118.000000 0.090076 
0.913740 113.000000 0.086260 
0.900000 131.000000 0.100000 
0.924427 99.000000 0.075573 
0.899237 132.000000 0.100763 
0.909160 119.000000 0.090840 
0.921374 103.000000 0.078626 
0.912977 114.000000 0.087023 
0.903817 126.000000 0.096183 
0.894656 138.000000 0.105344 
0.911450 116.000000 0.088550 
0.903053 127.000000 0.096947 
0.909160 119.000000 0.090840 
0.894656 138.000000 0.105344 
0.906107 123.000000 0.093893 
0.897710 134.000000 0.102290 
0.896947 135.000000 0.103053 
0.896947 135.000000 0.103053 
0.900763 130.000000 0.099237 
0.892366 141.000000 0.107634 
0.905344 124.000000 0.094656 
0.909160 119.000000 0.090840 
0.900763 130.000000 0.099237 
0.896947 135.000000 0.103053 
0.904580 125.000000 0.095420 
0.895420 137.000000 0.104580 
0.890840 143.000000 0.109160 
0.893130 140.000000 0.106870 
0.894656 138.000000 0.105344 
0.903817 126.000000 0.096183 
0.905344 124.000000 0.094656 
0.906107 123.000000 0.093893 
0.906107 123.000000 0.093893 
0.903053 127.000000 0.096947 
0.903817 126.000000 0.096183 
0.895420 137.000000 0.104580 
0.916794 109.000000 0.083206 
0.903817 126.000000 0.096183 
0.882443 154.000000 0.117557 
0.910687 117.000000 0.089313 
0.900763 130.000000 0.099237 
0.887023 148.000000 0.112977 
0.906107 123.000000 0.093893 
0.909924 118.000000 0.090076 
0.919084 106.000000 0.080916 
0.900763 130.000000 0.099237 
0.902290 128.000000 0.097710 
0.906870 122.000000 0.093130 
0.919084 106.000000 0.080916 
0.900000 131.000000 0.100000 
0.909924 118.000000 0.090076 
0.909160 119.000000 0.090840 
0.906107 123.000000 0.093893 
0.909924 118.000000 0.090076 
0.910687 117.000000 0.089313 
0.898473 133.000000 0.101527 
0.901527 129.000000 0.098473 
0.898473 133.000000 0.101527 
0.900763 130.000000 0.099237 
0.896947 135.000000 0.103053 
0.907634 121.000000 0.092366 
0.898473 133.000000 0.101527 
0.894656 138.000000 0.105344 
0.918321 107.000000 0.081679 
0.897710 134.000000 0.102290 
0.905344 124.000000 0.094656 
0.903817 126.000000 0.096183 
0.893893 139.000000 0.106107 
0.897710 134.000000 0.102290 
0.904580 125.000000 0.095420 
0.898473 133.000000 0.101527 
0.908397 120.000000 0.091603 
0.903817 126.000000 0.096183 
0.900000 131.000000 0.100000 
0.896947 135.000000 0.103053 
0.909924 118.000000 0.090076 
0.895420 137.000000 0.104580 
0.911450 116.000000 0.088550 
0.896947 135.000000 0.103053 
0.901527 129.000000 0.098473 
0.900763 130.000000 0.099237 
0.899237 132.000000 0.100763 
0.907634 121.000000 0.092366 
0.905344 124.000000 0.094656 
0.902290 128.000000 0.097710 
0.900000 131.000000 0.100000 
0.903817 126.000000 0.096183 
0.903053 127.000000 0.096947 
0.904580 125.000000 0.095420 
0.900763 130.000000 0.099237 
0.895420 137.000000 0.104580 
0.893893 139.000000 0.106107 
0.903817 126.000000 0.096183 
0.890840 143.000000 0.109160 
0.907634 121.000000 0.092366 
0.893130 140.000000 0.106870 
0.898473 133.000000 0.101527 
0.898473 133.000000 0.101527 
0.907634 121.000000 0.092366 
0.906107 123.000000 0.093893 
0.897710 134.000000 0.102290 
0.908397 120.000000 0.091603 
0.910687 117.000000 0.089313 
0.900763 130.000000 0.099237 
0.906107 123.000000 0.093893 
0.905344 124.000000 0.094656 
0.890076 144.000000 0.109924 
0.908397 120.000000 0.091603 
0.908397 120.000000 0.091603 
0.899237 132.000000 0.100763 
0.900763 130.000000 0.099237 
0.903817 126.000000 0.096183 
0.911450 116.000000 0.088550 
0.908397 120.000000 0.091603 
0.901527 129.000000 0.098473 
0.891603 142.000000 0.108397 
0.896183 136.000000 0.103817 
0.894656 138.000000 0.105344 
0.919084 106.000000 0.080916 
0.900763 130.000000 0.099237 
0.910687 117.000000 0.089313 
0.916794 109.000000 0.083206 
0.914504 112.000000 0.085496 
0.912214 115.000000 0.087786 
0.899237 132.000000 0.100763 
0.902290 128.000000 0.097710 
0.903817 126.000000 0.096183 
0.882443 154.000000 0.117557 
0.902290 128.000000 0.097710 
0.909160 119.000000 0.090840 
0.901527 129.000000 0.098473 
0.910687 117.000000 0.089313 
0.907634 121.000000 0.092366 
0.909924 118.000000 0.090076 
0.910687 117.000000 0.089313 
0.898473 133.000000 0.101527 
0.913740 113.000000 0.086260 
0.916031 110.000000 0.083969 
0.899237 132.000000 0.100763 
0.903817 126.000000 0.096183 
0.896947 135.000000 0.103053 
0.892366 141.000000 0.107634 
0.901527 129.000000 0.098473 
0.898473 133.000000 0.101527 
0.901527 129.000000 0.098473 
0.916031 110.000000 0.083969 
0.897710 134.000000 0.102290 
0.912977 114.000000 0.087023 
0.900000 131.000000 0.100000 
0.901527 129.000000 0.098473 
0.893130 140.000000 0.106870 
0.893893 139.000000 0.106107 
0.898473 133.000000 0.101527 
0.898473 133.000000 0.101527 
0.907634 121.000000 0.092366 
0.901527 129.000000 0.098473 
0.887023 148.000000 0.112977 
0.902290 128.000000 0.097710 
0.906107 123.000000 0.093893 
0.909160 119.000000 0.090840 
0.898473 133.000000 0.101527 
0.900763 130.000000 0.099237 
0.900763 130.000000 0.099237 
0.889313 145.000000 0.110687 
0.895420 137.000000 0.104580 
0.898473 133.000000 0.101527 
0.900763 130.000000 0.099237 
0.909160 119.000000 0.090840 
0.898473 133.000000 0.101527 
0.893893 139.000000 0.106107 
0.909924 118.000000 0.090076 
0.899237 132.000000 0.100763 
0.909160 119.000000 0.090840 
0.906870 122.000000 0.093130 
0.903053 127.000000 0.096947 
0.900000 131.000000 0.100000 
0.916794 109.000000 0.083206 
0.897710 134.000000 0.102290 
0.894656 138.000000 0.105344 
0.900763 130.000000 0.099237 
0.896947 135.000000 0.103053 
0.902290 128.000000 0.097710 
0.909160 119.000000 0.090840 
0.904580 125.000000 0.095420 
0.906107 123.000000 0.093893 
0.915267 111.000000 0.084733 
0.900000 131.000000 0.100000 
0.904580 125.000000 0.095420 
0.898473 133.000000 0.101527 
0.898473 133.000000 0.101527 
0.891603 142.000000 0.108397 
0.901527 129.000000 0.098473 
0.895420 137.000000 0.104580 
0.905344 124.000000 0.094656 
0.892366 141.000000 0.107634 
0.914504 112.000000 0.085496 
0.898473 133.000000 0.101527 
0.909160 119.000000 0.090840 
0.902290 128.000000 0.097710 
0.899237 132.000000 0.100763 
0.904580 125.000000 0.095420 
0.890840 143.000000 0.109160 
0.903053 127.000000 0.096947 
0.890840 143.000000 0.109160 
0.915267 111.000000 0.084733 
0.895420 137.000000 0.104580 
0.895420 137.000000 0.104580 
0.903053 127.000000 0.096947 
0.909924 118.000000 0.090076 
0.904580 125.000000 0.095420 
0.892366 141.000000 0.107634 
0.898473 133.000000 0.101527 
0.897710 134.000000 0.102290 
0.904580 125.000000 0.095420 
0.892366 141.000000 0.107634 
0.906107 123.000000 0.093893 
0.900000 131.000000 0.100000 
0.895420 137.000000 0.104580 
0.907634 121.000000 0.092366 
0.897710 134.000000 0.102290 
0.922137 102.000000 0.077863 
0.888550 146.000000 0.111450 
0.903817 126.000000 0.096183 
0.903817 126.000000 0.096183 
0.893893 139.000000 0.106107 
0.910687 117.000000 0.089313 
0.906107 123.000000 0.093893 
0.906870 122.000000 0.093130 
0.898473 133.000000 0.101527 
0.898473 133.000000 0.101527 
0.919084 106.000000 0.080916 
0.912214 115.000000 0.087786 
0.916031 110.000000 0.083969 
0.900763 130.000000 0.099237 
0.903053 127.000000 0.096947 
0.893893 139.000000 0.106107 
0.900000 131.000000 0.100000 
0.905344 124.000000 0.094656 
0.901527 129.000000 0.098473 
0.910687 117.000000 0.089313 
0.912214 115.000000 0.087786 
0.905344 124.000000 0.094656 
0.912977 114.000000 0.087023 
0.930534 91.000000 0.069466 
0.906870 122.000000 0.093130 
0.891603 142.000000 0.108397 
0.914504 112.000000 0.085496 
0.909924 118.000000 0.090076 
0.906870 122.000000 0.093130 
0.893130 140.000000 0.106870 
0.910687 117.000000 0.089313 
0.912977 114.000000 0.087023 
0.893130 140.000000 0.106870 
0.886260 149.000000 0.113740 
0.887786 147.000000 0.112214 
0.905344 124.000000 0.094656 
0.896947 135.000000 0.103053 
0.903053 127.000000 0.096947 
0.903053 127.000000 0.096947 
0.898473 133.000000 0.101527 
0.898473 133.000000 0.101527 
0.901527 129.000000 0.098473 
0.900763 130.000000 0.099237 
0.897710 134.000000 0.102290 
0.910687 117.000000 0.089313 
0.909924 118.000000 0.090076 
0.903817 126.000000 0.096183 
0.900763 130.000000 0.099237 
0.909924 118.000000 0.090076 
0.899237 132.000000 0.100763 
0.907634 121.000000 0.092366 
0.907634 121.000000 0.092366 
0.902290 128.000000 0.097710 
0.889313 145.000000 0.110687 
0.901527 129.000000 0.098473 
0.909924 118.000000 0.090076 
0.906870 122.000000 0.093130 
0.901527 129.000000 0.098473 
0.908397 120.000000 0.091603 
0.897710 134.000000 0.102290 
0.902290 128.000000 0.097710 
0.911450 116.000000 0.088550 
0.912977 114.000000 0.087023 
0.918321 107.000000 0.081679 
0.905344 124.000000 0.094656 
0.904580 125.000000 0.095420 
0.906870 122.000000 0.093130 
0.914504 112.000000 0.085496 
0.915267 111.000000 0.084733 
0.903817 126.000000 0.096183 
0.901527 129.000000 0.098473 
0.904580 125.000000 0.095420 
0.910687 117.000000 0.089313 
0.907634 121.000000 0.092366 
0.907634 121.000000 0.092366 
0.916031 110.000000 0.083969 
0.903053 127.000000 0.096947 
0.887786 147.000000 0.112214 
0.907634 121.000000 0.092366 
0.901527 129.000000 0.098473 
0.904580 125.000000 0.095420 
0.906107 123.000000 0.093893 
0.901527 129.000000 0.098473 
0.909924 118.000000 0.090076 
0.904580 125.000000 0.095420 
0.895420 137.000000 0.104580 
0.894656 138.000000 0.105344 
0.906107 123.000000 0.093893 
0.890076 144.000000 0.109924 
0.895420 137.000000 0.104580 
0.907634 121.000000 0.092366 
0.907634 121.000000 0.092366 
0.911450 116.000000 0.088550 
0.902290 128.000000 0.097710 
0.901527 129.000000 0.098473 
0.899237 132.000000 0.100763 
0.906870 122.000000 0.093130 
0.906870 122.000000 0.093130 
0.906870 122.000000 0.093130 
0.903817 126.000000 0.096183 
0.913740 113.000000 0.086260 
0.905344 124.000000 0.094656 
0.908397 120.000000 0.091603 
0.903817 126.000000 0.096183 
0.893893 139.000000 0.106107 
0.905344 124.000000 0.094656 
0.900763 130.000000 0.099237 
0.907634 121.000000 0.092366 
0.907634 121.000000 0.092366 
0.894656 138.000000 0.105344 
0.903053 127.000000 0.096947 
0.885496 150.000000 0.114504 
0.896183 136.000000 0.103817 
0.904580 125.000000 0.095420 
0.907634 121.000000 0.092366 
0.908397 120.000000 0.091603 
0.900763 130.000000 0.099237 
0.901527 129.000000 0.098473 
0.898473 133.000000 0.101527 
0.909924 118.000000 0.090076 
0.926718 96.000000 0.073282 
0.905344 124.000000 0.094656 
0.899237 132.000000 0.100763 
0.897710 134.000000 0.102290 
0.893893 139.000000 0.106107 
0.910687 117.000000 0.089313 
0.900763 130.000000 0.099237 
0.913740 113.000000 0.086260 
0.906870 122.000000 0.093130 
0.920611 104.000000 0.079389 
0.909924 118.000000 0.090076 
0.898473 133.000000 0.101527 
0.910687 117.000000 0.089313 
0.905344 124.000000 0.094656 
0.903817 126.000000 0.096183 
0.910687 117.000000 0.089313 
0.895420 137.000000 0.104580 
0.901527 129.000000 0.098473 
0.915267 111.000000 0.084733 
0.911450 116.000000 0.088550 
0.881679 155.000000 0.118321 
0.918321 107.000000 0.081679 
0.910687 117.000000 0.089313 
0.905344 124.000000 0.094656 
0.907634 121.000000 0.092366 
0.906107 123.000000 0.093893 
0.906107 123.000000 0.093893 
0.901527 129.000000 0.098473 
0.901527 129.000000 0.098473 
0.900763 130.000000 0.099237 
0.899237 132.000000 0.100763 
0.901527 129.000000 0.098473 
0.901527 129.000000 0.098473 
0.927481 95.000000 0.072519 
0.906107 123.000000 0.093893 
0.906107 123.000000 0.093893 
0.912977 114.000000 0.087023 
0.917557 108.000000 0.082443 
0.896947 135.000000 0.103053 
0.899237 132.000000 0.100763 
0.919084 106.000000 0.080916 
0.894656 138.000000 0.105344 
0.910687 117.000000 0.089313 
0.898473 133.000000 0.101527 
0.905344 124.000000 0.094656 
0.919847 105.000000 0.080153 
0.897710 134.000000 0.102290 
0.910687 117.000000 0.089313 
0.909924 118.000000 0.090076 
0.916794 109.000000 0.083206 
0.911450 116.000000 0.088550 
0.901527 129.000000 0.098473 
0.891603 142.000000 0.108397 
0.906107 123.000000 0.093893 
0.897710 134.000000 0.102290 
0.912977 114.000000 0.087023 
0.909160 119.000000 0.090840 
0.891603 142.000000 0.108397 
0.907634 121.000000 0.092366 
0.912214 115.000000 0.087786 
0.903053 127.000000 0.096947 
0.903053 127.000000 0.096947 
0.909924 118.000000 0.090076 
0.904580 125.000000 0.095420 
0.911450 116.000000 0.088550 
0.893893 139.000000 0.106107 
0.896947 135.000000 0.103053 
0.906870 122.000000 0.093130 
0.903817 126.000000 0.096183 
0.897710 134.000000 0.102290 
0.905344 124.000000 0.094656 
0.912977 114.000000 0.087023 
0.897710 134.000000 0.102290 
0.909924 118.000000 0.090076 
0.905344 124.000000 0.094656 
0.910687 117.000000 0.089313 
0.903817 126.000000 0.096183 
0.904580 125.000000 0.095420 
0.897710 134.000000 0.102290 
0.912977 114.000000 0.087023 
0.900763 130.000000 0.099237 
0.898473 133.000000 0.101527 
0.908397 120.000000 0.091603 
0.906870 122.000000 0.093130 
0.912214 115.000000 0.087786 
0.916031 110.000000 0.083969 
0.916794 109.000000 0.083206 
0.896947 135.000000 0.103053 
0.905344 124.000000 0.094656 
0.906870 122.000000 0.093130 
0.895420 137.000000 0.104580 
0.894656 138.000000 0.105344 
0.901527 129.000000 0.098473 
0.913740 113.000000 0.086260 
0.898473 133.000000 0.101527 
0.905344 124.000000 0.094656 
0.909160 119.000000 0.090840 
0.914504 112.000000 0.085496 
0.904580 125.000000 0.095420 
0.902290 128.000000 0.097710 
0.896183 136.000000 0.103817 
0.890076 144.000000 0.109924 
0.896947 135.000000 0.103053 
0.903053 127.000000 0.096947 
0.901527 129.000000 0.098473 
0.904580 125.000000 0.095420 
0.899237 132.000000 0.100763 
0.899237 132.000000 0.100763 
0.900000 131.000000 0.100000 
0.898473 133.000000 0.101527 
0.896183 136.000000 0.103817 
0.900000 131.000000 0.100000 
0.899237 132.000000 0.100763 
0.895420 137.000000 0.104580 
0.900763 130.000000 0.099237 
0.901527 129.000000 0.098473 
0.902290 128.000000 0.097710 
0.887023 148.000000 0.112977 
0.923664 100.000000 0.076336 
0.916031 110.000000 0.083969 
0.905344 124.000000 0.094656 
0.904580 125.000000 0.095420 
0.900763 130.000000 0.099237 
0.915267 111.000000 0.084733 
0.902290 128.000000 0.097710 
0.903817 126.000000 0.096183 
0.902290 128.000000 0.097710 
0.904580 125.000000 0.095420 
0.899237 132.000000 0.100763 
0.902290 128.000000 0.097710 
0.906870 122.000000 0.093130 
0.906107 123.000000 0.093893 
0.891603 142.000000 0.108397 
0.906870 122.000000 0.093130 
0.906107 123.000000 0.093893 
0.909160 119.000000 0.090840 
0.920611 104.000000 0.079389 
0.903817 126.000000 0.096183 
0.907634 121.000000 0.092366 
0.912214 115.000000 0.087786 
0.903817 126.000000 0.096183 
0.906870 122.000000 0.093130 
0.906107 123.000000 0.093893 
0.910687 117.000000 0.089313 
0.909160 119.000000 0.090840 
0.909160 119.000000 0.090840 
0.893893 139.000000 0.106107 
0.900000 131.000000 0.100000 
0.909924 118.000000 0.090076 
0.897710 134.000000 0.102290 
0.896947 135.000000 0.103053 
0.899237 132.000000 0.100763 
0.910687 117.000000 0.089313 
0.900763 130.000000 0.099237 
0.910687 117.000000 0.089313 
0.908397 120.000000 0.091603 
0.904580 125.000000 0.095420 
0.903053 127.000000 0.096947 
0.893893 139.000000 0.106107 
0.912977 114.000000 0.087023 
0.903053 127.000000 0.096947 
0.903053 127.000000 0.096947 
0.909924 118.000000 0.090076 
0.893893 139.000000 0.106107 
0.895420 137.000000 0.104580 
0.899237 132.000000 0.100763 
0.909924 118.000000 0.090076 
0.920611 104.000000 0.079389 
0.895420 137.000000 0.104580 
0.901527 129.000000 0.098473 
0.898473 133.000000 0.101527 
0.892366 141.000000 0.107634 
0.899237 132.000000 0.100763 
0.909924 118.000000 0.090076 
0.914504 112.000000 0.085496 
0.909160 119.000000 0.090840 
0.899237 132.000000 0.100763 
0.900000 131.000000 0.100000 
0.892366 141.000000 0.107634 
0.900763 130.000000 0.099237 
0.901527 129.000000 0.098473 
0.898473 133.000000 0.101527 
0.901527 129.000000 0.098473 
0.917557 108.000000 0.082443 
0.902290 128.000000 0.097710 
0.916794 109.000000 0.083206 
0.916794 109.000000 0.083206 
0.901527 129.000000 0.098473 
0.890840 143.000000 0.109160 
0.900000 131.000000 0.100000 
0.900000 131.000000 0.100000 
0.897710 134.000000 0.102290 
0.892366 141.000000 0.107634 
0.911450 116.000000 0.088550 
0.897710 134.000000 0.102290 
0.897710 134.000000 0.102290 
0.893893 139.000000 0.106107 
0.896947 135.000000 0.103053 
0.909160 119.000000 0.090840 
0.903053 127.000000 0.096947 
0.898473 133.000000 0.101527 
0.912977 114.000000 0.087023 
0.901527 129.000000 0.098473 
0.896183 136.000000 0.103817 
0.903817 126.000000 0.096183 
0.919847 105.000000 0.080153 
0.907634 121.000000 0.092366 
0.912977 114.000000 0.087023 
0.909924 118.000000 0.090076 
0.890840 143.000000 0.109160 
0.908397 120.000000 0.091603 
0.908397 120.000000 0.091603 
0.897710 134.000000 0.102290 
0.914504 112.000000 0.085496 
0.911450 116.000000 0.088550 
0.898473 133.000000 0.101527 
0.907634 121.000000 0.092366 
0.914504 112.000000 0.085496 
0.906870 122.000000 0.093130 
0.917557 108.000000 0.082443 
0.896947 135.000000 0.103053 
0.904580 125.000000 0.095420 
0.896183 136.000000 0.103817 
0.909924 118.000000 0.090076 
0.916794 109.000000 0.083206 
0.906870 122.000000 0.093130 
0.895420 137.000000 0.104580 
0.906870 122.000000 0.093130 
0.896947 135.000000 0.103053 
0.891603 142.000000 0.108397 
0.907634 121.000000 0.092366 
0.906107 123.000000 0.093893 
0.899237 132.000000 0.100763 
0.912977 114.000000 0.087023 
0.896947 135.000000 0.103053 
0.902290 128.000000 0.097710 
0.910687 117.000000 0.089313 
0.909160 119.000000 0.090840 
0.919847 105.000000 0.080153 
0.916031 110.000000 0.083969 
0.906107 123.000000 0.093893 
0.909160 119.000000 0.090840 
0.907634 121.000000 0.092366 
0.901527 129.000000 0.098473 
0.896183 136.000000 0.103817 
0.909924 118.000000 0.090076 
0.901527 129.000000 0.098473 
0.903053 127.000000 0.096947 
0.895420 137.000000 0.104580 
0.890840 143.000000 0.109160 
0.912214 115.000000 0.087786 
0.896947 135.000000 0.103053 
0.900763 130.000000 0.099237 
0.916031 110.000000 0.083969 
0.899237 132.000000 0.100763 
0.902290 128.000000 0.097710 
0.908397 120.000000 0.091603 
0.909160 119.000000 0.090840 
0.895420 137.000000 0.104580 
0.906870 122.000000 0.093130 
0.895420 137.000000 0.104580 
0.907634 121.000000 0.092366 
0.894656 138.000000 0.105344 
0.908397 120.000000 0.091603 
0.893130 140.000000 0.106870 
0.899237 132.000000 0.100763 
0.895420 137.000000 0.104580 
0.906107 123.000000 0.093893 
0.906107 123.000000 0.093893 
0.901527 129.000000 0.098473 
0.915267 111.000000 0.084733 
0.897710 134.000000 0.102290 
0.912214 115.000000 0.087786 
0.904580 125.000000 0.095420 
0.916794 109.000000 0.083206 
0.899237 132.000000 0.100763 
0.897710 134.000000 0.102290 
0.915267 111.000000 0.084733 
0.902290 128.000000 0.097710 
0.908397 120.000000 0.091603 
0.904580 125.000000 0.095420 
0.905344 124.000000 0.094656 
0.913740 113.000000 0.086260 
0.898473 133.000000 0.101527 
0.899237 132.000000 0.100763 
0.910687 117.000000 0.089313 
0.890076 144.000000 0.109924 
0.903053 127.000000 0.096947 
0.906870 122.000000 0.093130 
0.909924 118.000000 0.090076 
0.902290 128.000000 0.097710 
0.902290 128.000000 0.097710 
0.902290 128.000000 0.097710 
0.912214 115.000000 0.087786 
0.906107 123.000000 0.093893 
0.905344 124.000000 0.094656 
0.902290 128.000000 0.097710 
0.900763 130.000000 0.099237 
0.903053 127.000000 0.096947 
0.896183 136.000000 0.103817 
0.907634 121.000000 0.092366 
0.900000 131.000000 0.100000 
0.897710 134.000000 0.102290 
0.912977 114.000000 0.087023 
0.912977 114.000000 0.087023 
0.913740 113.000000 0.086260 
0.902290 128.000000 0.097710 
0.888550 146.000000 0.111450 
0.905344 124.000000 0.094656 
0.901527 129.000000 0.098473 
0.895420 137.000000 0.104580 
0.893893 139.000000 0.106107 
0.902290 128.000000 0.097710 
0.888550 146.000000 0.111450 
0.893130 140.000000 0.106870 
0.890076 144.000000 0.109924 
0.902290 128.000000 0.097710 
0.898473 133.000000 0.101527 
0.906107 123.000000 0.093893 
0.894656 138.000000 0.105344 
0.906870 122.000000 0.093130 
0.895420 137.000000 0.104580 
0.911450 116.000000 0.088550 
0.909160 119.000000 0.090840 
0.896947 135.000000 0.103053 
0.891603 142.000000 0.108397 
0.896183 136.000000 0.103817 
0.908397 120.000000 0.091603 
0.904580 125.000000 0.095420 
0.897710 134.000000 0.102290 
0.885496 150.000000 0.114504 
0.890840 143.000000 0.109160 
0.894656 138.000000 0.105344 
0.894656 138.000000 0.105344 
0.904580 125.000000 0.095420 
0.896947 135.000000 0.103053 
0.911450 116.000000 0.088550 
0.906870 122.000000 0.093130 
0.895420 137.000000 0.104580 
0.898473 133.000000 0.101527 
0.900000 131.000000 0.100000 
0.910687 117.000000 0.089313 
0.909160 119.000000 0.090840 
0.898473 133.000000 0.101527 
0.896947 135.000000 0.103053 
0.905344 124.000000 0.094656 
0.909160 119.000000 0.090840 
0.892366 141.000000 0.107634 
0.921374 103.000000 0.078626 
0.906107 123.000000 0.093893 
0.918321 107.000000 0.081679 
0.912977 114.000000 0.087023 
0.898473 133.000000 0.101527 
0.909924 118.000000 0.090076 
0.902290 128.000000 0.097710 
0.900763 130.000000 0.099237 
0.903053 127.000000 0.096947 
0.898473 133.000000 0.101527 
0.912214 115.000000 0.087786 
0.892366 141.000000 0.107634 
0.901527 129.000000 0.098473 
0.912977 114.000000 0.087023 
0.911450 116.000000 0.088550 
0.919084 106.000000 0.080916 
0.909924 118.000000 0.090076 
0.897710 134.000000 0.102290 
0.912214 115.000000 0.087786 
0.903817 126.000000 0.096183 
0.887023 148.000000 0.112977 
0.903053 127.000000 0.096947 
0.903817 126.000000 0.096183 
0.903053 127.000000 0.096947 
0.895420 137.000000 0.104580 
0.903053 127.000000 0.096947 
0.909160 119.000000 0.090840 
0.909160 119.000000 0.090840 
0.900763 130.000000 0.099237 
0.900763 130.000000 0.099237 
0.903053 127.000000 0.096947 
0.903053 127.000000 0.096947 
0.893130 140.000000 0.106870 
0.904580 125.000000 0.095420 
0.909160 119.000000 0.090840 
0.900000 131.000000 0.100000 
0.918321 107.000000 0.081679 
0.909924 118.000000 0.090076 
0.901527 129.000000 0.098473 
0.903053 127.000000 0.096947 
0.902290 128.000000 0.097710 
0.909924 118.000000 0.090076 
0.908397 120.000000 0.091603 
0.896183 136.000000 0.103817 
0.894656 138.000000 0.105344 
0.908397 120.000000 0.091603 
0.903053 127.000000 0.096947 
0.903817 126.000000 0.096183 
0.900763 130.000000 0.099237 
0.901527 129.000000 0.098473 
0.906870 122.000000 0.093130 
0.899237 132.000000 0.100763 
0.896947 135.000000 0.103053 
0.906107 123.000000 0.093893 
0.891603 142.000000 0.108397 
0.908397 120.000000 0.091603 
0.903053 127.000000 0.096947 
0.903053 127.000000 0.096947 
0.897710 134.000000 0.102290 
0.909160 119.000000 0.090840 
0.899237 132.000000 0.100763 
0.904580 125.000000 0.095420 
0.901527 129.000000 0.098473 
0.907634 121.000000 0.092366 
0.910687 117.000000 0.089313 
0.906870 122.000000 0.093130 
0.899237 132.000000 0.100763 
0.912214 115.000000 0.087786 
0.901527 129.000000 0.098473 
0.906107 123.000000 0.093893 
0.909160 119.000000 0.090840 
0.903053 127.000000 0.096947 
0.915267 111.000000 0.084733 
0.892366 141.000000 0.107634 
0.911450 116.000000 0.088550 
0.888550 146.000000 0.111450 
0.901527 129.000000 0.098473 
0.918321 107.000000 0.081679 
0.916794 109.000000 0.083206 
0.918321 107.000000 0.081679 
0.899237 132.000000 0.100763 
0.904580 125.000000 0.095420 
0.900763 130.000000 0.099237 
0.907634 121.000000 0.092366 
0.900763 130.000000 0.099237 
0.896183 136.000000 0.103817 
0.897710 134.000000 0.102290 
0.902290 128.000000 0.097710 
0.892366 141.000000 0.107634 
0.912977 114.000000 0.087023 
0.916031 110.000000 0.083969 
0.915267 111.000000 0.084733 
0.898473 133.000000 0.101527 
0.904580 125.000000 0.095420 
0.918321 107.000000 0.081679 
0.892366 141.000000 0.107634 
0.904580 125.000000 0.095420 
0.907634 121.000000 0.092366 
0.902290 128.000000 0.097710 
0.916794 109.000000 0.083206 
0.894656 138.000000 0.105344 
0.909924 118.000000 0.090076 
0.913740 113.000000 0.086260 
0.896947 135.000000 0.103053 
0.900000 131.000000 0.100000 
0.906870 122.000000 0.093130 
0.904580 125.000000 0.095420 
0.903817 126.000000 0.096183 
0.905344 124.000000 0.094656 
0.905344 124.000000 0.094656 
0.896947 135.000000 0.103053 
0.906870 122.000000 0.093130 
0.896183 136.000000 0.103817 
0.912214 115.000000 0.087786 
0.903817 126.000000 0.096183 
0.903053 127.000000 0.096947 
0.901527 129.000000 0.098473 
0.913740 113.000000 0.086260 
0.898473 133.000000 0.101527 
0.893893 139.000000 0.106107 
0.903053 127.000000 0.096947 
0.890840 143.000000 0.109160 
0.896947 135.000000 0.103053 
0.919847 105.000000 0.080153 
0.906107 123.000000 0.093893 
0.903817 126.000000 0.096183 
0.907634 121.000000 0.092366 
0.896183 136.000000 0.103817 
0.900000 131.000000 0.100000 
0.909924 118.000000 0.090076 
0.896947 135.000000 0.103053 
0.910687 117.000000 0.089313 
0.901527 129.000000 0.098473 
0.912214 115.000000 0.087786 
0.910687 117.000000 0.089313 
0.903817 126.000000 0.096183 
0.906107 123.000000 0.093893 
0.910687 117.000000 0.089313 
0.901527 129.000000 0.098473 
0.891603 142.000000 0.108397 
0.900763 130.000000 0.099237 
0.922901 101.000000 0.077099 
0.915267 111.000000 0.084733 
0.912214 115.000000 0.087786 
0.893130 140.000000 0.106870 
0.904580 125.000000 0.095420 
0.904580 125.000000 0.095420 
0.896947 135.000000 0.103053 
0.899237 132.000000 0.100763 
0.903053 127.000000 0.096947 
0.901527 129.000000 0.098473 
0.900763 130.000000 0.099237 
0.906107 123.000000 0.093893 
0.902290 128.000000 0.097710 
0.910687 117.000000 0.089313 
0.898473 133.000000 0.101527 
0.903817 126.000000 0.096183 
0.903817 126.000000 0.096183 
0.914504 112.000000 0.085496 
0.907634 121.000000 0.092366 
0.895420 137.000000 0.104580 
0.903817 126.000000 0.096183 
0.908397 120.000000 0.091603 
0.896183 136.000000 0.103817 
0.897710 134.000000 0.102290 
0.905344 124.000000 0.094656 
0.893130 140.000000 0.106870 
0.907634 121.000000 0.092366 
0.915267 111.000000 0.084733 
0.895420 137.000000 0.104580 
0.897710 134.000000 0.102290 
0.907634 121.000000 0.092366 
0.909924 118.000000 0.090076 
0.904580 125.000000 0.095420 
0.890840 143.000000 0.109160 
0.911450 116.000000 0.088550 
0.893130 140.000000 0.106870 
0.914504 112.000000 0.085496 
0.896947 135.000000 0.103053 
0.913740 113.000000 0.086260 
0.901527 129.000000 0.098473 
0.898473 133.000000 0.101527 
0.895420 137.000000 0.104580 
0.912214 115.000000 0.087786 
0.908397 120.000000 0.091603 
0.904580 125.000000 0.095420 
0.902290 128.000000 0.097710 
0.910687 117.000000 0.089313 
0.905344 124.000000 0.094656 
0.897710 134.000000 0.102290 
0.907634 121.000000 0.092366 
0.901527 129.000000 0.098473 
0.909924 118.000000 0.090076 
