0.875573 163.000000 0.124427 
0.863359 179.000000 0.136641 
0.866412 175.000000 0.133588 
0.875573 163.000000 0.124427 
0.873282 166.000000 0.126718 
0.883206 153.000000 0.116794 
0.883969 152.000000 0.116031 
0.866412 175.000000 0.133588 
0.879389 158.000000 0.120611 
0.875573 163.000000 0.124427 
0.874046 165.000000 0.125954 
0.866412 175.000000 0.133588 
0.880916 156.000000 0.119084 
0.873282 166.000000 0.126718 
0.872519 167.000000 0.127481 
0.879389 158.000000 0.120611 
0.875573 163.000000 0.124427 
0.871756 168.000000 0.128244 
0.883969 152.000000 0.116031 
0.875573 163.000000 0.124427 
0.869466 171.000000 0.130534 
0.868702 172.000000 0.131298 
0.869466 171.000000 0.130534 
0.887786 147.000000 0.112214 
0.872519 167.000000 0.127481 
0.869466 171.000000 0.130534 
0.882443 154.000000 0.117557 
0.864122 178.000000 0.135878 
0.870992 169.000000 0.129008 
0.862595 180.000000 0.137405 
0.877863 160.000000 0.122137 
0.867939 173.000000 0.132061 
0.884733 151.000000 0.115267 
0.861069 182.000000 0.138931 
0.874809 164.000000 0.125191 
0.870229 170.000000 0.129771 
0.877099 161.000000 0.122901 
0.862595 180.000000 0.137405 
0.880916 156.000000 0.119084 
0.880153 157.000000 0.119847 
0.877099 161.000000 0.122901 
0.880916 156.000000 0.119084 
0.884733 151.000000 0.115267 
0.874809 164.000000 0.125191 
0.883969 152.000000 0.116031 
0.858779 185.000000 0.141221 
0.873282 166.000000 0.126718 
0.879389 158.000000 0.120611 
0.877099 161.000000 0.122901 
0.879389 158.000000 0.120611 
0.871756 168.000000 0.128244 
0.878626 159.000000 0.121374 
0.873282 166.000000 0.126718 
0.881679 155.000000 0.118321 
0.878626 159.000000 0.121374 
0.871756 168.000000 0.128244 
0.877863 160.000000 0.122137 
0.880916 156.000000 0.119084 
0.879389 158.000000 0.120611 
0.874809 164.000000 0.125191 
0.873282 166.000000 0.126718 
0.869466 171.000000 0.130534 
0.870992 169.000000 0.129008 
0.874046 165.000000 0.125954 
0.874809 164.000000 0.125191 
0.875573 163.000000 0.124427 
0.876336 162.000000 0.123664 
0.884733 151.000000 0.115267 
0.887023 148.000000 0.112977 
0.879389 158.000000 0.120611 
0.868702 172.000000 0.131298 
0.868702 172.000000 0.131298 
0.877099 161.000000 0.122901 
0.876336 162.000000 0.123664 
0.877863 160.000000 0.122137 
0.880916 156.000000 0.119084 
0.865649 176.000000 0.134351 
0.870992 169.000000 0.129008 
0.879389 158.000000 0.120611 
0.877099 161.000000 0.122901 
0.870992 169.000000 0.129008 
0.874809 164.000000 0.125191 
0.878626 159.000000 0.121374 
0.871756 168.000000 0.128244 
0.872519 167.000000 0.127481 
0.877863 160.000000 0.122137 
0.874809 164.000000 0.125191 
0.865649 176.000000 0.134351 
0.883206 153.000000 0.116794 
0.874809 164.000000 0.125191 
0.871756 168.000000 0.128244 
0.877099 161.000000 0.122901 
0.870229 170.000000 0.129771 
0.872519 167.000000 0.127481 
0.872519 167.000000 0.127481 
0.861832 181.000000 0.138168 
0.877099 161.000000 0.122901 
0.879389 158.000000 0.120611 
0.862595 180.000000 0.137405 
0.880916 156.000000 0.119084 
0.870229 170.000000 0.129771 
0.873282 166.000000 0.126718 
0.882443 154.000000 0.117557 
0.869466 171.000000 0.130534 
0.883206 153.000000 0.116794 
0.877863 160.000000 0.122137 
0.875573 163.000000 0.124427 
0.872519 167.000000 0.127481 
0.872519 167.000000 0.127481 
0.878626 159.000000 0.121374 
0.874046 165.000000 0.125954 
0.867939 173.000000 0.132061 
0.867176 174.000000 0.132824 
0.872519 167.000000 0.127481 
0.870992 169.000000 0.129008 
0.875573 163.000000 0.124427 
0.877099 161.000000 0.122901 
0.871756 168.000000 0.128244 
0.874809 164.000000 0.125191 
0.875573 163.000000 0.124427 
0.870229 170.000000 0.129771 
0.886260 149.000000 0.113740 
0.877099 161.000000 0.122901 
0.880153 157.000000 0.119847 
0.877099 161.000000 0.122901 
0.858779 185.000000 0.141221 
0.879389 158.000000 0.120611 
0.872519 167.000000 0.127481 
0.869466 171.000000 0.130534 
0.883206 153.000000 0.116794 
0.866412 175.000000 0.133588 
0.891603 142.000000 0.108397 
0.882443 154.000000 0.117557 
0.876336 162.000000 0.123664 
0.880916 156.000000 0.119084 
0.884733 151.000000 0.115267 
0.875573 163.000000 0.124427 
0.861832 181.000000 0.138168 
0.877863 160.000000 0.122137 
0.873282 166.000000 0.126718 
0.877863 160.000000 0.122137 
0.874046 165.000000 0.125954 
0.883206 153.000000 0.116794 
0.891603 142.000000 0.108397 
0.879389 158.000000 0.120611 
0.877863 160.000000 0.122137 
0.876336 162.000000 0.123664 
0.880916 156.000000 0.119084 
0.877099 161.000000 0.122901 
0.873282 166.000000 0.126718 
0.870992 169.000000 0.129008 
0.876336 162.000000 0.123664 
0.871756 168.000000 0.128244 
0.869466 171.000000 0.130534 
0.880153 157.000000 0.119847 
0.871756 168.000000 0.128244 
0.870992 169.000000 0.129008 
0.875573 163.000000 0.124427 
0.880153 157.000000 0.119847 
0.885496 150.000000 0.114504 
0.864885 177.000000 0.135115 
0.869466 171.000000 0.130534 
0.881679 155.000000 0.118321 
0.864885 177.000000 0.135115 
0.865649 176.000000 0.134351 
0.874046 165.000000 0.125954 
0.874809 164.000000 0.125191 
0.875573 163.000000 0.124427 
0.878626 159.000000 0.121374 
0.862595 180.000000 0.137405 
0.883206 153.000000 0.116794 
0.882443 154.000000 0.117557 
0.872519 167.000000 0.127481 
0.877099 161.000000 0.122901 
0.877863 160.000000 0.122137 
0.870992 169.000000 0.129008 
0.891603 142.000000 0.108397 
0.869466 171.000000 0.130534 
0.880153 157.000000 0.119847 
0.892366 141.000000 0.107634 
0.875573 163.000000 0.124427 
0.873282 166.000000 0.126718 
0.881679 155.000000 0.118321 
0.870992 169.000000 0.129008 
0.879389 158.000000 0.120611 
0.866412 175.000000 0.133588 
0.878626 159.000000 0.121374 
0.885496 150.000000 0.114504 
0.885496 150.000000 0.114504 
0.870229 170.000000 0.129771 
0.871756 168.000000 0.128244 
0.875573 163.000000 0.124427 
0.880153 157.000000 0.119847 
0.866412 175.000000 0.133588 
0.891603 142.000000 0.108397 
0.864122 178.000000 0.135878 
0.874046 165.000000 0.125954 
0.882443 154.000000 0.117557 
0.878626 159.000000 0.121374 
0.881679 155.000000 0.118321 
0.887023 148.000000 0.112977 
0.870229 170.000000 0.129771 
0.878626 159.000000 0.121374 
0.875573 163.000000 0.124427 
0.864122 178.000000 0.135878 
0.878626 159.000000 0.121374 
0.870229 170.000000 0.129771 
0.878626 159.000000 0.121374 
0.880153 157.000000 0.119847 
0.879389 158.000000 0.120611 
0.879389 158.000000 0.120611 
0.869466 171.000000 0.130534 
0.873282 166.000000 0.126718 
0.883969 152.000000 0.116031 
0.857252 187.000000 0.142748 
0.889313 145.000000 0.110687 
0.882443 154.000000 0.117557 
0.881679 155.000000 0.118321 
0.875573 163.000000 0.124427 
0.868702 172.000000 0.131298 
0.888550 146.000000 0.111450 
0.882443 154.000000 0.117557 
0.880153 157.000000 0.119847 
0.870992 169.000000 0.129008 
0.881679 155.000000 0.118321 
0.888550 146.000000 0.111450 
0.884733 151.000000 0.115267 
0.868702 172.000000 0.131298 
0.882443 154.000000 0.117557 
0.864885 177.000000 0.135115 
0.884733 151.000000 0.115267 
0.887786 147.000000 0.112214 
0.881679 155.000000 0.118321 
0.876336 162.000000 0.123664 
0.882443 154.000000 0.117557 
0.879389 158.000000 0.120611 
0.872519 167.000000 0.127481 
0.877863 160.000000 0.122137 
0.873282 166.000000 0.126718 
0.867939 173.000000 0.132061 
0.869466 171.000000 0.130534 
0.877099 161.000000 0.122901 
0.884733 151.000000 0.115267 
0.881679 155.000000 0.118321 
0.867939 173.000000 0.132061 
0.881679 155.000000 0.118321 
0.880916 156.000000 0.119084 
0.866412 175.000000 0.133588 
0.864885 177.000000 0.135115 
0.872519 167.000000 0.127481 
0.882443 154.000000 0.117557 
0.872519 167.000000 0.127481 
0.881679 155.000000 0.118321 
0.862595 180.000000 0.137405 
0.878626 159.000000 0.121374 
0.879389 158.000000 0.120611 
0.880153 157.000000 0.119847 
0.879389 158.000000 0.120611 
0.870992 169.000000 0.129008 
0.881679 155.000000 0.118321 
0.873282 166.000000 0.126718 
0.875573 163.000000 0.124427 
0.885496 150.000000 0.114504 
0.875573 163.000000 0.124427 
0.859542 184.000000 0.140458 
0.877099 161.000000 0.122901 
0.870992 169.000000 0.129008 
0.879389 158.000000 0.120611 
0.876336 162.000000 0.123664 
0.872519 167.000000 0.127481 
0.866412 175.000000 0.133588 
0.876336 162.000000 0.123664 
0.875573 163.000000 0.124427 
0.886260 149.000000 0.113740 
0.866412 175.000000 0.133588 
0.881679 155.000000 0.118321 
0.880153 157.000000 0.119847 
0.881679 155.000000 0.118321 
0.872519 167.000000 0.127481 
0.872519 167.000000 0.127481 
0.876336 162.000000 0.123664 
0.873282 166.000000 0.126718 
0.870229 170.000000 0.129771 
0.867939 173.000000 0.132061 
0.870229 170.000000 0.129771 
0.873282 166.000000 0.126718 
0.865649 176.000000 0.134351 
0.867939 173.000000 0.132061 
0.873282 166.000000 0.126718 
0.873282 166.000000 0.126718 
0.876336 162.000000 0.123664 
0.867176 174.000000 0.132824 
0.873282 166.000000 0.126718 
0.874046 165.000000 0.125954 
0.873282 166.000000 0.126718 
0.875573 163.000000 0.124427 
0.874046 165.000000 0.125954 
0.872519 167.000000 0.127481 
0.889313 145.000000 0.110687 
0.875573 163.000000 0.124427 
0.879389 158.000000 0.120611 
0.885496 150.000000 0.114504 
0.872519 167.000000 0.127481 
0.873282 166.000000 0.126718 
0.879389 158.000000 0.120611 
0.867939 173.000000 0.132061 
0.872519 167.000000 0.127481 
0.873282 166.000000 0.126718 
0.875573 163.000000 0.124427 
0.879389 158.000000 0.120611 
0.877099 161.000000 0.122901 
0.871756 168.000000 0.128244 
0.874046 165.000000 0.125954 
0.880916 156.000000 0.119084 
0.880153 157.000000 0.119847 
0.880153 157.000000 0.119847 
0.879389 158.000000 0.120611 
0.871756 168.000000 0.128244 
0.875573 163.000000 0.124427 
0.883969 152.000000 0.116031 
0.878626 159.000000 0.121374 
0.861832 181.000000 0.138168 
0.877099 161.000000 0.122901 
0.880916 156.000000 0.119084 
0.866412 175.000000 0.133588 
0.882443 154.000000 0.117557 
0.877099 161.000000 0.122901 
0.866412 175.000000 0.133588 
0.875573 163.000000 0.124427 
0.881679 155.000000 0.118321 
0.868702 172.000000 0.131298 
0.872519 167.000000 0.127481 
0.875573 163.000000 0.124427 
0.877099 161.000000 0.122901 
0.885496 150.000000 0.114504 
0.883206 153.000000 0.116794 
0.873282 166.000000 0.126718 
0.869466 171.000000 0.130534 
0.888550 146.000000 0.111450 
0.879389 158.000000 0.120611 
0.870229 170.000000 0.129771 
0.877863 160.000000 0.122137 
0.874809 164.000000 0.125191 
0.882443 154.000000 0.117557 
0.862595 180.000000 0.137405 
0.872519 167.000000 0.127481 
0.874809 164.000000 0.125191 
0.881679 155.000000 0.118321 
0.879389 158.000000 0.120611 
0.877863 160.000000 0.122137 
0.877863 160.000000 0.122137 
0.884733 151.000000 0.115267 
0.880153 157.000000 0.119847 
0.881679 155.000000 0.118321 
0.879389 158.000000 0.120611 
0.868702 172.000000 0.131298 
0.871756 168.000000 0.128244 
0.868702 172.000000 0.131298 
0.882443 154.000000 0.117557 
0.876336 162.000000 0.123664 
0.874809 164.000000 0.125191 
0.864122 178.000000 0.135878 
0.854962 190.000000 0.145038 
0.877863 160.000000 0.122137 
0.871756 168.000000 0.128244 
0.883206 153.000000 0.116794 
0.877863 160.000000 0.122137 
0.870229 170.000000 0.129771 
0.871756 168.000000 0.128244 
0.874046 165.000000 0.125954 
0.870992 169.000000 0.129008 
0.882443 154.000000 0.117557 
0.864885 177.000000 0.135115 
0.880153 157.000000 0.119847 
0.868702 172.000000 0.131298 
0.876336 162.000000 0.123664 
0.874809 164.000000 0.125191 
0.884733 151.000000 0.115267 
0.885496 150.000000 0.114504 
0.881679 155.000000 0.118321 
0.874809 164.000000 0.125191 
0.864122 178.000000 0.135878 
0.873282 166.000000 0.126718 
0.879389 158.000000 0.120611 
0.877099 161.000000 0.122901 
0.880916 156.000000 0.119084 
0.870229 170.000000 0.129771 
0.882443 154.000000 0.117557 
0.870992 169.000000 0.129008 
0.876336 162.000000 0.123664 
0.884733 151.000000 0.115267 
0.872519 167.000000 0.127481 
0.877099 161.000000 0.122901 
0.882443 154.000000 0.117557 
0.870229 170.000000 0.129771 
0.882443 154.000000 0.117557 
0.872519 167.000000 0.127481 
0.885496 150.000000 0.114504 
0.878626 159.000000 0.121374 
0.883206 153.000000 0.116794 
0.874046 165.000000 0.125954 
0.883206 153.000000 0.116794 
0.872519 167.000000 0.127481 
0.867939 173.000000 0.132061 
0.868702 172.000000 0.131298 
0.880153 157.000000 0.119847 
0.879389 158.000000 0.120611 
0.877863 160.000000 0.122137 
0.873282 166.000000 0.126718 
0.873282 166.000000 0.126718 
0.881679 155.000000 0.118321 
0.873282 166.000000 0.126718 
0.877099 161.000000 0.122901 
0.867176 174.000000 0.132824 
0.865649 176.000000 0.134351 
0.863359 179.000000 0.136641 
0.863359 179.000000 0.136641 
0.880153 157.000000 0.119847 
0.861069 182.000000 0.138931 
0.886260 149.000000 0.113740 
0.878626 159.000000 0.121374 
0.877863 160.000000 0.122137 
0.877099 161.000000 0.122901 
0.877863 160.000000 0.122137 
0.870229 170.000000 0.129771 
0.882443 154.000000 0.117557 
0.877863 160.000000 0.122137 
0.882443 154.000000 0.117557 
0.877099 161.000000 0.122901 
0.871756 168.000000 0.128244 
0.886260 149.000000 0.113740 
0.881679 155.000000 0.118321 
0.874046 165.000000 0.125954 
0.868702 172.000000 0.131298 
0.874809 164.000000 0.125191 
0.882443 154.000000 0.117557 
0.870992 169.000000 0.129008 
0.885496 150.000000 0.114504 
0.878626 159.000000 0.121374 
0.872519 167.000000 0.127481 
0.869466 171.000000 0.130534 
0.876336 162.000000 0.123664 
0.874046 165.000000 0.125954 
0.867939 173.000000 0.132061 
0.868702 172.000000 0.131298 
0.875573 163.000000 0.124427 
0.867176 174.000000 0.132824 
0.877863 160.000000 0.122137 
0.868702 172.000000 0.131298 
0.868702 172.000000 0.131298 
0.883969 152.000000 0.116031 
0.870992 169.000000 0.129008 
0.870992 169.000000 0.129008 
0.876336 162.000000 0.123664 
0.876336 162.000000 0.123664 
0.867176 174.000000 0.132824 
0.878626 159.000000 0.121374 
0.872519 167.000000 0.127481 
0.878626 159.000000 0.121374 
0.885496 150.000000 0.114504 
0.860305 183.000000 0.139695 
0.873282 166.000000 0.126718 
0.890076 144.000000 0.109924 
0.867176 174.000000 0.132824 
0.883206 153.000000 0.116794 
0.874046 165.000000 0.125954 
0.886260 149.000000 0.113740 
0.862595 180.000000 0.137405 
0.884733 151.000000 0.115267 
0.867939 173.000000 0.132061 
0.866412 175.000000 0.133588 
0.872519 167.000000 0.127481 
0.880153 157.000000 0.119847 
0.871756 168.000000 0.128244 
0.876336 162.000000 0.123664 
0.887786 147.000000 0.112214 
0.882443 154.000000 0.117557 
0.878626 159.000000 0.121374 
0.874046 165.000000 0.125954 
0.870992 169.000000 0.129008 
0.875573 163.000000 0.124427 
0.874046 165.000000 0.125954 
0.868702 172.000000 0.131298 
0.870229 170.000000 0.129771 
0.872519 167.000000 0.127481 
0.874046 165.000000 0.125954 
0.882443 154.000000 0.117557 
0.885496 150.000000 0.114504 
0.871756 168.000000 0.128244 
0.879389 158.000000 0.120611 
0.878626 159.000000 0.121374 
0.864122 178.000000 0.135878 
0.880153 157.000000 0.119847 
0.876336 162.000000 0.123664 
0.885496 150.000000 0.114504 
0.875573 163.000000 0.124427 
0.864122 178.000000 0.135878 
0.879389 158.000000 0.120611 
0.880916 156.000000 0.119084 
0.871756 168.000000 0.128244 
0.881679 155.000000 0.118321 
0.868702 172.000000 0.131298 
0.879389 158.000000 0.120611 
0.886260 149.000000 0.113740 
0.883206 153.000000 0.116794 
0.873282 166.000000 0.126718 
0.874046 165.000000 0.125954 
0.874809 164.000000 0.125191 
0.883206 153.000000 0.116794 
0.874809 164.000000 0.125191 
0.870229 170.000000 0.129771 
0.876336 162.000000 0.123664 
0.869466 171.000000 0.130534 
0.880153 157.000000 0.119847 
0.870229 170.000000 0.129771 
0.874809 164.000000 0.125191 
0.867176 174.000000 0.132824 
0.880153 157.000000 0.119847 
0.872519 167.000000 0.127481 
0.880916 156.000000 0.119084 
0.873282 166.000000 0.126718 
0.875573 163.000000 0.124427 
0.890076 144.000000 0.109924 
0.877863 160.000000 0.122137 
0.878626 159.000000 0.121374 
0.875573 163.000000 0.124427 
0.871756 168.000000 0.128244 
0.862595 180.000000 0.137405 
0.875573 163.000000 0.124427 
0.880916 156.000000 0.119084 
0.870229 170.000000 0.129771 
0.877863 160.000000 0.122137 
0.871756 168.000000 0.128244 
0.883206 153.000000 0.116794 
0.877863 160.000000 0.122137 
0.878626 159.000000 0.121374 
0.874809 164.000000 0.125191 
0.872519 167.000000 0.127481 
0.898473 133.000000 0.101527 
0.873282 166.000000 0.126718 
0.871756 168.000000 0.128244 
0.858779 185.000000 0.141221 
0.879389 158.000000 0.120611 
0.870992 169.000000 0.129008 
0.880916 156.000000 0.119084 
0.870229 170.000000 0.129771 
0.870229 170.000000 0.129771 
0.864122 178.000000 0.135878 
0.864885 177.000000 0.135115 
0.864122 178.000000 0.135878 
0.874046 165.000000 0.125954 
0.877099 161.000000 0.122901 
0.874046 165.000000 0.125954 
0.877099 161.000000 0.122901 
0.868702 172.000000 0.131298 
0.875573 163.000000 0.124427 
0.877099 161.000000 0.122901 
0.880153 157.000000 0.119847 
0.873282 166.000000 0.126718 
0.887023 148.000000 0.112977 
0.867939 173.000000 0.132061 
0.871756 168.000000 0.128244 
0.877863 160.000000 0.122137 
0.870229 170.000000 0.129771 
0.889313 145.000000 0.110687 
0.885496 150.000000 0.114504 
0.872519 167.000000 0.127481 
0.874809 164.000000 0.125191 
0.880153 157.000000 0.119847 
0.867939 173.000000 0.132061 
0.880153 157.000000 0.119847 
0.874046 165.000000 0.125954 
0.883206 153.000000 0.116794 
0.877099 161.000000 0.122901 
0.874809 164.000000 0.125191 
0.880916 156.000000 0.119084 
0.881679 155.000000 0.118321 
0.880153 157.000000 0.119847 
0.868702 172.000000 0.131298 
0.873282 166.000000 0.126718 
0.870229 170.000000 0.129771 
0.877863 160.000000 0.122137 
0.873282 166.000000 0.126718 
0.873282 166.000000 0.126718 
0.869466 171.000000 0.130534 
0.864885 177.000000 0.135115 
0.880153 157.000000 0.119847 
0.877099 161.000000 0.122901 
0.878626 159.000000 0.121374 
0.880916 156.000000 0.119084 
0.882443 154.000000 0.117557 
0.878626 159.000000 0.121374 
0.873282 166.000000 0.126718 
0.867939 173.000000 0.132061 
0.869466 171.000000 0.130534 
0.872519 167.000000 0.127481 
0.866412 175.000000 0.133588 
0.878626 159.000000 0.121374 
0.881679 155.000000 0.118321 
0.881679 155.000000 0.118321 
0.869466 171.000000 0.130534 
0.879389 158.000000 0.120611 
0.867176 174.000000 0.132824 
0.877099 161.000000 0.122901 
0.880916 156.000000 0.119084 
0.876336 162.000000 0.123664 
0.881679 155.000000 0.118321 
0.886260 149.000000 0.113740 
0.877099 161.000000 0.122901 
0.877863 160.000000 0.122137 
0.866412 175.000000 0.133588 
0.870229 170.000000 0.129771 
0.867176 174.000000 0.132824 
0.880916 156.000000 0.119084 
0.870229 170.000000 0.129771 
0.869466 171.000000 0.130534 
0.873282 166.000000 0.126718 
0.882443 154.000000 0.117557 
0.882443 154.000000 0.117557 
0.870229 170.000000 0.129771 
0.884733 151.000000 0.115267 
0.874046 165.000000 0.125954 
0.874809 164.000000 0.125191 
0.863359 179.000000 0.136641 
0.874046 165.000000 0.125954 
0.877863 160.000000 0.122137 
0.869466 171.000000 0.130534 
0.872519 167.000000 0.127481 
0.875573 163.000000 0.124427 
0.875573 163.000000 0.124427 
0.878626 159.000000 0.121374 
0.869466 171.000000 0.130534 
0.869466 171.000000 0.130534 
0.881679 155.000000 0.118321 
0.870992 169.000000 0.129008 
0.867939 173.000000 0.132061 
0.874809 164.000000 0.125191 
0.872519 167.000000 0.127481 
0.881679 155.000000 0.118321 
0.870229 170.000000 0.129771 
0.880153 157.000000 0.119847 
0.867939 173.000000 0.132061 
0.877863 160.000000 0.122137 
0.861832 181.000000 0.138168 
0.873282 166.000000 0.126718 
0.875573 163.000000 0.124427 
0.877863 160.000000 0.122137 
0.887023 148.000000 0.112977 
0.872519 167.000000 0.127481 
0.883969 152.000000 0.116031 
0.867939 173.000000 0.132061 
0.872519 167.000000 0.127481 
0.883206 153.000000 0.116794 
0.875573 163.000000 0.124427 
0.883969 152.000000 0.116031 
0.866412 175.000000 0.133588 
0.874046 165.000000 0.125954 
0.874046 165.000000 0.125954 
0.877099 161.000000 0.122901 
0.865649 176.000000 0.134351 
0.858779 185.000000 0.141221 
0.880153 157.000000 0.119847 
0.882443 154.000000 0.117557 
0.884733 151.000000 0.115267 
0.875573 163.000000 0.124427 
0.877099 161.000000 0.122901 
0.879389 158.000000 0.120611 
0.877099 161.000000 0.122901 
0.884733 151.000000 0.115267 
0.887023 148.000000 0.112977 
0.887786 147.000000 0.112214 
0.878626 159.000000 0.121374 
0.876336 162.000000 0.123664 
0.874046 165.000000 0.125954 
0.881679 155.000000 0.118321 
0.871756 168.000000 0.128244 
0.865649 176.000000 0.134351 
0.886260 149.000000 0.113740 
0.883206 153.000000 0.116794 
0.854962 190.000000 0.145038 
0.870229 170.000000 0.129771 
0.874809 164.000000 0.125191 
0.868702 172.000000 0.131298 
0.880916 156.000000 0.119084 
0.870229 170.000000 0.129771 
0.890840 143.000000 0.109160 
0.876336 162.000000 0.123664 
0.866412 175.000000 0.133588 
0.867176 174.000000 0.132824 
0.883969 152.000000 0.116031 
0.886260 149.000000 0.113740 
0.874046 165.000000 0.125954 
0.883206 153.000000 0.116794 
0.869466 171.000000 0.130534 
0.867939 173.000000 0.132061 
0.877863 160.000000 0.122137 
0.878626 159.000000 0.121374 
0.868702 172.000000 0.131298 
0.874046 165.000000 0.125954 
0.877863 160.000000 0.122137 
0.872519 167.000000 0.127481 
0.878626 159.000000 0.121374 
0.877099 161.000000 0.122901 
0.865649 176.000000 0.134351 
0.888550 146.000000 0.111450 
0.865649 176.000000 0.134351 
0.881679 155.000000 0.118321 
0.877099 161.000000 0.122901 
0.874809 164.000000 0.125191 
0.879389 158.000000 0.120611 
0.878626 159.000000 0.121374 
0.880153 157.000000 0.119847 
0.867176 174.000000 0.132824 
0.872519 167.000000 0.127481 
0.880153 157.000000 0.119847 
0.866412 175.000000 0.133588 
0.881679 155.000000 0.118321 
0.879389 158.000000 0.120611 
0.875573 163.000000 0.124427 
0.866412 175.000000 0.133588 
0.872519 167.000000 0.127481 
0.872519 167.000000 0.127481 
0.876336 162.000000 0.123664 
0.881679 155.000000 0.118321 
0.877099 161.000000 0.122901 
0.877863 160.000000 0.122137 
0.883969 152.000000 0.116031 
0.874046 165.000000 0.125954 
0.881679 155.000000 0.118321 
0.883969 152.000000 0.116031 
0.870992 169.000000 0.129008 
0.863359 179.000000 0.136641 
0.873282 166.000000 0.126718 
0.864122 178.000000 0.135878 
0.875573 163.000000 0.124427 
0.880153 157.000000 0.119847 
0.881679 155.000000 0.118321 
0.860305 183.000000 0.139695 
0.872519 167.000000 0.127481 
0.868702 172.000000 0.131298 
0.872519 167.000000 0.127481 
0.880916 156.000000 0.119084 
0.886260 149.000000 0.113740 
0.880153 157.000000 0.119847 
0.875573 163.000000 0.124427 
0.872519 167.000000 0.127481 
0.876336 162.000000 0.123664 
0.871756 168.000000 0.128244 
0.870229 170.000000 0.129771 
0.883969 152.000000 0.116031 
0.874809 164.000000 0.125191 
0.867176 174.000000 0.132824 
0.877863 160.000000 0.122137 
0.870992 169.000000 0.129008 
0.883969 152.000000 0.116031 
0.872519 167.000000 0.127481 
0.883206 153.000000 0.116794 
0.876336 162.000000 0.123664 
0.880153 157.000000 0.119847 
0.877863 160.000000 0.122137 
0.874809 164.000000 0.125191 
0.870229 170.000000 0.129771 
0.866412 175.000000 0.133588 
0.872519 167.000000 0.127481 
0.875573 163.000000 0.124427 
0.866412 175.000000 0.133588 
0.875573 163.000000 0.124427 
0.881679 155.000000 0.118321 
0.870229 170.000000 0.129771 
0.881679 155.000000 0.118321 
0.877863 160.000000 0.122137 
0.872519 167.000000 0.127481 
0.884733 151.000000 0.115267 
0.871756 168.000000 0.128244 
0.884733 151.000000 0.115267 
0.870992 169.000000 0.129008 
0.878626 159.000000 0.121374 
0.889313 145.000000 0.110687 
0.879389 158.000000 0.120611 
0.865649 176.000000 0.134351 
0.859542 184.000000 0.140458 
0.870229 170.000000 0.129771 
0.867176 174.000000 0.132824 
0.885496 150.000000 0.114504 
0.867176 174.000000 0.132824 
0.866412 175.000000 0.133588 
0.864122 178.000000 0.135878 
0.881679 155.000000 0.118321 
0.874046 165.000000 0.125954 
0.876336 162.000000 0.123664 
0.863359 179.000000 0.136641 
0.875573 163.000000 0.124427 
0.875573 163.000000 0.124427 
0.875573 163.000000 0.124427 
0.870229 170.000000 0.129771 
0.868702 172.000000 0.131298 
0.872519 167.000000 0.127481 
0.874046 165.000000 0.125954 
0.869466 171.000000 0.130534 
0.880153 157.000000 0.119847 
0.876336 162.000000 0.123664 
0.882443 154.000000 0.117557 
0.877099 161.000000 0.122901 
0.883969 152.000000 0.116031 
0.883206 153.000000 0.116794 
0.871756 168.000000 0.128244 
0.874046 165.000000 0.125954 
0.877099 161.000000 0.122901 
0.874046 165.000000 0.125954 
0.880916 156.000000 0.119084 
0.866412 175.000000 0.133588 
0.874809 164.000000 0.125191 
0.873282 166.000000 0.126718 
0.874046 165.000000 0.125954 
0.874046 165.000000 0.125954 
0.885496 150.000000 0.114504 
0.879389 158.000000 0.120611 
0.867939 173.000000 0.132061 
0.881679 155.000000 0.118321 
0.878626 159.000000 0.121374 
0.886260 149.000000 0.113740 
0.876336 162.000000 0.123664 
0.885496 150.000000 0.114504 
0.881679 155.000000 0.118321 
0.875573 163.000000 0.124427 
0.867939 173.000000 0.132061 
0.871756 168.000000 0.128244 
0.867939 173.000000 0.132061 
0.869466 171.000000 0.130534 
0.877099 161.000000 0.122901 
0.883206 153.000000 0.116794 
0.880153 157.000000 0.119847 
0.870992 169.000000 0.129008 
0.876336 162.000000 0.123664 
0.881679 155.000000 0.118321 
0.883206 153.000000 0.116794 
0.871756 168.000000 0.128244 
0.867939 173.000000 0.132061 
0.874809 164.000000 0.125191 
0.874046 165.000000 0.125954 
0.883206 153.000000 0.116794 
0.884733 151.000000 0.115267 
0.865649 176.000000 0.134351 
0.870229 170.000000 0.129771 
0.873282 166.000000 0.126718 
0.866412 175.000000 0.133588 
0.880153 157.000000 0.119847 
0.872519 167.000000 0.127481 
0.876336 162.000000 0.123664 
0.870992 169.000000 0.129008 
0.856489 188.000000 0.143511 
0.878626 159.000000 0.121374 
0.870229 170.000000 0.129771 
0.875573 163.000000 0.124427 
0.886260 149.000000 0.113740 
0.874809 164.000000 0.125191 
0.877099 161.000000 0.122901 
0.875573 163.000000 0.124427 
0.864885 177.000000 0.135115 
0.873282 166.000000 0.126718 
0.862595 180.000000 0.137405 
0.874046 165.000000 0.125954 
0.886260 149.000000 0.113740 
0.861832 181.000000 0.138168 
0.877863 160.000000 0.122137 
0.871756 168.000000 0.128244 
0.878626 159.000000 0.121374 
0.874046 165.000000 0.125954 
0.869466 171.000000 0.130534 
0.872519 167.000000 0.127481 
0.887023 148.000000 0.112977 
0.867939 173.000000 0.132061 
0.883206 153.000000 0.116794 
0.867939 173.000000 0.132061 
0.870229 170.000000 0.129771 
0.874809 164.000000 0.125191 
0.883969 152.000000 0.116031 
0.884733 151.000000 0.115267 
0.877863 160.000000 0.122137 
0.870992 169.000000 0.129008 
0.864122 178.000000 0.135878 
0.874809 164.000000 0.125191 
0.877099 161.000000 0.122901 
0.879389 158.000000 0.120611 
0.872519 167.000000 0.127481 
0.874046 165.000000 0.125954 
0.874809 164.000000 0.125191 
0.875573 163.000000 0.124427 
0.868702 172.000000 0.131298 
0.870992 169.000000 0.129008 
0.888550 146.000000 0.111450 
0.876336 162.000000 0.123664 
0.883206 153.000000 0.116794 
0.877863 160.000000 0.122137 
0.878626 159.000000 0.121374 
0.887786 147.000000 0.112214 
0.874046 165.000000 0.125954 
0.872519 167.000000 0.127481 
0.872519 167.000000 0.127481 
0.874046 165.000000 0.125954 
0.875573 163.000000 0.124427 
0.883969 152.000000 0.116031 
0.880153 157.000000 0.119847 
0.877099 161.000000 0.122901 
0.874809 164.000000 0.125191 
0.870229 170.000000 0.129771 
0.871756 168.000000 0.128244 
0.870229 170.000000 0.129771 
0.877099 161.000000 0.122901 
0.880916 156.000000 0.119084 
0.863359 179.000000 0.136641 
0.877099 161.000000 0.122901 
0.880153 157.000000 0.119847 
0.882443 154.000000 0.117557 
0.881679 155.000000 0.118321 
0.879389 158.000000 0.120611 
0.870229 170.000000 0.129771 
0.877863 160.000000 0.122137 
0.870992 169.000000 0.129008 
0.876336 162.000000 0.123664 
0.863359 179.000000 0.136641 
0.860305 183.000000 0.139695 
0.880153 157.000000 0.119847 
0.877863 160.000000 0.122137 
0.879389 158.000000 0.120611 
0.878626 159.000000 0.121374 
0.884733 151.000000 0.115267 
0.879389 158.000000 0.120611 
0.866412 175.000000 0.133588 
0.867939 173.000000 0.132061 
0.870229 170.000000 0.129771 
0.876336 162.000000 0.123664 
0.870992 169.000000 0.129008 
0.872519 167.000000 0.127481 
0.868702 172.000000 0.131298 
0.868702 172.000000 0.131298 
0.878626 159.000000 0.121374 
0.873282 166.000000 0.126718 
0.883969 152.000000 0.116031 
0.867939 173.000000 0.132061 
0.876336 162.000000 0.123664 
0.868702 172.000000 0.131298 
0.886260 149.000000 0.113740 
0.867176 174.000000 0.132824 
0.866412 175.000000 0.133588 
0.878626 159.000000 0.121374 
0.874809 164.000000 0.125191 
0.877863 160.000000 0.122137 
0.868702 172.000000 0.131298 
0.874809 164.000000 0.125191 
0.877099 161.000000 0.122901 
0.872519 167.000000 0.127481 
0.886260 149.000000 0.113740 
0.868702 172.000000 0.131298 
0.868702 172.000000 0.131298 
0.878626 159.000000 0.121374 
0.881679 155.000000 0.118321 
0.874046 165.000000 0.125954 
0.874809 164.000000 0.125191 
0.883969 152.000000 0.116031 
0.874809 164.000000 0.125191 
0.870229 170.000000 0.129771 
0.889313 145.000000 0.110687 
0.882443 154.000000 0.117557 
0.874046 165.000000 0.125954 
0.878626 159.000000 0.121374 
0.878626 159.000000 0.121374 
0.861069 182.000000 0.138931 
0.878626 159.000000 0.121374 
0.872519 167.000000 0.127481 
0.878626 159.000000 0.121374 
0.877863 160.000000 0.122137 
0.875573 163.000000 0.124427 
0.880153 157.000000 0.119847 
0.877863 160.000000 0.122137 
0.883969 152.000000 0.116031 
0.871756 168.000000 0.128244 
0.870992 169.000000 0.129008 
0.880153 157.000000 0.119847 
0.873282 166.000000 0.126718 
0.865649 176.000000 0.134351 
0.864122 178.000000 0.135878 
0.887023 148.000000 0.112977 
0.879389 158.000000 0.120611 
0.868702 172.000000 0.131298 
0.871756 168.000000 0.128244 
0.874809 164.000000 0.125191 
0.873282 166.000000 0.126718 
0.873282 166.000000 0.126718 
0.866412 175.000000 0.133588 
0.874809 164.000000 0.125191 
0.870229 170.000000 0.129771 
0.878626 159.000000 0.121374 
0.867176 174.000000 0.132824 
0.865649 176.000000 0.134351 
0.867939 173.000000 0.132061 
0.876336 162.000000 0.123664 
0.879389 158.000000 0.120611 
0.860305 183.000000 0.139695 
0.866412 175.000000 0.133588 
0.873282 166.000000 0.126718 
0.874809 164.000000 0.125191 
0.875573 163.000000 0.124427 
0.879389 158.000000 0.120611 
0.875573 163.000000 0.124427 
0.887786 147.000000 0.112214 
0.870992 169.000000 0.129008 
0.878626 159.000000 0.121374 
0.883969 152.000000 0.116031 
0.866412 175.000000 0.133588 
0.869466 171.000000 0.130534 
0.873282 166.000000 0.126718 
0.879389 158.000000 0.120611 
0.877099 161.000000 0.122901 
0.878626 159.000000 0.121374 
0.863359 179.000000 0.136641 
0.867176 174.000000 0.132824 
0.874809 164.000000 0.125191 
0.880916 156.000000 0.119084 
0.883969 152.000000 0.116031 
0.877863 160.000000 0.122137 
0.875573 163.000000 0.124427 
0.870229 170.000000 0.129771 
0.880916 156.000000 0.119084 
0.874809 164.000000 0.125191 
0.880916 156.000000 0.119084 
0.878626 159.000000 0.121374 
0.873282 166.000000 0.126718 
0.881679 155.000000 0.118321 
0.890840 143.000000 0.109160 
0.884733 151.000000 0.115267 
0.876336 162.000000 0.123664 
0.880916 156.000000 0.119084 
0.883206 153.000000 0.116794 
0.865649 176.000000 0.134351 
0.878626 159.000000 0.121374 
0.877863 160.000000 0.122137 
0.875573 163.000000 0.124427 
0.875573 163.000000 0.124427 
0.874809 164.000000 0.125191 
0.882443 154.000000 0.117557 
0.876336 162.000000 0.123664 
0.877099 161.000000 0.122901 
0.872519 167.000000 0.127481 
0.864885 177.000000 0.135115 
0.870229 170.000000 0.129771 
0.868702 172.000000 0.131298 
0.876336 162.000000 0.123664 
0.890076 144.000000 0.109924 
0.870229 170.000000 0.129771 
0.876336 162.000000 0.123664 
0.880153 157.000000 0.119847 
0.868702 172.000000 0.131298 
0.866412 175.000000 0.133588 
0.885496 150.000000 0.114504 
0.874046 165.000000 0.125954 
0.878626 159.000000 0.121374 
0.874809 164.000000 0.125191 
0.880916 156.000000 0.119084 
0.870229 170.000000 0.129771 
0.880916 156.000000 0.119084 
0.867176 174.000000 0.132824 
0.878626 159.000000 0.121374 
0.875573 163.000000 0.124427 
0.877099 161.000000 0.122901 
0.873282 166.000000 0.126718 
0.867939 173.000000 0.132061 
0.870229 170.000000 0.129771 
0.886260 149.000000 0.113740 
0.870992 169.000000 0.129008 
0.874046 165.000000 0.125954 
0.873282 166.000000 0.126718 
0.877863 160.000000 0.122137 
0.882443 154.000000 0.117557 
0.884733 151.000000 0.115267 
0.881679 155.000000 0.118321 
0.870229 170.000000 0.129771 
0.868702 172.000000 0.131298 
0.883969 152.000000 0.116031 
0.874046 165.000000 0.125954 
0.886260 149.000000 0.113740 
0.870992 169.000000 0.129008 
0.874809 164.000000 0.125191 
0.886260 149.000000 0.113740 
0.871756 168.000000 0.128244 
0.877863 160.000000 0.122137 
0.880916 156.000000 0.119084 
0.883206 153.000000 0.116794 
0.881679 155.000000 0.118321 
0.874046 165.000000 0.125954 
0.880916 156.000000 0.119084 
0.876336 162.000000 0.123664 
0.869466 171.000000 0.130534 
0.874809 164.000000 0.125191 
0.875573 163.000000 0.124427 
0.869466 171.000000 0.130534 
0.864122 178.000000 0.135878 
0.883969 152.000000 0.116031 
0.880916 156.000000 0.119084 
0.864122 178.000000 0.135878 
0.867939 173.000000 0.132061 
0.869466 171.000000 0.130534 
0.877863 160.000000 0.122137 
0.871756 168.000000 0.128244 
0.893130 140.000000 0.106870 
0.867939 173.000000 0.132061 
0.873282 166.000000 0.126718 
0.877099 161.000000 0.122901 
0.874809 164.000000 0.125191 
0.872519 167.000000 0.127481 
0.875573 163.000000 0.124427 
0.866412 175.000000 0.133588 
0.881679 155.000000 0.118321 
0.874046 165.000000 0.125954 
0.877863 160.000000 0.122137 
0.869466 171.000000 0.130534 
0.878626 159.000000 0.121374 
0.864885 177.000000 0.135115 
0.874046 165.000000 0.125954 
0.882443 154.000000 0.117557 
0.871756 168.000000 0.128244 
0.869466 171.000000 0.130534 
0.870992 169.000000 0.129008 
0.873282 166.000000 0.126718 
0.883206 153.000000 0.116794 
0.870992 169.000000 0.129008 
0.878626 159.000000 0.121374 
0.866412 175.000000 0.133588 
0.885496 150.000000 0.114504 
0.869466 171.000000 0.130534 
0.877863 160.000000 0.122137 
0.879389 158.000000 0.120611 
0.884733 151.000000 0.115267 
0.870992 169.000000 0.129008 
0.863359 179.000000 0.136641 
0.878626 159.000000 0.121374 
0.864885 177.000000 0.135115 
0.879389 158.000000 0.120611 
0.875573 163.000000 0.124427 
0.878626 159.000000 0.121374 
0.866412 175.000000 0.133588 
0.880153 157.000000 0.119847 
0.867939 173.000000 0.132061 
0.867176 174.000000 0.132824 
0.879389 158.000000 0.120611 
0.874046 165.000000 0.125954 
0.869466 171.000000 0.130534 
0.876336 162.000000 0.123664 
0.886260 149.000000 0.113740 
0.860305 183.000000 0.139695 
0.873282 166.000000 0.126718 
0.877099 161.000000 0.122901 
0.865649 176.000000 0.134351 
0.872519 167.000000 0.127481 
0.876336 162.000000 0.123664 
0.877099 161.000000 0.122901 
0.876336 162.000000 0.123664 
0.861832 181.000000 0.138168 
0.880916 156.000000 0.119084 
0.862595 180.000000 0.137405 
0.884733 151.000000 0.115267 
0.870229 170.000000 0.129771 
0.880916 156.000000 0.119084 
0.880916 156.000000 0.119084 
0.873282 166.000000 0.126718 
0.878626 159.000000 0.121374 
0.862595 180.000000 0.137405 
0.868702 172.000000 0.131298 
0.874046 165.000000 0.125954 
0.872519 167.000000 0.127481 
0.872519 167.000000 0.127481 
0.877863 160.000000 0.122137 
0.880153 157.000000 0.119847 
0.874046 165.000000 0.125954 
0.868702 172.000000 0.131298 
0.874046 165.000000 0.125954 
0.874046 165.000000 0.125954 
0.878626 159.000000 0.121374 
0.868702 172.000000 0.131298 
0.858015 186.000000 0.141985 
0.874809 164.000000 0.125191 
0.873282 166.000000 0.126718 
0.874809 164.000000 0.125191 
0.867176 174.000000 0.132824 
0.874809 164.000000 0.125191 
0.867176 174.000000 0.132824 
0.870229 170.000000 0.129771 
0.880916 156.000000 0.119084 
0.868702 172.000000 0.131298 
0.872519 167.000000 0.127481 
0.861069 182.000000 0.138931 
0.876336 162.000000 0.123664 
0.870229 170.000000 0.129771 
0.876336 162.000000 0.123664 
0.870229 170.000000 0.129771 
0.876336 162.000000 0.123664 
0.868702 172.000000 0.131298 
0.868702 172.000000 0.131298 
0.877863 160.000000 0.122137 
0.880153 157.000000 0.119847 
0.865649 176.000000 0.134351 
0.877863 160.000000 0.122137 
0.894656 138.000000 0.105344 
0.872519 167.000000 0.127481 
0.868702 172.000000 0.131298 
0.875573 163.000000 0.124427 
0.868702 172.000000 0.131298 
0.870992 169.000000 0.129008 
0.877863 160.000000 0.122137 
0.877863 160.000000 0.122137 
0.874046 165.000000 0.125954 
0.883206 153.000000 0.116794 
0.877863 160.000000 0.122137 
0.888550 146.000000 0.111450 
0.867176 174.000000 0.132824 
0.882443 154.000000 0.117557 
0.876336 162.000000 0.123664 
0.876336 162.000000 0.123664 
0.874046 165.000000 0.125954 
0.880916 156.000000 0.119084 
0.870229 170.000000 0.129771 
0.880916 156.000000 0.119084 
0.869466 171.000000 0.130534 
0.876336 162.000000 0.123664 
0.878626 159.000000 0.121374 
0.867939 173.000000 0.132061 
0.883206 153.000000 0.116794 
0.876336 162.000000 0.123664 
0.870992 169.000000 0.129008 
0.873282 166.000000 0.126718 
0.870992 169.000000 0.129008 
0.880916 156.000000 0.119084 
0.870229 170.000000 0.129771 
0.874809 164.000000 0.125191 
0.869466 171.000000 0.130534 
0.870992 169.000000 0.129008 
0.875573 163.000000 0.124427 
0.879389 158.000000 0.120611 
0.879389 158.000000 0.120611 
0.866412 175.000000 0.133588 
0.876336 162.000000 0.123664 
0.880153 157.000000 0.119847 
0.870229 170.000000 0.129771 
0.876336 162.000000 0.123664 
0.890840 143.000000 0.109160 
0.880916 156.000000 0.119084 
0.874809 164.000000 0.125191 
0.875573 163.000000 0.124427 
0.875573 163.000000 0.124427 
0.873282 166.000000 0.126718 
0.870992 169.000000 0.129008 
0.866412 175.000000 0.133588 
0.878626 159.000000 0.121374 
0.871756 168.000000 0.128244 
0.879389 158.000000 0.120611 
0.868702 172.000000 0.131298 
0.871756 168.000000 0.128244 
0.870229 170.000000 0.129771 
0.887786 147.000000 0.112214 
0.870992 169.000000 0.129008 
0.877099 161.000000 0.122901 
0.872519 167.000000 0.127481 
0.878626 159.000000 0.121374 
0.873282 166.000000 0.126718 
0.880916 156.000000 0.119084 
0.881679 155.000000 0.118321 
0.876336 162.000000 0.123664 
0.871756 168.000000 0.128244 
0.888550 146.000000 0.111450 
0.880153 157.000000 0.119847 
0.882443 154.000000 0.117557 
0.880916 156.000000 0.119084 
0.874809 164.000000 0.125191 
0.875573 163.000000 0.124427 
0.875573 163.000000 0.124427 
0.863359 179.000000 0.136641 
0.879389 158.000000 0.120611 
0.871756 168.000000 0.128244 
0.887786 147.000000 0.112214 
0.877863 160.000000 0.122137 
0.885496 150.000000 0.114504 
0.870992 169.000000 0.129008 
0.877099 161.000000 0.122901 
0.880916 156.000000 0.119084 
0.869466 171.000000 0.130534 
0.874046 165.000000 0.125954 
0.873282 166.000000 0.126718 
0.869466 171.000000 0.130534 
0.878626 159.000000 0.121374 
0.874809 164.000000 0.125191 
0.882443 154.000000 0.117557 
0.878626 159.000000 0.121374 
0.880916 156.000000 0.119084 
0.876336 162.000000 0.123664 
0.880916 156.000000 0.119084 
0.880153 157.000000 0.119847 
0.880916 156.000000 0.119084 
0.872519 167.000000 0.127481 
0.880153 157.000000 0.119847 
0.879389 158.000000 0.120611 
0.869466 171.000000 0.130534 
0.879389 158.000000 0.120611 
0.865649 176.000000 0.134351 
0.883969 152.000000 0.116031 
0.864885 177.000000 0.135115 
0.874046 165.000000 0.125954 
0.875573 163.000000 0.124427 
0.887786 147.000000 0.112214 
0.882443 154.000000 0.117557 
0.879389 158.000000 0.120611 
0.877863 160.000000 0.122137 
0.870229 170.000000 0.129771 
0.873282 166.000000 0.126718 
0.886260 149.000000 0.113740 
0.876336 162.000000 0.123664 
0.877863 160.000000 0.122137 
0.864122 178.000000 0.135878 
0.868702 172.000000 0.131298 
0.873282 166.000000 0.126718 
0.874046 165.000000 0.125954 
0.877099 161.000000 0.122901 
0.880153 157.000000 0.119847 
0.876336 162.000000 0.123664 
0.880153 157.000000 0.119847 
0.874046 165.000000 0.125954 
0.877863 160.000000 0.122137 
0.880916 156.000000 0.119084 
0.874046 165.000000 0.125954 
0.873282 166.000000 0.126718 
0.874809 164.000000 0.125191 
0.879389 158.000000 0.120611 
0.877099 161.000000 0.122901 
0.855725 189.000000 0.144275 
0.875573 163.000000 0.124427 
0.882443 154.000000 0.117557 
0.875573 163.000000 0.124427 
0.869466 171.000000 0.130534 
0.879389 158.000000 0.120611 
0.883206 153.000000 0.116794 
0.874809 164.000000 0.125191 
0.865649 176.000000 0.134351 
0.869466 171.000000 0.130534 
0.874046 165.000000 0.125954 
0.875573 163.000000 0.124427 
0.867939 173.000000 0.132061 
0.873282 166.000000 0.126718 
0.867939 173.000000 0.132061 
0.876336 162.000000 0.123664 
0.878626 159.000000 0.121374 
0.874809 164.000000 0.125191 
0.866412 175.000000 0.133588 
0.877863 160.000000 0.122137 
0.862595 180.000000 0.137405 
0.871756 168.000000 0.128244 
0.871756 168.000000 0.128244 
0.875573 163.000000 0.124427 
0.873282 166.000000 0.126718 
0.869466 171.000000 0.130534 
0.870229 170.000000 0.129771 
0.866412 175.000000 0.133588 
0.880916 156.000000 0.119084 
0.871756 168.000000 0.128244 
0.870229 170.000000 0.129771 
0.874046 165.000000 0.125954 
0.874046 165.000000 0.125954 
0.881679 155.000000 0.118321 
0.870992 169.000000 0.129008 
0.879389 158.000000 0.120611 
0.877099 161.000000 0.122901 
0.873282 166.000000 0.126718 
0.874046 165.000000 0.125954 
0.870229 170.000000 0.129771 
0.877863 160.000000 0.122137 
0.880153 157.000000 0.119847 
0.869466 171.000000 0.130534 
0.888550 146.000000 0.111450 
0.883969 152.000000 0.116031 
0.892366 141.000000 0.107634 
0.871756 168.000000 0.128244 
0.880153 157.000000 0.119847 
0.868702 172.000000 0.131298 
0.867939 173.000000 0.132061 
0.885496 150.000000 0.114504 
0.862595 180.000000 0.137405 
0.880153 157.000000 0.119847 
0.874809 164.000000 0.125191 
0.882443 154.000000 0.117557 
0.871756 168.000000 0.128244 
0.876336 162.000000 0.123664 
0.869466 171.000000 0.130534 
0.891603 142.000000 0.108397 
0.863359 179.000000 0.136641 
0.869466 171.000000 0.130534 
0.869466 171.000000 0.130534 
0.860305 183.000000 0.139695 
0.880916 156.000000 0.119084 
0.884733 151.000000 0.115267 
0.865649 176.000000 0.134351 
0.880153 157.000000 0.119847 
0.886260 149.000000 0.113740 
0.877099 161.000000 0.122901 
0.882443 154.000000 0.117557 
0.882443 154.000000 0.117557 
0.874046 165.000000 0.125954 
0.870992 169.000000 0.129008 
0.880153 157.000000 0.119847 
0.880916 156.000000 0.119084 
0.864885 177.000000 0.135115 
0.878626 159.000000 0.121374 
0.875573 163.000000 0.124427 
0.870229 170.000000 0.129771 
0.880916 156.000000 0.119084 
0.869466 171.000000 0.130534 
0.866412 175.000000 0.133588 
0.874046 165.000000 0.125954 
0.875573 163.000000 0.124427 
0.871756 168.000000 0.128244 
0.879389 158.000000 0.120611 
0.870229 170.000000 0.129771 
0.885496 150.000000 0.114504 
0.877863 160.000000 0.122137 
0.874046 165.000000 0.125954 
0.861069 182.000000 0.138931 
0.867176 174.000000 0.132824 
0.879389 158.000000 0.120611 
0.877099 161.000000 0.122901 
0.866412 175.000000 0.133588 
0.861832 181.000000 0.138168 
0.870992 169.000000 0.129008 
0.875573 163.000000 0.124427 
0.876336 162.000000 0.123664 
0.877863 160.000000 0.122137 
0.887786 147.000000 0.112214 
0.886260 149.000000 0.113740 
0.866412 175.000000 0.133588 
0.867176 174.000000 0.132824 
0.866412 175.000000 0.133588 
0.872519 167.000000 0.127481 
0.869466 171.000000 0.130534 
0.876336 162.000000 0.123664 
0.876336 162.000000 0.123664 
0.864885 177.000000 0.135115 
0.875573 163.000000 0.124427 
0.867939 173.000000 0.132061 
0.872519 167.000000 0.127481 
0.872519 167.000000 0.127481 
0.883206 153.000000 0.116794 
0.864122 178.000000 0.135878 
0.885496 150.000000 0.114504 
0.865649 176.000000 0.134351 
0.870229 170.000000 0.129771 
0.883969 152.000000 0.116031 
0.881679 155.000000 0.118321 
0.880153 157.000000 0.119847 
0.877099 161.000000 0.122901 
0.867176 174.000000 0.132824 
0.874809 164.000000 0.125191 
0.882443 154.000000 0.117557 
0.872519 167.000000 0.127481 
0.877863 160.000000 0.122137 
0.873282 166.000000 0.126718 
0.869466 171.000000 0.130534 
0.870992 169.000000 0.129008 
0.876336 162.000000 0.123664 
0.875573 163.000000 0.124427 
0.871756 168.000000 0.128244 
0.868702 172.000000 0.131298 
0.870992 169.000000 0.129008 
0.874046 165.000000 0.125954 
0.864122 178.000000 0.135878 
0.861069 182.000000 0.138931 
0.877863 160.000000 0.122137 
0.869466 171.000000 0.130534 
0.870229 170.000000 0.129771 
0.867176 174.000000 0.132824 
0.875573 163.000000 0.124427 
0.876336 162.000000 0.123664 
0.883206 153.000000 0.116794 
0.880916 156.000000 0.119084 
0.867939 173.000000 0.132061 
0.874046 165.000000 0.125954 
0.868702 172.000000 0.131298 
0.873282 166.000000 0.126718 
0.874809 164.000000 0.125191 
0.872519 167.000000 0.127481 
0.877863 160.000000 0.122137 
0.872519 167.000000 0.127481 
0.879389 158.000000 0.120611 
0.876336 162.000000 0.123664 
0.880916 156.000000 0.119084 
0.866412 175.000000 0.133588 
0.879389 158.000000 0.120611 
0.872519 167.000000 0.127481 
0.866412 175.000000 0.133588 
0.880916 156.000000 0.119084 
0.874809 164.000000 0.125191 
0.877099 161.000000 0.122901 
0.879389 158.000000 0.120611 
0.860305 183.000000 0.139695 
0.874809 164.000000 0.125191 
0.872519 167.000000 0.127481 
0.889313 145.000000 0.110687 
0.878626 159.000000 0.121374 
0.870229 170.000000 0.129771 
0.876336 162.000000 0.123664 
0.880153 157.000000 0.119847 
0.864122 178.000000 0.135878 
0.868702 172.000000 0.131298 
0.887023 148.000000 0.112977 
0.870229 170.000000 0.129771 
0.880153 157.000000 0.119847 
0.893893 139.000000 0.106107 
0.879389 158.000000 0.120611 
0.866412 175.000000 0.133588 
0.881679 155.000000 0.118321 
0.869466 171.000000 0.130534 
0.872519 167.000000 0.127481 
0.880153 157.000000 0.119847 
0.875573 163.000000 0.124427 
0.872519 167.000000 0.127481 
0.874046 165.000000 0.125954 
0.893130 140.000000 0.106870 
0.871756 168.000000 0.128244 
0.863359 179.000000 0.136641 
0.874809 164.000000 0.125191 
0.870229 170.000000 0.129771 
0.880916 156.000000 0.119084 
0.886260 149.000000 0.113740 
0.881679 155.000000 0.118321 
0.877863 160.000000 0.122137 
0.883206 153.000000 0.116794 
0.866412 175.000000 0.133588 
0.875573 163.000000 0.124427 
0.877863 160.000000 0.122137 
0.875573 163.000000 0.124427 
0.879389 158.000000 0.120611 
0.874046 165.000000 0.125954 
0.870229 170.000000 0.129771 
0.873282 166.000000 0.126718 
0.870992 169.000000 0.129008 
0.879389 158.000000 0.120611 
0.866412 175.000000 0.133588 
0.882443 154.000000 0.117557 
0.885496 150.000000 0.114504 
0.871756 168.000000 0.128244 
0.878626 159.000000 0.121374 
0.867939 173.000000 0.132061 
0.857252 187.000000 0.142748 
0.869466 171.000000 0.130534 
0.880153 157.000000 0.119847 
0.861069 182.000000 0.138931 
0.878626 159.000000 0.121374 
0.875573 163.000000 0.124427 
0.883969 152.000000 0.116031 
0.878626 159.000000 0.121374 
0.880153 157.000000 0.119847 
0.879389 158.000000 0.120611 
0.875573 163.000000 0.124427 
0.874046 165.000000 0.125954 
0.881679 155.000000 0.118321 
0.870992 169.000000 0.129008 
0.868702 172.000000 0.131298 
0.874809 164.000000 0.125191 
0.874046 165.000000 0.125954 
0.881679 155.000000 0.118321 
0.877099 161.000000 0.122901 
0.870229 170.000000 0.129771 
0.880153 157.000000 0.119847 
0.871756 168.000000 0.128244 
0.883969 152.000000 0.116031 
0.872519 167.000000 0.127481 
0.868702 172.000000 0.131298 
0.879389 158.000000 0.120611 
0.874809 164.000000 0.125191 
0.866412 175.000000 0.133588 
0.874046 165.000000 0.125954 
0.870992 169.000000 0.129008 
0.872519 167.000000 0.127481 
0.873282 166.000000 0.126718 
0.869466 171.000000 0.130534 
0.870229 170.000000 0.129771 
0.865649 176.000000 0.134351 
0.883969 152.000000 0.116031 
0.868702 172.000000 0.131298 
0.874809 164.000000 0.125191 
0.863359 179.000000 0.136641 
0.878626 159.000000 0.121374 
0.873282 166.000000 0.126718 
0.875573 163.000000 0.124427 
0.874809 164.000000 0.125191 
0.865649 176.000000 0.134351 
0.867176 174.000000 0.132824 
0.888550 146.000000 0.111450 
0.869466 171.000000 0.130534 
0.867176 174.000000 0.132824 
0.874809 164.000000 0.125191 
0.878626 159.000000 0.121374 
0.874809 164.000000 0.125191 
0.868702 172.000000 0.131298 
0.880153 157.000000 0.119847 
0.871756 168.000000 0.128244 
0.877099 161.000000 0.122901 
0.873282 166.000000 0.126718 
0.867176 174.000000 0.132824 
0.896183 136.000000 0.103817 
0.875573 163.000000 0.124427 
0.884733 151.000000 0.115267 
0.870229 170.000000 0.129771 
0.877099 161.000000 0.122901 
0.877863 160.000000 0.122137 
0.884733 151.000000 0.115267 
0.877099 161.000000 0.122901 
0.885496 150.000000 0.114504 
0.874046 165.000000 0.125954 
0.874809 164.000000 0.125191 
0.871756 168.000000 0.128244 
0.870229 170.000000 0.129771 
0.878626 159.000000 0.121374 
0.880153 157.000000 0.119847 
0.868702 172.000000 0.131298 
0.875573 163.000000 0.124427 
0.883969 152.000000 0.116031 
0.876336 162.000000 0.123664 
0.880153 157.000000 0.119847 
0.865649 176.000000 0.134351 
0.874809 164.000000 0.125191 
0.870229 170.000000 0.129771 
0.880153 157.000000 0.119847 
0.884733 151.000000 0.115267 
0.873282 166.000000 0.126718 
0.874046 165.000000 0.125954 
0.882443 154.000000 0.117557 
0.874809 164.000000 0.125191 
0.862595 180.000000 0.137405 
0.875573 163.000000 0.124427 
0.868702 172.000000 0.131298 
0.883206 153.000000 0.116794 
0.885496 150.000000 0.114504 
0.872519 167.000000 0.127481 
0.866412 175.000000 0.133588 
0.871756 168.000000 0.128244 
0.864885 177.000000 0.135115 
0.882443 154.000000 0.117557 
0.875573 163.000000 0.124427 
0.890076 144.000000 0.109924 
0.878626 159.000000 0.121374 
0.867176 174.000000 0.132824 
0.867176 174.000000 0.132824 
0.874046 165.000000 0.125954 
0.871756 168.000000 0.128244 
0.873282 166.000000 0.126718 
0.884733 151.000000 0.115267 
0.867939 173.000000 0.132061 
0.872519 167.000000 0.127481 
0.882443 154.000000 0.117557 
0.874809 164.000000 0.125191 
0.876336 162.000000 0.123664 
0.869466 171.000000 0.130534 
0.880916 156.000000 0.119084 
0.869466 171.000000 0.130534 
0.859542 184.000000 0.140458 
0.870229 170.000000 0.129771 
0.869466 171.000000 0.130534 
0.871756 168.000000 0.128244 
0.876336 162.000000 0.123664 
0.874809 164.000000 0.125191 
0.876336 162.000000 0.123664 
0.873282 166.000000 0.126718 
0.867176 174.000000 0.132824 
0.873282 166.000000 0.126718 
0.883969 152.000000 0.116031 
0.864885 177.000000 0.135115 
0.874809 164.000000 0.125191 
0.880153 157.000000 0.119847 
0.868702 172.000000 0.131298 
0.864122 178.000000 0.135878 
0.874809 164.000000 0.125191 
0.870992 169.000000 0.129008 
0.870229 170.000000 0.129771 
0.875573 163.000000 0.124427 
0.872519 167.000000 0.127481 
0.867939 173.000000 0.132061 
0.884733 151.000000 0.115267 
0.871756 168.000000 0.128244 
0.878626 159.000000 0.121374 
0.876336 162.000000 0.123664 
0.877099 161.000000 0.122901 
0.872519 167.000000 0.127481 
0.881679 155.000000 0.118321 
0.876336 162.000000 0.123664 
0.868702 172.000000 0.131298 
0.867176 174.000000 0.132824 
0.867939 173.000000 0.132061 
0.872519 167.000000 0.127481 
0.875573 163.000000 0.124427 
0.875573 163.000000 0.124427 
0.875573 163.000000 0.124427 
0.863359 179.000000 0.136641 
0.877099 161.000000 0.122901 
0.874809 164.000000 0.125191 
0.877863 160.000000 0.122137 
0.879389 158.000000 0.120611 
0.870229 170.000000 0.129771 
0.875573 163.000000 0.124427 
0.874809 164.000000 0.125191 
0.878626 159.000000 0.121374 
0.877099 161.000000 0.122901 
0.878626 159.000000 0.121374 
0.872519 167.000000 0.127481 
0.864122 178.000000 0.135878 
0.873282 166.000000 0.126718 
0.874809 164.000000 0.125191 
0.870229 170.000000 0.129771 
0.870229 170.000000 0.129771 
0.875573 163.000000 0.124427 
0.885496 150.000000 0.114504 
0.877099 161.000000 0.122901 
0.869466 171.000000 0.130534 
0.873282 166.000000 0.126718 
0.865649 176.000000 0.134351 
0.867176 174.000000 0.132824 
0.876336 162.000000 0.123664 
0.877099 161.000000 0.122901 
0.874809 164.000000 0.125191 
0.867176 174.000000 0.132824 
0.880153 157.000000 0.119847 
0.867939 173.000000 0.132061 
0.861069 182.000000 0.138931 
0.880153 157.000000 0.119847 
0.859542 184.000000 0.140458 
0.883969 152.000000 0.116031 
0.882443 154.000000 0.117557 
0.890076 144.000000 0.109924 
0.886260 149.000000 0.113740 
0.883206 153.000000 0.116794 
0.888550 146.000000 0.111450 
0.870992 169.000000 0.129008 
0.868702 172.000000 0.131298 
0.878626 159.000000 0.121374 
0.872519 167.000000 0.127481 
0.871756 168.000000 0.128244 
0.870229 170.000000 0.129771 
0.867176 174.000000 0.132824 
0.879389 158.000000 0.120611 
0.870229 170.000000 0.129771 
0.881679 155.000000 0.118321 
0.877099 161.000000 0.122901 
0.880153 157.000000 0.119847 
0.879389 158.000000 0.120611 
0.870992 169.000000 0.129008 
0.879389 158.000000 0.120611 
0.870229 170.000000 0.129771 
0.874046 165.000000 0.125954 
0.868702 172.000000 0.131298 
0.880916 156.000000 0.119084 
0.878626 159.000000 0.121374 
0.877099 161.000000 0.122901 
0.883206 153.000000 0.116794 
0.869466 171.000000 0.130534 
0.869466 171.000000 0.130534 
0.873282 166.000000 0.126718 
0.876336 162.000000 0.123664 
0.876336 162.000000 0.123664 
0.870229 170.000000 0.129771 
0.872519 167.000000 0.127481 
0.870992 169.000000 0.129008 
0.867176 174.000000 0.132824 
0.872519 167.000000 0.127481 
0.873282 166.000000 0.126718 
0.864122 178.000000 0.135878 
0.872519 167.000000 0.127481 
0.870992 169.000000 0.129008 
0.869466 171.000000 0.130534 
0.881679 155.000000 0.118321 
0.877863 160.000000 0.122137 
0.866412 175.000000 0.133588 
0.880916 156.000000 0.119084 
0.883969 152.000000 0.116031 
0.886260 149.000000 0.113740 
0.874046 165.000000 0.125954 
0.873282 166.000000 0.126718 
0.870229 170.000000 0.129771 
0.878626 159.000000 0.121374 
0.872519 167.000000 0.127481 
0.878626 159.000000 0.121374 
0.860305 183.000000 0.139695 
0.880153 157.000000 0.119847 
0.880916 156.000000 0.119084 
0.874046 165.000000 0.125954 
0.870229 170.000000 0.129771 
0.861832 181.000000 0.138168 
0.863359 179.000000 0.136641 
0.876336 162.000000 0.123664 
0.870992 169.000000 0.129008 
0.875573 163.000000 0.124427 
0.880916 156.000000 0.119084 
0.874046 165.000000 0.125954 
0.882443 154.000000 0.117557 
0.877863 160.000000 0.122137 
0.868702 172.000000 0.131298 
0.874046 165.000000 0.125954 
0.863359 179.000000 0.136641 
0.880153 157.000000 0.119847 
0.869466 171.000000 0.130534 
0.866412 175.000000 0.133588 
0.882443 154.000000 0.117557 
0.870992 169.000000 0.129008 
0.872519 167.000000 0.127481 
0.874046 165.000000 0.125954 
0.885496 150.000000 0.114504 
0.873282 166.000000 0.126718 
0.881679 155.000000 0.118321 
0.883969 152.000000 0.116031 
0.869466 171.000000 0.130534 
0.874046 165.000000 0.125954 
0.880153 157.000000 0.119847 
0.884733 151.000000 0.115267 
0.867176 174.000000 0.132824 
0.876336 162.000000 0.123664 
0.877863 160.000000 0.122137 
0.872519 167.000000 0.127481 
0.877099 161.000000 0.122901 
0.879389 158.000000 0.120611 
0.884733 151.000000 0.115267 
0.880153 157.000000 0.119847 
0.872519 167.000000 0.127481 
0.880153 157.000000 0.119847 
0.877099 161.000000 0.122901 
0.869466 171.000000 0.130534 
0.872519 167.000000 0.127481 
0.873282 166.000000 0.126718 
0.881679 155.000000 0.118321 
0.876336 162.000000 0.123664 
0.871756 168.000000 0.128244 
0.867176 174.000000 0.132824 
0.877863 160.000000 0.122137 
0.875573 163.000000 0.124427 
0.884733 151.000000 0.115267 
0.874046 165.000000 0.125954 
0.870229 170.000000 0.129771 
0.861069 182.000000 0.138931 
0.875573 163.000000 0.124427 
0.858779 185.000000 0.141221 
0.887023 148.000000 0.112977 
0.880153 157.000000 0.119847 
0.875573 163.000000 0.124427 
0.877863 160.000000 0.122137 
0.876336 162.000000 0.123664 
0.865649 176.000000 0.134351 
0.863359 179.000000 0.136641 
0.872519 167.000000 0.127481 
0.878626 159.000000 0.121374 
0.870992 169.000000 0.129008 
0.862595 180.000000 0.137405 
0.872519 167.000000 0.127481 
0.885496 150.000000 0.114504 
0.873282 166.000000 0.126718 
0.875573 163.000000 0.124427 
0.879389 158.000000 0.120611 
0.883206 153.000000 0.116794 
0.870992 169.000000 0.129008 
0.876336 162.000000 0.123664 
0.867176 174.000000 0.132824 
0.881679 155.000000 0.118321 
0.877099 161.000000 0.122901 
0.875573 163.000000 0.124427 
0.877099 161.000000 0.122901 
0.882443 154.000000 0.117557 
0.867176 174.000000 0.132824 
0.874046 165.000000 0.125954 
0.878626 159.000000 0.121374 
0.874809 164.000000 0.125191 
0.877863 160.000000 0.122137 
0.867176 174.000000 0.132824 
0.883206 153.000000 0.116794 
0.866412 175.000000 0.133588 
0.863359 179.000000 0.136641 
0.880153 157.000000 0.119847 
0.872519 167.000000 0.127481 
0.877863 160.000000 0.122137 
0.878626 159.000000 0.121374 
0.885496 150.000000 0.114504 
0.869466 171.000000 0.130534 
0.874046 165.000000 0.125954 
0.872519 167.000000 0.127481 
0.874809 164.000000 0.125191 
0.884733 151.000000 0.115267 
0.875573 163.000000 0.124427 
0.870992 169.000000 0.129008 
0.875573 163.000000 0.124427 
0.874809 164.000000 0.125191 
0.883969 152.000000 0.116031 
0.863359 179.000000 0.136641 
0.872519 167.000000 0.127481 
0.873282 166.000000 0.126718 
0.876336 162.000000 0.123664 
0.865649 176.000000 0.134351 
0.876336 162.000000 0.123664 
0.880916 156.000000 0.119084 
0.861069 182.000000 0.138931 
0.871756 168.000000 0.128244 
0.863359 179.000000 0.136641 
0.875573 163.000000 0.124427 
0.876336 162.000000 0.123664 
0.887023 148.000000 0.112977 
0.864122 178.000000 0.135878 
0.870992 169.000000 0.129008 
0.867939 173.000000 0.132061 
0.867939 173.000000 0.132061 
0.880153 157.000000 0.119847 
0.876336 162.000000 0.123664 
0.877099 161.000000 0.122901 
0.886260 149.000000 0.113740 
0.881679 155.000000 0.118321 
0.877863 160.000000 0.122137 
0.880153 157.000000 0.119847 
0.874046 165.000000 0.125954 
0.873282 166.000000 0.126718 
0.870229 170.000000 0.129771 
0.883206 153.000000 0.116794 
0.874809 164.000000 0.125191 
0.876336 162.000000 0.123664 
0.867176 174.000000 0.132824 
0.869466 171.000000 0.130534 
0.877099 161.000000 0.122901 
0.879389 158.000000 0.120611 
0.883969 152.000000 0.116031 
0.874046 165.000000 0.125954 
0.870229 170.000000 0.129771 
0.881679 155.000000 0.118321 
0.875573 163.000000 0.124427 
0.874809 164.000000 0.125191 
0.871756 168.000000 0.128244 
0.870992 169.000000 0.129008 
0.878626 159.000000 0.121374 
0.869466 171.000000 0.130534 
0.871756 168.000000 0.128244 
0.877863 160.000000 0.122137 
0.869466 171.000000 0.130534 
0.870992 169.000000 0.129008 
0.873282 166.000000 0.126718 
0.873282 166.000000 0.126718 
0.874046 165.000000 0.125954 
0.864885 177.000000 0.135115 
0.874809 164.000000 0.125191 
0.877099 161.000000 0.122901 
0.867176 174.000000 0.132824 
0.867176 174.000000 0.132824 
0.876336 162.000000 0.123664 
0.891603 142.000000 0.108397 
0.866412 175.000000 0.133588 
0.871756 168.000000 0.128244 
0.874046 165.000000 0.125954 
0.885496 150.000000 0.114504 
0.876336 162.000000 0.123664 
0.883969 152.000000 0.116031 
0.874046 165.000000 0.125954 
0.889313 145.000000 0.110687 
0.868702 172.000000 0.131298 
0.874046 165.000000 0.125954 
0.883969 152.000000 0.116031 
0.868702 172.000000 0.131298 
0.879389 158.000000 0.120611 
0.888550 146.000000 0.111450 
0.878626 159.000000 0.121374 
0.874046 165.000000 0.125954 
0.890840 143.000000 0.109160 
0.869466 171.000000 0.130534 
0.881679 155.000000 0.118321 
0.880153 157.000000 0.119847 
0.877863 160.000000 0.122137 
0.873282 166.000000 0.126718 
0.869466 171.000000 0.130534 
0.870992 169.000000 0.129008 
0.877863 160.000000 0.122137 
0.867939 173.000000 0.132061 
0.880153 157.000000 0.119847 
0.871756 168.000000 0.128244 
0.870992 169.000000 0.129008 
0.863359 179.000000 0.136641 
0.867939 173.000000 0.132061 
0.879389 158.000000 0.120611 
0.877099 161.000000 0.122901 
0.876336 162.000000 0.123664 
0.867939 173.000000 0.132061 
0.865649 176.000000 0.134351 
0.866412 175.000000 0.133588 
0.877863 160.000000 0.122137 
0.887023 148.000000 0.112977 
0.880153 157.000000 0.119847 
0.876336 162.000000 0.123664 
0.881679 155.000000 0.118321 
0.864885 177.000000 0.135115 
0.887786 147.000000 0.112214 
0.870229 170.000000 0.129771 
0.882443 154.000000 0.117557 
0.881679 155.000000 0.118321 
0.871756 168.000000 0.128244 
0.875573 163.000000 0.124427 
0.879389 158.000000 0.120611 
0.867939 173.000000 0.132061 
