0.701527 391.000000 0.298473 
0.690840 405.000000 0.309160 
0.702290 390.000000 0.297710 
0.670992 431.000000 0.329008 
0.703817 388.000000 0.296183 
0.682443 416.000000 0.317557 
0.692366 403.000000 0.307634 
0.689313 407.000000 0.310687 
0.695420 399.000000 0.304580 
0.693893 401.000000 0.306107 
0.693130 402.000000 0.306870 
0.713740 375.000000 0.286260 
0.697710 396.000000 0.302290 
0.703053 389.000000 0.296947 
0.693130 402.000000 0.306870 
0.696183 398.000000 0.303817 
0.696183 398.000000 0.303817 
0.703817 388.000000 0.296183 
0.700000 393.000000 0.300000 
0.702290 390.000000 0.297710 
0.696183 398.000000 0.303817 
0.698473 395.000000 0.301527 
0.694656 400.000000 0.305344 
0.699237 394.000000 0.300763 
0.702290 390.000000 0.297710 
0.694656 400.000000 0.305344 
0.710687 379.000000 0.289313 
0.703817 388.000000 0.296183 
0.714504 374.000000 0.285496 
0.698473 395.000000 0.301527 
0.696947 397.000000 0.303053 
0.693130 402.000000 0.306870 
0.687023 410.000000 0.312977 
0.703053 389.000000 0.296947 
0.691603 404.000000 0.308397 
0.709160 381.000000 0.290840 
0.706870 384.000000 0.293130 
0.690840 405.000000 0.309160 
0.694656 400.000000 0.305344 
0.700000 393.000000 0.300000 
0.694656 400.000000 0.305344 
0.693893 401.000000 0.306107 
0.710687 379.000000 0.289313 
0.709160 381.000000 0.290840 
0.696183 398.000000 0.303817 
0.706107 385.000000 0.293893 
0.696183 398.000000 0.303817 
0.695420 399.000000 0.304580 
0.690840 405.000000 0.309160 
0.709924 380.000000 0.290076 
0.696183 398.000000 0.303817 
0.708397 382.000000 0.291603 
0.714504 374.000000 0.285496 
0.691603 404.000000 0.308397 
0.696947 397.000000 0.303053 
0.700000 393.000000 0.300000 
0.700763 392.000000 0.299237 
0.697710 396.000000 0.302290 
0.691603 404.000000 0.308397 
0.701527 391.000000 0.298473 
0.702290 390.000000 0.297710 
0.716794 371.000000 0.283206 
0.696947 397.000000 0.303053 
0.721374 365.000000 0.278626 
0.695420 399.000000 0.304580 
0.700000 393.000000 0.300000 
0.695420 399.000000 0.304580 
0.709160 381.000000 0.290840 
0.706107 385.000000 0.293893 
0.697710 396.000000 0.302290 
0.702290 390.000000 0.297710 
0.694656 400.000000 0.305344 
0.696947 397.000000 0.303053 
0.693130 402.000000 0.306870 
0.704580 387.000000 0.295420 
0.702290 390.000000 0.297710 
0.696183 398.000000 0.303817 
0.693130 402.000000 0.306870 
0.695420 399.000000 0.304580 
0.707634 383.000000 0.292366 
0.699237 394.000000 0.300763 
0.700000 393.000000 0.300000 
0.698473 395.000000 0.301527 
0.682443 416.000000 0.317557 
0.697710 396.000000 0.302290 
0.690840 405.000000 0.309160 
0.716794 371.000000 0.283206 
0.716031 372.000000 0.283969 
0.715267 373.000000 0.284733 
0.696183 398.000000 0.303817 
0.716031 372.000000 0.283969 
0.712977 376.000000 0.287023 
0.706870 384.000000 0.293130 
0.702290 390.000000 0.297710 
0.732061 351.000000 0.267939 
0.703053 389.000000 0.296947 
0.707634 383.000000 0.292366 
0.697710 396.000000 0.302290 
0.702290 390.000000 0.297710 
0.687023 410.000000 0.312977 
0.683206 415.000000 0.316794 
0.695420 399.000000 0.304580 
0.703053 389.000000 0.296947 
0.711450 378.000000 0.288550 
0.706107 385.000000 0.293893 
0.700000 393.000000 0.300000 
0.711450 378.000000 0.288550 
0.706870 384.000000 0.293130 
0.723664 362.000000 0.276336 
0.701527 391.000000 0.298473 
0.706107 385.000000 0.293893 
0.693130 402.000000 0.306870 
0.700763 392.000000 0.299237 
0.693130 402.000000 0.306870 
0.696183 398.000000 0.303817 
0.695420 399.000000 0.304580 
0.704580 387.000000 0.295420 
0.703817 388.000000 0.296183 
0.706870 384.000000 0.293130 
0.693130 402.000000 0.306870 
0.674809 426.000000 0.325191 
0.682443 416.000000 0.317557 
0.691603 404.000000 0.308397 
0.695420 399.000000 0.304580 
0.712214 377.000000 0.287786 
0.694656 400.000000 0.305344 
0.707634 383.000000 0.292366 
0.718321 369.000000 0.281679 
0.712214 377.000000 0.287786 
0.699237 394.000000 0.300763 
0.695420 399.000000 0.304580 
0.695420 399.000000 0.304580 
0.704580 387.000000 0.295420 
0.714504 374.000000 0.285496 
0.707634 383.000000 0.292366 
0.701527 391.000000 0.298473 
0.713740 375.000000 0.286260 
0.709160 381.000000 0.290840 
0.696947 397.000000 0.303053 
0.682443 416.000000 0.317557 
0.702290 390.000000 0.297710 
0.700000 393.000000 0.300000 
0.698473 395.000000 0.301527 
0.690076 406.000000 0.309924 
0.698473 395.000000 0.301527 
0.701527 391.000000 0.298473 
0.699237 394.000000 0.300763 
0.694656 400.000000 0.305344 
0.684733 413.000000 0.315267 
0.704580 387.000000 0.295420 
0.687786 409.000000 0.312214 
0.712214 377.000000 0.287786 
0.717557 370.000000 0.282443 
0.699237 394.000000 0.300763 
0.695420 399.000000 0.304580 
0.696183 398.000000 0.303817 
0.699237 394.000000 0.300763 
0.693130 402.000000 0.306870 
0.705344 386.000000 0.294656 
0.689313 407.000000 0.310687 
0.677863 422.000000 0.322137 
0.716794 371.000000 0.283206 
0.703053 389.000000 0.296947 
0.702290 390.000000 0.297710 
0.688550 408.000000 0.311450 
0.693893 401.000000 0.306107 
0.680916 418.000000 0.319084 
0.703053 389.000000 0.296947 
0.684733 413.000000 0.315267 
0.700763 392.000000 0.299237 
0.685496 412.000000 0.314504 
0.712977 376.000000 0.287023 
0.711450 378.000000 0.288550 
0.684733 413.000000 0.315267 
0.693130 402.000000 0.306870 
0.699237 394.000000 0.300763 
0.701527 391.000000 0.298473 
0.677099 423.000000 0.322901 
0.690076 406.000000 0.309924 
0.692366 403.000000 0.307634 
0.691603 404.000000 0.308397 
0.701527 391.000000 0.298473 
0.693130 402.000000 0.306870 
0.677863 422.000000 0.322137 
0.680153 419.000000 0.319847 
0.719084 368.000000 0.280916 
0.697710 396.000000 0.302290 
0.683206 415.000000 0.316794 
0.703817 388.000000 0.296183 
0.700000 393.000000 0.300000 
0.703817 388.000000 0.296183 
0.706870 384.000000 0.293130 
0.716031 372.000000 0.283969 
0.706870 384.000000 0.293130 
0.701527 391.000000 0.298473 
0.696947 397.000000 0.303053 
0.702290 390.000000 0.297710 
0.706107 385.000000 0.293893 
0.720611 366.000000 0.279389 
0.700000 393.000000 0.300000 
0.692366 403.000000 0.307634 
0.701527 391.000000 0.298473 
0.689313 407.000000 0.310687 
0.712977 376.000000 0.287023 
0.677099 423.000000 0.322901 
0.704580 387.000000 0.295420 
0.681679 417.000000 0.318321 
0.687786 409.000000 0.312214 
0.695420 399.000000 0.304580 
0.711450 378.000000 0.288550 
0.703053 389.000000 0.296947 
0.694656 400.000000 0.305344 
0.700000 393.000000 0.300000 
0.706107 385.000000 0.293893 
0.701527 391.000000 0.298473 
0.706107 385.000000 0.293893 
0.710687 379.000000 0.289313 
0.704580 387.000000 0.295420 
0.695420 399.000000 0.304580 
0.700763 392.000000 0.299237 
0.709160 381.000000 0.290840 
0.699237 394.000000 0.300763 
0.696947 397.000000 0.303053 
0.697710 396.000000 0.302290 
0.711450 378.000000 0.288550 
0.719847 367.000000 0.280153 
0.698473 395.000000 0.301527 
0.706107 385.000000 0.293893 
0.693130 402.000000 0.306870 
0.693893 401.000000 0.306107 
0.706107 385.000000 0.293893 
0.680916 418.000000 0.319084 
0.698473 395.000000 0.301527 
0.708397 382.000000 0.291603 
0.711450 378.000000 0.288550 
0.703817 388.000000 0.296183 
0.714504 374.000000 0.285496 
0.686260 411.000000 0.313740 
0.708397 382.000000 0.291603 
0.687786 409.000000 0.312214 
0.696183 398.000000 0.303817 
0.700763 392.000000 0.299237 
0.689313 407.000000 0.310687 
0.695420 399.000000 0.304580 
0.703817 388.000000 0.296183 
0.695420 399.000000 0.304580 
0.701527 391.000000 0.298473 
0.693893 401.000000 0.306107 
0.690076 406.000000 0.309924 
0.701527 391.000000 0.298473 
0.700000 393.000000 0.300000 
0.706107 385.000000 0.293893 
0.697710 396.000000 0.302290 
0.700763 392.000000 0.299237 
0.714504 374.000000 0.285496 
0.708397 382.000000 0.291603 
0.693893 401.000000 0.306107 
0.709160 381.000000 0.290840 
0.703817 388.000000 0.296183 
0.682443 416.000000 0.317557 
0.710687 379.000000 0.289313 
0.699237 394.000000 0.300763 
0.697710 396.000000 0.302290 
0.693893 401.000000 0.306107 
0.687786 409.000000 0.312214 
0.709160 381.000000 0.290840 
0.714504 374.000000 0.285496 
0.716031 372.000000 0.283969 
0.710687 379.000000 0.289313 
0.687786 409.000000 0.312214 
0.701527 391.000000 0.298473 
0.701527 391.000000 0.298473 
0.701527 391.000000 0.298473 
0.701527 391.000000 0.298473 
0.691603 404.000000 0.308397 
0.701527 391.000000 0.298473 
0.699237 394.000000 0.300763 
0.707634 383.000000 0.292366 
0.687023 410.000000 0.312977 
0.701527 391.000000 0.298473 
0.697710 396.000000 0.302290 
0.697710 396.000000 0.302290 
0.691603 404.000000 0.308397 
0.708397 382.000000 0.291603 
0.706870 384.000000 0.293130 
0.704580 387.000000 0.295420 
0.702290 390.000000 0.297710 
0.690076 406.000000 0.309924 
0.697710 396.000000 0.302290 
0.700000 393.000000 0.300000 
0.702290 390.000000 0.297710 
0.703053 389.000000 0.296947 
0.701527 391.000000 0.298473 
0.693130 402.000000 0.306870 
0.706870 384.000000 0.293130 
0.706870 384.000000 0.293130 
0.682443 416.000000 0.317557 
0.708397 382.000000 0.291603 
0.702290 390.000000 0.297710 
0.691603 404.000000 0.308397 
0.696947 397.000000 0.303053 
0.700000 393.000000 0.300000 
0.706870 384.000000 0.293130 
0.718321 369.000000 0.281679 
0.707634 383.000000 0.292366 
0.706870 384.000000 0.293130 
0.698473 395.000000 0.301527 
0.693893 401.000000 0.306107 
0.709924 380.000000 0.290076 
0.688550 408.000000 0.311450 
0.701527 391.000000 0.298473 
0.684733 413.000000 0.315267 
0.720611 366.000000 0.279389 
0.716031 372.000000 0.283969 
0.711450 378.000000 0.288550 
0.702290 390.000000 0.297710 
0.725191 360.000000 0.274809 
0.696947 397.000000 0.303053 
0.694656 400.000000 0.305344 
0.691603 404.000000 0.308397 
0.701527 391.000000 0.298473 
0.711450 378.000000 0.288550 
0.693130 402.000000 0.306870 
0.697710 396.000000 0.302290 
0.683206 415.000000 0.316794 
0.689313 407.000000 0.310687 
0.706870 384.000000 0.293130 
0.699237 394.000000 0.300763 
0.715267 373.000000 0.284733 
0.703053 389.000000 0.296947 
0.689313 407.000000 0.310687 
0.708397 382.000000 0.291603 
0.700000 393.000000 0.300000 
0.709160 381.000000 0.290840 
0.692366 403.000000 0.307634 
0.696183 398.000000 0.303817 
0.710687 379.000000 0.289313 
0.700000 393.000000 0.300000 
0.705344 386.000000 0.294656 
0.712214 377.000000 0.287786 
0.703053 389.000000 0.296947 
0.692366 403.000000 0.307634 
0.711450 378.000000 0.288550 
0.703817 388.000000 0.296183 
0.700763 392.000000 0.299237 
0.687023 410.000000 0.312977 
0.692366 403.000000 0.307634 
0.718321 369.000000 0.281679 
0.696183 398.000000 0.303817 
0.690076 406.000000 0.309924 
0.714504 374.000000 0.285496 
0.687786 409.000000 0.312214 
0.703053 389.000000 0.296947 
0.704580 387.000000 0.295420 
0.702290 390.000000 0.297710 
0.703817 388.000000 0.296183 
0.697710 396.000000 0.302290 
0.704580 387.000000 0.295420 
0.708397 382.000000 0.291603 
0.696183 398.000000 0.303817 
0.712977 376.000000 0.287023 
0.709924 380.000000 0.290076 
0.706870 384.000000 0.293130 
0.702290 390.000000 0.297710 
0.700763 392.000000 0.299237 
0.693130 402.000000 0.306870 
0.714504 374.000000 0.285496 
0.703053 389.000000 0.296947 
0.704580 387.000000 0.295420 
0.688550 408.000000 0.311450 
0.686260 411.000000 0.313740 
0.696183 398.000000 0.303817 
0.701527 391.000000 0.298473 
0.688550 408.000000 0.311450 
0.707634 383.000000 0.292366 
0.697710 396.000000 0.302290 
0.703053 389.000000 0.296947 
0.705344 386.000000 0.294656 
0.707634 383.000000 0.292366 
0.717557 370.000000 0.282443 
0.691603 404.000000 0.308397 
0.702290 390.000000 0.297710 
0.696947 397.000000 0.303053 
0.707634 383.000000 0.292366 
0.707634 383.000000 0.292366 
0.725191 360.000000 0.274809 
0.701527 391.000000 0.298473 
0.691603 404.000000 0.308397 
0.708397 382.000000 0.291603 
0.687023 410.000000 0.312977 
0.702290 390.000000 0.297710 
0.719847 367.000000 0.280153 
0.672519 429.000000 0.327481 
0.689313 407.000000 0.310687 
0.706870 384.000000 0.293130 
0.697710 396.000000 0.302290 
0.702290 390.000000 0.297710 
0.687023 410.000000 0.312977 
0.700000 393.000000 0.300000 
0.701527 391.000000 0.298473 
0.707634 383.000000 0.292366 
0.703817 388.000000 0.296183 
0.696183 398.000000 0.303817 
0.693130 402.000000 0.306870 
0.697710 396.000000 0.302290 
0.708397 382.000000 0.291603 
0.707634 383.000000 0.292366 
0.689313 407.000000 0.310687 
0.675573 425.000000 0.324427 
0.702290 390.000000 0.297710 
0.683969 414.000000 0.316031 
0.694656 400.000000 0.305344 
0.715267 373.000000 0.284733 
0.709924 380.000000 0.290076 
0.710687 379.000000 0.289313 
0.702290 390.000000 0.297710 
0.711450 378.000000 0.288550 
0.708397 382.000000 0.291603 
0.690076 406.000000 0.309924 
0.702290 390.000000 0.297710 
0.710687 379.000000 0.289313 
0.679389 420.000000 0.320611 
0.709160 381.000000 0.290840 
0.709924 380.000000 0.290076 
0.704580 387.000000 0.295420 
0.693130 402.000000 0.306870 
0.710687 379.000000 0.289313 
0.714504 374.000000 0.285496 
0.712977 376.000000 0.287023 
0.689313 407.000000 0.310687 
0.712977 376.000000 0.287023 
0.697710 396.000000 0.302290 
0.706107 385.000000 0.293893 
0.696947 397.000000 0.303053 
0.702290 390.000000 0.297710 
0.708397 382.000000 0.291603 
0.701527 391.000000 0.298473 
0.695420 399.000000 0.304580 
0.697710 396.000000 0.302290 
0.690076 406.000000 0.309924 
0.700000 393.000000 0.300000 
0.686260 411.000000 0.313740 
0.696183 398.000000 0.303817 
0.699237 394.000000 0.300763 
0.706870 384.000000 0.293130 
0.688550 408.000000 0.311450 
0.685496 412.000000 0.314504 
0.686260 411.000000 0.313740 
0.709924 380.000000 0.290076 
0.693893 401.000000 0.306107 
0.697710 396.000000 0.302290 
0.696183 398.000000 0.303817 
0.706107 385.000000 0.293893 
0.700763 392.000000 0.299237 
0.693893 401.000000 0.306107 
0.694656 400.000000 0.305344 
0.709924 380.000000 0.290076 
0.699237 394.000000 0.300763 
0.690840 405.000000 0.309160 
0.711450 378.000000 0.288550 
0.693893 401.000000 0.306107 
0.695420 399.000000 0.304580 
0.697710 396.000000 0.302290 
0.698473 395.000000 0.301527 
0.700763 392.000000 0.299237 
0.698473 395.000000 0.301527 
0.708397 382.000000 0.291603 
0.696183 398.000000 0.303817 
0.698473 395.000000 0.301527 
0.703817 388.000000 0.296183 
0.714504 374.000000 0.285496 
0.701527 391.000000 0.298473 
0.692366 403.000000 0.307634 
0.719847 367.000000 0.280153 
0.693130 402.000000 0.306870 
0.693893 401.000000 0.306107 
0.687786 409.000000 0.312214 
0.693130 402.000000 0.306870 
0.696947 397.000000 0.303053 
0.694656 400.000000 0.305344 
0.702290 390.000000 0.297710 
0.697710 396.000000 0.302290 
0.697710 396.000000 0.302290 
0.701527 391.000000 0.298473 
0.696183 398.000000 0.303817 
0.708397 382.000000 0.291603 
0.706107 385.000000 0.293893 
0.693130 402.000000 0.306870 
0.696183 398.000000 0.303817 
0.709160 381.000000 0.290840 
0.706107 385.000000 0.293893 
0.670229 432.000000 0.329771 
0.702290 390.000000 0.297710 
0.695420 399.000000 0.304580 
0.689313 407.000000 0.310687 
0.707634 383.000000 0.292366 
0.705344 386.000000 0.294656 
0.691603 404.000000 0.308397 
0.703053 389.000000 0.296947 
0.714504 374.000000 0.285496 
0.706107 385.000000 0.293893 
0.696947 397.000000 0.303053 
0.704580 387.000000 0.295420 
0.700000 393.000000 0.300000 
0.707634 383.000000 0.292366 
0.705344 386.000000 0.294656 
0.706107 385.000000 0.293893 
0.703817 388.000000 0.296183 
0.713740 375.000000 0.286260 
0.690840 405.000000 0.309160 
0.700763 392.000000 0.299237 
0.696947 397.000000 0.303053 
0.701527 391.000000 0.298473 
0.694656 400.000000 0.305344 
0.700763 392.000000 0.299237 
0.718321 369.000000 0.281679 
0.691603 404.000000 0.308397 
0.690076 406.000000 0.309924 
0.696947 397.000000 0.303053 
0.707634 383.000000 0.292366 
0.693893 401.000000 0.306107 
0.694656 400.000000 0.305344 
0.707634 383.000000 0.292366 
0.706870 384.000000 0.293130 
0.696947 397.000000 0.303053 
0.700000 393.000000 0.300000 
0.696183 398.000000 0.303817 
0.693130 402.000000 0.306870 
0.694656 400.000000 0.305344 
0.690076 406.000000 0.309924 
0.694656 400.000000 0.305344 
0.712977 376.000000 0.287023 
0.716031 372.000000 0.283969 
0.695420 399.000000 0.304580 
0.705344 386.000000 0.294656 
0.700000 393.000000 0.300000 
0.694656 400.000000 0.305344 
0.687786 409.000000 0.312214 
0.703817 388.000000 0.296183 
0.693130 402.000000 0.306870 
0.697710 396.000000 0.302290 
0.707634 383.000000 0.292366 
0.693893 401.000000 0.306107 
0.697710 396.000000 0.302290 
0.688550 408.000000 0.311450 
0.705344 386.000000 0.294656 
0.703053 389.000000 0.296947 
0.696947 397.000000 0.303053 
0.701527 391.000000 0.298473 
0.705344 386.000000 0.294656 
0.701527 391.000000 0.298473 
0.687023 410.000000 0.312977 
0.696183 398.000000 0.303817 
0.715267 373.000000 0.284733 
0.695420 399.000000 0.304580 
0.706870 384.000000 0.293130 
0.706107 385.000000 0.293893 
0.698473 395.000000 0.301527 
0.701527 391.000000 0.298473 
0.683206 415.000000 0.316794 
0.693893 401.000000 0.306107 
0.708397 382.000000 0.291603 
0.696183 398.000000 0.303817 
0.696183 398.000000 0.303817 
0.701527 391.000000 0.298473 
0.696183 398.000000 0.303817 
0.704580 387.000000 0.295420 
0.707634 383.000000 0.292366 
0.693893 401.000000 0.306107 
0.698473 395.000000 0.301527 
0.696183 398.000000 0.303817 
0.710687 379.000000 0.289313 
0.690076 406.000000 0.309924 
0.693130 402.000000 0.306870 
0.699237 394.000000 0.300763 
0.699237 394.000000 0.300763 
0.690840 405.000000 0.309160 
0.706870 384.000000 0.293130 
0.700763 392.000000 0.299237 
0.711450 378.000000 0.288550 
0.701527 391.000000 0.298473 
0.729008 355.000000 0.270992 
0.705344 386.000000 0.294656 
0.710687 379.000000 0.289313 
0.697710 396.000000 0.302290 
0.697710 396.000000 0.302290 
0.699237 394.000000 0.300763 
0.683206 415.000000 0.316794 
0.693893 401.000000 0.306107 
0.681679 417.000000 0.318321 
0.698473 395.000000 0.301527 
0.700763 392.000000 0.299237 
0.708397 382.000000 0.291603 
0.705344 386.000000 0.294656 
0.685496 412.000000 0.314504 
0.705344 386.000000 0.294656 
0.696183 398.000000 0.303817 
0.700000 393.000000 0.300000 
0.702290 390.000000 0.297710 
0.698473 395.000000 0.301527 
0.712214 377.000000 0.287786 
0.688550 408.000000 0.311450 
0.683969 414.000000 0.316031 
0.703817 388.000000 0.296183 
0.696183 398.000000 0.303817 
0.707634 383.000000 0.292366 
0.701527 391.000000 0.298473 
0.704580 387.000000 0.295420 
0.711450 378.000000 0.288550 
0.692366 403.000000 0.307634 
0.693893 401.000000 0.306107 
0.700763 392.000000 0.299237 
0.702290 390.000000 0.297710 
0.699237 394.000000 0.300763 
0.703817 388.000000 0.296183 
0.685496 412.000000 0.314504 
0.696183 398.000000 0.303817 
0.687786 409.000000 0.312214 
0.699237 394.000000 0.300763 
0.688550 408.000000 0.311450 
0.699237 394.000000 0.300763 
0.702290 390.000000 0.297710 
0.710687 379.000000 0.289313 
0.696183 398.000000 0.303817 
0.709160 381.000000 0.290840 
0.703817 388.000000 0.296183 
0.689313 407.000000 0.310687 
0.684733 413.000000 0.315267 
0.690076 406.000000 0.309924 
0.712214 377.000000 0.287786 
0.697710 396.000000 0.302290 
0.699237 394.000000 0.300763 
0.717557 370.000000 0.282443 
0.696183 398.000000 0.303817 
0.696183 398.000000 0.303817 
0.698473 395.000000 0.301527 
0.695420 399.000000 0.304580 
0.700763 392.000000 0.299237 
0.691603 404.000000 0.308397 
0.704580 387.000000 0.295420 
0.701527 391.000000 0.298473 
0.705344 386.000000 0.294656 
0.692366 403.000000 0.307634 
0.687786 409.000000 0.312214 
0.703053 389.000000 0.296947 
0.712977 376.000000 0.287023 
0.709924 380.000000 0.290076 
0.695420 399.000000 0.304580 
0.702290 390.000000 0.297710 
0.709924 380.000000 0.290076 
0.686260 411.000000 0.313740 
0.690840 405.000000 0.309160 
0.709924 380.000000 0.290076 
0.709924 380.000000 0.290076 
0.687023 410.000000 0.312977 
0.703817 388.000000 0.296183 
0.696947 397.000000 0.303053 
0.696183 398.000000 0.303817 
0.683969 414.000000 0.316031 
0.700763 392.000000 0.299237 
0.698473 395.000000 0.301527 
0.706870 384.000000 0.293130 
0.706107 385.000000 0.293893 
0.687786 409.000000 0.312214 
0.696947 397.000000 0.303053 
0.687023 410.000000 0.312977 
0.708397 382.000000 0.291603 
0.706107 385.000000 0.293893 
0.694656 400.000000 0.305344 
0.696947 397.000000 0.303053 
0.703817 388.000000 0.296183 
0.693893 401.000000 0.306107 
0.708397 382.000000 0.291603 
0.700763 392.000000 0.299237 
0.694656 400.000000 0.305344 
0.692366 403.000000 0.307634 
0.709160 381.000000 0.290840 
0.711450 378.000000 0.288550 
0.707634 383.000000 0.292366 
0.700763 392.000000 0.299237 
0.693130 402.000000 0.306870 
0.703817 388.000000 0.296183 
0.708397 382.000000 0.291603 
0.707634 383.000000 0.292366 
0.700763 392.000000 0.299237 
0.693130 402.000000 0.306870 
0.706107 385.000000 0.293893 
0.699237 394.000000 0.300763 
0.705344 386.000000 0.294656 
0.696947 397.000000 0.303053 
0.706870 384.000000 0.293130 
0.701527 391.000000 0.298473 
0.707634 383.000000 0.292366 
0.693893 401.000000 0.306107 
0.695420 399.000000 0.304580 
0.712977 376.000000 0.287023 
0.695420 399.000000 0.304580 
0.686260 411.000000 0.313740 
0.698473 395.000000 0.301527 
0.697710 396.000000 0.302290 
0.696183 398.000000 0.303817 
0.709924 380.000000 0.290076 
0.710687 379.000000 0.289313 
0.702290 390.000000 0.297710 
0.706870 384.000000 0.293130 
0.687023 410.000000 0.312977 
0.697710 396.000000 0.302290 
0.703053 389.000000 0.296947 
0.704580 387.000000 0.295420 
0.713740 375.000000 0.286260 
0.706870 384.000000 0.293130 
0.696183 398.000000 0.303817 
0.704580 387.000000 0.295420 
0.706870 384.000000 0.293130 
0.683969 414.000000 0.316031 
0.695420 399.000000 0.304580 
0.717557 370.000000 0.282443 
0.719084 368.000000 0.280916 
0.706107 385.000000 0.293893 
0.691603 404.000000 0.308397 
0.698473 395.000000 0.301527 
0.703053 389.000000 0.296947 
0.703053 389.000000 0.296947 
0.698473 395.000000 0.301527 
0.690076 406.000000 0.309924 
0.684733 413.000000 0.315267 
0.679389 420.000000 0.320611 
0.702290 390.000000 0.297710 
0.702290 390.000000 0.297710 
0.691603 404.000000 0.308397 
0.700763 392.000000 0.299237 
0.705344 386.000000 0.294656 
0.700000 393.000000 0.300000 
0.693130 402.000000 0.306870 
0.693893 401.000000 0.306107 
0.701527 391.000000 0.298473 
0.694656 400.000000 0.305344 
0.690840 405.000000 0.309160 
0.706870 384.000000 0.293130 
0.685496 412.000000 0.314504 
0.697710 396.000000 0.302290 
0.711450 378.000000 0.288550 
0.696183 398.000000 0.303817 
0.691603 404.000000 0.308397 
0.709924 380.000000 0.290076 
0.712214 377.000000 0.287786 
0.705344 386.000000 0.294656 
0.690076 406.000000 0.309924 
0.689313 407.000000 0.310687 
0.700000 393.000000 0.300000 
0.728244 356.000000 0.271756 
0.692366 403.000000 0.307634 
0.706870 384.000000 0.293130 
0.701527 391.000000 0.298473 
0.703053 389.000000 0.296947 
0.698473 395.000000 0.301527 
0.687023 410.000000 0.312977 
0.716031 372.000000 0.283969 
0.713740 375.000000 0.286260 
0.718321 369.000000 0.281679 
0.688550 408.000000 0.311450 
0.692366 403.000000 0.307634 
0.700000 393.000000 0.300000 
0.712977 376.000000 0.287023 
0.712977 376.000000 0.287023 
0.694656 400.000000 0.305344 
0.695420 399.000000 0.304580 
0.712977 376.000000 0.287023 
0.696947 397.000000 0.303053 
0.696947 397.000000 0.303053 
0.698473 395.000000 0.301527 
0.712977 376.000000 0.287023 
0.694656 400.000000 0.305344 
0.693130 402.000000 0.306870 
0.701527 391.000000 0.298473 
0.717557 370.000000 0.282443 
0.699237 394.000000 0.300763 
0.700763 392.000000 0.299237 
0.709924 380.000000 0.290076 
0.682443 416.000000 0.317557 
0.683969 414.000000 0.316031 
0.690840 405.000000 0.309160 
0.709160 381.000000 0.290840 
0.689313 407.000000 0.310687 
0.702290 390.000000 0.297710 
0.705344 386.000000 0.294656 
0.699237 394.000000 0.300763 
0.705344 386.000000 0.294656 
0.704580 387.000000 0.295420 
0.670992 431.000000 0.329008 
0.693893 401.000000 0.306107 
0.709160 381.000000 0.290840 
0.694656 400.000000 0.305344 
0.699237 394.000000 0.300763 
0.695420 399.000000 0.304580 
0.708397 382.000000 0.291603 
0.706107 385.000000 0.293893 
0.700000 393.000000 0.300000 
0.709160 381.000000 0.290840 
0.688550 408.000000 0.311450 
0.706107 385.000000 0.293893 
0.693893 401.000000 0.306107 
0.720611 366.000000 0.279389 
0.698473 395.000000 0.301527 
0.693130 402.000000 0.306870 
0.700000 393.000000 0.300000 
0.693130 402.000000 0.306870 
0.706107 385.000000 0.293893 
0.703817 388.000000 0.296183 
0.703817 388.000000 0.296183 
0.687786 409.000000 0.312214 
0.693893 401.000000 0.306107 
0.706107 385.000000 0.293893 
0.704580 387.000000 0.295420 
0.715267 373.000000 0.284733 
0.706107 385.000000 0.293893 
0.706870 384.000000 0.293130 
0.690076 406.000000 0.309924 
0.713740 375.000000 0.286260 
0.706107 385.000000 0.293893 
0.692366 403.000000 0.307634 
0.698473 395.000000 0.301527 
0.703053 389.000000 0.296947 
0.695420 399.000000 0.304580 
0.691603 404.000000 0.308397 
0.707634 383.000000 0.292366 
0.704580 387.000000 0.295420 
0.690840 405.000000 0.309160 
0.699237 394.000000 0.300763 
0.712214 377.000000 0.287786 
0.709924 380.000000 0.290076 
0.700763 392.000000 0.299237 
0.692366 403.000000 0.307634 
0.694656 400.000000 0.305344 
0.698473 395.000000 0.301527 
0.708397 382.000000 0.291603 
0.712214 377.000000 0.287786 
0.719084 368.000000 0.280916 
0.714504 374.000000 0.285496 
0.697710 396.000000 0.302290 
0.710687 379.000000 0.289313 
0.717557 370.000000 0.282443 
0.696183 398.000000 0.303817 
0.700000 393.000000 0.300000 
0.703053 389.000000 0.296947 
0.684733 413.000000 0.315267 
0.710687 379.000000 0.289313 
0.696947 397.000000 0.303053 
0.697710 396.000000 0.302290 
0.693893 401.000000 0.306107 
0.690076 406.000000 0.309924 
0.687786 409.000000 0.312214 
0.703817 388.000000 0.296183 
0.699237 394.000000 0.300763 
0.710687 379.000000 0.289313 
0.702290 390.000000 0.297710 
0.684733 413.000000 0.315267 
0.696947 397.000000 0.303053 
0.693893 401.000000 0.306107 
0.699237 394.000000 0.300763 
0.706107 385.000000 0.293893 
0.686260 411.000000 0.313740 
0.703053 389.000000 0.296947 
0.703053 389.000000 0.296947 
0.698473 395.000000 0.301527 
0.695420 399.000000 0.304580 
0.703817 388.000000 0.296183 
0.708397 382.000000 0.291603 
0.700763 392.000000 0.299237 
0.708397 382.000000 0.291603 
0.698473 395.000000 0.301527 
0.710687 379.000000 0.289313 
0.704580 387.000000 0.295420 
0.683969 414.000000 0.316031 
0.700763 392.000000 0.299237 
0.695420 399.000000 0.304580 
0.703053 389.000000 0.296947 
0.690076 406.000000 0.309924 
0.700763 392.000000 0.299237 
0.700000 393.000000 0.300000 
0.704580 387.000000 0.295420 
0.704580 387.000000 0.295420 
0.700763 392.000000 0.299237 
0.699237 394.000000 0.300763 
0.678626 421.000000 0.321374 
0.692366 403.000000 0.307634 
0.700763 392.000000 0.299237 
0.703053 389.000000 0.296947 
0.707634 383.000000 0.292366 
0.682443 416.000000 0.317557 
0.694656 400.000000 0.305344 
0.689313 407.000000 0.310687 
0.695420 399.000000 0.304580 
0.703053 389.000000 0.296947 
0.700763 392.000000 0.299237 
0.691603 404.000000 0.308397 
0.702290 390.000000 0.297710 
0.709160 381.000000 0.290840 
0.693130 402.000000 0.306870 
0.696947 397.000000 0.303053 
0.686260 411.000000 0.313740 
0.684733 413.000000 0.315267 
0.704580 387.000000 0.295420 
0.706870 384.000000 0.293130 
0.716031 372.000000 0.283969 
0.689313 407.000000 0.310687 
0.703817 388.000000 0.296183 
0.722901 363.000000 0.277099 
0.695420 399.000000 0.304580 
0.693130 402.000000 0.306870 
0.692366 403.000000 0.307634 
0.706870 384.000000 0.293130 
0.699237 394.000000 0.300763 
0.693130 402.000000 0.306870 
0.687786 409.000000 0.312214 
0.703053 389.000000 0.296947 
0.701527 391.000000 0.298473 
0.698473 395.000000 0.301527 
0.706107 385.000000 0.293893 
0.696947 397.000000 0.303053 
0.707634 383.000000 0.292366 
0.691603 404.000000 0.308397 
0.712977 376.000000 0.287023 
0.674046 427.000000 0.325954 
0.690076 406.000000 0.309924 
0.696183 398.000000 0.303817 
0.703053 389.000000 0.296947 
0.706107 385.000000 0.293893 
0.686260 411.000000 0.313740 
0.693893 401.000000 0.306107 
0.712214 377.000000 0.287786 
0.689313 407.000000 0.310687 
0.700763 392.000000 0.299237 
0.695420 399.000000 0.304580 
0.703053 389.000000 0.296947 
0.693893 401.000000 0.306107 
0.706870 384.000000 0.293130 
0.683206 415.000000 0.316794 
0.710687 379.000000 0.289313 
0.704580 387.000000 0.295420 
0.696947 397.000000 0.303053 
0.700000 393.000000 0.300000 
0.697710 396.000000 0.302290 
0.689313 407.000000 0.310687 
0.711450 378.000000 0.288550 
0.691603 404.000000 0.308397 
0.703053 389.000000 0.296947 
0.713740 375.000000 0.286260 
0.708397 382.000000 0.291603 
0.697710 396.000000 0.302290 
0.703817 388.000000 0.296183 
0.716031 372.000000 0.283969 
0.703053 389.000000 0.296947 
0.701527 391.000000 0.298473 
0.700763 392.000000 0.299237 
0.701527 391.000000 0.298473 
0.696947 397.000000 0.303053 
0.698473 395.000000 0.301527 
0.699237 394.000000 0.300763 
0.709924 380.000000 0.290076 
0.706870 384.000000 0.293130 
0.699237 394.000000 0.300763 
0.693893 401.000000 0.306107 
0.681679 417.000000 0.318321 
0.706107 385.000000 0.293893 
0.718321 369.000000 0.281679 
0.700763 392.000000 0.299237 
0.695420 399.000000 0.304580 
0.716794 371.000000 0.283206 
0.704580 387.000000 0.295420 
0.691603 404.000000 0.308397 
0.698473 395.000000 0.301527 
0.696183 398.000000 0.303817 
0.723664 362.000000 0.276336 
0.708397 382.000000 0.291603 
0.693893 401.000000 0.306107 
0.703053 389.000000 0.296947 
0.685496 412.000000 0.314504 
0.701527 391.000000 0.298473 
0.711450 378.000000 0.288550 
0.703817 388.000000 0.296183 
0.699237 394.000000 0.300763 
0.703817 388.000000 0.296183 
0.689313 407.000000 0.310687 
0.698473 395.000000 0.301527 
0.703053 389.000000 0.296947 
0.706870 384.000000 0.293130 
0.702290 390.000000 0.297710 
0.699237 394.000000 0.300763 
0.690076 406.000000 0.309924 
0.709160 381.000000 0.290840 
0.700000 393.000000 0.300000 
0.714504 374.000000 0.285496 
0.700763 392.000000 0.299237 
0.693130 402.000000 0.306870 
0.690840 405.000000 0.309160 
0.709924 380.000000 0.290076 
0.705344 386.000000 0.294656 
0.703817 388.000000 0.296183 
0.695420 399.000000 0.304580 
0.695420 399.000000 0.304580 
0.682443 416.000000 0.317557 
0.697710 396.000000 0.302290 
0.699237 394.000000 0.300763 
0.700000 393.000000 0.300000 
0.698473 395.000000 0.301527 
0.696183 398.000000 0.303817 
0.696947 397.000000 0.303053 
0.693130 402.000000 0.306870 
0.696947 397.000000 0.303053 
0.720611 366.000000 0.279389 
0.708397 382.000000 0.291603 
0.700763 392.000000 0.299237 
0.695420 399.000000 0.304580 
0.696947 397.000000 0.303053 
0.700763 392.000000 0.299237 
0.687786 409.000000 0.312214 
0.708397 382.000000 0.291603 
0.696183 398.000000 0.303817 
0.686260 411.000000 0.313740 
0.697710 396.000000 0.302290 
0.690840 405.000000 0.309160 
0.704580 387.000000 0.295420 
0.698473 395.000000 0.301527 
0.696947 397.000000 0.303053 
0.705344 386.000000 0.294656 
0.686260 411.000000 0.313740 
0.697710 396.000000 0.302290 
0.704580 387.000000 0.295420 
0.691603 404.000000 0.308397 
0.686260 411.000000 0.313740 
0.703053 389.000000 0.296947 
0.690076 406.000000 0.309924 
0.704580 387.000000 0.295420 
0.709160 381.000000 0.290840 
0.693130 402.000000 0.306870 
0.698473 395.000000 0.301527 
0.700763 392.000000 0.299237 
0.691603 404.000000 0.308397 
0.680916 418.000000 0.319084 
0.695420 399.000000 0.304580 
0.696183 398.000000 0.303817 
0.699237 394.000000 0.300763 
0.712214 377.000000 0.287786 
0.703817 388.000000 0.296183 
0.691603 404.000000 0.308397 
0.716031 372.000000 0.283969 
0.705344 386.000000 0.294656 
0.687786 409.000000 0.312214 
0.710687 379.000000 0.289313 
0.704580 387.000000 0.295420 
0.707634 383.000000 0.292366 
0.696947 397.000000 0.303053 
0.701527 391.000000 0.298473 
0.713740 375.000000 0.286260 
0.706870 384.000000 0.293130 
0.702290 390.000000 0.297710 
0.694656 400.000000 0.305344 
0.700000 393.000000 0.300000 
0.692366 403.000000 0.307634 
0.696183 398.000000 0.303817 
0.710687 379.000000 0.289313 
0.718321 369.000000 0.281679 
0.707634 383.000000 0.292366 
0.682443 416.000000 0.317557 
0.722137 364.000000 0.277863 
0.693893 401.000000 0.306107 
0.700000 393.000000 0.300000 
0.691603 404.000000 0.308397 
0.693130 402.000000 0.306870 
0.690076 406.000000 0.309924 
0.698473 395.000000 0.301527 
0.715267 373.000000 0.284733 
0.693130 402.000000 0.306870 
0.709160 381.000000 0.290840 
0.696183 398.000000 0.303817 
0.695420 399.000000 0.304580 
0.690076 406.000000 0.309924 
0.695420 399.000000 0.304580 
0.702290 390.000000 0.297710 
0.714504 374.000000 0.285496 
0.697710 396.000000 0.302290 
0.704580 387.000000 0.295420 
0.700000 393.000000 0.300000 
0.687786 409.000000 0.312214 
0.694656 400.000000 0.305344 
0.700000 393.000000 0.300000 
0.708397 382.000000 0.291603 
0.709160 381.000000 0.290840 
0.694656 400.000000 0.305344 
0.716794 371.000000 0.283206 
0.692366 403.000000 0.307634 
0.707634 383.000000 0.292366 
0.704580 387.000000 0.295420 
0.696183 398.000000 0.303817 
0.706870 384.000000 0.293130 
0.712977 376.000000 0.287023 
0.706870 384.000000 0.293130 
0.698473 395.000000 0.301527 
0.695420 399.000000 0.304580 
0.704580 387.000000 0.295420 
0.713740 375.000000 0.286260 
0.703053 389.000000 0.296947 
0.686260 411.000000 0.313740 
0.712214 377.000000 0.287786 
0.687786 409.000000 0.312214 
0.713740 375.000000 0.286260 
0.698473 395.000000 0.301527 
0.697710 396.000000 0.302290 
0.690840 405.000000 0.309160 
0.712977 376.000000 0.287023 
0.709160 381.000000 0.290840 
0.716794 371.000000 0.283206 
0.701527 391.000000 0.298473 
0.699237 394.000000 0.300763 
0.715267 373.000000 0.284733 
0.709160 381.000000 0.290840 
0.686260 411.000000 0.313740 
0.706870 384.000000 0.293130 
0.693893 401.000000 0.306107 
0.706870 384.000000 0.293130 
0.698473 395.000000 0.301527 
0.701527 391.000000 0.298473 
0.695420 399.000000 0.304580 
0.690076 406.000000 0.309924 
0.706870 384.000000 0.293130 
0.704580 387.000000 0.295420 
0.716031 372.000000 0.283969 
0.717557 370.000000 0.282443 
0.693893 401.000000 0.306107 
0.698473 395.000000 0.301527 
0.696183 398.000000 0.303817 
0.702290 390.000000 0.297710 
0.695420 399.000000 0.304580 
0.700763 392.000000 0.299237 
0.683206 415.000000 0.316794 
0.703053 389.000000 0.296947 
0.698473 395.000000 0.301527 
0.703817 388.000000 0.296183 
0.700763 392.000000 0.299237 
0.717557 370.000000 0.282443 
0.712214 377.000000 0.287786 
0.694656 400.000000 0.305344 
0.707634 383.000000 0.292366 
0.701527 391.000000 0.298473 
0.703053 389.000000 0.296947 
0.691603 404.000000 0.308397 
0.687786 409.000000 0.312214 
0.696947 397.000000 0.303053 
0.693893 401.000000 0.306107 
0.708397 382.000000 0.291603 
0.710687 379.000000 0.289313 
0.696947 397.000000 0.303053 
0.692366 403.000000 0.307634 
0.703817 388.000000 0.296183 
0.716794 371.000000 0.283206 
0.693893 401.000000 0.306107 
0.706870 384.000000 0.293130 
0.696947 397.000000 0.303053 
0.686260 411.000000 0.313740 
0.699237 394.000000 0.300763 
0.686260 411.000000 0.313740 
0.698473 395.000000 0.301527 
0.693893 401.000000 0.306107 
0.703817 388.000000 0.296183 
0.719084 368.000000 0.280916 
0.700000 393.000000 0.300000 
0.702290 390.000000 0.297710 
0.709924 380.000000 0.290076 
0.718321 369.000000 0.281679 
0.697710 396.000000 0.302290 
0.689313 407.000000 0.310687 
0.696947 397.000000 0.303053 
0.703817 388.000000 0.296183 
0.700763 392.000000 0.299237 
0.693893 401.000000 0.306107 
0.710687 379.000000 0.289313 
0.683969 414.000000 0.316031 
0.694656 400.000000 0.305344 
0.700000 393.000000 0.300000 
0.701527 391.000000 0.298473 
0.713740 375.000000 0.286260 
0.704580 387.000000 0.295420 
0.693893 401.000000 0.306107 
0.711450 378.000000 0.288550 
0.709924 380.000000 0.290076 
0.685496 412.000000 0.314504 
0.699237 394.000000 0.300763 
0.699237 394.000000 0.300763 
0.690840 405.000000 0.309160 
0.707634 383.000000 0.292366 
0.699237 394.000000 0.300763 
0.704580 387.000000 0.295420 
0.712214 377.000000 0.287786 
0.690076 406.000000 0.309924 
0.687023 410.000000 0.312977 
0.702290 390.000000 0.297710 
0.691603 404.000000 0.308397 
0.700000 393.000000 0.300000 
0.702290 390.000000 0.297710 
0.698473 395.000000 0.301527 
0.702290 390.000000 0.297710 
0.700763 392.000000 0.299237 
0.693893 401.000000 0.306107 
0.709160 381.000000 0.290840 
0.699237 394.000000 0.300763 
0.711450 378.000000 0.288550 
0.704580 387.000000 0.295420 
0.709160 381.000000 0.290840 
0.691603 404.000000 0.308397 
0.708397 382.000000 0.291603 
0.719084 368.000000 0.280916 
0.705344 386.000000 0.294656 
0.685496 412.000000 0.314504 
0.701527 391.000000 0.298473 
0.702290 390.000000 0.297710 
0.707634 383.000000 0.292366 
0.696183 398.000000 0.303817 
0.697710 396.000000 0.302290 
0.695420 399.000000 0.304580 
0.694656 400.000000 0.305344 
0.705344 386.000000 0.294656 
0.708397 382.000000 0.291603 
0.703053 389.000000 0.296947 
0.687786 409.000000 0.312214 
0.686260 411.000000 0.313740 
0.700763 392.000000 0.299237 
0.704580 387.000000 0.295420 
0.692366 403.000000 0.307634 
0.695420 399.000000 0.304580 
0.712977 376.000000 0.287023 
0.686260 411.000000 0.313740 
0.680916 418.000000 0.319084 
0.712977 376.000000 0.287023 
0.695420 399.000000 0.304580 
0.687023 410.000000 0.312977 
0.697710 396.000000 0.302290 
0.697710 396.000000 0.302290 
0.693893 401.000000 0.306107 
0.691603 404.000000 0.308397 
0.700763 392.000000 0.299237 
0.696947 397.000000 0.303053 
0.715267 373.000000 0.284733 
0.693130 402.000000 0.306870 
0.710687 379.000000 0.289313 
0.706107 385.000000 0.293893 
0.706870 384.000000 0.293130 
0.703817 388.000000 0.296183 
0.703817 388.000000 0.296183 
0.683206 415.000000 0.316794 
0.703817 388.000000 0.296183 
0.680916 418.000000 0.319084 
0.687786 409.000000 0.312214 
0.713740 375.000000 0.286260 
0.700000 393.000000 0.300000 
0.709924 380.000000 0.290076 
0.686260 411.000000 0.313740 
0.721374 365.000000 0.278626 
0.714504 374.000000 0.285496 
0.700763 392.000000 0.299237 
0.699237 394.000000 0.300763 
0.691603 404.000000 0.308397 
0.708397 382.000000 0.291603 
0.694656 400.000000 0.305344 
0.700763 392.000000 0.299237 
0.704580 387.000000 0.295420 
0.704580 387.000000 0.295420 
0.713740 375.000000 0.286260 
0.706870 384.000000 0.293130 
0.705344 386.000000 0.294656 
0.698473 395.000000 0.301527 
0.707634 383.000000 0.292366 
0.694656 400.000000 0.305344 
0.702290 390.000000 0.297710 
0.695420 399.000000 0.304580 
0.706107 385.000000 0.293893 
0.727481 357.000000 0.272519 
0.704580 387.000000 0.295420 
0.697710 396.000000 0.302290 
0.695420 399.000000 0.304580 
0.700763 392.000000 0.299237 
0.704580 387.000000 0.295420 
0.709924 380.000000 0.290076 
0.704580 387.000000 0.295420 
0.704580 387.000000 0.295420 
0.710687 379.000000 0.289313 
0.705344 386.000000 0.294656 
0.691603 404.000000 0.308397 
0.700763 392.000000 0.299237 
0.699237 394.000000 0.300763 
0.705344 386.000000 0.294656 
0.693130 402.000000 0.306870 
0.700763 392.000000 0.299237 
0.703053 389.000000 0.296947 
0.690076 406.000000 0.309924 
0.693130 402.000000 0.306870 
0.703817 388.000000 0.296183 
0.712977 376.000000 0.287023 
0.700763 392.000000 0.299237 
0.707634 383.000000 0.292366 
0.696947 397.000000 0.303053 
0.703053 389.000000 0.296947 
0.692366 403.000000 0.307634 
0.692366 403.000000 0.307634 
0.691603 404.000000 0.308397 
0.685496 412.000000 0.314504 
0.698473 395.000000 0.301527 
0.712977 376.000000 0.287023 
0.697710 396.000000 0.302290 
0.706107 385.000000 0.293893 
0.686260 411.000000 0.313740 
0.699237 394.000000 0.300763 
0.681679 417.000000 0.318321 
0.697710 396.000000 0.302290 
0.705344 386.000000 0.294656 
0.689313 407.000000 0.310687 
0.699237 394.000000 0.300763 
0.696183 398.000000 0.303817 
0.688550 408.000000 0.311450 
0.684733 413.000000 0.315267 
0.707634 383.000000 0.292366 
0.703053 389.000000 0.296947 
0.696183 398.000000 0.303817 
0.717557 370.000000 0.282443 
0.704580 387.000000 0.295420 
0.696947 397.000000 0.303053 
0.706870 384.000000 0.293130 
0.690840 405.000000 0.309160 
0.708397 382.000000 0.291603 
0.706870 384.000000 0.293130 
0.703817 388.000000 0.296183 
0.689313 407.000000 0.310687 
0.697710 396.000000 0.302290 
0.690840 405.000000 0.309160 
0.707634 383.000000 0.292366 
0.682443 416.000000 0.317557 
0.709924 380.000000 0.290076 
0.693130 402.000000 0.306870 
0.710687 379.000000 0.289313 
0.683969 414.000000 0.316031 
0.705344 386.000000 0.294656 
0.688550 408.000000 0.311450 
0.690840 405.000000 0.309160 
0.711450 378.000000 0.288550 
0.709924 380.000000 0.290076 
0.700763 392.000000 0.299237 
0.704580 387.000000 0.295420 
0.706107 385.000000 0.293893 
0.696947 397.000000 0.303053 
0.706107 385.000000 0.293893 
0.691603 404.000000 0.308397 
0.700763 392.000000 0.299237 
0.698473 395.000000 0.301527 
0.716794 371.000000 0.283206 
0.693893 401.000000 0.306107 
0.708397 382.000000 0.291603 
0.703053 389.000000 0.296947 
0.697710 396.000000 0.302290 
0.696947 397.000000 0.303053 
0.693130 402.000000 0.306870 
0.695420 399.000000 0.304580 
0.696947 397.000000 0.303053 
0.699237 394.000000 0.300763 
0.711450 378.000000 0.288550 
0.716031 372.000000 0.283969 
0.690840 405.000000 0.309160 
0.698473 395.000000 0.301527 
0.704580 387.000000 0.295420 
0.708397 382.000000 0.291603 
0.698473 395.000000 0.301527 
0.699237 394.000000 0.300763 
0.695420 399.000000 0.304580 
0.712977 376.000000 0.287023 
0.691603 404.000000 0.308397 
0.697710 396.000000 0.302290 
0.690076 406.000000 0.309924 
0.704580 387.000000 0.295420 
0.703053 389.000000 0.296947 
0.704580 387.000000 0.295420 
0.701527 391.000000 0.298473 
0.693130 402.000000 0.306870 
0.712977 376.000000 0.287023 
0.703053 389.000000 0.296947 
0.698473 395.000000 0.301527 
0.704580 387.000000 0.295420 
0.712214 377.000000 0.287786 
0.692366 403.000000 0.307634 
0.701527 391.000000 0.298473 
0.699237 394.000000 0.300763 
0.702290 390.000000 0.297710 
0.709160 381.000000 0.290840 
0.711450 378.000000 0.288550 
0.709160 381.000000 0.290840 
0.705344 386.000000 0.294656 
0.693130 402.000000 0.306870 
0.696183 398.000000 0.303817 
0.722901 363.000000 0.277099 
0.697710 396.000000 0.302290 
0.703817 388.000000 0.296183 
0.693893 401.000000 0.306107 
0.700000 393.000000 0.300000 
0.723664 362.000000 0.276336 
0.695420 399.000000 0.304580 
0.708397 382.000000 0.291603 
0.686260 411.000000 0.313740 
0.695420 399.000000 0.304580 
0.691603 404.000000 0.308397 
0.696183 398.000000 0.303817 
0.707634 383.000000 0.292366 
0.700000 393.000000 0.300000 
0.699237 394.000000 0.300763 
0.697710 396.000000 0.302290 
0.709924 380.000000 0.290076 
0.703817 388.000000 0.296183 
0.703817 388.000000 0.296183 
0.694656 400.000000 0.305344 
0.695420 399.000000 0.304580 
0.706870 384.000000 0.293130 
0.709924 380.000000 0.290076 
0.703817 388.000000 0.296183 
0.704580 387.000000 0.295420 
0.692366 403.000000 0.307634 
0.699237 394.000000 0.300763 
0.699237 394.000000 0.300763 
0.691603 404.000000 0.308397 
0.690840 405.000000 0.309160 
0.706107 385.000000 0.293893 
0.705344 386.000000 0.294656 
0.701527 391.000000 0.298473 
0.691603 404.000000 0.308397 
0.683206 415.000000 0.316794 
0.698473 395.000000 0.301527 
0.700763 392.000000 0.299237 
0.709924 380.000000 0.290076 
0.705344 386.000000 0.294656 
0.703053 389.000000 0.296947 
0.723664 362.000000 0.276336 
0.693893 401.000000 0.306107 
0.702290 390.000000 0.297710 
0.702290 390.000000 0.297710 
0.700763 392.000000 0.299237 
0.695420 399.000000 0.304580 
0.709924 380.000000 0.290076 
0.696947 397.000000 0.303053 
0.704580 387.000000 0.295420 
0.714504 374.000000 0.285496 
0.686260 411.000000 0.313740 
0.707634 383.000000 0.292366 
0.705344 386.000000 0.294656 
0.688550 408.000000 0.311450 
0.688550 408.000000 0.311450 
0.697710 396.000000 0.302290 
0.689313 407.000000 0.310687 
0.700763 392.000000 0.299237 
0.699237 394.000000 0.300763 
0.693130 402.000000 0.306870 
0.693130 402.000000 0.306870 
0.698473 395.000000 0.301527 
0.706870 384.000000 0.293130 
0.699237 394.000000 0.300763 
0.711450 378.000000 0.288550 
0.694656 400.000000 0.305344 
0.710687 379.000000 0.289313 
0.695420 399.000000 0.304580 
0.717557 370.000000 0.282443 
0.696947 397.000000 0.303053 
0.700763 392.000000 0.299237 
0.691603 404.000000 0.308397 
0.698473 395.000000 0.301527 
0.703817 388.000000 0.296183 
0.697710 396.000000 0.302290 
0.700000 393.000000 0.300000 
0.703817 388.000000 0.296183 
0.704580 387.000000 0.295420 
0.701527 391.000000 0.298473 
0.699237 394.000000 0.300763 
0.686260 411.000000 0.313740 
0.702290 390.000000 0.297710 
0.694656 400.000000 0.305344 
0.693130 402.000000 0.306870 
0.686260 411.000000 0.313740 
0.716031 372.000000 0.283969 
0.685496 412.000000 0.314504 
0.700763 392.000000 0.299237 
0.697710 396.000000 0.302290 
0.709924 380.000000 0.290076 
0.719847 367.000000 0.280153 
0.700000 393.000000 0.300000 
0.693130 402.000000 0.306870 
0.705344 386.000000 0.294656 
0.700763 392.000000 0.299237 
0.696183 398.000000 0.303817 
0.708397 382.000000 0.291603 
0.709160 381.000000 0.290840 
0.706107 385.000000 0.293893 
0.695420 399.000000 0.304580 
0.695420 399.000000 0.304580 
0.695420 399.000000 0.304580 
0.706870 384.000000 0.293130 
0.691603 404.000000 0.308397 
0.693893 401.000000 0.306107 
0.697710 396.000000 0.302290 
0.694656 400.000000 0.305344 
0.727481 357.000000 0.272519 
0.693893 401.000000 0.306107 
0.693893 401.000000 0.306107 
0.699237 394.000000 0.300763 
0.698473 395.000000 0.301527 
0.706870 384.000000 0.293130 
0.701527 391.000000 0.298473 
0.700000 393.000000 0.300000 
0.693130 402.000000 0.306870 
0.704580 387.000000 0.295420 
0.693130 402.000000 0.306870 
0.712977 376.000000 0.287023 
0.702290 390.000000 0.297710 
0.684733 413.000000 0.315267 
0.696183 398.000000 0.303817 
0.693893 401.000000 0.306107 
0.697710 396.000000 0.302290 
0.701527 391.000000 0.298473 
0.696183 398.000000 0.303817 
0.700000 393.000000 0.300000 
0.706870 384.000000 0.293130 
0.700763 392.000000 0.299237 
0.704580 387.000000 0.295420 
0.697710 396.000000 0.302290 
0.706107 385.000000 0.293893 
0.710687 379.000000 0.289313 
0.697710 396.000000 0.302290 
0.696183 398.000000 0.303817 
0.716794 371.000000 0.283206 
0.714504 374.000000 0.285496 
0.702290 390.000000 0.297710 
0.721374 365.000000 0.278626 
0.711450 378.000000 0.288550 
0.696947 397.000000 0.303053 
0.719084 368.000000 0.280916 
0.693893 401.000000 0.306107 
0.703817 388.000000 0.296183 
0.712977 376.000000 0.287023 
0.718321 369.000000 0.281679 
0.700000 393.000000 0.300000 
0.702290 390.000000 0.297710 
0.700000 393.000000 0.300000 
0.699237 394.000000 0.300763 
0.700000 393.000000 0.300000 
0.708397 382.000000 0.291603 
0.696947 397.000000 0.303053 
0.709160 381.000000 0.290840 
0.708397 382.000000 0.291603 
0.711450 378.000000 0.288550 
0.700763 392.000000 0.299237 
0.700763 392.000000 0.299237 
0.704580 387.000000 0.295420 
0.690076 406.000000 0.309924 
0.705344 386.000000 0.294656 
0.676336 424.000000 0.323664 
0.689313 407.000000 0.310687 
0.685496 412.000000 0.314504 
0.703053 389.000000 0.296947 
0.690076 406.000000 0.309924 
0.712214 377.000000 0.287786 
0.694656 400.000000 0.305344 
0.698473 395.000000 0.301527 
0.696183 398.000000 0.303817 
0.703053 389.000000 0.296947 
0.706107 385.000000 0.293893 
0.708397 382.000000 0.291603 
0.691603 404.000000 0.308397 
0.713740 375.000000 0.286260 
0.703053 389.000000 0.296947 
0.681679 417.000000 0.318321 
0.713740 375.000000 0.286260 
0.702290 390.000000 0.297710 
0.706107 385.000000 0.293893 
0.709924 380.000000 0.290076 
0.696183 398.000000 0.303817 
0.696947 397.000000 0.303053 
0.703817 388.000000 0.296183 
0.696183 398.000000 0.303817 
0.704580 387.000000 0.295420 
0.703053 389.000000 0.296947 
0.715267 373.000000 0.284733 
0.696947 397.000000 0.303053 
0.692366 403.000000 0.307634 
0.687786 409.000000 0.312214 
0.708397 382.000000 0.291603 
0.709924 380.000000 0.290076 
0.700763 392.000000 0.299237 
0.710687 379.000000 0.289313 
0.703817 388.000000 0.296183 
0.703817 388.000000 0.296183 
0.713740 375.000000 0.286260 
0.695420 399.000000 0.304580 
0.690840 405.000000 0.309160 
0.703817 388.000000 0.296183 
0.706107 385.000000 0.293893 
0.699237 394.000000 0.300763 
0.719084 368.000000 0.280916 
0.692366 403.000000 0.307634 
0.711450 378.000000 0.288550 
0.700000 393.000000 0.300000 
0.696183 398.000000 0.303817 
0.695420 399.000000 0.304580 
0.709160 381.000000 0.290840 
0.709160 381.000000 0.290840 
0.693130 402.000000 0.306870 
0.714504 374.000000 0.285496 
0.693130 402.000000 0.306870 
0.684733 413.000000 0.315267 
0.694656 400.000000 0.305344 
0.698473 395.000000 0.301527 
0.701527 391.000000 0.298473 
0.709160 381.000000 0.290840 
0.700763 392.000000 0.299237 
0.696947 397.000000 0.303053 
0.708397 382.000000 0.291603 
0.706870 384.000000 0.293130 
0.699237 394.000000 0.300763 
0.706870 384.000000 0.293130 
0.693130 402.000000 0.306870 
0.696183 398.000000 0.303817 
0.696947 397.000000 0.303053 
0.706870 384.000000 0.293130 
0.705344 386.000000 0.294656 
0.719084 368.000000 0.280916 
0.704580 387.000000 0.295420 
0.680916 418.000000 0.319084 
0.696183 398.000000 0.303817 
0.671756 430.000000 0.328244 
0.707634 383.000000 0.292366 
0.685496 412.000000 0.314504 
0.678626 421.000000 0.321374 
0.709160 381.000000 0.290840 
0.709924 380.000000 0.290076 
0.709924 380.000000 0.290076 
0.692366 403.000000 0.307634 
0.694656 400.000000 0.305344 
0.697710 396.000000 0.302290 
0.705344 386.000000 0.294656 
0.682443 416.000000 0.317557 
0.700000 393.000000 0.300000 
0.686260 411.000000 0.313740 
0.700763 392.000000 0.299237 
0.687786 409.000000 0.312214 
0.691603 404.000000 0.308397 
0.704580 387.000000 0.295420 
0.699237 394.000000 0.300763 
0.699237 394.000000 0.300763 
0.708397 382.000000 0.291603 
0.704580 387.000000 0.295420 
0.692366 403.000000 0.307634 
0.687023 410.000000 0.312977 
0.704580 387.000000 0.295420 
0.708397 382.000000 0.291603 
0.707634 383.000000 0.292366 
0.700000 393.000000 0.300000 
0.693130 402.000000 0.306870 
0.716031 372.000000 0.283969 
0.711450 378.000000 0.288550 
0.702290 390.000000 0.297710 
0.710687 379.000000 0.289313 
0.689313 407.000000 0.310687 
0.703817 388.000000 0.296183 
0.692366 403.000000 0.307634 
0.712214 377.000000 0.287786 
0.692366 403.000000 0.307634 
0.703817 388.000000 0.296183 
0.702290 390.000000 0.297710 
0.687786 409.000000 0.312214 
0.694656 400.000000 0.305344 
0.693893 401.000000 0.306107 
0.710687 379.000000 0.289313 
0.702290 390.000000 0.297710 
0.712977 376.000000 0.287023 
0.700000 393.000000 0.300000 
0.700763 392.000000 0.299237 
0.706870 384.000000 0.293130 
0.703053 389.000000 0.296947 
0.704580 387.000000 0.295420 
0.703817 388.000000 0.296183 
0.697710 396.000000 0.302290 
0.699237 394.000000 0.300763 
0.696183 398.000000 0.303817 
0.680153 419.000000 0.319847 
0.693893 401.000000 0.306107 
0.694656 400.000000 0.305344 
0.706107 385.000000 0.293893 
0.706107 385.000000 0.293893 
0.687023 410.000000 0.312977 
0.692366 403.000000 0.307634 
0.696947 397.000000 0.303053 
0.709160 381.000000 0.290840 
0.714504 374.000000 0.285496 
0.714504 374.000000 0.285496 
0.687786 409.000000 0.312214 
0.694656 400.000000 0.305344 
0.698473 395.000000 0.301527 
0.706107 385.000000 0.293893 
0.703817 388.000000 0.296183 
0.693893 401.000000 0.306107 
0.690076 406.000000 0.309924 
0.699237 394.000000 0.300763 
0.706107 385.000000 0.293893 
0.702290 390.000000 0.297710 
0.711450 378.000000 0.288550 
0.708397 382.000000 0.291603 
0.706107 385.000000 0.293893 
0.683206 415.000000 0.316794 
0.699237 394.000000 0.300763 
0.690076 406.000000 0.309924 
0.701527 391.000000 0.298473 
0.702290 390.000000 0.297710 
0.693130 402.000000 0.306870 
0.692366 403.000000 0.307634 
0.693893 401.000000 0.306107 
0.704580 387.000000 0.295420 
0.689313 407.000000 0.310687 
0.704580 387.000000 0.295420 
0.699237 394.000000 0.300763 
0.703053 389.000000 0.296947 
0.683969 414.000000 0.316031 
0.712214 377.000000 0.287786 
0.696183 398.000000 0.303817 
0.702290 390.000000 0.297710 
0.700000 393.000000 0.300000 
0.712977 376.000000 0.287023 
0.703053 389.000000 0.296947 
0.696183 398.000000 0.303817 
0.702290 390.000000 0.297710 
0.704580 387.000000 0.295420 
0.711450 378.000000 0.288550 
0.700000 393.000000 0.300000 
0.704580 387.000000 0.295420 
0.691603 404.000000 0.308397 
0.709924 380.000000 0.290076 
0.692366 403.000000 0.307634 
0.703053 389.000000 0.296947 
0.689313 407.000000 0.310687 
0.695420 399.000000 0.304580 
0.706107 385.000000 0.293893 
0.679389 420.000000 0.320611 
0.708397 382.000000 0.291603 
0.690840 405.000000 0.309160 
0.700000 393.000000 0.300000 
0.696947 397.000000 0.303053 
0.702290 390.000000 0.297710 
0.700763 392.000000 0.299237 
0.683969 414.000000 0.316031 
0.704580 387.000000 0.295420 
0.693130 402.000000 0.306870 
0.694656 400.000000 0.305344 
0.693893 401.000000 0.306107 
0.715267 373.000000 0.284733 
0.702290 390.000000 0.297710 
0.681679 417.000000 0.318321 
0.700000 393.000000 0.300000 
0.703053 389.000000 0.296947 
0.709160 381.000000 0.290840 
0.706107 385.000000 0.293893 
0.698473 395.000000 0.301527 
0.694656 400.000000 0.305344 
0.697710 396.000000 0.302290 
0.690076 406.000000 0.309924 
0.697710 396.000000 0.302290 
0.700000 393.000000 0.300000 
0.712977 376.000000 0.287023 
0.711450 378.000000 0.288550 
0.703053 389.000000 0.296947 
0.697710 396.000000 0.302290 
0.690076 406.000000 0.309924 
0.703053 389.000000 0.296947 
0.712214 377.000000 0.287786 
0.695420 399.000000 0.304580 
0.703053 389.000000 0.296947 
0.686260 411.000000 0.313740 
0.700000 393.000000 0.300000 
0.709924 380.000000 0.290076 
0.694656 400.000000 0.305344 
0.706870 384.000000 0.293130 
0.703053 389.000000 0.296947 
0.690076 406.000000 0.309924 
0.712214 377.000000 0.287786 
0.685496 412.000000 0.314504 
0.698473 395.000000 0.301527 
0.705344 386.000000 0.294656 
0.709924 380.000000 0.290076 
0.714504 374.000000 0.285496 
0.703053 389.000000 0.296947 
0.704580 387.000000 0.295420 
0.698473 395.000000 0.301527 
0.702290 390.000000 0.297710 
0.695420 399.000000 0.304580 
0.683969 414.000000 0.316031 
0.696183 398.000000 0.303817 
0.698473 395.000000 0.301527 
0.700000 393.000000 0.300000 
0.694656 400.000000 0.305344 
0.683206 415.000000 0.316794 
0.693893 401.000000 0.306107 
0.690840 405.000000 0.309160 
0.698473 395.000000 0.301527 
0.716794 371.000000 0.283206 
0.700000 393.000000 0.300000 
0.695420 399.000000 0.304580 
0.679389 420.000000 0.320611 
0.706870 384.000000 0.293130 
0.712977 376.000000 0.287023 
0.704580 387.000000 0.295420 
0.690840 405.000000 0.309160 
0.699237 394.000000 0.300763 
0.697710 396.000000 0.302290 
0.707634 383.000000 0.292366 
0.699237 394.000000 0.300763 
0.703053 389.000000 0.296947 
0.692366 403.000000 0.307634 
0.700000 393.000000 0.300000 
0.706870 384.000000 0.293130 
0.700763 392.000000 0.299237 
0.700763 392.000000 0.299237 
0.700763 392.000000 0.299237 
0.694656 400.000000 0.305344 
0.692366 403.000000 0.307634 
0.700000 393.000000 0.300000 
0.715267 373.000000 0.284733 
0.709160 381.000000 0.290840 
0.687023 410.000000 0.312977 
0.692366 403.000000 0.307634 
0.705344 386.000000 0.294656 
0.704580 387.000000 0.295420 
0.703817 388.000000 0.296183 
0.706870 384.000000 0.293130 
0.712214 377.000000 0.287786 
0.686260 411.000000 0.313740 
0.713740 375.000000 0.286260 
0.687023 410.000000 0.312977 
0.685496 412.000000 0.314504 
0.690840 405.000000 0.309160 
0.702290 390.000000 0.297710 
0.700763 392.000000 0.299237 
0.709160 381.000000 0.290840 
0.702290 390.000000 0.297710 
0.687786 409.000000 0.312214 
0.701527 391.000000 0.298473 
0.695420 399.000000 0.304580 
0.713740 375.000000 0.286260 
0.699237 394.000000 0.300763 
0.715267 373.000000 0.284733 
0.683206 415.000000 0.316794 
0.700763 392.000000 0.299237 
0.715267 373.000000 0.284733 
0.707634 383.000000 0.292366 
0.706107 385.000000 0.293893 
0.712214 377.000000 0.287786 
0.690840 405.000000 0.309160 
0.702290 390.000000 0.297710 
0.698473 395.000000 0.301527 
0.718321 369.000000 0.281679 
0.696183 398.000000 0.303817 
0.690840 405.000000 0.309160 
0.700763 392.000000 0.299237 
0.709924 380.000000 0.290076 
0.685496 412.000000 0.314504 
0.706870 384.000000 0.293130 
0.698473 395.000000 0.301527 
0.709160 381.000000 0.290840 
0.702290 390.000000 0.297710 
0.697710 396.000000 0.302290 
0.687023 410.000000 0.312977 
0.712214 377.000000 0.287786 
0.706107 385.000000 0.293893 
0.692366 403.000000 0.307634 
0.691603 404.000000 0.308397 
0.709160 381.000000 0.290840 
0.705344 386.000000 0.294656 
0.697710 396.000000 0.302290 
0.698473 395.000000 0.301527 
0.688550 408.000000 0.311450 
0.712977 376.000000 0.287023 
0.705344 386.000000 0.294656 
0.709924 380.000000 0.290076 
0.693893 401.000000 0.306107 
0.700763 392.000000 0.299237 
0.685496 412.000000 0.314504 
0.694656 400.000000 0.305344 
0.711450 378.000000 0.288550 
0.706107 385.000000 0.293893 
0.711450 378.000000 0.288550 
0.706107 385.000000 0.293893 
0.691603 404.000000 0.308397 
0.714504 374.000000 0.285496 
0.716031 372.000000 0.283969 
0.706107 385.000000 0.293893 
0.710687 379.000000 0.289313 
0.699237 394.000000 0.300763 
0.703817 388.000000 0.296183 
0.702290 390.000000 0.297710 
0.702290 390.000000 0.297710 
0.714504 374.000000 0.285496 
0.699237 394.000000 0.300763 
0.699237 394.000000 0.300763 
0.701527 391.000000 0.298473 
0.691603 404.000000 0.308397 
0.680916 418.000000 0.319084 
0.706107 385.000000 0.293893 
0.705344 386.000000 0.294656 
0.690076 406.000000 0.309924 
0.693893 401.000000 0.306107 
0.690076 406.000000 0.309924 
0.698473 395.000000 0.301527 
0.700000 393.000000 0.300000 
0.701527 391.000000 0.298473 
0.703053 389.000000 0.296947 
0.692366 403.000000 0.307634 
0.691603 404.000000 0.308397 
0.699237 394.000000 0.300763 
0.687023 410.000000 0.312977 
0.696947 397.000000 0.303053 
0.688550 408.000000 0.311450 
0.708397 382.000000 0.291603 
0.691603 404.000000 0.308397 
0.694656 400.000000 0.305344 
0.701527 391.000000 0.298473 
0.719847 367.000000 0.280153 
0.700763 392.000000 0.299237 
0.703817 388.000000 0.296183 
0.707634 383.000000 0.292366 
0.701527 391.000000 0.298473 
0.688550 408.000000 0.311450 
0.704580 387.000000 0.295420 
0.706870 384.000000 0.293130 
0.716794 371.000000 0.283206 
0.715267 373.000000 0.284733 
0.701527 391.000000 0.298473 
0.716794 371.000000 0.283206 
0.696183 398.000000 0.303817 
0.693130 402.000000 0.306870 
0.696947 397.000000 0.303053 
0.687023 410.000000 0.312977 
0.692366 403.000000 0.307634 
0.702290 390.000000 0.297710 
0.718321 369.000000 0.281679 
0.693130 402.000000 0.306870 
0.709160 381.000000 0.290840 
0.712214 377.000000 0.287786 
0.691603 404.000000 0.308397 
0.706107 385.000000 0.293893 
0.686260 411.000000 0.313740 
0.674046 427.000000 0.325954 
0.689313 407.000000 0.310687 
0.717557 370.000000 0.282443 
0.696183 398.000000 0.303817 
0.698473 395.000000 0.301527 
0.706870 384.000000 0.293130 
0.709160 381.000000 0.290840 
0.701527 391.000000 0.298473 
0.717557 370.000000 0.282443 
0.716031 372.000000 0.283969 
0.690840 405.000000 0.309160 
0.715267 373.000000 0.284733 
0.722137 364.000000 0.277863 
0.724427 361.000000 0.275573 
0.701527 391.000000 0.298473 
0.706107 385.000000 0.293893 
0.698473 395.000000 0.301527 
0.696947 397.000000 0.303053 
0.706870 384.000000 0.293130 
0.686260 411.000000 0.313740 
0.707634 383.000000 0.292366 
0.683206 415.000000 0.316794 
0.698473 395.000000 0.301527 
0.696183 398.000000 0.303817 
0.700000 393.000000 0.300000 
0.687023 410.000000 0.312977 
0.696947 397.000000 0.303053 
0.709160 381.000000 0.290840 
0.700000 393.000000 0.300000 
0.692366 403.000000 0.307634 
0.702290 390.000000 0.297710 
0.701527 391.000000 0.298473 
0.695420 399.000000 0.304580 
0.714504 374.000000 0.285496 
0.713740 375.000000 0.286260 
0.701527 391.000000 0.298473 
0.684733 413.000000 0.315267 
0.704580 387.000000 0.295420 
0.715267 373.000000 0.284733 
0.689313 407.000000 0.310687 
0.696947 397.000000 0.303053 
0.718321 369.000000 0.281679 
0.709924 380.000000 0.290076 
0.692366 403.000000 0.307634 
0.704580 387.000000 0.295420 
0.693893 401.000000 0.306107 
0.714504 374.000000 0.285496 
0.709924 380.000000 0.290076 
0.709160 381.000000 0.290840 
0.707634 383.000000 0.292366 
0.700000 393.000000 0.300000 
0.696947 397.000000 0.303053 
