0.804580 256.000000 0.195420 
0.788550 277.000000 0.211450 
0.794656 269.000000 0.205344 
0.809160 250.000000 0.190840 
0.798473 264.000000 0.201527 
0.793893 270.000000 0.206107 
0.804580 256.000000 0.195420 
0.807634 252.000000 0.192366 
0.797710 265.000000 0.202290 
0.802290 259.000000 0.197710 
0.796947 266.000000 0.203053 
0.805344 255.000000 0.194656 
0.813740 244.000000 0.186260 
0.801527 260.000000 0.198473 
0.794656 269.000000 0.205344 
0.793893 270.000000 0.206107 
0.793893 270.000000 0.206107 
0.806107 254.000000 0.193893 
0.800763 261.000000 0.199237 
0.789313 276.000000 0.210687 
0.795420 268.000000 0.204580 
0.789313 276.000000 0.210687 
0.812214 246.000000 0.187786 
0.809924 249.000000 0.190076 
0.801527 260.000000 0.198473 
0.800763 261.000000 0.199237 
0.803053 258.000000 0.196947 
0.800000 262.000000 0.200000 
0.793130 271.000000 0.206870 
0.807634 252.000000 0.192366 
0.787023 279.000000 0.212977 
0.796947 266.000000 0.203053 
0.788550 277.000000 0.211450 
0.796183 267.000000 0.203817 
0.807634 252.000000 0.192366 
0.787023 279.000000 0.212977 
0.809924 249.000000 0.190076 
0.782443 285.000000 0.217557 
0.806107 254.000000 0.193893 
0.796183 267.000000 0.203817 
0.803817 257.000000 0.196183 
0.800763 261.000000 0.199237 
0.799237 263.000000 0.200763 
0.793893 270.000000 0.206107 
0.798473 264.000000 0.201527 
0.807634 252.000000 0.192366 
0.798473 264.000000 0.201527 
0.803053 258.000000 0.196947 
0.794656 269.000000 0.205344 
0.799237 263.000000 0.200763 
0.793130 271.000000 0.206870 
0.791603 273.000000 0.208397 
0.813740 244.000000 0.186260 
0.796947 266.000000 0.203053 
0.813740 244.000000 0.186260 
0.800763 261.000000 0.199237 
0.807634 252.000000 0.192366 
0.798473 264.000000 0.201527 
0.791603 273.000000 0.208397 
0.785496 281.000000 0.214504 
0.806870 253.000000 0.193130 
0.804580 256.000000 0.195420 
0.807634 252.000000 0.192366 
0.808397 251.000000 0.191603 
0.793130 271.000000 0.206870 
0.793893 270.000000 0.206107 
0.791603 273.000000 0.208397 
0.803053 258.000000 0.196947 
0.796183 267.000000 0.203817 
0.797710 265.000000 0.202290 
0.812977 245.000000 0.187023 
0.794656 269.000000 0.205344 
0.788550 277.000000 0.211450 
0.804580 256.000000 0.195420 
0.793893 270.000000 0.206107 
0.819084 237.000000 0.180916 
0.793130 271.000000 0.206870 
0.802290 259.000000 0.197710 
0.789313 276.000000 0.210687 
0.790076 275.000000 0.209924 
0.795420 268.000000 0.204580 
0.793130 271.000000 0.206870 
0.810687 248.000000 0.189313 
0.797710 265.000000 0.202290 
0.804580 256.000000 0.195420 
0.803053 258.000000 0.196947 
0.800000 262.000000 0.200000 
0.804580 256.000000 0.195420 
0.802290 259.000000 0.197710 
0.789313 276.000000 0.210687 
0.811450 247.000000 0.188550 
0.796183 267.000000 0.203817 
0.806870 253.000000 0.193130 
0.799237 263.000000 0.200763 
0.793130 271.000000 0.206870 
0.790076 275.000000 0.209924 
0.805344 255.000000 0.194656 
0.798473 264.000000 0.201527 
0.800000 262.000000 0.200000 
0.800000 262.000000 0.200000 
0.797710 265.000000 0.202290 
0.800000 262.000000 0.200000 
0.799237 263.000000 0.200763 
0.792366 272.000000 0.207634 
0.796947 266.000000 0.203053 
0.791603 273.000000 0.208397 
0.791603 273.000000 0.208397 
0.783969 283.000000 0.216031 
0.799237 263.000000 0.200763 
0.798473 264.000000 0.201527 
0.803053 258.000000 0.196947 
0.810687 248.000000 0.189313 
0.802290 259.000000 0.197710 
0.806870 253.000000 0.193130 
0.795420 268.000000 0.204580 
0.803053 258.000000 0.196947 
0.809924 249.000000 0.190076 
0.803817 257.000000 0.196183 
0.800000 262.000000 0.200000 
0.808397 251.000000 0.191603 
0.801527 260.000000 0.198473 
0.789313 276.000000 0.210687 
0.793130 271.000000 0.206870 
0.788550 277.000000 0.211450 
0.808397 251.000000 0.191603 
0.808397 251.000000 0.191603 
0.808397 251.000000 0.191603 
0.794656 269.000000 0.205344 
0.799237 263.000000 0.200763 
0.790840 274.000000 0.209160 
0.783969 283.000000 0.216031 
0.796183 267.000000 0.203817 
0.806107 254.000000 0.193893 
0.801527 260.000000 0.198473 
0.793130 271.000000 0.206870 
0.800763 261.000000 0.199237 
0.803053 258.000000 0.196947 
0.796947 266.000000 0.203053 
0.800763 261.000000 0.199237 
0.792366 272.000000 0.207634 
0.794656 269.000000 0.205344 
0.809160 250.000000 0.190840 
0.802290 259.000000 0.197710 
0.798473 264.000000 0.201527 
0.790840 274.000000 0.209160 
0.800000 262.000000 0.200000 
0.797710 265.000000 0.202290 
0.812977 245.000000 0.187023 
0.809160 250.000000 0.190840 
0.805344 255.000000 0.194656 
0.798473 264.000000 0.201527 
0.815267 242.000000 0.184733 
0.804580 256.000000 0.195420 
0.803817 257.000000 0.196183 
0.812214 246.000000 0.187786 
0.796183 267.000000 0.203817 
0.795420 268.000000 0.204580 
0.790840 274.000000 0.209160 
0.803817 257.000000 0.196183 
0.805344 255.000000 0.194656 
0.799237 263.000000 0.200763 
0.810687 248.000000 0.189313 
0.803817 257.000000 0.196183 
0.804580 256.000000 0.195420 
0.787786 278.000000 0.212214 
0.783206 284.000000 0.216794 
0.802290 259.000000 0.197710 
0.802290 259.000000 0.197710 
0.799237 263.000000 0.200763 
0.797710 265.000000 0.202290 
0.806107 254.000000 0.193893 
0.793893 270.000000 0.206107 
0.793130 271.000000 0.206870 
0.805344 255.000000 0.194656 
0.801527 260.000000 0.198473 
0.793893 270.000000 0.206107 
0.806107 254.000000 0.193893 
0.796183 267.000000 0.203817 
0.799237 263.000000 0.200763 
0.805344 255.000000 0.194656 
0.812977 245.000000 0.187023 
0.781679 286.000000 0.218321 
0.790840 274.000000 0.209160 
0.809160 250.000000 0.190840 
0.796183 267.000000 0.203817 
0.799237 263.000000 0.200763 
0.793893 270.000000 0.206107 
0.813740 244.000000 0.186260 
0.805344 255.000000 0.194656 
0.796947 266.000000 0.203053 
0.807634 252.000000 0.192366 
0.787786 278.000000 0.212214 
0.806870 253.000000 0.193130 
0.803817 257.000000 0.196183 
0.796947 266.000000 0.203053 
0.793130 271.000000 0.206870 
0.803053 258.000000 0.196947 
0.800763 261.000000 0.199237 
0.794656 269.000000 0.205344 
0.799237 263.000000 0.200763 
0.812214 246.000000 0.187786 
0.809924 249.000000 0.190076 
0.806107 254.000000 0.193893 
0.784733 282.000000 0.215267 
0.803817 257.000000 0.196183 
0.801527 260.000000 0.198473 
0.790840 274.000000 0.209160 
0.793130 271.000000 0.206870 
0.804580 256.000000 0.195420 
0.798473 264.000000 0.201527 
0.796183 267.000000 0.203817 
0.803817 257.000000 0.196183 
0.800763 261.000000 0.199237 
0.796947 266.000000 0.203053 
0.807634 252.000000 0.192366 
0.791603 273.000000 0.208397 
0.808397 251.000000 0.191603 
0.815267 242.000000 0.184733 
0.803053 258.000000 0.196947 
0.793893 270.000000 0.206107 
0.799237 263.000000 0.200763 
0.796183 267.000000 0.203817 
0.800763 261.000000 0.199237 
0.806107 254.000000 0.193893 
0.793893 270.000000 0.206107 
0.795420 268.000000 0.204580 
0.796183 267.000000 0.203817 
0.791603 273.000000 0.208397 
0.805344 255.000000 0.194656 
0.800000 262.000000 0.200000 
0.800763 261.000000 0.199237 
0.811450 247.000000 0.188550 
0.797710 265.000000 0.202290 
0.785496 281.000000 0.214504 
0.792366 272.000000 0.207634 
0.791603 273.000000 0.208397 
0.809160 250.000000 0.190840 
0.800763 261.000000 0.199237 
0.805344 255.000000 0.194656 
0.804580 256.000000 0.195420 
0.798473 264.000000 0.201527 
0.790076 275.000000 0.209924 
0.796183 267.000000 0.203817 
0.801527 260.000000 0.198473 
0.789313 276.000000 0.210687 
0.811450 247.000000 0.188550 
0.798473 264.000000 0.201527 
0.794656 269.000000 0.205344 
0.800763 261.000000 0.199237 
0.809160 250.000000 0.190840 
0.794656 269.000000 0.205344 
0.809924 249.000000 0.190076 
0.804580 256.000000 0.195420 
0.801527 260.000000 0.198473 
0.806870 253.000000 0.193130 
0.806107 254.000000 0.193893 
0.803817 257.000000 0.196183 
0.800000 262.000000 0.200000 
0.803053 258.000000 0.196947 
0.799237 263.000000 0.200763 
0.800000 262.000000 0.200000 
0.795420 268.000000 0.204580 
0.792366 272.000000 0.207634 
0.793893 270.000000 0.206107 
0.822137 233.000000 0.177863 
0.796947 266.000000 0.203053 
0.790840 274.000000 0.209160 
0.790076 275.000000 0.209924 
0.802290 259.000000 0.197710 
0.799237 263.000000 0.200763 
0.786260 280.000000 0.213740 
0.805344 255.000000 0.194656 
0.798473 264.000000 0.201527 
0.809924 249.000000 0.190076 
0.796947 266.000000 0.203053 
0.791603 273.000000 0.208397 
0.808397 251.000000 0.191603 
0.804580 256.000000 0.195420 
0.803817 257.000000 0.196183 
0.792366 272.000000 0.207634 
0.800763 261.000000 0.199237 
0.808397 251.000000 0.191603 
0.809160 250.000000 0.190840 
0.785496 281.000000 0.214504 
0.788550 277.000000 0.211450 
0.803053 258.000000 0.196947 
0.796183 267.000000 0.203817 
0.798473 264.000000 0.201527 
0.805344 255.000000 0.194656 
0.807634 252.000000 0.192366 
0.802290 259.000000 0.197710 
0.790840 274.000000 0.209160 
0.800763 261.000000 0.199237 
0.798473 264.000000 0.201527 
0.805344 255.000000 0.194656 
0.791603 273.000000 0.208397 
0.793893 270.000000 0.206107 
0.813740 244.000000 0.186260 
0.795420 268.000000 0.204580 
0.807634 252.000000 0.192366 
0.802290 259.000000 0.197710 
0.798473 264.000000 0.201527 
0.801527 260.000000 0.198473 
0.808397 251.000000 0.191603 
0.800000 262.000000 0.200000 
0.787786 278.000000 0.212214 
0.797710 265.000000 0.202290 
0.805344 255.000000 0.194656 
0.801527 260.000000 0.198473 
0.809924 249.000000 0.190076 
0.789313 276.000000 0.210687 
0.805344 255.000000 0.194656 
0.801527 260.000000 0.198473 
0.793893 270.000000 0.206107 
0.790840 274.000000 0.209160 
0.800000 262.000000 0.200000 
0.787023 279.000000 0.212977 
0.794656 269.000000 0.205344 
0.786260 280.000000 0.213740 
0.784733 282.000000 0.215267 
0.800763 261.000000 0.199237 
0.793130 271.000000 0.206870 
0.796947 266.000000 0.203053 
0.808397 251.000000 0.191603 
0.802290 259.000000 0.197710 
0.804580 256.000000 0.195420 
0.790840 274.000000 0.209160 
0.790840 274.000000 0.209160 
0.798473 264.000000 0.201527 
0.803817 257.000000 0.196183 
0.806870 253.000000 0.193130 
0.797710 265.000000 0.202290 
0.809924 249.000000 0.190076 
0.782443 285.000000 0.217557 
0.797710 265.000000 0.202290 
0.804580 256.000000 0.195420 
0.799237 263.000000 0.200763 
0.806107 254.000000 0.193893 
0.796947 266.000000 0.203053 
0.798473 264.000000 0.201527 
0.812214 246.000000 0.187786 
0.796947 266.000000 0.203053 
0.787023 279.000000 0.212977 
0.809160 250.000000 0.190840 
0.796947 266.000000 0.203053 
0.813740 244.000000 0.186260 
0.792366 272.000000 0.207634 
0.799237 263.000000 0.200763 
0.808397 251.000000 0.191603 
0.800763 261.000000 0.199237 
0.789313 276.000000 0.210687 
0.795420 268.000000 0.204580 
0.809924 249.000000 0.190076 
0.803817 257.000000 0.196183 
0.800763 261.000000 0.199237 
0.790076 275.000000 0.209924 
0.800000 262.000000 0.200000 
0.802290 259.000000 0.197710 
0.798473 264.000000 0.201527 
0.795420 268.000000 0.204580 
0.805344 255.000000 0.194656 
0.790840 274.000000 0.209160 
0.793130 271.000000 0.206870 
0.800763 261.000000 0.199237 
0.790076 275.000000 0.209924 
0.803817 257.000000 0.196183 
0.812977 245.000000 0.187023 
0.802290 259.000000 0.197710 
0.791603 273.000000 0.208397 
0.807634 252.000000 0.192366 
0.795420 268.000000 0.204580 
0.807634 252.000000 0.192366 
0.811450 247.000000 0.188550 
0.781679 286.000000 0.218321 
0.809160 250.000000 0.190840 
0.802290 259.000000 0.197710 
0.802290 259.000000 0.197710 
0.816031 241.000000 0.183969 
0.798473 264.000000 0.201527 
0.796183 267.000000 0.203817 
0.796183 267.000000 0.203817 
0.788550 277.000000 0.211450 
0.809924 249.000000 0.190076 
0.798473 264.000000 0.201527 
0.789313 276.000000 0.210687 
0.795420 268.000000 0.204580 
0.795420 268.000000 0.204580 
0.805344 255.000000 0.194656 
0.806107 254.000000 0.193893 
0.780153 288.000000 0.219847 
0.802290 259.000000 0.197710 
0.803817 257.000000 0.196183 
0.793893 270.000000 0.206107 
0.801527 260.000000 0.198473 
0.790840 274.000000 0.209160 
0.796947 266.000000 0.203053 
0.796947 266.000000 0.203053 
0.805344 255.000000 0.194656 
0.806870 253.000000 0.193130 
0.790076 275.000000 0.209924 
0.800763 261.000000 0.199237 
0.805344 255.000000 0.194656 
0.795420 268.000000 0.204580 
0.804580 256.000000 0.195420 
0.793130 271.000000 0.206870 
0.802290 259.000000 0.197710 
0.805344 255.000000 0.194656 
0.800763 261.000000 0.199237 
0.800763 261.000000 0.199237 
0.806107 254.000000 0.193893 
0.799237 263.000000 0.200763 
0.797710 265.000000 0.202290 
0.798473 264.000000 0.201527 
0.803053 258.000000 0.196947 
0.813740 244.000000 0.186260 
0.808397 251.000000 0.191603 
0.800000 262.000000 0.200000 
0.795420 268.000000 0.204580 
0.788550 277.000000 0.211450 
0.810687 248.000000 0.189313 
0.813740 244.000000 0.186260 
0.791603 273.000000 0.208397 
0.791603 273.000000 0.208397 
0.792366 272.000000 0.207634 
0.803817 257.000000 0.196183 
0.797710 265.000000 0.202290 
0.793893 270.000000 0.206107 
0.808397 251.000000 0.191603 
0.803053 258.000000 0.196947 
0.800000 262.000000 0.200000 
0.810687 248.000000 0.189313 
0.806107 254.000000 0.193893 
0.810687 248.000000 0.189313 
0.800000 262.000000 0.200000 
0.798473 264.000000 0.201527 
0.803053 258.000000 0.196947 
0.800000 262.000000 0.200000 
0.783969 283.000000 0.216031 
0.803053 258.000000 0.196947 
0.803817 257.000000 0.196183 
0.801527 260.000000 0.198473 
0.812214 246.000000 0.187786 
0.792366 272.000000 0.207634 
0.803053 258.000000 0.196947 
0.816794 240.000000 0.183206 
0.787786 278.000000 0.212214 
0.796183 267.000000 0.203817 
0.808397 251.000000 0.191603 
0.806107 254.000000 0.193893 
0.814504 243.000000 0.185496 
0.800763 261.000000 0.199237 
0.803817 257.000000 0.196183 
0.790076 275.000000 0.209924 
0.794656 269.000000 0.205344 
0.778626 290.000000 0.221374 
0.804580 256.000000 0.195420 
0.796947 266.000000 0.203053 
0.819847 236.000000 0.180153 
0.793130 271.000000 0.206870 
0.800000 262.000000 0.200000 
0.813740 244.000000 0.186260 
0.801527 260.000000 0.198473 
0.791603 273.000000 0.208397 
0.805344 255.000000 0.194656 
0.806870 253.000000 0.193130 
0.793893 270.000000 0.206107 
0.797710 265.000000 0.202290 
0.793893 270.000000 0.206107 
0.822137 233.000000 0.177863 
0.807634 252.000000 0.192366 
0.800000 262.000000 0.200000 
0.802290 259.000000 0.197710 
0.798473 264.000000 0.201527 
0.796947 266.000000 0.203053 
0.807634 252.000000 0.192366 
0.785496 281.000000 0.214504 
0.777863 291.000000 0.222137 
0.801527 260.000000 0.198473 
0.787023 279.000000 0.212977 
0.808397 251.000000 0.191603 
0.803817 257.000000 0.196183 
0.786260 280.000000 0.213740 
0.811450 247.000000 0.188550 
0.798473 264.000000 0.201527 
0.784733 282.000000 0.215267 
0.801527 260.000000 0.198473 
0.793130 271.000000 0.206870 
0.806870 253.000000 0.193130 
0.792366 272.000000 0.207634 
0.804580 256.000000 0.195420 
0.790840 274.000000 0.209160 
0.796183 267.000000 0.203817 
0.799237 263.000000 0.200763 
0.797710 265.000000 0.202290 
0.793893 270.000000 0.206107 
0.800763 261.000000 0.199237 
0.800763 261.000000 0.199237 
0.802290 259.000000 0.197710 
0.788550 277.000000 0.211450 
0.787786 278.000000 0.212214 
0.796947 266.000000 0.203053 
0.800763 261.000000 0.199237 
0.795420 268.000000 0.204580 
0.796947 266.000000 0.203053 
0.793130 271.000000 0.206870 
0.803817 257.000000 0.196183 
0.791603 273.000000 0.208397 
0.794656 269.000000 0.205344 
0.803817 257.000000 0.196183 
0.812977 245.000000 0.187023 
0.803817 257.000000 0.196183 
0.793893 270.000000 0.206107 
0.796947 266.000000 0.203053 
0.800000 262.000000 0.200000 
0.802290 259.000000 0.197710 
0.794656 269.000000 0.205344 
0.793893 270.000000 0.206107 
0.794656 269.000000 0.205344 
0.819847 236.000000 0.180153 
0.806870 253.000000 0.193130 
0.804580 256.000000 0.195420 
0.795420 268.000000 0.204580 
0.801527 260.000000 0.198473 
0.792366 272.000000 0.207634 
0.792366 272.000000 0.207634 
0.809924 249.000000 0.190076 
0.790840 274.000000 0.209160 
0.800763 261.000000 0.199237 
0.803817 257.000000 0.196183 
0.800763 261.000000 0.199237 
0.800000 262.000000 0.200000 
0.804580 256.000000 0.195420 
0.803817 257.000000 0.196183 
0.793130 271.000000 0.206870 
0.822137 233.000000 0.177863 
0.796183 267.000000 0.203817 
0.814504 243.000000 0.185496 
0.806870 253.000000 0.193130 
0.808397 251.000000 0.191603 
0.800000 262.000000 0.200000 
0.794656 269.000000 0.205344 
0.803053 258.000000 0.196947 
0.809160 250.000000 0.190840 
0.796183 267.000000 0.203817 
0.807634 252.000000 0.192366 
0.800763 261.000000 0.199237 
0.800000 262.000000 0.200000 
0.793893 270.000000 0.206107 
0.800000 262.000000 0.200000 
0.815267 242.000000 0.184733 
0.790076 275.000000 0.209924 
0.810687 248.000000 0.189313 
0.800763 261.000000 0.199237 
0.799237 263.000000 0.200763 
0.802290 259.000000 0.197710 
0.801527 260.000000 0.198473 
0.802290 259.000000 0.197710 
0.800763 261.000000 0.199237 
0.796183 267.000000 0.203817 
0.795420 268.000000 0.204580 
0.800000 262.000000 0.200000 
0.789313 276.000000 0.210687 
0.789313 276.000000 0.210687 
0.809160 250.000000 0.190840 
0.807634 252.000000 0.192366 
0.803053 258.000000 0.196947 
0.810687 248.000000 0.189313 
0.784733 282.000000 0.215267 
0.811450 247.000000 0.188550 
0.811450 247.000000 0.188550 
0.790840 274.000000 0.209160 
0.799237 263.000000 0.200763 
0.806107 254.000000 0.193893 
0.790840 274.000000 0.209160 
0.793130 271.000000 0.206870 
0.787786 278.000000 0.212214 
0.806870 253.000000 0.193130 
0.808397 251.000000 0.191603 
0.794656 269.000000 0.205344 
0.799237 263.000000 0.200763 
0.808397 251.000000 0.191603 
0.807634 252.000000 0.192366 
0.803053 258.000000 0.196947 
0.809924 249.000000 0.190076 
0.802290 259.000000 0.197710 
0.783969 283.000000 0.216031 
0.796183 267.000000 0.203817 
0.817557 239.000000 0.182443 
0.787786 278.000000 0.212214 
0.799237 263.000000 0.200763 
0.789313 276.000000 0.210687 
0.805344 255.000000 0.194656 
0.788550 277.000000 0.211450 
0.793130 271.000000 0.206870 
0.796947 266.000000 0.203053 
0.801527 260.000000 0.198473 
0.800763 261.000000 0.199237 
0.803053 258.000000 0.196947 
0.806870 253.000000 0.193130 
0.795420 268.000000 0.204580 
0.806107 254.000000 0.193893 
0.801527 260.000000 0.198473 
0.812214 246.000000 0.187786 
0.797710 265.000000 0.202290 
0.795420 268.000000 0.204580 
0.787786 278.000000 0.212214 
0.796183 267.000000 0.203817 
0.803817 257.000000 0.196183 
0.806107 254.000000 0.193893 
0.796947 266.000000 0.203053 
0.788550 277.000000 0.211450 
0.794656 269.000000 0.205344 
0.805344 255.000000 0.194656 
0.802290 259.000000 0.197710 
0.796183 267.000000 0.203817 
0.803817 257.000000 0.196183 
0.810687 248.000000 0.189313 
0.801527 260.000000 0.198473 
0.803817 257.000000 0.196183 
0.803053 258.000000 0.196947 
0.795420 268.000000 0.204580 
0.803053 258.000000 0.196947 
0.784733 282.000000 0.215267 
0.806870 253.000000 0.193130 
0.799237 263.000000 0.200763 
0.800000 262.000000 0.200000 
0.796183 267.000000 0.203817 
0.804580 256.000000 0.195420 
0.806107 254.000000 0.193893 
0.796947 266.000000 0.203053 
0.792366 272.000000 0.207634 
0.789313 276.000000 0.210687 
0.800763 261.000000 0.199237 
0.798473 264.000000 0.201527 
0.810687 248.000000 0.189313 
0.797710 265.000000 0.202290 
0.787786 278.000000 0.212214 
0.786260 280.000000 0.213740 
0.802290 259.000000 0.197710 
0.793893 270.000000 0.206107 
0.805344 255.000000 0.194656 
0.790076 275.000000 0.209924 
0.814504 243.000000 0.185496 
0.806107 254.000000 0.193893 
0.800000 262.000000 0.200000 
0.788550 277.000000 0.211450 
0.799237 263.000000 0.200763 
0.798473 264.000000 0.201527 
0.799237 263.000000 0.200763 
0.808397 251.000000 0.191603 
0.801527 260.000000 0.198473 
0.796947 266.000000 0.203053 
0.802290 259.000000 0.197710 
0.799237 263.000000 0.200763 
0.790840 274.000000 0.209160 
0.809160 250.000000 0.190840 
0.787023 279.000000 0.212977 
0.792366 272.000000 0.207634 
0.800000 262.000000 0.200000 
0.805344 255.000000 0.194656 
0.799237 263.000000 0.200763 
0.784733 282.000000 0.215267 
0.798473 264.000000 0.201527 
0.792366 272.000000 0.207634 
0.816031 241.000000 0.183969 
0.784733 282.000000 0.215267 
0.798473 264.000000 0.201527 
0.801527 260.000000 0.198473 
0.805344 255.000000 0.194656 
0.802290 259.000000 0.197710 
0.817557 239.000000 0.182443 
0.793893 270.000000 0.206107 
0.798473 264.000000 0.201527 
0.803053 258.000000 0.196947 
0.809924 249.000000 0.190076 
0.786260 280.000000 0.213740 
0.815267 242.000000 0.184733 
0.806870 253.000000 0.193130 
0.799237 263.000000 0.200763 
0.796947 266.000000 0.203053 
0.796947 266.000000 0.203053 
0.789313 276.000000 0.210687 
0.786260 280.000000 0.213740 
0.792366 272.000000 0.207634 
0.784733 282.000000 0.215267 
0.806107 254.000000 0.193893 
0.798473 264.000000 0.201527 
0.787023 279.000000 0.212977 
0.806870 253.000000 0.193130 
0.799237 263.000000 0.200763 
0.803053 258.000000 0.196947 
0.788550 277.000000 0.211450 
0.806870 253.000000 0.193130 
0.791603 273.000000 0.208397 
0.791603 273.000000 0.208397 
0.805344 255.000000 0.194656 
0.795420 268.000000 0.204580 
0.789313 276.000000 0.210687 
0.790076 275.000000 0.209924 
0.806870 253.000000 0.193130 
0.798473 264.000000 0.201527 
0.802290 259.000000 0.197710 
0.804580 256.000000 0.195420 
0.794656 269.000000 0.205344 
0.797710 265.000000 0.202290 
0.793893 270.000000 0.206107 
0.798473 264.000000 0.201527 
0.800000 262.000000 0.200000 
0.790076 275.000000 0.209924 
0.802290 259.000000 0.197710 
0.799237 263.000000 0.200763 
0.803053 258.000000 0.196947 
0.804580 256.000000 0.195420 
0.800763 261.000000 0.199237 
0.793130 271.000000 0.206870 
0.793893 270.000000 0.206107 
0.810687 248.000000 0.189313 
0.814504 243.000000 0.185496 
0.789313 276.000000 0.210687 
0.799237 263.000000 0.200763 
0.797710 265.000000 0.202290 
0.800763 261.000000 0.199237 
0.793893 270.000000 0.206107 
0.800000 262.000000 0.200000 
0.796183 267.000000 0.203817 
0.793893 270.000000 0.206107 
0.786260 280.000000 0.213740 
0.795420 268.000000 0.204580 
0.796183 267.000000 0.203817 
0.798473 264.000000 0.201527 
0.815267 242.000000 0.184733 
0.807634 252.000000 0.192366 
0.798473 264.000000 0.201527 
0.803817 257.000000 0.196183 
0.791603 273.000000 0.208397 
0.794656 269.000000 0.205344 
0.803817 257.000000 0.196183 
0.788550 277.000000 0.211450 
0.806870 253.000000 0.193130 
0.799237 263.000000 0.200763 
0.809160 250.000000 0.190840 
0.784733 282.000000 0.215267 
0.803053 258.000000 0.196947 
0.808397 251.000000 0.191603 
0.805344 255.000000 0.194656 
0.794656 269.000000 0.205344 
0.812214 246.000000 0.187786 
0.796947 266.000000 0.203053 
0.778626 290.000000 0.221374 
0.804580 256.000000 0.195420 
0.798473 264.000000 0.201527 
0.797710 265.000000 0.202290 
0.792366 272.000000 0.207634 
0.783969 283.000000 0.216031 
0.808397 251.000000 0.191603 
0.796947 266.000000 0.203053 
0.809924 249.000000 0.190076 
0.803053 258.000000 0.196947 
0.814504 243.000000 0.185496 
0.794656 269.000000 0.205344 
0.786260 280.000000 0.213740 
0.796183 267.000000 0.203817 
0.800763 261.000000 0.199237 
0.799237 263.000000 0.200763 
0.804580 256.000000 0.195420 
0.796947 266.000000 0.203053 
0.799237 263.000000 0.200763 
0.804580 256.000000 0.195420 
0.793893 270.000000 0.206107 
0.803053 258.000000 0.196947 
0.795420 268.000000 0.204580 
0.795420 268.000000 0.204580 
0.796183 267.000000 0.203817 
0.806107 254.000000 0.193893 
0.797710 265.000000 0.202290 
0.794656 269.000000 0.205344 
0.796947 266.000000 0.203053 
0.807634 252.000000 0.192366 
0.802290 259.000000 0.197710 
0.809924 249.000000 0.190076 
0.807634 252.000000 0.192366 
0.796947 266.000000 0.203053 
0.807634 252.000000 0.192366 
0.794656 269.000000 0.205344 
0.795420 268.000000 0.204580 
0.795420 268.000000 0.204580 
0.793130 271.000000 0.206870 
0.792366 272.000000 0.207634 
0.787786 278.000000 0.212214 
0.808397 251.000000 0.191603 
0.804580 256.000000 0.195420 
0.801527 260.000000 0.198473 
0.804580 256.000000 0.195420 
0.785496 281.000000 0.214504 
0.811450 247.000000 0.188550 
0.788550 277.000000 0.211450 
0.798473 264.000000 0.201527 
0.794656 269.000000 0.205344 
0.783969 283.000000 0.216031 
0.796183 267.000000 0.203817 
0.780916 287.000000 0.219084 
0.802290 259.000000 0.197710 
0.810687 248.000000 0.189313 
0.796947 266.000000 0.203053 
0.815267 242.000000 0.184733 
0.805344 255.000000 0.194656 
0.791603 273.000000 0.208397 
0.777099 292.000000 0.222901 
0.816794 240.000000 0.183206 
0.804580 256.000000 0.195420 
0.797710 265.000000 0.202290 
0.810687 248.000000 0.189313 
0.796947 266.000000 0.203053 
0.810687 248.000000 0.189313 
0.803817 257.000000 0.196183 
0.808397 251.000000 0.191603 
0.805344 255.000000 0.194656 
0.790840 274.000000 0.209160 
0.796947 266.000000 0.203053 
0.798473 264.000000 0.201527 
0.795420 268.000000 0.204580 
0.793130 271.000000 0.206870 
0.800763 261.000000 0.199237 
0.790076 275.000000 0.209924 
0.809160 250.000000 0.190840 
0.785496 281.000000 0.214504 
0.795420 268.000000 0.204580 
0.795420 268.000000 0.204580 
0.800000 262.000000 0.200000 
0.795420 268.000000 0.204580 
0.796947 266.000000 0.203053 
0.801527 260.000000 0.198473 
0.809160 250.000000 0.190840 
0.810687 248.000000 0.189313 
0.795420 268.000000 0.204580 
0.800763 261.000000 0.199237 
0.804580 256.000000 0.195420 
0.798473 264.000000 0.201527 
0.806870 253.000000 0.193130 
0.801527 260.000000 0.198473 
0.790840 274.000000 0.209160 
0.812977 245.000000 0.187023 
0.778626 290.000000 0.221374 
0.810687 248.000000 0.189313 
0.803817 257.000000 0.196183 
0.792366 272.000000 0.207634 
0.795420 268.000000 0.204580 
0.803817 257.000000 0.196183 
0.807634 252.000000 0.192366 
0.806870 253.000000 0.193130 
0.797710 265.000000 0.202290 
0.793130 271.000000 0.206870 
0.803053 258.000000 0.196947 
0.795420 268.000000 0.204580 
0.795420 268.000000 0.204580 
0.809160 250.000000 0.190840 
0.790840 274.000000 0.209160 
0.793130 271.000000 0.206870 
0.797710 265.000000 0.202290 
0.799237 263.000000 0.200763 
0.793893 270.000000 0.206107 
0.809160 250.000000 0.190840 
0.793893 270.000000 0.206107 
0.787786 278.000000 0.212214 
0.809924 249.000000 0.190076 
0.796183 267.000000 0.203817 
0.813740 244.000000 0.186260 
0.806870 253.000000 0.193130 
0.803817 257.000000 0.196183 
0.798473 264.000000 0.201527 
0.808397 251.000000 0.191603 
0.795420 268.000000 0.204580 
0.787023 279.000000 0.212977 
0.801527 260.000000 0.198473 
0.811450 247.000000 0.188550 
0.791603 273.000000 0.208397 
0.805344 255.000000 0.194656 
0.782443 285.000000 0.217557 
0.794656 269.000000 0.205344 
0.793893 270.000000 0.206107 
0.796183 267.000000 0.203817 
0.800000 262.000000 0.200000 
0.791603 273.000000 0.208397 
0.800000 262.000000 0.200000 
0.790840 274.000000 0.209160 
0.798473 264.000000 0.201527 
0.794656 269.000000 0.205344 
0.790840 274.000000 0.209160 
0.796947 266.000000 0.203053 
0.809160 250.000000 0.190840 
0.808397 251.000000 0.191603 
0.789313 276.000000 0.210687 
0.803053 258.000000 0.196947 
0.794656 269.000000 0.205344 
0.800763 261.000000 0.199237 
0.795420 268.000000 0.204580 
0.796183 267.000000 0.203817 
0.801527 260.000000 0.198473 
0.803817 257.000000 0.196183 
0.800000 262.000000 0.200000 
0.800763 261.000000 0.199237 
0.794656 269.000000 0.205344 
0.799237 263.000000 0.200763 
0.803817 257.000000 0.196183 
0.806870 253.000000 0.193130 
0.806107 254.000000 0.193893 
0.795420 268.000000 0.204580 
0.823664 231.000000 0.176336 
0.787786 278.000000 0.212214 
0.805344 255.000000 0.194656 
0.806870 253.000000 0.193130 
0.803053 258.000000 0.196947 
0.805344 255.000000 0.194656 
0.807634 252.000000 0.192366 
0.793130 271.000000 0.206870 
0.811450 247.000000 0.188550 
0.788550 277.000000 0.211450 
0.798473 264.000000 0.201527 
0.816794 240.000000 0.183206 
0.794656 269.000000 0.205344 
0.793130 271.000000 0.206870 
0.801527 260.000000 0.198473 
0.810687 248.000000 0.189313 
0.803817 257.000000 0.196183 
0.801527 260.000000 0.198473 
0.791603 273.000000 0.208397 
0.806107 254.000000 0.193893 
0.810687 248.000000 0.189313 
0.811450 247.000000 0.188550 
0.802290 259.000000 0.197710 
0.780153 288.000000 0.219847 
0.809924 249.000000 0.190076 
0.788550 277.000000 0.211450 
0.806107 254.000000 0.193893 
0.792366 272.000000 0.207634 
0.801527 260.000000 0.198473 
0.809160 250.000000 0.190840 
0.800000 262.000000 0.200000 
0.800763 261.000000 0.199237 
0.796183 267.000000 0.203817 
0.799237 263.000000 0.200763 
0.799237 263.000000 0.200763 
0.803053 258.000000 0.196947 
0.794656 269.000000 0.205344 
0.790076 275.000000 0.209924 
0.789313 276.000000 0.210687 
0.800000 262.000000 0.200000 
0.803053 258.000000 0.196947 
0.793130 271.000000 0.206870 
0.796183 267.000000 0.203817 
0.792366 272.000000 0.207634 
0.804580 256.000000 0.195420 
0.806107 254.000000 0.193893 
0.786260 280.000000 0.213740 
0.800000 262.000000 0.200000 
0.801527 260.000000 0.198473 
0.791603 273.000000 0.208397 
0.798473 264.000000 0.201527 
0.794656 269.000000 0.205344 
0.809924 249.000000 0.190076 
0.795420 268.000000 0.204580 
0.805344 255.000000 0.194656 
0.808397 251.000000 0.191603 
0.808397 251.000000 0.191603 
0.800000 262.000000 0.200000 
0.796183 267.000000 0.203817 
0.810687 248.000000 0.189313 
0.795420 268.000000 0.204580 
0.792366 272.000000 0.207634 
0.800763 261.000000 0.199237 
0.796947 266.000000 0.203053 
0.793893 270.000000 0.206107 
0.795420 268.000000 0.204580 
0.790076 275.000000 0.209924 
0.803817 257.000000 0.196183 
0.809160 250.000000 0.190840 
0.803817 257.000000 0.196183 
0.809160 250.000000 0.190840 
0.806107 254.000000 0.193893 
0.815267 242.000000 0.184733 
0.794656 269.000000 0.205344 
0.796947 266.000000 0.203053 
0.806107 254.000000 0.193893 
0.798473 264.000000 0.201527 
0.803817 257.000000 0.196183 
0.786260 280.000000 0.213740 
0.814504 243.000000 0.185496 
0.798473 264.000000 0.201527 
0.800000 262.000000 0.200000 
0.800763 261.000000 0.199237 
0.793893 270.000000 0.206107 
0.793130 271.000000 0.206870 
0.810687 248.000000 0.189313 
0.806107 254.000000 0.193893 
0.809160 250.000000 0.190840 
0.808397 251.000000 0.191603 
0.798473 264.000000 0.201527 
0.805344 255.000000 0.194656 
0.796947 266.000000 0.203053 
0.796947 266.000000 0.203053 
0.791603 273.000000 0.208397 
0.796947 266.000000 0.203053 
0.813740 244.000000 0.186260 
0.797710 265.000000 0.202290 
0.790076 275.000000 0.209924 
0.799237 263.000000 0.200763 
0.801527 260.000000 0.198473 
0.809924 249.000000 0.190076 
0.800763 261.000000 0.199237 
0.797710 265.000000 0.202290 
0.792366 272.000000 0.207634 
0.802290 259.000000 0.197710 
0.798473 264.000000 0.201527 
0.801527 260.000000 0.198473 
0.803817 257.000000 0.196183 
0.803817 257.000000 0.196183 
0.785496 281.000000 0.214504 
0.800000 262.000000 0.200000 
0.790840 274.000000 0.209160 
0.807634 252.000000 0.192366 
0.800763 261.000000 0.199237 
0.806870 253.000000 0.193130 
0.797710 265.000000 0.202290 
0.800763 261.000000 0.199237 
0.797710 265.000000 0.202290 
0.809924 249.000000 0.190076 
0.807634 252.000000 0.192366 
0.803053 258.000000 0.196947 
0.789313 276.000000 0.210687 
0.801527 260.000000 0.198473 
0.805344 255.000000 0.194656 
0.797710 265.000000 0.202290 
0.801527 260.000000 0.198473 
0.800000 262.000000 0.200000 
0.800000 262.000000 0.200000 
0.807634 252.000000 0.192366 
0.813740 244.000000 0.186260 
0.802290 259.000000 0.197710 
0.798473 264.000000 0.201527 
0.813740 244.000000 0.186260 
0.806107 254.000000 0.193893 
0.803053 258.000000 0.196947 
0.806107 254.000000 0.193893 
0.794656 269.000000 0.205344 
0.793893 270.000000 0.206107 
0.799237 263.000000 0.200763 
0.797710 265.000000 0.202290 
0.798473 264.000000 0.201527 
0.803817 257.000000 0.196183 
0.796947 266.000000 0.203053 
0.816031 241.000000 0.183969 
0.799237 263.000000 0.200763 
0.811450 247.000000 0.188550 
0.810687 248.000000 0.189313 
0.805344 255.000000 0.194656 
0.790076 275.000000 0.209924 
0.813740 244.000000 0.186260 
0.800763 261.000000 0.199237 
0.787786 278.000000 0.212214 
0.790840 274.000000 0.209160 
0.799237 263.000000 0.200763 
0.794656 269.000000 0.205344 
0.816031 241.000000 0.183969 
0.793130 271.000000 0.206870 
0.799237 263.000000 0.200763 
0.800763 261.000000 0.199237 
0.802290 259.000000 0.197710 
0.801527 260.000000 0.198473 
0.796947 266.000000 0.203053 
0.793893 270.000000 0.206107 
0.790076 275.000000 0.209924 
0.789313 276.000000 0.210687 
0.800763 261.000000 0.199237 
0.801527 260.000000 0.198473 
0.801527 260.000000 0.198473 
0.804580 256.000000 0.195420 
0.796183 267.000000 0.203817 
0.797710 265.000000 0.202290 
0.803053 258.000000 0.196947 
0.787023 279.000000 0.212977 
0.806107 254.000000 0.193893 
0.813740 244.000000 0.186260 
0.799237 263.000000 0.200763 
0.817557 239.000000 0.182443 
0.796947 266.000000 0.203053 
0.787023 279.000000 0.212977 
0.793893 270.000000 0.206107 
0.803053 258.000000 0.196947 
0.798473 264.000000 0.201527 
0.797710 265.000000 0.202290 
0.807634 252.000000 0.192366 
0.810687 248.000000 0.189313 
0.801527 260.000000 0.198473 
0.787023 279.000000 0.212977 
0.807634 252.000000 0.192366 
0.813740 244.000000 0.186260 
0.802290 259.000000 0.197710 
0.785496 281.000000 0.214504 
0.803817 257.000000 0.196183 
0.806107 254.000000 0.193893 
0.791603 273.000000 0.208397 
0.809160 250.000000 0.190840 
0.797710 265.000000 0.202290 
0.796183 267.000000 0.203817 
0.799237 263.000000 0.200763 
0.797710 265.000000 0.202290 
0.803817 257.000000 0.196183 
0.803053 258.000000 0.196947 
0.801527 260.000000 0.198473 
0.807634 252.000000 0.192366 
0.811450 247.000000 0.188550 
0.810687 248.000000 0.189313 
0.797710 265.000000 0.202290 
0.791603 273.000000 0.208397 
0.790076 275.000000 0.209924 
0.808397 251.000000 0.191603 
0.801527 260.000000 0.198473 
0.791603 273.000000 0.208397 
0.803053 258.000000 0.196947 
0.812977 245.000000 0.187023 
0.793130 271.000000 0.206870 
0.800000 262.000000 0.200000 
0.804580 256.000000 0.195420 
0.814504 243.000000 0.185496 
0.808397 251.000000 0.191603 
0.800763 261.000000 0.199237 
0.805344 255.000000 0.194656 
0.799237 263.000000 0.200763 
0.790840 274.000000 0.209160 
0.819084 237.000000 0.180916 
0.804580 256.000000 0.195420 
0.800763 261.000000 0.199237 
0.797710 265.000000 0.202290 
0.809160 250.000000 0.190840 
0.804580 256.000000 0.195420 
0.808397 251.000000 0.191603 
0.793893 270.000000 0.206107 
0.796947 266.000000 0.203053 
0.796183 267.000000 0.203817 
0.800000 262.000000 0.200000 
0.799237 263.000000 0.200763 
0.795420 268.000000 0.204580 
0.803053 258.000000 0.196947 
0.790076 275.000000 0.209924 
0.793130 271.000000 0.206870 
0.818321 238.000000 0.181679 
0.802290 259.000000 0.197710 
0.807634 252.000000 0.192366 
0.788550 277.000000 0.211450 
0.796183 267.000000 0.203817 
0.797710 265.000000 0.202290 
0.800763 261.000000 0.199237 
0.810687 248.000000 0.189313 
0.803053 258.000000 0.196947 
0.794656 269.000000 0.205344 
0.807634 252.000000 0.192366 
0.798473 264.000000 0.201527 
0.813740 244.000000 0.186260 
0.812214 246.000000 0.187786 
0.800000 262.000000 0.200000 
0.806107 254.000000 0.193893 
0.807634 252.000000 0.192366 
0.796947 266.000000 0.203053 
0.799237 263.000000 0.200763 
0.803053 258.000000 0.196947 
0.808397 251.000000 0.191603 
0.793130 271.000000 0.206870 
0.798473 264.000000 0.201527 
0.793130 271.000000 0.206870 
0.791603 273.000000 0.208397 
0.806870 253.000000 0.193130 
0.790840 274.000000 0.209160 
0.812977 245.000000 0.187023 
0.800763 261.000000 0.199237 
0.800000 262.000000 0.200000 
0.814504 243.000000 0.185496 
0.789313 276.000000 0.210687 
0.806870 253.000000 0.193130 
0.808397 251.000000 0.191603 
0.801527 260.000000 0.198473 
0.804580 256.000000 0.195420 
0.797710 265.000000 0.202290 
0.790076 275.000000 0.209924 
0.800763 261.000000 0.199237 
0.800763 261.000000 0.199237 
0.793130 271.000000 0.206870 
0.812977 245.000000 0.187023 
0.800763 261.000000 0.199237 
0.792366 272.000000 0.207634 
0.791603 273.000000 0.208397 
0.800000 262.000000 0.200000 
0.794656 269.000000 0.205344 
0.804580 256.000000 0.195420 
0.785496 281.000000 0.214504 
0.807634 252.000000 0.192366 
0.806107 254.000000 0.193893 
0.797710 265.000000 0.202290 
0.799237 263.000000 0.200763 
0.789313 276.000000 0.210687 
0.803817 257.000000 0.196183 
0.803053 258.000000 0.196947 
0.792366 272.000000 0.207634 
0.809924 249.000000 0.190076 
0.802290 259.000000 0.197710 
0.802290 259.000000 0.197710 
0.797710 265.000000 0.202290 
0.791603 273.000000 0.208397 
0.793893 270.000000 0.206107 
0.787786 278.000000 0.212214 
0.801527 260.000000 0.198473 
0.803817 257.000000 0.196183 
0.789313 276.000000 0.210687 
0.816794 240.000000 0.183206 
0.813740 244.000000 0.186260 
0.790840 274.000000 0.209160 
0.806107 254.000000 0.193893 
0.804580 256.000000 0.195420 
0.794656 269.000000 0.205344 
0.798473 264.000000 0.201527 
0.806870 253.000000 0.193130 
0.808397 251.000000 0.191603 
0.803053 258.000000 0.196947 
0.800763 261.000000 0.199237 
0.803053 258.000000 0.196947 
0.806107 254.000000 0.193893 
0.800763 261.000000 0.199237 
0.809924 249.000000 0.190076 
0.800763 261.000000 0.199237 
0.807634 252.000000 0.192366 
0.794656 269.000000 0.205344 
0.795420 268.000000 0.204580 
0.800763 261.000000 0.199237 
0.811450 247.000000 0.188550 
0.786260 280.000000 0.213740 
0.796183 267.000000 0.203817 
0.792366 272.000000 0.207634 
0.816031 241.000000 0.183969 
0.798473 264.000000 0.201527 
0.807634 252.000000 0.192366 
0.807634 252.000000 0.192366 
0.811450 247.000000 0.188550 
0.809160 250.000000 0.190840 
0.806870 253.000000 0.193130 
0.805344 255.000000 0.194656 
0.808397 251.000000 0.191603 
0.802290 259.000000 0.197710 
0.806870 253.000000 0.193130 
0.807634 252.000000 0.192366 
0.796947 266.000000 0.203053 
0.796183 267.000000 0.203817 
0.800763 261.000000 0.199237 
0.802290 259.000000 0.197710 
0.796183 267.000000 0.203817 
0.798473 264.000000 0.201527 
0.793893 270.000000 0.206107 
0.790840 274.000000 0.209160 
0.804580 256.000000 0.195420 
0.816031 241.000000 0.183969 
0.799237 263.000000 0.200763 
0.802290 259.000000 0.197710 
0.805344 255.000000 0.194656 
0.794656 269.000000 0.205344 
0.798473 264.000000 0.201527 
0.786260 280.000000 0.213740 
0.798473 264.000000 0.201527 
0.796183 267.000000 0.203817 
0.800000 262.000000 0.200000 
0.815267 242.000000 0.184733 
0.793130 271.000000 0.206870 
0.793130 271.000000 0.206870 
0.790076 275.000000 0.209924 
0.800763 261.000000 0.199237 
0.801527 260.000000 0.198473 
0.794656 269.000000 0.205344 
0.816031 241.000000 0.183969 
0.787786 278.000000 0.212214 
0.805344 255.000000 0.194656 
0.792366 272.000000 0.207634 
0.803817 257.000000 0.196183 
0.800763 261.000000 0.199237 
0.799237 263.000000 0.200763 
0.792366 272.000000 0.207634 
0.801527 260.000000 0.198473 
0.794656 269.000000 0.205344 
0.790840 274.000000 0.209160 
0.800000 262.000000 0.200000 
0.801527 260.000000 0.198473 
0.796183 267.000000 0.203817 
0.787023 279.000000 0.212977 
0.816031 241.000000 0.183969 
0.809924 249.000000 0.190076 
0.810687 248.000000 0.189313 
0.796947 266.000000 0.203053 
0.805344 255.000000 0.194656 
0.800000 262.000000 0.200000 
0.794656 269.000000 0.205344 
0.798473 264.000000 0.201527 
0.793893 270.000000 0.206107 
0.805344 255.000000 0.194656 
0.795420 268.000000 0.204580 
0.812214 246.000000 0.187786 
0.793130 271.000000 0.206870 
0.797710 265.000000 0.202290 
0.797710 265.000000 0.202290 
0.796183 267.000000 0.203817 
0.804580 256.000000 0.195420 
0.800763 261.000000 0.199237 
0.804580 256.000000 0.195420 
0.787023 279.000000 0.212977 
0.798473 264.000000 0.201527 
0.793130 271.000000 0.206870 
0.796947 266.000000 0.203053 
0.810687 248.000000 0.189313 
0.799237 263.000000 0.200763 
0.802290 259.000000 0.197710 
0.809924 249.000000 0.190076 
0.792366 272.000000 0.207634 
0.796947 266.000000 0.203053 
0.808397 251.000000 0.191603 
0.790076 275.000000 0.209924 
0.795420 268.000000 0.204580 
0.813740 244.000000 0.186260 
0.790840 274.000000 0.209160 
0.782443 285.000000 0.217557 
0.816794 240.000000 0.183206 
0.800000 262.000000 0.200000 
0.819847 236.000000 0.180153 
0.783206 284.000000 0.216794 
0.788550 277.000000 0.211450 
0.797710 265.000000 0.202290 
0.790840 274.000000 0.209160 
0.809924 249.000000 0.190076 
0.802290 259.000000 0.197710 
0.790840 274.000000 0.209160 
0.793893 270.000000 0.206107 
0.794656 269.000000 0.205344 
0.794656 269.000000 0.205344 
0.809160 250.000000 0.190840 
0.791603 273.000000 0.208397 
0.798473 264.000000 0.201527 
0.786260 280.000000 0.213740 
0.799237 263.000000 0.200763 
0.796947 266.000000 0.203053 
0.799237 263.000000 0.200763 
0.787786 278.000000 0.212214 
0.794656 269.000000 0.205344 
0.797710 265.000000 0.202290 
0.800000 262.000000 0.200000 
0.803053 258.000000 0.196947 
0.795420 268.000000 0.204580 
0.792366 272.000000 0.207634 
0.804580 256.000000 0.195420 
0.809924 249.000000 0.190076 
0.790076 275.000000 0.209924 
0.803053 258.000000 0.196947 
0.782443 285.000000 0.217557 
0.793893 270.000000 0.206107 
0.806870 253.000000 0.193130 
0.798473 264.000000 0.201527 
0.800763 261.000000 0.199237 
0.807634 252.000000 0.192366 
0.803817 257.000000 0.196183 
0.801527 260.000000 0.198473 
0.796947 266.000000 0.203053 
0.806870 253.000000 0.193130 
0.795420 268.000000 0.204580 
0.784733 282.000000 0.215267 
0.800000 262.000000 0.200000 
0.791603 273.000000 0.208397 
0.791603 273.000000 0.208397 
0.794656 269.000000 0.205344 
0.799237 263.000000 0.200763 
0.798473 264.000000 0.201527 
0.809160 250.000000 0.190840 
0.809924 249.000000 0.190076 
0.797710 265.000000 0.202290 
0.794656 269.000000 0.205344 
0.800000 262.000000 0.200000 
0.793893 270.000000 0.206107 
0.810687 248.000000 0.189313 
0.812977 245.000000 0.187023 
0.806870 253.000000 0.193130 
0.810687 248.000000 0.189313 
0.809160 250.000000 0.190840 
0.801527 260.000000 0.198473 
0.800000 262.000000 0.200000 
0.816031 241.000000 0.183969 
0.796183 267.000000 0.203817 
0.802290 259.000000 0.197710 
0.796947 266.000000 0.203053 
0.797710 265.000000 0.202290 
0.802290 259.000000 0.197710 
0.800000 262.000000 0.200000 
0.799237 263.000000 0.200763 
0.803817 257.000000 0.196183 
0.796183 267.000000 0.203817 
0.806107 254.000000 0.193893 
0.796183 267.000000 0.203817 
0.820611 235.000000 0.179389 
0.789313 276.000000 0.210687 
0.788550 277.000000 0.211450 
0.812214 246.000000 0.187786 
0.810687 248.000000 0.189313 
0.806870 253.000000 0.193130 
0.790076 275.000000 0.209924 
0.800000 262.000000 0.200000 
0.803053 258.000000 0.196947 
0.803053 258.000000 0.196947 
0.791603 273.000000 0.208397 
0.793893 270.000000 0.206107 
0.809924 249.000000 0.190076 
0.809160 250.000000 0.190840 
0.801527 260.000000 0.198473 
0.803053 258.000000 0.196947 
0.804580 256.000000 0.195420 
0.792366 272.000000 0.207634 
0.809924 249.000000 0.190076 
0.807634 252.000000 0.192366 
0.796183 267.000000 0.203817 
0.802290 259.000000 0.197710 
0.788550 277.000000 0.211450 
0.805344 255.000000 0.194656 
0.809924 249.000000 0.190076 
0.796947 266.000000 0.203053 
0.796947 266.000000 0.203053 
0.800763 261.000000 0.199237 
0.798473 264.000000 0.201527 
0.795420 268.000000 0.204580 
0.798473 264.000000 0.201527 
0.793893 270.000000 0.206107 
0.796183 267.000000 0.203817 
0.796183 267.000000 0.203817 
0.796947 266.000000 0.203053 
0.800000 262.000000 0.200000 
0.794656 269.000000 0.205344 
0.794656 269.000000 0.205344 
0.818321 238.000000 0.181679 
0.804580 256.000000 0.195420 
0.803053 258.000000 0.196947 
0.811450 247.000000 0.188550 
0.803817 257.000000 0.196183 
0.806107 254.000000 0.193893 
0.811450 247.000000 0.188550 
0.807634 252.000000 0.192366 
0.803817 257.000000 0.196183 
0.795420 268.000000 0.204580 
0.800000 262.000000 0.200000 
0.789313 276.000000 0.210687 
0.800763 261.000000 0.199237 
0.800000 262.000000 0.200000 
0.802290 259.000000 0.197710 
0.799237 263.000000 0.200763 
0.800763 261.000000 0.199237 
0.798473 264.000000 0.201527 
0.793130 271.000000 0.206870 
0.796183 267.000000 0.203817 
0.806107 254.000000 0.193893 
0.794656 269.000000 0.205344 
0.800763 261.000000 0.199237 
0.790076 275.000000 0.209924 
0.787786 278.000000 0.212214 
0.806107 254.000000 0.193893 
0.803817 257.000000 0.196183 
0.792366 272.000000 0.207634 
0.810687 248.000000 0.189313 
0.794656 269.000000 0.205344 
0.804580 256.000000 0.195420 
0.800000 262.000000 0.200000 
0.797710 265.000000 0.202290 
0.796947 266.000000 0.203053 
0.793893 270.000000 0.206107 
0.803817 257.000000 0.196183 
0.801527 260.000000 0.198473 
0.790840 274.000000 0.209160 
0.803053 258.000000 0.196947 
0.804580 256.000000 0.195420 
0.797710 265.000000 0.202290 
0.806107 254.000000 0.193893 
0.817557 239.000000 0.182443 
0.808397 251.000000 0.191603 
0.799237 263.000000 0.200763 
0.793893 270.000000 0.206107 
0.794656 269.000000 0.205344 
0.799237 263.000000 0.200763 
0.791603 273.000000 0.208397 
0.803817 257.000000 0.196183 
0.809924 249.000000 0.190076 
0.795420 268.000000 0.204580 
0.801527 260.000000 0.198473 
0.806107 254.000000 0.193893 
0.793893 270.000000 0.206107 
0.793893 270.000000 0.206107 
0.787023 279.000000 0.212977 
0.792366 272.000000 0.207634 
0.809924 249.000000 0.190076 
0.810687 248.000000 0.189313 
0.796183 267.000000 0.203817 
0.805344 255.000000 0.194656 
0.798473 264.000000 0.201527 
0.798473 264.000000 0.201527 
0.793130 271.000000 0.206870 
0.800000 262.000000 0.200000 
0.807634 252.000000 0.192366 
0.791603 273.000000 0.208397 
0.798473 264.000000 0.201527 
0.793893 270.000000 0.206107 
0.804580 256.000000 0.195420 
0.803053 258.000000 0.196947 
0.794656 269.000000 0.205344 
0.803053 258.000000 0.196947 
0.819847 236.000000 0.180153 
0.803053 258.000000 0.196947 
0.809924 249.000000 0.190076 
0.794656 269.000000 0.205344 
0.806107 254.000000 0.193893 
0.806107 254.000000 0.193893 
0.790840 274.000000 0.209160 
0.790840 274.000000 0.209160 
0.798473 264.000000 0.201527 
0.809924 249.000000 0.190076 
0.805344 255.000000 0.194656 
0.800000 262.000000 0.200000 
0.796947 266.000000 0.203053 
0.812214 246.000000 0.187786 
0.784733 282.000000 0.215267 
0.800763 261.000000 0.199237 
0.804580 256.000000 0.195420 
0.800763 261.000000 0.199237 
0.798473 264.000000 0.201527 
0.798473 264.000000 0.201527 
0.803817 257.000000 0.196183 
0.805344 255.000000 0.194656 
0.790076 275.000000 0.209924 
0.793893 270.000000 0.206107 
0.809160 250.000000 0.190840 
0.796947 266.000000 0.203053 
0.802290 259.000000 0.197710 
0.805344 255.000000 0.194656 
0.797710 265.000000 0.202290 
0.810687 248.000000 0.189313 
0.812214 246.000000 0.187786 
0.803053 258.000000 0.196947 
0.804580 256.000000 0.195420 
0.790076 275.000000 0.209924 
0.794656 269.000000 0.205344 
0.797710 265.000000 0.202290 
0.803053 258.000000 0.196947 
0.790840 274.000000 0.209160 
0.809160 250.000000 0.190840 
0.800763 261.000000 0.199237 
0.794656 269.000000 0.205344 
0.805344 255.000000 0.194656 
0.800763 261.000000 0.199237 
0.791603 273.000000 0.208397 
0.809160 250.000000 0.190840 
0.802290 259.000000 0.197710 
0.791603 273.000000 0.208397 
0.809160 250.000000 0.190840 
0.805344 255.000000 0.194656 
0.805344 255.000000 0.194656 
0.786260 280.000000 0.213740 
0.791603 273.000000 0.208397 
0.793130 271.000000 0.206870 
0.806870 253.000000 0.193130 
0.807634 252.000000 0.192366 
0.799237 263.000000 0.200763 
0.809160 250.000000 0.190840 
0.796183 267.000000 0.203817 
0.807634 252.000000 0.192366 
0.794656 269.000000 0.205344 
0.806870 253.000000 0.193130 
0.800763 261.000000 0.199237 
0.810687 248.000000 0.189313 
0.804580 256.000000 0.195420 
0.814504 243.000000 0.185496 
0.817557 239.000000 0.182443 
0.794656 269.000000 0.205344 
0.797710 265.000000 0.202290 
0.797710 265.000000 0.202290 
0.792366 272.000000 0.207634 
0.801527 260.000000 0.198473 
0.794656 269.000000 0.205344 
0.792366 272.000000 0.207634 
0.780153 288.000000 0.219847 
0.800763 261.000000 0.199237 
0.800763 261.000000 0.199237 
0.800000 262.000000 0.200000 
0.803817 257.000000 0.196183 
0.790840 274.000000 0.209160 
0.803053 258.000000 0.196947 
0.800000 262.000000 0.200000 
0.799237 263.000000 0.200763 
0.810687 248.000000 0.189313 
0.806107 254.000000 0.193893 
0.787786 278.000000 0.212214 
0.806107 254.000000 0.193893 
0.801527 260.000000 0.198473 
0.796183 267.000000 0.203817 
0.794656 269.000000 0.205344 
0.790840 274.000000 0.209160 
0.801527 260.000000 0.198473 
0.792366 272.000000 0.207634 
0.802290 259.000000 0.197710 
0.783969 283.000000 0.216031 
0.797710 265.000000 0.202290 
0.798473 264.000000 0.201527 
0.819084 237.000000 0.180916 
0.797710 265.000000 0.202290 
0.802290 259.000000 0.197710 
0.804580 256.000000 0.195420 
0.793130 271.000000 0.206870 
0.805344 255.000000 0.194656 
0.806870 253.000000 0.193130 
0.795420 268.000000 0.204580 
0.799237 263.000000 0.200763 
0.807634 252.000000 0.192366 
0.806870 253.000000 0.193130 
0.795420 268.000000 0.204580 
0.808397 251.000000 0.191603 
0.804580 256.000000 0.195420 
0.804580 256.000000 0.195420 
0.800763 261.000000 0.199237 
0.784733 282.000000 0.215267 
0.817557 239.000000 0.182443 
0.806870 253.000000 0.193130 
0.802290 259.000000 0.197710 
0.800000 262.000000 0.200000 
0.795420 268.000000 0.204580 
0.800000 262.000000 0.200000 
0.816794 240.000000 0.183206 
0.796183 267.000000 0.203817 
0.793893 270.000000 0.206107 
0.803817 257.000000 0.196183 
0.811450 247.000000 0.188550 
0.798473 264.000000 0.201527 
0.800000 262.000000 0.200000 
0.796947 266.000000 0.203053 
0.807634 252.000000 0.192366 
0.805344 255.000000 0.194656 
0.786260 280.000000 0.213740 
0.798473 264.000000 0.201527 
0.784733 282.000000 0.215267 
0.793893 270.000000 0.206107 
0.809160 250.000000 0.190840 
0.804580 256.000000 0.195420 
0.796947 266.000000 0.203053 
0.801527 260.000000 0.198473 
0.796183 267.000000 0.203817 
0.788550 277.000000 0.211450 
0.808397 251.000000 0.191603 
0.794656 269.000000 0.205344 
0.796183 267.000000 0.203817 
0.800000 262.000000 0.200000 
0.793893 270.000000 0.206107 
0.819084 237.000000 0.180916 
0.816794 240.000000 0.183206 
0.793893 270.000000 0.206107 
0.814504 243.000000 0.185496 
0.802290 259.000000 0.197710 
0.805344 255.000000 0.194656 
0.801527 260.000000 0.198473 
0.802290 259.000000 0.197710 
0.804580 256.000000 0.195420 
0.803817 257.000000 0.196183 
0.816031 241.000000 0.183969 
0.795420 268.000000 0.204580 
0.804580 256.000000 0.195420 
0.813740 244.000000 0.186260 
0.803053 258.000000 0.196947 
0.797710 265.000000 0.202290 
0.802290 259.000000 0.197710 
0.796947 266.000000 0.203053 
0.802290 259.000000 0.197710 
0.793893 270.000000 0.206107 
0.801527 260.000000 0.198473 
0.798473 264.000000 0.201527 
0.806107 254.000000 0.193893 
0.816031 241.000000 0.183969 
0.795420 268.000000 0.204580 
0.797710 265.000000 0.202290 
0.785496 281.000000 0.214504 
0.806107 254.000000 0.193893 
0.790840 274.000000 0.209160 
0.804580 256.000000 0.195420 
0.790076 275.000000 0.209924 
0.796947 266.000000 0.203053 
0.780916 287.000000 0.219084 
0.796183 267.000000 0.203817 
0.793893 270.000000 0.206107 
0.793893 270.000000 0.206107 
0.805344 255.000000 0.194656 
0.793893 270.000000 0.206107 
0.807634 252.000000 0.192366 
0.803053 258.000000 0.196947 
0.793130 271.000000 0.206870 
0.804580 256.000000 0.195420 
0.796183 267.000000 0.203817 
0.802290 259.000000 0.197710 
0.803053 258.000000 0.196947 
0.806870 253.000000 0.193130 
0.795420 268.000000 0.204580 
0.801527 260.000000 0.198473 
0.799237 263.000000 0.200763 
0.787786 278.000000 0.212214 
0.800000 262.000000 0.200000 
0.794656 269.000000 0.205344 
0.803817 257.000000 0.196183 
0.793130 271.000000 0.206870 
0.793893 270.000000 0.206107 
0.806870 253.000000 0.193130 
0.793130 271.000000 0.206870 
0.803817 257.000000 0.196183 
0.803053 258.000000 0.196947 
0.798473 264.000000 0.201527 
0.799237 263.000000 0.200763 
0.809924 249.000000 0.190076 
0.806107 254.000000 0.193893 
0.799237 263.000000 0.200763 
0.804580 256.000000 0.195420 
0.806107 254.000000 0.193893 
0.797710 265.000000 0.202290 
0.789313 276.000000 0.210687 
0.786260 280.000000 0.213740 
0.789313 276.000000 0.210687 
0.796947 266.000000 0.203053 
0.796183 267.000000 0.203817 
0.790076 275.000000 0.209924 
0.808397 251.000000 0.191603 
0.809160 250.000000 0.190840 
0.789313 276.000000 0.210687 
0.811450 247.000000 0.188550 
0.807634 252.000000 0.192366 
0.786260 280.000000 0.213740 
0.807634 252.000000 0.192366 
0.801527 260.000000 0.198473 
0.804580 256.000000 0.195420 
0.809924 249.000000 0.190076 
0.801527 260.000000 0.198473 
0.793893 270.000000 0.206107 
0.803817 257.000000 0.196183 
0.802290 259.000000 0.197710 
0.798473 264.000000 0.201527 
0.798473 264.000000 0.201527 
0.800000 262.000000 0.200000 
0.799237 263.000000 0.200763 
0.796947 266.000000 0.203053 
0.796947 266.000000 0.203053 
0.798473 264.000000 0.201527 
0.799237 263.000000 0.200763 
0.797710 265.000000 0.202290 
0.801527 260.000000 0.198473 
0.796947 266.000000 0.203053 
0.801527 260.000000 0.198473 
0.793893 270.000000 0.206107 
0.791603 273.000000 0.208397 
0.804580 256.000000 0.195420 
0.788550 277.000000 0.211450 
0.788550 277.000000 0.211450 
0.796947 266.000000 0.203053 
0.812214 246.000000 0.187786 
0.801527 260.000000 0.198473 
0.799237 263.000000 0.200763 
0.794656 269.000000 0.205344 
0.808397 251.000000 0.191603 
0.814504 243.000000 0.185496 
0.778626 290.000000 0.221374 
0.791603 273.000000 0.208397 
0.790840 274.000000 0.209160 
0.794656 269.000000 0.205344 
0.794656 269.000000 0.205344 
0.797710 265.000000 0.202290 
0.808397 251.000000 0.191603 
0.809924 249.000000 0.190076 
0.796947 266.000000 0.203053 
0.787023 279.000000 0.212977 
0.800763 261.000000 0.199237 
0.802290 259.000000 0.197710 
0.803053 258.000000 0.196947 
0.795420 268.000000 0.204580 
0.806870 253.000000 0.193130 
0.791603 273.000000 0.208397 
0.800763 261.000000 0.199237 
0.796947 266.000000 0.203053 
0.810687 248.000000 0.189313 
0.805344 255.000000 0.194656 
0.800763 261.000000 0.199237 
0.788550 277.000000 0.211450 
0.795420 268.000000 0.204580 
0.790840 274.000000 0.209160 
0.799237 263.000000 0.200763 
0.806107 254.000000 0.193893 
0.807634 252.000000 0.192366 
0.781679 286.000000 0.218321 
0.802290 259.000000 0.197710 
0.797710 265.000000 0.202290 
0.790840 274.000000 0.209160 
0.806870 253.000000 0.193130 
0.800000 262.000000 0.200000 
0.813740 244.000000 0.186260 
0.803817 257.000000 0.196183 
0.796947 266.000000 0.203053 
0.800763 261.000000 0.199237 
0.818321 238.000000 0.181679 
0.809160 250.000000 0.190840 
0.822901 232.000000 0.177099 
0.807634 252.000000 0.192366 
0.796183 267.000000 0.203817 
0.812214 246.000000 0.187786 
0.785496 281.000000 0.214504 
0.798473 264.000000 0.201527 
0.799237 263.000000 0.200763 
0.794656 269.000000 0.205344 
0.803053 258.000000 0.196947 
0.787023 279.000000 0.212977 
0.806107 254.000000 0.193893 
0.800763 261.000000 0.199237 
0.802290 259.000000 0.197710 
0.795420 268.000000 0.204580 
0.798473 264.000000 0.201527 
0.809160 250.000000 0.190840 
0.791603 273.000000 0.208397 
0.803053 258.000000 0.196947 
0.821374 234.000000 0.178626 
0.813740 244.000000 0.186260 
0.808397 251.000000 0.191603 
0.807634 252.000000 0.192366 
0.800763 261.000000 0.199237 
0.800000 262.000000 0.200000 
0.806107 254.000000 0.193893 
0.797710 265.000000 0.202290 
0.809160 250.000000 0.190840 
0.800000 262.000000 0.200000 
0.816794 240.000000 0.183206 
0.799237 263.000000 0.200763 
0.790840 274.000000 0.209160 
0.796183 267.000000 0.203817 
0.793893 270.000000 0.206107 
0.796947 266.000000 0.203053 
0.812977 245.000000 0.187023 
0.793130 271.000000 0.206870 
0.799237 263.000000 0.200763 
0.815267 242.000000 0.184733 
0.796947 266.000000 0.203053 
0.802290 259.000000 0.197710 
0.808397 251.000000 0.191603 
0.786260 280.000000 0.213740 
0.805344 255.000000 0.194656 
0.794656 269.000000 0.205344 
0.805344 255.000000 0.194656 
0.797710 265.000000 0.202290 
0.801527 260.000000 0.198473 
0.799237 263.000000 0.200763 
0.790076 275.000000 0.209924 
0.803053 258.000000 0.196947 
0.812214 246.000000 0.187786 
0.793893 270.000000 0.206107 
0.789313 276.000000 0.210687 
0.785496 281.000000 0.214504 
0.787786 278.000000 0.212214 
0.792366 272.000000 0.207634 
0.803817 257.000000 0.196183 
0.806870 253.000000 0.193130 
0.809160 250.000000 0.190840 
0.796947 266.000000 0.203053 
0.794656 269.000000 0.205344 
0.794656 269.000000 0.205344 
0.801527 260.000000 0.198473 
0.790840 274.000000 0.209160 
0.808397 251.000000 0.191603 
0.806870 253.000000 0.193130 
0.806107 254.000000 0.193893 
0.794656 269.000000 0.205344 
0.796947 266.000000 0.203053 
0.793893 270.000000 0.206107 
0.806870 253.000000 0.193130 
0.797710 265.000000 0.202290 
0.796947 266.000000 0.203053 
0.792366 272.000000 0.207634 
0.800000 262.000000 0.200000 
0.800000 262.000000 0.200000 
0.801527 260.000000 0.198473 
0.800763 261.000000 0.199237 
0.794656 269.000000 0.205344 
0.803053 258.000000 0.196947 
0.791603 273.000000 0.208397 
0.792366 272.000000 0.207634 
0.796947 266.000000 0.203053 
0.800763 261.000000 0.199237 
0.808397 251.000000 0.191603 
0.783969 283.000000 0.216031 
0.783969 283.000000 0.216031 
0.792366 272.000000 0.207634 
0.796947 266.000000 0.203053 
0.793893 270.000000 0.206107 
0.805344 255.000000 0.194656 
0.801527 260.000000 0.198473 
0.810687 248.000000 0.189313 
0.798473 264.000000 0.201527 
0.792366 272.000000 0.207634 
0.790076 275.000000 0.209924 
0.796183 267.000000 0.203817 
0.812977 245.000000 0.187023 
0.801527 260.000000 0.198473 
0.799237 263.000000 0.200763 
0.803817 257.000000 0.196183 
0.787023 279.000000 0.212977 
0.806107 254.000000 0.193893 
0.813740 244.000000 0.186260 
0.787786 278.000000 0.212214 
0.792366 272.000000 0.207634 
0.805344 255.000000 0.194656 
0.789313 276.000000 0.210687 
0.811450 247.000000 0.188550 
0.805344 255.000000 0.194656 
0.794656 269.000000 0.205344 
0.800763 261.000000 0.199237 
0.798473 264.000000 0.201527 
0.792366 272.000000 0.207634 
0.808397 251.000000 0.191603 
0.797710 265.000000 0.202290 
0.802290 259.000000 0.197710 
0.803053 258.000000 0.196947 
0.804580 256.000000 0.195420 
0.788550 277.000000 0.211450 
0.803817 257.000000 0.196183 
0.782443 285.000000 0.217557 
0.794656 269.000000 0.205344 
0.797710 265.000000 0.202290 
0.804580 256.000000 0.195420 
0.799237 263.000000 0.200763 
0.806107 254.000000 0.193893 
0.800000 262.000000 0.200000 
0.800763 261.000000 0.199237 
0.797710 265.000000 0.202290 
0.805344 255.000000 0.194656 
0.812214 246.000000 0.187786 
0.803817 257.000000 0.196183 
0.795420 268.000000 0.204580 
0.817557 239.000000 0.182443 
0.793893 270.000000 0.206107 
0.798473 264.000000 0.201527 
0.816031 241.000000 0.183969 
0.805344 255.000000 0.194656 
0.800763 261.000000 0.199237 
0.787786 278.000000 0.212214 
0.798473 264.000000 0.201527 
0.788550 277.000000 0.211450 
0.788550 277.000000 0.211450 
0.789313 276.000000 0.210687 
0.803053 258.000000 0.196947 
0.798473 264.000000 0.201527 
0.803053 258.000000 0.196947 
0.822901 232.000000 0.177099 
0.803817 257.000000 0.196183 
0.803817 257.000000 0.196183 
0.802290 259.000000 0.197710 
0.785496 281.000000 0.214504 
0.812977 245.000000 0.187023 
0.798473 264.000000 0.201527 
0.784733 282.000000 0.215267 
0.791603 273.000000 0.208397 
0.790840 274.000000 0.209160 
0.794656 269.000000 0.205344 
0.796947 266.000000 0.203053 
0.789313 276.000000 0.210687 
0.803817 257.000000 0.196183 
0.797710 265.000000 0.202290 
0.803817 257.000000 0.196183 
0.803053 258.000000 0.196947 
0.804580 256.000000 0.195420 
0.800000 262.000000 0.200000 
0.794656 269.000000 0.205344 
0.791603 273.000000 0.208397 
0.802290 259.000000 0.197710 
0.796947 266.000000 0.203053 
0.785496 281.000000 0.214504 
0.801527 260.000000 0.198473 
0.796183 267.000000 0.203817 
0.803053 258.000000 0.196947 
0.805344 255.000000 0.194656 
0.795420 268.000000 0.204580 
0.806107 254.000000 0.193893 
0.807634 252.000000 0.192366 
0.807634 252.000000 0.192366 
0.800763 261.000000 0.199237 
0.818321 238.000000 0.181679 
0.793130 271.000000 0.206870 
0.794656 269.000000 0.205344 
0.800000 262.000000 0.200000 
0.803053 258.000000 0.196947 
0.798473 264.000000 0.201527 
0.797710 265.000000 0.202290 
0.796947 266.000000 0.203053 
0.807634 252.000000 0.192366 
0.792366 272.000000 0.207634 
0.803817 257.000000 0.196183 
0.803053 258.000000 0.196947 
0.797710 265.000000 0.202290 
0.809160 250.000000 0.190840 
0.798473 264.000000 0.201527 
0.798473 264.000000 0.201527 
