0.435803 2603.000000 0.151681 
0.436851 2568.000000 0.149642 
0.434366 2651.000000 0.154478 
0.437869 2534.000000 0.147660 
0.436791 2570.000000 0.149758 
0.437479 2547.000000 0.148418 
0.436791 2570.000000 0.149758 
0.437928 2532.000000 0.147544 
0.437839 2535.000000 0.147719 
0.436971 2564.000000 0.149409 
0.437180 2557.000000 0.149001 
0.436821 2569.000000 0.149700 
0.437420 2549.000000 0.148534 
0.436851 2568.000000 0.149642 
0.437479 2547.000000 0.148418 
0.436671 2574.000000 0.149991 
0.436851 2568.000000 0.149642 
0.435264 2621.000000 0.152730 
0.436312 2586.000000 0.150691 
0.438437 2515.000000 0.146553 
0.435893 2600.000000 0.151506 
0.436581 2577.000000 0.150166 
0.437689 2540.000000 0.148010 
0.437120 2559.000000 0.149117 
0.435474 2614.000000 0.152322 
0.437479 2547.000000 0.148418 
0.436282 2587.000000 0.150749 
0.435803 2603.000000 0.151681 
0.436043 2595.000000 0.151215 
0.434875 2634.000000 0.153488 
0.436971 2564.000000 0.149409 
0.436851 2568.000000 0.149642 
0.435115 2626.000000 0.153021 
0.437569 2544.000000 0.148243 
0.438407 2516.000000 0.146612 
0.436342 2585.000000 0.150632 
0.436372 2584.000000 0.150574 
0.438138 2525.000000 0.147136 
0.436521 2579.000000 0.150283 
0.436881 2567.000000 0.149583 
0.437000 2563.000000 0.149350 
0.437210 2556.000000 0.148942 
0.437090 2560.000000 0.149175 
0.434516 2646.000000 0.154187 
0.436132 2592.000000 0.151040 
0.437449 2548.000000 0.148476 
0.436671 2574.000000 0.149991 
0.436641 2575.000000 0.150050 
0.435983 2597.000000 0.151332 
0.437719 2539.000000 0.147952 
0.437030 2562.000000 0.149292 
0.436192 2590.000000 0.150924 
0.436971 2564.000000 0.149409 
0.436102 2593.000000 0.151098 
0.434695 2640.000000 0.153837 
0.437060 2561.000000 0.149234 
0.436102 2593.000000 0.151098 
0.436013 2596.000000 0.151273 
0.437659 2541.000000 0.148068 
0.435534 2612.000000 0.152206 
0.437958 2531.000000 0.147486 
0.438258 2521.000000 0.146903 
0.436492 2580.000000 0.150341 
0.438318 2519.000000 0.146786 
0.436521 2579.000000 0.150283 
0.438228 2522.000000 0.146961 
0.436881 2567.000000 0.149583 
0.437509 2546.000000 0.148360 
0.437569 2544.000000 0.148243 
0.436941 2565.000000 0.149467 
0.438827 2502.000000 0.145796 
0.437928 2532.000000 0.147544 
0.435833 2602.000000 0.151623 
0.437090 2560.000000 0.149175 
0.435474 2614.000000 0.152322 
0.436761 2571.000000 0.149816 
0.435653 2608.000000 0.151972 
0.436192 2590.000000 0.150924 
0.436013 2596.000000 0.151273 
0.436013 2596.000000 0.151273 
0.437509 2546.000000 0.148360 
0.435683 2607.000000 0.151914 
0.437629 2542.000000 0.148127 
0.436342 2585.000000 0.150632 
0.434935 2632.000000 0.153371 
0.436881 2567.000000 0.149583 
0.436821 2569.000000 0.149700 
0.437420 2549.000000 0.148534 
0.436282 2587.000000 0.150749 
0.434845 2635.000000 0.153546 
0.436701 2573.000000 0.149933 
0.434845 2635.000000 0.153546 
0.438168 2524.000000 0.147078 
0.436551 2578.000000 0.150224 
0.435923 2599.000000 0.151448 
0.438946 2498.000000 0.145563 
0.438018 2529.000000 0.147369 
0.435324 2619.000000 0.152613 
0.437030 2562.000000 0.149292 
0.435564 2611.000000 0.152147 
0.437120 2559.000000 0.149117 
0.435593 2610.000000 0.152089 
0.437210 2556.000000 0.148942 
0.437270 2554.000000 0.148826 
0.435683 2607.000000 0.151914 
0.436102 2593.000000 0.151098 
0.435773 2604.000000 0.151739 
0.437569 2544.000000 0.148243 
0.435384 2617.000000 0.152497 
0.437090 2560.000000 0.149175 
0.435174 2624.000000 0.152905 
0.436342 2585.000000 0.150632 
0.437839 2535.000000 0.147719 
0.437958 2531.000000 0.147486 
0.438108 2526.000000 0.147194 
0.436851 2568.000000 0.149642 
0.436851 2568.000000 0.149642 
0.438348 2518.000000 0.146728 
0.437869 2534.000000 0.147660 
0.436821 2569.000000 0.149700 
0.437599 2543.000000 0.148185 
0.437479 2547.000000 0.148418 
0.435354 2618.000000 0.152555 
0.434935 2632.000000 0.153371 
0.436851 2568.000000 0.149642 
0.437150 2558.000000 0.149059 
0.437629 2542.000000 0.148127 
0.435653 2608.000000 0.151972 
0.436911 2566.000000 0.149525 
0.435923 2599.000000 0.151448 
0.437120 2559.000000 0.149117 
0.435863 2601.000000 0.151565 
0.436911 2566.000000 0.149525 
0.435983 2597.000000 0.151332 
0.436701 2573.000000 0.149933 
0.435803 2603.000000 0.151681 
0.437449 2548.000000 0.148476 
0.437060 2561.000000 0.149234 
0.438707 2506.000000 0.146029 
0.436192 2590.000000 0.150924 
0.437509 2546.000000 0.148360 
0.435474 2614.000000 0.152322 
0.437240 2555.000000 0.148884 
0.437150 2558.000000 0.149059 
0.436162 2591.000000 0.150982 
0.436881 2567.000000 0.149583 
0.435354 2618.000000 0.152555 
0.438827 2502.000000 0.145796 
0.434186 2657.000000 0.154828 
0.437390 2550.000000 0.148593 
0.437180 2557.000000 0.149001 
0.436731 2572.000000 0.149875 
0.437719 2539.000000 0.147952 
0.438078 2527.000000 0.147252 
0.436462 2581.000000 0.150399 
0.435144 2625.000000 0.152963 
0.436252 2588.000000 0.150807 
0.437629 2542.000000 0.148127 
0.437210 2556.000000 0.148942 
0.436911 2566.000000 0.149525 
0.436791 2570.000000 0.149758 
0.435264 2621.000000 0.152730 
0.435953 2598.000000 0.151390 
0.436282 2587.000000 0.150749 
0.435564 2611.000000 0.152147 
0.436192 2590.000000 0.150924 
0.437390 2550.000000 0.148593 
0.436791 2570.000000 0.149758 
0.439485 2480.000000 0.144514 
0.436821 2569.000000 0.149700 
0.436342 2585.000000 0.150632 
0.437390 2550.000000 0.148593 
0.437120 2559.000000 0.149117 
0.436971 2564.000000 0.149409 
0.437030 2562.000000 0.149292 
0.437060 2561.000000 0.149234 
0.436971 2564.000000 0.149409 
0.437210 2556.000000 0.148942 
0.433708 2673.000000 0.155760 
0.435923 2599.000000 0.151448 
0.436043 2595.000000 0.151215 
0.436791 2570.000000 0.149758 
0.436641 2575.000000 0.150050 
0.436581 2577.000000 0.150166 
0.437569 2544.000000 0.148243 
0.436072 2594.000000 0.151157 
0.437779 2537.000000 0.147835 
0.435504 2613.000000 0.152264 
0.435294 2620.000000 0.152672 
0.435204 2623.000000 0.152847 
0.435713 2606.000000 0.151856 
0.438407 2516.000000 0.146612 
0.436671 2574.000000 0.149991 
0.439006 2496.000000 0.145446 
0.434516 2646.000000 0.154187 
0.437210 2556.000000 0.148942 
0.435115 2626.000000 0.153021 
0.435534 2612.000000 0.152206 
0.437120 2559.000000 0.149117 
0.437869 2534.000000 0.147660 
0.437150 2558.000000 0.149059 
0.437988 2530.000000 0.147427 
0.434965 2631.000000 0.153313 
0.436761 2571.000000 0.149816 
0.437569 2544.000000 0.148243 
0.435144 2625.000000 0.152963 
0.438886 2500.000000 0.145679 
0.437629 2542.000000 0.148127 
0.436521 2579.000000 0.150283 
0.436312 2586.000000 0.150691 
0.435144 2625.000000 0.152963 
0.435983 2597.000000 0.151332 
0.437420 2549.000000 0.148534 
0.435264 2621.000000 0.152730 
0.437300 2553.000000 0.148768 
0.435534 2612.000000 0.152206 
0.437928 2532.000000 0.147544 
0.435593 2610.000000 0.152089 
0.438138 2525.000000 0.147136 
0.437150 2558.000000 0.149059 
0.436671 2574.000000 0.149991 
0.435264 2621.000000 0.152730 
0.435204 2623.000000 0.152847 
0.435234 2622.000000 0.152788 
0.437420 2549.000000 0.148534 
0.439066 2494.000000 0.145330 
0.436581 2577.000000 0.150166 
0.436102 2593.000000 0.151098 
0.436432 2582.000000 0.150457 
0.437360 2551.000000 0.148651 
0.437090 2560.000000 0.149175 
0.437749 2538.000000 0.147893 
0.437330 2552.000000 0.148709 
0.437958 2531.000000 0.147486 
0.437150 2558.000000 0.149059 
0.438827 2502.000000 0.145796 
0.436851 2568.000000 0.149642 
0.438258 2521.000000 0.146903 
0.437420 2549.000000 0.148534 
0.436971 2564.000000 0.149409 
0.437300 2553.000000 0.148768 
0.435983 2597.000000 0.151332 
0.435623 2609.000000 0.152031 
0.437180 2557.000000 0.149001 
0.434875 2634.000000 0.153488 
0.435593 2610.000000 0.152089 
0.437928 2532.000000 0.147544 
0.435893 2600.000000 0.151506 
0.435294 2620.000000 0.152672 
0.436492 2580.000000 0.150341 
0.437839 2535.000000 0.147719 
0.435983 2597.000000 0.151332 
0.435294 2620.000000 0.152672 
0.435504 2613.000000 0.152264 
0.437090 2560.000000 0.149175 
0.437180 2557.000000 0.149001 
0.437240 2555.000000 0.148884 
0.435983 2597.000000 0.151332 
0.437779 2537.000000 0.147835 
0.435863 2601.000000 0.151565 
0.435653 2608.000000 0.151972 
0.436821 2569.000000 0.149700 
0.436551 2578.000000 0.150224 
0.435144 2625.000000 0.152963 
0.436851 2568.000000 0.149642 
0.437030 2562.000000 0.149292 
0.435983 2597.000000 0.151332 
0.436551 2578.000000 0.150224 
0.437150 2558.000000 0.149059 
0.435534 2612.000000 0.152206 
0.436851 2568.000000 0.149642 
0.435204 2623.000000 0.152847 
0.436881 2567.000000 0.149583 
0.436731 2572.000000 0.149875 
0.436641 2575.000000 0.150050 
0.436551 2578.000000 0.150224 
0.435653 2608.000000 0.151972 
0.435174 2624.000000 0.152905 
0.437270 2554.000000 0.148826 
0.436402 2583.000000 0.150516 
0.436851 2568.000000 0.149642 
0.437150 2558.000000 0.149059 
0.435713 2606.000000 0.151856 
0.434935 2632.000000 0.153371 
0.436432 2582.000000 0.150457 
0.437569 2544.000000 0.148243 
0.438497 2513.000000 0.146437 
0.435833 2602.000000 0.151623 
0.436821 2569.000000 0.149700 
0.436402 2583.000000 0.150516 
0.436462 2581.000000 0.150399 
0.437060 2561.000000 0.149234 
0.437869 2534.000000 0.147660 
0.436013 2596.000000 0.151273 
0.436911 2566.000000 0.149525 
0.435773 2604.000000 0.151739 
0.438437 2515.000000 0.146553 
0.436611 2576.000000 0.150108 
0.435444 2615.000000 0.152380 
0.437270 2554.000000 0.148826 
0.436971 2564.000000 0.149409 
0.437719 2539.000000 0.147952 
0.438407 2516.000000 0.146612 
0.437090 2560.000000 0.149175 
0.437150 2558.000000 0.149059 
0.435055 2628.000000 0.153138 
0.437120 2559.000000 0.149117 
0.436821 2569.000000 0.149700 
0.437000 2563.000000 0.149350 
0.436821 2569.000000 0.149700 
0.435683 2607.000000 0.151914 
0.436102 2593.000000 0.151098 
0.438886 2500.000000 0.145679 
0.435234 2622.000000 0.152788 
0.435713 2606.000000 0.151856 
0.437869 2534.000000 0.147660 
0.436432 2582.000000 0.150457 
0.436402 2583.000000 0.150516 
0.435474 2614.000000 0.152322 
0.438108 2526.000000 0.147194 
0.436611 2576.000000 0.150108 
0.436222 2589.000000 0.150865 
0.436611 2576.000000 0.150108 
0.436252 2588.000000 0.150807 
0.436462 2581.000000 0.150399 
0.436821 2569.000000 0.149700 
0.437120 2559.000000 0.149117 
0.437749 2538.000000 0.147893 
0.436671 2574.000000 0.149991 
0.437120 2559.000000 0.149117 
0.437749 2538.000000 0.147893 
0.436432 2582.000000 0.150457 
0.437689 2540.000000 0.148010 
0.437210 2556.000000 0.148942 
0.437569 2544.000000 0.148243 
0.436821 2569.000000 0.149700 
0.436881 2567.000000 0.149583 
0.436611 2576.000000 0.150108 
0.436132 2592.000000 0.151040 
0.437090 2560.000000 0.149175 
0.437958 2531.000000 0.147486 
0.436282 2587.000000 0.150749 
0.437060 2561.000000 0.149234 
0.436971 2564.000000 0.149409 
0.436521 2579.000000 0.150283 
0.439695 2473.000000 0.144106 
0.436372 2584.000000 0.150574 
0.437509 2546.000000 0.148360 
0.436641 2575.000000 0.150050 
0.435893 2600.000000 0.151506 
0.435444 2615.000000 0.152380 
0.439335 2485.000000 0.144805 
0.436102 2593.000000 0.151098 
0.437240 2555.000000 0.148884 
0.436791 2570.000000 0.149758 
0.437629 2542.000000 0.148127 
0.435055 2628.000000 0.153138 
0.437210 2556.000000 0.148942 
0.437180 2557.000000 0.149001 
0.436372 2584.000000 0.150574 
0.438168 2524.000000 0.147078 
0.436971 2564.000000 0.149409 
0.438168 2524.000000 0.147078 
0.437090 2560.000000 0.149175 
0.436761 2571.000000 0.149816 
0.435863 2601.000000 0.151565 
0.437360 2551.000000 0.148651 
0.435444 2615.000000 0.152380 
0.436641 2575.000000 0.150050 
0.437090 2560.000000 0.149175 
0.437120 2559.000000 0.149117 
0.437360 2551.000000 0.148651 
0.437240 2555.000000 0.148884 
0.437509 2546.000000 0.148360 
0.436282 2587.000000 0.150749 
0.437988 2530.000000 0.147427 
0.436761 2571.000000 0.149816 
0.435953 2598.000000 0.151390 
0.435653 2608.000000 0.151972 
0.436432 2582.000000 0.150457 
0.436701 2573.000000 0.149933 
0.435773 2604.000000 0.151739 
0.436581 2577.000000 0.150166 
0.436581 2577.000000 0.150166 
0.436611 2576.000000 0.150108 
0.436402 2583.000000 0.150516 
0.435174 2624.000000 0.152905 
0.436941 2565.000000 0.149467 
0.435923 2599.000000 0.151448 
0.436611 2576.000000 0.150108 
0.437270 2554.000000 0.148826 
0.434995 2630.000000 0.153254 
0.435833 2602.000000 0.151623 
0.436102 2593.000000 0.151098 
0.436971 2564.000000 0.149409 
0.437839 2535.000000 0.147719 
0.436312 2586.000000 0.150691 
0.436282 2587.000000 0.150749 
0.436312 2586.000000 0.150691 
0.436521 2579.000000 0.150283 
0.436192 2590.000000 0.150924 
0.436252 2588.000000 0.150807 
0.437120 2559.000000 0.149117 
0.435504 2613.000000 0.152264 
0.437180 2557.000000 0.149001 
0.437120 2559.000000 0.149117 
0.438168 2524.000000 0.147078 
0.437928 2532.000000 0.147544 
0.437270 2554.000000 0.148826 
0.437390 2550.000000 0.148593 
0.437869 2534.000000 0.147660 
0.435983 2597.000000 0.151332 
0.436701 2573.000000 0.149933 
0.436881 2567.000000 0.149583 
0.435743 2605.000000 0.151798 
0.436581 2577.000000 0.150166 
0.435294 2620.000000 0.152672 
0.438587 2510.000000 0.146262 
0.435833 2602.000000 0.151623 
0.436761 2571.000000 0.149816 
0.436043 2595.000000 0.151215 
0.439246 2488.000000 0.144980 
0.437449 2548.000000 0.148476 
0.436821 2569.000000 0.149700 
0.436072 2594.000000 0.151157 
0.437599 2543.000000 0.148185 
0.436641 2575.000000 0.150050 
0.438467 2514.000000 0.146495 
0.436282 2587.000000 0.150749 
0.436971 2564.000000 0.149409 
0.436072 2594.000000 0.151157 
0.436342 2585.000000 0.150632 
0.436102 2593.000000 0.151098 
0.436372 2584.000000 0.150574 
0.437060 2561.000000 0.149234 
0.436492 2580.000000 0.150341 
0.438288 2520.000000 0.146845 
0.437300 2553.000000 0.148768 
0.435953 2598.000000 0.151390 
0.437270 2554.000000 0.148826 
0.436641 2575.000000 0.150050 
0.436521 2579.000000 0.150283 
0.436432 2582.000000 0.150457 
0.436971 2564.000000 0.149409 
0.436581 2577.000000 0.150166 
0.435414 2616.000000 0.152439 
0.437360 2551.000000 0.148651 
0.435144 2625.000000 0.152963 
0.435713 2606.000000 0.151856 
0.438407 2516.000000 0.146612 
0.437420 2549.000000 0.148534 
0.435833 2602.000000 0.151623 
0.437120 2559.000000 0.149117 
0.437150 2558.000000 0.149059 
0.436791 2570.000000 0.149758 
0.436521 2579.000000 0.150283 
0.436911 2566.000000 0.149525 
0.438048 2528.000000 0.147311 
0.435593 2610.000000 0.152089 
0.435803 2603.000000 0.151681 
0.437420 2549.000000 0.148534 
0.438168 2524.000000 0.147078 
0.439066 2494.000000 0.145330 
0.437030 2562.000000 0.149292 
0.437120 2559.000000 0.149117 
0.437869 2534.000000 0.147660 
0.436761 2571.000000 0.149816 
0.436941 2565.000000 0.149467 
0.437120 2559.000000 0.149117 
0.435174 2624.000000 0.152905 
0.438078 2527.000000 0.147252 
0.438108 2526.000000 0.147194 
0.436192 2590.000000 0.150924 
0.438677 2507.000000 0.146087 
0.435743 2605.000000 0.151798 
0.437000 2563.000000 0.149350 
0.436761 2571.000000 0.149816 
0.437599 2543.000000 0.148185 
0.436881 2567.000000 0.149583 
0.437000 2563.000000 0.149350 
0.435593 2610.000000 0.152089 
0.435893 2600.000000 0.151506 
0.436432 2582.000000 0.150457 
0.435833 2602.000000 0.151623 
0.436791 2570.000000 0.149758 
0.436462 2581.000000 0.150399 
0.436731 2572.000000 0.149875 
0.437300 2553.000000 0.148768 
0.436581 2577.000000 0.150166 
0.433767 2671.000000 0.155644 
0.435713 2606.000000 0.151856 
0.437060 2561.000000 0.149234 
0.437150 2558.000000 0.149059 
0.434546 2645.000000 0.154129 
0.435264 2621.000000 0.152730 
0.439515 2479.000000 0.144455 
0.437360 2551.000000 0.148651 
0.436252 2588.000000 0.150807 
0.436043 2595.000000 0.151215 
0.435623 2609.000000 0.152031 
0.435414 2616.000000 0.152439 
0.435833 2602.000000 0.151623 
0.435264 2621.000000 0.152730 
0.436821 2569.000000 0.149700 
0.435534 2612.000000 0.152206 
0.435653 2608.000000 0.151972 
0.436521 2579.000000 0.150283 
0.436282 2587.000000 0.150749 
0.437629 2542.000000 0.148127 
0.436611 2576.000000 0.150108 
0.435384 2617.000000 0.152497 
0.435504 2613.000000 0.152264 
0.436581 2577.000000 0.150166 
0.436372 2584.000000 0.150574 
0.435593 2610.000000 0.152089 
0.436971 2564.000000 0.149409 
0.436911 2566.000000 0.149525 
0.437030 2562.000000 0.149292 
0.436851 2568.000000 0.149642 
0.434965 2631.000000 0.153313 
0.435713 2606.000000 0.151856 
0.436851 2568.000000 0.149642 
0.435504 2613.000000 0.152264 
0.437330 2552.000000 0.148709 
0.436551 2578.000000 0.150224 
0.437869 2534.000000 0.147660 
0.435893 2600.000000 0.151506 
0.438018 2529.000000 0.147369 
0.437988 2530.000000 0.147427 
0.438018 2529.000000 0.147369 
0.436312 2586.000000 0.150691 
0.438318 2519.000000 0.146786 
0.437270 2554.000000 0.148826 
0.437360 2551.000000 0.148651 
0.437689 2540.000000 0.148010 
0.436372 2584.000000 0.150574 
0.438138 2525.000000 0.147136 
0.435833 2602.000000 0.151623 
0.435324 2619.000000 0.152613 
0.437180 2557.000000 0.149001 
0.437779 2537.000000 0.147835 
0.435983 2597.000000 0.151332 
0.438827 2502.000000 0.145796 
0.436252 2588.000000 0.150807 
0.435623 2609.000000 0.152031 
0.437479 2547.000000 0.148418 
0.436192 2590.000000 0.150924 
0.436701 2573.000000 0.149933 
0.436791 2570.000000 0.149758 
0.436402 2583.000000 0.150516 
0.436611 2576.000000 0.150108 
0.437509 2546.000000 0.148360 
0.434725 2639.000000 0.153779 
0.436551 2578.000000 0.150224 
0.435653 2608.000000 0.151972 
0.437180 2557.000000 0.149001 
0.437390 2550.000000 0.148593 
0.438108 2526.000000 0.147194 
0.436102 2593.000000 0.151098 
0.435833 2602.000000 0.151623 
0.437719 2539.000000 0.147952 
0.435743 2605.000000 0.151798 
0.436102 2593.000000 0.151098 
0.434366 2651.000000 0.154478 
0.436312 2586.000000 0.150691 
0.435504 2613.000000 0.152264 
0.434636 2642.000000 0.153954 
0.437360 2551.000000 0.148651 
0.437869 2534.000000 0.147660 
0.435953 2598.000000 0.151390 
0.436671 2574.000000 0.149991 
0.437509 2546.000000 0.148360 
0.435803 2603.000000 0.151681 
0.434935 2632.000000 0.153371 
0.436402 2583.000000 0.150516 
0.436671 2574.000000 0.149991 
0.437479 2547.000000 0.148418 
0.435085 2627.000000 0.153080 
0.435593 2610.000000 0.152089 
0.433348 2685.000000 0.156459 
0.435324 2619.000000 0.152613 
0.435324 2619.000000 0.152613 
0.436072 2594.000000 0.151157 
0.439006 2496.000000 0.145446 
0.437270 2554.000000 0.148826 
0.434935 2632.000000 0.153371 
0.436941 2565.000000 0.149467 
0.437120 2559.000000 0.149117 
0.436701 2573.000000 0.149933 
0.437569 2544.000000 0.148243 
0.436432 2582.000000 0.150457 
0.438078 2527.000000 0.147252 
0.437180 2557.000000 0.149001 
0.436222 2589.000000 0.150865 
0.436611 2576.000000 0.150108 
0.435324 2619.000000 0.152613 
0.436851 2568.000000 0.149642 
0.434815 2636.000000 0.153604 
0.436013 2596.000000 0.151273 
0.438138 2525.000000 0.147136 
0.435234 2622.000000 0.152788 
0.435953 2598.000000 0.151390 
0.435144 2625.000000 0.152963 
0.436641 2575.000000 0.150050 
0.435683 2607.000000 0.151914 
0.435025 2629.000000 0.153196 
0.437479 2547.000000 0.148418 
0.435713 2606.000000 0.151856 
0.436013 2596.000000 0.151273 
0.436372 2584.000000 0.150574 
0.437270 2554.000000 0.148826 
0.435893 2600.000000 0.151506 
0.438318 2519.000000 0.146786 
0.435294 2620.000000 0.152672 
0.437809 2536.000000 0.147777 
0.437659 2541.000000 0.148068 
0.435863 2601.000000 0.151565 
0.436881 2567.000000 0.149583 
0.436731 2572.000000 0.149875 
0.434725 2639.000000 0.153779 
0.436282 2587.000000 0.150749 
0.436222 2589.000000 0.150865 
0.435115 2626.000000 0.153021 
0.434516 2646.000000 0.154187 
0.437150 2558.000000 0.149059 
0.437240 2555.000000 0.148884 
0.436941 2565.000000 0.149467 
0.437839 2535.000000 0.147719 
0.436821 2569.000000 0.149700 
0.437839 2535.000000 0.147719 
0.434905 2633.000000 0.153429 
0.437300 2553.000000 0.148768 
0.436851 2568.000000 0.149642 
0.436162 2591.000000 0.150982 
0.437719 2539.000000 0.147952 
0.437509 2546.000000 0.148360 
0.436641 2575.000000 0.150050 
0.436581 2577.000000 0.150166 
0.435504 2613.000000 0.152264 
0.435144 2625.000000 0.152963 
0.436581 2577.000000 0.150166 
0.437180 2557.000000 0.149001 
0.436192 2590.000000 0.150924 
0.435653 2608.000000 0.151972 
0.436402 2583.000000 0.150516 
0.435893 2600.000000 0.151506 
0.437090 2560.000000 0.149175 
0.436342 2585.000000 0.150632 
0.436162 2591.000000 0.150982 
0.436551 2578.000000 0.150224 
0.436222 2589.000000 0.150865 
0.437000 2563.000000 0.149350 
0.437449 2548.000000 0.148476 
0.436731 2572.000000 0.149875 
0.438198 2523.000000 0.147019 
0.435564 2611.000000 0.152147 
0.437869 2534.000000 0.147660 
0.436372 2584.000000 0.150574 
0.437120 2559.000000 0.149117 
0.436971 2564.000000 0.149409 
0.438258 2521.000000 0.146903 
0.435324 2619.000000 0.152613 
0.437779 2537.000000 0.147835 
0.436222 2589.000000 0.150865 
0.438318 2519.000000 0.146786 
0.437899 2533.000000 0.147602 
0.435474 2614.000000 0.152322 
0.436282 2587.000000 0.150749 
0.437479 2547.000000 0.148418 
0.437719 2539.000000 0.147952 
0.435504 2613.000000 0.152264 
0.437180 2557.000000 0.149001 
0.436372 2584.000000 0.150574 
0.436162 2591.000000 0.150982 
0.435833 2602.000000 0.151623 
0.436192 2590.000000 0.150924 
0.435234 2622.000000 0.152788 
0.436761 2571.000000 0.149816 
0.435204 2623.000000 0.152847 
0.437090 2560.000000 0.149175 
0.438078 2527.000000 0.147252 
0.436372 2584.000000 0.150574 
0.437240 2555.000000 0.148884 
0.436641 2575.000000 0.150050 
0.436342 2585.000000 0.150632 
0.436222 2589.000000 0.150865 
0.436162 2591.000000 0.150982 
0.436521 2579.000000 0.150283 
0.437839 2535.000000 0.147719 
0.438288 2520.000000 0.146845 
0.437659 2541.000000 0.148068 
0.437030 2562.000000 0.149292 
0.438497 2513.000000 0.146437 
0.436162 2591.000000 0.150982 
0.436492 2580.000000 0.150341 
0.435683 2607.000000 0.151914 
0.437719 2539.000000 0.147952 
0.436581 2577.000000 0.150166 
0.435983 2597.000000 0.151332 
0.438228 2522.000000 0.146961 
0.436013 2596.000000 0.151273 
0.436312 2586.000000 0.150691 
0.437360 2551.000000 0.148651 
0.437599 2543.000000 0.148185 
0.438437 2515.000000 0.146553 
0.437300 2553.000000 0.148768 
0.437270 2554.000000 0.148826 
0.437030 2562.000000 0.149292 
0.434815 2636.000000 0.153604 
0.438377 2517.000000 0.146670 
0.438348 2518.000000 0.146728 
0.437749 2538.000000 0.147893 
0.435384 2617.000000 0.152497 
0.435115 2626.000000 0.153021 
0.435803 2603.000000 0.151681 
0.436851 2568.000000 0.149642 
0.436701 2573.000000 0.149933 
0.436911 2566.000000 0.149525 
0.436521 2579.000000 0.150283 
0.436492 2580.000000 0.150341 
0.437150 2558.000000 0.149059 
0.435743 2605.000000 0.151798 
0.434785 2637.000000 0.153662 
0.437928 2532.000000 0.147544 
0.437300 2553.000000 0.148768 
0.437270 2554.000000 0.148826 
0.436162 2591.000000 0.150982 
0.438707 2506.000000 0.146029 
0.438797 2503.000000 0.145854 
0.437420 2549.000000 0.148534 
0.437629 2542.000000 0.148127 
0.438348 2518.000000 0.146728 
0.436881 2567.000000 0.149583 
0.435414 2616.000000 0.152439 
0.437659 2541.000000 0.148068 
0.435983 2597.000000 0.151332 
0.436671 2574.000000 0.149991 
0.436821 2569.000000 0.149700 
0.437659 2541.000000 0.148068 
0.436132 2592.000000 0.151040 
0.437390 2550.000000 0.148593 
0.436551 2578.000000 0.150224 
0.436821 2569.000000 0.149700 
0.435504 2613.000000 0.152264 
0.437749 2538.000000 0.147893 
0.437240 2555.000000 0.148884 
0.437928 2532.000000 0.147544 
0.434935 2632.000000 0.153371 
0.437030 2562.000000 0.149292 
0.435953 2598.000000 0.151390 
0.439216 2489.000000 0.145038 
0.435384 2617.000000 0.152497 
0.437928 2532.000000 0.147544 
0.438527 2512.000000 0.146378 
0.436462 2581.000000 0.150399 
0.436671 2574.000000 0.149991 
0.434965 2631.000000 0.153313 
0.436402 2583.000000 0.150516 
0.437030 2562.000000 0.149292 
0.436611 2576.000000 0.150108 
0.437420 2549.000000 0.148534 
0.435234 2622.000000 0.152788 
0.437659 2541.000000 0.148068 
0.436072 2594.000000 0.151157 
0.437240 2555.000000 0.148884 
0.436372 2584.000000 0.150574 
0.436761 2571.000000 0.149816 
0.435683 2607.000000 0.151914 
0.436462 2581.000000 0.150399 
0.437360 2551.000000 0.148651 
0.436162 2591.000000 0.150982 
0.435923 2599.000000 0.151448 
0.438168 2524.000000 0.147078 
0.436911 2566.000000 0.149525 
0.436372 2584.000000 0.150574 
0.437180 2557.000000 0.149001 
0.437420 2549.000000 0.148534 
0.436132 2592.000000 0.151040 
0.438048 2528.000000 0.147311 
0.436462 2581.000000 0.150399 
0.436132 2592.000000 0.151040 
0.436462 2581.000000 0.150399 
0.437120 2559.000000 0.149117 
0.435593 2610.000000 0.152089 
0.438048 2528.000000 0.147311 
0.438258 2521.000000 0.146903 
0.437719 2539.000000 0.147952 
0.437420 2549.000000 0.148534 
0.437420 2549.000000 0.148534 
0.436282 2587.000000 0.150749 
0.434246 2655.000000 0.154711 
0.436432 2582.000000 0.150457 
0.437390 2550.000000 0.148593 
0.437210 2556.000000 0.148942 
0.438318 2519.000000 0.146786 
0.437659 2541.000000 0.148068 
0.436701 2573.000000 0.149933 
0.434965 2631.000000 0.153313 
0.437539 2545.000000 0.148301 
0.435863 2601.000000 0.151565 
0.434875 2634.000000 0.153488 
0.437869 2534.000000 0.147660 
0.436851 2568.000000 0.149642 
0.436521 2579.000000 0.150283 
0.437360 2551.000000 0.148651 
0.437180 2557.000000 0.149001 
0.436312 2586.000000 0.150691 
0.436342 2585.000000 0.150632 
0.436162 2591.000000 0.150982 
0.436462 2581.000000 0.150399 
0.437180 2557.000000 0.149001 
0.435474 2614.000000 0.152322 
0.436222 2589.000000 0.150865 
0.436192 2590.000000 0.150924 
0.435743 2605.000000 0.151798 
0.435713 2606.000000 0.151856 
0.437809 2536.000000 0.147777 
0.436013 2596.000000 0.151273 
0.435144 2625.000000 0.152963 
0.437090 2560.000000 0.149175 
0.435863 2601.000000 0.151565 
0.438198 2523.000000 0.147019 
0.435354 2618.000000 0.152555 
0.435683 2607.000000 0.151914 
0.435384 2617.000000 0.152497 
0.438168 2524.000000 0.147078 
0.438018 2529.000000 0.147369 
0.437300 2553.000000 0.148768 
0.435863 2601.000000 0.151565 
0.436192 2590.000000 0.150924 
0.438377 2517.000000 0.146670 
0.437719 2539.000000 0.147952 
0.434665 2641.000000 0.153895 
0.437150 2558.000000 0.149059 
0.436671 2574.000000 0.149991 
0.437000 2563.000000 0.149350 
0.437509 2546.000000 0.148360 
0.437928 2532.000000 0.147544 
0.434067 2661.000000 0.155061 
0.436043 2595.000000 0.151215 
0.435773 2604.000000 0.151739 
0.435564 2611.000000 0.152147 
0.437330 2552.000000 0.148709 
0.435713 2606.000000 0.151856 
0.437899 2533.000000 0.147602 
0.435384 2617.000000 0.152497 
0.436611 2576.000000 0.150108 
0.438437 2515.000000 0.146553 
0.436402 2583.000000 0.150516 
0.436791 2570.000000 0.149758 
0.437030 2562.000000 0.149292 
0.437210 2556.000000 0.148942 
0.435863 2601.000000 0.151565 
0.438318 2519.000000 0.146786 
0.438707 2506.000000 0.146029 
0.437360 2551.000000 0.148651 
0.436372 2584.000000 0.150574 
0.437869 2534.000000 0.147660 
0.435354 2618.000000 0.152555 
0.436372 2584.000000 0.150574 
0.438228 2522.000000 0.146961 
0.437390 2550.000000 0.148593 
0.437150 2558.000000 0.149059 
0.434935 2632.000000 0.153371 
0.437599 2543.000000 0.148185 
0.436971 2564.000000 0.149409 
0.436252 2588.000000 0.150807 
0.437599 2543.000000 0.148185 
0.439305 2486.000000 0.144863 
0.436372 2584.000000 0.150574 
0.436252 2588.000000 0.150807 
0.436821 2569.000000 0.149700 
0.436761 2571.000000 0.149816 
0.437090 2560.000000 0.149175 
0.435234 2622.000000 0.152788 
0.438258 2521.000000 0.146903 
0.436222 2589.000000 0.150865 
0.436911 2566.000000 0.149525 
0.436252 2588.000000 0.150807 
0.435833 2602.000000 0.151623 
0.435743 2605.000000 0.151798 
0.435923 2599.000000 0.151448 
0.434186 2657.000000 0.154828 
0.438617 2509.000000 0.146204 
0.436851 2568.000000 0.149642 
0.436222 2589.000000 0.150865 
0.436821 2569.000000 0.149700 
0.435743 2605.000000 0.151798 
0.438827 2502.000000 0.145796 
0.437210 2556.000000 0.148942 
0.437659 2541.000000 0.148068 
0.436611 2576.000000 0.150108 
0.436013 2596.000000 0.151273 
0.437210 2556.000000 0.148942 
0.435234 2622.000000 0.152788 
0.436282 2587.000000 0.150749 
0.436162 2591.000000 0.150982 
0.436551 2578.000000 0.150224 
0.437420 2549.000000 0.148534 
0.438078 2527.000000 0.147252 
0.435264 2621.000000 0.152730 
0.437479 2547.000000 0.148418 
0.436132 2592.000000 0.151040 
0.435504 2613.000000 0.152264 
0.436342 2585.000000 0.150632 
0.437000 2563.000000 0.149350 
0.437599 2543.000000 0.148185 
0.434246 2655.000000 0.154711 
0.436761 2571.000000 0.149816 
0.435803 2603.000000 0.151681 
0.436072 2594.000000 0.151157 
0.437809 2536.000000 0.147777 
0.437300 2553.000000 0.148768 
0.438228 2522.000000 0.146961 
0.437629 2542.000000 0.148127 
0.435504 2613.000000 0.152264 
0.436043 2595.000000 0.151215 
0.436581 2577.000000 0.150166 
0.436372 2584.000000 0.150574 
0.437060 2561.000000 0.149234 
0.437539 2545.000000 0.148301 
0.437689 2540.000000 0.148010 
0.436671 2574.000000 0.149991 
0.435653 2608.000000 0.151972 
0.436492 2580.000000 0.150341 
0.436881 2567.000000 0.149583 
0.436072 2594.000000 0.151157 
0.435743 2605.000000 0.151798 
0.436971 2564.000000 0.149409 
0.436611 2576.000000 0.150108 
0.436941 2565.000000 0.149467 
0.436402 2583.000000 0.150516 
0.435414 2616.000000 0.152439 
0.438767 2504.000000 0.145912 
0.438886 2500.000000 0.145679 
0.435593 2610.000000 0.152089 
0.435953 2598.000000 0.151390 
0.437000 2563.000000 0.149350 
0.437719 2539.000000 0.147952 
0.437180 2557.000000 0.149001 
0.436013 2596.000000 0.151273 
0.435324 2619.000000 0.152613 
0.437240 2555.000000 0.148884 
0.437749 2538.000000 0.147893 
0.435773 2604.000000 0.151739 
0.437869 2534.000000 0.147660 
0.436282 2587.000000 0.150749 
0.435564 2611.000000 0.152147 
0.435893 2600.000000 0.151506 
0.437719 2539.000000 0.147952 
0.438856 2501.000000 0.145737 
0.434366 2651.000000 0.154478 
0.436402 2583.000000 0.150516 
0.437270 2554.000000 0.148826 
0.437779 2537.000000 0.147835 
0.435983 2597.000000 0.151332 
0.436492 2580.000000 0.150341 
0.436312 2586.000000 0.150691 
0.436851 2568.000000 0.149642 
0.438677 2507.000000 0.146087 
0.436342 2585.000000 0.150632 
0.435923 2599.000000 0.151448 
0.438018 2529.000000 0.147369 
0.437958 2531.000000 0.147486 
0.436761 2571.000000 0.149816 
0.436881 2567.000000 0.149583 
0.438108 2526.000000 0.147194 
0.436072 2594.000000 0.151157 
0.437509 2546.000000 0.148360 
0.437719 2539.000000 0.147952 
0.437689 2540.000000 0.148010 
0.437509 2546.000000 0.148360 
0.437659 2541.000000 0.148068 
0.436671 2574.000000 0.149991 
0.437090 2560.000000 0.149175 
0.437569 2544.000000 0.148243 
0.437839 2535.000000 0.147719 
0.437719 2539.000000 0.147952 
0.436222 2589.000000 0.150865 
0.436342 2585.000000 0.150632 
0.436013 2596.000000 0.151273 
0.435534 2612.000000 0.152206 
0.437869 2534.000000 0.147660 
0.436881 2567.000000 0.149583 
0.436222 2589.000000 0.150865 
0.437030 2562.000000 0.149292 
0.437330 2552.000000 0.148709 
0.434935 2632.000000 0.153371 
0.436013 2596.000000 0.151273 
0.436222 2589.000000 0.150865 
0.436971 2564.000000 0.149409 
0.436791 2570.000000 0.149758 
0.437060 2561.000000 0.149234 
0.436162 2591.000000 0.150982 
0.436402 2583.000000 0.150516 
0.435713 2606.000000 0.151856 
0.436971 2564.000000 0.149409 
0.436043 2595.000000 0.151215 
0.436791 2570.000000 0.149758 
0.437330 2552.000000 0.148709 
0.436551 2578.000000 0.150224 
0.436701 2573.000000 0.149933 
0.434905 2633.000000 0.153429 
0.435683 2607.000000 0.151914 
0.436102 2593.000000 0.151098 
0.435294 2620.000000 0.152672 
0.436492 2580.000000 0.150341 
0.436192 2590.000000 0.150924 
0.437030 2562.000000 0.149292 
0.437869 2534.000000 0.147660 
0.435833 2602.000000 0.151623 
0.437809 2536.000000 0.147777 
0.435653 2608.000000 0.151972 
0.437150 2558.000000 0.149059 
0.436462 2581.000000 0.150399 
0.436911 2566.000000 0.149525 
0.435414 2616.000000 0.152439 
0.437330 2552.000000 0.148709 
0.437958 2531.000000 0.147486 
0.438377 2517.000000 0.146670 
0.434905 2633.000000 0.153429 
0.437030 2562.000000 0.149292 
0.437090 2560.000000 0.149175 
0.437599 2543.000000 0.148185 
0.436072 2594.000000 0.151157 
0.436402 2583.000000 0.150516 
0.437180 2557.000000 0.149001 
0.438048 2528.000000 0.147311 
0.435683 2607.000000 0.151914 
0.434905 2633.000000 0.153429 
0.438557 2511.000000 0.146320 
0.436641 2575.000000 0.150050 
0.435444 2615.000000 0.152380 
0.438168 2524.000000 0.147078 
0.435713 2606.000000 0.151856 
0.436043 2595.000000 0.151215 
0.437629 2542.000000 0.148127 
0.436731 2572.000000 0.149875 
0.438827 2502.000000 0.145796 
0.435923 2599.000000 0.151448 
0.437120 2559.000000 0.149117 
0.437539 2545.000000 0.148301 
0.436821 2569.000000 0.149700 
0.436432 2582.000000 0.150457 
0.438138 2525.000000 0.147136 
0.435354 2618.000000 0.152555 
0.436581 2577.000000 0.150166 
0.437599 2543.000000 0.148185 
0.436492 2580.000000 0.150341 
0.435623 2609.000000 0.152031 
0.437330 2552.000000 0.148709 
0.436342 2585.000000 0.150632 
0.437539 2545.000000 0.148301 
0.436043 2595.000000 0.151215 
0.436462 2581.000000 0.150399 
0.436342 2585.000000 0.150632 
0.436671 2574.000000 0.149991 
0.436521 2579.000000 0.150283 
0.435623 2609.000000 0.152031 
0.435893 2600.000000 0.151506 
0.437090 2560.000000 0.149175 
0.437120 2559.000000 0.149117 
0.435743 2605.000000 0.151798 
0.437479 2547.000000 0.148418 
0.435623 2609.000000 0.152031 
0.436911 2566.000000 0.149525 
0.436701 2573.000000 0.149933 
0.435683 2607.000000 0.151914 
0.438168 2524.000000 0.147078 
0.436282 2587.000000 0.150749 
0.437569 2544.000000 0.148243 
0.436581 2577.000000 0.150166 
0.437749 2538.000000 0.147893 
0.437120 2559.000000 0.149117 
0.436102 2593.000000 0.151098 
0.436521 2579.000000 0.150283 
0.436941 2565.000000 0.149467 
0.437330 2552.000000 0.148709 
0.436102 2593.000000 0.151098 
0.437749 2538.000000 0.147893 
0.437210 2556.000000 0.148942 
0.436521 2579.000000 0.150283 
0.437300 2553.000000 0.148768 
0.435803 2603.000000 0.151681 
0.436551 2578.000000 0.150224 
0.435833 2602.000000 0.151623 
0.438856 2501.000000 0.145737 
0.435743 2605.000000 0.151798 
0.435234 2622.000000 0.152788 
0.436342 2585.000000 0.150632 
0.436671 2574.000000 0.149991 
0.434965 2631.000000 0.153313 
0.438407 2516.000000 0.146612 
0.437809 2536.000000 0.147777 
0.437479 2547.000000 0.148418 
0.437000 2563.000000 0.149350 
0.435743 2605.000000 0.151798 
0.437390 2550.000000 0.148593 
0.435863 2601.000000 0.151565 
0.436941 2565.000000 0.149467 
0.437689 2540.000000 0.148010 
0.438557 2511.000000 0.146320 
0.433438 2682.000000 0.156285 
0.437539 2545.000000 0.148301 
0.436941 2565.000000 0.149467 
0.437060 2561.000000 0.149234 
0.436881 2567.000000 0.149583 
0.435055 2628.000000 0.153138 
0.436611 2576.000000 0.150108 
0.436312 2586.000000 0.150691 
0.437150 2558.000000 0.149059 
0.437330 2552.000000 0.148709 
0.436162 2591.000000 0.150982 
0.437869 2534.000000 0.147660 
0.436282 2587.000000 0.150749 
0.437360 2551.000000 0.148651 
0.436551 2578.000000 0.150224 
0.435773 2604.000000 0.151739 
0.436162 2591.000000 0.150982 
0.437659 2541.000000 0.148068 
0.436102 2593.000000 0.151098 
0.435653 2608.000000 0.151972 
0.435893 2600.000000 0.151506 
0.438168 2524.000000 0.147078 
0.437779 2537.000000 0.147835 
0.434905 2633.000000 0.153429 
0.437240 2555.000000 0.148884 
0.438497 2513.000000 0.146437 
0.436971 2564.000000 0.149409 
0.436432 2582.000000 0.150457 
0.436432 2582.000000 0.150457 
0.436881 2567.000000 0.149583 
0.438407 2516.000000 0.146612 
0.435923 2599.000000 0.151448 
0.436791 2570.000000 0.149758 
0.437719 2539.000000 0.147952 
0.439036 2495.000000 0.145388 
0.437270 2554.000000 0.148826 
0.436551 2578.000000 0.150224 
0.435893 2600.000000 0.151506 
0.436222 2589.000000 0.150865 
0.437240 2555.000000 0.148884 
0.435983 2597.000000 0.151332 
0.436282 2587.000000 0.150749 
0.437449 2548.000000 0.148476 
0.436462 2581.000000 0.150399 
0.437659 2541.000000 0.148068 
0.436521 2579.000000 0.150283 
0.437090 2560.000000 0.149175 
0.436102 2593.000000 0.151098 
0.438108 2526.000000 0.147194 
0.437539 2545.000000 0.148301 
0.436791 2570.000000 0.149758 
0.438407 2516.000000 0.146612 
0.438318 2519.000000 0.146786 
0.437479 2547.000000 0.148418 
0.436492 2580.000000 0.150341 
0.435863 2601.000000 0.151565 
0.437479 2547.000000 0.148418 
0.437719 2539.000000 0.147952 
0.437270 2554.000000 0.148826 
0.437360 2551.000000 0.148651 
0.437839 2535.000000 0.147719 
0.436791 2570.000000 0.149758 
0.435174 2624.000000 0.152905 
0.436941 2565.000000 0.149467 
0.434306 2653.000000 0.154595 
0.435593 2610.000000 0.152089 
0.436462 2581.000000 0.150399 
0.437060 2561.000000 0.149234 
0.437958 2531.000000 0.147486 
0.436162 2591.000000 0.150982 
0.438198 2523.000000 0.147019 
0.436252 2588.000000 0.150807 
0.436072 2594.000000 0.151157 
0.434606 2643.000000 0.154012 
0.434935 2632.000000 0.153371 
0.435085 2627.000000 0.153080 
0.438078 2527.000000 0.147252 
0.438198 2523.000000 0.147019 
0.437180 2557.000000 0.149001 
0.436791 2570.000000 0.149758 
0.436941 2565.000000 0.149467 
0.436911 2566.000000 0.149525 
0.435085 2627.000000 0.153080 
0.435474 2614.000000 0.152322 
0.437599 2543.000000 0.148185 
0.435713 2606.000000 0.151856 
0.438258 2521.000000 0.146903 
0.436671 2574.000000 0.149991 
0.436432 2582.000000 0.150457 
0.437390 2550.000000 0.148593 
0.436282 2587.000000 0.150749 
0.436072 2594.000000 0.151157 
0.437749 2538.000000 0.147893 
0.436162 2591.000000 0.150982 
0.435354 2618.000000 0.152555 
0.436911 2566.000000 0.149525 
0.436013 2596.000000 0.151273 
0.436492 2580.000000 0.150341 
0.436222 2589.000000 0.150865 
0.437779 2537.000000 0.147835 
0.436971 2564.000000 0.149409 
0.436372 2584.000000 0.150574 
0.436102 2593.000000 0.151098 
0.437360 2551.000000 0.148651 
0.437180 2557.000000 0.149001 
0.438437 2515.000000 0.146553 
0.436701 2573.000000 0.149933 
0.436641 2575.000000 0.150050 
0.438018 2529.000000 0.147369 
0.436162 2591.000000 0.150982 
0.438138 2525.000000 0.147136 
0.435983 2597.000000 0.151332 
0.437240 2555.000000 0.148884 
0.436162 2591.000000 0.150982 
0.436551 2578.000000 0.150224 
0.435025 2629.000000 0.153196 
0.436851 2568.000000 0.149642 
0.436402 2583.000000 0.150516 
0.437030 2562.000000 0.149292 
0.435743 2605.000000 0.151798 
0.438827 2502.000000 0.145796 
0.435983 2597.000000 0.151332 
0.434875 2634.000000 0.153488 
0.437120 2559.000000 0.149117 
0.437569 2544.000000 0.148243 
0.436641 2575.000000 0.150050 
0.436701 2573.000000 0.149933 
0.435713 2606.000000 0.151856 
0.436581 2577.000000 0.150166 
0.435504 2613.000000 0.152264 
0.436911 2566.000000 0.149525 
0.437509 2546.000000 0.148360 
0.436761 2571.000000 0.149816 
0.437180 2557.000000 0.149001 
0.436791 2570.000000 0.149758 
0.434965 2631.000000 0.153313 
0.436881 2567.000000 0.149583 
0.436521 2579.000000 0.150283 
0.436971 2564.000000 0.149409 
0.436971 2564.000000 0.149409 
0.437689 2540.000000 0.148010 
0.435863 2601.000000 0.151565 
0.437270 2554.000000 0.148826 
0.436492 2580.000000 0.150341 
0.436671 2574.000000 0.149991 
0.438407 2516.000000 0.146612 
0.436222 2589.000000 0.150865 
0.436581 2577.000000 0.150166 
0.436102 2593.000000 0.151098 
0.437060 2561.000000 0.149234 
0.437629 2542.000000 0.148127 
0.436701 2573.000000 0.149933 
0.437539 2545.000000 0.148301 
0.438856 2501.000000 0.145737 
0.436551 2578.000000 0.150224 
0.436581 2577.000000 0.150166 
0.434815 2636.000000 0.153604 
0.437869 2534.000000 0.147660 
0.436941 2565.000000 0.149467 
0.436881 2567.000000 0.149583 
0.436462 2581.000000 0.150399 
0.435923 2599.000000 0.151448 
0.438078 2527.000000 0.147252 
0.436102 2593.000000 0.151098 
0.435653 2608.000000 0.151972 
0.436521 2579.000000 0.150283 
0.434785 2637.000000 0.153662 
0.436551 2578.000000 0.150224 
0.435893 2600.000000 0.151506 
0.435923 2599.000000 0.151448 
0.437449 2548.000000 0.148476 
0.437120 2559.000000 0.149117 
0.435085 2627.000000 0.153080 
0.437420 2549.000000 0.148534 
0.435294 2620.000000 0.152672 
0.435593 2610.000000 0.152089 
0.436551 2578.000000 0.150224 
0.435354 2618.000000 0.152555 
0.436072 2594.000000 0.151157 
0.437060 2561.000000 0.149234 
0.438078 2527.000000 0.147252 
0.437420 2549.000000 0.148534 
0.437659 2541.000000 0.148068 
0.436881 2567.000000 0.149583 
0.435953 2598.000000 0.151390 
0.438138 2525.000000 0.147136 
0.436791 2570.000000 0.149758 
0.438527 2512.000000 0.146378 
0.436671 2574.000000 0.149991 
0.437060 2561.000000 0.149234 
0.436462 2581.000000 0.150399 
0.436851 2568.000000 0.149642 
0.434875 2634.000000 0.153488 
0.436791 2570.000000 0.149758 
0.435324 2619.000000 0.152613 
0.436911 2566.000000 0.149525 
0.436342 2585.000000 0.150632 
0.436701 2573.000000 0.149933 
0.436492 2580.000000 0.150341 
0.435623 2609.000000 0.152031 
0.437479 2547.000000 0.148418 
0.438587 2510.000000 0.146262 
0.436132 2592.000000 0.151040 
0.436192 2590.000000 0.150924 
0.437928 2532.000000 0.147544 
0.436791 2570.000000 0.149758 
0.437988 2530.000000 0.147427 
0.435354 2618.000000 0.152555 
0.435893 2600.000000 0.151506 
0.437120 2559.000000 0.149117 
0.436821 2569.000000 0.149700 
0.437300 2553.000000 0.148768 
0.436941 2565.000000 0.149467 
0.436791 2570.000000 0.149758 
0.437689 2540.000000 0.148010 
0.437569 2544.000000 0.148243 
0.436581 2577.000000 0.150166 
0.434845 2635.000000 0.153546 
0.435474 2614.000000 0.152322 
0.435354 2618.000000 0.152555 
0.435144 2625.000000 0.152963 
0.436701 2573.000000 0.149933 
0.438138 2525.000000 0.147136 
0.436821 2569.000000 0.149700 
0.434995 2630.000000 0.153254 
0.435025 2629.000000 0.153196 
0.436312 2586.000000 0.150691 
0.437779 2537.000000 0.147835 
0.435653 2608.000000 0.151972 
0.438587 2510.000000 0.146262 
0.437330 2552.000000 0.148709 
0.437629 2542.000000 0.148127 
0.437539 2545.000000 0.148301 
0.436432 2582.000000 0.150457 
0.436072 2594.000000 0.151157 
0.436492 2580.000000 0.150341 
0.436372 2584.000000 0.150574 
0.439246 2488.000000 0.144980 
0.436971 2564.000000 0.149409 
0.437719 2539.000000 0.147952 
0.438497 2513.000000 0.146437 
0.435444 2615.000000 0.152380 
0.438228 2522.000000 0.146961 
0.437090 2560.000000 0.149175 
0.436162 2591.000000 0.150982 
0.436521 2579.000000 0.150283 
0.437090 2560.000000 0.149175 
0.436911 2566.000000 0.149525 
0.437000 2563.000000 0.149350 
0.437240 2555.000000 0.148884 
0.435683 2607.000000 0.151914 
0.436911 2566.000000 0.149525 
0.436791 2570.000000 0.149758 
0.437479 2547.000000 0.148418 
0.436551 2578.000000 0.150224 
0.435264 2621.000000 0.152730 
0.437390 2550.000000 0.148593 
0.435953 2598.000000 0.151390 
0.437809 2536.000000 0.147777 
0.436013 2596.000000 0.151273 
0.436641 2575.000000 0.150050 
0.436402 2583.000000 0.150516 
0.438617 2509.000000 0.146204 
0.437180 2557.000000 0.149001 
0.438198 2523.000000 0.147019 
0.437569 2544.000000 0.148243 
0.436911 2566.000000 0.149525 
0.437539 2545.000000 0.148301 
0.437479 2547.000000 0.148418 
0.436791 2570.000000 0.149758 
0.435384 2617.000000 0.152497 
0.437210 2556.000000 0.148942 
0.437390 2550.000000 0.148593 
0.435923 2599.000000 0.151448 
0.436282 2587.000000 0.150749 
0.437479 2547.000000 0.148418 
0.438856 2501.000000 0.145737 
0.434845 2635.000000 0.153546 
0.436821 2569.000000 0.149700 
0.437390 2550.000000 0.148593 
0.437330 2552.000000 0.148709 
0.436941 2565.000000 0.149467 
0.435743 2605.000000 0.151798 
0.434995 2630.000000 0.153254 
0.435204 2623.000000 0.152847 
0.436222 2589.000000 0.150865 
0.435055 2628.000000 0.153138 
0.437300 2553.000000 0.148768 
0.435983 2597.000000 0.151332 
0.436791 2570.000000 0.149758 
0.437449 2548.000000 0.148476 
0.437449 2548.000000 0.148476 
0.436851 2568.000000 0.149642 
0.436072 2594.000000 0.151157 
0.436013 2596.000000 0.151273 
0.437420 2549.000000 0.148534 
0.437779 2537.000000 0.147835 
0.437569 2544.000000 0.148243 
0.438527 2512.000000 0.146378 
0.435653 2608.000000 0.151972 
0.436881 2567.000000 0.149583 
0.438527 2512.000000 0.146378 
0.435833 2602.000000 0.151623 
0.436162 2591.000000 0.150982 
0.436312 2586.000000 0.150691 
0.437120 2559.000000 0.149117 
0.436102 2593.000000 0.151098 
0.436521 2579.000000 0.150283 
0.436132 2592.000000 0.151040 
0.435713 2606.000000 0.151856 
0.435324 2619.000000 0.152613 
0.437839 2535.000000 0.147719 
0.436881 2567.000000 0.149583 
0.434516 2646.000000 0.154187 
0.436222 2589.000000 0.150865 
0.436551 2578.000000 0.150224 
0.436402 2583.000000 0.150516 
0.436581 2577.000000 0.150166 
0.434875 2634.000000 0.153488 
0.438348 2518.000000 0.146728 
0.436402 2583.000000 0.150516 
0.436791 2570.000000 0.149758 
0.436312 2586.000000 0.150691 
0.437150 2558.000000 0.149059 
0.436881 2567.000000 0.149583 
0.437300 2553.000000 0.148768 
0.435534 2612.000000 0.152206 
0.436881 2567.000000 0.149583 
0.435983 2597.000000 0.151332 
0.436342 2585.000000 0.150632 
0.438138 2525.000000 0.147136 
0.435653 2608.000000 0.151972 
0.435803 2603.000000 0.151681 
0.435953 2598.000000 0.151390 
0.436671 2574.000000 0.149991 
0.435504 2613.000000 0.152264 
0.436611 2576.000000 0.150108 
0.436162 2591.000000 0.150982 
0.436881 2567.000000 0.149583 
0.438348 2518.000000 0.146728 
0.437719 2539.000000 0.147952 
0.436192 2590.000000 0.150924 
0.436492 2580.000000 0.150341 
0.436791 2570.000000 0.149758 
0.437569 2544.000000 0.148243 
0.435833 2602.000000 0.151623 
0.435953 2598.000000 0.151390 
0.436342 2585.000000 0.150632 
0.437599 2543.000000 0.148185 
0.436911 2566.000000 0.149525 
0.436402 2583.000000 0.150516 
0.437599 2543.000000 0.148185 
0.433169 2691.000000 0.156809 
0.435444 2615.000000 0.152380 
0.434366 2651.000000 0.154478 
0.435324 2619.000000 0.152613 
0.435115 2626.000000 0.153021 
0.438557 2511.000000 0.146320 
0.434935 2632.000000 0.153371 
0.437270 2554.000000 0.148826 
0.437928 2532.000000 0.147544 
0.436521 2579.000000 0.150283 
0.434216 2656.000000 0.154770 
0.437779 2537.000000 0.147835 
0.437420 2549.000000 0.148534 
0.434995 2630.000000 0.153254 
0.436222 2589.000000 0.150865 
0.435863 2601.000000 0.151565 
0.437300 2553.000000 0.148768 
0.437899 2533.000000 0.147602 
0.438258 2521.000000 0.146903 
0.437300 2553.000000 0.148768 
0.434755 2638.000000 0.153721 
0.436312 2586.000000 0.150691 
0.435144 2625.000000 0.152963 
0.436851 2568.000000 0.149642 
0.436971 2564.000000 0.149409 
0.436162 2591.000000 0.150982 
0.435593 2610.000000 0.152089 
0.436731 2572.000000 0.149875 
0.435743 2605.000000 0.151798 
0.437330 2552.000000 0.148709 
0.436102 2593.000000 0.151098 
0.434965 2631.000000 0.153313 
0.436911 2566.000000 0.149525 
0.434636 2642.000000 0.153954 
0.435534 2612.000000 0.152206 
0.436971 2564.000000 0.149409 
0.436971 2564.000000 0.149409 
0.437360 2551.000000 0.148651 
0.437509 2546.000000 0.148360 
0.438557 2511.000000 0.146320 
0.436971 2564.000000 0.149409 
0.437210 2556.000000 0.148942 
0.435743 2605.000000 0.151798 
0.437420 2549.000000 0.148534 
0.437659 2541.000000 0.148068 
0.436911 2566.000000 0.149525 
0.435863 2601.000000 0.151565 
0.438228 2522.000000 0.146961 
0.435863 2601.000000 0.151565 
0.437569 2544.000000 0.148243 
0.436911 2566.000000 0.149525 
0.435174 2624.000000 0.152905 
0.436342 2585.000000 0.150632 
0.437000 2563.000000 0.149350 
0.435713 2606.000000 0.151856 
0.438677 2507.000000 0.146087 
0.440114 2459.000000 0.143290 
0.435354 2618.000000 0.152555 
0.437779 2537.000000 0.147835 
0.437659 2541.000000 0.148068 
0.435803 2603.000000 0.151681 
0.436462 2581.000000 0.150399 
0.437150 2558.000000 0.149059 
0.435324 2619.000000 0.152613 
0.435833 2602.000000 0.151623 
0.436881 2567.000000 0.149583 
0.435384 2617.000000 0.152497 
0.436162 2591.000000 0.150982 
0.435414 2616.000000 0.152439 
0.438737 2505.000000 0.145971 
0.435174 2624.000000 0.152905 
0.435983 2597.000000 0.151332 
0.435444 2615.000000 0.152380 
0.435803 2603.000000 0.151681 
0.438108 2526.000000 0.147194 
0.436432 2582.000000 0.150457 
0.436372 2584.000000 0.150574 
0.438377 2517.000000 0.146670 
0.436132 2592.000000 0.151040 
0.436851 2568.000000 0.149642 
0.436971 2564.000000 0.149409 
0.436222 2589.000000 0.150865 
0.437988 2530.000000 0.147427 
0.437569 2544.000000 0.148243 
0.436611 2576.000000 0.150108 
0.435893 2600.000000 0.151506 
0.436791 2570.000000 0.149758 
0.437150 2558.000000 0.149059 
0.435174 2624.000000 0.152905 
0.436462 2581.000000 0.150399 
0.436282 2587.000000 0.150749 
0.435713 2606.000000 0.151856 
0.437420 2549.000000 0.148534 
0.435204 2623.000000 0.152847 
0.435983 2597.000000 0.151332 
0.436731 2572.000000 0.149875 
0.435444 2615.000000 0.152380 
0.436551 2578.000000 0.150224 
0.436372 2584.000000 0.150574 
0.435115 2626.000000 0.153021 
0.437240 2555.000000 0.148884 
0.437420 2549.000000 0.148534 
0.435983 2597.000000 0.151332 
0.437719 2539.000000 0.147952 
0.437869 2534.000000 0.147660 
0.436192 2590.000000 0.150924 
0.438557 2511.000000 0.146320 
0.435384 2617.000000 0.152497 
0.436282 2587.000000 0.150749 
0.437090 2560.000000 0.149175 
0.437659 2541.000000 0.148068 
0.436372 2584.000000 0.150574 
0.436881 2567.000000 0.149583 
0.436791 2570.000000 0.149758 
0.437509 2546.000000 0.148360 
0.438018 2529.000000 0.147369 
0.437809 2536.000000 0.147777 
0.438198 2523.000000 0.147019 
0.436162 2591.000000 0.150982 
0.435055 2628.000000 0.153138 
0.435683 2607.000000 0.151914 
0.437809 2536.000000 0.147777 
0.437899 2533.000000 0.147602 
0.435713 2606.000000 0.151856 
0.437150 2558.000000 0.149059 
0.437420 2549.000000 0.148534 
0.436581 2577.000000 0.150166 
0.437240 2555.000000 0.148884 
0.436102 2593.000000 0.151098 
0.437150 2558.000000 0.149059 
0.434396 2650.000000 0.154420 
0.436521 2579.000000 0.150283 
0.437569 2544.000000 0.148243 
0.436013 2596.000000 0.151273 
0.437390 2550.000000 0.148593 
0.437240 2555.000000 0.148884 
0.438527 2512.000000 0.146378 
0.436551 2578.000000 0.150224 
0.437060 2561.000000 0.149234 
0.434516 2646.000000 0.154187 
0.435593 2610.000000 0.152089 
0.436162 2591.000000 0.150982 
0.435983 2597.000000 0.151332 
0.435264 2621.000000 0.152730 
0.436881 2567.000000 0.149583 
0.437210 2556.000000 0.148942 
0.437180 2557.000000 0.149001 
0.435294 2620.000000 0.152672 
0.436971 2564.000000 0.149409 
0.437060 2561.000000 0.149234 
0.437869 2534.000000 0.147660 
0.437779 2537.000000 0.147835 
0.435474 2614.000000 0.152322 
0.436372 2584.000000 0.150574 
0.436821 2569.000000 0.149700 
0.437719 2539.000000 0.147952 
0.435833 2602.000000 0.151623 
0.435534 2612.000000 0.152206 
0.437689 2540.000000 0.148010 
0.437479 2547.000000 0.148418 
0.435953 2598.000000 0.151390 
0.437958 2531.000000 0.147486 
0.436013 2596.000000 0.151273 
0.436222 2589.000000 0.150865 
0.438407 2516.000000 0.146612 
0.436432 2582.000000 0.150457 
0.436432 2582.000000 0.150457 
0.437479 2547.000000 0.148418 
0.437330 2552.000000 0.148709 
0.437180 2557.000000 0.149001 
0.436013 2596.000000 0.151273 
0.437300 2553.000000 0.148768 
0.437629 2542.000000 0.148127 
0.436222 2589.000000 0.150865 
0.437150 2558.000000 0.149059 
0.435623 2609.000000 0.152031 
0.435983 2597.000000 0.151332 
0.437988 2530.000000 0.147427 
0.436791 2570.000000 0.149758 
0.436821 2569.000000 0.149700 
0.435174 2624.000000 0.152905 
0.436641 2575.000000 0.150050 
0.438048 2528.000000 0.147311 
0.436132 2592.000000 0.151040 
0.436492 2580.000000 0.150341 
0.436521 2579.000000 0.150283 
0.434995 2630.000000 0.153254 
0.437839 2535.000000 0.147719 
0.435264 2621.000000 0.152730 
0.436641 2575.000000 0.150050 
0.435713 2606.000000 0.151856 
0.436162 2591.000000 0.150982 
0.437629 2542.000000 0.148127 
0.435713 2606.000000 0.151856 
0.437449 2548.000000 0.148476 
0.435923 2599.000000 0.151448 
0.436013 2596.000000 0.151273 
0.436372 2584.000000 0.150574 
0.436372 2584.000000 0.150574 
0.437928 2532.000000 0.147544 
0.435414 2616.000000 0.152439 
0.436312 2586.000000 0.150691 
0.437090 2560.000000 0.149175 
0.437659 2541.000000 0.148068 
0.437210 2556.000000 0.148942 
0.434995 2630.000000 0.153254 
0.436611 2576.000000 0.150108 
0.436282 2587.000000 0.150749 
0.438108 2526.000000 0.147194 
0.436043 2595.000000 0.151215 
0.435833 2602.000000 0.151623 
0.436192 2590.000000 0.150924 
0.437180 2557.000000 0.149001 
0.438048 2528.000000 0.147311 
0.435953 2598.000000 0.151390 
0.437599 2543.000000 0.148185 
0.436432 2582.000000 0.150457 
0.436671 2574.000000 0.149991 
0.436791 2570.000000 0.149758 
0.434935 2632.000000 0.153371 
0.435893 2600.000000 0.151506 
0.436761 2571.000000 0.149816 
0.434965 2631.000000 0.153313 
0.436911 2566.000000 0.149525 
0.436611 2576.000000 0.150108 
0.438827 2502.000000 0.145796 
0.437090 2560.000000 0.149175 
0.436671 2574.000000 0.149991 
0.435893 2600.000000 0.151506 
0.436492 2580.000000 0.150341 
0.436581 2577.000000 0.150166 
0.435683 2607.000000 0.151914 
0.435504 2613.000000 0.152264 
0.437749 2538.000000 0.147893 
0.436521 2579.000000 0.150283 
0.436551 2578.000000 0.150224 
0.435773 2604.000000 0.151739 
0.436911 2566.000000 0.149525 
0.437988 2530.000000 0.147427 
0.438377 2517.000000 0.146670 
0.437060 2561.000000 0.149234 
0.436162 2591.000000 0.150982 
0.436941 2565.000000 0.149467 
0.435294 2620.000000 0.152672 
0.435923 2599.000000 0.151448 
0.439365 2484.000000 0.144747 
0.436941 2565.000000 0.149467 
0.437599 2543.000000 0.148185 
0.437210 2556.000000 0.148942 
0.435953 2598.000000 0.151390 
0.438437 2515.000000 0.146553 
0.437479 2547.000000 0.148418 
0.435983 2597.000000 0.151332 
0.437420 2549.000000 0.148534 
0.435953 2598.000000 0.151390 
0.438198 2523.000000 0.147019 
0.437689 2540.000000 0.148010 
0.436102 2593.000000 0.151098 
0.438258 2521.000000 0.146903 
0.436701 2573.000000 0.149933 
0.437420 2549.000000 0.148534 
0.437210 2556.000000 0.148942 
0.434965 2631.000000 0.153313 
0.438078 2527.000000 0.147252 
0.434486 2647.000000 0.154245 
0.437330 2552.000000 0.148709 
0.435055 2628.000000 0.153138 
0.435833 2602.000000 0.151623 
0.436851 2568.000000 0.149642 
0.435923 2599.000000 0.151448 
0.436761 2571.000000 0.149816 
0.437629 2542.000000 0.148127 
0.437240 2555.000000 0.148884 
0.436312 2586.000000 0.150691 
0.436881 2567.000000 0.149583 
0.435384 2617.000000 0.152497 
0.434366 2651.000000 0.154478 
0.437958 2531.000000 0.147486 
0.438407 2516.000000 0.146612 
0.436971 2564.000000 0.149409 
0.436102 2593.000000 0.151098 
0.437030 2562.000000 0.149292 
0.437809 2536.000000 0.147777 
0.436492 2580.000000 0.150341 
0.437749 2538.000000 0.147893 
0.437270 2554.000000 0.148826 
0.437689 2540.000000 0.148010 
0.435953 2598.000000 0.151390 
0.437839 2535.000000 0.147719 
0.437689 2540.000000 0.148010 
0.436851 2568.000000 0.149642 
0.438407 2516.000000 0.146612 
0.436941 2565.000000 0.149467 
0.437150 2558.000000 0.149059 
0.437300 2553.000000 0.148768 
0.437420 2549.000000 0.148534 
0.435623 2609.000000 0.152031 
0.434965 2631.000000 0.153313 
0.437629 2542.000000 0.148127 
0.437749 2538.000000 0.147893 
0.435683 2607.000000 0.151914 
0.436043 2595.000000 0.151215 
0.436282 2587.000000 0.150749 
0.436372 2584.000000 0.150574 
0.437420 2549.000000 0.148534 
0.435893 2600.000000 0.151506 
0.438258 2521.000000 0.146903 
0.437779 2537.000000 0.147835 
0.436881 2567.000000 0.149583 
0.437689 2540.000000 0.148010 
0.435534 2612.000000 0.152206 
0.438707 2506.000000 0.146029 
0.435683 2607.000000 0.151914 
0.437569 2544.000000 0.148243 
0.437599 2543.000000 0.148185 
0.435354 2618.000000 0.152555 
0.436581 2577.000000 0.150166 
0.436851 2568.000000 0.149642 
0.435683 2607.000000 0.151914 
0.436911 2566.000000 0.149525 
0.438437 2515.000000 0.146553 
0.434276 2654.000000 0.154653 
0.437899 2533.000000 0.147602 
0.436462 2581.000000 0.150399 
0.436102 2593.000000 0.151098 
0.437300 2553.000000 0.148768 
0.437000 2563.000000 0.149350 
0.436192 2590.000000 0.150924 
0.438377 2517.000000 0.146670 
0.436222 2589.000000 0.150865 
0.436342 2585.000000 0.150632 
0.437210 2556.000000 0.148942 
0.437928 2532.000000 0.147544 
0.438916 2499.000000 0.145621 
0.437779 2537.000000 0.147835 
0.435923 2599.000000 0.151448 
0.435923 2599.000000 0.151448 
0.435803 2603.000000 0.151681 
0.435144 2625.000000 0.152963 
0.436881 2567.000000 0.149583 
0.434725 2639.000000 0.153779 
0.437060 2561.000000 0.149234 
0.436372 2584.000000 0.150574 
0.435923 2599.000000 0.151448 
0.435504 2613.000000 0.152264 
0.436043 2595.000000 0.151215 
0.436971 2564.000000 0.149409 
0.439216 2489.000000 0.145038 
0.436432 2582.000000 0.150457 
0.435234 2622.000000 0.152788 
0.437120 2559.000000 0.149117 
0.436462 2581.000000 0.150399 
0.435025 2629.000000 0.153196 
0.434875 2634.000000 0.153488 
0.435504 2613.000000 0.152264 
0.438527 2512.000000 0.146378 
0.437539 2545.000000 0.148301 
0.436731 2572.000000 0.149875 
0.437479 2547.000000 0.148418 
0.437599 2543.000000 0.148185 
0.437240 2555.000000 0.148884 
0.437629 2542.000000 0.148127 
0.438198 2523.000000 0.147019 
0.436911 2566.000000 0.149525 
0.435923 2599.000000 0.151448 
0.437090 2560.000000 0.149175 
0.434516 2646.000000 0.154187 
0.436043 2595.000000 0.151215 
0.437090 2560.000000 0.149175 
0.436671 2574.000000 0.149991 
0.435593 2610.000000 0.152089 
0.436342 2585.000000 0.150632 
0.438168 2524.000000 0.147078 
0.437390 2550.000000 0.148593 
0.437509 2546.000000 0.148360 
0.435863 2601.000000 0.151565 
0.437360 2551.000000 0.148651 
0.436791 2570.000000 0.149758 
0.437839 2535.000000 0.147719 
0.436013 2596.000000 0.151273 
0.436102 2593.000000 0.151098 
0.438078 2527.000000 0.147252 
0.436911 2566.000000 0.149525 
0.438138 2525.000000 0.147136 
0.436043 2595.000000 0.151215 
0.436821 2569.000000 0.149700 
0.436072 2594.000000 0.151157 
0.437240 2555.000000 0.148884 
0.435504 2613.000000 0.152264 
0.437090 2560.000000 0.149175 
0.435593 2610.000000 0.152089 
0.438228 2522.000000 0.146961 
0.435893 2600.000000 0.151506 
0.436192 2590.000000 0.150924 
0.435294 2620.000000 0.152672 
0.437000 2563.000000 0.149350 
0.435504 2613.000000 0.152264 
0.436731 2572.000000 0.149875 
0.437090 2560.000000 0.149175 
0.435474 2614.000000 0.152322 
0.437300 2553.000000 0.148768 
0.436402 2583.000000 0.150516 
0.436791 2570.000000 0.149758 
0.436971 2564.000000 0.149409 
0.435384 2617.000000 0.152497 
0.436312 2586.000000 0.150691 
0.436521 2579.000000 0.150283 
0.438497 2513.000000 0.146437 
0.436192 2590.000000 0.150924 
0.436432 2582.000000 0.150457 
0.437479 2547.000000 0.148418 
0.436911 2566.000000 0.149525 
0.436492 2580.000000 0.150341 
0.435294 2620.000000 0.152672 
0.435953 2598.000000 0.151390 
0.439276 2487.000000 0.144922 
0.436791 2570.000000 0.149758 
0.436761 2571.000000 0.149816 
0.437809 2536.000000 0.147777 
0.434636 2642.000000 0.153954 
0.436731 2572.000000 0.149875 
0.435683 2607.000000 0.151914 
0.436941 2565.000000 0.149467 
0.436971 2564.000000 0.149409 
0.436731 2572.000000 0.149875 
0.435354 2618.000000 0.152555 
0.435863 2601.000000 0.151565 
0.437000 2563.000000 0.149350 
0.438497 2513.000000 0.146437 
0.435713 2606.000000 0.151856 
0.437390 2550.000000 0.148593 
0.436372 2584.000000 0.150574 
0.437719 2539.000000 0.147952 
0.436432 2582.000000 0.150457 
0.437449 2548.000000 0.148476 
0.436372 2584.000000 0.150574 
0.436013 2596.000000 0.151273 
0.437479 2547.000000 0.148418 
0.437629 2542.000000 0.148127 
0.436102 2593.000000 0.151098 
0.435953 2598.000000 0.151390 
0.436013 2596.000000 0.151273 
0.436132 2592.000000 0.151040 
0.436911 2566.000000 0.149525 
0.436372 2584.000000 0.150574 
0.434606 2643.000000 0.154012 
0.435174 2624.000000 0.152905 
0.437330 2552.000000 0.148709 
0.437000 2563.000000 0.149350 
0.435444 2615.000000 0.152380 
0.436342 2585.000000 0.150632 
0.436132 2592.000000 0.151040 
0.435983 2597.000000 0.151332 
0.437000 2563.000000 0.149350 
0.435414 2616.000000 0.152439 
0.437360 2551.000000 0.148651 
0.435504 2613.000000 0.152264 
0.437420 2549.000000 0.148534 
0.436851 2568.000000 0.149642 
0.437030 2562.000000 0.149292 
0.436162 2591.000000 0.150982 
0.435115 2626.000000 0.153021 
0.438258 2521.000000 0.146903 
0.435564 2611.000000 0.152147 
0.438437 2515.000000 0.146553 
0.435593 2610.000000 0.152089 
0.435534 2612.000000 0.152206 
0.436641 2575.000000 0.150050 
0.437330 2552.000000 0.148709 
0.436372 2584.000000 0.150574 
0.437120 2559.000000 0.149117 
0.438377 2517.000000 0.146670 
0.435773 2604.000000 0.151739 
0.439695 2473.000000 0.144106 
0.437449 2548.000000 0.148476 
0.436492 2580.000000 0.150341 
0.435923 2599.000000 0.151448 
0.437779 2537.000000 0.147835 
0.434995 2630.000000 0.153254 
0.435623 2609.000000 0.152031 
0.437180 2557.000000 0.149001 
0.436372 2584.000000 0.150574 
0.437479 2547.000000 0.148418 
0.437150 2558.000000 0.149059 
0.437150 2558.000000 0.149059 
0.438348 2518.000000 0.146728 
0.436971 2564.000000 0.149409 
0.437569 2544.000000 0.148243 
0.437090 2560.000000 0.149175 
0.436462 2581.000000 0.150399 
0.438617 2509.000000 0.146204 
0.436072 2594.000000 0.151157 
0.437869 2534.000000 0.147660 
0.436372 2584.000000 0.150574 
0.438108 2526.000000 0.147194 
0.436551 2578.000000 0.150224 
0.437809 2536.000000 0.147777 
0.436462 2581.000000 0.150399 
0.434276 2654.000000 0.154653 
0.435683 2607.000000 0.151914 
0.435623 2609.000000 0.152031 
0.435683 2607.000000 0.151914 
0.437509 2546.000000 0.148360 
0.436551 2578.000000 0.150224 
0.436372 2584.000000 0.150574 
0.435264 2621.000000 0.152730 
0.436761 2571.000000 0.149816 
0.436072 2594.000000 0.151157 
0.436492 2580.000000 0.150341 
0.435803 2603.000000 0.151681 
0.435504 2613.000000 0.152264 
0.438377 2517.000000 0.146670 
0.436611 2576.000000 0.150108 
0.437240 2555.000000 0.148884 
0.437030 2562.000000 0.149292 
0.436521 2579.000000 0.150283 
0.438138 2525.000000 0.147136 
0.436462 2581.000000 0.150399 
0.435743 2605.000000 0.151798 
0.436941 2565.000000 0.149467 
0.436851 2568.000000 0.149642 
0.437509 2546.000000 0.148360 
0.437988 2530.000000 0.147427 
0.438228 2522.000000 0.146961 
0.437479 2547.000000 0.148418 
0.437719 2539.000000 0.147952 
0.435593 2610.000000 0.152089 
0.437300 2553.000000 0.148768 
0.436611 2576.000000 0.150108 
0.436701 2573.000000 0.149933 
0.436701 2573.000000 0.149933 
0.436881 2567.000000 0.149583 
0.437779 2537.000000 0.147835 
0.436911 2566.000000 0.149525 
0.435983 2597.000000 0.151332 
0.436791 2570.000000 0.149758 
0.436851 2568.000000 0.149642 
0.437180 2557.000000 0.149001 
0.437719 2539.000000 0.147952 
0.435653 2608.000000 0.151972 
0.437479 2547.000000 0.148418 
0.437150 2558.000000 0.149059 
0.436971 2564.000000 0.149409 
0.434815 2636.000000 0.153604 
0.436791 2570.000000 0.149758 
0.437420 2549.000000 0.148534 
0.436462 2581.000000 0.150399 
