0.924084 145.000000 0.075916 
0.926702 140.000000 0.073298 
0.927225 139.000000 0.072775 
0.925654 142.000000 0.074346 
0.921466 150.000000 0.078534 
0.926702 140.000000 0.073298 
0.925131 143.000000 0.074869 
0.922513 148.000000 0.077487 
0.926702 140.000000 0.073298 
0.926178 141.000000 0.073822 
0.927225 139.000000 0.072775 
0.920419 152.000000 0.079581 
0.927225 139.000000 0.072775 
0.923560 146.000000 0.076440 
0.923037 147.000000 0.076963 
0.928796 136.000000 0.071204 
0.930366 133.000000 0.069634 
0.921990 149.000000 0.078010 
0.923560 146.000000 0.076440 
0.929319 135.000000 0.070681 
0.924607 144.000000 0.075393 
0.926702 140.000000 0.073298 
0.918848 155.000000 0.081152 
0.926178 141.000000 0.073822 
0.927225 139.000000 0.072775 
0.920419 152.000000 0.079581 
0.925654 142.000000 0.074346 
0.920942 151.000000 0.079058 
0.926702 140.000000 0.073298 
0.924084 145.000000 0.075916 
0.923037 147.000000 0.076963 
0.928796 136.000000 0.071204 
0.923037 147.000000 0.076963 
0.929319 135.000000 0.070681 
0.917277 158.000000 0.082723 
0.924084 145.000000 0.075916 
0.921466 150.000000 0.078534 
0.926178 141.000000 0.073822 
0.923037 147.000000 0.076963 
0.927749 138.000000 0.072251 
0.928272 137.000000 0.071728 
0.924084 145.000000 0.075916 
0.926178 141.000000 0.073822 
0.918325 156.000000 0.081675 
0.925131 143.000000 0.074869 
0.917801 157.000000 0.082199 
0.919372 154.000000 0.080628 
0.924084 145.000000 0.075916 
0.923037 147.000000 0.076963 
0.924084 145.000000 0.075916 
0.926178 141.000000 0.073822 
0.927749 138.000000 0.072251 
0.929843 134.000000 0.070157 
0.924607 144.000000 0.075393 
0.925131 143.000000 0.074869 
0.920942 151.000000 0.079058 
0.924084 145.000000 0.075916 
0.924607 144.000000 0.075393 
0.922513 148.000000 0.077487 
0.923037 147.000000 0.076963 
0.926702 140.000000 0.073298 
0.923560 146.000000 0.076440 
0.920419 152.000000 0.079581 
0.926702 140.000000 0.073298 
0.925131 143.000000 0.074869 
0.924607 144.000000 0.075393 
0.926702 140.000000 0.073298 
0.924607 144.000000 0.075393 
0.926702 140.000000 0.073298 
0.926178 141.000000 0.073822 
0.919895 153.000000 0.080105 
0.927749 138.000000 0.072251 
0.926702 140.000000 0.073298 
0.924607 144.000000 0.075393 
0.927749 138.000000 0.072251 
0.925131 143.000000 0.074869 
0.924607 144.000000 0.075393 
0.920942 151.000000 0.079058 
0.927225 139.000000 0.072775 
0.924084 145.000000 0.075916 
0.924084 145.000000 0.075916 
0.923560 146.000000 0.076440 
0.927749 138.000000 0.072251 
0.921466 150.000000 0.078534 
0.920942 151.000000 0.079058 
0.923560 146.000000 0.076440 
0.927225 139.000000 0.072775 
0.925131 143.000000 0.074869 
0.922513 148.000000 0.077487 
0.921990 149.000000 0.078010 
0.928796 136.000000 0.071204 
0.928272 137.000000 0.071728 
0.928272 137.000000 0.071728 
0.919895 153.000000 0.080105 
0.924084 145.000000 0.075916 
0.925131 143.000000 0.074869 
0.928272 137.000000 0.071728 
0.927225 139.000000 0.072775 
0.927749 138.000000 0.072251 
0.924607 144.000000 0.075393 
0.925131 143.000000 0.074869 
0.921990 149.000000 0.078010 
0.924084 145.000000 0.075916 
0.932461 129.000000 0.067539 
0.921466 150.000000 0.078534 
0.921990 149.000000 0.078010 
0.924607 144.000000 0.075393 
0.926702 140.000000 0.073298 
0.927749 138.000000 0.072251 
0.929319 135.000000 0.070681 
0.925654 142.000000 0.074346 
0.926702 140.000000 0.073298 
0.931414 131.000000 0.068586 
0.922513 148.000000 0.077487 
0.921466 150.000000 0.078534 
0.920942 151.000000 0.079058 
0.927749 138.000000 0.072251 
0.924607 144.000000 0.075393 
0.926178 141.000000 0.073822 
0.929843 134.000000 0.070157 
0.928272 137.000000 0.071728 
0.926702 140.000000 0.073298 
0.923560 146.000000 0.076440 
0.931937 130.000000 0.068063 
0.920419 152.000000 0.079581 
0.926178 141.000000 0.073822 
0.924084 145.000000 0.075916 
0.927225 139.000000 0.072775 
0.926702 140.000000 0.073298 
0.930366 133.000000 0.069634 
0.924084 145.000000 0.075916 
0.926702 140.000000 0.073298 
0.918325 156.000000 0.081675 
0.923560 146.000000 0.076440 
0.924084 145.000000 0.075916 
0.922513 148.000000 0.077487 
0.928796 136.000000 0.071204 
0.923037 147.000000 0.076963 
0.924607 144.000000 0.075393 
0.926702 140.000000 0.073298 
0.922513 148.000000 0.077487 
0.923560 146.000000 0.076440 
0.930366 133.000000 0.069634 
0.921466 150.000000 0.078534 
0.923560 146.000000 0.076440 
0.926702 140.000000 0.073298 
0.927749 138.000000 0.072251 
0.929319 135.000000 0.070681 
0.925654 142.000000 0.074346 
0.922513 148.000000 0.077487 
0.929319 135.000000 0.070681 
0.928272 137.000000 0.071728 
0.924084 145.000000 0.075916 
0.924084 145.000000 0.075916 
0.931414 131.000000 0.068586 
0.921990 149.000000 0.078010 
0.921990 149.000000 0.078010 
0.920419 152.000000 0.079581 
0.921990 149.000000 0.078010 
0.924084 145.000000 0.075916 
0.925131 143.000000 0.074869 
0.924084 145.000000 0.075916 
0.927225 139.000000 0.072775 
0.923037 147.000000 0.076963 
0.923560 146.000000 0.076440 
0.921466 150.000000 0.078534 
0.914660 163.000000 0.085340 
0.925131 143.000000 0.074869 
0.924607 144.000000 0.075393 
0.925131 143.000000 0.074869 
0.920942 151.000000 0.079058 
0.925131 143.000000 0.074869 
0.926178 141.000000 0.073822 
0.922513 148.000000 0.077487 
0.924607 144.000000 0.075393 
0.920942 151.000000 0.079058 
0.929843 134.000000 0.070157 
0.926178 141.000000 0.073822 
0.920419 152.000000 0.079581 
0.921990 149.000000 0.078010 
0.926702 140.000000 0.073298 
0.918325 156.000000 0.081675 
0.925654 142.000000 0.074346 
0.922513 148.000000 0.077487 
0.926178 141.000000 0.073822 
0.923560 146.000000 0.076440 
0.923037 147.000000 0.076963 
0.924084 145.000000 0.075916 
0.930890 132.000000 0.069110 
0.930366 133.000000 0.069634 
0.925131 143.000000 0.074869 
0.923037 147.000000 0.076963 
0.924084 145.000000 0.075916 
0.925131 143.000000 0.074869 
0.924607 144.000000 0.075393 
0.925131 143.000000 0.074869 
0.923037 147.000000 0.076963 
0.922513 148.000000 0.077487 
0.923560 146.000000 0.076440 
0.925654 142.000000 0.074346 
0.924084 145.000000 0.075916 
0.922513 148.000000 0.077487 
0.927749 138.000000 0.072251 
0.923560 146.000000 0.076440 
0.924084 145.000000 0.075916 
0.927225 139.000000 0.072775 
0.925131 143.000000 0.074869 
0.925654 142.000000 0.074346 
0.923037 147.000000 0.076963 
0.926178 141.000000 0.073822 
0.925654 142.000000 0.074346 
0.923560 146.000000 0.076440 
0.927749 138.000000 0.072251 
0.921990 149.000000 0.078010 
0.927225 139.000000 0.072775 
0.926702 140.000000 0.073298 
0.921990 149.000000 0.078010 
0.928796 136.000000 0.071204 
0.924084 145.000000 0.075916 
0.924084 145.000000 0.075916 
0.921990 149.000000 0.078010 
0.922513 148.000000 0.077487 
0.923037 147.000000 0.076963 
0.926702 140.000000 0.073298 
0.923037 147.000000 0.076963 
0.926178 141.000000 0.073822 
0.925654 142.000000 0.074346 
0.926702 140.000000 0.073298 
0.928796 136.000000 0.071204 
0.924084 145.000000 0.075916 
0.925131 143.000000 0.074869 
0.920942 151.000000 0.079058 
0.929843 134.000000 0.070157 
0.925131 143.000000 0.074869 
0.921466 150.000000 0.078534 
0.918848 155.000000 0.081152 
0.925131 143.000000 0.074869 
0.929843 134.000000 0.070157 
0.920942 151.000000 0.079058 
0.924607 144.000000 0.075393 
0.926702 140.000000 0.073298 
0.921990 149.000000 0.078010 
0.921990 149.000000 0.078010 
0.919372 154.000000 0.080628 
0.926178 141.000000 0.073822 
0.925131 143.000000 0.074869 
0.925131 143.000000 0.074869 
0.927749 138.000000 0.072251 
0.921466 150.000000 0.078534 
0.925131 143.000000 0.074869 
0.926178 141.000000 0.073822 
0.929843 134.000000 0.070157 
0.928272 137.000000 0.071728 
0.920419 152.000000 0.079581 
0.927225 139.000000 0.072775 
0.923560 146.000000 0.076440 
0.925131 143.000000 0.074869 
0.916230 160.000000 0.083770 
0.919372 154.000000 0.080628 
0.922513 148.000000 0.077487 
0.922513 148.000000 0.077487 
0.922513 148.000000 0.077487 
0.921990 149.000000 0.078010 
0.923560 146.000000 0.076440 
0.927225 139.000000 0.072775 
0.920942 151.000000 0.079058 
0.923037 147.000000 0.076963 
0.924607 144.000000 0.075393 
0.927225 139.000000 0.072775 
0.928272 137.000000 0.071728 
0.929843 134.000000 0.070157 
0.928272 137.000000 0.071728 
0.925131 143.000000 0.074869 
0.926178 141.000000 0.073822 
0.924084 145.000000 0.075916 
0.928272 137.000000 0.071728 
0.929319 135.000000 0.070681 
0.927749 138.000000 0.072251 
0.927749 138.000000 0.072251 
0.928796 136.000000 0.071204 
0.925131 143.000000 0.074869 
0.923037 147.000000 0.076963 
0.928272 137.000000 0.071728 
0.924084 145.000000 0.075916 
0.922513 148.000000 0.077487 
0.930366 133.000000 0.069634 
0.923560 146.000000 0.076440 
0.927225 139.000000 0.072775 
0.925131 143.000000 0.074869 
0.920942 151.000000 0.079058 
0.927749 138.000000 0.072251 
0.923037 147.000000 0.076963 
0.921990 149.000000 0.078010 
0.921990 149.000000 0.078010 
0.921990 149.000000 0.078010 
0.927749 138.000000 0.072251 
0.923560 146.000000 0.076440 
0.926178 141.000000 0.073822 
0.926178 141.000000 0.073822 
0.920942 151.000000 0.079058 
0.925131 143.000000 0.074869 
0.927749 138.000000 0.072251 
0.915707 161.000000 0.084293 
0.927225 139.000000 0.072775 
0.923560 146.000000 0.076440 
0.925654 142.000000 0.074346 
0.916230 160.000000 0.083770 
0.922513 148.000000 0.077487 
0.927749 138.000000 0.072251 
0.929319 135.000000 0.070681 
0.923037 147.000000 0.076963 
0.928272 137.000000 0.071728 
0.925131 143.000000 0.074869 
0.925131 143.000000 0.074869 
0.927749 138.000000 0.072251 
0.928272 137.000000 0.071728 
0.927749 138.000000 0.072251 
0.926178 141.000000 0.073822 
0.926702 140.000000 0.073298 
0.924607 144.000000 0.075393 
0.921466 150.000000 0.078534 
0.923037 147.000000 0.076963 
0.930366 133.000000 0.069634 
0.925131 143.000000 0.074869 
0.919372 154.000000 0.080628 
0.925131 143.000000 0.074869 
0.925654 142.000000 0.074346 
0.921466 150.000000 0.078534 
0.925131 143.000000 0.074869 
0.921466 150.000000 0.078534 
0.929843 134.000000 0.070157 
0.927749 138.000000 0.072251 
0.923560 146.000000 0.076440 
0.927749 138.000000 0.072251 
0.922513 148.000000 0.077487 
0.923560 146.000000 0.076440 
0.926702 140.000000 0.073298 
0.923037 147.000000 0.076963 
0.923037 147.000000 0.076963 
0.926702 140.000000 0.073298 
0.919895 153.000000 0.080105 
0.921466 150.000000 0.078534 
0.927225 139.000000 0.072775 
0.926702 140.000000 0.073298 
0.925131 143.000000 0.074869 
0.926178 141.000000 0.073822 
0.921990 149.000000 0.078010 
0.926178 141.000000 0.073822 
0.919372 154.000000 0.080628 
0.915183 162.000000 0.084817 
0.928796 136.000000 0.071204 
0.923560 146.000000 0.076440 
0.924607 144.000000 0.075393 
0.920942 151.000000 0.079058 
0.924607 144.000000 0.075393 
0.928272 137.000000 0.071728 
0.926702 140.000000 0.073298 
0.929319 135.000000 0.070681 
0.926178 141.000000 0.073822 
0.925654 142.000000 0.074346 
0.924084 145.000000 0.075916 
0.922513 148.000000 0.077487 
0.923037 147.000000 0.076963 
0.925654 142.000000 0.074346 
0.916754 159.000000 0.083246 
0.924607 144.000000 0.075393 
0.923560 146.000000 0.076440 
0.921990 149.000000 0.078010 
0.924084 145.000000 0.075916 
0.928796 136.000000 0.071204 
0.921990 149.000000 0.078010 
0.920419 152.000000 0.079581 
0.926702 140.000000 0.073298 
0.926702 140.000000 0.073298 
0.927225 139.000000 0.072775 
0.926178 141.000000 0.073822 
0.919372 154.000000 0.080628 
0.930366 133.000000 0.069634 
0.927749 138.000000 0.072251 
0.934031 126.000000 0.065969 
0.919895 153.000000 0.080105 
0.927225 139.000000 0.072775 
0.924084 145.000000 0.075916 
0.923560 146.000000 0.076440 
0.927225 139.000000 0.072775 
0.920419 152.000000 0.079581 
0.921466 150.000000 0.078534 
0.921990 149.000000 0.078010 
0.920942 151.000000 0.079058 
0.923560 146.000000 0.076440 
0.927749 138.000000 0.072251 
0.921990 149.000000 0.078010 
0.924607 144.000000 0.075393 
0.923560 146.000000 0.076440 
0.928272 137.000000 0.071728 
0.919372 154.000000 0.080628 
0.922513 148.000000 0.077487 
0.917801 157.000000 0.082199 
0.929843 134.000000 0.070157 
0.926702 140.000000 0.073298 
0.924607 144.000000 0.075393 
0.924607 144.000000 0.075393 
0.923560 146.000000 0.076440 
0.929843 134.000000 0.070157 
0.930890 132.000000 0.069110 
0.929843 134.000000 0.070157 
0.923037 147.000000 0.076963 
0.923037 147.000000 0.076963 
0.927749 138.000000 0.072251 
0.930890 132.000000 0.069110 
0.925654 142.000000 0.074346 
0.925131 143.000000 0.074869 
0.926702 140.000000 0.073298 
0.925654 142.000000 0.074346 
0.926178 141.000000 0.073822 
0.929843 134.000000 0.070157 
0.925654 142.000000 0.074346 
0.926702 140.000000 0.073298 
0.927749 138.000000 0.072251 
0.922513 148.000000 0.077487 
0.923560 146.000000 0.076440 
0.921990 149.000000 0.078010 
0.920942 151.000000 0.079058 
0.923560 146.000000 0.076440 
0.928796 136.000000 0.071204 
0.920419 152.000000 0.079581 
0.924607 144.000000 0.075393 
0.921466 150.000000 0.078534 
0.920419 152.000000 0.079581 
0.922513 148.000000 0.077487 
0.931414 131.000000 0.068586 
0.920419 152.000000 0.079581 
0.921990 149.000000 0.078010 
0.924084 145.000000 0.075916 
0.928272 137.000000 0.071728 
0.920942 151.000000 0.079058 
0.923037 147.000000 0.076963 
0.925131 143.000000 0.074869 
0.924084 145.000000 0.075916 
0.924084 145.000000 0.075916 
0.924084 145.000000 0.075916 
0.925654 142.000000 0.074346 
0.926702 140.000000 0.073298 
0.921466 150.000000 0.078534 
0.928272 137.000000 0.071728 
0.922513 148.000000 0.077487 
0.928796 136.000000 0.071204 
0.925131 143.000000 0.074869 
0.922513 148.000000 0.077487 
0.923037 147.000000 0.076963 
0.924607 144.000000 0.075393 
0.925654 142.000000 0.074346 
0.928796 136.000000 0.071204 
0.918848 155.000000 0.081152 
0.923037 147.000000 0.076963 
0.931937 130.000000 0.068063 
0.927225 139.000000 0.072775 
0.923037 147.000000 0.076963 
0.922513 148.000000 0.077487 
0.926178 141.000000 0.073822 
0.924607 144.000000 0.075393 
0.929319 135.000000 0.070681 
0.924084 145.000000 0.075916 
0.921990 149.000000 0.078010 
0.926702 140.000000 0.073298 
0.925654 142.000000 0.074346 
0.926702 140.000000 0.073298 
0.925131 143.000000 0.074869 
0.927749 138.000000 0.072251 
0.922513 148.000000 0.077487 
0.923560 146.000000 0.076440 
0.919895 153.000000 0.080105 
0.925654 142.000000 0.074346 
0.928272 137.000000 0.071728 
0.921990 149.000000 0.078010 
0.928272 137.000000 0.071728 
0.924607 144.000000 0.075393 
0.929319 135.000000 0.070681 
0.923560 146.000000 0.076440 
0.927225 139.000000 0.072775 
0.930366 133.000000 0.069634 
0.924607 144.000000 0.075393 
0.927225 139.000000 0.072775 
0.923037 147.000000 0.076963 
0.927225 139.000000 0.072775 
0.920419 152.000000 0.079581 
0.921990 149.000000 0.078010 
0.921990 149.000000 0.078010 
0.925654 142.000000 0.074346 
0.926178 141.000000 0.073822 
0.920419 152.000000 0.079581 
0.927225 139.000000 0.072775 
0.925654 142.000000 0.074346 
0.925654 142.000000 0.074346 
0.919895 153.000000 0.080105 
0.923560 146.000000 0.076440 
0.922513 148.000000 0.077487 
0.919372 154.000000 0.080628 
0.919372 154.000000 0.080628 
0.922513 148.000000 0.077487 
0.920942 151.000000 0.079058 
0.920942 151.000000 0.079058 
0.921466 150.000000 0.078534 
0.925131 143.000000 0.074869 
0.927225 139.000000 0.072775 
0.923560 146.000000 0.076440 
0.926702 140.000000 0.073298 
0.927749 138.000000 0.072251 
0.921466 150.000000 0.078534 
0.922513 148.000000 0.077487 
0.918848 155.000000 0.081152 
0.926178 141.000000 0.073822 
0.925654 142.000000 0.074346 
0.920942 151.000000 0.079058 
0.925654 142.000000 0.074346 
0.922513 148.000000 0.077487 
0.926702 140.000000 0.073298 
0.924607 144.000000 0.075393 
0.926178 141.000000 0.073822 
0.928796 136.000000 0.071204 
0.924607 144.000000 0.075393 
0.923037 147.000000 0.076963 
0.924607 144.000000 0.075393 
0.924084 145.000000 0.075916 
0.927225 139.000000 0.072775 
0.927749 138.000000 0.072251 
0.928272 137.000000 0.071728 
0.920419 152.000000 0.079581 
0.929843 134.000000 0.070157 
0.926178 141.000000 0.073822 
0.926178 141.000000 0.073822 
0.924084 145.000000 0.075916 
0.926702 140.000000 0.073298 
0.931414 131.000000 0.068586 
0.929843 134.000000 0.070157 
0.926178 141.000000 0.073822 
0.926702 140.000000 0.073298 
0.928796 136.000000 0.071204 
0.921466 150.000000 0.078534 
0.931414 131.000000 0.068586 
0.924084 145.000000 0.075916 
0.924084 145.000000 0.075916 
0.917277 158.000000 0.082723 
0.924607 144.000000 0.075393 
0.919895 153.000000 0.080105 
0.925654 142.000000 0.074346 
0.920942 151.000000 0.079058 
0.923037 147.000000 0.076963 
0.924084 145.000000 0.075916 
0.918325 156.000000 0.081675 
0.925131 143.000000 0.074869 
0.927749 138.000000 0.072251 
0.924084 145.000000 0.075916 
0.926702 140.000000 0.073298 
0.923037 147.000000 0.076963 
0.929843 134.000000 0.070157 
0.928796 136.000000 0.071204 
0.926702 140.000000 0.073298 
0.925654 142.000000 0.074346 
0.924607 144.000000 0.075393 
0.925654 142.000000 0.074346 
0.924084 145.000000 0.075916 
0.926178 141.000000 0.073822 
0.929319 135.000000 0.070681 
0.922513 148.000000 0.077487 
0.920942 151.000000 0.079058 
0.921466 150.000000 0.078534 
0.930366 133.000000 0.069634 
0.925131 143.000000 0.074869 
0.927225 139.000000 0.072775 
0.923560 146.000000 0.076440 
0.924084 145.000000 0.075916 
0.930890 132.000000 0.069110 
0.924084 145.000000 0.075916 
0.921990 149.000000 0.078010 
0.924084 145.000000 0.075916 
0.925131 143.000000 0.074869 
0.925654 142.000000 0.074346 
0.922513 148.000000 0.077487 
0.930366 133.000000 0.069634 
0.923037 147.000000 0.076963 
0.923560 146.000000 0.076440 
0.928272 137.000000 0.071728 
0.927749 138.000000 0.072251 
0.926178 141.000000 0.073822 
0.930366 133.000000 0.069634 
0.924084 145.000000 0.075916 
0.923560 146.000000 0.076440 
0.922513 148.000000 0.077487 
0.921990 149.000000 0.078010 
0.923560 146.000000 0.076440 
0.923560 146.000000 0.076440 
0.927225 139.000000 0.072775 
0.920419 152.000000 0.079581 
0.927225 139.000000 0.072775 
0.922513 148.000000 0.077487 
0.928272 137.000000 0.071728 
0.921466 150.000000 0.078534 
0.921990 149.000000 0.078010 
0.926702 140.000000 0.073298 
0.922513 148.000000 0.077487 
0.930366 133.000000 0.069634 
0.923037 147.000000 0.076963 
0.923037 147.000000 0.076963 
0.929843 134.000000 0.070157 
0.925131 143.000000 0.074869 
0.927225 139.000000 0.072775 
0.921466 150.000000 0.078534 
0.922513 148.000000 0.077487 
0.923560 146.000000 0.076440 
0.919895 153.000000 0.080105 
0.925131 143.000000 0.074869 
0.921466 150.000000 0.078534 
0.931414 131.000000 0.068586 
0.928796 136.000000 0.071204 
0.923037 147.000000 0.076963 
0.923560 146.000000 0.076440 
0.924607 144.000000 0.075393 
0.924607 144.000000 0.075393 
0.931937 130.000000 0.068063 
0.928272 137.000000 0.071728 
0.923037 147.000000 0.076963 
0.925654 142.000000 0.074346 
0.923037 147.000000 0.076963 
0.923037 147.000000 0.076963 
0.919895 153.000000 0.080105 
0.925131 143.000000 0.074869 
0.924607 144.000000 0.075393 
0.920942 151.000000 0.079058 
0.927749 138.000000 0.072251 
0.924084 145.000000 0.075916 
0.923037 147.000000 0.076963 
0.921466 150.000000 0.078534 
0.926702 140.000000 0.073298 
0.919372 154.000000 0.080628 
0.924084 145.000000 0.075916 
0.930890 132.000000 0.069110 
0.929319 135.000000 0.070681 
0.923037 147.000000 0.076963 
0.927225 139.000000 0.072775 
0.919372 154.000000 0.080628 
0.925131 143.000000 0.074869 
0.921990 149.000000 0.078010 
0.928796 136.000000 0.071204 
0.924084 145.000000 0.075916 
0.926702 140.000000 0.073298 
0.925654 142.000000 0.074346 
0.930890 132.000000 0.069110 
0.926178 141.000000 0.073822 
0.926702 140.000000 0.073298 
0.922513 148.000000 0.077487 
0.920942 151.000000 0.079058 
0.927225 139.000000 0.072775 
0.924607 144.000000 0.075393 
0.927225 139.000000 0.072775 
0.924084 145.000000 0.075916 
0.925131 143.000000 0.074869 
0.925131 143.000000 0.074869 
0.926702 140.000000 0.073298 
0.927749 138.000000 0.072251 
0.920942 151.000000 0.079058 
0.923560 146.000000 0.076440 
0.921466 150.000000 0.078534 
0.919372 154.000000 0.080628 
0.926178 141.000000 0.073822 
0.925654 142.000000 0.074346 
0.927749 138.000000 0.072251 
0.925654 142.000000 0.074346 
0.922513 148.000000 0.077487 
0.925654 142.000000 0.074346 
0.934555 125.000000 0.065445 
0.930890 132.000000 0.069110 
0.925131 143.000000 0.074869 
0.927749 138.000000 0.072251 
0.926178 141.000000 0.073822 
0.925131 143.000000 0.074869 
0.920942 151.000000 0.079058 
0.927749 138.000000 0.072251 
0.924607 144.000000 0.075393 
0.922513 148.000000 0.077487 
0.923037 147.000000 0.076963 
0.925131 143.000000 0.074869 
0.931414 131.000000 0.068586 
0.922513 148.000000 0.077487 
0.929843 134.000000 0.070157 
0.922513 148.000000 0.077487 
0.923560 146.000000 0.076440 
0.927749 138.000000 0.072251 
0.920942 151.000000 0.079058 
0.925131 143.000000 0.074869 
0.925654 142.000000 0.074346 
0.920942 151.000000 0.079058 
0.925654 142.000000 0.074346 
0.924084 145.000000 0.075916 
0.924084 145.000000 0.075916 
0.928796 136.000000 0.071204 
0.919372 154.000000 0.080628 
0.921466 150.000000 0.078534 
0.929843 134.000000 0.070157 
0.923037 147.000000 0.076963 
0.924607 144.000000 0.075393 
0.931937 130.000000 0.068063 
0.926178 141.000000 0.073822 
0.929843 134.000000 0.070157 
0.926178 141.000000 0.073822 
0.918325 156.000000 0.081675 
0.927225 139.000000 0.072775 
0.923037 147.000000 0.076963 
0.923037 147.000000 0.076963 
0.926178 141.000000 0.073822 
0.922513 148.000000 0.077487 
0.926178 141.000000 0.073822 
0.926178 141.000000 0.073822 
0.927749 138.000000 0.072251 
0.924607 144.000000 0.075393 
0.931414 131.000000 0.068586 
0.925131 143.000000 0.074869 
0.921466 150.000000 0.078534 
0.927749 138.000000 0.072251 
0.922513 148.000000 0.077487 
0.919895 153.000000 0.080105 
0.929843 134.000000 0.070157 
0.922513 148.000000 0.077487 
0.923037 147.000000 0.076963 
0.924084 145.000000 0.075916 
0.924084 145.000000 0.075916 
0.920942 151.000000 0.079058 
0.930890 132.000000 0.069110 
0.932461 129.000000 0.067539 
0.920942 151.000000 0.079058 
0.930890 132.000000 0.069110 
0.920942 151.000000 0.079058 
0.918325 156.000000 0.081675 
0.928272 137.000000 0.071728 
0.920419 152.000000 0.079581 
0.924607 144.000000 0.075393 
0.927225 139.000000 0.072775 
0.927749 138.000000 0.072251 
0.921990 149.000000 0.078010 
0.922513 148.000000 0.077487 
0.920419 152.000000 0.079581 
0.928796 136.000000 0.071204 
0.925131 143.000000 0.074869 
0.926702 140.000000 0.073298 
0.929843 134.000000 0.070157 
0.926702 140.000000 0.073298 
0.927225 139.000000 0.072775 
0.926702 140.000000 0.073298 
0.923560 146.000000 0.076440 
0.921466 150.000000 0.078534 
0.925131 143.000000 0.074869 
0.928272 137.000000 0.071728 
0.925131 143.000000 0.074869 
0.925654 142.000000 0.074346 
0.924607 144.000000 0.075393 
0.926178 141.000000 0.073822 
0.920942 151.000000 0.079058 
0.926702 140.000000 0.073298 
0.923560 146.000000 0.076440 
0.922513 148.000000 0.077487 
0.925654 142.000000 0.074346 
0.923560 146.000000 0.076440 
0.926178 141.000000 0.073822 
0.925654 142.000000 0.074346 
0.923560 146.000000 0.076440 
0.924084 145.000000 0.075916 
0.924084 145.000000 0.075916 
0.929843 134.000000 0.070157 
0.922513 148.000000 0.077487 
0.920942 151.000000 0.079058 
0.924084 145.000000 0.075916 
0.927225 139.000000 0.072775 
0.926702 140.000000 0.073298 
0.923037 147.000000 0.076963 
0.921466 150.000000 0.078534 
0.921466 150.000000 0.078534 
0.927225 139.000000 0.072775 
0.920419 152.000000 0.079581 
0.921990 149.000000 0.078010 
0.924607 144.000000 0.075393 
0.921466 150.000000 0.078534 
0.925654 142.000000 0.074346 
0.926178 141.000000 0.073822 
0.929319 135.000000 0.070681 
0.927225 139.000000 0.072775 
0.928272 137.000000 0.071728 
0.924607 144.000000 0.075393 
0.929319 135.000000 0.070681 
0.922513 148.000000 0.077487 
0.928272 137.000000 0.071728 
0.921990 149.000000 0.078010 
0.925131 143.000000 0.074869 
0.923037 147.000000 0.076963 
0.921990 149.000000 0.078010 
0.921466 150.000000 0.078534 
0.925131 143.000000 0.074869 
0.929319 135.000000 0.070681 
0.925654 142.000000 0.074346 
0.923037 147.000000 0.076963 
0.925131 143.000000 0.074869 
0.921466 150.000000 0.078534 
0.927225 139.000000 0.072775 
0.922513 148.000000 0.077487 
0.924607 144.000000 0.075393 
0.923560 146.000000 0.076440 
0.927225 139.000000 0.072775 
0.921466 150.000000 0.078534 
0.927749 138.000000 0.072251 
0.924607 144.000000 0.075393 
0.930890 132.000000 0.069110 
0.923560 146.000000 0.076440 
0.919895 153.000000 0.080105 
0.923560 146.000000 0.076440 
0.925131 143.000000 0.074869 
0.923037 147.000000 0.076963 
0.920942 151.000000 0.079058 
0.927225 139.000000 0.072775 
0.923560 146.000000 0.076440 
0.926702 140.000000 0.073298 
0.923037 147.000000 0.076963 
0.928796 136.000000 0.071204 
0.932984 128.000000 0.067016 
0.924084 145.000000 0.075916 
0.927225 139.000000 0.072775 
0.924084 145.000000 0.075916 
0.924607 144.000000 0.075393 
0.923560 146.000000 0.076440 
0.923560 146.000000 0.076440 
0.920419 152.000000 0.079581 
0.929843 134.000000 0.070157 
0.916754 159.000000 0.083246 
0.926178 141.000000 0.073822 
0.921990 149.000000 0.078010 
0.929319 135.000000 0.070681 
0.923037 147.000000 0.076963 
0.929843 134.000000 0.070157 
0.920419 152.000000 0.079581 
0.928272 137.000000 0.071728 
0.925131 143.000000 0.074869 
0.924607 144.000000 0.075393 
0.924084 145.000000 0.075916 
0.927225 139.000000 0.072775 
0.927749 138.000000 0.072251 
0.921990 149.000000 0.078010 
0.931937 130.000000 0.068063 
0.925131 143.000000 0.074869 
0.923560 146.000000 0.076440 
0.929843 134.000000 0.070157 
0.917801 157.000000 0.082199 
0.927749 138.000000 0.072251 
0.921466 150.000000 0.078534 
0.925654 142.000000 0.074346 
0.925654 142.000000 0.074346 
0.925131 143.000000 0.074869 
0.927225 139.000000 0.072775 
0.926702 140.000000 0.073298 
0.924084 145.000000 0.075916 
0.927749 138.000000 0.072251 
0.924084 145.000000 0.075916 
0.920942 151.000000 0.079058 
0.923037 147.000000 0.076963 
0.921990 149.000000 0.078010 
0.924607 144.000000 0.075393 
0.922513 148.000000 0.077487 
0.926178 141.000000 0.073822 
0.924084 145.000000 0.075916 
0.921466 150.000000 0.078534 
0.928796 136.000000 0.071204 
0.929843 134.000000 0.070157 
0.921990 149.000000 0.078010 
0.926702 140.000000 0.073298 
0.922513 148.000000 0.077487 
0.927749 138.000000 0.072251 
0.927225 139.000000 0.072775 
0.928796 136.000000 0.071204 
0.930890 132.000000 0.069110 
0.923560 146.000000 0.076440 
0.926178 141.000000 0.073822 
0.922513 148.000000 0.077487 
0.926702 140.000000 0.073298 
0.922513 148.000000 0.077487 
0.921466 150.000000 0.078534 
0.922513 148.000000 0.077487 
0.926178 141.000000 0.073822 
0.921466 150.000000 0.078534 
0.925131 143.000000 0.074869 
0.925131 143.000000 0.074869 
0.917801 157.000000 0.082199 
0.930366 133.000000 0.069634 
0.921466 150.000000 0.078534 
0.927225 139.000000 0.072775 
0.930366 133.000000 0.069634 
0.921990 149.000000 0.078010 
0.927225 139.000000 0.072775 
0.922513 148.000000 0.077487 
0.926702 140.000000 0.073298 
0.926178 141.000000 0.073822 
0.925654 142.000000 0.074346 
0.927749 138.000000 0.072251 
0.924607 144.000000 0.075393 
0.929843 134.000000 0.070157 
0.922513 148.000000 0.077487 
0.919372 154.000000 0.080628 
0.924607 144.000000 0.075393 
0.927749 138.000000 0.072251 
0.927749 138.000000 0.072251 
0.919372 154.000000 0.080628 
0.920942 151.000000 0.079058 
0.928796 136.000000 0.071204 
0.927749 138.000000 0.072251 
0.923560 146.000000 0.076440 
0.927749 138.000000 0.072251 
0.923037 147.000000 0.076963 
0.923560 146.000000 0.076440 
0.924607 144.000000 0.075393 
0.924084 145.000000 0.075916 
0.930890 132.000000 0.069110 
0.927749 138.000000 0.072251 
0.925654 142.000000 0.074346 
0.921466 150.000000 0.078534 
0.930366 133.000000 0.069634 
0.924607 144.000000 0.075393 
0.924084 145.000000 0.075916 
0.923037 147.000000 0.076963 
0.928796 136.000000 0.071204 
0.925131 143.000000 0.074869 
0.925131 143.000000 0.074869 
0.917801 157.000000 0.082199 
0.926702 140.000000 0.073298 
0.925131 143.000000 0.074869 
0.921466 150.000000 0.078534 
0.917801 157.000000 0.082199 
0.927225 139.000000 0.072775 
0.927749 138.000000 0.072251 
0.925131 143.000000 0.074869 
0.928796 136.000000 0.071204 
0.920942 151.000000 0.079058 
0.920419 152.000000 0.079581 
0.923560 146.000000 0.076440 
0.921466 150.000000 0.078534 
0.924084 145.000000 0.075916 
0.924607 144.000000 0.075393 
0.920942 151.000000 0.079058 
0.923560 146.000000 0.076440 
0.922513 148.000000 0.077487 
0.918325 156.000000 0.081675 
0.922513 148.000000 0.077487 
0.923037 147.000000 0.076963 
0.923560 146.000000 0.076440 
0.920942 151.000000 0.079058 
0.920942 151.000000 0.079058 
0.920942 151.000000 0.079058 
0.925131 143.000000 0.074869 
0.921990 149.000000 0.078010 
0.921466 150.000000 0.078534 
0.925131 143.000000 0.074869 
0.920419 152.000000 0.079581 
0.927225 139.000000 0.072775 
0.926178 141.000000 0.073822 
0.924607 144.000000 0.075393 
0.921990 149.000000 0.078010 
0.926178 141.000000 0.073822 
0.923560 146.000000 0.076440 
0.923037 147.000000 0.076963 
0.926178 141.000000 0.073822 
0.923560 146.000000 0.076440 
0.927225 139.000000 0.072775 
0.919895 153.000000 0.080105 
0.924607 144.000000 0.075393 
0.923037 147.000000 0.076963 
0.926702 140.000000 0.073298 
0.922513 148.000000 0.077487 
0.922513 148.000000 0.077487 
0.924084 145.000000 0.075916 
0.923560 146.000000 0.076440 
0.921990 149.000000 0.078010 
0.924084 145.000000 0.075916 
0.924607 144.000000 0.075393 
0.924084 145.000000 0.075916 
0.927749 138.000000 0.072251 
0.923037 147.000000 0.076963 
0.920942 151.000000 0.079058 
0.923560 146.000000 0.076440 
0.924084 145.000000 0.075916 
0.926178 141.000000 0.073822 
0.927225 139.000000 0.072775 
0.924084 145.000000 0.075916 
0.920419 152.000000 0.079581 
0.921990 149.000000 0.078010 
0.923560 146.000000 0.076440 
0.923560 146.000000 0.076440 
0.927749 138.000000 0.072251 
0.925654 142.000000 0.074346 
0.923037 147.000000 0.076963 
0.924607 144.000000 0.075393 
0.926178 141.000000 0.073822 
0.925131 143.000000 0.074869 
0.924607 144.000000 0.075393 
0.923560 146.000000 0.076440 
0.924084 145.000000 0.075916 
0.920419 152.000000 0.079581 
0.925131 143.000000 0.074869 
0.920942 151.000000 0.079058 
0.919372 154.000000 0.080628 
0.929843 134.000000 0.070157 
0.926702 140.000000 0.073298 
0.929843 134.000000 0.070157 
0.922513 148.000000 0.077487 
0.925131 143.000000 0.074869 
0.931414 131.000000 0.068586 
0.925131 143.000000 0.074869 
0.930890 132.000000 0.069110 
0.927749 138.000000 0.072251 
0.926178 141.000000 0.073822 
0.922513 148.000000 0.077487 
0.920419 152.000000 0.079581 
0.924084 145.000000 0.075916 
0.927225 139.000000 0.072775 
0.922513 148.000000 0.077487 
0.921990 149.000000 0.078010 
0.927749 138.000000 0.072251 
0.925654 142.000000 0.074346 
0.928796 136.000000 0.071204 
0.930366 133.000000 0.069634 
0.916754 159.000000 0.083246 
0.927749 138.000000 0.072251 
0.921466 150.000000 0.078534 
0.921466 150.000000 0.078534 
0.925654 142.000000 0.074346 
0.920419 152.000000 0.079581 
0.925654 142.000000 0.074346 
0.923037 147.000000 0.076963 
0.923037 147.000000 0.076963 
0.928272 137.000000 0.071728 
0.924607 144.000000 0.075393 
0.926178 141.000000 0.073822 
0.919372 154.000000 0.080628 
0.923037 147.000000 0.076963 
0.921990 149.000000 0.078010 
0.923037 147.000000 0.076963 
0.925131 143.000000 0.074869 
0.925654 142.000000 0.074346 
0.927225 139.000000 0.072775 
0.919895 153.000000 0.080105 
0.925654 142.000000 0.074346 
0.922513 148.000000 0.077487 
0.919895 153.000000 0.080105 
0.923560 146.000000 0.076440 
0.922513 148.000000 0.077487 
0.925131 143.000000 0.074869 
0.924084 145.000000 0.075916 
0.926178 141.000000 0.073822 
0.923560 146.000000 0.076440 
0.924607 144.000000 0.075393 
0.926178 141.000000 0.073822 
0.925131 143.000000 0.074869 
0.920942 151.000000 0.079058 
0.926178 141.000000 0.073822 
0.926178 141.000000 0.073822 
0.923037 147.000000 0.076963 
0.920942 151.000000 0.079058 
0.930366 133.000000 0.069634 
0.924084 145.000000 0.075916 
0.921990 149.000000 0.078010 
0.924607 144.000000 0.075393 
0.924084 145.000000 0.075916 
0.927749 138.000000 0.072251 
0.930890 132.000000 0.069110 
0.925131 143.000000 0.074869 
0.924607 144.000000 0.075393 
0.922513 148.000000 0.077487 
0.924607 144.000000 0.075393 
0.925131 143.000000 0.074869 
0.923037 147.000000 0.076963 
0.921990 149.000000 0.078010 
0.925131 143.000000 0.074869 
0.919895 153.000000 0.080105 
0.926702 140.000000 0.073298 
0.926178 141.000000 0.073822 
0.923560 146.000000 0.076440 
0.928272 137.000000 0.071728 
0.929319 135.000000 0.070681 
0.921466 150.000000 0.078534 
0.923037 147.000000 0.076963 
0.924084 145.000000 0.075916 
0.923037 147.000000 0.076963 
0.923037 147.000000 0.076963 
0.925131 143.000000 0.074869 
0.925654 142.000000 0.074346 
0.922513 148.000000 0.077487 
0.924607 144.000000 0.075393 
0.923560 146.000000 0.076440 
0.923037 147.000000 0.076963 
0.923560 146.000000 0.076440 
0.926178 141.000000 0.073822 
0.925654 142.000000 0.074346 
0.920419 152.000000 0.079581 
0.929843 134.000000 0.070157 
0.928796 136.000000 0.071204 
0.918848 155.000000 0.081152 
0.925654 142.000000 0.074346 
0.924607 144.000000 0.075393 
0.923560 146.000000 0.076440 
0.919895 153.000000 0.080105 
0.929843 134.000000 0.070157 
0.926178 141.000000 0.073822 
0.931937 130.000000 0.068063 
0.926702 140.000000 0.073298 
0.921990 149.000000 0.078010 
0.930890 132.000000 0.069110 
0.927749 138.000000 0.072251 
0.926178 141.000000 0.073822 
0.925654 142.000000 0.074346 
0.923560 146.000000 0.076440 
0.924607 144.000000 0.075393 
0.925131 143.000000 0.074869 
0.923560 146.000000 0.076440 
0.924084 145.000000 0.075916 
0.928272 137.000000 0.071728 
0.926702 140.000000 0.073298 
0.919895 153.000000 0.080105 
0.922513 148.000000 0.077487 
0.921466 150.000000 0.078534 
0.925131 143.000000 0.074869 
0.929843 134.000000 0.070157 
0.928272 137.000000 0.071728 
0.929319 135.000000 0.070681 
0.924607 144.000000 0.075393 
0.918848 155.000000 0.081152 
0.925654 142.000000 0.074346 
0.927225 139.000000 0.072775 
0.925131 143.000000 0.074869 
0.920419 152.000000 0.079581 
0.926178 141.000000 0.073822 
0.928272 137.000000 0.071728 
0.919895 153.000000 0.080105 
0.926702 140.000000 0.073298 
0.926702 140.000000 0.073298 
0.918325 156.000000 0.081675 
0.923037 147.000000 0.076963 
0.924607 144.000000 0.075393 
0.919895 153.000000 0.080105 
0.926178 141.000000 0.073822 
0.923560 146.000000 0.076440 
0.927225 139.000000 0.072775 
0.925654 142.000000 0.074346 
0.923560 146.000000 0.076440 
0.923560 146.000000 0.076440 
0.924607 144.000000 0.075393 
0.923560 146.000000 0.076440 
0.924607 144.000000 0.075393 
0.924607 144.000000 0.075393 
0.924084 145.000000 0.075916 
0.924084 145.000000 0.075916 
0.923560 146.000000 0.076440 
0.920942 151.000000 0.079058 
0.923037 147.000000 0.076963 
0.928796 136.000000 0.071204 
0.923037 147.000000 0.076963 
0.917801 157.000000 0.082199 
0.920942 151.000000 0.079058 
0.924084 145.000000 0.075916 
0.930366 133.000000 0.069634 
0.924607 144.000000 0.075393 
0.923037 147.000000 0.076963 
0.927225 139.000000 0.072775 
0.926702 140.000000 0.073298 
0.927749 138.000000 0.072251 
0.923037 147.000000 0.076963 
0.927749 138.000000 0.072251 
0.923560 146.000000 0.076440 
0.921990 149.000000 0.078010 
0.926178 141.000000 0.073822 
0.925654 142.000000 0.074346 
0.928796 136.000000 0.071204 
0.924607 144.000000 0.075393 
0.926702 140.000000 0.073298 
0.924084 145.000000 0.075916 
0.924084 145.000000 0.075916 
0.925131 143.000000 0.074869 
0.928796 136.000000 0.071204 
0.921990 149.000000 0.078010 
0.922513 148.000000 0.077487 
0.924084 145.000000 0.075916 
0.923560 146.000000 0.076440 
0.922513 148.000000 0.077487 
0.919895 153.000000 0.080105 
0.919895 153.000000 0.080105 
0.926702 140.000000 0.073298 
0.925654 142.000000 0.074346 
0.924084 145.000000 0.075916 
0.926702 140.000000 0.073298 
0.922513 148.000000 0.077487 
0.927225 139.000000 0.072775 
0.920942 151.000000 0.079058 
0.923560 146.000000 0.076440 
0.928272 137.000000 0.071728 
0.922513 148.000000 0.077487 
0.921990 149.000000 0.078010 
0.927749 138.000000 0.072251 
0.925131 143.000000 0.074869 
0.926702 140.000000 0.073298 
0.919895 153.000000 0.080105 
0.929319 135.000000 0.070681 
0.924607 144.000000 0.075393 
0.924607 144.000000 0.075393 
0.926178 141.000000 0.073822 
0.923037 147.000000 0.076963 
0.929843 134.000000 0.070157 
0.925131 143.000000 0.074869 
0.929319 135.000000 0.070681 
0.923560 146.000000 0.076440 
0.924084 145.000000 0.075916 
0.921990 149.000000 0.078010 
0.926178 141.000000 0.073822 
0.928796 136.000000 0.071204 
0.923560 146.000000 0.076440 
0.922513 148.000000 0.077487 
0.924607 144.000000 0.075393 
0.922513 148.000000 0.077487 
0.921466 150.000000 0.078534 
0.926702 140.000000 0.073298 
0.923560 146.000000 0.076440 
0.924607 144.000000 0.075393 
0.924084 145.000000 0.075916 
0.925654 142.000000 0.074346 
0.921466 150.000000 0.078534 
0.925131 143.000000 0.074869 
0.925131 143.000000 0.074869 
0.922513 148.000000 0.077487 
0.924607 144.000000 0.075393 
0.923560 146.000000 0.076440 
0.928796 136.000000 0.071204 
0.929319 135.000000 0.070681 
0.927749 138.000000 0.072251 
0.925654 142.000000 0.074346 
0.924607 144.000000 0.075393 
0.923037 147.000000 0.076963 
0.923037 147.000000 0.076963 
0.926178 141.000000 0.073822 
0.924084 145.000000 0.075916 
0.924607 144.000000 0.075393 
0.923560 146.000000 0.076440 
0.919372 154.000000 0.080628 
0.923560 146.000000 0.076440 
0.927749 138.000000 0.072251 
0.920942 151.000000 0.079058 
0.926178 141.000000 0.073822 
0.924084 145.000000 0.075916 
0.923037 147.000000 0.076963 
0.923037 147.000000 0.076963 
0.919372 154.000000 0.080628 
0.925654 142.000000 0.074346 
0.918848 155.000000 0.081152 
0.924607 144.000000 0.075393 
0.918325 156.000000 0.081675 
0.921466 150.000000 0.078534 
0.925654 142.000000 0.074346 
0.927225 139.000000 0.072775 
0.926702 140.000000 0.073298 
0.920942 151.000000 0.079058 
0.919895 153.000000 0.080105 
0.920942 151.000000 0.079058 
0.921466 150.000000 0.078534 
0.927225 139.000000 0.072775 
0.923560 146.000000 0.076440 
0.928796 136.000000 0.071204 
0.926702 140.000000 0.073298 
0.925654 142.000000 0.074346 
0.931937 130.000000 0.068063 
0.928272 137.000000 0.071728 
0.930890 132.000000 0.069110 
0.930366 133.000000 0.069634 
0.923560 146.000000 0.076440 
0.928796 136.000000 0.071204 
0.927225 139.000000 0.072775 
0.919372 154.000000 0.080628 
0.928272 137.000000 0.071728 
0.925654 142.000000 0.074346 
0.925654 142.000000 0.074346 
0.928796 136.000000 0.071204 
0.921990 149.000000 0.078010 
0.920942 151.000000 0.079058 
0.927225 139.000000 0.072775 
0.923560 146.000000 0.076440 
0.922513 148.000000 0.077487 
0.924607 144.000000 0.075393 
0.923560 146.000000 0.076440 
0.924084 145.000000 0.075916 
0.921466 150.000000 0.078534 
0.926178 141.000000 0.073822 
0.918848 155.000000 0.081152 
0.918325 156.000000 0.081675 
0.926702 140.000000 0.073298 
0.928796 136.000000 0.071204 
0.924607 144.000000 0.075393 
0.928796 136.000000 0.071204 
0.929843 134.000000 0.070157 
0.924084 145.000000 0.075916 
0.929843 134.000000 0.070157 
0.918325 156.000000 0.081675 
0.928272 137.000000 0.071728 
0.930366 133.000000 0.069634 
0.925654 142.000000 0.074346 
0.921466 150.000000 0.078534 
0.917801 157.000000 0.082199 
0.926178 141.000000 0.073822 
0.923560 146.000000 0.076440 
0.924084 145.000000 0.075916 
0.924607 144.000000 0.075393 
0.926178 141.000000 0.073822 
0.925131 143.000000 0.074869 
0.923037 147.000000 0.076963 
0.926702 140.000000 0.073298 
0.921990 149.000000 0.078010 
0.928272 137.000000 0.071728 
0.921990 149.000000 0.078010 
0.924607 144.000000 0.075393 
0.921990 149.000000 0.078010 
0.924607 144.000000 0.075393 
0.922513 148.000000 0.077487 
0.928272 137.000000 0.071728 
0.923037 147.000000 0.076963 
0.927749 138.000000 0.072251 
0.927225 139.000000 0.072775 
0.921466 150.000000 0.078534 
0.926178 141.000000 0.073822 
0.920419 152.000000 0.079581 
0.921466 150.000000 0.078534 
0.925131 143.000000 0.074869 
0.922513 148.000000 0.077487 
0.929319 135.000000 0.070681 
0.917277 158.000000 0.082723 
0.928796 136.000000 0.071204 
0.921990 149.000000 0.078010 
0.929319 135.000000 0.070681 
0.920419 152.000000 0.079581 
0.923037 147.000000 0.076963 
0.925131 143.000000 0.074869 
0.919372 154.000000 0.080628 
0.923560 146.000000 0.076440 
0.921466 150.000000 0.078534 
0.923560 146.000000 0.076440 
0.923560 146.000000 0.076440 
0.921466 150.000000 0.078534 
0.925131 143.000000 0.074869 
0.925654 142.000000 0.074346 
0.920942 151.000000 0.079058 
0.923037 147.000000 0.076963 
0.921466 150.000000 0.078534 
0.926702 140.000000 0.073298 
0.927749 138.000000 0.072251 
0.923037 147.000000 0.076963 
0.930366 133.000000 0.069634 
0.926702 140.000000 0.073298 
0.924607 144.000000 0.075393 
0.923560 146.000000 0.076440 
0.925131 143.000000 0.074869 
0.928272 137.000000 0.071728 
0.920942 151.000000 0.079058 
0.929319 135.000000 0.070681 
0.926178 141.000000 0.073822 
0.930366 133.000000 0.069634 
0.922513 148.000000 0.077487 
0.930890 132.000000 0.069110 
0.926178 141.000000 0.073822 
0.926702 140.000000 0.073298 
0.927225 139.000000 0.072775 
0.923560 146.000000 0.076440 
0.924084 145.000000 0.075916 
0.921466 150.000000 0.078534 
0.920419 152.000000 0.079581 
0.927749 138.000000 0.072251 
0.928796 136.000000 0.071204 
0.928272 137.000000 0.071728 
0.930890 132.000000 0.069110 
0.923560 146.000000 0.076440 
0.927225 139.000000 0.072775 
0.928272 137.000000 0.071728 
0.925131 143.000000 0.074869 
0.927749 138.000000 0.072251 
0.919895 153.000000 0.080105 
0.930366 133.000000 0.069634 
0.925654 142.000000 0.074346 
0.921990 149.000000 0.078010 
0.926178 141.000000 0.073822 
0.923037 147.000000 0.076963 
0.921990 149.000000 0.078010 
0.920942 151.000000 0.079058 
0.926178 141.000000 0.073822 
0.927225 139.000000 0.072775 
0.925654 142.000000 0.074346 
0.921466 150.000000 0.078534 
0.922513 148.000000 0.077487 
0.921466 150.000000 0.078534 
0.929319 135.000000 0.070681 
0.925131 143.000000 0.074869 
0.923037 147.000000 0.076963 
0.928796 136.000000 0.071204 
0.923037 147.000000 0.076963 
0.925654 142.000000 0.074346 
0.921990 149.000000 0.078010 
0.920419 152.000000 0.079581 
0.920942 151.000000 0.079058 
0.928796 136.000000 0.071204 
0.922513 148.000000 0.077487 
0.923560 146.000000 0.076440 
0.922513 148.000000 0.077487 
0.924084 145.000000 0.075916 
0.924084 145.000000 0.075916 
0.922513 148.000000 0.077487 
0.923560 146.000000 0.076440 
0.924607 144.000000 0.075393 
0.926702 140.000000 0.073298 
0.925131 143.000000 0.074869 
0.921990 149.000000 0.078010 
0.929843 134.000000 0.070157 
0.929319 135.000000 0.070681 
0.924607 144.000000 0.075393 
0.927749 138.000000 0.072251 
0.919372 154.000000 0.080628 
0.918848 155.000000 0.081152 
0.926178 141.000000 0.073822 
0.925131 143.000000 0.074869 
0.919895 153.000000 0.080105 
0.928796 136.000000 0.071204 
0.924084 145.000000 0.075916 
0.926178 141.000000 0.073822 
0.926178 141.000000 0.073822 
0.920419 152.000000 0.079581 
0.927749 138.000000 0.072251 
0.923560 146.000000 0.076440 
0.921990 149.000000 0.078010 
0.925654 142.000000 0.074346 
0.932461 129.000000 0.067539 
0.922513 148.000000 0.077487 
0.921990 149.000000 0.078010 
0.928272 137.000000 0.071728 
0.928796 136.000000 0.071204 
0.923037 147.000000 0.076963 
0.924607 144.000000 0.075393 
0.924084 145.000000 0.075916 
0.929319 135.000000 0.070681 
0.920942 151.000000 0.079058 
0.925131 143.000000 0.074869 
0.923037 147.000000 0.076963 
0.922513 148.000000 0.077487 
0.920419 152.000000 0.079581 
0.923037 147.000000 0.076963 
0.920942 151.000000 0.079058 
0.921990 149.000000 0.078010 
0.922513 148.000000 0.077487 
0.923560 146.000000 0.076440 
0.930890 132.000000 0.069110 
0.929843 134.000000 0.070157 
0.929843 134.000000 0.070157 
0.927225 139.000000 0.072775 
0.927225 139.000000 0.072775 
0.925131 143.000000 0.074869 
0.917277 158.000000 0.082723 
0.927749 138.000000 0.072251 
0.920942 151.000000 0.079058 
0.925131 143.000000 0.074869 
0.932461 129.000000 0.067539 
0.923560 146.000000 0.076440 
0.927749 138.000000 0.072251 
0.922513 148.000000 0.077487 
0.926702 140.000000 0.073298 
0.924607 144.000000 0.075393 
0.929319 135.000000 0.070681 
0.918848 155.000000 0.081152 
0.921990 149.000000 0.078010 
0.921990 149.000000 0.078010 
0.926178 141.000000 0.073822 
0.917277 158.000000 0.082723 
0.920942 151.000000 0.079058 
0.923037 147.000000 0.076963 
0.918848 155.000000 0.081152 
0.925131 143.000000 0.074869 
0.922513 148.000000 0.077487 
0.921466 150.000000 0.078534 
0.920942 151.000000 0.079058 
0.922513 148.000000 0.077487 
0.926178 141.000000 0.073822 
0.927225 139.000000 0.072775 
0.920942 151.000000 0.079058 
0.923037 147.000000 0.076963 
0.926178 141.000000 0.073822 
0.923560 146.000000 0.076440 
0.935602 123.000000 0.064398 
0.926178 141.000000 0.073822 
0.924084 145.000000 0.075916 
0.925654 142.000000 0.074346 
0.923560 146.000000 0.076440 
0.927749 138.000000 0.072251 
0.932984 128.000000 0.067016 
0.926178 141.000000 0.073822 
0.921990 149.000000 0.078010 
0.928796 136.000000 0.071204 
0.921990 149.000000 0.078010 
0.928272 137.000000 0.071728 
0.923037 147.000000 0.076963 
0.924607 144.000000 0.075393 
0.923037 147.000000 0.076963 
0.921990 149.000000 0.078010 
0.924607 144.000000 0.075393 
0.924607 144.000000 0.075393 
0.921466 150.000000 0.078534 
0.928272 137.000000 0.071728 
0.931414 131.000000 0.068586 
0.930366 133.000000 0.069634 
0.925654 142.000000 0.074346 
0.918325 156.000000 0.081675 
0.927749 138.000000 0.072251 
0.928272 137.000000 0.071728 
0.917801 157.000000 0.082199 
0.927749 138.000000 0.072251 
0.925654 142.000000 0.074346 
0.925654 142.000000 0.074346 
0.920942 151.000000 0.079058 
0.924084 145.000000 0.075916 
0.925131 143.000000 0.074869 
0.928796 136.000000 0.071204 
0.921466 150.000000 0.078534 
0.924084 145.000000 0.075916 
0.932461 129.000000 0.067539 
0.925131 143.000000 0.074869 
0.926702 140.000000 0.073298 
0.924084 145.000000 0.075916 
0.924607 144.000000 0.075393 
0.921466 150.000000 0.078534 
0.924084 145.000000 0.075916 
0.921990 149.000000 0.078010 
0.921990 149.000000 0.078010 
0.925654 142.000000 0.074346 
0.923037 147.000000 0.076963 
0.920419 152.000000 0.079581 
0.923037 147.000000 0.076963 
0.925131 143.000000 0.074869 
0.920419 152.000000 0.079581 
0.923037 147.000000 0.076963 
0.923560 146.000000 0.076440 
0.924084 145.000000 0.075916 
0.927749 138.000000 0.072251 
0.919372 154.000000 0.080628 
0.923037 147.000000 0.076963 
0.925131 143.000000 0.074869 
0.925131 143.000000 0.074869 
0.925654 142.000000 0.074346 
0.920942 151.000000 0.079058 
0.923560 146.000000 0.076440 
0.923037 147.000000 0.076963 
0.924607 144.000000 0.075393 
0.928796 136.000000 0.071204 
0.924084 145.000000 0.075916 
0.925131 143.000000 0.074869 
0.923560 146.000000 0.076440 
0.925654 142.000000 0.074346 
0.921466 150.000000 0.078534 
0.923560 146.000000 0.076440 
0.924084 145.000000 0.075916 
0.926178 141.000000 0.073822 
0.921466 150.000000 0.078534 
0.920419 152.000000 0.079581 
0.931414 131.000000 0.068586 
0.927749 138.000000 0.072251 
0.921990 149.000000 0.078010 
0.924084 145.000000 0.075916 
0.926178 141.000000 0.073822 
0.923037 147.000000 0.076963 
0.925654 142.000000 0.074346 
0.927749 138.000000 0.072251 
0.920942 151.000000 0.079058 
0.926178 141.000000 0.073822 
0.925131 143.000000 0.074869 
0.925131 143.000000 0.074869 
0.920419 152.000000 0.079581 
0.919895 153.000000 0.080105 
0.920942 151.000000 0.079058 
0.924084 145.000000 0.075916 
0.925131 143.000000 0.074869 
0.928796 136.000000 0.071204 
0.929843 134.000000 0.070157 
0.927749 138.000000 0.072251 
0.924084 145.000000 0.075916 
0.925654 142.000000 0.074346 
0.925654 142.000000 0.074346 
0.918848 155.000000 0.081152 
0.927225 139.000000 0.072775 
0.925131 143.000000 0.074869 
0.923560 146.000000 0.076440 
0.929843 134.000000 0.070157 
0.927225 139.000000 0.072775 
0.928272 137.000000 0.071728 
0.919895 153.000000 0.080105 
0.921466 150.000000 0.078534 
0.921990 149.000000 0.078010 
0.922513 148.000000 0.077487 
0.919895 153.000000 0.080105 
0.921990 149.000000 0.078010 
0.925131 143.000000 0.074869 
0.925131 143.000000 0.074869 
0.924607 144.000000 0.075393 
0.921990 149.000000 0.078010 
0.926702 140.000000 0.073298 
0.927749 138.000000 0.072251 
0.928796 136.000000 0.071204 
0.924607 144.000000 0.075393 
0.920419 152.000000 0.079581 
0.926702 140.000000 0.073298 
0.927225 139.000000 0.072775 
0.931937 130.000000 0.068063 
0.925131 143.000000 0.074869 
0.928272 137.000000 0.071728 
0.921990 149.000000 0.078010 
0.927749 138.000000 0.072251 
0.922513 148.000000 0.077487 
0.930366 133.000000 0.069634 
0.927225 139.000000 0.072775 
0.924607 144.000000 0.075393 
0.924607 144.000000 0.075393 
0.923560 146.000000 0.076440 
0.927225 139.000000 0.072775 
0.922513 148.000000 0.077487 
0.919895 153.000000 0.080105 
0.924084 145.000000 0.075916 
0.921466 150.000000 0.078534 
0.924607 144.000000 0.075393 
0.923560 146.000000 0.076440 
0.925654 142.000000 0.074346 
0.923037 147.000000 0.076963 
0.928796 136.000000 0.071204 
0.920942 151.000000 0.079058 
0.923560 146.000000 0.076440 
0.923560 146.000000 0.076440 
0.926702 140.000000 0.073298 
0.931414 131.000000 0.068586 
0.925131 143.000000 0.074869 
0.933508 127.000000 0.066492 
0.928796 136.000000 0.071204 
0.922513 148.000000 0.077487 
0.925654 142.000000 0.074346 
0.930366 133.000000 0.069634 
0.922513 148.000000 0.077487 
0.920419 152.000000 0.079581 
0.923560 146.000000 0.076440 
0.926178 141.000000 0.073822 
0.926178 141.000000 0.073822 
0.929843 134.000000 0.070157 
0.926702 140.000000 0.073298 
0.925654 142.000000 0.074346 
0.929843 134.000000 0.070157 
0.929843 134.000000 0.070157 
0.924607 144.000000 0.075393 
0.926178 141.000000 0.073822 
0.928796 136.000000 0.071204 
0.921466 150.000000 0.078534 
0.923037 147.000000 0.076963 
0.923560 146.000000 0.076440 
0.926178 141.000000 0.073822 
0.919895 153.000000 0.080105 
0.923037 147.000000 0.076963 
0.928796 136.000000 0.071204 
0.920942 151.000000 0.079058 
0.926702 140.000000 0.073298 
0.927225 139.000000 0.072775 
0.926702 140.000000 0.073298 
0.926702 140.000000 0.073298 
0.924607 144.000000 0.075393 
0.921990 149.000000 0.078010 
0.929843 134.000000 0.070157 
0.918848 155.000000 0.081152 
0.927749 138.000000 0.072251 
0.929843 134.000000 0.070157 
0.921990 149.000000 0.078010 
0.926702 140.000000 0.073298 
0.923560 146.000000 0.076440 
0.924607 144.000000 0.075393 
0.924084 145.000000 0.075916 
0.928272 137.000000 0.071728 
0.924084 145.000000 0.075916 
0.927225 139.000000 0.072775 
0.925654 142.000000 0.074346 
0.922513 148.000000 0.077487 
0.918848 155.000000 0.081152 
0.924607 144.000000 0.075393 
0.928272 137.000000 0.071728 
0.924084 145.000000 0.075916 
0.930366 133.000000 0.069634 
0.929319 135.000000 0.070681 
0.928272 137.000000 0.071728 
0.926702 140.000000 0.073298 
0.921990 149.000000 0.078010 
0.930890 132.000000 0.069110 
0.924607 144.000000 0.075393 
0.921990 149.000000 0.078010 
0.923560 146.000000 0.076440 
0.919895 153.000000 0.080105 
0.925654 142.000000 0.074346 
0.918848 155.000000 0.081152 
0.931937 130.000000 0.068063 
0.923560 146.000000 0.076440 
0.923037 147.000000 0.076963 
0.927749 138.000000 0.072251 
0.921466 150.000000 0.078534 
0.920942 151.000000 0.079058 
0.927225 139.000000 0.072775 
0.923037 147.000000 0.076963 
0.922513 148.000000 0.077487 
0.926178 141.000000 0.073822 
0.921990 149.000000 0.078010 
0.927749 138.000000 0.072251 
0.924084 145.000000 0.075916 
0.927225 139.000000 0.072775 
0.927749 138.000000 0.072251 
0.921990 149.000000 0.078010 
0.924607 144.000000 0.075393 
0.931414 131.000000 0.068586 
0.926178 141.000000 0.073822 
0.934031 126.000000 0.065969 
0.923037 147.000000 0.076963 
0.927749 138.000000 0.072251 
0.926702 140.000000 0.073298 
0.925131 143.000000 0.074869 
0.923560 146.000000 0.076440 
0.925131 143.000000 0.074869 
0.924084 145.000000 0.075916 
0.918848 155.000000 0.081152 
0.928796 136.000000 0.071204 
0.927225 139.000000 0.072775 
0.931937 130.000000 0.068063 
0.925654 142.000000 0.074346 
0.924084 145.000000 0.075916 
0.927749 138.000000 0.072251 
0.926702 140.000000 0.073298 
0.925131 143.000000 0.074869 
0.927749 138.000000 0.072251 
0.927225 139.000000 0.072775 
0.927749 138.000000 0.072251 
0.927749 138.000000 0.072251 
0.924084 145.000000 0.075916 
0.925654 142.000000 0.074346 
0.927749 138.000000 0.072251 
0.926178 141.000000 0.073822 
0.923037 147.000000 0.076963 
0.926178 141.000000 0.073822 
0.928272 137.000000 0.071728 
0.925654 142.000000 0.074346 
0.930366 133.000000 0.069634 
0.927749 138.000000 0.072251 
0.923037 147.000000 0.076963 
0.919895 153.000000 0.080105 
0.924084 145.000000 0.075916 
0.921990 149.000000 0.078010 
0.923037 147.000000 0.076963 
0.921466 150.000000 0.078534 
0.932461 129.000000 0.067539 
0.927225 139.000000 0.072775 
0.923560 146.000000 0.076440 
0.929319 135.000000 0.070681 
0.923037 147.000000 0.076963 
0.925654 142.000000 0.074346 
0.925654 142.000000 0.074346 
0.926178 141.000000 0.073822 
0.918848 155.000000 0.081152 
0.923560 146.000000 0.076440 
0.921990 149.000000 0.078010 
0.926178 141.000000 0.073822 
0.923560 146.000000 0.076440 
0.924084 145.000000 0.075916 
0.927225 139.000000 0.072775 
0.928272 137.000000 0.071728 
0.925654 142.000000 0.074346 
0.926178 141.000000 0.073822 
0.928272 137.000000 0.071728 
0.923037 147.000000 0.076963 
0.932984 128.000000 0.067016 
0.925654 142.000000 0.074346 
0.927225 139.000000 0.072775 
0.919895 153.000000 0.080105 
0.921466 150.000000 0.078534 
0.923037 147.000000 0.076963 
0.924084 145.000000 0.075916 
0.919895 153.000000 0.080105 
0.924607 144.000000 0.075393 
0.921990 149.000000 0.078010 
0.921466 150.000000 0.078534 
0.921466 150.000000 0.078534 
0.924607 144.000000 0.075393 
0.924084 145.000000 0.075916 
0.923560 146.000000 0.076440 
0.924607 144.000000 0.075393 
0.923037 147.000000 0.076963 
0.922513 148.000000 0.077487 
0.928796 136.000000 0.071204 
0.920419 152.000000 0.079581 
0.923037 147.000000 0.076963 
0.922513 148.000000 0.077487 
0.928796 136.000000 0.071204 
0.925131 143.000000 0.074869 
0.923037 147.000000 0.076963 
0.925131 143.000000 0.074869 
0.931937 130.000000 0.068063 
0.930366 133.000000 0.069634 
0.929319 135.000000 0.070681 
0.923560 146.000000 0.076440 
0.929843 134.000000 0.070157 
0.923560 146.000000 0.076440 
0.932461 129.000000 0.067539 
0.925131 143.000000 0.074869 
0.920942 151.000000 0.079058 
0.924084 145.000000 0.075916 
0.927225 139.000000 0.072775 
0.924084 145.000000 0.075916 
0.924607 144.000000 0.075393 
0.920419 152.000000 0.079581 
0.926702 140.000000 0.073298 
0.927749 138.000000 0.072251 
0.927225 139.000000 0.072775 
0.924607 144.000000 0.075393 
0.921466 150.000000 0.078534 
0.923037 147.000000 0.076963 
0.925131 143.000000 0.074869 
0.920942 151.000000 0.079058 
0.925131 143.000000 0.074869 
0.922513 148.000000 0.077487 
0.926178 141.000000 0.073822 
0.928272 137.000000 0.071728 
0.922513 148.000000 0.077487 
0.922513 148.000000 0.077487 
0.927749 138.000000 0.072251 
0.925654 142.000000 0.074346 
0.925654 142.000000 0.074346 
0.928272 137.000000 0.071728 
0.923560 146.000000 0.076440 
0.925131 143.000000 0.074869 
0.923560 146.000000 0.076440 
0.927749 138.000000 0.072251 
0.930366 133.000000 0.069634 
0.923560 146.000000 0.076440 
0.925131 143.000000 0.074869 
0.923560 146.000000 0.076440 
0.924607 144.000000 0.075393 
0.924607 144.000000 0.075393 
0.924084 145.000000 0.075916 
0.918325 156.000000 0.081675 
0.924084 145.000000 0.075916 
0.918848 155.000000 0.081152 
0.929843 134.000000 0.070157 
0.921990 149.000000 0.078010 
0.925654 142.000000 0.074346 
0.926702 140.000000 0.073298 
0.925131 143.000000 0.074869 
0.923560 146.000000 0.076440 
0.925654 142.000000 0.074346 
0.924084 145.000000 0.075916 
0.917801 157.000000 0.082199 
0.925654 142.000000 0.074346 
0.932461 129.000000 0.067539 
0.922513 148.000000 0.077487 
0.922513 148.000000 0.077487 
0.924607 144.000000 0.075393 
0.922513 148.000000 0.077487 
0.921466 150.000000 0.078534 
0.924607 144.000000 0.075393 
0.923037 147.000000 0.076963 
0.921990 149.000000 0.078010 
0.923037 147.000000 0.076963 
0.926702 140.000000 0.073298 
0.922513 148.000000 0.077487 
0.924607 144.000000 0.075393 
0.921990 149.000000 0.078010 
0.927749 138.000000 0.072251 
0.925654 142.000000 0.074346 
0.922513 148.000000 0.077487 
0.920419 152.000000 0.079581 
0.930890 132.000000 0.069110 
0.922513 148.000000 0.077487 
0.927749 138.000000 0.072251 
0.924607 144.000000 0.075393 
0.927749 138.000000 0.072251 
0.926178 141.000000 0.073822 
0.924084 145.000000 0.075916 
0.923037 147.000000 0.076963 
0.924084 145.000000 0.075916 
0.921990 149.000000 0.078010 
0.929319 135.000000 0.070681 
0.923037 147.000000 0.076963 
0.926178 141.000000 0.073822 
0.926702 140.000000 0.073298 
0.919895 153.000000 0.080105 
0.927225 139.000000 0.072775 
0.925654 142.000000 0.074346 
0.922513 148.000000 0.077487 
0.927225 139.000000 0.072775 
0.924607 144.000000 0.075393 
0.929319 135.000000 0.070681 
0.928796 136.000000 0.071204 
0.926702 140.000000 0.073298 
0.934555 125.000000 0.065445 
0.925654 142.000000 0.074346 
0.925131 143.000000 0.074869 
0.919372 154.000000 0.080628 
0.920942 151.000000 0.079058 
0.920419 152.000000 0.079581 
0.925131 143.000000 0.074869 
0.925654 142.000000 0.074346 
0.923037 147.000000 0.076963 
0.925654 142.000000 0.074346 
0.923560 146.000000 0.076440 
0.926702 140.000000 0.073298 
0.922513 148.000000 0.077487 
0.927749 138.000000 0.072251 
0.929319 135.000000 0.070681 
0.927749 138.000000 0.072251 
0.923037 147.000000 0.076963 
0.923037 147.000000 0.076963 
0.924607 144.000000 0.075393 
0.926702 140.000000 0.073298 
0.918848 155.000000 0.081152 
0.925131 143.000000 0.074869 
0.929319 135.000000 0.070681 
0.928796 136.000000 0.071204 
0.930890 132.000000 0.069110 
0.920419 152.000000 0.079581 
0.926178 141.000000 0.073822 
0.924607 144.000000 0.075393 
0.928272 137.000000 0.071728 
0.928272 137.000000 0.071728 
0.925131 143.000000 0.074869 
0.928796 136.000000 0.071204 
0.931937 130.000000 0.068063 
0.918848 155.000000 0.081152 
0.924607 144.000000 0.075393 
0.925131 143.000000 0.074869 
0.928796 136.000000 0.071204 
0.929843 134.000000 0.070157 
0.923560 146.000000 0.076440 
0.927749 138.000000 0.072251 
0.923560 146.000000 0.076440 
0.922513 148.000000 0.077487 
0.923037 147.000000 0.076963 
0.925654 142.000000 0.074346 
0.926178 141.000000 0.073822 
0.925654 142.000000 0.074346 
0.918325 156.000000 0.081675 
0.924084 145.000000 0.075916 
0.927225 139.000000 0.072775 
0.927225 139.000000 0.072775 
0.926702 140.000000 0.073298 
0.923560 146.000000 0.076440 
0.930890 132.000000 0.069110 
0.924607 144.000000 0.075393 
0.930890 132.000000 0.069110 
0.923037 147.000000 0.076963 
0.925131 143.000000 0.074869 
0.924084 145.000000 0.075916 
0.924607 144.000000 0.075393 
0.921466 150.000000 0.078534 
0.921990 149.000000 0.078010 
0.924607 144.000000 0.075393 
0.924607 144.000000 0.075393 
0.925131 143.000000 0.074869 
0.926702 140.000000 0.073298 
0.926702 140.000000 0.073298 
0.924084 145.000000 0.075916 
0.927749 138.000000 0.072251 
0.923560 146.000000 0.076440 
0.925654 142.000000 0.074346 
0.925131 143.000000 0.074869 
0.921990 149.000000 0.078010 
0.919895 153.000000 0.080105 
0.928272 137.000000 0.071728 
0.921466 150.000000 0.078534 
0.927225 139.000000 0.072775 
0.928796 136.000000 0.071204 
0.926702 140.000000 0.073298 
0.926178 141.000000 0.073822 
0.928272 137.000000 0.071728 
0.924607 144.000000 0.075393 
0.921990 149.000000 0.078010 
0.923560 146.000000 0.076440 
0.926178 141.000000 0.073822 
0.922513 148.000000 0.077487 
0.920419 152.000000 0.079581 
0.922513 148.000000 0.077487 
0.921990 149.000000 0.078010 
0.920942 151.000000 0.079058 
0.930366 133.000000 0.069634 
0.927225 139.000000 0.072775 
0.924607 144.000000 0.075393 
0.920942 151.000000 0.079058 
0.922513 148.000000 0.077487 
0.923037 147.000000 0.076963 
0.918848 155.000000 0.081152 
0.926178 141.000000 0.073822 
0.921990 149.000000 0.078010 
0.927749 138.000000 0.072251 
0.926702 140.000000 0.073298 
0.925654 142.000000 0.074346 
0.925131 143.000000 0.074869 
