0.853927 279.000000 0.146073 
0.851309 284.000000 0.148691 
0.855497 276.000000 0.144503 
0.843979 298.000000 0.156021 
0.849738 287.000000 0.150262 
0.849738 287.000000 0.150262 
0.848691 289.000000 0.151309 
0.851309 284.000000 0.148691 
0.851832 283.000000 0.148168 
0.848691 289.000000 0.151309 
0.855497 276.000000 0.144503 
0.853927 279.000000 0.146073 
0.848691 289.000000 0.151309 
0.848168 290.000000 0.151832 
0.850785 285.000000 0.149215 
0.854974 277.000000 0.145026 
0.849738 287.000000 0.150262 
0.851832 283.000000 0.148168 
0.851309 284.000000 0.148691 
0.851309 284.000000 0.148691 
0.854450 278.000000 0.145550 
0.847644 291.000000 0.152356 
0.848168 290.000000 0.151832 
0.853927 279.000000 0.146073 
0.853403 280.000000 0.146597 
0.851832 283.000000 0.148168 
0.848168 290.000000 0.151832 
0.844503 297.000000 0.155497 
0.849738 287.000000 0.150262 
0.850262 286.000000 0.149738 
0.846073 294.000000 0.153927 
0.857592 272.000000 0.142408 
0.848691 289.000000 0.151309 
0.852356 282.000000 0.147644 
0.854450 278.000000 0.145550 
0.850785 285.000000 0.149215 
0.847120 292.000000 0.152880 
0.847644 291.000000 0.152356 
0.847120 292.000000 0.152880 
0.847120 292.000000 0.152880 
0.850262 286.000000 0.149738 
0.843979 298.000000 0.156021 
0.846597 293.000000 0.153403 
0.849215 288.000000 0.150785 
0.851832 283.000000 0.148168 
0.845550 295.000000 0.154450 
0.854974 277.000000 0.145026 
0.850785 285.000000 0.149215 
0.849215 288.000000 0.150785 
0.839791 306.000000 0.160209 
0.847644 291.000000 0.152356 
0.845550 295.000000 0.154450 
0.851309 284.000000 0.148691 
0.845026 296.000000 0.154974 
0.849215 288.000000 0.150785 
0.854450 278.000000 0.145550 
0.844503 297.000000 0.155497 
0.856545 274.000000 0.143455 
0.851832 283.000000 0.148168 
0.852880 281.000000 0.147120 
0.844503 297.000000 0.155497 
0.856545 274.000000 0.143455 
0.856021 275.000000 0.143979 
0.849215 288.000000 0.150785 
0.849215 288.000000 0.150785 
0.854450 278.000000 0.145550 
0.849215 288.000000 0.150785 
0.852356 282.000000 0.147644 
0.849215 288.000000 0.150785 
0.849738 287.000000 0.150262 
0.859162 269.000000 0.140838 
0.854974 277.000000 0.145026 
0.854450 278.000000 0.145550 
0.854450 278.000000 0.145550 
0.844503 297.000000 0.155497 
0.851832 283.000000 0.148168 
0.854974 277.000000 0.145026 
0.857068 273.000000 0.142932 
0.845550 295.000000 0.154450 
0.852356 282.000000 0.147644 
0.850262 286.000000 0.149738 
0.852880 281.000000 0.147120 
0.848168 290.000000 0.151832 
0.847644 291.000000 0.152356 
0.845026 296.000000 0.154974 
0.849215 288.000000 0.150785 
0.857592 272.000000 0.142408 
0.845550 295.000000 0.154450 
0.848691 289.000000 0.151309 
0.852880 281.000000 0.147120 
0.846597 293.000000 0.153403 
0.855497 276.000000 0.144503 
0.861780 264.000000 0.138220 
0.853403 280.000000 0.146597 
0.845026 296.000000 0.154974 
0.852356 282.000000 0.147644 
0.852880 281.000000 0.147120 
0.842932 300.000000 0.157068 
0.855497 276.000000 0.144503 
0.853927 279.000000 0.146073 
0.853927 279.000000 0.146073 
0.855497 276.000000 0.144503 
0.844503 297.000000 0.155497 
0.851832 283.000000 0.148168 
0.847120 292.000000 0.152880 
0.850262 286.000000 0.149738 
0.849738 287.000000 0.150262 
0.852356 282.000000 0.147644 
0.847120 292.000000 0.152880 
0.846597 293.000000 0.153403 
0.849738 287.000000 0.150262 
0.852880 281.000000 0.147120 
0.843979 298.000000 0.156021 
0.847644 291.000000 0.152356 
0.850785 285.000000 0.149215 
0.851832 283.000000 0.148168 
0.850262 286.000000 0.149738 
0.849738 287.000000 0.150262 
0.848691 289.000000 0.151309 
0.851309 284.000000 0.148691 
0.849738 287.000000 0.150262 
0.853403 280.000000 0.146597 
0.847120 292.000000 0.152880 
0.849738 287.000000 0.150262 
0.852356 282.000000 0.147644 
0.848168 290.000000 0.151832 
0.849215 288.000000 0.150785 
0.846073 294.000000 0.153927 
0.848168 290.000000 0.151832 
0.847644 291.000000 0.152356 
0.855497 276.000000 0.144503 
0.854974 277.000000 0.145026 
0.853927 279.000000 0.146073 
0.849738 287.000000 0.150262 
0.854450 278.000000 0.145550 
0.848168 290.000000 0.151832 
0.859162 269.000000 0.140838 
0.845026 296.000000 0.154974 
0.852880 281.000000 0.147120 
0.849215 288.000000 0.150785 
0.850785 285.000000 0.149215 
0.843979 298.000000 0.156021 
0.848691 289.000000 0.151309 
0.853403 280.000000 0.146597 
0.846597 293.000000 0.153403 
0.846597 293.000000 0.153403 
0.846597 293.000000 0.153403 
0.846073 294.000000 0.153927 
0.850785 285.000000 0.149215 
0.861780 264.000000 0.138220 
0.847644 291.000000 0.152356 
0.846597 293.000000 0.153403 
0.846073 294.000000 0.153927 
0.854974 277.000000 0.145026 
0.847644 291.000000 0.152356 
0.849215 288.000000 0.150785 
0.850262 286.000000 0.149738 
0.848168 290.000000 0.151832 
0.847120 292.000000 0.152880 
0.848168 290.000000 0.151832 
0.848168 290.000000 0.151832 
0.856545 274.000000 0.143455 
0.861257 265.000000 0.138743 
0.852356 282.000000 0.147644 
0.853403 280.000000 0.146597 
0.857068 273.000000 0.142932 
0.848691 289.000000 0.151309 
0.848691 289.000000 0.151309 
0.846073 294.000000 0.153927 
0.847644 291.000000 0.152356 
0.852880 281.000000 0.147120 
0.843979 298.000000 0.156021 
0.840838 304.000000 0.159162 
0.851309 284.000000 0.148691 
0.847120 292.000000 0.152880 
0.846597 293.000000 0.153403 
0.852880 281.000000 0.147120 
0.846597 293.000000 0.153403 
0.843455 299.000000 0.156545 
0.849738 287.000000 0.150262 
0.846073 294.000000 0.153927 
0.850785 285.000000 0.149215 
0.844503 297.000000 0.155497 
0.852880 281.000000 0.147120 
0.850785 285.000000 0.149215 
0.847120 292.000000 0.152880 
0.845550 295.000000 0.154450 
0.853927 279.000000 0.146073 
0.851309 284.000000 0.148691 
0.851832 283.000000 0.148168 
0.849215 288.000000 0.150785 
0.852880 281.000000 0.147120 
0.853927 279.000000 0.146073 
0.848691 289.000000 0.151309 
0.847644 291.000000 0.152356 
0.859162 269.000000 0.140838 
0.853403 280.000000 0.146597 
0.849738 287.000000 0.150262 
0.845550 295.000000 0.154450 
0.856021 275.000000 0.143979 
0.857068 273.000000 0.142932 
0.856021 275.000000 0.143979 
0.854450 278.000000 0.145550 
0.852356 282.000000 0.147644 
0.862304 263.000000 0.137696 
0.849738 287.000000 0.150262 
0.851832 283.000000 0.148168 
0.845550 295.000000 0.154450 
0.852356 282.000000 0.147644 
0.854450 278.000000 0.145550 
0.855497 276.000000 0.144503 
0.840314 305.000000 0.159686 
0.848691 289.000000 0.151309 
0.838743 308.000000 0.161257 
0.845026 296.000000 0.154974 
0.850262 286.000000 0.149738 
0.853403 280.000000 0.146597 
0.856021 275.000000 0.143979 
0.850785 285.000000 0.149215 
0.858115 271.000000 0.141885 
0.854450 278.000000 0.145550 
0.853927 279.000000 0.146073 
0.848168 290.000000 0.151832 
0.849738 287.000000 0.150262 
0.856021 275.000000 0.143979 
0.848168 290.000000 0.151832 
0.840838 304.000000 0.159162 
0.856021 275.000000 0.143979 
0.853927 279.000000 0.146073 
0.853927 279.000000 0.146073 
0.857592 272.000000 0.142408 
0.847644 291.000000 0.152356 
0.851832 283.000000 0.148168 
0.845550 295.000000 0.154450 
0.847120 292.000000 0.152880 
0.852880 281.000000 0.147120 
0.850785 285.000000 0.149215 
0.848168 290.000000 0.151832 
0.854450 278.000000 0.145550 
0.845026 296.000000 0.154974 
0.853403 280.000000 0.146597 
0.849215 288.000000 0.150785 
0.851832 283.000000 0.148168 
0.854450 278.000000 0.145550 
0.848168 290.000000 0.151832 
0.847644 291.000000 0.152356 
0.845550 295.000000 0.154450 
0.854974 277.000000 0.145026 
0.849215 288.000000 0.150785 
0.847644 291.000000 0.152356 
0.855497 276.000000 0.144503 
0.851309 284.000000 0.148691 
0.848168 290.000000 0.151832 
0.854450 278.000000 0.145550 
0.851309 284.000000 0.148691 
0.838743 308.000000 0.161257 
0.847120 292.000000 0.152880 
0.857592 272.000000 0.142408 
0.852356 282.000000 0.147644 
0.850785 285.000000 0.149215 
0.845550 295.000000 0.154450 
0.858639 270.000000 0.141361 
0.857068 273.000000 0.142932 
0.849738 287.000000 0.150262 
0.849215 288.000000 0.150785 
0.843979 298.000000 0.156021 
0.856545 274.000000 0.143455 
0.848168 290.000000 0.151832 
0.852356 282.000000 0.147644 
0.850785 285.000000 0.149215 
0.849738 287.000000 0.150262 
0.853927 279.000000 0.146073 
0.849215 288.000000 0.150785 
0.850785 285.000000 0.149215 
0.846597 293.000000 0.153403 
0.851832 283.000000 0.148168 
0.846597 293.000000 0.153403 
0.857068 273.000000 0.142932 
0.853927 279.000000 0.146073 
0.850262 286.000000 0.149738 
0.852880 281.000000 0.147120 
0.844503 297.000000 0.155497 
0.849215 288.000000 0.150785 
0.847644 291.000000 0.152356 
0.849215 288.000000 0.150785 
0.851309 284.000000 0.148691 
0.845550 295.000000 0.154450 
0.847644 291.000000 0.152356 
0.855497 276.000000 0.144503 
0.852356 282.000000 0.147644 
0.849215 288.000000 0.150785 
0.846597 293.000000 0.153403 
0.850262 286.000000 0.149738 
0.849215 288.000000 0.150785 
0.850262 286.000000 0.149738 
0.857068 273.000000 0.142932 
0.853403 280.000000 0.146597 
0.850262 286.000000 0.149738 
0.849738 287.000000 0.150262 
0.850262 286.000000 0.149738 
0.858639 270.000000 0.141361 
0.850262 286.000000 0.149738 
0.849738 287.000000 0.150262 
0.853927 279.000000 0.146073 
0.849215 288.000000 0.150785 
0.852356 282.000000 0.147644 
0.847120 292.000000 0.152880 
0.852356 282.000000 0.147644 
0.848168 290.000000 0.151832 
0.850785 285.000000 0.149215 
0.860733 266.000000 0.139267 
0.846073 294.000000 0.153927 
0.846073 294.000000 0.153927 
0.850785 285.000000 0.149215 
0.851832 283.000000 0.148168 
0.853927 279.000000 0.146073 
0.851309 284.000000 0.148691 
0.857068 273.000000 0.142932 
0.847120 292.000000 0.152880 
0.854974 277.000000 0.145026 
0.853927 279.000000 0.146073 
0.850785 285.000000 0.149215 
0.850785 285.000000 0.149215 
0.854450 278.000000 0.145550 
0.847644 291.000000 0.152356 
0.843979 298.000000 0.156021 
0.854450 278.000000 0.145550 
0.852880 281.000000 0.147120 
0.842408 301.000000 0.157592 
0.849738 287.000000 0.150262 
0.841885 302.000000 0.158115 
0.852356 282.000000 0.147644 
0.851309 284.000000 0.148691 
0.846597 293.000000 0.153403 
0.848168 290.000000 0.151832 
0.845026 296.000000 0.154974 
0.847644 291.000000 0.152356 
0.851832 283.000000 0.148168 
0.853403 280.000000 0.146597 
0.841361 303.000000 0.158639 
0.848168 290.000000 0.151832 
0.847644 291.000000 0.152356 
0.851309 284.000000 0.148691 
0.851309 284.000000 0.148691 
0.845550 295.000000 0.154450 
0.851309 284.000000 0.148691 
0.850262 286.000000 0.149738 
0.844503 297.000000 0.155497 
0.845550 295.000000 0.154450 
0.845026 296.000000 0.154974 
0.847120 292.000000 0.152880 
0.843979 298.000000 0.156021 
0.847644 291.000000 0.152356 
0.851832 283.000000 0.148168 
0.848691 289.000000 0.151309 
0.854974 277.000000 0.145026 
0.846597 293.000000 0.153403 
0.854450 278.000000 0.145550 
0.851309 284.000000 0.148691 
0.844503 297.000000 0.155497 
0.854450 278.000000 0.145550 
0.846073 294.000000 0.153927 
0.857068 273.000000 0.142932 
0.856545 274.000000 0.143455 
0.851832 283.000000 0.148168 
0.854974 277.000000 0.145026 
0.848691 289.000000 0.151309 
0.843979 298.000000 0.156021 
0.852880 281.000000 0.147120 
0.845550 295.000000 0.154450 
0.851309 284.000000 0.148691 
0.847120 292.000000 0.152880 
0.839791 306.000000 0.160209 
0.847120 292.000000 0.152880 
0.857592 272.000000 0.142408 
0.849215 288.000000 0.150785 
0.850262 286.000000 0.149738 
0.853927 279.000000 0.146073 
0.852356 282.000000 0.147644 
0.854450 278.000000 0.145550 
0.845550 295.000000 0.154450 
0.853927 279.000000 0.146073 
0.850262 286.000000 0.149738 
0.846597 293.000000 0.153403 
0.851832 283.000000 0.148168 
0.848691 289.000000 0.151309 
0.843455 299.000000 0.156545 
0.849215 288.000000 0.150785 
0.848691 289.000000 0.151309 
0.859162 269.000000 0.140838 
0.849215 288.000000 0.150785 
0.854974 277.000000 0.145026 
0.842932 300.000000 0.157068 
0.850262 286.000000 0.149738 
0.854974 277.000000 0.145026 
0.854974 277.000000 0.145026 
0.854974 277.000000 0.145026 
0.852880 281.000000 0.147120 
0.849738 287.000000 0.150262 
0.850785 285.000000 0.149215 
0.845550 295.000000 0.154450 
0.850785 285.000000 0.149215 
0.853927 279.000000 0.146073 
0.849215 288.000000 0.150785 
0.853927 279.000000 0.146073 
0.849215 288.000000 0.150785 
0.847644 291.000000 0.152356 
0.844503 297.000000 0.155497 
0.847644 291.000000 0.152356 
0.845026 296.000000 0.154974 
0.849215 288.000000 0.150785 
0.853927 279.000000 0.146073 
0.852880 281.000000 0.147120 
0.848691 289.000000 0.151309 
0.851832 283.000000 0.148168 
0.855497 276.000000 0.144503 
0.847120 292.000000 0.152880 
0.858115 271.000000 0.141885 
0.847644 291.000000 0.152356 
0.849738 287.000000 0.150262 
0.854450 278.000000 0.145550 
0.850785 285.000000 0.149215 
0.850262 286.000000 0.149738 
0.848691 289.000000 0.151309 
0.852880 281.000000 0.147120 
0.853403 280.000000 0.146597 
0.852356 282.000000 0.147644 
0.845550 295.000000 0.154450 
0.854974 277.000000 0.145026 
0.847644 291.000000 0.152356 
0.848691 289.000000 0.151309 
0.849738 287.000000 0.150262 
0.842932 300.000000 0.157068 
0.852880 281.000000 0.147120 
0.846597 293.000000 0.153403 
0.845026 296.000000 0.154974 
0.843979 298.000000 0.156021 
0.847644 291.000000 0.152356 
0.842408 301.000000 0.157592 
0.850785 285.000000 0.149215 
0.851309 284.000000 0.148691 
0.849215 288.000000 0.150785 
0.851309 284.000000 0.148691 
0.843979 298.000000 0.156021 
0.848691 289.000000 0.151309 
0.849215 288.000000 0.150785 
0.849215 288.000000 0.150785 
0.849215 288.000000 0.150785 
0.848168 290.000000 0.151832 
0.853927 279.000000 0.146073 
0.845026 296.000000 0.154974 
0.847644 291.000000 0.152356 
0.849738 287.000000 0.150262 
0.849738 287.000000 0.150262 
0.845550 295.000000 0.154450 
0.848168 290.000000 0.151832 
0.850262 286.000000 0.149738 
0.845550 295.000000 0.154450 
0.847644 291.000000 0.152356 
0.852356 282.000000 0.147644 
0.851309 284.000000 0.148691 
0.849738 287.000000 0.150262 
0.843979 298.000000 0.156021 
0.849738 287.000000 0.150262 
0.846073 294.000000 0.153927 
0.856021 275.000000 0.143979 
0.849215 288.000000 0.150785 
0.848691 289.000000 0.151309 
0.854974 277.000000 0.145026 
0.847644 291.000000 0.152356 
0.855497 276.000000 0.144503 
0.853403 280.000000 0.146597 
0.847120 292.000000 0.152880 
0.848691 289.000000 0.151309 
0.845550 295.000000 0.154450 
0.845550 295.000000 0.154450 
0.845550 295.000000 0.154450 
0.844503 297.000000 0.155497 
0.849215 288.000000 0.150785 
0.847644 291.000000 0.152356 
0.847120 292.000000 0.152880 
0.852356 282.000000 0.147644 
0.850262 286.000000 0.149738 
0.852356 282.000000 0.147644 
0.849215 288.000000 0.150785 
0.849738 287.000000 0.150262 
0.855497 276.000000 0.144503 
0.856545 274.000000 0.143455 
0.852356 282.000000 0.147644 
0.854450 278.000000 0.145550 
0.853403 280.000000 0.146597 
0.845550 295.000000 0.154450 
0.849215 288.000000 0.150785 
0.844503 297.000000 0.155497 
0.853403 280.000000 0.146597 
0.856021 275.000000 0.143979 
0.847644 291.000000 0.152356 
0.844503 297.000000 0.155497 
0.843455 299.000000 0.156545 
0.852356 282.000000 0.147644 
0.840314 305.000000 0.159686 
0.847644 291.000000 0.152356 
0.847644 291.000000 0.152356 
0.841885 302.000000 0.158115 
0.853403 280.000000 0.146597 
0.842932 300.000000 0.157068 
0.851309 284.000000 0.148691 
0.843979 298.000000 0.156021 
0.853927 279.000000 0.146073 
0.856545 274.000000 0.143455 
0.854974 277.000000 0.145026 
0.848691 289.000000 0.151309 
0.850262 286.000000 0.149738 
0.845550 295.000000 0.154450 
0.843979 298.000000 0.156021 
0.845026 296.000000 0.154974 
0.858115 271.000000 0.141885 
0.843979 298.000000 0.156021 
0.851832 283.000000 0.148168 
0.848168 290.000000 0.151832 
0.850262 286.000000 0.149738 
0.851309 284.000000 0.148691 
0.848691 289.000000 0.151309 
0.852880 281.000000 0.147120 
0.856545 274.000000 0.143455 
0.851309 284.000000 0.148691 
0.849215 288.000000 0.150785 
0.857592 272.000000 0.142408 
0.842932 300.000000 0.157068 
0.857068 273.000000 0.142932 
0.851309 284.000000 0.148691 
0.849215 288.000000 0.150785 
0.851832 283.000000 0.148168 
0.850262 286.000000 0.149738 
0.849215 288.000000 0.150785 
0.843455 299.000000 0.156545 
0.848691 289.000000 0.151309 
0.851832 283.000000 0.148168 
0.844503 297.000000 0.155497 
0.851309 284.000000 0.148691 
0.844503 297.000000 0.155497 
0.847644 291.000000 0.152356 
0.845550 295.000000 0.154450 
0.851309 284.000000 0.148691 
0.850262 286.000000 0.149738 
0.859686 268.000000 0.140314 
0.847644 291.000000 0.152356 
0.847644 291.000000 0.152356 
0.851309 284.000000 0.148691 
0.852356 282.000000 0.147644 
0.854974 277.000000 0.145026 
0.849738 287.000000 0.150262 
0.848168 290.000000 0.151832 
0.841885 302.000000 0.158115 
0.853927 279.000000 0.146073 
0.848168 290.000000 0.151832 
0.848691 289.000000 0.151309 
0.848168 290.000000 0.151832 
0.849215 288.000000 0.150785 
0.852880 281.000000 0.147120 
0.845026 296.000000 0.154974 
0.855497 276.000000 0.144503 
0.857068 273.000000 0.142932 
0.849215 288.000000 0.150785 
0.848168 290.000000 0.151832 
0.850785 285.000000 0.149215 
0.857068 273.000000 0.142932 
0.849738 287.000000 0.150262 
0.848168 290.000000 0.151832 
0.848691 289.000000 0.151309 
0.850262 286.000000 0.149738 
0.851832 283.000000 0.148168 
0.852356 282.000000 0.147644 
0.850785 285.000000 0.149215 
0.848168 290.000000 0.151832 
0.846597 293.000000 0.153403 
0.851309 284.000000 0.148691 
0.845550 295.000000 0.154450 
0.844503 297.000000 0.155497 
0.852356 282.000000 0.147644 
0.847120 292.000000 0.152880 
0.853927 279.000000 0.146073 
0.850262 286.000000 0.149738 
0.853403 280.000000 0.146597 
0.856021 275.000000 0.143979 
0.858639 270.000000 0.141361 
0.846073 294.000000 0.153927 
0.845026 296.000000 0.154974 
0.851309 284.000000 0.148691 
0.852880 281.000000 0.147120 
0.851832 283.000000 0.148168 
0.854974 277.000000 0.145026 
0.846597 293.000000 0.153403 
0.848168 290.000000 0.151832 
0.849738 287.000000 0.150262 
0.856545 274.000000 0.143455 
0.856021 275.000000 0.143979 
0.847644 291.000000 0.152356 
0.845026 296.000000 0.154974 
0.853403 280.000000 0.146597 
0.845026 296.000000 0.154974 
0.844503 297.000000 0.155497 
0.850785 285.000000 0.149215 
0.847644 291.000000 0.152356 
0.846073 294.000000 0.153927 
0.847644 291.000000 0.152356 
0.850785 285.000000 0.149215 
0.851309 284.000000 0.148691 
0.854974 277.000000 0.145026 
0.852880 281.000000 0.147120 
0.853403 280.000000 0.146597 
0.855497 276.000000 0.144503 
0.848168 290.000000 0.151832 
0.852356 282.000000 0.147644 
0.848168 290.000000 0.151832 
0.845026 296.000000 0.154974 
0.856545 274.000000 0.143455 
0.846073 294.000000 0.153927 
0.845550 295.000000 0.154450 
0.853927 279.000000 0.146073 
0.847644 291.000000 0.152356 
0.851309 284.000000 0.148691 
0.850262 286.000000 0.149738 
0.854974 277.000000 0.145026 
0.853927 279.000000 0.146073 
0.851832 283.000000 0.148168 
0.847120 292.000000 0.152880 
0.846597 293.000000 0.153403 
0.850785 285.000000 0.149215 
0.839791 306.000000 0.160209 
0.849738 287.000000 0.150262 
0.848691 289.000000 0.151309 
0.851309 284.000000 0.148691 
0.849215 288.000000 0.150785 
0.849738 287.000000 0.150262 
0.850262 286.000000 0.149738 
0.848691 289.000000 0.151309 
0.856021 275.000000 0.143979 
0.847644 291.000000 0.152356 
0.854450 278.000000 0.145550 
0.850262 286.000000 0.149738 
0.857592 272.000000 0.142408 
0.850262 286.000000 0.149738 
0.845550 295.000000 0.154450 
0.853927 279.000000 0.146073 
0.854450 278.000000 0.145550 
0.858115 271.000000 0.141885 
0.845026 296.000000 0.154974 
0.857068 273.000000 0.142932 
0.846073 294.000000 0.153927 
0.850262 286.000000 0.149738 
0.847644 291.000000 0.152356 
0.853927 279.000000 0.146073 
0.851832 283.000000 0.148168 
0.846597 293.000000 0.153403 
0.849738 287.000000 0.150262 
0.853403 280.000000 0.146597 
0.848691 289.000000 0.151309 
0.846597 293.000000 0.153403 
0.848168 290.000000 0.151832 
0.850785 285.000000 0.149215 
0.848168 290.000000 0.151832 
0.846597 293.000000 0.153403 
0.852880 281.000000 0.147120 
0.852356 282.000000 0.147644 
0.852356 282.000000 0.147644 
0.847644 291.000000 0.152356 
0.851832 283.000000 0.148168 
0.852356 282.000000 0.147644 
0.855497 276.000000 0.144503 
0.851832 283.000000 0.148168 
0.851309 284.000000 0.148691 
0.850785 285.000000 0.149215 
0.849738 287.000000 0.150262 
0.853403 280.000000 0.146597 
0.849738 287.000000 0.150262 
0.849738 287.000000 0.150262 
0.853403 280.000000 0.146597 
0.845026 296.000000 0.154974 
0.847120 292.000000 0.152880 
0.852356 282.000000 0.147644 
0.853403 280.000000 0.146597 
0.848168 290.000000 0.151832 
0.846073 294.000000 0.153927 
0.854450 278.000000 0.145550 
0.851309 284.000000 0.148691 
0.844503 297.000000 0.155497 
0.848691 289.000000 0.151309 
0.850785 285.000000 0.149215 
0.847644 291.000000 0.152356 
0.846073 294.000000 0.153927 
0.844503 297.000000 0.155497 
0.849215 288.000000 0.150785 
0.853927 279.000000 0.146073 
0.846073 294.000000 0.153927 
0.853403 280.000000 0.146597 
0.849738 287.000000 0.150262 
0.848691 289.000000 0.151309 
0.847644 291.000000 0.152356 
0.847120 292.000000 0.152880 
0.847644 291.000000 0.152356 
0.849738 287.000000 0.150262 
0.849215 288.000000 0.150785 
0.848168 290.000000 0.151832 
0.850262 286.000000 0.149738 
0.856021 275.000000 0.143979 
0.851832 283.000000 0.148168 
0.845550 295.000000 0.154450 
0.847644 291.000000 0.152356 
0.847120 292.000000 0.152880 
0.844503 297.000000 0.155497 
0.841361 303.000000 0.158639 
0.841885 302.000000 0.158115 
0.851832 283.000000 0.148168 
0.852880 281.000000 0.147120 
0.845026 296.000000 0.154974 
0.846073 294.000000 0.153927 
0.856545 274.000000 0.143455 
0.848168 290.000000 0.151832 
0.851309 284.000000 0.148691 
0.851309 284.000000 0.148691 
0.843979 298.000000 0.156021 
0.857068 273.000000 0.142932 
0.840838 304.000000 0.159162 
0.849215 288.000000 0.150785 
0.847644 291.000000 0.152356 
0.848691 289.000000 0.151309 
0.856021 275.000000 0.143979 
0.842408 301.000000 0.157592 
0.850262 286.000000 0.149738 
0.846073 294.000000 0.153927 
0.844503 297.000000 0.155497 
0.852356 282.000000 0.147644 
0.848691 289.000000 0.151309 
0.854974 277.000000 0.145026 
0.850785 285.000000 0.149215 
0.850785 285.000000 0.149215 
0.842932 300.000000 0.157068 
0.851309 284.000000 0.148691 
0.854450 278.000000 0.145550 
0.855497 276.000000 0.144503 
0.839791 306.000000 0.160209 
0.842408 301.000000 0.157592 
0.846073 294.000000 0.153927 
0.852356 282.000000 0.147644 
0.852356 282.000000 0.147644 
0.842932 300.000000 0.157068 
0.848691 289.000000 0.151309 
0.853927 279.000000 0.146073 
0.845550 295.000000 0.154450 
0.847644 291.000000 0.152356 
0.846073 294.000000 0.153927 
0.851309 284.000000 0.148691 
0.853403 280.000000 0.146597 
0.837173 311.000000 0.162827 
0.856545 274.000000 0.143455 
0.848168 290.000000 0.151832 
0.852880 281.000000 0.147120 
0.849738 287.000000 0.150262 
0.852356 282.000000 0.147644 
0.845550 295.000000 0.154450 
0.849215 288.000000 0.150785 
0.848691 289.000000 0.151309 
0.855497 276.000000 0.144503 
0.843979 298.000000 0.156021 
0.846597 293.000000 0.153403 
0.849215 288.000000 0.150785 
0.855497 276.000000 0.144503 
0.846073 294.000000 0.153927 
0.853927 279.000000 0.146073 
0.846073 294.000000 0.153927 
0.852356 282.000000 0.147644 
0.842408 301.000000 0.157592 
0.848168 290.000000 0.151832 
0.841361 303.000000 0.158639 
0.846073 294.000000 0.153927 
0.847120 292.000000 0.152880 
0.845550 295.000000 0.154450 
0.857068 273.000000 0.142932 
0.851309 284.000000 0.148691 
0.847644 291.000000 0.152356 
0.850262 286.000000 0.149738 
0.851832 283.000000 0.148168 
0.845550 295.000000 0.154450 
0.848168 290.000000 0.151832 
0.848168 290.000000 0.151832 
0.849738 287.000000 0.150262 
0.850785 285.000000 0.149215 
0.851832 283.000000 0.148168 
0.842932 300.000000 0.157068 
0.849738 287.000000 0.150262 
0.854450 278.000000 0.145550 
0.848691 289.000000 0.151309 
0.852356 282.000000 0.147644 
0.846073 294.000000 0.153927 
0.850262 286.000000 0.149738 
0.848691 289.000000 0.151309 
0.848691 289.000000 0.151309 
0.848691 289.000000 0.151309 
0.848691 289.000000 0.151309 
0.853927 279.000000 0.146073 
0.851309 284.000000 0.148691 
0.851309 284.000000 0.148691 
0.851832 283.000000 0.148168 
0.853403 280.000000 0.146597 
0.856021 275.000000 0.143979 
0.855497 276.000000 0.144503 
0.851309 284.000000 0.148691 
0.851832 283.000000 0.148168 
0.850262 286.000000 0.149738 
0.850262 286.000000 0.149738 
0.850785 285.000000 0.149215 
0.841361 303.000000 0.158639 
0.852880 281.000000 0.147120 
0.850785 285.000000 0.149215 
0.851309 284.000000 0.148691 
0.849738 287.000000 0.150262 
0.853927 279.000000 0.146073 
0.850785 285.000000 0.149215 
0.843979 298.000000 0.156021 
0.843979 298.000000 0.156021 
0.848168 290.000000 0.151832 
0.849738 287.000000 0.150262 
0.856545 274.000000 0.143455 
0.857592 272.000000 0.142408 
0.843455 299.000000 0.156545 
0.847644 291.000000 0.152356 
0.850262 286.000000 0.149738 
0.843979 298.000000 0.156021 
0.851309 284.000000 0.148691 
0.853927 279.000000 0.146073 
0.848168 290.000000 0.151832 
0.856021 275.000000 0.143979 
0.854450 278.000000 0.145550 
0.855497 276.000000 0.144503 
0.850262 286.000000 0.149738 
0.853403 280.000000 0.146597 
0.854450 278.000000 0.145550 
0.848168 290.000000 0.151832 
0.848168 290.000000 0.151832 
0.849738 287.000000 0.150262 
0.845550 295.000000 0.154450 
0.859686 268.000000 0.140314 
0.850785 285.000000 0.149215 
0.847644 291.000000 0.152356 
0.850262 286.000000 0.149738 
0.851832 283.000000 0.148168 
0.853927 279.000000 0.146073 
0.845550 295.000000 0.154450 
0.850785 285.000000 0.149215 
0.848691 289.000000 0.151309 
0.850785 285.000000 0.149215 
0.846073 294.000000 0.153927 
0.852880 281.000000 0.147120 
0.847644 291.000000 0.152356 
0.849738 287.000000 0.150262 
0.852356 282.000000 0.147644 
0.844503 297.000000 0.155497 
0.847644 291.000000 0.152356 
0.838220 309.000000 0.161780 
0.849738 287.000000 0.150262 
0.850262 286.000000 0.149738 
0.852356 282.000000 0.147644 
0.845026 296.000000 0.154974 
0.850785 285.000000 0.149215 
0.843455 299.000000 0.156545 
0.852356 282.000000 0.147644 
0.857068 273.000000 0.142932 
0.852880 281.000000 0.147120 
0.852356 282.000000 0.147644 
0.848168 290.000000 0.151832 
0.847120 292.000000 0.152880 
0.848168 290.000000 0.151832 
0.849215 288.000000 0.150785 
0.844503 297.000000 0.155497 
0.851309 284.000000 0.148691 
0.845550 295.000000 0.154450 
0.850785 285.000000 0.149215 
0.849738 287.000000 0.150262 
0.845550 295.000000 0.154450 
0.845026 296.000000 0.154974 
0.845026 296.000000 0.154974 
0.844503 297.000000 0.155497 
0.848168 290.000000 0.151832 
0.853403 280.000000 0.146597 
0.852880 281.000000 0.147120 
0.846597 293.000000 0.153403 
0.851832 283.000000 0.148168 
0.845026 296.000000 0.154974 
0.850785 285.000000 0.149215 
0.840838 304.000000 0.159162 
0.846597 293.000000 0.153403 
0.848168 290.000000 0.151832 
0.855497 276.000000 0.144503 
0.853927 279.000000 0.146073 
0.847120 292.000000 0.152880 
0.852880 281.000000 0.147120 
0.853403 280.000000 0.146597 
0.852880 281.000000 0.147120 
0.855497 276.000000 0.144503 
0.848168 290.000000 0.151832 
0.848168 290.000000 0.151832 
0.851832 283.000000 0.148168 
0.854974 277.000000 0.145026 
0.849738 287.000000 0.150262 
0.862827 262.000000 0.137173 
0.848691 289.000000 0.151309 
0.849215 288.000000 0.150785 
0.850262 286.000000 0.149738 
0.842932 300.000000 0.157068 
0.845550 295.000000 0.154450 
0.855497 276.000000 0.144503 
0.846073 294.000000 0.153927 
0.852880 281.000000 0.147120 
0.850785 285.000000 0.149215 
0.847644 291.000000 0.152356 
0.854450 278.000000 0.145550 
0.858115 271.000000 0.141885 
0.856021 275.000000 0.143979 
0.856021 275.000000 0.143979 
0.849215 288.000000 0.150785 
0.854974 277.000000 0.145026 
0.848168 290.000000 0.151832 
0.856545 274.000000 0.143455 
0.847644 291.000000 0.152356 
0.848168 290.000000 0.151832 
0.843979 298.000000 0.156021 
0.852880 281.000000 0.147120 
0.864398 259.000000 0.135602 
0.850262 286.000000 0.149738 
0.845026 296.000000 0.154974 
0.849738 287.000000 0.150262 
0.847644 291.000000 0.152356 
0.851309 284.000000 0.148691 
0.846597 293.000000 0.153403 
0.850262 286.000000 0.149738 
0.849215 288.000000 0.150785 
0.852880 281.000000 0.147120 
0.845026 296.000000 0.154974 
0.847644 291.000000 0.152356 
0.853403 280.000000 0.146597 
0.855497 276.000000 0.144503 
0.851309 284.000000 0.148691 
0.849215 288.000000 0.150785 
0.848691 289.000000 0.151309 
0.859686 268.000000 0.140314 
0.848691 289.000000 0.151309 
0.857592 272.000000 0.142408 
0.847120 292.000000 0.152880 
0.854450 278.000000 0.145550 
0.839267 307.000000 0.160733 
0.858115 271.000000 0.141885 
0.847644 291.000000 0.152356 
0.850262 286.000000 0.149738 
0.846073 294.000000 0.153927 
0.851309 284.000000 0.148691 
0.840838 304.000000 0.159162 
0.846073 294.000000 0.153927 
0.851832 283.000000 0.148168 
0.848691 289.000000 0.151309 
0.852880 281.000000 0.147120 
0.853927 279.000000 0.146073 
0.848168 290.000000 0.151832 
0.850262 286.000000 0.149738 
0.850785 285.000000 0.149215 
0.856545 274.000000 0.143455 
0.854974 277.000000 0.145026 
0.846073 294.000000 0.153927 
0.846597 293.000000 0.153403 
0.849738 287.000000 0.150262 
0.841885 302.000000 0.158115 
0.847644 291.000000 0.152356 
0.851832 283.000000 0.148168 
0.851832 283.000000 0.148168 
0.847644 291.000000 0.152356 
0.847120 292.000000 0.152880 
0.847120 292.000000 0.152880 
0.849215 288.000000 0.150785 
0.843455 299.000000 0.156545 
0.848691 289.000000 0.151309 
0.853403 280.000000 0.146597 
0.847644 291.000000 0.152356 
0.850262 286.000000 0.149738 
0.852880 281.000000 0.147120 
0.847120 292.000000 0.152880 
0.851832 283.000000 0.148168 
0.850785 285.000000 0.149215 
0.852880 281.000000 0.147120 
0.848168 290.000000 0.151832 
0.852880 281.000000 0.147120 
0.847120 292.000000 0.152880 
0.849215 288.000000 0.150785 
0.847644 291.000000 0.152356 
0.852356 282.000000 0.147644 
0.847120 292.000000 0.152880 
0.847644 291.000000 0.152356 
0.852880 281.000000 0.147120 
0.846073 294.000000 0.153927 
0.847120 292.000000 0.152880 
0.847644 291.000000 0.152356 
0.849215 288.000000 0.150785 
0.847644 291.000000 0.152356 
0.853927 279.000000 0.146073 
0.847120 292.000000 0.152880 
0.842932 300.000000 0.157068 
0.836649 312.000000 0.163351 
0.857068 273.000000 0.142932 
0.855497 276.000000 0.144503 
0.855497 276.000000 0.144503 
0.849738 287.000000 0.150262 
0.846597 293.000000 0.153403 
0.852356 282.000000 0.147644 
0.851832 283.000000 0.148168 
0.854450 278.000000 0.145550 
0.848168 290.000000 0.151832 
0.848168 290.000000 0.151832 
0.846597 293.000000 0.153403 
0.848168 290.000000 0.151832 
0.852356 282.000000 0.147644 
0.851309 284.000000 0.148691 
0.849738 287.000000 0.150262 
0.844503 297.000000 0.155497 
0.844503 297.000000 0.155497 
0.847120 292.000000 0.152880 
0.839791 306.000000 0.160209 
0.853403 280.000000 0.146597 
0.850785 285.000000 0.149215 
0.848691 289.000000 0.151309 
0.846597 293.000000 0.153403 
0.848691 289.000000 0.151309 
0.851832 283.000000 0.148168 
0.851832 283.000000 0.148168 
0.847644 291.000000 0.152356 
0.840838 304.000000 0.159162 
0.851309 284.000000 0.148691 
0.851832 283.000000 0.148168 
0.846597 293.000000 0.153403 
0.847644 291.000000 0.152356 
0.850262 286.000000 0.149738 
0.852880 281.000000 0.147120 
0.849738 287.000000 0.150262 
0.853927 279.000000 0.146073 
0.854450 278.000000 0.145550 
0.852880 281.000000 0.147120 
0.855497 276.000000 0.144503 
0.853403 280.000000 0.146597 
0.851309 284.000000 0.148691 
0.846073 294.000000 0.153927 
0.858639 270.000000 0.141361 
0.853403 280.000000 0.146597 
0.847644 291.000000 0.152356 
0.857592 272.000000 0.142408 
0.845026 296.000000 0.154974 
0.842408 301.000000 0.157592 
0.853927 279.000000 0.146073 
0.843979 298.000000 0.156021 
0.847644 291.000000 0.152356 
0.846597 293.000000 0.153403 
0.845026 296.000000 0.154974 
0.847644 291.000000 0.152356 
0.850785 285.000000 0.149215 
0.850785 285.000000 0.149215 
0.846597 293.000000 0.153403 
0.853403 280.000000 0.146597 
0.847644 291.000000 0.152356 
0.845550 295.000000 0.154450 
0.851309 284.000000 0.148691 
0.847120 292.000000 0.152880 
0.846073 294.000000 0.153927 
0.854974 277.000000 0.145026 
0.855497 276.000000 0.144503 
0.841885 302.000000 0.158115 
0.848691 289.000000 0.151309 
0.853927 279.000000 0.146073 
0.844503 297.000000 0.155497 
0.853403 280.000000 0.146597 
0.852356 282.000000 0.147644 
0.845550 295.000000 0.154450 
0.846073 294.000000 0.153927 
0.847120 292.000000 0.152880 
0.850785 285.000000 0.149215 
0.846073 294.000000 0.153927 
0.849215 288.000000 0.150785 
0.847644 291.000000 0.152356 
0.858115 271.000000 0.141885 
0.849738 287.000000 0.150262 
0.845550 295.000000 0.154450 
0.848168 290.000000 0.151832 
0.856545 274.000000 0.143455 
0.852356 282.000000 0.147644 
0.845026 296.000000 0.154974 
0.849215 288.000000 0.150785 
0.848168 290.000000 0.151832 
0.854974 277.000000 0.145026 
0.850785 285.000000 0.149215 
0.844503 297.000000 0.155497 
0.851309 284.000000 0.148691 
0.843979 298.000000 0.156021 
0.850262 286.000000 0.149738 
0.850785 285.000000 0.149215 
0.852880 281.000000 0.147120 
0.849738 287.000000 0.150262 
0.852880 281.000000 0.147120 
0.851832 283.000000 0.148168 
0.851832 283.000000 0.148168 
0.846073 294.000000 0.153927 
0.849215 288.000000 0.150785 
0.846073 294.000000 0.153927 
0.847644 291.000000 0.152356 
0.847120 292.000000 0.152880 
0.848691 289.000000 0.151309 
0.849215 288.000000 0.150785 
0.847120 292.000000 0.152880 
0.845550 295.000000 0.154450 
0.851309 284.000000 0.148691 
0.852880 281.000000 0.147120 
0.852880 281.000000 0.147120 
0.846073 294.000000 0.153927 
0.848168 290.000000 0.151832 
0.852356 282.000000 0.147644 
0.846073 294.000000 0.153927 
0.855497 276.000000 0.144503 
0.849215 288.000000 0.150785 
0.851832 283.000000 0.148168 
0.844503 297.000000 0.155497 
0.850785 285.000000 0.149215 
0.855497 276.000000 0.144503 
0.844503 297.000000 0.155497 
0.850785 285.000000 0.149215 
0.854450 278.000000 0.145550 
0.850785 285.000000 0.149215 
0.852356 282.000000 0.147644 
0.847644 291.000000 0.152356 
0.847120 292.000000 0.152880 
0.853403 280.000000 0.146597 
0.853403 280.000000 0.146597 
0.840838 304.000000 0.159162 
0.845550 295.000000 0.154450 
0.851832 283.000000 0.148168 
0.849215 288.000000 0.150785 
0.853927 279.000000 0.146073 
0.847120 292.000000 0.152880 
0.848691 289.000000 0.151309 
0.846597 293.000000 0.153403 
0.846073 294.000000 0.153927 
0.850785 285.000000 0.149215 
0.850262 286.000000 0.149738 
0.850262 286.000000 0.149738 
0.847644 291.000000 0.152356 
0.851309 284.000000 0.148691 
0.854974 277.000000 0.145026 
0.859686 268.000000 0.140314 
0.847120 292.000000 0.152880 
0.851309 284.000000 0.148691 
0.852880 281.000000 0.147120 
0.847120 292.000000 0.152880 
0.847644 291.000000 0.152356 
0.846073 294.000000 0.153927 
0.849738 287.000000 0.150262 
0.846073 294.000000 0.153927 
0.846073 294.000000 0.153927 
0.845550 295.000000 0.154450 
0.847644 291.000000 0.152356 
0.852356 282.000000 0.147644 
0.847644 291.000000 0.152356 
0.850785 285.000000 0.149215 
0.844503 297.000000 0.155497 
0.846073 294.000000 0.153927 
0.851832 283.000000 0.148168 
0.848691 289.000000 0.151309 
0.848168 290.000000 0.151832 
0.849738 287.000000 0.150262 
0.851832 283.000000 0.148168 
0.854450 278.000000 0.145550 
0.847120 292.000000 0.152880 
0.854974 277.000000 0.145026 
0.851309 284.000000 0.148691 
0.846597 293.000000 0.153403 
0.838220 309.000000 0.161780 
0.854974 277.000000 0.145026 
0.847120 292.000000 0.152880 
0.848691 289.000000 0.151309 
0.850262 286.000000 0.149738 
0.851832 283.000000 0.148168 
0.841885 302.000000 0.158115 
0.848691 289.000000 0.151309 
0.848168 290.000000 0.151832 
0.849215 288.000000 0.150785 
0.848691 289.000000 0.151309 
0.845026 296.000000 0.154974 
0.852880 281.000000 0.147120 
0.859162 269.000000 0.140838 
0.848691 289.000000 0.151309 
0.851832 283.000000 0.148168 
0.850262 286.000000 0.149738 
0.843455 299.000000 0.156545 
0.854450 278.000000 0.145550 
0.854450 278.000000 0.145550 
0.852880 281.000000 0.147120 
0.846073 294.000000 0.153927 
0.849215 288.000000 0.150785 
0.855497 276.000000 0.144503 
0.854450 278.000000 0.145550 
0.849738 287.000000 0.150262 
0.845026 296.000000 0.154974 
0.851832 283.000000 0.148168 
0.849215 288.000000 0.150785 
0.858639 270.000000 0.141361 
0.849215 288.000000 0.150785 
0.849738 287.000000 0.150262 
0.852880 281.000000 0.147120 
0.854450 278.000000 0.145550 
0.856021 275.000000 0.143979 
0.851832 283.000000 0.148168 
0.850785 285.000000 0.149215 
0.845550 295.000000 0.154450 
0.847644 291.000000 0.152356 
0.852356 282.000000 0.147644 
0.851832 283.000000 0.148168 
0.851832 283.000000 0.148168 
0.849738 287.000000 0.150262 
0.854974 277.000000 0.145026 
0.846597 293.000000 0.153403 
0.846597 293.000000 0.153403 
0.844503 297.000000 0.155497 
0.844503 297.000000 0.155497 
0.850262 286.000000 0.149738 
0.847644 291.000000 0.152356 
0.848168 290.000000 0.151832 
0.849738 287.000000 0.150262 
0.846073 294.000000 0.153927 
0.855497 276.000000 0.144503 
0.854450 278.000000 0.145550 
0.847644 291.000000 0.152356 
0.849738 287.000000 0.150262 
0.843979 298.000000 0.156021 
0.851309 284.000000 0.148691 
0.844503 297.000000 0.155497 
0.849738 287.000000 0.150262 
0.845550 295.000000 0.154450 
0.850785 285.000000 0.149215 
0.847120 292.000000 0.152880 
0.848691 289.000000 0.151309 
0.845026 296.000000 0.154974 
0.853403 280.000000 0.146597 
0.850785 285.000000 0.149215 
0.853927 279.000000 0.146073 
0.853927 279.000000 0.146073 
0.850785 285.000000 0.149215 
0.850262 286.000000 0.149738 
0.846073 294.000000 0.153927 
0.852880 281.000000 0.147120 
0.851309 284.000000 0.148691 
0.849215 288.000000 0.150785 
0.849215 288.000000 0.150785 
0.842932 300.000000 0.157068 
0.849215 288.000000 0.150785 
0.848691 289.000000 0.151309 
0.847644 291.000000 0.152356 
0.847120 292.000000 0.152880 
0.848168 290.000000 0.151832 
0.849215 288.000000 0.150785 
0.847644 291.000000 0.152356 
0.849215 288.000000 0.150785 
0.852356 282.000000 0.147644 
0.848691 289.000000 0.151309 
0.847644 291.000000 0.152356 
0.849738 287.000000 0.150262 
0.851832 283.000000 0.148168 
0.849215 288.000000 0.150785 
0.845026 296.000000 0.154974 
0.848691 289.000000 0.151309 
0.847644 291.000000 0.152356 
0.843455 299.000000 0.156545 
0.853403 280.000000 0.146597 
0.847644 291.000000 0.152356 
0.848691 289.000000 0.151309 
0.851309 284.000000 0.148691 
0.852356 282.000000 0.147644 
0.850262 286.000000 0.149738 
0.855497 276.000000 0.144503 
0.854974 277.000000 0.145026 
0.849738 287.000000 0.150262 
0.847120 292.000000 0.152880 
0.844503 297.000000 0.155497 
0.854450 278.000000 0.145550 
0.851832 283.000000 0.148168 
0.847644 291.000000 0.152356 
0.849215 288.000000 0.150785 
0.846597 293.000000 0.153403 
0.839791 306.000000 0.160209 
0.851832 283.000000 0.148168 
0.849215 288.000000 0.150785 
0.847120 292.000000 0.152880 
0.852880 281.000000 0.147120 
0.847644 291.000000 0.152356 
0.855497 276.000000 0.144503 
0.847120 292.000000 0.152880 
0.850262 286.000000 0.149738 
0.851309 284.000000 0.148691 
0.851832 283.000000 0.148168 
0.845550 295.000000 0.154450 
0.858115 271.000000 0.141885 
0.845026 296.000000 0.154974 
0.841885 302.000000 0.158115 
0.848691 289.000000 0.151309 
0.847120 292.000000 0.152880 
0.854974 277.000000 0.145026 
0.850785 285.000000 0.149215 
0.850262 286.000000 0.149738 
0.848691 289.000000 0.151309 
0.848168 290.000000 0.151832 
0.858639 270.000000 0.141361 
0.845550 295.000000 0.154450 
0.849215 288.000000 0.150785 
0.856545 274.000000 0.143455 
0.848691 289.000000 0.151309 
0.851309 284.000000 0.148691 
0.854974 277.000000 0.145026 
0.850262 286.000000 0.149738 
0.848691 289.000000 0.151309 
0.843979 298.000000 0.156021 
0.843979 298.000000 0.156021 
0.847644 291.000000 0.152356 
0.855497 276.000000 0.144503 
0.849215 288.000000 0.150785 
0.852880 281.000000 0.147120 
0.845026 296.000000 0.154974 
0.851832 283.000000 0.148168 
0.845550 295.000000 0.154450 
0.853403 280.000000 0.146597 
0.848691 289.000000 0.151309 
0.849738 287.000000 0.150262 
0.850785 285.000000 0.149215 
0.849215 288.000000 0.150785 
0.848691 289.000000 0.151309 
0.854450 278.000000 0.145550 
0.852356 282.000000 0.147644 
0.847644 291.000000 0.152356 
0.845550 295.000000 0.154450 
0.844503 297.000000 0.155497 
0.842408 301.000000 0.157592 
0.861780 264.000000 0.138220 
0.848168 290.000000 0.151832 
0.845026 296.000000 0.154974 
0.852880 281.000000 0.147120 
0.846597 293.000000 0.153403 
0.842932 300.000000 0.157068 
0.853403 280.000000 0.146597 
0.850262 286.000000 0.149738 
0.847644 291.000000 0.152356 
0.850262 286.000000 0.149738 
0.848691 289.000000 0.151309 
0.846597 293.000000 0.153403 
0.853403 280.000000 0.146597 
0.852880 281.000000 0.147120 
0.847120 292.000000 0.152880 
0.848168 290.000000 0.151832 
0.841885 302.000000 0.158115 
0.843979 298.000000 0.156021 
0.851309 284.000000 0.148691 
0.854974 277.000000 0.145026 
0.849215 288.000000 0.150785 
0.848168 290.000000 0.151832 
0.852356 282.000000 0.147644 
0.843979 298.000000 0.156021 
0.852356 282.000000 0.147644 
0.846073 294.000000 0.153927 
0.852356 282.000000 0.147644 
0.846597 293.000000 0.153403 
0.851832 283.000000 0.148168 
0.849215 288.000000 0.150785 
0.846597 293.000000 0.153403 
0.848168 290.000000 0.151832 
0.847120 292.000000 0.152880 
0.852356 282.000000 0.147644 
0.850785 285.000000 0.149215 
0.853927 279.000000 0.146073 
0.849215 288.000000 0.150785 
0.847120 292.000000 0.152880 
0.850262 286.000000 0.149738 
0.852356 282.000000 0.147644 
0.845026 296.000000 0.154974 
0.852880 281.000000 0.147120 
0.856545 274.000000 0.143455 
0.852880 281.000000 0.147120 
0.846597 293.000000 0.153403 
0.851309 284.000000 0.148691 
0.847120 292.000000 0.152880 
0.851309 284.000000 0.148691 
0.850262 286.000000 0.149738 
0.842408 301.000000 0.157592 
0.854974 277.000000 0.145026 
0.850262 286.000000 0.149738 
0.850262 286.000000 0.149738 
0.853403 280.000000 0.146597 
0.858639 270.000000 0.141361 
0.851309 284.000000 0.148691 
0.850785 285.000000 0.149215 
0.853927 279.000000 0.146073 
0.853927 279.000000 0.146073 
0.854450 278.000000 0.145550 
0.853927 279.000000 0.146073 
0.852880 281.000000 0.147120 
0.850785 285.000000 0.149215 
0.842408 301.000000 0.157592 
0.847120 292.000000 0.152880 
0.849738 287.000000 0.150262 
0.857068 273.000000 0.142932 
0.855497 276.000000 0.144503 
0.851832 283.000000 0.148168 
0.850262 286.000000 0.149738 
0.852356 282.000000 0.147644 
0.847644 291.000000 0.152356 
0.854974 277.000000 0.145026 
0.852880 281.000000 0.147120 
0.846073 294.000000 0.153927 
0.843455 299.000000 0.156545 
0.856545 274.000000 0.143455 
0.842932 300.000000 0.157068 
0.842408 301.000000 0.157592 
0.847644 291.000000 0.152356 
0.849738 287.000000 0.150262 
0.847120 292.000000 0.152880 
0.852356 282.000000 0.147644 
0.840838 304.000000 0.159162 
0.861780 264.000000 0.138220 
0.851309 284.000000 0.148691 
0.851309 284.000000 0.148691 
0.850262 286.000000 0.149738 
0.852356 282.000000 0.147644 
0.852356 282.000000 0.147644 
0.850785 285.000000 0.149215 
0.853403 280.000000 0.146597 
0.848691 289.000000 0.151309 
0.858115 271.000000 0.141885 
0.842408 301.000000 0.157592 
0.849738 287.000000 0.150262 
0.842932 300.000000 0.157068 
0.850785 285.000000 0.149215 
0.839267 307.000000 0.160733 
0.851832 283.000000 0.148168 
0.850262 286.000000 0.149738 
0.851832 283.000000 0.148168 
0.847120 292.000000 0.152880 
0.851832 283.000000 0.148168 
0.853403 280.000000 0.146597 
0.852356 282.000000 0.147644 
0.850785 285.000000 0.149215 
0.843979 298.000000 0.156021 
0.849738 287.000000 0.150262 
0.847644 291.000000 0.152356 
0.851309 284.000000 0.148691 
0.859162 269.000000 0.140838 
0.847644 291.000000 0.152356 
0.856021 275.000000 0.143979 
0.853403 280.000000 0.146597 
0.846073 294.000000 0.153927 
0.840314 305.000000 0.159686 
0.850262 286.000000 0.149738 
0.847120 292.000000 0.152880 
0.852880 281.000000 0.147120 
0.856545 274.000000 0.143455 
0.843979 298.000000 0.156021 
0.849215 288.000000 0.150785 
0.848691 289.000000 0.151309 
0.858639 270.000000 0.141361 
0.849215 288.000000 0.150785 
0.850262 286.000000 0.149738 
0.848168 290.000000 0.151832 
0.855497 276.000000 0.144503 
0.845550 295.000000 0.154450 
0.849215 288.000000 0.150785 
0.850262 286.000000 0.149738 
0.841885 302.000000 0.158115 
0.851309 284.000000 0.148691 
0.845026 296.000000 0.154974 
0.847120 292.000000 0.152880 
0.852356 282.000000 0.147644 
0.853403 280.000000 0.146597 
0.853927 279.000000 0.146073 
0.847120 292.000000 0.152880 
0.853403 280.000000 0.146597 
0.847644 291.000000 0.152356 
0.853927 279.000000 0.146073 
0.854450 278.000000 0.145550 
0.843979 298.000000 0.156021 
0.845026 296.000000 0.154974 
0.846073 294.000000 0.153927 
0.855497 276.000000 0.144503 
0.841361 303.000000 0.158639 
0.852880 281.000000 0.147120 
0.847644 291.000000 0.152356 
0.854450 278.000000 0.145550 
0.842932 300.000000 0.157068 
0.849738 287.000000 0.150262 
0.850785 285.000000 0.149215 
0.850785 285.000000 0.149215 
0.852356 282.000000 0.147644 
0.851832 283.000000 0.148168 
0.848168 290.000000 0.151832 
0.849738 287.000000 0.150262 
0.849215 288.000000 0.150785 
0.846073 294.000000 0.153927 
0.850785 285.000000 0.149215 
0.858639 270.000000 0.141361 
0.847644 291.000000 0.152356 
0.853403 280.000000 0.146597 
0.848168 290.000000 0.151832 
0.846597 293.000000 0.153403 
0.847120 292.000000 0.152880 
0.842932 300.000000 0.157068 
0.853403 280.000000 0.146597 
0.845026 296.000000 0.154974 
0.851309 284.000000 0.148691 
0.853927 279.000000 0.146073 
0.848691 289.000000 0.151309 
0.853403 280.000000 0.146597 
0.852880 281.000000 0.147120 
0.844503 297.000000 0.155497 
0.852880 281.000000 0.147120 
0.846597 293.000000 0.153403 
0.848691 289.000000 0.151309 
0.845026 296.000000 0.154974 
0.849215 288.000000 0.150785 
0.848168 290.000000 0.151832 
0.851309 284.000000 0.148691 
0.840838 304.000000 0.159162 
0.845550 295.000000 0.154450 
0.847120 292.000000 0.152880 
0.854974 277.000000 0.145026 
0.855497 276.000000 0.144503 
0.853403 280.000000 0.146597 
0.848691 289.000000 0.151309 
0.849215 288.000000 0.150785 
0.854974 277.000000 0.145026 
0.851832 283.000000 0.148168 
0.847120 292.000000 0.152880 
0.852880 281.000000 0.147120 
0.849215 288.000000 0.150785 
0.849738 287.000000 0.150262 
0.852356 282.000000 0.147644 
0.850262 286.000000 0.149738 
0.852880 281.000000 0.147120 
0.853927 279.000000 0.146073 
0.850785 285.000000 0.149215 
0.845550 295.000000 0.154450 
0.845550 295.000000 0.154450 
0.851309 284.000000 0.148691 
0.855497 276.000000 0.144503 
0.851309 284.000000 0.148691 
0.853927 279.000000 0.146073 
0.854450 278.000000 0.145550 
0.843979 298.000000 0.156021 
0.848168 290.000000 0.151832 
0.849215 288.000000 0.150785 
0.851832 283.000000 0.148168 
0.847120 292.000000 0.152880 
0.850262 286.000000 0.149738 
0.847120 292.000000 0.152880 
0.848691 289.000000 0.151309 
0.849215 288.000000 0.150785 
0.851309 284.000000 0.148691 
0.852356 282.000000 0.147644 
0.852356 282.000000 0.147644 
0.843979 298.000000 0.156021 
0.847644 291.000000 0.152356 
0.849738 287.000000 0.150262 
0.856545 274.000000 0.143455 
0.846597 293.000000 0.153403 
0.851309 284.000000 0.148691 
0.847120 292.000000 0.152880 
0.841361 303.000000 0.158639 
0.846073 294.000000 0.153927 
0.846073 294.000000 0.153927 
0.852356 282.000000 0.147644 
0.851309 284.000000 0.148691 
0.850262 286.000000 0.149738 
0.848691 289.000000 0.151309 
0.848691 289.000000 0.151309 
0.846073 294.000000 0.153927 
0.848691 289.000000 0.151309 
0.860209 267.000000 0.139791 
0.855497 276.000000 0.144503 
0.856021 275.000000 0.143979 
0.851832 283.000000 0.148168 
0.858639 270.000000 0.141361 
0.852880 281.000000 0.147120 
0.841885 302.000000 0.158115 
0.851309 284.000000 0.148691 
0.860209 267.000000 0.139791 
0.848691 289.000000 0.151309 
0.851832 283.000000 0.148168 
0.845550 295.000000 0.154450 
0.846597 293.000000 0.153403 
0.845550 295.000000 0.154450 
0.856545 274.000000 0.143455 
0.845550 295.000000 0.154450 
0.849215 288.000000 0.150785 
0.847120 292.000000 0.152880 
0.851832 283.000000 0.148168 
0.847120 292.000000 0.152880 
0.850262 286.000000 0.149738 
0.852880 281.000000 0.147120 
0.847644 291.000000 0.152356 
0.843455 299.000000 0.156545 
0.852880 281.000000 0.147120 
0.852356 282.000000 0.147644 
0.850262 286.000000 0.149738 
0.851832 283.000000 0.148168 
0.851832 283.000000 0.148168 
0.850262 286.000000 0.149738 
0.849215 288.000000 0.150785 
0.848168 290.000000 0.151832 
0.846073 294.000000 0.153927 
0.855497 276.000000 0.144503 
0.852880 281.000000 0.147120 
0.858115 271.000000 0.141885 
0.848691 289.000000 0.151309 
0.852356 282.000000 0.147644 
0.852880 281.000000 0.147120 
0.851832 283.000000 0.148168 
0.852356 282.000000 0.147644 
0.855497 276.000000 0.144503 
0.851832 283.000000 0.148168 
0.841885 302.000000 0.158115 
0.846073 294.000000 0.153927 
0.847644 291.000000 0.152356 
0.846073 294.000000 0.153927 
0.847644 291.000000 0.152356 
0.850262 286.000000 0.149738 
0.848168 290.000000 0.151832 
0.849738 287.000000 0.150262 
0.846597 293.000000 0.153403 
0.849738 287.000000 0.150262 
0.848691 289.000000 0.151309 
0.843455 299.000000 0.156545 
0.847120 292.000000 0.152880 
0.849738 287.000000 0.150262 
0.846597 293.000000 0.153403 
0.851832 283.000000 0.148168 
0.843455 299.000000 0.156545 
0.848168 290.000000 0.151832 
0.849215 288.000000 0.150785 
0.853403 280.000000 0.146597 
0.848691 289.000000 0.151309 
0.849215 288.000000 0.150785 
0.851832 283.000000 0.148168 
0.860733 266.000000 0.139267 
0.854974 277.000000 0.145026 
0.842408 301.000000 0.157592 
0.848691 289.000000 0.151309 
0.845026 296.000000 0.154974 
0.854974 277.000000 0.145026 
0.843979 298.000000 0.156021 
0.849738 287.000000 0.150262 
0.857068 273.000000 0.142932 
0.857068 273.000000 0.142932 
0.845550 295.000000 0.154450 
0.847644 291.000000 0.152356 
0.842408 301.000000 0.157592 
0.847120 292.000000 0.152880 
0.854450 278.000000 0.145550 
0.850785 285.000000 0.149215 
0.847644 291.000000 0.152356 
0.853403 280.000000 0.146597 
0.841361 303.000000 0.158639 
0.848168 290.000000 0.151832 
0.858639 270.000000 0.141361 
0.845026 296.000000 0.154974 
0.849738 287.000000 0.150262 
0.850262 286.000000 0.149738 
0.843455 299.000000 0.156545 
0.854974 277.000000 0.145026 
0.849215 288.000000 0.150785 
0.853927 279.000000 0.146073 
0.848691 289.000000 0.151309 
0.849738 287.000000 0.150262 
0.845550 295.000000 0.154450 
0.847120 292.000000 0.152880 
0.844503 297.000000 0.155497 
0.852356 282.000000 0.147644 
0.843455 299.000000 0.156545 
0.848168 290.000000 0.151832 
0.846597 293.000000 0.153403 
0.841361 303.000000 0.158639 
0.843455 299.000000 0.156545 
0.845026 296.000000 0.154974 
0.852880 281.000000 0.147120 
0.848168 290.000000 0.151832 
0.844503 297.000000 0.155497 
0.854974 277.000000 0.145026 
0.853403 280.000000 0.146597 
0.851309 284.000000 0.148691 
0.856021 275.000000 0.143979 
0.850262 286.000000 0.149738 
0.845026 296.000000 0.154974 
0.846597 293.000000 0.153403 
0.845550 295.000000 0.154450 
0.851309 284.000000 0.148691 
0.849215 288.000000 0.150785 
0.850262 286.000000 0.149738 
0.856021 275.000000 0.143979 
0.850785 285.000000 0.149215 
0.850262 286.000000 0.149738 
0.843455 299.000000 0.156545 
0.849215 288.000000 0.150785 
0.848168 290.000000 0.151832 
0.848691 289.000000 0.151309 
0.854450 278.000000 0.145550 
0.847120 292.000000 0.152880 
0.844503 297.000000 0.155497 
0.847120 292.000000 0.152880 
0.853927 279.000000 0.146073 
0.853403 280.000000 0.146597 
0.848168 290.000000 0.151832 
0.852356 282.000000 0.147644 
0.842408 301.000000 0.157592 
0.849215 288.000000 0.150785 
0.856021 275.000000 0.143979 
0.845550 295.000000 0.154450 
0.852356 282.000000 0.147644 
0.851309 284.000000 0.148691 
0.854974 277.000000 0.145026 
0.851309 284.000000 0.148691 
0.850785 285.000000 0.149215 
0.853403 280.000000 0.146597 
0.852880 281.000000 0.147120 
0.847120 292.000000 0.152880 
0.850785 285.000000 0.149215 
0.850262 286.000000 0.149738 
0.851309 284.000000 0.148691 
0.845550 295.000000 0.154450 
0.845026 296.000000 0.154974 
0.851309 284.000000 0.148691 
0.852356 282.000000 0.147644 
0.849215 288.000000 0.150785 
0.845026 296.000000 0.154974 
0.847644 291.000000 0.152356 
0.850262 286.000000 0.149738 
0.851832 283.000000 0.148168 
0.852880 281.000000 0.147120 
0.847644 291.000000 0.152356 
0.849738 287.000000 0.150262 
0.851309 284.000000 0.148691 
0.845026 296.000000 0.154974 
0.852356 282.000000 0.147644 
0.850262 286.000000 0.149738 
0.850262 286.000000 0.149738 
0.850785 285.000000 0.149215 
0.849738 287.000000 0.150262 
0.847644 291.000000 0.152356 
0.852356 282.000000 0.147644 
0.852356 282.000000 0.147644 
0.856021 275.000000 0.143979 
0.848168 290.000000 0.151832 
0.848691 289.000000 0.151309 
0.846597 293.000000 0.153403 
0.851832 283.000000 0.148168 
0.859686 268.000000 0.140314 
0.857068 273.000000 0.142932 
0.845026 296.000000 0.154974 
0.849215 288.000000 0.150785 
0.850262 286.000000 0.149738 
0.850262 286.000000 0.149738 
0.850262 286.000000 0.149738 
0.859162 269.000000 0.140838 
0.856545 274.000000 0.143455 
0.853403 280.000000 0.146597 
0.850785 285.000000 0.149215 
0.843979 298.000000 0.156021 
0.854450 278.000000 0.145550 
0.854450 278.000000 0.145550 
0.848691 289.000000 0.151309 
0.845026 296.000000 0.154974 
0.845026 296.000000 0.154974 
0.848168 290.000000 0.151832 
0.850785 285.000000 0.149215 
0.852356 282.000000 0.147644 
0.850785 285.000000 0.149215 
0.853927 279.000000 0.146073 
0.847644 291.000000 0.152356 
0.858115 271.000000 0.141885 
0.847120 292.000000 0.152880 
0.852356 282.000000 0.147644 
0.849215 288.000000 0.150785 
0.846073 294.000000 0.153927 
0.850785 285.000000 0.149215 
0.848691 289.000000 0.151309 
0.846073 294.000000 0.153927 
0.847644 291.000000 0.152356 
0.850262 286.000000 0.149738 
0.852356 282.000000 0.147644 
0.848691 289.000000 0.151309 
0.845550 295.000000 0.154450 
0.847644 291.000000 0.152356 
0.847644 291.000000 0.152356 
0.851832 283.000000 0.148168 
0.842408 301.000000 0.157592 
0.849215 288.000000 0.150785 
0.842932 300.000000 0.157068 
0.842932 300.000000 0.157068 
0.844503 297.000000 0.155497 
0.857592 272.000000 0.142408 
0.846073 294.000000 0.153927 
0.847120 292.000000 0.152880 
0.849215 288.000000 0.150785 
0.852356 282.000000 0.147644 
0.852880 281.000000 0.147120 
0.853403 280.000000 0.146597 
0.845026 296.000000 0.154974 
0.854450 278.000000 0.145550 
0.854974 277.000000 0.145026 
0.854450 278.000000 0.145550 
0.852880 281.000000 0.147120 
0.851309 284.000000 0.148691 
0.842932 300.000000 0.157068 
0.842932 300.000000 0.157068 
0.847120 292.000000 0.152880 
0.846073 294.000000 0.153927 
0.851309 284.000000 0.148691 
0.853403 280.000000 0.146597 
0.847120 292.000000 0.152880 
0.850785 285.000000 0.149215 
0.852356 282.000000 0.147644 
0.851832 283.000000 0.148168 
0.850785 285.000000 0.149215 
0.853927 279.000000 0.146073 
0.851832 283.000000 0.148168 
0.851832 283.000000 0.148168 
0.850785 285.000000 0.149215 
0.848168 290.000000 0.151832 
0.849738 287.000000 0.150262 
0.849738 287.000000 0.150262 
0.853403 280.000000 0.146597 
0.847120 292.000000 0.152880 
0.850785 285.000000 0.149215 
0.852880 281.000000 0.147120 
0.846073 294.000000 0.153927 
0.847644 291.000000 0.152356 
0.847644 291.000000 0.152356 
0.839791 306.000000 0.160209 
0.850785 285.000000 0.149215 
0.855497 276.000000 0.144503 
0.850785 285.000000 0.149215 
0.848691 289.000000 0.151309 
0.856021 275.000000 0.143979 
0.856021 275.000000 0.143979 
0.851832 283.000000 0.148168 
0.853403 280.000000 0.146597 
0.854974 277.000000 0.145026 
0.848691 289.000000 0.151309 
0.844503 297.000000 0.155497 
0.848691 289.000000 0.151309 
0.841361 303.000000 0.158639 
0.846597 293.000000 0.153403 
0.843979 298.000000 0.156021 
0.846073 294.000000 0.153927 
0.852356 282.000000 0.147644 
0.851832 283.000000 0.148168 
0.847120 292.000000 0.152880 
0.849738 287.000000 0.150262 
0.846073 294.000000 0.153927 
0.847644 291.000000 0.152356 
0.855497 276.000000 0.144503 
0.851832 283.000000 0.148168 
0.841885 302.000000 0.158115 
0.847644 291.000000 0.152356 
0.849738 287.000000 0.150262 
0.851309 284.000000 0.148691 
0.853927 279.000000 0.146073 
0.846073 294.000000 0.153927 
0.845026 296.000000 0.154974 
0.854974 277.000000 0.145026 
0.854974 277.000000 0.145026 
0.843979 298.000000 0.156021 
0.848691 289.000000 0.151309 
0.852356 282.000000 0.147644 
0.858115 271.000000 0.141885 
0.849738 287.000000 0.150262 
0.852880 281.000000 0.147120 
0.843455 299.000000 0.156545 
0.852356 282.000000 0.147644 
0.852880 281.000000 0.147120 
0.850262 286.000000 0.149738 
0.854450 278.000000 0.145550 
0.848691 289.000000 0.151309 
0.851832 283.000000 0.148168 
0.854974 277.000000 0.145026 
0.846597 293.000000 0.153403 
0.848168 290.000000 0.151832 
0.846073 294.000000 0.153927 
0.850262 286.000000 0.149738 
0.848168 290.000000 0.151832 
0.848168 290.000000 0.151832 
0.847644 291.000000 0.152356 
0.847120 292.000000 0.152880 
0.853403 280.000000 0.146597 
0.849738 287.000000 0.150262 
0.853927 279.000000 0.146073 
0.849215 288.000000 0.150785 
0.846073 294.000000 0.153927 
0.853403 280.000000 0.146597 
0.851832 283.000000 0.148168 
0.849215 288.000000 0.150785 
0.853927 279.000000 0.146073 
0.850262 286.000000 0.149738 
0.849215 288.000000 0.150785 
0.842932 300.000000 0.157068 
0.849738 287.000000 0.150262 
0.854450 278.000000 0.145550 
0.850785 285.000000 0.149215 
0.852356 282.000000 0.147644 
0.851309 284.000000 0.148691 
0.848691 289.000000 0.151309 
0.851832 283.000000 0.148168 
0.852356 282.000000 0.147644 
0.854974 277.000000 0.145026 
0.843455 299.000000 0.156545 
0.846597 293.000000 0.153403 
0.851309 284.000000 0.148691 
0.851832 283.000000 0.148168 
0.850262 286.000000 0.149738 
0.846073 294.000000 0.153927 
0.846597 293.000000 0.153403 
0.849738 287.000000 0.150262 
0.852880 281.000000 0.147120 
0.849738 287.000000 0.150262 
0.847644 291.000000 0.152356 
0.851309 284.000000 0.148691 
0.846597 293.000000 0.153403 
0.840838 304.000000 0.159162 
0.842932 300.000000 0.157068 
0.845026 296.000000 0.154974 
0.849738 287.000000 0.150262 
0.853927 279.000000 0.146073 
0.847120 292.000000 0.152880 
0.851832 283.000000 0.148168 
0.849215 288.000000 0.150785 
0.851832 283.000000 0.148168 
0.850262 286.000000 0.149738 
0.848691 289.000000 0.151309 
0.850785 285.000000 0.149215 
0.850262 286.000000 0.149738 
0.851309 284.000000 0.148691 
0.849215 288.000000 0.150785 
0.852356 282.000000 0.147644 
0.848168 290.000000 0.151832 
0.849215 288.000000 0.150785 
0.848691 289.000000 0.151309 
0.850262 286.000000 0.149738 
0.853927 279.000000 0.146073 
0.851309 284.000000 0.148691 
0.853927 279.000000 0.146073 
0.847644 291.000000 0.152356 
0.853927 279.000000 0.146073 
0.850785 285.000000 0.149215 
0.844503 297.000000 0.155497 
0.851309 284.000000 0.148691 
0.849215 288.000000 0.150785 
0.857592 272.000000 0.142408 
0.849738 287.000000 0.150262 
0.845550 295.000000 0.154450 
0.852880 281.000000 0.147120 
0.849215 288.000000 0.150785 
0.849738 287.000000 0.150262 
0.848691 289.000000 0.151309 
0.851832 283.000000 0.148168 
0.848168 290.000000 0.151832 
0.848168 290.000000 0.151832 
0.845550 295.000000 0.154450 
0.847644 291.000000 0.152356 
0.853927 279.000000 0.146073 
0.842932 300.000000 0.157068 
0.851309 284.000000 0.148691 
0.850262 286.000000 0.149738 
0.852356 282.000000 0.147644 
0.850262 286.000000 0.149738 
0.851832 283.000000 0.148168 
0.852356 282.000000 0.147644 
0.851309 284.000000 0.148691 
0.849738 287.000000 0.150262 
0.849738 287.000000 0.150262 
0.846597 293.000000 0.153403 
0.851309 284.000000 0.148691 
0.852356 282.000000 0.147644 
0.846073 294.000000 0.153927 
0.847120 292.000000 0.152880 
0.847120 292.000000 0.152880 
0.849738 287.000000 0.150262 
0.853403 280.000000 0.146597 
0.852356 282.000000 0.147644 
0.850262 286.000000 0.149738 
0.849738 287.000000 0.150262 
0.846073 294.000000 0.153927 
0.851309 284.000000 0.148691 
0.846597 293.000000 0.153403 
0.843979 298.000000 0.156021 
0.843979 298.000000 0.156021 
0.852356 282.000000 0.147644 
0.850262 286.000000 0.149738 
