0.398204 3859.000000 0.224870 
0.397575 3880.000000 0.226094 
0.397306 3889.000000 0.226618 
0.399311 3822.000000 0.222714 
0.397785 3873.000000 0.225686 
0.395689 3943.000000 0.229765 
0.397905 3869.000000 0.225453 
0.396767 3907.000000 0.227667 
0.399042 3831.000000 0.223239 
0.397665 3877.000000 0.225919 
0.399162 3827.000000 0.223006 
0.397426 3885.000000 0.226385 
0.398743 3841.000000 0.223821 
0.397336 3888.000000 0.226560 
0.396707 3909.000000 0.227784 
0.398593 3846.000000 0.224113 
0.397306 3889.000000 0.226618 
0.400090 3796.000000 0.221199 
0.398563 3847.000000 0.224171 
0.399581 3813.000000 0.222190 
0.398683 3843.000000 0.223938 
0.396138 3928.000000 0.228891 
0.399162 3827.000000 0.223006 
0.397545 3881.000000 0.226152 
0.397006 3899.000000 0.227201 
0.396767 3907.000000 0.227667 
0.399192 3826.000000 0.222947 
0.399521 3815.000000 0.222306 
0.397845 3871.000000 0.225570 
0.400838 3771.000000 0.219742 
0.396048 3931.000000 0.229066 
0.397246 3891.000000 0.226735 
0.399162 3827.000000 0.223006 
0.399401 3819.000000 0.222539 
0.396587 3913.000000 0.228017 
0.398174 3860.000000 0.224929 
0.398054 3864.000000 0.225162 
0.399850 3804.000000 0.221665 
0.398713 3842.000000 0.223880 
0.399311 3822.000000 0.222714 
0.399222 3825.000000 0.222889 
0.399401 3819.000000 0.222539 
0.398473 3850.000000 0.224346 
0.400599 3779.000000 0.220209 
0.399940 3801.000000 0.221491 
0.396887 3903.000000 0.227434 
0.399940 3801.000000 0.221491 
0.398892 3836.000000 0.223530 
0.397845 3871.000000 0.225570 
0.397934 3868.000000 0.225395 
0.398982 3833.000000 0.223355 
0.397306 3889.000000 0.226618 
0.400090 3796.000000 0.221199 
0.399371 3820.000000 0.222598 
0.397785 3873.000000 0.225686 
0.399311 3822.000000 0.222714 
0.399162 3827.000000 0.223006 
0.399012 3832.000000 0.223297 
0.397964 3867.000000 0.225337 
0.399012 3832.000000 0.223297 
0.397426 3885.000000 0.226385 
0.398354 3854.000000 0.224579 
0.399850 3804.000000 0.221665 
0.398413 3852.000000 0.224462 
0.395809 3939.000000 0.229532 
0.397246 3891.000000 0.226735 
0.397815 3872.000000 0.225628 
0.399222 3825.000000 0.222889 
0.400180 3793.000000 0.221024 
0.399192 3826.000000 0.222947 
0.397246 3891.000000 0.226735 
0.397126 3895.000000 0.226968 
0.398084 3863.000000 0.225103 
0.397875 3870.000000 0.225511 
0.396318 3922.000000 0.228541 
0.396527 3915.000000 0.228134 
0.397455 3884.000000 0.226327 
0.399311 3822.000000 0.222714 
0.399012 3832.000000 0.223297 
0.397246 3891.000000 0.226735 
0.399252 3824.000000 0.222831 
0.398294 3856.000000 0.224696 
0.398653 3844.000000 0.223996 
0.399970 3800.000000 0.221432 
0.400030 3798.000000 0.221316 
0.397964 3867.000000 0.225337 
0.398803 3839.000000 0.223705 
0.398234 3858.000000 0.224812 
0.398713 3842.000000 0.223880 
0.396767 3907.000000 0.227667 
0.397306 3889.000000 0.226618 
0.397994 3866.000000 0.225278 
0.399431 3818.000000 0.222481 
0.398982 3833.000000 0.223355 
0.397785 3873.000000 0.225686 
0.396617 3912.000000 0.227959 
0.397665 3877.000000 0.225919 
0.397605 3879.000000 0.226036 
0.399102 3829.000000 0.223122 
0.398234 3858.000000 0.224812 
0.399252 3824.000000 0.222831 
0.399192 3826.000000 0.222947 
0.399102 3829.000000 0.223122 
0.397396 3886.000000 0.226444 
0.396797 3906.000000 0.227609 
0.398204 3859.000000 0.224870 
0.398324 3855.000000 0.224637 
0.398234 3858.000000 0.224812 
0.400599 3779.000000 0.220209 
0.396198 3926.000000 0.228775 
0.399551 3814.000000 0.222248 
0.397366 3887.000000 0.226502 
0.398054 3864.000000 0.225162 
0.399431 3818.000000 0.222481 
0.398294 3856.000000 0.224696 
0.397455 3884.000000 0.226327 
0.398803 3839.000000 0.223705 
0.397515 3882.000000 0.226211 
0.396408 3919.000000 0.228367 
0.398623 3845.000000 0.224055 
0.397545 3881.000000 0.226152 
0.395300 3956.000000 0.230523 
0.397276 3890.000000 0.226677 
0.399072 3830.000000 0.223180 
0.398144 3861.000000 0.224987 
0.398054 3864.000000 0.225162 
0.398952 3834.000000 0.223414 
0.399431 3818.000000 0.222481 
0.398234 3858.000000 0.224812 
0.398862 3837.000000 0.223588 
0.398114 3862.000000 0.225045 
0.397126 3895.000000 0.226968 
0.398114 3862.000000 0.225045 
0.397336 3888.000000 0.226560 
0.398354 3854.000000 0.224579 
0.397515 3882.000000 0.226211 
0.397066 3897.000000 0.227085 
0.397905 3869.000000 0.225453 
0.398593 3846.000000 0.224113 
0.396198 3926.000000 0.228775 
0.397066 3897.000000 0.227085 
0.397994 3866.000000 0.225278 
0.399641 3811.000000 0.222073 
0.396198 3926.000000 0.228775 
0.398533 3848.000000 0.224229 
0.397006 3899.000000 0.227201 
0.397246 3891.000000 0.226735 
0.399431 3818.000000 0.222481 
0.397875 3870.000000 0.225511 
0.397964 3867.000000 0.225337 
0.400808 3772.000000 0.219801 
0.397875 3870.000000 0.225511 
0.398713 3842.000000 0.223880 
0.396977 3900.000000 0.227259 
0.398653 3844.000000 0.223996 
0.398653 3844.000000 0.223996 
0.398144 3861.000000 0.224987 
0.396857 3904.000000 0.227493 
0.397934 3868.000000 0.225395 
0.398503 3849.000000 0.224288 
0.396707 3909.000000 0.227784 
0.396468 3917.000000 0.228250 
0.397066 3897.000000 0.227085 
0.397186 3893.000000 0.226852 
0.398892 3836.000000 0.223530 
0.396917 3902.000000 0.227376 
0.395001 3966.000000 0.231105 
0.398892 3836.000000 0.223530 
0.398713 3842.000000 0.223880 
0.397455 3884.000000 0.226327 
0.399551 3814.000000 0.222248 
0.399521 3815.000000 0.222306 
0.398892 3836.000000 0.223530 
0.398204 3859.000000 0.224870 
0.397785 3873.000000 0.225686 
0.397036 3898.000000 0.227143 
0.397875 3870.000000 0.225511 
0.398982 3833.000000 0.223355 
0.397186 3893.000000 0.226852 
0.398413 3852.000000 0.224462 
0.396557 3914.000000 0.228075 
0.397934 3868.000000 0.225395 
0.398024 3865.000000 0.225220 
0.397515 3882.000000 0.226211 
0.396468 3917.000000 0.228250 
0.397905 3869.000000 0.225453 
0.397994 3866.000000 0.225278 
0.399102 3829.000000 0.223122 
0.398773 3840.000000 0.223763 
0.397575 3880.000000 0.226094 
0.400060 3797.000000 0.221258 
0.400000 3799.000000 0.221374 
0.398533 3848.000000 0.224229 
0.398833 3838.000000 0.223647 
0.395629 3945.000000 0.229882 
0.399012 3832.000000 0.223297 
0.398413 3852.000000 0.224462 
0.396827 3905.000000 0.227551 
0.394761 3974.000000 0.231572 
0.397755 3874.000000 0.225744 
0.397605 3879.000000 0.226036 
0.397246 3891.000000 0.226735 
0.397426 3885.000000 0.226385 
0.398952 3834.000000 0.223414 
0.398862 3837.000000 0.223588 
0.399461 3817.000000 0.222423 
0.398234 3858.000000 0.224812 
0.398713 3842.000000 0.223880 
0.398803 3839.000000 0.223705 
0.398024 3865.000000 0.225220 
0.397815 3872.000000 0.225628 
0.397695 3876.000000 0.225861 
0.397006 3899.000000 0.227201 
0.398713 3842.000000 0.223880 
0.399581 3813.000000 0.222190 
0.397216 3892.000000 0.226793 
0.398024 3865.000000 0.225220 
0.398144 3861.000000 0.224987 
0.398354 3854.000000 0.224579 
0.396468 3917.000000 0.228250 
0.397994 3866.000000 0.225278 
0.397485 3883.000000 0.226269 
0.400030 3798.000000 0.221316 
0.399970 3800.000000 0.221432 
0.397096 3896.000000 0.227026 
0.397246 3891.000000 0.226735 
0.399880 3803.000000 0.221607 
0.397276 3890.000000 0.226677 
0.395540 3948.000000 0.230057 
0.397605 3879.000000 0.226036 
0.399012 3832.000000 0.223297 
0.396318 3922.000000 0.228541 
0.398653 3844.000000 0.223996 
0.397755 3874.000000 0.225744 
0.397276 3890.000000 0.226677 
0.395450 3951.000000 0.230231 
0.396138 3928.000000 0.228891 
0.398054 3864.000000 0.225162 
0.398503 3849.000000 0.224288 
0.398653 3844.000000 0.223996 
0.398473 3850.000000 0.224346 
0.398533 3848.000000 0.224229 
0.397875 3870.000000 0.225511 
0.397126 3895.000000 0.226968 
0.397485 3883.000000 0.226269 
0.398533 3848.000000 0.224229 
0.398892 3836.000000 0.223530 
0.396198 3926.000000 0.228775 
0.397306 3889.000000 0.226618 
0.399611 3812.000000 0.222132 
0.399222 3825.000000 0.222889 
0.398174 3860.000000 0.224929 
0.399731 3808.000000 0.221898 
0.397845 3871.000000 0.225570 
0.397276 3890.000000 0.226677 
0.398413 3852.000000 0.224462 
0.397006 3899.000000 0.227201 
0.399222 3825.000000 0.222889 
0.397605 3879.000000 0.226036 
0.397515 3882.000000 0.226211 
0.398803 3839.000000 0.223705 
0.398174 3860.000000 0.224929 
0.399581 3813.000000 0.222190 
0.396498 3916.000000 0.228192 
0.396917 3902.000000 0.227376 
0.396797 3906.000000 0.227609 
0.397994 3866.000000 0.225278 
0.395480 3950.000000 0.230173 
0.398503 3849.000000 0.224288 
0.397785 3873.000000 0.225686 
0.397905 3869.000000 0.225453 
0.400539 3781.000000 0.220325 
0.397665 3877.000000 0.225919 
0.399401 3819.000000 0.222539 
0.398294 3856.000000 0.224696 
0.396677 3910.000000 0.227842 
0.397994 3866.000000 0.225278 
0.396647 3911.000000 0.227900 
0.396318 3922.000000 0.228541 
0.399252 3824.000000 0.222831 
0.397665 3877.000000 0.225919 
0.397006 3899.000000 0.227201 
0.398743 3841.000000 0.223821 
0.398413 3852.000000 0.224462 
0.397575 3880.000000 0.226094 
0.396318 3922.000000 0.228541 
0.399431 3818.000000 0.222481 
0.397246 3891.000000 0.226735 
0.399162 3827.000000 0.223006 
0.397006 3899.000000 0.227201 
0.397515 3882.000000 0.226211 
0.399701 3809.000000 0.221957 
0.398024 3865.000000 0.225220 
0.398324 3855.000000 0.224637 
0.398593 3846.000000 0.224113 
0.397695 3876.000000 0.225861 
0.397515 3882.000000 0.226211 
0.398563 3847.000000 0.224171 
0.397725 3875.000000 0.225803 
0.398773 3840.000000 0.223763 
0.398443 3851.000000 0.224404 
0.396617 3912.000000 0.227959 
0.399042 3831.000000 0.223239 
0.397635 3878.000000 0.225978 
0.398833 3838.000000 0.223647 
0.398952 3834.000000 0.223414 
0.398234 3858.000000 0.224812 
0.398533 3848.000000 0.224229 
0.396737 3908.000000 0.227726 
0.398324 3855.000000 0.224637 
0.400629 3778.000000 0.220150 
0.397875 3870.000000 0.225511 
0.398234 3858.000000 0.224812 
0.399431 3818.000000 0.222481 
0.398473 3850.000000 0.224346 
0.399222 3825.000000 0.222889 
0.399252 3824.000000 0.222831 
0.396857 3904.000000 0.227493 
0.396408 3919.000000 0.228367 
0.398653 3844.000000 0.223996 
0.398264 3857.000000 0.224754 
0.398773 3840.000000 0.223763 
0.397216 3892.000000 0.226793 
0.398503 3849.000000 0.224288 
0.399431 3818.000000 0.222481 
0.397575 3880.000000 0.226094 
0.396737 3908.000000 0.227726 
0.398234 3858.000000 0.224812 
0.397725 3875.000000 0.225803 
0.398084 3863.000000 0.225103 
0.399311 3822.000000 0.222714 
0.396857 3904.000000 0.227493 
0.399072 3830.000000 0.223180 
0.397216 3892.000000 0.226793 
0.397635 3878.000000 0.225978 
0.399940 3801.000000 0.221491 
0.396827 3905.000000 0.227551 
0.396438 3918.000000 0.228308 
0.397036 3898.000000 0.227143 
0.397006 3899.000000 0.227201 
0.398922 3835.000000 0.223472 
0.399761 3807.000000 0.221840 
0.397964 3867.000000 0.225337 
0.399461 3817.000000 0.222423 
0.396887 3903.000000 0.227434 
0.398264 3857.000000 0.224754 
0.398773 3840.000000 0.223763 
0.398054 3864.000000 0.225162 
0.397605 3879.000000 0.226036 
0.398024 3865.000000 0.225220 
0.400599 3779.000000 0.220209 
0.398413 3852.000000 0.224462 
0.396258 3924.000000 0.228658 
0.399970 3800.000000 0.221432 
0.396767 3907.000000 0.227667 
0.396887 3903.000000 0.227434 
0.399820 3805.000000 0.221724 
0.398084 3863.000000 0.225103 
0.398114 3862.000000 0.225045 
0.397934 3868.000000 0.225395 
0.399102 3829.000000 0.223122 
0.399521 3815.000000 0.222306 
0.397455 3884.000000 0.226327 
0.397845 3871.000000 0.225570 
0.397695 3876.000000 0.225861 
0.398174 3860.000000 0.224929 
0.400269 3790.000000 0.220850 
0.398354 3854.000000 0.224579 
0.399761 3807.000000 0.221840 
0.398743 3841.000000 0.223821 
0.395929 3935.000000 0.229299 
0.398354 3854.000000 0.224579 
0.395629 3945.000000 0.229882 
0.398653 3844.000000 0.223996 
0.399042 3831.000000 0.223239 
0.396617 3912.000000 0.227959 
0.397665 3877.000000 0.225919 
0.397396 3886.000000 0.226444 
0.396827 3905.000000 0.227551 
0.396587 3913.000000 0.228017 
0.399371 3820.000000 0.222598 
0.397934 3868.000000 0.225395 
0.397096 3896.000000 0.227026 
0.399012 3832.000000 0.223297 
0.400629 3778.000000 0.220150 
0.399222 3825.000000 0.222889 
0.398653 3844.000000 0.223996 
0.399491 3816.000000 0.222365 
0.399581 3813.000000 0.222190 
0.397994 3866.000000 0.225278 
0.396617 3912.000000 0.227959 
0.399401 3819.000000 0.222539 
0.398294 3856.000000 0.224696 
0.399132 3828.000000 0.223064 
0.398743 3841.000000 0.223821 
0.396617 3912.000000 0.227959 
0.399072 3830.000000 0.223180 
0.397216 3892.000000 0.226793 
0.398204 3859.000000 0.224870 
0.397096 3896.000000 0.227026 
0.398713 3842.000000 0.223880 
0.397396 3886.000000 0.226444 
0.397964 3867.000000 0.225337 
0.397875 3870.000000 0.225511 
0.397665 3877.000000 0.225919 
0.398324 3855.000000 0.224637 
0.399731 3808.000000 0.221898 
0.398533 3848.000000 0.224229 
0.399222 3825.000000 0.222889 
0.396468 3917.000000 0.228250 
0.398743 3841.000000 0.223821 
0.399491 3816.000000 0.222365 
0.398234 3858.000000 0.224812 
0.398862 3837.000000 0.223588 
0.397785 3873.000000 0.225686 
0.401167 3760.000000 0.219101 
0.398683 3843.000000 0.223938 
0.397964 3867.000000 0.225337 
0.399132 3828.000000 0.223064 
0.398264 3857.000000 0.224754 
0.397725 3875.000000 0.225803 
0.397485 3883.000000 0.226269 
0.398264 3857.000000 0.224754 
0.398114 3862.000000 0.225045 
0.399222 3825.000000 0.222889 
0.397815 3872.000000 0.225628 
0.397815 3872.000000 0.225628 
0.399671 3810.000000 0.222015 
0.400060 3797.000000 0.221258 
0.398354 3854.000000 0.224579 
0.397755 3874.000000 0.225744 
0.397755 3874.000000 0.225744 
0.398922 3835.000000 0.223472 
0.398473 3850.000000 0.224346 
0.397186 3893.000000 0.226852 
0.398294 3856.000000 0.224696 
0.397515 3882.000000 0.226211 
0.396887 3903.000000 0.227434 
0.396917 3902.000000 0.227376 
0.397605 3879.000000 0.226036 
0.397366 3887.000000 0.226502 
0.399222 3825.000000 0.222889 
0.398623 3845.000000 0.224055 
0.400180 3793.000000 0.221024 
0.398773 3840.000000 0.223763 
0.399132 3828.000000 0.223064 
0.397036 3898.000000 0.227143 
0.396827 3905.000000 0.227551 
0.400150 3794.000000 0.221083 
0.396198 3926.000000 0.228775 
0.399820 3805.000000 0.221724 
0.398533 3848.000000 0.224229 
0.397306 3889.000000 0.226618 
0.397785 3873.000000 0.225686 
0.397964 3867.000000 0.225337 
0.398413 3852.000000 0.224462 
0.398234 3858.000000 0.224812 
0.398144 3861.000000 0.224987 
0.399910 3802.000000 0.221549 
0.397755 3874.000000 0.225744 
0.400359 3787.000000 0.220675 
0.397545 3881.000000 0.226152 
0.397875 3870.000000 0.225511 
0.398264 3857.000000 0.224754 
0.396797 3906.000000 0.227609 
0.398294 3856.000000 0.224696 
0.400509 3782.000000 0.220383 
0.397186 3893.000000 0.226852 
0.398503 3849.000000 0.224288 
0.399491 3816.000000 0.222365 
0.399701 3809.000000 0.221957 
0.398264 3857.000000 0.224754 
0.397755 3874.000000 0.225744 
0.398533 3848.000000 0.224229 
0.397695 3876.000000 0.225861 
0.399431 3818.000000 0.222481 
0.397755 3874.000000 0.225744 
0.398084 3863.000000 0.225103 
0.397725 3875.000000 0.225803 
0.397875 3870.000000 0.225511 
0.396557 3914.000000 0.228075 
0.397306 3889.000000 0.226618 
0.398264 3857.000000 0.224754 
0.398623 3845.000000 0.224055 
0.398533 3848.000000 0.224229 
0.398204 3859.000000 0.224870 
0.397306 3889.000000 0.226618 
0.396527 3915.000000 0.228134 
0.395659 3944.000000 0.229823 
0.398533 3848.000000 0.224229 
0.398144 3861.000000 0.224987 
0.397036 3898.000000 0.227143 
0.397306 3889.000000 0.226618 
0.398833 3838.000000 0.223647 
0.398982 3833.000000 0.223355 
0.398324 3855.000000 0.224637 
0.396857 3904.000000 0.227493 
0.397875 3870.000000 0.225511 
0.397216 3892.000000 0.226793 
0.399162 3827.000000 0.223006 
0.399132 3828.000000 0.223064 
0.399222 3825.000000 0.222889 
0.398653 3844.000000 0.223996 
0.396168 3927.000000 0.228833 
0.399850 3804.000000 0.221665 
0.398054 3864.000000 0.225162 
0.396887 3903.000000 0.227434 
0.397964 3867.000000 0.225337 
0.397785 3873.000000 0.225686 
0.400030 3798.000000 0.221316 
0.398773 3840.000000 0.223763 
0.399102 3829.000000 0.223122 
0.399581 3813.000000 0.222190 
0.398354 3854.000000 0.224579 
0.396318 3922.000000 0.228541 
0.397186 3893.000000 0.226852 
0.397246 3891.000000 0.226735 
0.397246 3891.000000 0.226735 
0.398114 3862.000000 0.225045 
0.398773 3840.000000 0.223763 
0.397994 3866.000000 0.225278 
0.397156 3894.000000 0.226910 
0.399042 3831.000000 0.223239 
0.396797 3906.000000 0.227609 
0.397485 3883.000000 0.226269 
0.396378 3920.000000 0.228425 
0.398982 3833.000000 0.223355 
0.398982 3833.000000 0.223355 
0.396947 3901.000000 0.227318 
0.398354 3854.000000 0.224579 
0.398204 3859.000000 0.224870 
0.398503 3849.000000 0.224288 
0.396617 3912.000000 0.227959 
0.399461 3817.000000 0.222423 
0.398324 3855.000000 0.224637 
0.397994 3866.000000 0.225278 
0.400210 3792.000000 0.220966 
0.398593 3846.000000 0.224113 
0.400449 3784.000000 0.220500 
0.398084 3863.000000 0.225103 
0.398354 3854.000000 0.224579 
0.397875 3870.000000 0.225511 
0.399431 3818.000000 0.222481 
0.401167 3760.000000 0.219101 
0.397126 3895.000000 0.226968 
0.398264 3857.000000 0.224754 
0.398234 3858.000000 0.224812 
0.398653 3844.000000 0.223996 
0.399012 3832.000000 0.223297 
0.397096 3896.000000 0.227026 
0.397785 3873.000000 0.225686 
0.399611 3812.000000 0.222132 
0.396857 3904.000000 0.227493 
0.397695 3876.000000 0.225861 
0.398174 3860.000000 0.224929 
0.398413 3852.000000 0.224462 
0.398354 3854.000000 0.224579 
0.399461 3817.000000 0.222423 
0.398533 3848.000000 0.224229 
0.397246 3891.000000 0.226735 
0.398922 3835.000000 0.223472 
0.399401 3819.000000 0.222539 
0.399102 3829.000000 0.223122 
0.400299 3789.000000 0.220791 
0.399132 3828.000000 0.223064 
0.396947 3901.000000 0.227318 
0.398114 3862.000000 0.225045 
0.396587 3913.000000 0.228017 
0.399671 3810.000000 0.222015 
0.398473 3850.000000 0.224346 
0.397455 3884.000000 0.226327 
0.398922 3835.000000 0.223472 
0.397845 3871.000000 0.225570 
0.399282 3823.000000 0.222773 
0.397455 3884.000000 0.226327 
0.397755 3874.000000 0.225744 
0.396977 3900.000000 0.227259 
0.398653 3844.000000 0.223996 
0.398563 3847.000000 0.224171 
0.400180 3793.000000 0.221024 
0.398713 3842.000000 0.223880 
0.397276 3890.000000 0.226677 
0.397785 3873.000000 0.225686 
0.396707 3909.000000 0.227784 
0.396827 3905.000000 0.227551 
0.398743 3841.000000 0.223821 
0.394941 3968.000000 0.231222 
0.400419 3785.000000 0.220558 
0.396827 3905.000000 0.227551 
0.396348 3921.000000 0.228483 
0.399252 3824.000000 0.222831 
0.397455 3884.000000 0.226327 
0.395330 3955.000000 0.230464 
0.398294 3856.000000 0.224696 
0.395959 3934.000000 0.229241 
0.397905 3869.000000 0.225453 
0.399012 3832.000000 0.223297 
0.396677 3910.000000 0.227842 
0.397366 3887.000000 0.226502 
0.397605 3879.000000 0.226036 
0.398653 3844.000000 0.223996 
0.399761 3807.000000 0.221840 
0.397186 3893.000000 0.226852 
0.398803 3839.000000 0.223705 
0.399701 3809.000000 0.221957 
0.401617 3745.000000 0.218227 
0.397695 3876.000000 0.225861 
0.398354 3854.000000 0.224579 
0.398383 3853.000000 0.224521 
0.398713 3842.000000 0.223880 
0.398743 3841.000000 0.223821 
0.395540 3948.000000 0.230057 
0.398174 3860.000000 0.224929 
0.397485 3883.000000 0.226269 
0.397366 3887.000000 0.226502 
0.397785 3873.000000 0.225686 
0.398473 3850.000000 0.224346 
0.399790 3806.000000 0.221782 
0.397036 3898.000000 0.227143 
0.399252 3824.000000 0.222831 
0.398952 3834.000000 0.223414 
0.399880 3803.000000 0.221607 
0.399401 3819.000000 0.222539 
0.399371 3820.000000 0.222598 
0.398144 3861.000000 0.224987 
0.398324 3855.000000 0.224637 
0.400269 3790.000000 0.220850 
0.398054 3864.000000 0.225162 
0.398803 3839.000000 0.223705 
0.397575 3880.000000 0.226094 
0.398144 3861.000000 0.224987 
0.397845 3871.000000 0.225570 
0.398892 3836.000000 0.223530 
0.398713 3842.000000 0.223880 
0.399820 3805.000000 0.221724 
0.398593 3846.000000 0.224113 
0.397426 3885.000000 0.226385 
0.396617 3912.000000 0.227959 
0.397066 3897.000000 0.227085 
0.396408 3919.000000 0.228367 
0.400269 3790.000000 0.220850 
0.397276 3890.000000 0.226677 
0.398294 3856.000000 0.224696 
0.399790 3806.000000 0.221782 
0.396378 3920.000000 0.228425 
0.399371 3820.000000 0.222598 
0.399401 3819.000000 0.222539 
0.397815 3872.000000 0.225628 
0.399341 3821.000000 0.222656 
0.396108 3929.000000 0.228949 
0.396378 3920.000000 0.228425 
0.397964 3867.000000 0.225337 
0.399461 3817.000000 0.222423 
0.396857 3904.000000 0.227493 
0.397934 3868.000000 0.225395 
0.399042 3831.000000 0.223239 
0.398174 3860.000000 0.224929 
0.397635 3878.000000 0.225978 
0.398683 3843.000000 0.223938 
0.397934 3868.000000 0.225395 
0.400359 3787.000000 0.220675 
0.399072 3830.000000 0.223180 
0.396527 3915.000000 0.228134 
0.400120 3795.000000 0.221141 
0.398473 3850.000000 0.224346 
0.396917 3902.000000 0.227376 
0.399401 3819.000000 0.222539 
0.398892 3836.000000 0.223530 
0.398683 3843.000000 0.223938 
0.398653 3844.000000 0.223996 
0.396587 3913.000000 0.228017 
0.397875 3870.000000 0.225511 
0.397994 3866.000000 0.225278 
0.397964 3867.000000 0.225337 
0.397994 3866.000000 0.225278 
0.396617 3912.000000 0.227959 
0.396857 3904.000000 0.227493 
0.396947 3901.000000 0.227318 
0.399940 3801.000000 0.221491 
0.397066 3897.000000 0.227085 
0.399461 3817.000000 0.222423 
0.397785 3873.000000 0.225686 
0.394552 3981.000000 0.231979 
0.398204 3859.000000 0.224870 
0.398533 3848.000000 0.224229 
0.398174 3860.000000 0.224929 
0.397755 3874.000000 0.225744 
0.397066 3897.000000 0.227085 
0.397934 3868.000000 0.225395 
0.397755 3874.000000 0.225744 
0.398413 3852.000000 0.224462 
0.399910 3802.000000 0.221549 
0.397545 3881.000000 0.226152 
0.398443 3851.000000 0.224404 
0.397905 3869.000000 0.225453 
0.399761 3807.000000 0.221840 
0.399192 3826.000000 0.222947 
0.397755 3874.000000 0.225744 
0.399042 3831.000000 0.223239 
0.397605 3879.000000 0.226036 
0.397934 3868.000000 0.225395 
0.400778 3773.000000 0.219859 
0.398623 3845.000000 0.224055 
0.399611 3812.000000 0.222132 
0.398324 3855.000000 0.224637 
0.398084 3863.000000 0.225103 
0.398054 3864.000000 0.225162 
0.398324 3855.000000 0.224637 
0.397725 3875.000000 0.225803 
0.396318 3922.000000 0.228541 
0.399551 3814.000000 0.222248 
0.400808 3772.000000 0.219801 
0.395390 3953.000000 0.230348 
0.398982 3833.000000 0.223355 
0.399252 3824.000000 0.222831 
0.397276 3890.000000 0.226677 
0.398623 3845.000000 0.224055 
0.396408 3919.000000 0.228367 
0.396647 3911.000000 0.227900 
0.397096 3896.000000 0.227026 
0.397515 3882.000000 0.226211 
0.397934 3868.000000 0.225395 
0.398054 3864.000000 0.225162 
0.397994 3866.000000 0.225278 
0.398952 3834.000000 0.223414 
0.398743 3841.000000 0.223821 
0.397515 3882.000000 0.226211 
0.398533 3848.000000 0.224229 
0.397575 3880.000000 0.226094 
0.397246 3891.000000 0.226735 
0.397306 3889.000000 0.226618 
0.398204 3859.000000 0.224870 
0.398593 3846.000000 0.224113 
0.397994 3866.000000 0.225278 
0.396468 3917.000000 0.228250 
0.399162 3827.000000 0.223006 
0.397635 3878.000000 0.225978 
0.397306 3889.000000 0.226618 
0.399401 3819.000000 0.222539 
0.397126 3895.000000 0.226968 
0.399012 3832.000000 0.223297 
0.396677 3910.000000 0.227842 
0.396827 3905.000000 0.227551 
0.398862 3837.000000 0.223588 
0.397336 3888.000000 0.226560 
0.398264 3857.000000 0.224754 
0.398833 3838.000000 0.223647 
0.397366 3887.000000 0.226502 
0.396258 3924.000000 0.228658 
0.396498 3916.000000 0.228192 
0.400180 3793.000000 0.221024 
0.398593 3846.000000 0.224113 
0.399341 3821.000000 0.222656 
0.396527 3915.000000 0.228134 
0.397905 3869.000000 0.225453 
0.399222 3825.000000 0.222889 
0.399401 3819.000000 0.222539 
0.397815 3872.000000 0.225628 
0.397785 3873.000000 0.225686 
0.396677 3910.000000 0.227842 
0.396917 3902.000000 0.227376 
0.397575 3880.000000 0.226094 
0.398473 3850.000000 0.224346 
0.397216 3892.000000 0.226793 
0.398144 3861.000000 0.224987 
0.397455 3884.000000 0.226327 
0.397905 3869.000000 0.225453 
0.395629 3945.000000 0.229882 
0.397455 3884.000000 0.226327 
0.398324 3855.000000 0.224637 
0.398862 3837.000000 0.223588 
0.397845 3871.000000 0.225570 
0.396498 3916.000000 0.228192 
0.399970 3800.000000 0.221432 
0.400359 3787.000000 0.220675 
0.400718 3775.000000 0.219976 
0.397725 3875.000000 0.225803 
0.396498 3916.000000 0.228192 
0.398294 3856.000000 0.224696 
0.397036 3898.000000 0.227143 
0.398982 3833.000000 0.223355 
0.398144 3861.000000 0.224987 
0.398803 3839.000000 0.223705 
0.399641 3811.000000 0.222073 
0.397006 3899.000000 0.227201 
0.396977 3900.000000 0.227259 
0.397994 3866.000000 0.225278 
0.400449 3784.000000 0.220500 
0.397156 3894.000000 0.226910 
0.399132 3828.000000 0.223064 
0.397815 3872.000000 0.225628 
0.398144 3861.000000 0.224987 
0.399761 3807.000000 0.221840 
0.398743 3841.000000 0.223821 
0.397905 3869.000000 0.225453 
0.396677 3910.000000 0.227842 
0.396587 3913.000000 0.228017 
0.397246 3891.000000 0.226735 
0.396318 3922.000000 0.228541 
0.399910 3802.000000 0.221549 
0.397695 3876.000000 0.225861 
0.399222 3825.000000 0.222889 
0.397575 3880.000000 0.226094 
0.399701 3809.000000 0.221957 
0.398204 3859.000000 0.224870 
0.397934 3868.000000 0.225395 
0.396797 3906.000000 0.227609 
0.398503 3849.000000 0.224288 
0.397845 3871.000000 0.225570 
0.394642 3978.000000 0.231805 
0.398473 3850.000000 0.224346 
0.398503 3849.000000 0.224288 
0.397426 3885.000000 0.226385 
0.397785 3873.000000 0.225686 
0.398803 3839.000000 0.223705 
0.401946 3734.000000 0.217586 
0.398264 3857.000000 0.224754 
0.398413 3852.000000 0.224462 
0.398952 3834.000000 0.223414 
0.398803 3839.000000 0.223705 
0.397695 3876.000000 0.225861 
0.395061 3964.000000 0.230989 
0.397605 3879.000000 0.226036 
0.399910 3802.000000 0.221549 
0.399641 3811.000000 0.222073 
0.399611 3812.000000 0.222132 
0.398773 3840.000000 0.223763 
0.398803 3839.000000 0.223705 
0.399401 3819.000000 0.222539 
0.397216 3892.000000 0.226793 
0.400090 3796.000000 0.221199 
0.398084 3863.000000 0.225103 
0.398264 3857.000000 0.224754 
0.397186 3893.000000 0.226852 
0.396468 3917.000000 0.228250 
0.399581 3813.000000 0.222190 
0.397515 3882.000000 0.226211 
0.398294 3856.000000 0.224696 
0.396857 3904.000000 0.227493 
0.399491 3816.000000 0.222365 
0.399611 3812.000000 0.222132 
0.398443 3851.000000 0.224404 
0.397635 3878.000000 0.225978 
0.397875 3870.000000 0.225511 
0.398443 3851.000000 0.224404 
0.397575 3880.000000 0.226094 
0.397515 3882.000000 0.226211 
0.400090 3796.000000 0.221199 
0.400180 3793.000000 0.221024 
0.398803 3839.000000 0.223705 
0.398324 3855.000000 0.224637 
0.397156 3894.000000 0.226910 
0.397994 3866.000000 0.225278 
0.396707 3909.000000 0.227784 
0.398204 3859.000000 0.224870 
0.397455 3884.000000 0.226327 
0.398234 3858.000000 0.224812 
0.399311 3822.000000 0.222714 
0.398144 3861.000000 0.224987 
0.399910 3802.000000 0.221549 
0.395899 3936.000000 0.229357 
0.397306 3889.000000 0.226618 
0.399401 3819.000000 0.222539 
0.399162 3827.000000 0.223006 
0.396138 3928.000000 0.228891 
0.396737 3908.000000 0.227726 
0.398862 3837.000000 0.223588 
0.399431 3818.000000 0.222481 
0.397994 3866.000000 0.225278 
0.396947 3901.000000 0.227318 
0.397066 3897.000000 0.227085 
0.398204 3859.000000 0.224870 
0.398653 3844.000000 0.223996 
0.395899 3936.000000 0.229357 
0.398144 3861.000000 0.224987 
0.395869 3937.000000 0.229416 
0.398533 3848.000000 0.224229 
0.396138 3928.000000 0.228891 
0.398833 3838.000000 0.223647 
0.398593 3846.000000 0.224113 
0.397845 3871.000000 0.225570 
0.397246 3891.000000 0.226735 
0.398473 3850.000000 0.224346 
0.398653 3844.000000 0.223996 
0.397725 3875.000000 0.225803 
0.399491 3816.000000 0.222365 
0.397426 3885.000000 0.226385 
0.397306 3889.000000 0.226618 
0.398024 3865.000000 0.225220 
0.397695 3876.000000 0.225861 
0.396138 3928.000000 0.228891 
0.398204 3859.000000 0.224870 
0.398713 3842.000000 0.223880 
0.398264 3857.000000 0.224754 
0.398294 3856.000000 0.224696 
0.397276 3890.000000 0.226677 
0.397036 3898.000000 0.227143 
0.401138 3761.000000 0.219160 
0.396857 3904.000000 0.227493 
0.395540 3948.000000 0.230057 
0.396917 3902.000000 0.227376 
0.397096 3896.000000 0.227026 
0.397635 3878.000000 0.225978 
0.397156 3894.000000 0.226910 
0.397216 3892.000000 0.226793 
0.396408 3919.000000 0.228367 
0.396557 3914.000000 0.228075 
0.398892 3836.000000 0.223530 
0.397246 3891.000000 0.226735 
0.397635 3878.000000 0.225978 
0.397515 3882.000000 0.226211 
0.397366 3887.000000 0.226502 
0.399222 3825.000000 0.222889 
0.398922 3835.000000 0.223472 
0.398144 3861.000000 0.224987 
0.398653 3844.000000 0.223996 
0.397366 3887.000000 0.226502 
0.399311 3822.000000 0.222714 
0.399371 3820.000000 0.222598 
0.397216 3892.000000 0.226793 
0.397845 3871.000000 0.225570 
0.397186 3893.000000 0.226852 
0.397455 3884.000000 0.226327 
0.397396 3886.000000 0.226444 
0.398533 3848.000000 0.224229 
0.397994 3866.000000 0.225278 
0.397695 3876.000000 0.225861 
0.398114 3862.000000 0.225045 
0.396078 3930.000000 0.229008 
0.397396 3886.000000 0.226444 
0.398922 3835.000000 0.223472 
0.398204 3859.000000 0.224870 
0.397875 3870.000000 0.225511 
0.398683 3843.000000 0.223938 
0.398833 3838.000000 0.223647 
0.397815 3872.000000 0.225628 
0.397785 3873.000000 0.225686 
0.398653 3844.000000 0.223996 
0.398114 3862.000000 0.225045 
0.397216 3892.000000 0.226793 
0.397905 3869.000000 0.225453 
0.396797 3906.000000 0.227609 
0.397396 3886.000000 0.226444 
0.398054 3864.000000 0.225162 
0.397306 3889.000000 0.226618 
0.397964 3867.000000 0.225337 
0.398653 3844.000000 0.223996 
0.398054 3864.000000 0.225162 
0.398862 3837.000000 0.223588 
0.400299 3789.000000 0.220791 
0.396228 3925.000000 0.228716 
0.396977 3900.000000 0.227259 
0.398354 3854.000000 0.224579 
0.397785 3873.000000 0.225686 
0.396887 3903.000000 0.227434 
0.398862 3837.000000 0.223588 
0.398803 3839.000000 0.223705 
0.397246 3891.000000 0.226735 
0.399940 3801.000000 0.221491 
0.396827 3905.000000 0.227551 
0.398114 3862.000000 0.225045 
0.397665 3877.000000 0.225919 
0.396138 3928.000000 0.228891 
0.396737 3908.000000 0.227726 
0.400120 3795.000000 0.221141 
0.398683 3843.000000 0.223938 
0.397485 3883.000000 0.226269 
0.398593 3846.000000 0.224113 
0.398354 3854.000000 0.224579 
0.397755 3874.000000 0.225744 
0.398144 3861.000000 0.224987 
0.398264 3857.000000 0.224754 
0.399880 3803.000000 0.221607 
0.397336 3888.000000 0.226560 
0.398114 3862.000000 0.225045 
0.397725 3875.000000 0.225803 
0.398054 3864.000000 0.225162 
0.397485 3883.000000 0.226269 
0.398324 3855.000000 0.224637 
0.399341 3821.000000 0.222656 
0.397156 3894.000000 0.226910 
0.396737 3908.000000 0.227726 
0.396857 3904.000000 0.227493 
0.396647 3911.000000 0.227900 
0.397515 3882.000000 0.226211 
0.400299 3789.000000 0.220791 
0.398952 3834.000000 0.223414 
0.398413 3852.000000 0.224462 
0.399910 3802.000000 0.221549 
0.398294 3856.000000 0.224696 
0.396707 3909.000000 0.227784 
0.397695 3876.000000 0.225861 
0.397845 3871.000000 0.225570 
0.399252 3824.000000 0.222831 
0.397635 3878.000000 0.225978 
0.398114 3862.000000 0.225045 
0.399641 3811.000000 0.222073 
0.399491 3816.000000 0.222365 
0.399731 3808.000000 0.221898 
0.396947 3901.000000 0.227318 
0.399850 3804.000000 0.221665 
0.397575 3880.000000 0.226094 
0.397515 3882.000000 0.226211 
0.397126 3895.000000 0.226968 
0.397455 3884.000000 0.226327 
0.398354 3854.000000 0.224579 
0.398084 3863.000000 0.225103 
0.397934 3868.000000 0.225395 
0.400030 3798.000000 0.221316 
0.398264 3857.000000 0.224754 
0.395420 3952.000000 0.230290 
0.394612 3979.000000 0.231863 
0.401467 3750.000000 0.218519 
0.395749 3941.000000 0.229649 
0.398174 3860.000000 0.224929 
0.400569 3780.000000 0.220267 
0.397426 3885.000000 0.226385 
0.397905 3869.000000 0.225453 
0.397605 3879.000000 0.226036 
0.398982 3833.000000 0.223355 
0.397156 3894.000000 0.226910 
0.397306 3889.000000 0.226618 
0.398713 3842.000000 0.223880 
0.397815 3872.000000 0.225628 
0.397216 3892.000000 0.226793 
0.399521 3815.000000 0.222306 
0.398024 3865.000000 0.225220 
0.397575 3880.000000 0.226094 
0.398294 3856.000000 0.224696 
0.397785 3873.000000 0.225686 
0.398024 3865.000000 0.225220 
0.398773 3840.000000 0.223763 
0.400180 3793.000000 0.221024 
0.397994 3866.000000 0.225278 
0.396498 3916.000000 0.228192 
0.397515 3882.000000 0.226211 
0.398533 3848.000000 0.224229 
0.397336 3888.000000 0.226560 
0.398653 3844.000000 0.223996 
0.399701 3809.000000 0.221957 
0.398593 3846.000000 0.224113 
0.398653 3844.000000 0.223996 
0.398174 3860.000000 0.224929 
0.396767 3907.000000 0.227667 
0.398803 3839.000000 0.223705 
0.398952 3834.000000 0.223414 
0.396108 3929.000000 0.228949 
0.395899 3936.000000 0.229357 
0.397695 3876.000000 0.225861 
0.397785 3873.000000 0.225686 
0.397186 3893.000000 0.226852 
0.398084 3863.000000 0.225103 
0.396917 3902.000000 0.227376 
0.397695 3876.000000 0.225861 
0.399102 3829.000000 0.223122 
0.397186 3893.000000 0.226852 
0.398623 3845.000000 0.224055 
0.398054 3864.000000 0.225162 
0.399012 3832.000000 0.223297 
0.396228 3925.000000 0.228716 
0.398713 3842.000000 0.223880 
0.399132 3828.000000 0.223064 
0.397695 3876.000000 0.225861 
0.396408 3919.000000 0.228367 
0.398922 3835.000000 0.223472 
0.399611 3812.000000 0.222132 
0.400269 3790.000000 0.220850 
0.397785 3873.000000 0.225686 
0.395570 3947.000000 0.229998 
0.397545 3881.000000 0.226152 
0.397695 3876.000000 0.225861 
0.398234 3858.000000 0.224812 
0.398833 3838.000000 0.223647 
0.397635 3878.000000 0.225978 
0.398054 3864.000000 0.225162 
0.397426 3885.000000 0.226385 
0.397276 3890.000000 0.226677 
0.399252 3824.000000 0.222831 
0.395330 3955.000000 0.230464 
0.395689 3943.000000 0.229765 
0.398743 3841.000000 0.223821 
0.397994 3866.000000 0.225278 
0.397186 3893.000000 0.226852 
0.397186 3893.000000 0.226852 
0.398743 3841.000000 0.223821 
0.397216 3892.000000 0.226793 
0.397006 3899.000000 0.227201 
0.398174 3860.000000 0.224929 
0.397396 3886.000000 0.226444 
0.398354 3854.000000 0.224579 
0.398803 3839.000000 0.223705 
0.398833 3838.000000 0.223647 
0.399072 3830.000000 0.223180 
0.398294 3856.000000 0.224696 
0.397036 3898.000000 0.227143 
0.398982 3833.000000 0.223355 
0.397845 3871.000000 0.225570 
0.397665 3877.000000 0.225919 
0.398443 3851.000000 0.224404 
0.397186 3893.000000 0.226852 
0.398234 3858.000000 0.224812 
0.397964 3867.000000 0.225337 
0.398593 3846.000000 0.224113 
0.399611 3812.000000 0.222132 
0.397246 3891.000000 0.226735 
0.397605 3879.000000 0.226036 
0.395929 3935.000000 0.229299 
0.397905 3869.000000 0.225453 
0.398294 3856.000000 0.224696 
0.396947 3901.000000 0.227318 
0.394671 3977.000000 0.231746 
0.396378 3920.000000 0.228425 
0.398324 3855.000000 0.224637 
0.397605 3879.000000 0.226036 
0.397186 3893.000000 0.226852 
0.398443 3851.000000 0.224404 
0.398952 3834.000000 0.223414 
0.397635 3878.000000 0.225978 
0.399072 3830.000000 0.223180 
0.396318 3922.000000 0.228541 
0.398803 3839.000000 0.223705 
0.398803 3839.000000 0.223705 
0.400000 3799.000000 0.221374 
0.398653 3844.000000 0.223996 
0.397426 3885.000000 0.226385 
0.396737 3908.000000 0.227726 
0.398922 3835.000000 0.223472 
0.398952 3834.000000 0.223414 
0.398294 3856.000000 0.224696 
0.400329 3788.000000 0.220733 
0.399671 3810.000000 0.222015 
0.396857 3904.000000 0.227493 
0.397845 3871.000000 0.225570 
0.397815 3872.000000 0.225628 
0.397845 3871.000000 0.225570 
0.396797 3906.000000 0.227609 
0.398294 3856.000000 0.224696 
0.400958 3767.000000 0.219509 
0.396378 3920.000000 0.228425 
0.395779 3940.000000 0.229590 
0.397635 3878.000000 0.225978 
0.399401 3819.000000 0.222539 
0.400419 3785.000000 0.220558 
0.398383 3853.000000 0.224521 
0.399162 3827.000000 0.223006 
0.399970 3800.000000 0.221432 
0.397725 3875.000000 0.225803 
0.397964 3867.000000 0.225337 
0.397605 3879.000000 0.226036 
0.397665 3877.000000 0.225919 
0.397875 3870.000000 0.225511 
0.401287 3756.000000 0.218868 
0.398593 3846.000000 0.224113 
0.400599 3779.000000 0.220209 
0.399132 3828.000000 0.223064 
0.398862 3837.000000 0.223588 
0.398114 3862.000000 0.225045 
0.399491 3816.000000 0.222365 
0.397515 3882.000000 0.226211 
0.397246 3891.000000 0.226735 
0.399192 3826.000000 0.222947 
0.399761 3807.000000 0.221840 
0.398204 3859.000000 0.224870 
0.397096 3896.000000 0.227026 
0.396857 3904.000000 0.227493 
0.399611 3812.000000 0.222132 
0.396887 3903.000000 0.227434 
0.398234 3858.000000 0.224812 
0.397515 3882.000000 0.226211 
0.399341 3821.000000 0.222656 
0.396408 3919.000000 0.228367 
0.397096 3896.000000 0.227026 
0.398084 3863.000000 0.225103 
0.397246 3891.000000 0.226735 
0.399761 3807.000000 0.221840 
0.398054 3864.000000 0.225162 
0.400359 3787.000000 0.220675 
0.398982 3833.000000 0.223355 
0.397785 3873.000000 0.225686 
0.396887 3903.000000 0.227434 
0.397216 3892.000000 0.226793 
0.397366 3887.000000 0.226502 
0.398443 3851.000000 0.224404 
0.396468 3917.000000 0.228250 
0.396737 3908.000000 0.227726 
0.395959 3934.000000 0.229241 
0.398174 3860.000000 0.224929 
0.400479 3783.000000 0.220442 
0.396408 3919.000000 0.228367 
0.398054 3864.000000 0.225162 
0.398114 3862.000000 0.225045 
0.396917 3902.000000 0.227376 
0.398354 3854.000000 0.224579 
0.398533 3848.000000 0.224229 
0.401048 3764.000000 0.219335 
0.399401 3819.000000 0.222539 
0.398773 3840.000000 0.223763 
0.397426 3885.000000 0.226385 
0.398683 3843.000000 0.223938 
0.399162 3827.000000 0.223006 
0.397036 3898.000000 0.227143 
0.399940 3801.000000 0.221491 
0.399282 3823.000000 0.222773 
0.398922 3835.000000 0.223472 
0.397934 3868.000000 0.225395 
0.397306 3889.000000 0.226618 
0.398354 3854.000000 0.224579 
0.397994 3866.000000 0.225278 
0.397755 3874.000000 0.225744 
0.398024 3865.000000 0.225220 
0.397695 3876.000000 0.225861 
0.398324 3855.000000 0.224637 
0.399072 3830.000000 0.223180 
0.399311 3822.000000 0.222714 
0.398174 3860.000000 0.224929 
0.399042 3831.000000 0.223239 
0.395599 3946.000000 0.229940 
0.398623 3845.000000 0.224055 
0.398862 3837.000000 0.223588 
0.397635 3878.000000 0.225978 
0.396168 3927.000000 0.228833 
0.399820 3805.000000 0.221724 
0.400239 3791.000000 0.220908 
0.399042 3831.000000 0.223239 
0.397426 3885.000000 0.226385 
0.398892 3836.000000 0.223530 
0.397905 3869.000000 0.225453 
0.398174 3860.000000 0.224929 
0.398234 3858.000000 0.224812 
0.398773 3840.000000 0.223763 
0.399162 3827.000000 0.223006 
0.399611 3812.000000 0.222132 
0.396168 3927.000000 0.228833 
0.400030 3798.000000 0.221316 
0.400898 3769.000000 0.219626 
0.396468 3917.000000 0.228250 
0.397845 3871.000000 0.225570 
0.397545 3881.000000 0.226152 
0.400090 3796.000000 0.221199 
0.398683 3843.000000 0.223938 
0.399401 3819.000000 0.222539 
0.397575 3880.000000 0.226094 
0.398144 3861.000000 0.224987 
0.398773 3840.000000 0.223763 
0.397485 3883.000000 0.226269 
0.397545 3881.000000 0.226152 
0.399611 3812.000000 0.222132 
0.397964 3867.000000 0.225337 
0.398922 3835.000000 0.223472 
0.398234 3858.000000 0.224812 
0.396737 3908.000000 0.227726 
0.399192 3826.000000 0.222947 
0.397635 3878.000000 0.225978 
0.398354 3854.000000 0.224579 
0.397396 3886.000000 0.226444 
0.400778 3773.000000 0.219859 
0.400150 3794.000000 0.221083 
0.398922 3835.000000 0.223472 
0.399252 3824.000000 0.222831 
0.396857 3904.000000 0.227493 
0.402155 3727.000000 0.217178 
0.397815 3872.000000 0.225628 
0.396767 3907.000000 0.227667 
0.400000 3799.000000 0.221374 
0.400239 3791.000000 0.220908 
0.398952 3834.000000 0.223414 
0.397216 3892.000000 0.226793 
0.398174 3860.000000 0.224929 
0.397306 3889.000000 0.226618 
0.396887 3903.000000 0.227434 
0.398264 3857.000000 0.224754 
0.396617 3912.000000 0.227959 
0.398952 3834.000000 0.223414 
0.397216 3892.000000 0.226793 
0.398234 3858.000000 0.224812 
0.396348 3921.000000 0.228483 
0.396737 3908.000000 0.227726 
0.398144 3861.000000 0.224987 
0.397396 3886.000000 0.226444 
0.397096 3896.000000 0.227026 
0.400539 3781.000000 0.220325 
0.397515 3882.000000 0.226211 
0.399850 3804.000000 0.221665 
0.398413 3852.000000 0.224462 
0.396258 3924.000000 0.228658 
0.399282 3823.000000 0.222773 
0.399042 3831.000000 0.223239 
0.396468 3917.000000 0.228250 
0.397845 3871.000000 0.225570 
0.398683 3843.000000 0.223938 
0.396677 3910.000000 0.227842 
0.399581 3813.000000 0.222190 
0.397545 3881.000000 0.226152 
0.395809 3939.000000 0.229532 
0.396198 3926.000000 0.228775 
0.398383 3853.000000 0.224521 
0.399701 3809.000000 0.221957 
0.396767 3907.000000 0.227667 
0.398503 3849.000000 0.224288 
0.399701 3809.000000 0.221957 
0.399641 3811.000000 0.222073 
0.397845 3871.000000 0.225570 
0.396078 3930.000000 0.229008 
0.397695 3876.000000 0.225861 
0.396587 3913.000000 0.228017 
0.398324 3855.000000 0.224637 
0.397665 3877.000000 0.225919 
0.397695 3876.000000 0.225861 
0.396767 3907.000000 0.227667 
0.398503 3849.000000 0.224288 
0.398114 3862.000000 0.225045 
0.398743 3841.000000 0.223821 
0.400539 3781.000000 0.220325 
0.398114 3862.000000 0.225045 
0.398803 3839.000000 0.223705 
0.399701 3809.000000 0.221957 
0.396318 3922.000000 0.228541 
0.397156 3894.000000 0.226910 
0.396168 3927.000000 0.228833 
0.399132 3828.000000 0.223064 
0.397934 3868.000000 0.225395 
0.397605 3879.000000 0.226036 
0.398294 3856.000000 0.224696 
0.398623 3845.000000 0.224055 
0.396617 3912.000000 0.227959 
0.396947 3901.000000 0.227318 
0.400299 3789.000000 0.220791 
0.398264 3857.000000 0.224754 
0.399072 3830.000000 0.223180 
0.397755 3874.000000 0.225744 
0.397755 3874.000000 0.225744 
0.397605 3879.000000 0.226036 
0.398862 3837.000000 0.223588 
0.398922 3835.000000 0.223472 
0.397964 3867.000000 0.225337 
0.399880 3803.000000 0.221607 
0.397934 3868.000000 0.225395 
0.398773 3840.000000 0.223763 
0.398294 3856.000000 0.224696 
0.399521 3815.000000 0.222306 
0.398922 3835.000000 0.223472 
0.397276 3890.000000 0.226677 
0.398144 3861.000000 0.224987 
0.399252 3824.000000 0.222831 
0.397156 3894.000000 0.226910 
0.399850 3804.000000 0.221665 
0.397575 3880.000000 0.226094 
0.396797 3906.000000 0.227609 
0.399611 3812.000000 0.222132 
0.397665 3877.000000 0.225919 
0.397964 3867.000000 0.225337 
0.398234 3858.000000 0.224812 
0.398982 3833.000000 0.223355 
0.396977 3900.000000 0.227259 
0.397096 3896.000000 0.227026 
0.399671 3810.000000 0.222015 
0.399671 3810.000000 0.222015 
0.396977 3900.000000 0.227259 
0.397755 3874.000000 0.225744 
0.398653 3844.000000 0.223996 
0.398773 3840.000000 0.223763 
0.398144 3861.000000 0.224987 
0.397276 3890.000000 0.226677 
0.399162 3827.000000 0.223006 
0.397934 3868.000000 0.225395 
0.397964 3867.000000 0.225337 
0.397126 3895.000000 0.226968 
0.398174 3860.000000 0.224929 
0.399611 3812.000000 0.222132 
0.396857 3904.000000 0.227493 
0.399192 3826.000000 0.222947 
0.398982 3833.000000 0.223355 
0.399461 3817.000000 0.222423 
0.399042 3831.000000 0.223239 
0.398354 3854.000000 0.224579 
0.401587 3746.000000 0.218286 
0.397156 3894.000000 0.226910 
0.397186 3893.000000 0.226852 
0.400299 3789.000000 0.220791 
0.399341 3821.000000 0.222656 
0.396647 3911.000000 0.227900 
0.396977 3900.000000 0.227259 
0.399491 3816.000000 0.222365 
0.398204 3859.000000 0.224870 
0.399371 3820.000000 0.222598 
0.396019 3932.000000 0.229124 
0.399042 3831.000000 0.223239 
0.397635 3878.000000 0.225978 
0.398054 3864.000000 0.225162 
0.399341 3821.000000 0.222656 
0.397336 3888.000000 0.226560 
0.397455 3884.000000 0.226327 
0.398054 3864.000000 0.225162 
0.399491 3816.000000 0.222365 
0.399850 3804.000000 0.221665 
0.398952 3834.000000 0.223414 
0.396797 3906.000000 0.227609 
0.399551 3814.000000 0.222248 
0.399252 3824.000000 0.222831 
0.399581 3813.000000 0.222190 
0.397426 3885.000000 0.226385 
0.398354 3854.000000 0.224579 
0.395659 3944.000000 0.229823 
0.398144 3861.000000 0.224987 
0.396468 3917.000000 0.228250 
0.398204 3859.000000 0.224870 
0.399671 3810.000000 0.222015 
0.399012 3832.000000 0.223297 
0.398892 3836.000000 0.223530 
0.395599 3946.000000 0.229940 
0.397455 3884.000000 0.226327 
0.399072 3830.000000 0.223180 
0.398264 3857.000000 0.224754 
0.396737 3908.000000 0.227726 
0.397545 3881.000000 0.226152 
0.398264 3857.000000 0.224754 
0.398952 3834.000000 0.223414 
0.399970 3800.000000 0.221432 
0.398743 3841.000000 0.223821 
0.397934 3868.000000 0.225395 
0.397785 3873.000000 0.225686 
0.396557 3914.000000 0.228075 
0.398473 3850.000000 0.224346 
0.397515 3882.000000 0.226211 
0.399132 3828.000000 0.223064 
0.397905 3869.000000 0.225453 
0.397336 3888.000000 0.226560 
0.397635 3878.000000 0.225978 
0.399701 3809.000000 0.221957 
0.399521 3815.000000 0.222306 
0.398503 3849.000000 0.224288 
0.396617 3912.000000 0.227959 
0.397875 3870.000000 0.225511 
0.397306 3889.000000 0.226618 
0.398773 3840.000000 0.223763 
0.398174 3860.000000 0.224929 
0.396408 3919.000000 0.228367 
0.399252 3824.000000 0.222831 
0.399042 3831.000000 0.223239 
0.397006 3899.000000 0.227201 
0.398324 3855.000000 0.224637 
0.398952 3834.000000 0.223414 
0.397635 3878.000000 0.225978 
0.399341 3821.000000 0.222656 
0.399880 3803.000000 0.221607 
0.398713 3842.000000 0.223880 
0.399371 3820.000000 0.222598 
0.397635 3878.000000 0.225978 
0.396348 3921.000000 0.228483 
0.399371 3820.000000 0.222598 
0.398024 3865.000000 0.225220 
0.398294 3856.000000 0.224696 
0.397186 3893.000000 0.226852 
0.399970 3800.000000 0.221432 
0.397665 3877.000000 0.225919 
0.399252 3824.000000 0.222831 
0.396557 3914.000000 0.228075 
0.397246 3891.000000 0.226735 
0.396767 3907.000000 0.227667 
0.399162 3827.000000 0.223006 
0.395869 3937.000000 0.229416 
0.398503 3849.000000 0.224288 
0.398473 3850.000000 0.224346 
0.400449 3784.000000 0.220500 
0.399192 3826.000000 0.222947 
0.398354 3854.000000 0.224579 
0.399820 3805.000000 0.221724 
0.398952 3834.000000 0.223414 
0.399761 3807.000000 0.221840 
0.398234 3858.000000 0.224812 
0.396498 3916.000000 0.228192 
0.399701 3809.000000 0.221957 
0.396947 3901.000000 0.227318 
0.398593 3846.000000 0.224113 
0.399162 3827.000000 0.223006 
0.397635 3878.000000 0.225978 
0.397725 3875.000000 0.225803 
0.398084 3863.000000 0.225103 
0.398054 3864.000000 0.225162 
0.399042 3831.000000 0.223239 
0.397605 3879.000000 0.226036 
0.401018 3765.000000 0.219393 
0.398653 3844.000000 0.223996 
0.398773 3840.000000 0.223763 
0.397156 3894.000000 0.226910 
0.396797 3906.000000 0.227609 
0.398892 3836.000000 0.223530 
0.397396 3886.000000 0.226444 
0.398563 3847.000000 0.224171 
0.397695 3876.000000 0.225861 
0.396527 3915.000000 0.228134 
0.399551 3814.000000 0.222248 
0.397126 3895.000000 0.226968 
0.397276 3890.000000 0.226677 
0.398443 3851.000000 0.224404 
0.398354 3854.000000 0.224579 
0.399012 3832.000000 0.223297 
0.397875 3870.000000 0.225511 
0.396408 3919.000000 0.228367 
0.396827 3905.000000 0.227551 
0.399371 3820.000000 0.222598 
0.398563 3847.000000 0.224171 
0.398563 3847.000000 0.224171 
0.398144 3861.000000 0.224987 
0.397725 3875.000000 0.225803 
0.396947 3901.000000 0.227318 
0.397785 3873.000000 0.225686 
0.397994 3866.000000 0.225278 
0.399311 3822.000000 0.222714 
0.399252 3824.000000 0.222831 
0.398174 3860.000000 0.224929 
0.396887 3903.000000 0.227434 
0.398383 3853.000000 0.224521 
0.398653 3844.000000 0.223996 
0.396498 3916.000000 0.228192 
0.398204 3859.000000 0.224870 
0.396917 3902.000000 0.227376 
0.398354 3854.000000 0.224579 
0.397426 3885.000000 0.226385 
0.397396 3886.000000 0.226444 
0.398743 3841.000000 0.223821 
0.398892 3836.000000 0.223530 
0.397815 3872.000000 0.225628 
0.398084 3863.000000 0.225103 
0.398354 3854.000000 0.224579 
0.396737 3908.000000 0.227726 
0.400599 3779.000000 0.220209 
0.398413 3852.000000 0.224462 
0.397455 3884.000000 0.226327 
0.398174 3860.000000 0.224929 
0.398294 3856.000000 0.224696 
0.395510 3949.000000 0.230115 
0.398473 3850.000000 0.224346 
0.398054 3864.000000 0.225162 
0.397036 3898.000000 0.227143 
0.398743 3841.000000 0.223821 
0.397396 3886.000000 0.226444 
0.396737 3908.000000 0.227726 
0.398533 3848.000000 0.224229 
0.397036 3898.000000 0.227143 
0.399820 3805.000000 0.221724 
0.399491 3816.000000 0.222365 
0.399820 3805.000000 0.221724 
0.397575 3880.000000 0.226094 
0.399162 3827.000000 0.223006 
0.399132 3828.000000 0.223064 
0.395420 3952.000000 0.230290 
0.399072 3830.000000 0.223180 
0.399192 3826.000000 0.222947 
0.398952 3834.000000 0.223414 
0.397635 3878.000000 0.225978 
0.397455 3884.000000 0.226327 
0.398803 3839.000000 0.223705 
0.397815 3872.000000 0.225628 
0.399551 3814.000000 0.222248 
0.399461 3817.000000 0.222423 
0.398833 3838.000000 0.223647 
0.399282 3823.000000 0.222773 
0.398952 3834.000000 0.223414 
0.399611 3812.000000 0.222132 
0.396797 3906.000000 0.227609 
0.399012 3832.000000 0.223297 
0.397096 3896.000000 0.227026 
0.398024 3865.000000 0.225220 
0.397515 3882.000000 0.226211 
0.398054 3864.000000 0.225162 
0.397665 3877.000000 0.225919 
0.395779 3940.000000 0.229590 
0.399282 3823.000000 0.222773 
0.398473 3850.000000 0.224346 
0.397875 3870.000000 0.225511 
0.397905 3869.000000 0.225453 
0.399910 3802.000000 0.221549 
0.397366 3887.000000 0.226502 
0.399790 3806.000000 0.221782 
0.396977 3900.000000 0.227259 
0.397875 3870.000000 0.225511 
0.398144 3861.000000 0.224987 
0.397006 3899.000000 0.227201 
0.398533 3848.000000 0.224229 
0.398503 3849.000000 0.224288 
0.397366 3887.000000 0.226502 
0.397336 3888.000000 0.226560 
0.395989 3933.000000 0.229182 
0.397875 3870.000000 0.225511 
0.397605 3879.000000 0.226036 
0.398952 3834.000000 0.223414 
0.399671 3810.000000 0.222015 
0.398773 3840.000000 0.223763 
0.396318 3922.000000 0.228541 
0.397515 3882.000000 0.226211 
0.397276 3890.000000 0.226677 
0.396917 3902.000000 0.227376 
0.396827 3905.000000 0.227551 
0.398473 3850.000000 0.224346 
0.398443 3851.000000 0.224404 
0.399282 3823.000000 0.222773 
0.396498 3916.000000 0.228192 
0.398952 3834.000000 0.223414 
0.399850 3804.000000 0.221665 
0.400090 3796.000000 0.221199 
0.397785 3873.000000 0.225686 
0.398653 3844.000000 0.223996 
0.399102 3829.000000 0.223122 
0.396857 3904.000000 0.227493 
0.396827 3905.000000 0.227551 
0.397964 3867.000000 0.225337 
0.398713 3842.000000 0.223880 
0.397126 3895.000000 0.226968 
0.397934 3868.000000 0.225395 
0.398144 3861.000000 0.224987 
0.398892 3836.000000 0.223530 
0.396288 3923.000000 0.228600 
0.399581 3813.000000 0.222190 
0.398114 3862.000000 0.225045 
0.398413 3852.000000 0.224462 
0.396857 3904.000000 0.227493 
0.397246 3891.000000 0.226735 
0.397755 3874.000000 0.225744 
0.396677 3910.000000 0.227842 
0.396707 3909.000000 0.227784 
0.398892 3836.000000 0.223530 
0.398354 3854.000000 0.224579 
0.397485 3883.000000 0.226269 
0.396348 3921.000000 0.228483 
0.398683 3843.000000 0.223938 
0.399072 3830.000000 0.223180 
0.398443 3851.000000 0.224404 
0.399401 3819.000000 0.222539 
0.397246 3891.000000 0.226735 
0.397545 3881.000000 0.226152 
0.400299 3789.000000 0.220791 
0.398354 3854.000000 0.224579 
0.399102 3829.000000 0.223122 
0.398144 3861.000000 0.224987 
0.399042 3831.000000 0.223239 
0.399102 3829.000000 0.223122 
0.397216 3892.000000 0.226793 
0.400718 3775.000000 0.219976 
0.397336 3888.000000 0.226560 
0.399132 3828.000000 0.223064 
0.397455 3884.000000 0.226327 
0.398593 3846.000000 0.224113 
0.398862 3837.000000 0.223588 
0.398593 3846.000000 0.224113 
0.398174 3860.000000 0.224929 
0.397515 3882.000000 0.226211 
0.400808 3772.000000 0.219801 
0.398503 3849.000000 0.224288 
0.399401 3819.000000 0.222539 
0.397725 3875.000000 0.225803 
0.397934 3868.000000 0.225395 
0.399521 3815.000000 0.222306 
0.397455 3884.000000 0.226327 
0.397845 3871.000000 0.225570 
0.398982 3833.000000 0.223355 
0.396078 3930.000000 0.229008 
0.397186 3893.000000 0.226852 
0.400090 3796.000000 0.221199 
0.398892 3836.000000 0.223530 
0.399910 3802.000000 0.221549 
0.397126 3895.000000 0.226968 
0.397126 3895.000000 0.226968 
0.396767 3907.000000 0.227667 
0.398024 3865.000000 0.225220 
0.398084 3863.000000 0.225103 
0.398503 3849.000000 0.224288 
0.399641 3811.000000 0.222073 
0.399790 3806.000000 0.221782 
0.396707 3909.000000 0.227784 
0.398144 3861.000000 0.224987 
0.397875 3870.000000 0.225511 
0.397964 3867.000000 0.225337 
0.398862 3837.000000 0.223588 
0.399731 3808.000000 0.221898 
0.397815 3872.000000 0.225628 
0.397665 3877.000000 0.225919 
0.397216 3892.000000 0.226793 
0.398084 3863.000000 0.225103 
0.399970 3800.000000 0.221432 
0.400629 3778.000000 0.220150 
0.398833 3838.000000 0.223647 
0.397964 3867.000000 0.225337 
0.399761 3807.000000 0.221840 
0.398174 3860.000000 0.224929 
0.398443 3851.000000 0.224404 
0.399880 3803.000000 0.221607 
0.396647 3911.000000 0.227900 
0.397934 3868.000000 0.225395 
0.400090 3796.000000 0.221199 
0.398114 3862.000000 0.225045 
0.398383 3853.000000 0.224521 
0.397934 3868.000000 0.225395 
0.398713 3842.000000 0.223880 
0.398743 3841.000000 0.223821 
0.400419 3785.000000 0.220558 
0.397156 3894.000000 0.226910 
0.397575 3880.000000 0.226094 
0.398383 3853.000000 0.224521 
0.397246 3891.000000 0.226735 
0.401108 3762.000000 0.219218 
0.399431 3818.000000 0.222481 
0.398413 3852.000000 0.224462 
0.398713 3842.000000 0.223880 
0.398862 3837.000000 0.223588 
0.396887 3903.000000 0.227434 
0.398294 3856.000000 0.224696 
0.398503 3849.000000 0.224288 
0.397964 3867.000000 0.225337 
0.399012 3832.000000 0.223297 
0.397905 3869.000000 0.225453 
0.399192 3826.000000 0.222947 
0.397455 3884.000000 0.226327 
0.400000 3799.000000 0.221374 
0.398473 3850.000000 0.224346 
0.399042 3831.000000 0.223239 
0.398294 3856.000000 0.224696 
0.401227 3758.000000 0.218985 
0.396438 3918.000000 0.228308 
0.398473 3850.000000 0.224346 
0.398683 3843.000000 0.223938 
0.397905 3869.000000 0.225453 
0.397545 3881.000000 0.226152 
0.400778 3773.000000 0.219859 
0.397186 3893.000000 0.226852 
0.399940 3801.000000 0.221491 
0.397994 3866.000000 0.225278 
0.398234 3858.000000 0.224812 
0.399102 3829.000000 0.223122 
0.398653 3844.000000 0.223996 
0.399940 3801.000000 0.221491 
0.398443 3851.000000 0.224404 
0.397785 3873.000000 0.225686 
0.399072 3830.000000 0.223180 
0.399132 3828.000000 0.223064 
0.397306 3889.000000 0.226618 
0.399132 3828.000000 0.223064 
0.398144 3861.000000 0.224987 
0.397246 3891.000000 0.226735 
0.397366 3887.000000 0.226502 
0.398024 3865.000000 0.225220 
0.397216 3892.000000 0.226793 
0.395989 3933.000000 0.229182 
0.399641 3811.000000 0.222073 
0.397366 3887.000000 0.226502 
0.398593 3846.000000 0.224113 
0.399431 3818.000000 0.222481 
0.398892 3836.000000 0.223530 
0.399671 3810.000000 0.222015 
0.397785 3873.000000 0.225686 
0.399401 3819.000000 0.222539 
0.397845 3871.000000 0.225570 
0.398294 3856.000000 0.224696 
0.396677 3910.000000 0.227842 
0.398024 3865.000000 0.225220 
0.398294 3856.000000 0.224696 
0.398054 3864.000000 0.225162 
0.397964 3867.000000 0.225337 
0.397934 3868.000000 0.225395 
0.398024 3865.000000 0.225220 
0.397665 3877.000000 0.225919 
0.398084 3863.000000 0.225103 
0.398982 3833.000000 0.223355 
0.398294 3856.000000 0.224696 
0.396468 3917.000000 0.228250 
0.398294 3856.000000 0.224696 
0.394851 3971.000000 0.231397 
0.397785 3873.000000 0.225686 
0.397455 3884.000000 0.226327 
0.397605 3879.000000 0.226036 
0.397695 3876.000000 0.225861 
0.397006 3899.000000 0.227201 
0.396797 3906.000000 0.227609 
0.396737 3908.000000 0.227726 
0.399970 3800.000000 0.221432 
0.398054 3864.000000 0.225162 
0.399072 3830.000000 0.223180 
0.399521 3815.000000 0.222306 
0.397276 3890.000000 0.226677 
0.398803 3839.000000 0.223705 
0.397905 3869.000000 0.225453 
0.396857 3904.000000 0.227493 
0.398653 3844.000000 0.223996 
0.398922 3835.000000 0.223472 
0.399790 3806.000000 0.221782 
0.397815 3872.000000 0.225628 
0.397755 3874.000000 0.225744 
0.399461 3817.000000 0.222423 
0.399012 3832.000000 0.223297 
0.396737 3908.000000 0.227726 
0.398413 3852.000000 0.224462 
0.397306 3889.000000 0.226618 
0.397905 3869.000000 0.225453 
0.398922 3835.000000 0.223472 
0.399341 3821.000000 0.222656 
0.397066 3897.000000 0.227085 
0.396947 3901.000000 0.227318 
0.398294 3856.000000 0.224696 
0.397755 3874.000000 0.225744 
0.397785 3873.000000 0.225686 
0.397396 3886.000000 0.226444 
0.398413 3852.000000 0.224462 
0.397126 3895.000000 0.226968 
0.396857 3904.000000 0.227493 
0.399042 3831.000000 0.223239 
0.398354 3854.000000 0.224579 
0.396468 3917.000000 0.228250 
0.396647 3911.000000 0.227900 
0.398653 3844.000000 0.223996 
0.396647 3911.000000 0.227900 
0.396917 3902.000000 0.227376 
0.398922 3835.000000 0.223472 
0.396348 3921.000000 0.228483 
0.398264 3857.000000 0.224754 
0.396917 3902.000000 0.227376 
0.397845 3871.000000 0.225570 
0.397695 3876.000000 0.225861 
0.398803 3839.000000 0.223705 
0.397905 3869.000000 0.225453 
0.397485 3883.000000 0.226269 
0.396378 3920.000000 0.228425 
0.397306 3889.000000 0.226618 
0.398473 3850.000000 0.224346 
0.398443 3851.000000 0.224404 
0.398204 3859.000000 0.224870 
0.399611 3812.000000 0.222132 
0.398773 3840.000000 0.223763 
0.397695 3876.000000 0.225861 
0.399282 3823.000000 0.222773 
0.398294 3856.000000 0.224696 
0.397366 3887.000000 0.226502 
0.398803 3839.000000 0.223705 
0.397186 3893.000000 0.226852 
0.399282 3823.000000 0.222773 
0.397306 3889.000000 0.226618 
0.398563 3847.000000 0.224171 
0.396917 3902.000000 0.227376 
0.397096 3896.000000 0.227026 
0.398443 3851.000000 0.224404 
0.398593 3846.000000 0.224113 
0.397036 3898.000000 0.227143 
0.397396 3886.000000 0.226444 
0.397665 3877.000000 0.225919 
0.400509 3782.000000 0.220383 
0.398294 3856.000000 0.224696 
0.397186 3893.000000 0.226852 
0.396527 3915.000000 0.228134 
0.396977 3900.000000 0.227259 
0.395809 3939.000000 0.229532 
0.397964 3867.000000 0.225337 
0.399222 3825.000000 0.222889 
0.396857 3904.000000 0.227493 
0.398533 3848.000000 0.224229 
0.398503 3849.000000 0.224288 
0.397635 3878.000000 0.225978 
0.397216 3892.000000 0.226793 
0.397485 3883.000000 0.226269 
0.398773 3840.000000 0.223763 
0.397934 3868.000000 0.225395 
0.396498 3916.000000 0.228192 
0.396887 3903.000000 0.227434 
0.398623 3845.000000 0.224055 
0.399311 3822.000000 0.222714 
0.399401 3819.000000 0.222539 
0.398054 3864.000000 0.225162 
0.398354 3854.000000 0.224579 
0.398024 3865.000000 0.225220 
0.397994 3866.000000 0.225278 
0.397785 3873.000000 0.225686 
0.399192 3826.000000 0.222947 
0.396438 3918.000000 0.228308 
0.396378 3920.000000 0.228425 
0.398204 3859.000000 0.224870 
0.396677 3910.000000 0.227842 
0.397575 3880.000000 0.226094 
0.397695 3876.000000 0.225861 
0.398892 3836.000000 0.223530 
0.399551 3814.000000 0.222248 
0.400150 3794.000000 0.221083 
0.400748 3774.000000 0.219917 
0.395420 3952.000000 0.230290 
0.398892 3836.000000 0.223530 
0.398174 3860.000000 0.224929 
0.398383 3853.000000 0.224521 
0.397785 3873.000000 0.225686 
0.399611 3812.000000 0.222132 
0.399102 3829.000000 0.223122 
0.397755 3874.000000 0.225744 
0.398593 3846.000000 0.224113 
0.395300 3956.000000 0.230523 
0.398054 3864.000000 0.225162 
0.398623 3845.000000 0.224055 
0.399491 3816.000000 0.222365 
0.396438 3918.000000 0.228308 
0.395659 3944.000000 0.229823 
0.397036 3898.000000 0.227143 
0.398354 3854.000000 0.224579 
0.399072 3830.000000 0.223180 
0.398503 3849.000000 0.224288 
0.399581 3813.000000 0.222190 
0.397695 3876.000000 0.225861 
0.395839 3938.000000 0.229474 
0.395570 3947.000000 0.229998 
0.397485 3883.000000 0.226269 
0.398354 3854.000000 0.224579 
0.400629 3778.000000 0.220150 
0.397875 3870.000000 0.225511 
0.397815 3872.000000 0.225628 
0.397006 3899.000000 0.227201 
0.398024 3865.000000 0.225220 
0.398743 3841.000000 0.223821 
0.396887 3903.000000 0.227434 
0.398653 3844.000000 0.223996 
0.398413 3852.000000 0.224462 
0.398324 3855.000000 0.224637 
0.399641 3811.000000 0.222073 
0.397755 3874.000000 0.225744 
0.399790 3806.000000 0.221782 
0.395719 3942.000000 0.229707 
0.395989 3933.000000 0.229182 
0.399042 3831.000000 0.223239 
0.398114 3862.000000 0.225045 
0.396947 3901.000000 0.227318 
0.398862 3837.000000 0.223588 
0.396977 3900.000000 0.227259 
0.399970 3800.000000 0.221432 
0.397934 3868.000000 0.225395 
0.399042 3831.000000 0.223239 
0.398264 3857.000000 0.224754 
0.396318 3922.000000 0.228541 
0.398713 3842.000000 0.223880 
0.397994 3866.000000 0.225278 
0.399252 3824.000000 0.222831 
0.398383 3853.000000 0.224521 
0.397276 3890.000000 0.226677 
0.397905 3869.000000 0.225453 
0.398743 3841.000000 0.223821 
0.396198 3926.000000 0.228775 
0.399341 3821.000000 0.222656 
0.399551 3814.000000 0.222248 
0.397156 3894.000000 0.226910 
0.397934 3868.000000 0.225395 
0.397426 3885.000000 0.226385 
0.396887 3903.000000 0.227434 
0.396797 3906.000000 0.227609 
0.398204 3859.000000 0.224870 
0.396408 3919.000000 0.228367 
0.397426 3885.000000 0.226385 
0.397875 3870.000000 0.225511 
0.399761 3807.000000 0.221840 
0.399282 3823.000000 0.222773 
0.398982 3833.000000 0.223355 
0.396198 3926.000000 0.228775 
0.398473 3850.000000 0.224346 
0.396737 3908.000000 0.227726 
0.397455 3884.000000 0.226327 
0.397934 3868.000000 0.225395 
0.397725 3875.000000 0.225803 
0.396887 3903.000000 0.227434 
0.398593 3846.000000 0.224113 
0.399761 3807.000000 0.221840 
0.398354 3854.000000 0.224579 
0.398653 3844.000000 0.223996 
0.399761 3807.000000 0.221840 
0.398623 3845.000000 0.224055 
0.394881 3970.000000 0.231339 
0.399311 3822.000000 0.222714 
0.399521 3815.000000 0.222306 
0.396767 3907.000000 0.227667 
0.398024 3865.000000 0.225220 
0.398503 3849.000000 0.224288 
0.395779 3940.000000 0.229590 
0.397396 3886.000000 0.226444 
0.397036 3898.000000 0.227143 
0.396707 3909.000000 0.227784 
0.398922 3835.000000 0.223472 
0.398653 3844.000000 0.223996 
0.396468 3917.000000 0.228250 
0.397066 3897.000000 0.227085 
0.398503 3849.000000 0.224288 
0.398713 3842.000000 0.223880 
0.398234 3858.000000 0.224812 
0.397964 3867.000000 0.225337 
0.399820 3805.000000 0.221724 
0.398503 3849.000000 0.224288 
0.398084 3863.000000 0.225103 
0.398413 3852.000000 0.224462 
0.399940 3801.000000 0.221491 
0.397605 3879.000000 0.226036 
0.399282 3823.000000 0.222773 
0.398623 3845.000000 0.224055 
0.397455 3884.000000 0.226327 
0.398144 3861.000000 0.224987 
0.396587 3913.000000 0.228017 
0.397964 3867.000000 0.225337 
0.399491 3816.000000 0.222365 
0.397306 3889.000000 0.226618 
0.398324 3855.000000 0.224637 
0.395510 3949.000000 0.230115 
0.399341 3821.000000 0.222656 
0.398024 3865.000000 0.225220 
