0.413351 3353.000000 0.195385 
0.410328 3454.000000 0.201270 
0.411016 3431.000000 0.199930 
0.410867 3436.000000 0.200221 
0.411944 3400.000000 0.198124 
0.409250 3490.000000 0.203368 
0.411705 3408.000000 0.198590 
0.410687 3442.000000 0.200571 
0.410777 3439.000000 0.200396 
0.412423 3384.000000 0.197191 
0.411825 3404.000000 0.198357 
0.411046 3430.000000 0.199872 
0.410717 3441.000000 0.200513 
0.411555 3413.000000 0.198881 
0.409909 3468.000000 0.202086 
0.410448 3450.000000 0.201037 
0.411465 3416.000000 0.199056 
0.411615 3411.000000 0.198765 
0.411735 3407.000000 0.198532 
0.412453 3383.000000 0.197133 
0.409969 3466.000000 0.201970 
0.411495 3415.000000 0.198998 
0.411405 3418.000000 0.199173 
0.413381 3352.000000 0.195327 
0.411256 3423.000000 0.199464 
0.412124 3394.000000 0.197774 
0.413022 3364.000000 0.196026 
0.410118 3461.000000 0.201678 
0.410118 3461.000000 0.201678 
0.412154 3393.000000 0.197716 
0.410088 3462.000000 0.201736 
0.410178 3459.000000 0.201562 
0.411585 3412.000000 0.198823 
0.409460 3483.000000 0.202960 
0.410418 3451.000000 0.201096 
0.410567 3446.000000 0.200804 
0.409759 3473.000000 0.202377 
0.411316 3421.000000 0.199347 
0.410298 3455.000000 0.201329 
0.410597 3445.000000 0.200746 
0.409879 3469.000000 0.202144 
0.409969 3466.000000 0.201970 
0.411884 3402.000000 0.198240 
0.410837 3437.000000 0.200280 
0.412393 3385.000000 0.197250 
0.410208 3458.000000 0.201503 
0.411316 3421.000000 0.199347 
0.411884 3402.000000 0.198240 
0.412663 3376.000000 0.196725 
0.411316 3421.000000 0.199347 
0.411196 3425.000000 0.199580 
0.409280 3489.000000 0.203310 
0.410388 3452.000000 0.201154 
0.410058 3463.000000 0.201795 
0.412094 3395.000000 0.197832 
0.410178 3459.000000 0.201562 
0.411256 3423.000000 0.199464 
0.412483 3382.000000 0.197075 
0.412214 3391.000000 0.197599 
0.409130 3494.000000 0.203601 
0.410777 3439.000000 0.200396 
0.409789 3472.000000 0.202319 
0.410747 3440.000000 0.200455 
0.409160 3493.000000 0.203543 
0.411405 3418.000000 0.199173 
0.412244 3390.000000 0.197541 
0.408472 3516.000000 0.204883 
0.409909 3468.000000 0.202086 
0.410058 3463.000000 0.201795 
0.411316 3421.000000 0.199347 
0.412663 3376.000000 0.196725 
0.413381 3352.000000 0.195327 
0.411855 3403.000000 0.198298 
0.411346 3420.000000 0.199289 
0.410597 3445.000000 0.200746 
0.410927 3434.000000 0.200105 
0.410807 3438.000000 0.200338 
0.410178 3459.000000 0.201562 
0.409490 3482.000000 0.202902 
0.411825 3404.000000 0.198357 
0.409340 3487.000000 0.203193 
0.410687 3442.000000 0.200571 
0.409669 3476.000000 0.202552 
0.410448 3450.000000 0.201037 
0.411346 3420.000000 0.199289 
0.411405 3418.000000 0.199173 
0.410328 3454.000000 0.201270 
0.410687 3442.000000 0.200571 
0.410148 3460.000000 0.201620 
0.411405 3418.000000 0.199173 
0.410597 3445.000000 0.200746 
0.410717 3441.000000 0.200513 
0.409609 3478.000000 0.202669 
0.409549 3480.000000 0.202785 
0.412333 3387.000000 0.197366 
0.412214 3391.000000 0.197599 
0.410477 3449.000000 0.200979 
0.410208 3458.000000 0.201503 
0.412812 3371.000000 0.196434 
0.411944 3400.000000 0.198124 
0.410747 3440.000000 0.200455 
0.411555 3413.000000 0.198881 
0.411166 3426.000000 0.199639 
0.410418 3451.000000 0.201096 
0.411286 3422.000000 0.199406 
0.411914 3401.000000 0.198182 
0.412333 3387.000000 0.197366 
0.409759 3473.000000 0.202377 
0.411106 3428.000000 0.199755 
0.408861 3503.000000 0.204126 
0.411705 3408.000000 0.198590 
0.409849 3470.000000 0.202203 
0.411136 3427.000000 0.199697 
0.410627 3444.000000 0.200688 
0.411226 3424.000000 0.199522 
0.410418 3451.000000 0.201096 
0.409549 3480.000000 0.202785 
0.411196 3425.000000 0.199580 
0.411016 3431.000000 0.199930 
0.411795 3405.000000 0.198415 
0.411465 3416.000000 0.199056 
0.407843 3537.000000 0.206107 
0.410328 3454.000000 0.201270 
0.411196 3425.000000 0.199580 
0.412304 3388.000000 0.197424 
0.411465 3416.000000 0.199056 
0.409699 3475.000000 0.202494 
0.412034 3397.000000 0.197949 
0.410298 3455.000000 0.201329 
0.411465 3416.000000 0.199056 
0.410897 3435.000000 0.200163 
0.409160 3493.000000 0.203543 
0.409579 3479.000000 0.202727 
0.411615 3411.000000 0.198765 
0.412902 3368.000000 0.196259 
0.412064 3396.000000 0.197891 
0.409340 3487.000000 0.203193 
0.411016 3431.000000 0.199930 
0.410507 3448.000000 0.200921 
0.411106 3428.000000 0.199755 
0.412214 3391.000000 0.197599 
0.410687 3442.000000 0.200571 
0.409759 3473.000000 0.202377 
0.411435 3417.000000 0.199114 
0.409250 3490.000000 0.203368 
0.410537 3447.000000 0.200862 
0.411256 3423.000000 0.199464 
0.411346 3420.000000 0.199289 
0.408083 3529.000000 0.205641 
0.410837 3437.000000 0.200280 
0.410148 3460.000000 0.201620 
0.410298 3455.000000 0.201329 
0.408592 3512.000000 0.204650 
0.408113 3528.000000 0.205582 
0.409879 3469.000000 0.202144 
0.412962 3366.000000 0.196142 
0.410148 3460.000000 0.201620 
0.411136 3427.000000 0.199697 
0.411555 3413.000000 0.198881 
0.408382 3519.000000 0.205058 
0.409520 3481.000000 0.202844 
0.411825 3404.000000 0.198357 
0.411376 3419.000000 0.199231 
0.411495 3415.000000 0.198998 
0.411495 3415.000000 0.198998 
0.411555 3413.000000 0.198881 
0.409759 3473.000000 0.202377 
0.410777 3439.000000 0.200396 
0.409969 3466.000000 0.201970 
0.412453 3383.000000 0.197133 
0.411525 3414.000000 0.198939 
0.409639 3477.000000 0.202611 
0.410388 3452.000000 0.201154 
0.410986 3432.000000 0.199988 
0.410028 3464.000000 0.201853 
0.410507 3448.000000 0.200921 
0.411675 3409.000000 0.198648 
0.413351 3353.000000 0.195385 
0.412992 3365.000000 0.196084 
0.409609 3478.000000 0.202669 
0.410657 3443.000000 0.200629 
0.411795 3405.000000 0.198415 
0.412483 3382.000000 0.197075 
0.412064 3396.000000 0.197891 
0.411465 3416.000000 0.199056 
0.410867 3436.000000 0.200221 
0.412034 3397.000000 0.197949 
0.408651 3510.000000 0.204534 
0.409430 3484.000000 0.203018 
0.412184 3392.000000 0.197657 
0.408921 3501.000000 0.204009 
0.410897 3435.000000 0.200163 
0.411884 3402.000000 0.198240 
0.411286 3422.000000 0.199406 
0.411525 3414.000000 0.198939 
0.411914 3401.000000 0.198182 
0.409969 3466.000000 0.201970 
0.411166 3426.000000 0.199639 
0.411376 3419.000000 0.199231 
0.410238 3457.000000 0.201445 
0.410388 3452.000000 0.201154 
0.412274 3389.000000 0.197483 
0.411256 3423.000000 0.199464 
0.412124 3394.000000 0.197774 
0.411855 3403.000000 0.198298 
0.410837 3437.000000 0.200280 
0.410717 3441.000000 0.200513 
0.412663 3376.000000 0.196725 
0.410956 3433.000000 0.200047 
0.411046 3430.000000 0.199872 
0.411855 3403.000000 0.198298 
0.412363 3386.000000 0.197308 
0.410148 3460.000000 0.201620 
0.409939 3467.000000 0.202028 
0.408831 3504.000000 0.204184 
0.409190 3492.000000 0.203485 
0.411914 3401.000000 0.198182 
0.410298 3455.000000 0.201329 
0.410567 3446.000000 0.200804 
0.409430 3484.000000 0.203018 
0.410118 3461.000000 0.201678 
0.410597 3445.000000 0.200746 
0.411884 3402.000000 0.198240 
0.410717 3441.000000 0.200513 
0.411795 3405.000000 0.198415 
0.411256 3423.000000 0.199464 
0.411765 3406.000000 0.198473 
0.411346 3420.000000 0.199289 
0.410537 3447.000000 0.200862 
0.411495 3415.000000 0.198998 
0.411944 3400.000000 0.198124 
0.411256 3423.000000 0.199464 
0.410448 3450.000000 0.201037 
0.411286 3422.000000 0.199406 
0.409190 3492.000000 0.203485 
0.410807 3438.000000 0.200338 
0.410807 3438.000000 0.200338 
0.411226 3424.000000 0.199522 
0.411465 3416.000000 0.199056 
0.410448 3450.000000 0.201037 
0.410747 3440.000000 0.200455 
0.411555 3413.000000 0.198881 
0.411286 3422.000000 0.199406 
0.411705 3408.000000 0.198590 
0.412483 3382.000000 0.197075 
0.408262 3523.000000 0.205291 
0.411286 3422.000000 0.199406 
0.412094 3395.000000 0.197832 
0.410837 3437.000000 0.200280 
0.410477 3449.000000 0.200979 
0.411525 3414.000000 0.198939 
0.408172 3526.000000 0.205466 
0.411106 3428.000000 0.199755 
0.409909 3468.000000 0.202086 
0.410956 3433.000000 0.200047 
0.411316 3421.000000 0.199347 
0.409759 3473.000000 0.202377 
0.410687 3442.000000 0.200571 
0.413321 3354.000000 0.195443 
0.411495 3415.000000 0.198998 
0.410448 3450.000000 0.201037 
0.412274 3389.000000 0.197483 
0.410807 3438.000000 0.200338 
0.410986 3432.000000 0.199988 
0.410088 3462.000000 0.201736 
0.410717 3441.000000 0.200513 
0.410148 3460.000000 0.201620 
0.410986 3432.000000 0.199988 
0.411465 3416.000000 0.199056 
0.409759 3473.000000 0.202377 
0.411166 3426.000000 0.199639 
0.410627 3444.000000 0.200688 
0.411256 3423.000000 0.199464 
0.410537 3447.000000 0.200862 
0.408921 3501.000000 0.204009 
0.410477 3449.000000 0.200979 
0.412812 3371.000000 0.196434 
0.409070 3496.000000 0.203718 
0.412184 3392.000000 0.197657 
0.410298 3455.000000 0.201329 
0.410986 3432.000000 0.199988 
0.409609 3478.000000 0.202669 
0.410687 3442.000000 0.200571 
0.411735 3407.000000 0.198532 
0.410418 3451.000000 0.201096 
0.408083 3529.000000 0.205641 
0.411316 3421.000000 0.199347 
0.410597 3445.000000 0.200746 
0.409430 3484.000000 0.203018 
0.410687 3442.000000 0.200571 
0.410597 3445.000000 0.200746 
0.410927 3434.000000 0.200105 
0.411944 3400.000000 0.198124 
0.410687 3442.000000 0.200571 
0.410777 3439.000000 0.200396 
0.411106 3428.000000 0.199755 
0.413830 3337.000000 0.194453 
0.411765 3406.000000 0.198473 
0.413291 3355.000000 0.195501 
0.410238 3457.000000 0.201445 
0.411046 3430.000000 0.199872 
0.412154 3393.000000 0.197716 
0.409999 3465.000000 0.201911 
0.409430 3484.000000 0.203018 
0.411914 3401.000000 0.198182 
0.407963 3533.000000 0.205874 
0.412962 3366.000000 0.196142 
0.410807 3438.000000 0.200338 
0.410507 3448.000000 0.200921 
0.408502 3515.000000 0.204825 
0.410867 3436.000000 0.200221 
0.411405 3418.000000 0.199173 
0.410627 3444.000000 0.200688 
0.412753 3373.000000 0.196550 
0.409609 3478.000000 0.202669 
0.411495 3415.000000 0.198998 
0.411435 3417.000000 0.199114 
0.410777 3439.000000 0.200396 
0.411316 3421.000000 0.199347 
0.411405 3418.000000 0.199173 
0.410268 3456.000000 0.201387 
0.410717 3441.000000 0.200513 
0.409879 3469.000000 0.202144 
0.410597 3445.000000 0.200746 
0.412094 3395.000000 0.197832 
0.412423 3384.000000 0.197191 
0.409819 3471.000000 0.202261 
0.412333 3387.000000 0.197366 
0.411046 3430.000000 0.199872 
0.409999 3465.000000 0.201911 
0.410448 3450.000000 0.201037 
0.410418 3451.000000 0.201096 
0.413651 3343.000000 0.194802 
0.410567 3446.000000 0.200804 
0.410897 3435.000000 0.200163 
0.410418 3451.000000 0.201096 
0.410687 3442.000000 0.200571 
0.410088 3462.000000 0.201736 
0.410837 3437.000000 0.200280 
0.412573 3379.000000 0.196900 
0.410507 3448.000000 0.200921 
0.414249 3323.000000 0.193637 
0.409430 3484.000000 0.203018 
0.412064 3396.000000 0.197891 
0.409819 3471.000000 0.202261 
0.409819 3471.000000 0.202261 
0.409999 3465.000000 0.201911 
0.410807 3438.000000 0.200338 
0.410268 3456.000000 0.201387 
0.409430 3484.000000 0.203018 
0.411495 3415.000000 0.198998 
0.410807 3438.000000 0.200338 
0.409819 3471.000000 0.202261 
0.412363 3386.000000 0.197308 
0.408981 3499.000000 0.203893 
0.409759 3473.000000 0.202377 
0.409160 3493.000000 0.203543 
0.410867 3436.000000 0.200221 
0.409160 3493.000000 0.203543 
0.410358 3453.000000 0.201212 
0.411525 3414.000000 0.198939 
0.411346 3420.000000 0.199289 
0.413531 3347.000000 0.195035 
0.411795 3405.000000 0.198415 
0.409310 3488.000000 0.203252 
0.413351 3353.000000 0.195385 
0.409160 3493.000000 0.203543 
0.410867 3436.000000 0.200221 
0.413920 3334.000000 0.194278 
0.409340 3487.000000 0.203193 
0.410567 3446.000000 0.200804 
0.410717 3441.000000 0.200513 
0.409879 3469.000000 0.202144 
0.411705 3408.000000 0.198590 
0.410537 3447.000000 0.200862 
0.410597 3445.000000 0.200746 
0.412573 3379.000000 0.196900 
0.409789 3472.000000 0.202319 
0.410388 3452.000000 0.201154 
0.410867 3436.000000 0.200221 
0.411555 3413.000000 0.198881 
0.411645 3410.000000 0.198706 
0.409639 3477.000000 0.202611 
0.410118 3461.000000 0.201678 
0.412184 3392.000000 0.197657 
0.412363 3386.000000 0.197308 
0.410867 3436.000000 0.200221 
0.412184 3392.000000 0.197657 
0.412453 3383.000000 0.197133 
0.410477 3449.000000 0.200979 
0.411136 3427.000000 0.199697 
0.410807 3438.000000 0.200338 
0.408232 3524.000000 0.205349 
0.411016 3431.000000 0.199930 
0.412932 3367.000000 0.196201 
0.411016 3431.000000 0.199930 
0.409939 3467.000000 0.202028 
0.412304 3388.000000 0.197424 
0.411256 3423.000000 0.199464 
0.410537 3447.000000 0.200862 
0.409849 3470.000000 0.202203 
0.411226 3424.000000 0.199522 
0.409969 3466.000000 0.201970 
0.409490 3482.000000 0.202902 
0.413172 3359.000000 0.195735 
0.410537 3447.000000 0.200862 
0.409789 3472.000000 0.202319 
0.409400 3485.000000 0.203077 
0.410418 3451.000000 0.201096 
0.412393 3385.000000 0.197250 
0.410657 3443.000000 0.200629 
0.410208 3458.000000 0.201503 
0.409819 3471.000000 0.202261 
0.410448 3450.000000 0.201037 
0.410597 3445.000000 0.200746 
0.410777 3439.000000 0.200396 
0.411376 3419.000000 0.199231 
0.410687 3442.000000 0.200571 
0.409849 3470.000000 0.202203 
0.411106 3428.000000 0.199755 
0.412184 3392.000000 0.197657 
0.411705 3408.000000 0.198590 
0.412663 3376.000000 0.196725 
0.410657 3443.000000 0.200629 
0.411226 3424.000000 0.199522 
0.414010 3331.000000 0.194103 
0.411226 3424.000000 0.199522 
0.410388 3452.000000 0.201154 
0.411316 3421.000000 0.199347 
0.411705 3408.000000 0.198590 
0.410238 3457.000000 0.201445 
0.410537 3447.000000 0.200862 
0.410448 3450.000000 0.201037 
0.410837 3437.000000 0.200280 
0.409370 3486.000000 0.203135 
0.411316 3421.000000 0.199347 
0.410777 3439.000000 0.200396 
0.410986 3432.000000 0.199988 
0.410148 3460.000000 0.201620 
0.410897 3435.000000 0.200163 
0.411196 3425.000000 0.199580 
0.409250 3490.000000 0.203368 
0.410298 3455.000000 0.201329 
0.410088 3462.000000 0.201736 
0.409699 3475.000000 0.202494 
0.410268 3456.000000 0.201387 
0.408621 3511.000000 0.204592 
0.412094 3395.000000 0.197832 
0.411825 3404.000000 0.198357 
0.409340 3487.000000 0.203193 
0.410867 3436.000000 0.200221 
0.408292 3522.000000 0.205233 
0.409939 3467.000000 0.202028 
0.412393 3385.000000 0.197250 
0.410567 3446.000000 0.200804 
0.411196 3425.000000 0.199580 
0.408382 3519.000000 0.205058 
0.410507 3448.000000 0.200921 
0.410837 3437.000000 0.200280 
0.410627 3444.000000 0.200688 
0.409160 3493.000000 0.203543 
0.413142 3360.000000 0.195793 
0.411765 3406.000000 0.198473 
0.410477 3449.000000 0.200979 
0.409729 3474.000000 0.202436 
0.409969 3466.000000 0.201970 
0.411405 3418.000000 0.199173 
0.410208 3458.000000 0.201503 
0.410807 3438.000000 0.200338 
0.410927 3434.000000 0.200105 
0.409160 3493.000000 0.203543 
0.410627 3444.000000 0.200688 
0.410897 3435.000000 0.200163 
0.412034 3397.000000 0.197949 
0.411196 3425.000000 0.199580 
0.410058 3463.000000 0.201795 
0.410537 3447.000000 0.200862 
0.409460 3483.000000 0.202960 
0.410028 3464.000000 0.201853 
0.411825 3404.000000 0.198357 
0.410717 3441.000000 0.200513 
0.412932 3367.000000 0.196201 
0.414040 3330.000000 0.194045 
0.409729 3474.000000 0.202436 
0.411884 3402.000000 0.198240 
0.409160 3493.000000 0.203543 
0.410088 3462.000000 0.201736 
0.412124 3394.000000 0.197774 
0.409969 3466.000000 0.201970 
0.410358 3453.000000 0.201212 
0.411615 3411.000000 0.198765 
0.411046 3430.000000 0.199872 
0.409909 3468.000000 0.202086 
0.410867 3436.000000 0.200221 
0.411166 3426.000000 0.199639 
0.410867 3436.000000 0.200221 
0.410028 3464.000000 0.201853 
0.410477 3449.000000 0.200979 
0.412363 3386.000000 0.197308 
0.411825 3404.000000 0.198357 
0.409579 3479.000000 0.202727 
0.410567 3446.000000 0.200804 
0.410507 3448.000000 0.200921 
0.411585 3412.000000 0.198823 
0.410956 3433.000000 0.200047 
0.408502 3515.000000 0.204825 
0.411465 3416.000000 0.199056 
0.410657 3443.000000 0.200629 
0.410178 3459.000000 0.201562 
0.409819 3471.000000 0.202261 
0.410777 3439.000000 0.200396 
0.411705 3408.000000 0.198590 
0.410537 3447.000000 0.200862 
0.409280 3489.000000 0.203310 
0.409939 3467.000000 0.202028 
0.409849 3470.000000 0.202203 
0.409669 3476.000000 0.202552 
0.410986 3432.000000 0.199988 
0.410717 3441.000000 0.200513 
0.411405 3418.000000 0.199173 
0.411855 3403.000000 0.198298 
0.409011 3498.000000 0.203834 
0.412094 3395.000000 0.197832 
0.410717 3441.000000 0.200513 
0.412333 3387.000000 0.197366 
0.409669 3476.000000 0.202552 
0.412064 3396.000000 0.197891 
0.411136 3427.000000 0.199697 
0.410986 3432.000000 0.199988 
0.408951 3500.000000 0.203951 
0.412842 3370.000000 0.196376 
0.411196 3425.000000 0.199580 
0.412333 3387.000000 0.197366 
0.410477 3449.000000 0.200979 
0.411016 3431.000000 0.199930 
0.410178 3459.000000 0.201562 
0.410717 3441.000000 0.200513 
0.410986 3432.000000 0.199988 
0.411016 3431.000000 0.199930 
0.412693 3375.000000 0.196667 
0.410537 3447.000000 0.200862 
0.410747 3440.000000 0.200455 
0.412064 3396.000000 0.197891 
0.409849 3470.000000 0.202203 
0.410448 3450.000000 0.201037 
0.410388 3452.000000 0.201154 
0.410208 3458.000000 0.201503 
0.411615 3411.000000 0.198765 
0.411256 3423.000000 0.199464 
0.410867 3436.000000 0.200221 
0.411615 3411.000000 0.198765 
0.411465 3416.000000 0.199056 
0.409969 3466.000000 0.201970 
0.410058 3463.000000 0.201795 
0.412214 3391.000000 0.197599 
0.409819 3471.000000 0.202261 
0.411136 3427.000000 0.199697 
0.411376 3419.000000 0.199231 
0.410777 3439.000000 0.200396 
0.408412 3518.000000 0.205000 
0.410627 3444.000000 0.200688 
0.412184 3392.000000 0.197657 
0.410328 3454.000000 0.201270 
0.412124 3394.000000 0.197774 
0.410687 3442.000000 0.200571 
0.409789 3472.000000 0.202319 
0.412333 3387.000000 0.197366 
0.411405 3418.000000 0.199173 
0.408472 3516.000000 0.204883 
0.410657 3443.000000 0.200629 
0.411226 3424.000000 0.199522 
0.411226 3424.000000 0.199522 
0.409819 3471.000000 0.202261 
0.411226 3424.000000 0.199522 
0.411196 3425.000000 0.199580 
0.412543 3380.000000 0.196958 
0.409999 3465.000000 0.201911 
0.409729 3474.000000 0.202436 
0.411016 3431.000000 0.199930 
0.412573 3379.000000 0.196900 
0.408741 3507.000000 0.204359 
0.410148 3460.000000 0.201620 
0.410178 3459.000000 0.201562 
0.412154 3393.000000 0.197716 
0.411944 3400.000000 0.198124 
0.411914 3401.000000 0.198182 
0.412004 3398.000000 0.198007 
0.411405 3418.000000 0.199173 
0.411286 3422.000000 0.199406 
0.411825 3404.000000 0.198357 
0.410837 3437.000000 0.200280 
0.412483 3382.000000 0.197075 
0.410058 3463.000000 0.201795 
0.409789 3472.000000 0.202319 
0.409849 3470.000000 0.202203 
0.411016 3431.000000 0.199930 
0.410956 3433.000000 0.200047 
0.411346 3420.000000 0.199289 
0.409879 3469.000000 0.202144 
0.410118 3461.000000 0.201678 
0.408532 3514.000000 0.204767 
0.411286 3422.000000 0.199406 
0.410777 3439.000000 0.200396 
0.410298 3455.000000 0.201329 
0.408621 3511.000000 0.204592 
0.409520 3481.000000 0.202844 
0.408771 3506.000000 0.204300 
0.410927 3434.000000 0.200105 
0.409190 3492.000000 0.203485 
0.411226 3424.000000 0.199522 
0.410448 3450.000000 0.201037 
0.409609 3478.000000 0.202669 
0.410897 3435.000000 0.200163 
0.409669 3476.000000 0.202552 
0.410747 3440.000000 0.200455 
0.409849 3470.000000 0.202203 
0.410927 3434.000000 0.200105 
0.410567 3446.000000 0.200804 
0.411645 3410.000000 0.198706 
0.411196 3425.000000 0.199580 
0.408741 3507.000000 0.204359 
0.409160 3493.000000 0.203543 
0.409160 3493.000000 0.203543 
0.412423 3384.000000 0.197191 
0.411914 3401.000000 0.198182 
0.411196 3425.000000 0.199580 
0.411555 3413.000000 0.198881 
0.411106 3428.000000 0.199755 
0.413082 3362.000000 0.195909 
0.410418 3451.000000 0.201096 
0.409250 3490.000000 0.203368 
0.411256 3423.000000 0.199464 
0.410418 3451.000000 0.201096 
0.411405 3418.000000 0.199173 
0.411555 3413.000000 0.198881 
0.411675 3409.000000 0.198648 
0.411914 3401.000000 0.198182 
0.412453 3383.000000 0.197133 
0.410597 3445.000000 0.200746 
0.411046 3430.000000 0.199872 
0.411016 3431.000000 0.199930 
0.409070 3496.000000 0.203718 
0.410268 3456.000000 0.201387 
0.410118 3461.000000 0.201678 
0.410208 3458.000000 0.201503 
0.411405 3418.000000 0.199173 
0.409819 3471.000000 0.202261 
0.409460 3483.000000 0.202960 
0.410148 3460.000000 0.201620 
0.412633 3377.000000 0.196783 
0.410597 3445.000000 0.200746 
0.410418 3451.000000 0.201096 
0.412094 3395.000000 0.197832 
0.412094 3395.000000 0.197832 
0.411346 3420.000000 0.199289 
0.412543 3380.000000 0.196958 
0.411525 3414.000000 0.198939 
0.410567 3446.000000 0.200804 
0.412154 3393.000000 0.197716 
0.409400 3485.000000 0.203077 
0.409849 3470.000000 0.202203 
0.411106 3428.000000 0.199755 
0.411106 3428.000000 0.199755 
0.409999 3465.000000 0.201911 
0.409729 3474.000000 0.202436 
0.410717 3441.000000 0.200513 
0.411974 3399.000000 0.198065 
0.410956 3433.000000 0.200047 
0.411465 3416.000000 0.199056 
0.409609 3478.000000 0.202669 
0.410777 3439.000000 0.200396 
0.412753 3373.000000 0.196550 
0.410058 3463.000000 0.201795 
0.410837 3437.000000 0.200280 
0.410687 3442.000000 0.200571 
0.409490 3482.000000 0.202902 
0.411076 3429.000000 0.199814 
0.411765 3406.000000 0.198473 
0.412124 3394.000000 0.197774 
0.411465 3416.000000 0.199056 
0.411944 3400.000000 0.198124 
0.409220 3491.000000 0.203426 
0.409460 3483.000000 0.202960 
0.411196 3425.000000 0.199580 
0.411196 3425.000000 0.199580 
0.411226 3424.000000 0.199522 
0.411076 3429.000000 0.199814 
0.411166 3426.000000 0.199639 
0.409819 3471.000000 0.202261 
0.411884 3402.000000 0.198240 
0.412244 3390.000000 0.197541 
0.410687 3442.000000 0.200571 
0.410388 3452.000000 0.201154 
0.412962 3366.000000 0.196142 
0.411316 3421.000000 0.199347 
0.411016 3431.000000 0.199930 
0.411016 3431.000000 0.199930 
0.411795 3405.000000 0.198415 
0.412244 3390.000000 0.197541 
0.410927 3434.000000 0.200105 
0.409819 3471.000000 0.202261 
0.410657 3443.000000 0.200629 
0.411226 3424.000000 0.199522 
0.411136 3427.000000 0.199697 
0.410028 3464.000000 0.201853 
0.410867 3436.000000 0.200221 
0.408472 3516.000000 0.204883 
0.411795 3405.000000 0.198415 
0.408981 3499.000000 0.203893 
0.411615 3411.000000 0.198765 
0.412842 3370.000000 0.196376 
0.410986 3432.000000 0.199988 
0.411286 3422.000000 0.199406 
0.410358 3453.000000 0.201212 
0.412393 3385.000000 0.197250 
0.410956 3433.000000 0.200047 
0.410358 3453.000000 0.201212 
0.407843 3537.000000 0.206107 
0.410687 3442.000000 0.200571 
0.408831 3504.000000 0.204184 
0.411765 3406.000000 0.198473 
0.414938 3300.000000 0.192296 
0.410028 3464.000000 0.201853 
0.410627 3444.000000 0.200688 
0.411376 3419.000000 0.199231 
0.410927 3434.000000 0.200105 
0.408621 3511.000000 0.204592 
0.412393 3385.000000 0.197250 
0.410238 3457.000000 0.201445 
0.412902 3368.000000 0.196259 
0.411914 3401.000000 0.198182 
0.410597 3445.000000 0.200746 
0.409849 3470.000000 0.202203 
0.409669 3476.000000 0.202552 
0.411555 3413.000000 0.198881 
0.410627 3444.000000 0.200688 
0.410927 3434.000000 0.200105 
0.410358 3453.000000 0.201212 
0.410927 3434.000000 0.200105 
0.412513 3381.000000 0.197016 
0.409490 3482.000000 0.202902 
0.409310 3488.000000 0.203252 
0.410687 3442.000000 0.200571 
0.411405 3418.000000 0.199173 
0.410597 3445.000000 0.200746 
0.411226 3424.000000 0.199522 
0.409999 3465.000000 0.201911 
0.412154 3393.000000 0.197716 
0.411435 3417.000000 0.199114 
0.411316 3421.000000 0.199347 
0.410597 3445.000000 0.200746 
0.408592 3512.000000 0.204650 
0.409639 3477.000000 0.202611 
0.410657 3443.000000 0.200629 
0.411615 3411.000000 0.198765 
0.411795 3405.000000 0.198415 
0.409340 3487.000000 0.203193 
0.412124 3394.000000 0.197774 
0.413321 3354.000000 0.195443 
0.411166 3426.000000 0.199639 
0.409789 3472.000000 0.202319 
0.411405 3418.000000 0.199173 
0.410298 3455.000000 0.201329 
0.411136 3427.000000 0.199697 
0.409789 3472.000000 0.202319 
0.410507 3448.000000 0.200921 
0.409729 3474.000000 0.202436 
0.410837 3437.000000 0.200280 
0.409220 3491.000000 0.203426 
0.407903 3535.000000 0.205990 
0.410956 3433.000000 0.200047 
0.410537 3447.000000 0.200862 
0.409639 3477.000000 0.202611 
0.411196 3425.000000 0.199580 
0.410358 3453.000000 0.201212 
0.410597 3445.000000 0.200746 
0.413022 3364.000000 0.196026 
0.412034 3397.000000 0.197949 
0.409849 3470.000000 0.202203 
0.410238 3457.000000 0.201445 
0.411256 3423.000000 0.199464 
0.412333 3387.000000 0.197366 
0.411615 3411.000000 0.198765 
0.410837 3437.000000 0.200280 
0.411465 3416.000000 0.199056 
0.411914 3401.000000 0.198182 
0.410777 3439.000000 0.200396 
0.409909 3468.000000 0.202086 
0.410388 3452.000000 0.201154 
0.412274 3389.000000 0.197483 
0.412094 3395.000000 0.197832 
0.410927 3434.000000 0.200105 
0.411346 3420.000000 0.199289 
0.412064 3396.000000 0.197891 
0.410747 3440.000000 0.200455 
0.412333 3387.000000 0.197366 
0.411675 3409.000000 0.198648 
0.409549 3480.000000 0.202785 
0.412124 3394.000000 0.197774 
0.411855 3403.000000 0.198298 
0.409759 3473.000000 0.202377 
0.410986 3432.000000 0.199988 
0.411286 3422.000000 0.199406 
0.411226 3424.000000 0.199522 
0.411675 3409.000000 0.198648 
0.410956 3433.000000 0.200047 
0.411256 3423.000000 0.199464 
0.412872 3369.000000 0.196317 
0.411016 3431.000000 0.199930 
0.410657 3443.000000 0.200629 
0.411136 3427.000000 0.199697 
0.413471 3349.000000 0.195152 
0.410328 3454.000000 0.201270 
0.411675 3409.000000 0.198648 
0.410448 3450.000000 0.201037 
0.411256 3423.000000 0.199464 
0.413351 3353.000000 0.195385 
0.409939 3467.000000 0.202028 
0.410956 3433.000000 0.200047 
0.409250 3490.000000 0.203368 
0.411705 3408.000000 0.198590 
0.412453 3383.000000 0.197133 
0.410956 3433.000000 0.200047 
0.411825 3404.000000 0.198357 
0.409939 3467.000000 0.202028 
0.411166 3426.000000 0.199639 
0.411555 3413.000000 0.198881 
0.411705 3408.000000 0.198590 
0.411226 3424.000000 0.199522 
0.409759 3473.000000 0.202377 
0.410328 3454.000000 0.201270 
0.412124 3394.000000 0.197774 
0.410956 3433.000000 0.200047 
0.409280 3489.000000 0.203310 
0.410837 3437.000000 0.200280 
0.412453 3383.000000 0.197133 
0.411196 3425.000000 0.199580 
0.410418 3451.000000 0.201096 
0.411974 3399.000000 0.198065 
0.410897 3435.000000 0.200163 
0.408023 3531.000000 0.205757 
0.409100 3495.000000 0.203659 
0.408831 3504.000000 0.204184 
0.409490 3482.000000 0.202902 
0.411376 3419.000000 0.199231 
0.409490 3482.000000 0.202902 
0.410178 3459.000000 0.201562 
0.412274 3389.000000 0.197483 
0.410986 3432.000000 0.199988 
0.410867 3436.000000 0.200221 
0.412633 3377.000000 0.196783 
0.411675 3409.000000 0.198648 
0.411555 3413.000000 0.198881 
0.413172 3359.000000 0.195735 
0.412184 3392.000000 0.197657 
0.410298 3455.000000 0.201329 
0.410448 3450.000000 0.201037 
0.410418 3451.000000 0.201096 
0.411944 3400.000000 0.198124 
0.410298 3455.000000 0.201329 
0.409160 3493.000000 0.203543 
0.411944 3400.000000 0.198124 
0.412333 3387.000000 0.197366 
0.411226 3424.000000 0.199522 
0.412004 3398.000000 0.198007 
0.410058 3463.000000 0.201795 
0.411525 3414.000000 0.198939 
0.412154 3393.000000 0.197716 
0.411046 3430.000000 0.199872 
0.411376 3419.000000 0.199231 
0.411855 3403.000000 0.198298 
0.411465 3416.000000 0.199056 
0.408861 3503.000000 0.204126 
0.411495 3415.000000 0.198998 
0.412304 3388.000000 0.197424 
0.409400 3485.000000 0.203077 
0.409999 3465.000000 0.201911 
0.411825 3404.000000 0.198357 
0.411855 3403.000000 0.198298 
0.412244 3390.000000 0.197541 
0.410717 3441.000000 0.200513 
0.409100 3495.000000 0.203659 
0.411825 3404.000000 0.198357 
0.411016 3431.000000 0.199930 
0.409789 3472.000000 0.202319 
0.408771 3506.000000 0.204300 
0.410298 3455.000000 0.201329 
0.410777 3439.000000 0.200396 
0.413172 3359.000000 0.195735 
0.411256 3423.000000 0.199464 
0.408981 3499.000000 0.203893 
0.412214 3391.000000 0.197599 
0.409669 3476.000000 0.202552 
0.410328 3454.000000 0.201270 
0.411795 3405.000000 0.198415 
0.412034 3397.000000 0.197949 
0.410837 3437.000000 0.200280 
0.410567 3446.000000 0.200804 
0.411226 3424.000000 0.199522 
0.411675 3409.000000 0.198648 
0.410927 3434.000000 0.200105 
0.412274 3389.000000 0.197483 
0.409879 3469.000000 0.202144 
0.410837 3437.000000 0.200280 
0.410388 3452.000000 0.201154 
0.410687 3442.000000 0.200571 
0.412154 3393.000000 0.197716 
0.410567 3446.000000 0.200804 
0.409969 3466.000000 0.201970 
0.411914 3401.000000 0.198182 
0.410448 3450.000000 0.201037 
0.408891 3502.000000 0.204067 
0.411495 3415.000000 0.198998 
0.409041 3497.000000 0.203776 
0.411795 3405.000000 0.198415 
0.410627 3444.000000 0.200688 
0.412663 3376.000000 0.196725 
0.412393 3385.000000 0.197250 
0.412184 3392.000000 0.197657 
0.410867 3436.000000 0.200221 
0.411226 3424.000000 0.199522 
0.410388 3452.000000 0.201154 
0.410837 3437.000000 0.200280 
0.412663 3376.000000 0.196725 
0.410627 3444.000000 0.200688 
0.410328 3454.000000 0.201270 
0.410807 3438.000000 0.200338 
0.410956 3433.000000 0.200047 
0.410986 3432.000000 0.199988 
0.411525 3414.000000 0.198939 
0.409849 3470.000000 0.202203 
0.411316 3421.000000 0.199347 
0.409100 3495.000000 0.203659 
0.410927 3434.000000 0.200105 
0.409070 3496.000000 0.203718 
0.412453 3383.000000 0.197133 
0.410238 3457.000000 0.201445 
0.410537 3447.000000 0.200862 
0.409490 3482.000000 0.202902 
0.411974 3399.000000 0.198065 
0.412663 3376.000000 0.196725 
0.409699 3475.000000 0.202494 
0.411855 3403.000000 0.198298 
0.411316 3421.000000 0.199347 
0.410448 3450.000000 0.201037 
0.411765 3406.000000 0.198473 
0.410388 3452.000000 0.201154 
0.411286 3422.000000 0.199406 
0.410717 3441.000000 0.200513 
0.409849 3470.000000 0.202203 
0.411106 3428.000000 0.199755 
0.411465 3416.000000 0.199056 
0.411316 3421.000000 0.199347 
0.412842 3370.000000 0.196376 
0.411106 3428.000000 0.199755 
0.410537 3447.000000 0.200862 
0.412124 3394.000000 0.197774 
0.413142 3360.000000 0.195793 
0.409849 3470.000000 0.202203 
0.410448 3450.000000 0.201037 
0.410507 3448.000000 0.200921 
0.411495 3415.000000 0.198998 
0.409819 3471.000000 0.202261 
0.409549 3480.000000 0.202785 
0.411316 3421.000000 0.199347 
0.410597 3445.000000 0.200746 
0.410986 3432.000000 0.199988 
0.411435 3417.000000 0.199114 
0.412184 3392.000000 0.197657 
0.410448 3450.000000 0.201037 
0.409699 3475.000000 0.202494 
0.410148 3460.000000 0.201620 
0.410388 3452.000000 0.201154 
0.408382 3519.000000 0.205058 
0.411974 3399.000000 0.198065 
0.410298 3455.000000 0.201329 
0.411974 3399.000000 0.198065 
0.412244 3390.000000 0.197541 
0.410837 3437.000000 0.200280 
0.409160 3493.000000 0.203543 
0.411615 3411.000000 0.198765 
0.412573 3379.000000 0.196900 
0.412034 3397.000000 0.197949 
0.410927 3434.000000 0.200105 
0.409849 3470.000000 0.202203 
0.411106 3428.000000 0.199755 
0.411405 3418.000000 0.199173 
0.410388 3452.000000 0.201154 
0.410687 3442.000000 0.200571 
0.408771 3506.000000 0.204300 
0.412603 3378.000000 0.196842 
0.409849 3470.000000 0.202203 
0.412783 3372.000000 0.196492 
0.412603 3378.000000 0.196842 
0.410837 3437.000000 0.200280 
0.410388 3452.000000 0.201154 
0.410298 3455.000000 0.201329 
0.411495 3415.000000 0.198998 
0.408861 3503.000000 0.204126 
0.410747 3440.000000 0.200455 
0.412064 3396.000000 0.197891 
0.412124 3394.000000 0.197774 
0.410118 3461.000000 0.201678 
0.412274 3389.000000 0.197483 
0.411435 3417.000000 0.199114 
0.409879 3469.000000 0.202144 
0.411585 3412.000000 0.198823 
0.412483 3382.000000 0.197075 
0.411705 3408.000000 0.198590 
0.410927 3434.000000 0.200105 
0.411405 3418.000000 0.199173 
0.411346 3420.000000 0.199289 
0.409579 3479.000000 0.202727 
0.411136 3427.000000 0.199697 
0.411196 3425.000000 0.199580 
0.408771 3506.000000 0.204300 
0.410837 3437.000000 0.200280 
0.411106 3428.000000 0.199755 
0.411405 3418.000000 0.199173 
0.410028 3464.000000 0.201853 
0.410238 3457.000000 0.201445 
0.408861 3503.000000 0.204126 
0.410897 3435.000000 0.200163 
0.408502 3515.000000 0.204825 
0.412453 3383.000000 0.197133 
0.410657 3443.000000 0.200629 
0.410088 3462.000000 0.201736 
0.410597 3445.000000 0.200746 
0.410867 3436.000000 0.200221 
0.411645 3410.000000 0.198706 
0.411405 3418.000000 0.199173 
0.410448 3450.000000 0.201037 
0.410268 3456.000000 0.201387 
0.410956 3433.000000 0.200047 
0.410148 3460.000000 0.201620 
0.409699 3475.000000 0.202494 
0.409250 3490.000000 0.203368 
0.412573 3379.000000 0.196900 
0.410956 3433.000000 0.200047 
0.411405 3418.000000 0.199173 
0.409070 3496.000000 0.203718 
0.409939 3467.000000 0.202028 
0.410956 3433.000000 0.200047 
0.410927 3434.000000 0.200105 
0.411106 3428.000000 0.199755 
0.412932 3367.000000 0.196201 
0.409041 3497.000000 0.203776 
0.412304 3388.000000 0.197424 
0.411914 3401.000000 0.198182 
0.410777 3439.000000 0.200396 
0.411226 3424.000000 0.199522 
0.411825 3404.000000 0.198357 
0.411226 3424.000000 0.199522 
0.409789 3472.000000 0.202319 
0.410537 3447.000000 0.200862 
0.411136 3427.000000 0.199697 
0.409759 3473.000000 0.202377 
0.411196 3425.000000 0.199580 
0.411974 3399.000000 0.198065 
0.411106 3428.000000 0.199755 
0.412004 3398.000000 0.198007 
0.412333 3387.000000 0.197366 
0.410627 3444.000000 0.200688 
0.410927 3434.000000 0.200105 
0.410537 3447.000000 0.200862 
0.411376 3419.000000 0.199231 
0.411076 3429.000000 0.199814 
0.410028 3464.000000 0.201853 
0.412543 3380.000000 0.196958 
0.409789 3472.000000 0.202319 
0.410358 3453.000000 0.201212 
0.410986 3432.000000 0.199988 
0.409879 3469.000000 0.202144 
0.410956 3433.000000 0.200047 
0.409909 3468.000000 0.202086 
0.409729 3474.000000 0.202436 
0.409969 3466.000000 0.201970 
0.413202 3358.000000 0.195676 
0.411046 3430.000000 0.199872 
0.411735 3407.000000 0.198532 
0.411405 3418.000000 0.199173 
0.410028 3464.000000 0.201853 
0.411136 3427.000000 0.199697 
0.409639 3477.000000 0.202611 
0.413112 3361.000000 0.195851 
0.411196 3425.000000 0.199580 
0.411495 3415.000000 0.198998 
0.409220 3491.000000 0.203426 
0.411765 3406.000000 0.198473 
0.410058 3463.000000 0.201795 
0.412304 3388.000000 0.197424 
0.410567 3446.000000 0.200804 
0.410777 3439.000000 0.200396 
0.412543 3380.000000 0.196958 
0.411585 3412.000000 0.198823 
0.411226 3424.000000 0.199522 
0.409490 3482.000000 0.202902 
0.410567 3446.000000 0.200804 
0.412184 3392.000000 0.197657 
0.411016 3431.000000 0.199930 
0.413830 3337.000000 0.194453 
0.409220 3491.000000 0.203426 
0.411465 3416.000000 0.199056 
0.409370 3486.000000 0.203135 
0.412244 3390.000000 0.197541 
0.409520 3481.000000 0.202844 
0.412333 3387.000000 0.197366 
0.409909 3468.000000 0.202086 
0.408053 3530.000000 0.205699 
0.412543 3380.000000 0.196958 
0.409579 3479.000000 0.202727 
0.411435 3417.000000 0.199114 
0.410028 3464.000000 0.201853 
0.410148 3460.000000 0.201620 
0.412962 3366.000000 0.196142 
0.412094 3395.000000 0.197832 
0.411106 3428.000000 0.199755 
0.410208 3458.000000 0.201503 
0.410567 3446.000000 0.200804 
0.408262 3523.000000 0.205291 
0.412513 3381.000000 0.197016 
0.411705 3408.000000 0.198590 
0.409579 3479.000000 0.202727 
0.411405 3418.000000 0.199173 
0.411765 3406.000000 0.198473 
0.410867 3436.000000 0.200221 
0.411585 3412.000000 0.198823 
0.410507 3448.000000 0.200921 
0.410507 3448.000000 0.200921 
0.411884 3402.000000 0.198240 
0.412154 3393.000000 0.197716 
0.411765 3406.000000 0.198473 
0.411046 3430.000000 0.199872 
0.411855 3403.000000 0.198298 
0.411046 3430.000000 0.199872 
0.411286 3422.000000 0.199406 
0.411555 3413.000000 0.198881 
0.412214 3391.000000 0.197599 
0.410567 3446.000000 0.200804 
0.411495 3415.000000 0.198998 
0.410268 3456.000000 0.201387 
0.410118 3461.000000 0.201678 
0.411196 3425.000000 0.199580 
0.411465 3416.000000 0.199056 
0.412214 3391.000000 0.197599 
0.413202 3358.000000 0.195676 
0.410567 3446.000000 0.200804 
0.410867 3436.000000 0.200221 
0.409490 3482.000000 0.202902 
0.410028 3464.000000 0.201853 
0.410597 3445.000000 0.200746 
0.411166 3426.000000 0.199639 
0.412154 3393.000000 0.197716 
0.412274 3389.000000 0.197483 
0.409939 3467.000000 0.202028 
0.411346 3420.000000 0.199289 
0.411196 3425.000000 0.199580 
0.410807 3438.000000 0.200338 
0.412783 3372.000000 0.196492 
0.410358 3453.000000 0.201212 
0.411585 3412.000000 0.198823 
0.410028 3464.000000 0.201853 
0.410477 3449.000000 0.200979 
0.411405 3418.000000 0.199173 
0.409849 3470.000000 0.202203 
0.410717 3441.000000 0.200513 
0.410238 3457.000000 0.201445 
0.408801 3505.000000 0.204242 
0.411046 3430.000000 0.199872 
0.411256 3423.000000 0.199464 
0.410537 3447.000000 0.200862 
0.410507 3448.000000 0.200921 
0.411914 3401.000000 0.198182 
0.410268 3456.000000 0.201387 
0.409100 3495.000000 0.203659 
0.412004 3398.000000 0.198007 
0.411914 3401.000000 0.198182 
0.410627 3444.000000 0.200688 
0.412094 3395.000000 0.197832 
0.409609 3478.000000 0.202669 
0.412423 3384.000000 0.197191 
0.409520 3481.000000 0.202844 
0.410298 3455.000000 0.201329 
0.409669 3476.000000 0.202552 
0.411914 3401.000000 0.198182 
0.411256 3423.000000 0.199464 
0.411585 3412.000000 0.198823 
0.411346 3420.000000 0.199289 
0.409909 3468.000000 0.202086 
0.412633 3377.000000 0.196783 
0.410567 3446.000000 0.200804 
0.410627 3444.000000 0.200688 
0.410657 3443.000000 0.200629 
0.411795 3405.000000 0.198415 
0.411286 3422.000000 0.199406 
0.410807 3438.000000 0.200338 
0.409969 3466.000000 0.201970 
0.410358 3453.000000 0.201212 
0.412393 3385.000000 0.197250 
0.413291 3355.000000 0.195501 
0.410507 3448.000000 0.200921 
0.411316 3421.000000 0.199347 
0.410208 3458.000000 0.201503 
0.411615 3411.000000 0.198765 
0.410178 3459.000000 0.201562 
0.411795 3405.000000 0.198415 
0.411944 3400.000000 0.198124 
0.410118 3461.000000 0.201678 
0.412393 3385.000000 0.197250 
0.408861 3503.000000 0.204126 
0.410118 3461.000000 0.201678 
0.410837 3437.000000 0.200280 
0.410807 3438.000000 0.200338 
0.410477 3449.000000 0.200979 
0.410537 3447.000000 0.200862 
0.411226 3424.000000 0.199522 
0.412363 3386.000000 0.197308 
0.410927 3434.000000 0.200105 
0.411765 3406.000000 0.198473 
0.411585 3412.000000 0.198823 
0.411016 3431.000000 0.199930 
0.412693 3375.000000 0.196667 
0.411316 3421.000000 0.199347 
0.412214 3391.000000 0.197599 
0.412872 3369.000000 0.196317 
0.410178 3459.000000 0.201562 
0.411884 3402.000000 0.198240 
0.413471 3349.000000 0.195152 
0.409340 3487.000000 0.203193 
0.411286 3422.000000 0.199406 
0.409909 3468.000000 0.202086 
0.411495 3415.000000 0.198998 
0.409220 3491.000000 0.203426 
0.411465 3416.000000 0.199056 
0.411855 3403.000000 0.198298 
0.411405 3418.000000 0.199173 
0.410747 3440.000000 0.200455 
0.412094 3395.000000 0.197832 
0.409909 3468.000000 0.202086 
0.411046 3430.000000 0.199872 
0.409100 3495.000000 0.203659 
0.409669 3476.000000 0.202552 
0.409549 3480.000000 0.202785 
0.410537 3447.000000 0.200862 
0.408412 3518.000000 0.205000 
0.411585 3412.000000 0.198823 
0.413501 3348.000000 0.195094 
0.410028 3464.000000 0.201853 
0.410657 3443.000000 0.200629 
0.410148 3460.000000 0.201620 
0.408831 3504.000000 0.204184 
0.410178 3459.000000 0.201562 
0.411256 3423.000000 0.199464 
0.410597 3445.000000 0.200746 
0.413860 3336.000000 0.194394 
0.409999 3465.000000 0.201911 
0.412004 3398.000000 0.198007 
0.410208 3458.000000 0.201503 
0.411166 3426.000000 0.199639 
0.411405 3418.000000 0.199173 
0.410148 3460.000000 0.201620 
0.410358 3453.000000 0.201212 
0.410448 3450.000000 0.201037 
0.410268 3456.000000 0.201387 
0.412004 3398.000000 0.198007 
0.412184 3392.000000 0.197657 
0.411076 3429.000000 0.199814 
0.411106 3428.000000 0.199755 
0.413052 3363.000000 0.195968 
0.409250 3490.000000 0.203368 
0.411705 3408.000000 0.198590 
0.410477 3449.000000 0.200979 
0.410238 3457.000000 0.201445 
0.412783 3372.000000 0.196492 
0.410358 3453.000000 0.201212 
0.410418 3451.000000 0.201096 
0.411615 3411.000000 0.198765 
0.408202 3525.000000 0.205408 
0.410028 3464.000000 0.201853 
0.411136 3427.000000 0.199697 
0.410238 3457.000000 0.201445 
0.411136 3427.000000 0.199697 
0.410118 3461.000000 0.201678 
0.411944 3400.000000 0.198124 
0.410807 3438.000000 0.200338 
0.411016 3431.000000 0.199930 
0.410627 3444.000000 0.200688 
0.410358 3453.000000 0.201212 
0.412154 3393.000000 0.197716 
0.410148 3460.000000 0.201620 
0.412124 3394.000000 0.197774 
0.411705 3408.000000 0.198590 
0.411884 3402.000000 0.198240 
0.410148 3460.000000 0.201620 
0.410747 3440.000000 0.200455 
0.412932 3367.000000 0.196201 
0.412753 3373.000000 0.196550 
0.410687 3442.000000 0.200571 
0.410418 3451.000000 0.201096 
0.411196 3425.000000 0.199580 
0.410927 3434.000000 0.200105 
0.411495 3415.000000 0.198998 
0.409549 3480.000000 0.202785 
0.410388 3452.000000 0.201154 
0.410747 3440.000000 0.200455 
0.411286 3422.000000 0.199406 
0.408083 3529.000000 0.205641 
0.412783 3372.000000 0.196492 
0.411675 3409.000000 0.198648 
0.411765 3406.000000 0.198473 
0.409490 3482.000000 0.202902 
0.410328 3454.000000 0.201270 
0.410358 3453.000000 0.201212 
0.409430 3484.000000 0.203018 
0.411675 3409.000000 0.198648 
0.411855 3403.000000 0.198298 
0.409999 3465.000000 0.201911 
0.409939 3467.000000 0.202028 
0.411465 3416.000000 0.199056 
0.410597 3445.000000 0.200746 
0.410298 3455.000000 0.201329 
0.411166 3426.000000 0.199639 
0.412842 3370.000000 0.196376 
0.409430 3484.000000 0.203018 
0.410477 3449.000000 0.200979 
0.410927 3434.000000 0.200105 
0.409699 3475.000000 0.202494 
0.411525 3414.000000 0.198939 
0.410118 3461.000000 0.201678 
0.409160 3493.000000 0.203543 
0.410956 3433.000000 0.200047 
0.412453 3383.000000 0.197133 
0.411076 3429.000000 0.199814 
0.412902 3368.000000 0.196259 
0.410537 3447.000000 0.200862 
0.410118 3461.000000 0.201678 
0.408113 3528.000000 0.205582 
0.411765 3406.000000 0.198473 
0.411765 3406.000000 0.198473 
0.411166 3426.000000 0.199639 
0.414788 3305.000000 0.192588 
0.412124 3394.000000 0.197774 
0.411226 3424.000000 0.199522 
0.413411 3351.000000 0.195268 
0.413471 3349.000000 0.195152 
0.408801 3505.000000 0.204242 
0.410717 3441.000000 0.200513 
0.409849 3470.000000 0.202203 
0.410897 3435.000000 0.200163 
0.410537 3447.000000 0.200862 
0.411765 3406.000000 0.198473 
0.410956 3433.000000 0.200047 
0.411645 3410.000000 0.198706 
0.412513 3381.000000 0.197016 
0.411405 3418.000000 0.199173 
0.411495 3415.000000 0.198998 
0.411765 3406.000000 0.198473 
0.413261 3356.000000 0.195560 
0.413142 3360.000000 0.195793 
0.408861 3503.000000 0.204126 
0.410867 3436.000000 0.200221 
0.409609 3478.000000 0.202669 
0.410837 3437.000000 0.200280 
0.408412 3518.000000 0.205000 
0.413621 3344.000000 0.194860 
0.410897 3435.000000 0.200163 
0.410477 3449.000000 0.200979 
0.410358 3453.000000 0.201212 
0.410717 3441.000000 0.200513 
0.411256 3423.000000 0.199464 
0.411166 3426.000000 0.199639 
0.410687 3442.000000 0.200571 
0.412184 3392.000000 0.197657 
0.410777 3439.000000 0.200396 
0.412034 3397.000000 0.197949 
0.409070 3496.000000 0.203718 
0.411495 3415.000000 0.198998 
0.410986 3432.000000 0.199988 
0.410897 3435.000000 0.200163 
0.410208 3458.000000 0.201503 
0.410088 3462.000000 0.201736 
0.410388 3452.000000 0.201154 
0.410777 3439.000000 0.200396 
0.412483 3382.000000 0.197075 
0.409400 3485.000000 0.203077 
0.410777 3439.000000 0.200396 
0.411555 3413.000000 0.198881 
0.410448 3450.000000 0.201037 
0.411765 3406.000000 0.198473 
0.410627 3444.000000 0.200688 
0.411555 3413.000000 0.198881 
0.408711 3508.000000 0.204417 
0.411136 3427.000000 0.199697 
0.411465 3416.000000 0.199056 
0.411705 3408.000000 0.198590 
0.411316 3421.000000 0.199347 
0.412573 3379.000000 0.196900 
0.411106 3428.000000 0.199755 
0.411944 3400.000000 0.198124 
0.411825 3404.000000 0.198357 
0.411735 3407.000000 0.198532 
0.412992 3365.000000 0.196084 
0.412753 3373.000000 0.196550 
0.410777 3439.000000 0.200396 
0.411405 3418.000000 0.199173 
0.408771 3506.000000 0.204300 
0.411675 3409.000000 0.198648 
0.409160 3493.000000 0.203543 
0.409041 3497.000000 0.203776 
0.412214 3391.000000 0.197599 
0.411106 3428.000000 0.199755 
0.410687 3442.000000 0.200571 
0.411166 3426.000000 0.199639 
0.410358 3453.000000 0.201212 
0.411675 3409.000000 0.198648 
0.409490 3482.000000 0.202902 
0.412214 3391.000000 0.197599 
0.410627 3444.000000 0.200688 
0.411166 3426.000000 0.199639 
0.410477 3449.000000 0.200979 
0.411495 3415.000000 0.198998 
0.412274 3389.000000 0.197483 
0.410208 3458.000000 0.201503 
0.411914 3401.000000 0.198182 
0.410687 3442.000000 0.200571 
0.412034 3397.000000 0.197949 
0.410597 3445.000000 0.200746 
0.410388 3452.000000 0.201154 
0.411645 3410.000000 0.198706 
0.410388 3452.000000 0.201154 
0.411196 3425.000000 0.199580 
0.411376 3419.000000 0.199231 
0.410448 3450.000000 0.201037 
0.409070 3496.000000 0.203718 
0.411615 3411.000000 0.198765 
0.410597 3445.000000 0.200746 
0.411765 3406.000000 0.198473 
0.411435 3417.000000 0.199114 
0.410807 3438.000000 0.200338 
0.411795 3405.000000 0.198415 
0.411196 3425.000000 0.199580 
0.411465 3416.000000 0.199056 
0.412064 3396.000000 0.197891 
0.410208 3458.000000 0.201503 
0.411106 3428.000000 0.199755 
0.411645 3410.000000 0.198706 
0.410058 3463.000000 0.201795 
0.413381 3352.000000 0.195327 
0.409430 3484.000000 0.203018 
0.410837 3437.000000 0.200280 
0.411795 3405.000000 0.198415 
0.410418 3451.000000 0.201096 
0.410657 3443.000000 0.200629 
0.410956 3433.000000 0.200047 
0.410058 3463.000000 0.201795 
0.412154 3393.000000 0.197716 
0.409669 3476.000000 0.202552 
0.411645 3410.000000 0.198706 
0.409759 3473.000000 0.202377 
0.410178 3459.000000 0.201562 
0.410418 3451.000000 0.201096 
0.411465 3416.000000 0.199056 
0.408592 3512.000000 0.204650 
0.410567 3446.000000 0.200804 
0.413202 3358.000000 0.195676 
0.411346 3420.000000 0.199289 
0.410448 3450.000000 0.201037 
0.412004 3398.000000 0.198007 
0.412633 3377.000000 0.196783 
0.410448 3450.000000 0.201037 
0.412154 3393.000000 0.197716 
0.409849 3470.000000 0.202203 
0.409250 3490.000000 0.203368 
0.411974 3399.000000 0.198065 
0.412633 3377.000000 0.196783 
0.410358 3453.000000 0.201212 
0.411226 3424.000000 0.199522 
0.412842 3370.000000 0.196376 
0.412124 3394.000000 0.197774 
0.411914 3401.000000 0.198182 
0.411166 3426.000000 0.199639 
0.413651 3343.000000 0.194802 
0.412513 3381.000000 0.197016 
0.412064 3396.000000 0.197891 
0.411615 3411.000000 0.198765 
0.409400 3485.000000 0.203077 
0.410867 3436.000000 0.200221 
0.411735 3407.000000 0.198532 
0.411256 3423.000000 0.199464 
0.410537 3447.000000 0.200862 
0.411855 3403.000000 0.198298 
0.413172 3359.000000 0.195735 
0.409909 3468.000000 0.202086 
0.412513 3381.000000 0.197016 
0.411346 3420.000000 0.199289 
0.410268 3456.000000 0.201387 
0.410507 3448.000000 0.200921 
0.409430 3484.000000 0.203018 
0.409879 3469.000000 0.202144 
0.411016 3431.000000 0.199930 
0.411525 3414.000000 0.198939 
0.409340 3487.000000 0.203193 
0.411765 3406.000000 0.198473 
0.409549 3480.000000 0.202785 
0.412603 3378.000000 0.196842 
0.410717 3441.000000 0.200513 
0.410298 3455.000000 0.201329 
0.412214 3391.000000 0.197599 
0.410418 3451.000000 0.201096 
0.411256 3423.000000 0.199464 
0.409849 3470.000000 0.202203 
0.410627 3444.000000 0.200688 
0.412723 3374.000000 0.196609 
0.412004 3398.000000 0.198007 
0.410927 3434.000000 0.200105 
0.411914 3401.000000 0.198182 
0.410897 3435.000000 0.200163 
0.411645 3410.000000 0.198706 
0.412693 3375.000000 0.196667 
0.409220 3491.000000 0.203426 
0.411016 3431.000000 0.199930 
0.411555 3413.000000 0.198881 
0.409609 3478.000000 0.202669 
0.410956 3433.000000 0.200047 
0.410088 3462.000000 0.201736 
0.411226 3424.000000 0.199522 
0.410986 3432.000000 0.199988 
0.408532 3514.000000 0.204767 
0.413202 3358.000000 0.195676 
0.411944 3400.000000 0.198124 
0.411106 3428.000000 0.199755 
0.411585 3412.000000 0.198823 
0.411196 3425.000000 0.199580 
0.411166 3426.000000 0.199639 
0.412274 3389.000000 0.197483 
0.411735 3407.000000 0.198532 
0.410687 3442.000000 0.200571 
0.409310 3488.000000 0.203252 
0.409490 3482.000000 0.202902 
0.412663 3376.000000 0.196725 
0.409190 3492.000000 0.203485 
0.412872 3369.000000 0.196317 
0.411376 3419.000000 0.199231 
0.411346 3420.000000 0.199289 
0.411226 3424.000000 0.199522 
0.409789 3472.000000 0.202319 
0.410507 3448.000000 0.200921 
0.410448 3450.000000 0.201037 
0.411166 3426.000000 0.199639 
0.411376 3419.000000 0.199231 
0.411316 3421.000000 0.199347 
0.409310 3488.000000 0.203252 
0.410058 3463.000000 0.201795 
0.413321 3354.000000 0.195443 
0.414100 3328.000000 0.193928 
0.411675 3409.000000 0.198648 
0.410298 3455.000000 0.201329 
0.411765 3406.000000 0.198473 
0.410328 3454.000000 0.201270 
0.412363 3386.000000 0.197308 
0.411016 3431.000000 0.199930 
0.411884 3402.000000 0.198240 
0.410058 3463.000000 0.201795 
0.411675 3409.000000 0.198648 
0.410088 3462.000000 0.201736 
0.410927 3434.000000 0.200105 
0.411914 3401.000000 0.198182 
0.410298 3455.000000 0.201329 
0.410567 3446.000000 0.200804 
0.411256 3423.000000 0.199464 
0.411316 3421.000000 0.199347 
0.410418 3451.000000 0.201096 
0.411046 3430.000000 0.199872 
0.410088 3462.000000 0.201736 
0.409699 3475.000000 0.202494 
0.409460 3483.000000 0.202960 
0.410627 3444.000000 0.200688 
0.409759 3473.000000 0.202377 
0.410956 3433.000000 0.200047 
0.408861 3503.000000 0.204126 
0.410747 3440.000000 0.200455 
0.410627 3444.000000 0.200688 
0.409041 3497.000000 0.203776 
0.410837 3437.000000 0.200280 
0.411495 3415.000000 0.198998 
0.412393 3385.000000 0.197250 
0.410268 3456.000000 0.201387 
0.411226 3424.000000 0.199522 
0.411675 3409.000000 0.198648 
0.411136 3427.000000 0.199697 
0.410897 3435.000000 0.200163 
0.410777 3439.000000 0.200396 
0.411825 3404.000000 0.198357 
0.408532 3514.000000 0.204767 
0.410208 3458.000000 0.201503 
0.412932 3367.000000 0.196201 
0.411286 3422.000000 0.199406 
0.410058 3463.000000 0.201795 
0.409789 3472.000000 0.202319 
0.411076 3429.000000 0.199814 
0.409969 3466.000000 0.201970 
0.412483 3382.000000 0.197075 
0.410358 3453.000000 0.201212 
0.411196 3425.000000 0.199580 
0.409879 3469.000000 0.202144 
0.411136 3427.000000 0.199697 
0.412064 3396.000000 0.197891 
0.412453 3383.000000 0.197133 
0.411465 3416.000000 0.199056 
0.409759 3473.000000 0.202377 
0.411016 3431.000000 0.199930 
0.408711 3508.000000 0.204417 
0.411615 3411.000000 0.198765 
0.410867 3436.000000 0.200221 
0.410837 3437.000000 0.200280 
0.409969 3466.000000 0.201970 
0.411016 3431.000000 0.199930 
0.408711 3508.000000 0.204417 
0.410358 3453.000000 0.201212 
0.412363 3386.000000 0.197308 
0.410418 3451.000000 0.201096 
0.411795 3405.000000 0.198415 
0.411196 3425.000000 0.199580 
0.408861 3503.000000 0.204126 
0.411286 3422.000000 0.199406 
0.409939 3467.000000 0.202028 
0.411825 3404.000000 0.198357 
0.411495 3415.000000 0.198998 
0.409490 3482.000000 0.202902 
0.408981 3499.000000 0.203893 
0.413291 3355.000000 0.195501 
0.408262 3523.000000 0.205291 
0.410837 3437.000000 0.200280 
0.410567 3446.000000 0.200804 
0.408861 3503.000000 0.204126 
0.410627 3444.000000 0.200688 
0.409280 3489.000000 0.203310 
0.412393 3385.000000 0.197250 
0.410448 3450.000000 0.201037 
0.411914 3401.000000 0.198182 
0.412214 3391.000000 0.197599 
0.412304 3388.000000 0.197424 
0.408981 3499.000000 0.203893 
0.410118 3461.000000 0.201678 
0.412034 3397.000000 0.197949 
0.411495 3415.000000 0.198998 
0.410927 3434.000000 0.200105 
0.412872 3369.000000 0.196317 
0.411196 3425.000000 0.199580 
0.411016 3431.000000 0.199930 
0.411465 3416.000000 0.199056 
0.410657 3443.000000 0.200629 
0.407244 3557.000000 0.207272 
0.409430 3484.000000 0.203018 
0.411256 3423.000000 0.199464 
0.409400 3485.000000 0.203077 
0.410777 3439.000000 0.200396 
0.411166 3426.000000 0.199639 
0.411585 3412.000000 0.198823 
0.411944 3400.000000 0.198124 
0.411825 3404.000000 0.198357 
0.411076 3429.000000 0.199814 
0.412124 3394.000000 0.197774 
0.411944 3400.000000 0.198124 
0.410567 3446.000000 0.200804 
0.410028 3464.000000 0.201853 
0.409639 3477.000000 0.202611 
0.414758 3306.000000 0.192646 
0.412872 3369.000000 0.196317 
0.412064 3396.000000 0.197891 
0.411944 3400.000000 0.198124 
0.409939 3467.000000 0.202028 
0.410747 3440.000000 0.200455 
0.409520 3481.000000 0.202844 
0.408113 3528.000000 0.205582 
0.409520 3481.000000 0.202844 
0.411316 3421.000000 0.199347 
0.410927 3434.000000 0.200105 
0.411585 3412.000000 0.198823 
0.413621 3344.000000 0.194860 
0.410537 3447.000000 0.200862 
0.409520 3481.000000 0.202844 
0.412124 3394.000000 0.197774 
0.410058 3463.000000 0.201795 
0.412004 3398.000000 0.198007 
0.410717 3441.000000 0.200513 
0.411555 3413.000000 0.198881 
0.410448 3450.000000 0.201037 
0.410298 3455.000000 0.201329 
0.410148 3460.000000 0.201620 
0.412453 3383.000000 0.197133 
0.412333 3387.000000 0.197366 
0.411675 3409.000000 0.198648 
0.409849 3470.000000 0.202203 
0.409909 3468.000000 0.202086 
0.413381 3352.000000 0.195327 
0.410777 3439.000000 0.200396 
0.413351 3353.000000 0.195385 
0.409849 3470.000000 0.202203 
0.409669 3476.000000 0.202552 
0.410298 3455.000000 0.201329 
0.411914 3401.000000 0.198182 
0.410777 3439.000000 0.200396 
0.409520 3481.000000 0.202844 
0.410537 3447.000000 0.200862 
0.410028 3464.000000 0.201853 
0.409969 3466.000000 0.201970 
0.411585 3412.000000 0.198823 
0.410717 3441.000000 0.200513 
0.409370 3486.000000 0.203135 
0.409939 3467.000000 0.202028 
0.411196 3425.000000 0.199580 
0.411076 3429.000000 0.199814 
0.410897 3435.000000 0.200163 
0.410298 3455.000000 0.201329 
0.407993 3532.000000 0.205816 
0.411106 3428.000000 0.199755 
0.409879 3469.000000 0.202144 
0.411405 3418.000000 0.199173 
0.410657 3443.000000 0.200629 
0.413411 3351.000000 0.195268 
0.410747 3440.000000 0.200455 
0.409609 3478.000000 0.202669 
0.410897 3435.000000 0.200163 
0.411525 3414.000000 0.198939 
0.410058 3463.000000 0.201795 
0.412962 3366.000000 0.196142 
0.411166 3426.000000 0.199639 
0.410477 3449.000000 0.200979 
0.412274 3389.000000 0.197483 
0.410088 3462.000000 0.201736 
0.412124 3394.000000 0.197774 
0.410268 3456.000000 0.201387 
0.412962 3366.000000 0.196142 
0.410837 3437.000000 0.200280 
0.411884 3402.000000 0.198240 
0.411166 3426.000000 0.199639 
0.411645 3410.000000 0.198706 
0.410927 3434.000000 0.200105 
0.409460 3483.000000 0.202960 
0.410028 3464.000000 0.201853 
0.411495 3415.000000 0.198998 
0.410717 3441.000000 0.200513 
0.410567 3446.000000 0.200804 
0.410477 3449.000000 0.200979 
0.411884 3402.000000 0.198240 
0.411196 3425.000000 0.199580 
0.410358 3453.000000 0.201212 
0.411825 3404.000000 0.198357 
0.412902 3368.000000 0.196259 
0.409190 3492.000000 0.203485 
0.410777 3439.000000 0.200396 
0.410777 3439.000000 0.200396 
0.411046 3430.000000 0.199872 
0.411585 3412.000000 0.198823 
0.410777 3439.000000 0.200396 
0.411585 3412.000000 0.198823 
0.412393 3385.000000 0.197250 
0.408771 3506.000000 0.204300 
0.410328 3454.000000 0.201270 
0.409579 3479.000000 0.202727 
0.410597 3445.000000 0.200746 
0.409819 3471.000000 0.202261 
0.410747 3440.000000 0.200455 
0.410927 3434.000000 0.200105 
0.410956 3433.000000 0.200047 
0.408113 3528.000000 0.205582 
0.410477 3449.000000 0.200979 
0.411974 3399.000000 0.198065 
0.411765 3406.000000 0.198473 
0.412783 3372.000000 0.196492 
0.412274 3389.000000 0.197483 
0.411555 3413.000000 0.198881 
0.411286 3422.000000 0.199406 
0.411765 3406.000000 0.198473 
0.409130 3494.000000 0.203601 
0.410897 3435.000000 0.200163 
0.412244 3390.000000 0.197541 
0.407664 3543.000000 0.206457 
0.410178 3459.000000 0.201562 
0.411645 3410.000000 0.198706 
0.411795 3405.000000 0.198415 
0.412393 3385.000000 0.197250 
0.412274 3389.000000 0.197483 
0.411016 3431.000000 0.199930 
0.409699 3475.000000 0.202494 
0.411286 3422.000000 0.199406 
0.410717 3441.000000 0.200513 
0.409400 3485.000000 0.203077 
0.411046 3430.000000 0.199872 
0.409579 3479.000000 0.202727 
0.412064 3396.000000 0.197891 
0.411405 3418.000000 0.199173 
0.412633 3377.000000 0.196783 
0.410358 3453.000000 0.201212 
0.412723 3374.000000 0.196609 
0.409909 3468.000000 0.202086 
0.411525 3414.000000 0.198939 
0.413471 3349.000000 0.195152 
0.409160 3493.000000 0.203543 
0.409969 3466.000000 0.201970 
0.411914 3401.000000 0.198182 
0.410837 3437.000000 0.200280 
0.412842 3370.000000 0.196376 
0.412872 3369.000000 0.196317 
0.413082 3362.000000 0.195909 
0.411405 3418.000000 0.199173 
0.410388 3452.000000 0.201154 
0.410657 3443.000000 0.200629 
0.411196 3425.000000 0.199580 
0.410687 3442.000000 0.200571 
0.412214 3391.000000 0.197599 
0.411884 3402.000000 0.198240 
0.410867 3436.000000 0.200221 
0.410567 3446.000000 0.200804 
0.409879 3469.000000 0.202144 
0.411495 3415.000000 0.198998 
0.408083 3529.000000 0.205641 
0.411376 3419.000000 0.199231 
0.412543 3380.000000 0.196958 
0.409400 3485.000000 0.203077 
0.409220 3491.000000 0.203426 
0.411046 3430.000000 0.199872 
0.410208 3458.000000 0.201503 
0.410927 3434.000000 0.200105 
0.410148 3460.000000 0.201620 
0.411884 3402.000000 0.198240 
0.411495 3415.000000 0.198998 
0.411765 3406.000000 0.198473 
0.411076 3429.000000 0.199814 
0.411435 3417.000000 0.199114 
0.411196 3425.000000 0.199580 
0.410028 3464.000000 0.201853 
0.410028 3464.000000 0.201853 
0.412094 3395.000000 0.197832 
0.410627 3444.000000 0.200688 
0.409699 3475.000000 0.202494 
0.409070 3496.000000 0.203718 
0.411196 3425.000000 0.199580 
0.409280 3489.000000 0.203310 
0.411405 3418.000000 0.199173 
0.411705 3408.000000 0.198590 
0.410208 3458.000000 0.201503 
0.412064 3396.000000 0.197891 
0.410717 3441.000000 0.200513 
0.412333 3387.000000 0.197366 
0.410807 3438.000000 0.200338 
0.410537 3447.000000 0.200862 
0.412393 3385.000000 0.197250 
0.410597 3445.000000 0.200746 
0.411286 3422.000000 0.199406 
0.412034 3397.000000 0.197949 
0.410687 3442.000000 0.200571 
0.409909 3468.000000 0.202086 
0.409370 3486.000000 0.203135 
0.410567 3446.000000 0.200804 
0.411884 3402.000000 0.198240 
0.410747 3440.000000 0.200455 
0.411944 3400.000000 0.198124 
0.409939 3467.000000 0.202028 
0.411046 3430.000000 0.199872 
0.411884 3402.000000 0.198240 
0.411106 3428.000000 0.199755 
0.410597 3445.000000 0.200746 
0.411226 3424.000000 0.199522 
0.410777 3439.000000 0.200396 
0.411825 3404.000000 0.198357 
0.410807 3438.000000 0.200338 
0.410777 3439.000000 0.200396 
0.410268 3456.000000 0.201387 
0.411046 3430.000000 0.199872 
0.410627 3444.000000 0.200688 
0.410118 3461.000000 0.201678 
0.410567 3446.000000 0.200804 
0.410507 3448.000000 0.200921 
0.410597 3445.000000 0.200746 
0.410597 3445.000000 0.200746 
0.412124 3394.000000 0.197774 
0.411256 3423.000000 0.199464 
0.412333 3387.000000 0.197366 
0.411855 3403.000000 0.198298 
0.408681 3509.000000 0.204475 
0.410807 3438.000000 0.200338 
0.411555 3413.000000 0.198881 
0.412333 3387.000000 0.197366 
0.410298 3455.000000 0.201329 
0.408831 3504.000000 0.204184 
0.410208 3458.000000 0.201503 
0.410358 3453.000000 0.201212 
0.410717 3441.000000 0.200513 
0.409609 3478.000000 0.202669 
0.411735 3407.000000 0.198532 
0.411825 3404.000000 0.198357 
0.411286 3422.000000 0.199406 
0.410956 3433.000000 0.200047 
0.412393 3385.000000 0.197250 
0.410537 3447.000000 0.200862 
0.410627 3444.000000 0.200688 
0.410687 3442.000000 0.200571 
0.413471 3349.000000 0.195152 
0.412064 3396.000000 0.197891 
0.408322 3521.000000 0.205175 
0.410807 3438.000000 0.200338 
0.410208 3458.000000 0.201503 
0.411016 3431.000000 0.199930 
0.411615 3411.000000 0.198765 
0.410897 3435.000000 0.200163 
0.412393 3385.000000 0.197250 
0.410597 3445.000000 0.200746 
0.410807 3438.000000 0.200338 
0.412872 3369.000000 0.196317 
0.410717 3441.000000 0.200513 
0.413142 3360.000000 0.195793 
0.409370 3486.000000 0.203135 
0.409549 3480.000000 0.202785 
0.408322 3521.000000 0.205175 
0.412034 3397.000000 0.197949 
0.410148 3460.000000 0.201620 
0.411465 3416.000000 0.199056 
0.410927 3434.000000 0.200105 
0.412872 3369.000000 0.196317 
0.410268 3456.000000 0.201387 
0.410178 3459.000000 0.201562 
0.411196 3425.000000 0.199580 
0.410807 3438.000000 0.200338 
0.411974 3399.000000 0.198065 
0.410747 3440.000000 0.200455 
0.409310 3488.000000 0.203252 
0.410448 3450.000000 0.201037 
0.411226 3424.000000 0.199522 
0.410118 3461.000000 0.201678 
0.412274 3389.000000 0.197483 
0.410298 3455.000000 0.201329 
0.410328 3454.000000 0.201270 
0.411226 3424.000000 0.199522 
0.408951 3500.000000 0.203951 
0.410268 3456.000000 0.201387 
0.410956 3433.000000 0.200047 
0.411376 3419.000000 0.199231 
0.412543 3380.000000 0.196958 
0.412333 3387.000000 0.197366 
0.409729 3474.000000 0.202436 
0.409579 3479.000000 0.202727 
0.411645 3410.000000 0.198706 
0.409879 3469.000000 0.202144 
0.409280 3489.000000 0.203310 
0.411645 3410.000000 0.198706 
0.411166 3426.000000 0.199639 
0.412333 3387.000000 0.197366 
0.410328 3454.000000 0.201270 
0.410597 3445.000000 0.200746 
0.410328 3454.000000 0.201270 
0.410298 3455.000000 0.201329 
0.411376 3419.000000 0.199231 
0.410537 3447.000000 0.200862 
0.413711 3341.000000 0.194686 
0.411046 3430.000000 0.199872 
0.411016 3431.000000 0.199930 
0.410956 3433.000000 0.200047 
0.410927 3434.000000 0.200105 
0.411884 3402.000000 0.198240 
0.410717 3441.000000 0.200513 
0.412124 3394.000000 0.197774 
0.410388 3452.000000 0.201154 
0.410358 3453.000000 0.201212 
0.410897 3435.000000 0.200163 
0.411405 3418.000000 0.199173 
0.412274 3389.000000 0.197483 
0.410927 3434.000000 0.200105 
0.411765 3406.000000 0.198473 
0.411076 3429.000000 0.199814 
0.410986 3432.000000 0.199988 
0.412064 3396.000000 0.197891 
0.411855 3403.000000 0.198298 
0.411884 3402.000000 0.198240 
0.412573 3379.000000 0.196900 
0.410657 3443.000000 0.200629 
0.410507 3448.000000 0.200921 
0.411855 3403.000000 0.198298 
0.413681 3342.000000 0.194744 
0.410717 3441.000000 0.200513 
0.413082 3362.000000 0.195909 
0.412333 3387.000000 0.197366 
0.410477 3449.000000 0.200979 
0.412423 3384.000000 0.197191 
0.411226 3424.000000 0.199522 
0.411435 3417.000000 0.199114 
0.409250 3490.000000 0.203368 
0.410088 3462.000000 0.201736 
0.409789 3472.000000 0.202319 
0.412244 3390.000000 0.197541 
0.410477 3449.000000 0.200979 
0.411226 3424.000000 0.199522 
0.409879 3469.000000 0.202144 
0.411495 3415.000000 0.198998 
0.410657 3443.000000 0.200629 
0.409759 3473.000000 0.202377 
0.413561 3346.000000 0.194977 
0.411735 3407.000000 0.198532 
0.411825 3404.000000 0.198357 
0.410028 3464.000000 0.201853 
