0.099662 104.000000 0.123662 
0.100068 101.000000 0.120095 
0.099256 107.000000 0.127229 
0.101826 88.000000 0.104637 
0.100338 99.000000 0.117717 
0.099797 103.000000 0.122473 
0.099932 102.000000 0.121284 
0.100744 96.000000 0.114150 
0.099797 103.000000 0.122473 
0.100338 99.000000 0.117717 
0.099121 108.000000 0.128419 
0.100203 100.000000 0.118906 
0.100473 98.000000 0.116528 
0.101420 91.000000 0.108205 
0.101149 93.000000 0.110583 
0.100744 96.000000 0.114150 
0.100338 99.000000 0.117717 
0.101149 93.000000 0.110583 
0.100473 98.000000 0.116528 
0.100473 98.000000 0.116528 
0.101285 92.000000 0.109394 
0.100879 95.000000 0.112961 
0.098174 115.000000 0.136742 
0.101961 87.000000 0.103448 
0.101420 91.000000 0.108205 
0.098445 113.000000 0.134364 
0.101961 87.000000 0.103448 
0.101826 88.000000 0.104637 
0.100068 101.000000 0.120095 
0.100473 98.000000 0.116528 
0.098445 113.000000 0.134364 
0.101149 93.000000 0.110583 
0.100879 95.000000 0.112961 
0.101285 92.000000 0.109394 
0.099797 103.000000 0.122473 
0.101149 93.000000 0.110583 
0.100744 96.000000 0.114150 
0.100609 97.000000 0.115339 
0.101555 90.000000 0.107015 
0.100338 99.000000 0.117717 
0.101149 93.000000 0.110583 
0.100473 98.000000 0.116528 
0.100338 99.000000 0.117717 
0.101420 91.000000 0.108205 
0.101555 90.000000 0.107015 
0.101690 89.000000 0.105826 
0.101014 94.000000 0.111772 
0.101014 94.000000 0.111772 
0.099932 102.000000 0.121284 
0.100609 97.000000 0.115339 
0.102637 82.000000 0.097503 
0.099932 102.000000 0.121284 
0.097769 118.000000 0.140309 
0.098851 110.000000 0.130797 
0.102772 81.000000 0.096314 
0.101555 90.000000 0.107015 
0.101555 90.000000 0.107015 
0.100879 95.000000 0.112961 
0.101014 94.000000 0.111772 
0.101826 88.000000 0.104637 
0.098310 114.000000 0.135553 
0.099527 105.000000 0.124851 
0.100609 97.000000 0.115339 
0.097498 120.000000 0.142687 
0.102096 86.000000 0.102259 
0.101285 92.000000 0.109394 
0.100473 98.000000 0.116528 
0.100879 95.000000 0.112961 
0.101149 93.000000 0.110583 
0.100744 96.000000 0.114150 
0.099932 102.000000 0.121284 
0.100203 100.000000 0.118906 
0.101285 92.000000 0.109394 
0.099932 102.000000 0.121284 
0.099932 102.000000 0.121284 
0.101961 87.000000 0.103448 
0.103043 79.000000 0.093936 
0.100879 95.000000 0.112961 
0.102772 81.000000 0.096314 
0.099121 108.000000 0.128419 
0.098310 114.000000 0.135553 
0.099121 108.000000 0.128419 
0.099932 102.000000 0.121284 
0.102907 80.000000 0.095125 
0.101014 94.000000 0.111772 
0.101014 94.000000 0.111772 
0.098580 112.000000 0.133175 
0.101555 90.000000 0.107015 
0.101420 91.000000 0.108205 
0.102907 80.000000 0.095125 
0.101420 91.000000 0.108205 
0.101014 94.000000 0.111772 
0.100203 100.000000 0.118906 
0.100744 96.000000 0.114150 
0.100879 95.000000 0.112961 
0.101285 92.000000 0.109394 
0.101690 89.000000 0.105826 
0.100609 97.000000 0.115339 
0.101285 92.000000 0.109394 
0.099932 102.000000 0.121284 
0.100744 96.000000 0.114150 
0.100203 100.000000 0.118906 
0.100609 97.000000 0.115339 
0.099527 105.000000 0.124851 
0.101014 94.000000 0.111772 
0.100744 96.000000 0.114150 
0.100744 96.000000 0.114150 
0.100473 98.000000 0.116528 
0.100068 101.000000 0.120095 
0.100338 99.000000 0.117717 
0.102772 81.000000 0.096314 
0.098851 110.000000 0.130797 
0.099797 103.000000 0.122473 
0.100068 101.000000 0.120095 
0.099932 102.000000 0.121284 
0.100879 95.000000 0.112961 
0.098174 115.000000 0.136742 
0.100068 101.000000 0.120095 
0.102772 81.000000 0.096314 
0.102096 86.000000 0.102259 
0.102502 83.000000 0.098692 
0.100744 96.000000 0.114150 
0.099256 107.000000 0.127229 
0.100609 97.000000 0.115339 
0.101014 94.000000 0.111772 
0.100068 101.000000 0.120095 
0.101014 94.000000 0.111772 
0.101555 90.000000 0.107015 
0.099527 105.000000 0.124851 
0.103178 78.000000 0.092747 
0.101014 94.000000 0.111772 
0.099256 107.000000 0.127229 
0.097904 117.000000 0.139120 
0.099932 102.000000 0.121284 
0.101690 89.000000 0.105826 
0.101285 92.000000 0.109394 
0.101555 90.000000 0.107015 
0.099932 102.000000 0.121284 
0.100068 101.000000 0.120095 
0.101555 90.000000 0.107015 
0.100879 95.000000 0.112961 
0.100473 98.000000 0.116528 
0.101285 92.000000 0.109394 
0.098580 112.000000 0.133175 
0.103313 77.000000 0.091558 
0.100473 98.000000 0.116528 
0.098851 110.000000 0.130797 
0.101826 88.000000 0.104637 
0.103719 74.000000 0.087990 
0.101420 91.000000 0.108205 
0.099121 108.000000 0.128419 
0.101690 89.000000 0.105826 
0.099932 102.000000 0.121284 
0.100609 97.000000 0.115339 
0.100473 98.000000 0.116528 
0.100473 98.000000 0.116528 
0.098174 115.000000 0.136742 
0.098310 114.000000 0.135553 
0.099932 102.000000 0.121284 
0.101961 87.000000 0.103448 
0.101014 94.000000 0.111772 
0.101690 89.000000 0.105826 
0.101690 89.000000 0.105826 
0.101826 88.000000 0.104637 
0.103854 73.000000 0.086801 
0.100338 99.000000 0.117717 
0.099932 102.000000 0.121284 
0.101149 93.000000 0.110583 
0.101285 92.000000 0.109394 
0.098715 111.000000 0.131986 
0.100068 101.000000 0.120095 
0.100879 95.000000 0.112961 
0.100609 97.000000 0.115339 
0.100744 96.000000 0.114150 
0.100338 99.000000 0.117717 
0.100744 96.000000 0.114150 
0.102231 85.000000 0.101070 
0.098715 111.000000 0.131986 
0.101285 92.000000 0.109394 
0.100203 100.000000 0.118906 
0.100473 98.000000 0.116528 
0.099121 108.000000 0.128419 
0.100068 101.000000 0.120095 
0.100068 101.000000 0.120095 
0.100744 96.000000 0.114150 
0.102231 85.000000 0.101070 
0.099797 103.000000 0.122473 
0.101420 91.000000 0.108205 
0.102096 86.000000 0.102259 
0.101149 93.000000 0.110583 
0.098851 110.000000 0.130797 
0.100744 96.000000 0.114150 
0.100879 95.000000 0.112961 
0.099121 108.000000 0.128419 
0.101285 92.000000 0.109394 
0.100744 96.000000 0.114150 
0.099121 108.000000 0.128419 
0.100879 95.000000 0.112961 
0.100879 95.000000 0.112961 
0.101285 92.000000 0.109394 
0.101690 89.000000 0.105826 
0.099662 104.000000 0.123662 
0.100203 100.000000 0.118906 
0.100744 96.000000 0.114150 
0.100068 101.000000 0.120095 
0.097363 121.000000 0.143876 
0.102231 85.000000 0.101070 
0.100203 100.000000 0.118906 
0.099527 105.000000 0.124851 
0.100203 100.000000 0.118906 
0.098851 110.000000 0.130797 
0.101826 88.000000 0.104637 
0.099797 103.000000 0.122473 
0.101555 90.000000 0.107015 
0.098715 111.000000 0.131986 
0.102096 86.000000 0.102259 
0.100879 95.000000 0.112961 
0.100609 97.000000 0.115339 
0.103178 78.000000 0.092747 
0.099527 105.000000 0.124851 
0.100338 99.000000 0.117717 
0.100744 96.000000 0.114150 
0.101014 94.000000 0.111772 
0.099797 103.000000 0.122473 
0.099256 107.000000 0.127229 
0.102231 85.000000 0.101070 
0.100744 96.000000 0.114150 
0.100203 100.000000 0.118906 
0.101961 87.000000 0.103448 
0.100879 95.000000 0.112961 
0.099662 104.000000 0.123662 
0.100473 98.000000 0.116528 
0.099932 102.000000 0.121284 
0.100068 101.000000 0.120095 
0.102637 82.000000 0.097503 
0.100473 98.000000 0.116528 
0.100744 96.000000 0.114150 
0.100609 97.000000 0.115339 
0.099797 103.000000 0.122473 
0.100473 98.000000 0.116528 
0.102502 83.000000 0.098692 
0.100744 96.000000 0.114150 
0.102096 86.000000 0.102259 
0.099121 108.000000 0.128419 
0.102231 85.000000 0.101070 
0.099662 104.000000 0.123662 
0.100744 96.000000 0.114150 
0.100473 98.000000 0.116528 
0.104260 70.000000 0.083234 
0.101149 93.000000 0.110583 
0.100068 101.000000 0.120095 
0.098310 114.000000 0.135553 
0.100203 100.000000 0.118906 
0.101285 92.000000 0.109394 
0.103448 76.000000 0.090369 
0.098580 112.000000 0.133175 
0.101285 92.000000 0.109394 
0.100338 99.000000 0.117717 
0.099391 106.000000 0.126040 
0.099662 104.000000 0.123662 
0.100879 95.000000 0.112961 
0.100473 98.000000 0.116528 
0.100068 101.000000 0.120095 
0.100473 98.000000 0.116528 
0.100879 95.000000 0.112961 
0.099256 107.000000 0.127229 
0.100879 95.000000 0.112961 
0.102096 86.000000 0.102259 
0.101014 94.000000 0.111772 
0.098445 113.000000 0.134364 
0.100879 95.000000 0.112961 
0.101826 88.000000 0.104637 
0.100473 98.000000 0.116528 
0.100879 95.000000 0.112961 
0.102502 83.000000 0.098692 
0.101420 91.000000 0.108205 
0.102096 86.000000 0.102259 
0.101149 93.000000 0.110583 
0.101285 92.000000 0.109394 
0.099391 106.000000 0.126040 
0.100473 98.000000 0.116528 
0.099932 102.000000 0.121284 
0.103178 78.000000 0.092747 
0.099662 104.000000 0.123662 
0.101014 94.000000 0.111772 
0.100473 98.000000 0.116528 
0.099391 106.000000 0.126040 
0.100203 100.000000 0.118906 
0.100338 99.000000 0.117717 
0.098310 114.000000 0.135553 
0.101826 88.000000 0.104637 
0.098986 109.000000 0.129608 
0.102637 82.000000 0.097503 
0.098851 110.000000 0.130797 
0.102637 82.000000 0.097503 
0.100203 100.000000 0.118906 
0.100068 101.000000 0.120095 
0.099662 104.000000 0.123662 
0.101149 93.000000 0.110583 
0.098445 113.000000 0.134364 
0.101826 88.000000 0.104637 
0.101149 93.000000 0.110583 
0.100203 100.000000 0.118906 
0.099932 102.000000 0.121284 
0.100879 95.000000 0.112961 
0.099932 102.000000 0.121284 
0.101420 91.000000 0.108205 
0.101826 88.000000 0.104637 
0.101690 89.000000 0.105826 
0.098445 113.000000 0.134364 
0.100068 101.000000 0.120095 
0.101149 93.000000 0.110583 
0.101826 88.000000 0.104637 
0.101285 92.000000 0.109394 
0.101555 90.000000 0.107015 
0.102231 85.000000 0.101070 
0.101149 93.000000 0.110583 
0.102366 84.000000 0.099881 
0.100068 101.000000 0.120095 
0.100744 96.000000 0.114150 
0.100879 95.000000 0.112961 
0.100609 97.000000 0.115339 
0.100473 98.000000 0.116528 
0.100068 101.000000 0.120095 
0.100068 101.000000 0.120095 
0.101690 89.000000 0.105826 
0.101149 93.000000 0.110583 
0.101014 94.000000 0.111772 
0.100744 96.000000 0.114150 
0.100068 101.000000 0.120095 
0.100203 100.000000 0.118906 
0.101961 87.000000 0.103448 
0.100879 95.000000 0.112961 
0.099797 103.000000 0.122473 
0.101826 88.000000 0.104637 
0.097634 119.000000 0.141498 
0.101420 91.000000 0.108205 
0.100744 96.000000 0.114150 
0.098174 115.000000 0.136742 
0.101420 91.000000 0.108205 
0.099391 106.000000 0.126040 
0.102366 84.000000 0.099881 
0.102096 86.000000 0.102259 
0.100203 100.000000 0.118906 
0.099256 107.000000 0.127229 
0.100609 97.000000 0.115339 
0.102366 84.000000 0.099881 
0.099527 105.000000 0.124851 
0.098715 111.000000 0.131986 
0.102231 85.000000 0.101070 
0.101826 88.000000 0.104637 
0.102502 83.000000 0.098692 
0.100338 99.000000 0.117717 
0.098986 109.000000 0.129608 
0.100744 96.000000 0.114150 
0.100744 96.000000 0.114150 
0.099662 104.000000 0.123662 
0.101149 93.000000 0.110583 
0.098986 109.000000 0.129608 
0.103043 79.000000 0.093936 
0.102907 80.000000 0.095125 
0.100744 96.000000 0.114150 
0.101285 92.000000 0.109394 
0.101420 91.000000 0.108205 
0.100744 96.000000 0.114150 
0.101826 88.000000 0.104637 
0.100473 98.000000 0.116528 
0.102096 86.000000 0.102259 
0.102096 86.000000 0.102259 
0.100744 96.000000 0.114150 
0.098851 110.000000 0.130797 
0.101690 89.000000 0.105826 
0.099391 106.000000 0.126040 
0.098851 110.000000 0.130797 
0.100203 100.000000 0.118906 
0.099121 108.000000 0.128419 
0.100879 95.000000 0.112961 
0.098445 113.000000 0.134364 
0.100338 99.000000 0.117717 
0.100338 99.000000 0.117717 
0.100609 97.000000 0.115339 
0.102772 81.000000 0.096314 
0.102637 82.000000 0.097503 
0.100879 95.000000 0.112961 
0.098715 111.000000 0.131986 
0.099256 107.000000 0.127229 
0.102502 83.000000 0.098692 
0.098851 110.000000 0.130797 
0.103313 77.000000 0.091558 
0.100744 96.000000 0.114150 
0.101149 93.000000 0.110583 
0.100744 96.000000 0.114150 
0.102366 84.000000 0.099881 
0.101285 92.000000 0.109394 
0.098580 112.000000 0.133175 
0.101014 94.000000 0.111772 
0.099121 108.000000 0.128419 
0.098851 110.000000 0.130797 
0.100609 97.000000 0.115339 
0.101014 94.000000 0.111772 
0.102772 81.000000 0.096314 
0.100879 95.000000 0.112961 
0.100879 95.000000 0.112961 
0.100338 99.000000 0.117717 
0.098445 113.000000 0.134364 
0.101285 92.000000 0.109394 
0.101149 93.000000 0.110583 
0.101285 92.000000 0.109394 
0.098986 109.000000 0.129608 
0.102772 81.000000 0.096314 
0.101555 90.000000 0.107015 
0.101014 94.000000 0.111772 
0.101826 88.000000 0.104637 
0.098580 112.000000 0.133175 
0.099932 102.000000 0.121284 
0.098580 112.000000 0.133175 
0.099932 102.000000 0.121284 
0.098986 109.000000 0.129608 
0.099932 102.000000 0.121284 
0.099256 107.000000 0.127229 
0.101149 93.000000 0.110583 
0.100068 101.000000 0.120095 
0.100744 96.000000 0.114150 
0.099391 106.000000 0.126040 
0.100609 97.000000 0.115339 
0.099391 106.000000 0.126040 
0.101149 93.000000 0.110583 
0.100068 101.000000 0.120095 
0.098986 109.000000 0.129608 
0.100879 95.000000 0.112961 
0.101285 92.000000 0.109394 
0.101285 92.000000 0.109394 
0.099121 108.000000 0.128419 
0.099932 102.000000 0.121284 
0.101149 93.000000 0.110583 
0.099256 107.000000 0.127229 
0.099662 104.000000 0.123662 
0.100068 101.000000 0.120095 
0.101555 90.000000 0.107015 
0.099391 106.000000 0.126040 
0.098986 109.000000 0.129608 
0.102096 86.000000 0.102259 
0.101149 93.000000 0.110583 
0.100879 95.000000 0.112961 
0.099932 102.000000 0.121284 
0.101961 87.000000 0.103448 
0.100338 99.000000 0.117717 
0.099121 108.000000 0.128419 
0.100068 101.000000 0.120095 
0.103043 79.000000 0.093936 
0.101555 90.000000 0.107015 
0.102231 85.000000 0.101070 
0.100068 101.000000 0.120095 
0.102637 82.000000 0.097503 
0.101420 91.000000 0.108205 
0.098851 110.000000 0.130797 
0.102096 86.000000 0.102259 
0.101826 88.000000 0.104637 
0.100338 99.000000 0.117717 
0.102502 83.000000 0.098692 
0.098851 110.000000 0.130797 
0.099932 102.000000 0.121284 
0.102637 82.000000 0.097503 
0.100203 100.000000 0.118906 
0.100338 99.000000 0.117717 
0.101285 92.000000 0.109394 
0.100338 99.000000 0.117717 
0.099662 104.000000 0.123662 
0.101014 94.000000 0.111772 
0.099256 107.000000 0.127229 
0.099662 104.000000 0.123662 
0.099662 104.000000 0.123662 
0.101555 90.000000 0.107015 
0.100068 101.000000 0.120095 
0.100609 97.000000 0.115339 
0.098715 111.000000 0.131986 
0.100609 97.000000 0.115339 
0.102502 83.000000 0.098692 
0.101420 91.000000 0.108205 
0.099391 106.000000 0.126040 
0.100879 95.000000 0.112961 
0.100068 101.000000 0.120095 
0.100473 98.000000 0.116528 
0.100338 99.000000 0.117717 
0.099256 107.000000 0.127229 
0.099391 106.000000 0.126040 
0.099797 103.000000 0.122473 
0.100338 99.000000 0.117717 
0.101690 89.000000 0.105826 
0.098851 110.000000 0.130797 
0.102366 84.000000 0.099881 
0.101826 88.000000 0.104637 
0.099662 104.000000 0.123662 
0.099256 107.000000 0.127229 
0.101149 93.000000 0.110583 
0.098986 109.000000 0.129608 
0.099662 104.000000 0.123662 
0.100609 97.000000 0.115339 
0.101826 88.000000 0.104637 
0.102231 85.000000 0.101070 
0.100473 98.000000 0.116528 
0.101014 94.000000 0.111772 
0.101149 93.000000 0.110583 
0.101149 93.000000 0.110583 
0.100338 99.000000 0.117717 
0.100744 96.000000 0.114150 
0.100473 98.000000 0.116528 
0.099797 103.000000 0.122473 
0.100338 99.000000 0.117717 
0.101961 87.000000 0.103448 
0.101961 87.000000 0.103448 
0.102502 83.000000 0.098692 
0.099527 105.000000 0.124851 
0.100879 95.000000 0.112961 
0.100338 99.000000 0.117717 
0.101555 90.000000 0.107015 
0.098310 114.000000 0.135553 
0.101961 87.000000 0.103448 
0.101285 92.000000 0.109394 
0.102096 86.000000 0.102259 
0.099662 104.000000 0.123662 
0.100068 101.000000 0.120095 
0.100744 96.000000 0.114150 
0.100744 96.000000 0.114150 
0.098986 109.000000 0.129608 
0.098851 110.000000 0.130797 
0.100338 99.000000 0.117717 
0.100744 96.000000 0.114150 
0.099256 107.000000 0.127229 
0.102366 84.000000 0.099881 
0.099932 102.000000 0.121284 
0.099391 106.000000 0.126040 
0.100338 99.000000 0.117717 
0.098580 112.000000 0.133175 
0.102231 85.000000 0.101070 
0.100744 96.000000 0.114150 
0.100338 99.000000 0.117717 
0.101285 92.000000 0.109394 
0.100609 97.000000 0.115339 
0.099932 102.000000 0.121284 
0.101961 87.000000 0.103448 
0.098851 110.000000 0.130797 
0.099932 102.000000 0.121284 
0.099797 103.000000 0.122473 
0.100879 95.000000 0.112961 
0.101420 91.000000 0.108205 
0.100744 96.000000 0.114150 
0.101555 90.000000 0.107015 
0.102096 86.000000 0.102259 
0.099527 105.000000 0.124851 
0.101555 90.000000 0.107015 
0.100744 96.000000 0.114150 
0.100609 97.000000 0.115339 
0.100203 100.000000 0.118906 
0.100609 97.000000 0.115339 
0.101285 92.000000 0.109394 
0.102502 83.000000 0.098692 
0.099391 106.000000 0.126040 
0.099256 107.000000 0.127229 
0.101555 90.000000 0.107015 
0.100879 95.000000 0.112961 
0.100879 95.000000 0.112961 
0.099662 104.000000 0.123662 
0.101555 90.000000 0.107015 
0.099932 102.000000 0.121284 
0.100068 101.000000 0.120095 
0.101961 87.000000 0.103448 
0.099256 107.000000 0.127229 
0.100473 98.000000 0.116528 
0.102096 86.000000 0.102259 
0.101826 88.000000 0.104637 
0.100203 100.000000 0.118906 
0.099932 102.000000 0.121284 
0.099391 106.000000 0.126040 
0.101149 93.000000 0.110583 
0.102366 84.000000 0.099881 
0.100068 101.000000 0.120095 
0.099932 102.000000 0.121284 
0.098851 110.000000 0.130797 
0.100879 95.000000 0.112961 
0.099121 108.000000 0.128419 
0.101014 94.000000 0.111772 
0.101420 91.000000 0.108205 
0.099797 103.000000 0.122473 
0.100744 96.000000 0.114150 
0.101285 92.000000 0.109394 
0.100609 97.000000 0.115339 
0.099527 105.000000 0.124851 
0.100068 101.000000 0.120095 
0.101420 91.000000 0.108205 
0.098715 111.000000 0.131986 
0.101149 93.000000 0.110583 
0.100068 101.000000 0.120095 
0.101555 90.000000 0.107015 
0.100203 100.000000 0.118906 
0.102502 83.000000 0.098692 
0.100338 99.000000 0.117717 
0.100068 101.000000 0.120095 
0.099391 106.000000 0.126040 
0.100203 100.000000 0.118906 
0.102096 86.000000 0.102259 
0.101014 94.000000 0.111772 
0.099932 102.000000 0.121284 
0.102231 85.000000 0.101070 
0.098851 110.000000 0.130797 
0.100609 97.000000 0.115339 
0.099256 107.000000 0.127229 
0.101690 89.000000 0.105826 
0.101014 94.000000 0.111772 
0.102096 86.000000 0.102259 
0.100338 99.000000 0.117717 
0.101690 89.000000 0.105826 
0.100473 98.000000 0.116528 
0.097769 118.000000 0.140309 
0.101420 91.000000 0.108205 
0.101014 94.000000 0.111772 
0.099121 108.000000 0.128419 
0.098715 111.000000 0.131986 
0.099797 103.000000 0.122473 
0.100744 96.000000 0.114150 
0.102637 82.000000 0.097503 
0.098445 113.000000 0.134364 
0.100473 98.000000 0.116528 
0.099121 108.000000 0.128419 
0.102772 81.000000 0.096314 
0.098986 109.000000 0.129608 
0.098986 109.000000 0.129608 
0.102096 86.000000 0.102259 
0.100609 97.000000 0.115339 
0.100203 100.000000 0.118906 
0.101420 91.000000 0.108205 
0.097769 118.000000 0.140309 
0.097769 118.000000 0.140309 
0.100879 95.000000 0.112961 
0.100203 100.000000 0.118906 
0.102907 80.000000 0.095125 
0.101149 93.000000 0.110583 
0.100338 99.000000 0.117717 
0.099527 105.000000 0.124851 
0.099662 104.000000 0.123662 
0.101555 90.000000 0.107015 
0.099527 105.000000 0.124851 
0.099527 105.000000 0.124851 
0.100203 100.000000 0.118906 
0.101555 90.000000 0.107015 
0.101555 90.000000 0.107015 
0.099932 102.000000 0.121284 
0.100609 97.000000 0.115339 
0.101014 94.000000 0.111772 
0.101961 87.000000 0.103448 
0.100203 100.000000 0.118906 
0.101014 94.000000 0.111772 
0.102366 84.000000 0.099881 
0.100338 99.000000 0.117717 
0.102637 82.000000 0.097503 
0.100879 95.000000 0.112961 
0.100068 101.000000 0.120095 
0.100338 99.000000 0.117717 
0.100744 96.000000 0.114150 
0.099797 103.000000 0.122473 
0.100068 101.000000 0.120095 
0.100744 96.000000 0.114150 
0.103448 76.000000 0.090369 
0.098986 109.000000 0.129608 
0.100338 99.000000 0.117717 
0.099797 103.000000 0.122473 
0.100203 100.000000 0.118906 
0.102772 81.000000 0.096314 
0.098310 114.000000 0.135553 
0.099797 103.000000 0.122473 
0.101555 90.000000 0.107015 
0.099932 102.000000 0.121284 
0.100609 97.000000 0.115339 
0.100609 97.000000 0.115339 
0.102096 86.000000 0.102259 
0.100338 99.000000 0.117717 
0.099932 102.000000 0.121284 
0.100609 97.000000 0.115339 
0.100609 97.000000 0.115339 
0.100744 96.000000 0.114150 
0.102096 86.000000 0.102259 
0.100473 98.000000 0.116528 
0.100473 98.000000 0.116528 
0.101285 92.000000 0.109394 
0.101420 91.000000 0.108205 
0.101690 89.000000 0.105826 
0.101014 94.000000 0.111772 
0.099121 108.000000 0.128419 
0.100473 98.000000 0.116528 
0.100609 97.000000 0.115339 
0.100338 99.000000 0.117717 
0.098986 109.000000 0.129608 
0.101014 94.000000 0.111772 
0.100879 95.000000 0.112961 
0.101149 93.000000 0.110583 
0.103313 77.000000 0.091558 
0.100338 99.000000 0.117717 
0.099932 102.000000 0.121284 
0.100338 99.000000 0.117717 
0.100068 101.000000 0.120095 
0.100473 98.000000 0.116528 
0.099527 105.000000 0.124851 
0.102772 81.000000 0.096314 
0.103043 79.000000 0.093936 
0.101690 89.000000 0.105826 
0.100068 101.000000 0.120095 
0.100068 101.000000 0.120095 
0.100609 97.000000 0.115339 
0.100338 99.000000 0.117717 
0.101420 91.000000 0.108205 
0.099932 102.000000 0.121284 
0.100203 100.000000 0.118906 
0.100068 101.000000 0.120095 
0.098986 109.000000 0.129608 
0.098715 111.000000 0.131986 
0.100609 97.000000 0.115339 
0.100609 97.000000 0.115339 
0.100473 98.000000 0.116528 
0.099527 105.000000 0.124851 
0.101149 93.000000 0.110583 
0.100473 98.000000 0.116528 
0.100609 97.000000 0.115339 
0.098715 111.000000 0.131986 
0.102907 80.000000 0.095125 
0.102231 85.000000 0.101070 
0.100473 98.000000 0.116528 
0.102231 85.000000 0.101070 
0.100203 100.000000 0.118906 
0.099797 103.000000 0.122473 
0.098986 109.000000 0.129608 
0.100068 101.000000 0.120095 
0.101149 93.000000 0.110583 
0.100609 97.000000 0.115339 
0.101555 90.000000 0.107015 
0.100609 97.000000 0.115339 
0.099932 102.000000 0.121284 
0.103043 79.000000 0.093936 
0.098580 112.000000 0.133175 
0.102637 82.000000 0.097503 
0.098310 114.000000 0.135553 
0.101961 87.000000 0.103448 
0.101690 89.000000 0.105826 
0.099797 103.000000 0.122473 
0.100203 100.000000 0.118906 
0.097769 118.000000 0.140309 
0.103313 77.000000 0.091558 
0.100338 99.000000 0.117717 
0.101420 91.000000 0.108205 
0.100068 101.000000 0.120095 
0.101961 87.000000 0.103448 
0.102637 82.000000 0.097503 
0.101961 87.000000 0.103448 
0.100203 100.000000 0.118906 
0.099662 104.000000 0.123662 
0.100203 100.000000 0.118906 
0.099797 103.000000 0.122473 
0.099527 105.000000 0.124851 
0.098310 114.000000 0.135553 
0.103178 78.000000 0.092747 
0.102772 81.000000 0.096314 
0.100203 100.000000 0.118906 
0.099662 104.000000 0.123662 
0.099797 103.000000 0.122473 
0.100338 99.000000 0.117717 
0.098039 116.000000 0.137931 
0.099256 107.000000 0.127229 
0.101149 93.000000 0.110583 
0.100879 95.000000 0.112961 
0.100203 100.000000 0.118906 
0.100473 98.000000 0.116528 
0.103043 79.000000 0.093936 
0.102231 85.000000 0.101070 
0.102096 86.000000 0.102259 
0.100338 99.000000 0.117717 
0.101690 89.000000 0.105826 
0.101961 87.000000 0.103448 
0.102231 85.000000 0.101070 
0.101420 91.000000 0.108205 
0.100609 97.000000 0.115339 
0.100609 97.000000 0.115339 
0.098174 115.000000 0.136742 
0.100203 100.000000 0.118906 
0.100879 95.000000 0.112961 
0.098715 111.000000 0.131986 
0.100068 101.000000 0.120095 
0.100473 98.000000 0.116528 
0.100203 100.000000 0.118906 
0.099797 103.000000 0.122473 
0.100879 95.000000 0.112961 
0.099797 103.000000 0.122473 
0.100473 98.000000 0.116528 
0.100203 100.000000 0.118906 
0.101285 92.000000 0.109394 
0.100879 95.000000 0.112961 
0.100879 95.000000 0.112961 
0.101285 92.000000 0.109394 
0.100068 101.000000 0.120095 
0.098715 111.000000 0.131986 
0.099391 106.000000 0.126040 
0.097498 120.000000 0.142687 
0.099121 108.000000 0.128419 
0.100744 96.000000 0.114150 
0.099256 107.000000 0.127229 
0.099932 102.000000 0.121284 
0.100338 99.000000 0.117717 
0.099256 107.000000 0.127229 
0.099391 106.000000 0.126040 
0.101149 93.000000 0.110583 
0.101149 93.000000 0.110583 
0.099797 103.000000 0.122473 
0.100473 98.000000 0.116528 
0.100203 100.000000 0.118906 
0.101555 90.000000 0.107015 
0.100473 98.000000 0.116528 
0.100203 100.000000 0.118906 
0.101285 92.000000 0.109394 
0.100068 101.000000 0.120095 
0.102502 83.000000 0.098692 
0.099797 103.000000 0.122473 
0.101555 90.000000 0.107015 
0.099256 107.000000 0.127229 
0.100609 97.000000 0.115339 
0.102772 81.000000 0.096314 
0.098445 113.000000 0.134364 
0.101420 91.000000 0.108205 
0.100473 98.000000 0.116528 
0.099527 105.000000 0.124851 
0.101690 89.000000 0.105826 
0.101690 89.000000 0.105826 
0.101014 94.000000 0.111772 
0.100068 101.000000 0.120095 
0.100609 97.000000 0.115339 
0.100879 95.000000 0.112961 
0.103584 75.000000 0.089180 
0.101420 91.000000 0.108205 
0.101149 93.000000 0.110583 
0.100609 97.000000 0.115339 
0.100338 99.000000 0.117717 
0.101826 88.000000 0.104637 
0.099121 108.000000 0.128419 
0.102096 86.000000 0.102259 
0.102231 85.000000 0.101070 
0.101961 87.000000 0.103448 
0.100609 97.000000 0.115339 
0.100609 97.000000 0.115339 
0.100473 98.000000 0.116528 
0.100068 101.000000 0.120095 
0.101826 88.000000 0.104637 
0.098445 113.000000 0.134364 
0.099256 107.000000 0.127229 
0.099256 107.000000 0.127229 
0.099121 108.000000 0.128419 
0.099797 103.000000 0.122473 
0.099797 103.000000 0.122473 
0.099662 104.000000 0.123662 
0.100473 98.000000 0.116528 
0.101555 90.000000 0.107015 
0.102231 85.000000 0.101070 
0.101285 92.000000 0.109394 
0.100338 99.000000 0.117717 
0.096687 126.000000 0.149822 
0.100068 101.000000 0.120095 
0.099932 102.000000 0.121284 
0.100473 98.000000 0.116528 
0.100879 95.000000 0.112961 
0.101826 88.000000 0.104637 
0.100473 98.000000 0.116528 
0.102366 84.000000 0.099881 
0.101014 94.000000 0.111772 
0.100879 95.000000 0.112961 
0.100068 101.000000 0.120095 
0.100473 98.000000 0.116528 
0.101149 93.000000 0.110583 
0.101690 89.000000 0.105826 
0.100609 97.000000 0.115339 
0.100338 99.000000 0.117717 
0.101285 92.000000 0.109394 
0.101014 94.000000 0.111772 
0.099797 103.000000 0.122473 
0.101826 88.000000 0.104637 
0.100068 101.000000 0.120095 
0.101690 89.000000 0.105826 
0.100879 95.000000 0.112961 
0.100879 95.000000 0.112961 
0.100744 96.000000 0.114150 
0.101014 94.000000 0.111772 
0.100744 96.000000 0.114150 
0.099527 105.000000 0.124851 
0.099527 105.000000 0.124851 
0.100879 95.000000 0.112961 
0.099662 104.000000 0.123662 
0.100068 101.000000 0.120095 
0.100473 98.000000 0.116528 
0.101285 92.000000 0.109394 
0.100338 99.000000 0.117717 
0.100609 97.000000 0.115339 
0.098851 110.000000 0.130797 
0.102502 83.000000 0.098692 
0.102637 82.000000 0.097503 
0.098851 110.000000 0.130797 
0.099932 102.000000 0.121284 
0.102637 82.000000 0.097503 
0.101285 92.000000 0.109394 
0.100473 98.000000 0.116528 
0.100473 98.000000 0.116528 
0.101420 91.000000 0.108205 
0.102231 85.000000 0.101070 
0.101826 88.000000 0.104637 
0.100203 100.000000 0.118906 
0.102637 82.000000 0.097503 
0.099662 104.000000 0.123662 
0.100609 97.000000 0.115339 
0.100068 101.000000 0.120095 
0.099256 107.000000 0.127229 
0.099527 105.000000 0.124851 
0.100744 96.000000 0.114150 
0.099121 108.000000 0.128419 
0.100203 100.000000 0.118906 
0.101149 93.000000 0.110583 
0.098310 114.000000 0.135553 
0.098715 111.000000 0.131986 
0.101285 92.000000 0.109394 
0.101961 87.000000 0.103448 
0.101961 87.000000 0.103448 
0.098851 110.000000 0.130797 
0.101420 91.000000 0.108205 
0.099662 104.000000 0.123662 
0.101826 88.000000 0.104637 
0.100744 96.000000 0.114150 
0.100473 98.000000 0.116528 
0.101826 88.000000 0.104637 
0.098580 112.000000 0.133175 
0.099662 104.000000 0.123662 
0.101826 88.000000 0.104637 
0.101961 87.000000 0.103448 
0.099527 105.000000 0.124851 
0.100203 100.000000 0.118906 
0.101555 90.000000 0.107015 
0.099932 102.000000 0.121284 
0.100203 100.000000 0.118906 
0.099932 102.000000 0.121284 
0.100068 101.000000 0.120095 
0.100744 96.000000 0.114150 
0.100203 100.000000 0.118906 
0.100068 101.000000 0.120095 
0.102366 84.000000 0.099881 
0.103043 79.000000 0.093936 
0.100203 100.000000 0.118906 
0.100473 98.000000 0.116528 
0.100473 98.000000 0.116528 
0.101961 87.000000 0.103448 
0.101014 94.000000 0.111772 
0.101555 90.000000 0.107015 
0.099932 102.000000 0.121284 
0.101826 88.000000 0.104637 
0.100068 101.000000 0.120095 
0.099797 103.000000 0.122473 
0.100609 97.000000 0.115339 
0.101014 94.000000 0.111772 
0.100879 95.000000 0.112961 
0.100473 98.000000 0.116528 
0.102096 86.000000 0.102259 
0.100068 101.000000 0.120095 
0.099662 104.000000 0.123662 
0.099662 104.000000 0.123662 
0.100609 97.000000 0.115339 
0.098039 116.000000 0.137931 
0.100744 96.000000 0.114150 
0.098851 110.000000 0.130797 
0.099932 102.000000 0.121284 
0.101285 92.000000 0.109394 
0.099932 102.000000 0.121284 
0.100203 100.000000 0.118906 
0.101149 93.000000 0.110583 
0.100473 98.000000 0.116528 
0.100338 99.000000 0.117717 
0.100879 95.000000 0.112961 
0.100203 100.000000 0.118906 
0.099527 105.000000 0.124851 
0.100338 99.000000 0.117717 
0.102366 84.000000 0.099881 
0.100338 99.000000 0.117717 
0.102907 80.000000 0.095125 
0.100338 99.000000 0.117717 
0.103043 79.000000 0.093936 
0.098174 115.000000 0.136742 
0.100609 97.000000 0.115339 
0.101149 93.000000 0.110583 
0.101826 88.000000 0.104637 
0.100068 101.000000 0.120095 
0.100609 97.000000 0.115339 
0.099391 106.000000 0.126040 
0.099662 104.000000 0.123662 
0.101826 88.000000 0.104637 
0.098986 109.000000 0.129608 
0.100203 100.000000 0.118906 
0.101285 92.000000 0.109394 
0.103043 79.000000 0.093936 
0.100879 95.000000 0.112961 
0.100068 101.000000 0.120095 
0.101420 91.000000 0.108205 
0.098174 115.000000 0.136742 
0.101420 91.000000 0.108205 
0.099527 105.000000 0.124851 
0.099256 107.000000 0.127229 
0.103313 77.000000 0.091558 
0.101555 90.000000 0.107015 
0.100609 97.000000 0.115339 
0.098715 111.000000 0.131986 
0.101285 92.000000 0.109394 
0.099797 103.000000 0.122473 
0.101420 91.000000 0.108205 
0.100473 98.000000 0.116528 
0.102231 85.000000 0.101070 
0.099121 108.000000 0.128419 
0.102907 80.000000 0.095125 
0.098851 110.000000 0.130797 
0.102502 83.000000 0.098692 
0.099932 102.000000 0.121284 
0.099527 105.000000 0.124851 
0.101826 88.000000 0.104637 
0.098986 109.000000 0.129608 
0.099391 106.000000 0.126040 
0.097634 119.000000 0.141498 
0.099932 102.000000 0.121284 
0.101285 92.000000 0.109394 
0.101826 88.000000 0.104637 
0.100338 99.000000 0.117717 
0.099256 107.000000 0.127229 
0.102502 83.000000 0.098692 
0.100203 100.000000 0.118906 
0.102096 86.000000 0.102259 
0.101149 93.000000 0.110583 
0.099527 105.000000 0.124851 
0.101690 89.000000 0.105826 
0.100068 101.000000 0.120095 
0.098986 109.000000 0.129608 
0.099256 107.000000 0.127229 
0.103178 78.000000 0.092747 
0.099256 107.000000 0.127229 
0.101014 94.000000 0.111772 
0.098445 113.000000 0.134364 
0.099527 105.000000 0.124851 
0.098445 113.000000 0.134364 
0.099391 106.000000 0.126040 
0.099662 104.000000 0.123662 
0.099932 102.000000 0.121284 
0.102907 80.000000 0.095125 
0.102502 83.000000 0.098692 
0.100473 98.000000 0.116528 
0.102096 86.000000 0.102259 
0.101690 89.000000 0.105826 
0.101014 94.000000 0.111772 
0.101149 93.000000 0.110583 
0.100744 96.000000 0.114150 
0.098310 114.000000 0.135553 
0.101420 91.000000 0.108205 
0.099662 104.000000 0.123662 
0.101149 93.000000 0.110583 
0.101014 94.000000 0.111772 
0.101690 89.000000 0.105826 
0.099527 105.000000 0.124851 
0.102231 85.000000 0.101070 
0.101420 91.000000 0.108205 
0.098039 116.000000 0.137931 
0.100744 96.000000 0.114150 
0.101826 88.000000 0.104637 
0.102772 81.000000 0.096314 
0.100609 97.000000 0.115339 
0.100203 100.000000 0.118906 
0.101826 88.000000 0.104637 
0.102637 82.000000 0.097503 
0.099932 102.000000 0.121284 
0.099662 104.000000 0.123662 
0.102096 86.000000 0.102259 
0.100068 101.000000 0.120095 
0.102096 86.000000 0.102259 
0.100744 96.000000 0.114150 
0.102096 86.000000 0.102259 
0.101014 94.000000 0.111772 
0.101826 88.000000 0.104637 
0.098986 109.000000 0.129608 
0.101149 93.000000 0.110583 
0.103178 78.000000 0.092747 
0.098715 111.000000 0.131986 
0.098986 109.000000 0.129608 
0.099527 105.000000 0.124851 
0.100338 99.000000 0.117717 
0.100473 98.000000 0.116528 
0.099121 108.000000 0.128419 
0.101420 91.000000 0.108205 
0.100068 101.000000 0.120095 
0.100473 98.000000 0.116528 
0.102231 85.000000 0.101070 
0.099797 103.000000 0.122473 
0.102096 86.000000 0.102259 
0.101149 93.000000 0.110583 
0.100473 98.000000 0.116528 
0.102096 86.000000 0.102259 
0.100473 98.000000 0.116528 
0.098986 109.000000 0.129608 
0.101826 88.000000 0.104637 
0.101014 94.000000 0.111772 
0.101420 91.000000 0.108205 
0.100473 98.000000 0.116528 
0.101420 91.000000 0.108205 
0.102231 85.000000 0.101070 
0.101961 87.000000 0.103448 
0.100744 96.000000 0.114150 
0.101285 92.000000 0.109394 
0.099527 105.000000 0.124851 
0.100203 100.000000 0.118906 
0.100068 101.000000 0.120095 
0.101826 88.000000 0.104637 
0.101420 91.000000 0.108205 
0.100068 101.000000 0.120095 
0.100744 96.000000 0.114150 
0.101014 94.000000 0.111772 
0.101420 91.000000 0.108205 
0.100068 101.000000 0.120095 
0.098986 109.000000 0.129608 
0.099932 102.000000 0.121284 
0.100473 98.000000 0.116528 
0.101555 90.000000 0.107015 
0.098715 111.000000 0.131986 
0.099256 107.000000 0.127229 
0.100473 98.000000 0.116528 
0.101555 90.000000 0.107015 
0.101961 87.000000 0.103448 
0.102096 86.000000 0.102259 
0.099662 104.000000 0.123662 
0.100068 101.000000 0.120095 
0.098039 116.000000 0.137931 
0.100473 98.000000 0.116528 
0.099932 102.000000 0.121284 
0.098986 109.000000 0.129608 
0.100609 97.000000 0.115339 
0.102231 85.000000 0.101070 
0.100879 95.000000 0.112961 
0.100203 100.000000 0.118906 
0.101826 88.000000 0.104637 
0.100338 99.000000 0.117717 
0.100473 98.000000 0.116528 
0.101555 90.000000 0.107015 
0.098986 109.000000 0.129608 
0.101149 93.000000 0.110583 
0.100068 101.000000 0.120095 
0.099121 108.000000 0.128419 
0.102096 86.000000 0.102259 
0.101961 87.000000 0.103448 
0.100609 97.000000 0.115339 
0.100203 100.000000 0.118906 
0.100879 95.000000 0.112961 
0.102096 86.000000 0.102259 
0.100338 99.000000 0.117717 
0.100068 101.000000 0.120095 
0.099391 106.000000 0.126040 
0.100203 100.000000 0.118906 
0.101285 92.000000 0.109394 
0.099256 107.000000 0.127229 
0.101285 92.000000 0.109394 
0.100338 99.000000 0.117717 
0.100609 97.000000 0.115339 
0.099391 106.000000 0.126040 
0.100609 97.000000 0.115339 
0.098580 112.000000 0.133175 
0.100879 95.000000 0.112961 
0.097904 117.000000 0.139120 
0.101285 92.000000 0.109394 
0.100744 96.000000 0.114150 
0.099932 102.000000 0.121284 
0.099391 106.000000 0.126040 
0.100609 97.000000 0.115339 
0.102907 80.000000 0.095125 
0.101826 88.000000 0.104637 
0.100744 96.000000 0.114150 
0.100744 96.000000 0.114150 
0.099932 102.000000 0.121284 
0.101014 94.000000 0.111772 
0.099256 107.000000 0.127229 
0.100879 95.000000 0.112961 
0.099797 103.000000 0.122473 
0.100879 95.000000 0.112961 
0.100473 98.000000 0.116528 
0.101285 92.000000 0.109394 
0.101961 87.000000 0.103448 
0.101555 90.000000 0.107015 
0.099527 105.000000 0.124851 
0.100609 97.000000 0.115339 
0.099797 103.000000 0.122473 
0.100744 96.000000 0.114150 
0.101149 93.000000 0.110583 
0.099527 105.000000 0.124851 
0.101826 88.000000 0.104637 
0.101961 87.000000 0.103448 
0.098174 115.000000 0.136742 
0.098715 111.000000 0.131986 
0.101149 93.000000 0.110583 
0.100609 97.000000 0.115339 
0.098310 114.000000 0.135553 
0.100473 98.000000 0.116528 
0.101149 93.000000 0.110583 
0.099662 104.000000 0.123662 
0.100473 98.000000 0.116528 
0.099797 103.000000 0.122473 
0.098986 109.000000 0.129608 
0.100473 98.000000 0.116528 
0.101014 94.000000 0.111772 
0.099662 104.000000 0.123662 
0.101826 88.000000 0.104637 
0.099527 105.000000 0.124851 
0.099797 103.000000 0.122473 
0.099932 102.000000 0.121284 
0.100203 100.000000 0.118906 
0.100338 99.000000 0.117717 
0.098851 110.000000 0.130797 
0.101014 94.000000 0.111772 
0.102231 85.000000 0.101070 
0.098310 114.000000 0.135553 
0.100068 101.000000 0.120095 
0.100473 98.000000 0.116528 
0.100068 101.000000 0.120095 
0.102231 85.000000 0.101070 
0.099797 103.000000 0.122473 
0.100203 100.000000 0.118906 
0.101690 89.000000 0.105826 
0.101285 92.000000 0.109394 
0.102366 84.000000 0.099881 
0.104530 68.000000 0.080856 
0.099797 103.000000 0.122473 
0.099662 104.000000 0.123662 
0.102772 81.000000 0.096314 
0.100203 100.000000 0.118906 
0.100203 100.000000 0.118906 
0.101014 94.000000 0.111772 
0.101555 90.000000 0.107015 
0.099527 105.000000 0.124851 
0.099662 104.000000 0.123662 
0.101014 94.000000 0.111772 
0.101014 94.000000 0.111772 
0.098715 111.000000 0.131986 
0.100338 99.000000 0.117717 
0.102907 80.000000 0.095125 
0.098851 110.000000 0.130797 
0.099932 102.000000 0.121284 
0.101014 94.000000 0.111772 
0.100744 96.000000 0.114150 
0.101420 91.000000 0.108205 
0.099527 105.000000 0.124851 
0.099797 103.000000 0.122473 
0.099797 103.000000 0.122473 
0.098986 109.000000 0.129608 
0.100879 95.000000 0.112961 
0.099932 102.000000 0.121284 
0.101014 94.000000 0.111772 
0.100744 96.000000 0.114150 
0.101014 94.000000 0.111772 
0.100203 100.000000 0.118906 
0.100744 96.000000 0.114150 
0.103719 74.000000 0.087990 
0.101149 93.000000 0.110583 
0.099527 105.000000 0.124851 
0.101014 94.000000 0.111772 
0.101014 94.000000 0.111772 
0.099932 102.000000 0.121284 
0.101690 89.000000 0.105826 
0.100879 95.000000 0.112961 
0.098310 114.000000 0.135553 
0.103043 79.000000 0.093936 
0.101149 93.000000 0.110583 
0.101826 88.000000 0.104637 
0.100879 95.000000 0.112961 
0.099391 106.000000 0.126040 
0.102231 85.000000 0.101070 
0.100609 97.000000 0.115339 
0.101961 87.000000 0.103448 
0.098039 116.000000 0.137931 
0.102366 84.000000 0.099881 
0.100473 98.000000 0.116528 
0.102637 82.000000 0.097503 
0.102231 85.000000 0.101070 
0.101826 88.000000 0.104637 
0.101285 92.000000 0.109394 
0.102096 86.000000 0.102259 
0.099797 103.000000 0.122473 
0.100879 95.000000 0.112961 
0.101014 94.000000 0.111772 
0.099662 104.000000 0.123662 
0.104124 71.000000 0.084423 
0.098986 109.000000 0.129608 
0.098851 110.000000 0.130797 
0.100473 98.000000 0.116528 
0.102637 82.000000 0.097503 
0.101961 87.000000 0.103448 
0.103584 75.000000 0.089180 
0.102637 82.000000 0.097503 
0.100879 95.000000 0.112961 
0.102637 82.000000 0.097503 
0.100068 101.000000 0.120095 
0.099121 108.000000 0.128419 
0.100879 95.000000 0.112961 
0.099797 103.000000 0.122473 
0.099662 104.000000 0.123662 
0.098851 110.000000 0.130797 
0.098715 111.000000 0.131986 
0.100879 95.000000 0.112961 
0.099662 104.000000 0.123662 
0.098986 109.000000 0.129608 
0.101149 93.000000 0.110583 
0.100203 100.000000 0.118906 
0.101285 92.000000 0.109394 
0.099527 105.000000 0.124851 
0.100744 96.000000 0.114150 
0.101014 94.000000 0.111772 
0.099391 106.000000 0.126040 
0.101826 88.000000 0.104637 
0.100744 96.000000 0.114150 
0.101149 93.000000 0.110583 
0.096687 126.000000 0.149822 
0.099662 104.000000 0.123662 
0.101420 91.000000 0.108205 
0.098310 114.000000 0.135553 
0.100879 95.000000 0.112961 
0.099527 105.000000 0.124851 
0.100879 95.000000 0.112961 
0.101014 94.000000 0.111772 
0.101555 90.000000 0.107015 
0.101690 89.000000 0.105826 
0.101420 91.000000 0.108205 
0.101961 87.000000 0.103448 
0.100068 101.000000 0.120095 
0.102502 83.000000 0.098692 
0.100203 100.000000 0.118906 
0.100744 96.000000 0.114150 
0.099256 107.000000 0.127229 
0.100068 101.000000 0.120095 
0.101826 88.000000 0.104637 
0.100338 99.000000 0.117717 
0.100203 100.000000 0.118906 
0.097904 117.000000 0.139120 
0.100203 100.000000 0.118906 
0.098715 111.000000 0.131986 
0.100879 95.000000 0.112961 
0.101285 92.000000 0.109394 
0.098986 109.000000 0.129608 
0.101285 92.000000 0.109394 
0.099662 104.000000 0.123662 
0.099391 106.000000 0.126040 
0.100473 98.000000 0.116528 
0.102907 80.000000 0.095125 
0.100879 95.000000 0.112961 
0.100473 98.000000 0.116528 
0.101285 92.000000 0.109394 
0.102231 85.000000 0.101070 
0.100068 101.000000 0.120095 
0.101014 94.000000 0.111772 
0.100068 101.000000 0.120095 
0.100473 98.000000 0.116528 
0.099797 103.000000 0.122473 
0.097904 117.000000 0.139120 
0.101149 93.000000 0.110583 
0.099256 107.000000 0.127229 
0.101285 92.000000 0.109394 
0.099527 105.000000 0.124851 
0.099662 104.000000 0.123662 
0.099256 107.000000 0.127229 
0.101690 89.000000 0.105826 
0.101690 89.000000 0.105826 
0.100744 96.000000 0.114150 
0.099932 102.000000 0.121284 
0.100879 95.000000 0.112961 
0.101420 91.000000 0.108205 
0.102907 80.000000 0.095125 
0.101149 93.000000 0.110583 
0.100473 98.000000 0.116528 
0.100609 97.000000 0.115339 
0.099932 102.000000 0.121284 
0.100338 99.000000 0.117717 
0.101285 92.000000 0.109394 
0.099527 105.000000 0.124851 
0.100879 95.000000 0.112961 
0.103178 78.000000 0.092747 
0.099527 105.000000 0.124851 
0.099797 103.000000 0.122473 
0.099797 103.000000 0.122473 
0.100338 99.000000 0.117717 
0.102366 84.000000 0.099881 
0.100744 96.000000 0.114150 
0.100203 100.000000 0.118906 
0.099797 103.000000 0.122473 
0.101014 94.000000 0.111772 
0.100879 95.000000 0.112961 
0.103719 74.000000 0.087990 
0.099662 104.000000 0.123662 
0.100879 95.000000 0.112961 
0.102366 84.000000 0.099881 
0.100879 95.000000 0.112961 
0.103178 78.000000 0.092747 
0.100609 97.000000 0.115339 
0.100609 97.000000 0.115339 
0.099256 107.000000 0.127229 
0.101149 93.000000 0.110583 
0.101014 94.000000 0.111772 
0.100473 98.000000 0.116528 
0.101285 92.000000 0.109394 
0.101149 93.000000 0.110583 
0.100473 98.000000 0.116528 
0.101826 88.000000 0.104637 
0.100068 101.000000 0.120095 
0.100338 99.000000 0.117717 
0.099527 105.000000 0.124851 
0.100879 95.000000 0.112961 
0.100879 95.000000 0.112961 
0.101149 93.000000 0.110583 
0.100203 100.000000 0.118906 
0.099527 105.000000 0.124851 
0.100203 100.000000 0.118906 
0.103584 75.000000 0.089180 
0.100609 97.000000 0.115339 
0.100338 99.000000 0.117717 
0.101014 94.000000 0.111772 
0.101420 91.000000 0.108205 
0.099932 102.000000 0.121284 
0.099391 106.000000 0.126040 
0.099932 102.000000 0.121284 
0.098715 111.000000 0.131986 
0.100879 95.000000 0.112961 
0.099797 103.000000 0.122473 
0.098986 109.000000 0.129608 
0.100744 96.000000 0.114150 
0.099797 103.000000 0.122473 
0.101285 92.000000 0.109394 
0.100068 101.000000 0.120095 
0.100203 100.000000 0.118906 
0.100473 98.000000 0.116528 
0.101420 91.000000 0.108205 
0.101420 91.000000 0.108205 
0.098986 109.000000 0.129608 
0.100338 99.000000 0.117717 
0.099121 108.000000 0.128419 
0.098851 110.000000 0.130797 
0.100473 98.000000 0.116528 
0.099932 102.000000 0.121284 
0.101826 88.000000 0.104637 
0.099527 105.000000 0.124851 
0.101961 87.000000 0.103448 
0.100338 99.000000 0.117717 
0.100879 95.000000 0.112961 
0.100473 98.000000 0.116528 
0.099797 103.000000 0.122473 
0.100068 101.000000 0.120095 
0.101690 89.000000 0.105826 
0.101961 87.000000 0.103448 
0.100473 98.000000 0.116528 
0.100609 97.000000 0.115339 
0.100879 95.000000 0.112961 
0.101014 94.000000 0.111772 
0.101961 87.000000 0.103448 
0.101826 88.000000 0.104637 
0.098580 112.000000 0.133175 
0.101285 92.000000 0.109394 
0.100609 97.000000 0.115339 
0.101555 90.000000 0.107015 
0.099662 104.000000 0.123662 
0.099797 103.000000 0.122473 
0.100744 96.000000 0.114150 
0.099797 103.000000 0.122473 
0.098715 111.000000 0.131986 
0.100338 99.000000 0.117717 
0.101014 94.000000 0.111772 
0.101420 91.000000 0.108205 
0.101014 94.000000 0.111772 
0.100473 98.000000 0.116528 
0.100473 98.000000 0.116528 
0.099256 107.000000 0.127229 
0.100879 95.000000 0.112961 
0.101285 92.000000 0.109394 
0.099797 103.000000 0.122473 
0.099256 107.000000 0.127229 
0.100609 97.000000 0.115339 
0.100203 100.000000 0.118906 
0.100473 98.000000 0.116528 
0.101961 87.000000 0.103448 
0.101285 92.000000 0.109394 
0.099391 106.000000 0.126040 
0.100068 101.000000 0.120095 
0.100203 100.000000 0.118906 
0.099932 102.000000 0.121284 
0.101420 91.000000 0.108205 
0.099121 108.000000 0.128419 
0.100203 100.000000 0.118906 
0.099391 106.000000 0.126040 
0.101961 87.000000 0.103448 
0.100203 100.000000 0.118906 
0.102637 82.000000 0.097503 
0.100068 101.000000 0.120095 
0.101690 89.000000 0.105826 
0.101014 94.000000 0.111772 
0.099527 105.000000 0.124851 
0.097769 118.000000 0.140309 
0.100203 100.000000 0.118906 
0.100203 100.000000 0.118906 
0.099797 103.000000 0.122473 
0.100203 100.000000 0.118906 
0.101149 93.000000 0.110583 
0.102772 81.000000 0.096314 
0.099256 107.000000 0.127229 
0.100068 101.000000 0.120095 
0.102366 84.000000 0.099881 
0.101420 91.000000 0.108205 
0.101555 90.000000 0.107015 
0.100609 97.000000 0.115339 
0.101420 91.000000 0.108205 
0.101826 88.000000 0.104637 
0.100068 101.000000 0.120095 
0.101014 94.000000 0.111772 
0.098310 114.000000 0.135553 
0.101285 92.000000 0.109394 
0.100338 99.000000 0.117717 
0.100203 100.000000 0.118906 
0.102096 86.000000 0.102259 
0.099527 105.000000 0.124851 
0.101690 89.000000 0.105826 
0.099797 103.000000 0.122473 
0.101555 90.000000 0.107015 
0.100609 97.000000 0.115339 
0.101826 88.000000 0.104637 
0.100879 95.000000 0.112961 
0.102637 82.000000 0.097503 
0.100609 97.000000 0.115339 
0.100879 95.000000 0.112961 
0.099121 108.000000 0.128419 
0.100203 100.000000 0.118906 
0.099121 108.000000 0.128419 
0.102231 85.000000 0.101070 
0.102637 82.000000 0.097503 
0.100068 101.000000 0.120095 
0.100744 96.000000 0.114150 
0.100744 96.000000 0.114150 
0.101014 94.000000 0.111772 
0.098039 116.000000 0.137931 
0.099797 103.000000 0.122473 
0.102096 86.000000 0.102259 
0.098715 111.000000 0.131986 
0.101149 93.000000 0.110583 
0.103989 72.000000 0.085612 
0.100203 100.000000 0.118906 
0.099797 103.000000 0.122473 
0.100203 100.000000 0.118906 
0.101555 90.000000 0.107015 
0.101420 91.000000 0.108205 
0.102096 86.000000 0.102259 
0.100338 99.000000 0.117717 
0.100068 101.000000 0.120095 
0.101149 93.000000 0.110583 
0.101420 91.000000 0.108205 
0.100879 95.000000 0.112961 
0.100068 101.000000 0.120095 
0.101285 92.000000 0.109394 
0.100744 96.000000 0.114150 
0.100879 95.000000 0.112961 
0.098039 116.000000 0.137931 
0.101285 92.000000 0.109394 
0.101826 88.000000 0.104637 
0.100338 99.000000 0.117717 
0.098986 109.000000 0.129608 
0.099797 103.000000 0.122473 
0.101014 94.000000 0.111772 
0.100609 97.000000 0.115339 
0.101826 88.000000 0.104637 
0.099662 104.000000 0.123662 
0.100068 101.000000 0.120095 
0.100609 97.000000 0.115339 
0.102366 84.000000 0.099881 
0.102231 85.000000 0.101070 
0.100068 101.000000 0.120095 
0.099527 105.000000 0.124851 
0.098715 111.000000 0.131986 
0.100879 95.000000 0.112961 
0.099527 105.000000 0.124851 
0.101961 87.000000 0.103448 
0.100473 98.000000 0.116528 
0.100068 101.000000 0.120095 
0.101961 87.000000 0.103448 
0.101690 89.000000 0.105826 
0.100338 99.000000 0.117717 
0.098851 110.000000 0.130797 
0.098851 110.000000 0.130797 
0.100609 97.000000 0.115339 
0.099662 104.000000 0.123662 
0.100744 96.000000 0.114150 
0.101285 92.000000 0.109394 
0.101555 90.000000 0.107015 
0.101690 89.000000 0.105826 
0.102231 85.000000 0.101070 
0.100879 95.000000 0.112961 
0.101014 94.000000 0.111772 
0.100203 100.000000 0.118906 
0.099121 108.000000 0.128419 
0.098039 116.000000 0.137931 
0.102231 85.000000 0.101070 
0.099932 102.000000 0.121284 
0.102096 86.000000 0.102259 
0.101690 89.000000 0.105826 
0.100203 100.000000 0.118906 
0.101285 92.000000 0.109394 
0.099391 106.000000 0.126040 
0.101961 87.000000 0.103448 
0.100879 95.000000 0.112961 
0.099527 105.000000 0.124851 
0.100338 99.000000 0.117717 
0.099797 103.000000 0.122473 
0.100879 95.000000 0.112961 
0.101420 91.000000 0.108205 
0.098580 112.000000 0.133175 
0.099932 102.000000 0.121284 
0.099932 102.000000 0.121284 
0.100338 99.000000 0.117717 
0.100203 100.000000 0.118906 
0.099932 102.000000 0.121284 
0.100203 100.000000 0.118906 
0.099527 105.000000 0.124851 
0.098580 112.000000 0.133175 
0.101555 90.000000 0.107015 
0.097904 117.000000 0.139120 
0.100338 99.000000 0.117717 
0.099391 106.000000 0.126040 
0.101420 91.000000 0.108205 
0.102096 86.000000 0.102259 
0.099797 103.000000 0.122473 
0.100744 96.000000 0.114150 
0.103178 78.000000 0.092747 
0.099932 102.000000 0.121284 
0.100338 99.000000 0.117717 
0.101285 92.000000 0.109394 
0.099527 105.000000 0.124851 
0.102096 86.000000 0.102259 
0.098986 109.000000 0.129608 
0.102772 81.000000 0.096314 
0.101826 88.000000 0.104637 
0.100473 98.000000 0.116528 
0.101420 91.000000 0.108205 
0.101014 94.000000 0.111772 
0.101420 91.000000 0.108205 
0.099391 106.000000 0.126040 
0.099662 104.000000 0.123662 
0.100744 96.000000 0.114150 
0.101420 91.000000 0.108205 
0.100203 100.000000 0.118906 
0.100338 99.000000 0.117717 
0.100744 96.000000 0.114150 
0.102231 85.000000 0.101070 
0.101420 91.000000 0.108205 
0.099256 107.000000 0.127229 
0.099932 102.000000 0.121284 
0.100879 95.000000 0.112961 
0.098580 112.000000 0.133175 
0.100879 95.000000 0.112961 
0.098715 111.000000 0.131986 
0.098445 113.000000 0.134364 
0.100338 99.000000 0.117717 
0.099391 106.000000 0.126040 
0.099932 102.000000 0.121284 
0.100879 95.000000 0.112961 
0.099797 103.000000 0.122473 
0.100744 96.000000 0.114150 
0.100068 101.000000 0.120095 
0.101149 93.000000 0.110583 
0.100879 95.000000 0.112961 
0.099391 106.000000 0.126040 
0.100068 101.000000 0.120095 
0.098580 112.000000 0.133175 
0.102231 85.000000 0.101070 
0.100068 101.000000 0.120095 
0.101014 94.000000 0.111772 
0.100338 99.000000 0.117717 
0.101961 87.000000 0.103448 
0.099932 102.000000 0.121284 
0.100744 96.000000 0.114150 
0.101014 94.000000 0.111772 
0.099932 102.000000 0.121284 
0.101285 92.000000 0.109394 
0.102637 82.000000 0.097503 
0.100338 99.000000 0.117717 
0.101826 88.000000 0.104637 
0.100473 98.000000 0.116528 
0.100068 101.000000 0.120095 
0.100203 100.000000 0.118906 
0.099256 107.000000 0.127229 
0.100473 98.000000 0.116528 
0.100609 97.000000 0.115339 
0.101555 90.000000 0.107015 
0.101014 94.000000 0.111772 
0.102366 84.000000 0.099881 
0.100744 96.000000 0.114150 
0.100609 97.000000 0.115339 
0.101285 92.000000 0.109394 
0.099391 106.000000 0.126040 
0.102637 82.000000 0.097503 
0.100473 98.000000 0.116528 
0.099662 104.000000 0.123662 
0.100879 95.000000 0.112961 
0.100068 101.000000 0.120095 
0.100203 100.000000 0.118906 
0.099391 106.000000 0.126040 
0.101149 93.000000 0.110583 
0.100068 101.000000 0.120095 
0.097093 123.000000 0.146254 
0.100473 98.000000 0.116528 
0.099256 107.000000 0.127229 
0.099797 103.000000 0.122473 
0.100879 95.000000 0.112961 
0.100338 99.000000 0.117717 
0.099797 103.000000 0.122473 
0.099797 103.000000 0.122473 
0.099932 102.000000 0.121284 
0.100338 99.000000 0.117717 
0.097498 120.000000 0.142687 
0.101285 92.000000 0.109394 
0.101285 92.000000 0.109394 
0.101555 90.000000 0.107015 
0.099391 106.000000 0.126040 
0.101014 94.000000 0.111772 
0.101961 87.000000 0.103448 
0.101690 89.000000 0.105826 
0.099662 104.000000 0.123662 
0.099121 108.000000 0.128419 
0.101014 94.000000 0.111772 
0.099527 105.000000 0.124851 
0.098445 113.000000 0.134364 
0.099391 106.000000 0.126040 
0.102502 83.000000 0.098692 
0.100473 98.000000 0.116528 
0.100203 100.000000 0.118906 
0.098986 109.000000 0.129608 
0.100068 101.000000 0.120095 
0.100203 100.000000 0.118906 
0.097498 120.000000 0.142687 
0.101961 87.000000 0.103448 
0.100879 95.000000 0.112961 
0.102366 84.000000 0.099881 
0.099391 106.000000 0.126040 
0.101555 90.000000 0.107015 
0.102096 86.000000 0.102259 
0.101826 88.000000 0.104637 
0.099932 102.000000 0.121284 
0.100203 100.000000 0.118906 
0.101690 89.000000 0.105826 
0.100473 98.000000 0.116528 
0.100879 95.000000 0.112961 
0.100068 101.000000 0.120095 
0.100338 99.000000 0.117717 
0.101826 88.000000 0.104637 
0.100068 101.000000 0.120095 
0.097904 117.000000 0.139120 
0.099256 107.000000 0.127229 
0.101285 92.000000 0.109394 
0.101420 91.000000 0.108205 
0.100609 97.000000 0.115339 
0.099527 105.000000 0.124851 
0.101961 87.000000 0.103448 
0.099662 104.000000 0.123662 
0.100744 96.000000 0.114150 
0.100203 100.000000 0.118906 
0.101826 88.000000 0.104637 
0.101285 92.000000 0.109394 
0.100068 101.000000 0.120095 
0.101555 90.000000 0.107015 
0.101420 91.000000 0.108205 
0.100744 96.000000 0.114150 
0.098715 111.000000 0.131986 
0.099121 108.000000 0.128419 
0.101420 91.000000 0.108205 
0.101285 92.000000 0.109394 
0.097904 117.000000 0.139120 
0.102637 82.000000 0.097503 
0.098986 109.000000 0.129608 
0.100068 101.000000 0.120095 
0.099932 102.000000 0.121284 
0.102231 85.000000 0.101070 
0.101420 91.000000 0.108205 
0.100879 95.000000 0.112961 
0.101420 91.000000 0.108205 
0.102231 85.000000 0.101070 
0.099797 103.000000 0.122473 
0.100338 99.000000 0.117717 
0.100473 98.000000 0.116528 
0.100744 96.000000 0.114150 
0.100609 97.000000 0.115339 
0.101690 89.000000 0.105826 
0.099932 102.000000 0.121284 
0.099932 102.000000 0.121284 
0.101961 87.000000 0.103448 
0.101014 94.000000 0.111772 
0.097904 117.000000 0.139120 
0.099662 104.000000 0.123662 
0.099256 107.000000 0.127229 
0.101285 92.000000 0.109394 
0.100338 99.000000 0.117717 
0.099121 108.000000 0.128419 
0.101149 93.000000 0.110583 
0.099932 102.000000 0.121284 
0.100203 100.000000 0.118906 
0.102096 86.000000 0.102259 
0.100609 97.000000 0.115339 
0.101420 91.000000 0.108205 
0.098851 110.000000 0.130797 
0.099391 106.000000 0.126040 
0.101014 94.000000 0.111772 
0.100068 101.000000 0.120095 
0.100473 98.000000 0.116528 
0.102231 85.000000 0.101070 
0.103313 77.000000 0.091558 
0.100744 96.000000 0.114150 
0.100879 95.000000 0.112961 
0.100338 99.000000 0.117717 
0.100473 98.000000 0.116528 
0.098310 114.000000 0.135553 
0.101826 88.000000 0.104637 
0.098986 109.000000 0.129608 
0.099797 103.000000 0.122473 
0.099797 103.000000 0.122473 
0.099662 104.000000 0.123662 
0.100473 98.000000 0.116528 
0.099391 106.000000 0.126040 
0.099797 103.000000 0.122473 
0.100068 101.000000 0.120095 
0.100338 99.000000 0.117717 
0.102637 82.000000 0.097503 
0.101149 93.000000 0.110583 
0.100068 101.000000 0.120095 
0.100609 97.000000 0.115339 
0.101149 93.000000 0.110583 
0.100068 101.000000 0.120095 
0.099527 105.000000 0.124851 
0.099932 102.000000 0.121284 
0.101149 93.000000 0.110583 
0.101285 92.000000 0.109394 
0.102096 86.000000 0.102259 
0.101420 91.000000 0.108205 
0.099662 104.000000 0.123662 
0.101285 92.000000 0.109394 
0.101555 90.000000 0.107015 
0.099662 104.000000 0.123662 
0.099527 105.000000 0.124851 
0.099797 103.000000 0.122473 
0.099797 103.000000 0.122473 
0.100473 98.000000 0.116528 
0.101690 89.000000 0.105826 
0.102637 82.000000 0.097503 
0.099797 103.000000 0.122473 
0.101149 93.000000 0.110583 
0.100879 95.000000 0.112961 
0.098445 113.000000 0.134364 
0.101149 93.000000 0.110583 
0.099121 108.000000 0.128419 
0.100338 99.000000 0.117717 
0.100473 98.000000 0.116528 
0.100609 97.000000 0.115339 
0.098445 113.000000 0.134364 
0.101420 91.000000 0.108205 
0.099391 106.000000 0.126040 
0.101420 91.000000 0.108205 
0.100609 97.000000 0.115339 
0.099391 106.000000 0.126040 
0.100203 100.000000 0.118906 
0.100879 95.000000 0.112961 
0.099662 104.000000 0.123662 
0.101961 87.000000 0.103448 
0.103043 79.000000 0.093936 
0.101420 91.000000 0.108205 
0.098580 112.000000 0.133175 
0.102231 85.000000 0.101070 
0.098039 116.000000 0.137931 
0.101826 88.000000 0.104637 
0.100609 97.000000 0.115339 
0.100473 98.000000 0.116528 
0.101149 93.000000 0.110583 
0.100068 101.000000 0.120095 
0.100609 97.000000 0.115339 
0.100068 101.000000 0.120095 
0.102231 85.000000 0.101070 
0.098851 110.000000 0.130797 
0.097634 119.000000 0.141498 
0.100203 100.000000 0.118906 
0.098851 110.000000 0.130797 
0.100203 100.000000 0.118906 
0.098715 111.000000 0.131986 
0.099121 108.000000 0.128419 
0.101014 94.000000 0.111772 
0.102366 84.000000 0.099881 
0.099932 102.000000 0.121284 
0.101014 94.000000 0.111772 
0.101014 94.000000 0.111772 
0.101555 90.000000 0.107015 
0.102366 84.000000 0.099881 
0.100609 97.000000 0.115339 
0.099932 102.000000 0.121284 
0.099256 107.000000 0.127229 
0.100744 96.000000 0.114150 
0.101961 87.000000 0.103448 
0.102366 84.000000 0.099881 
0.100879 95.000000 0.112961 
0.100203 100.000000 0.118906 
0.102366 84.000000 0.099881 
0.102096 86.000000 0.102259 
0.100473 98.000000 0.116528 
0.101420 91.000000 0.108205 
0.099256 107.000000 0.127229 
0.100338 99.000000 0.117717 
0.098445 113.000000 0.134364 
0.101149 93.000000 0.110583 
0.101555 90.000000 0.107015 
0.100609 97.000000 0.115339 
0.101285 92.000000 0.109394 
0.097904 117.000000 0.139120 
0.099527 105.000000 0.124851 
0.098851 110.000000 0.130797 
0.099256 107.000000 0.127229 
0.098445 113.000000 0.134364 
0.100068 101.000000 0.120095 
0.098039 116.000000 0.137931 
0.100879 95.000000 0.112961 
0.100338 99.000000 0.117717 
0.099797 103.000000 0.122473 
0.101826 88.000000 0.104637 
0.098851 110.000000 0.130797 
0.101014 94.000000 0.111772 
0.099121 108.000000 0.128419 
0.098851 110.000000 0.130797 
0.098851 110.000000 0.130797 
0.100068 101.000000 0.120095 
0.100338 99.000000 0.117717 
0.100879 95.000000 0.112961 
0.100473 98.000000 0.116528 
0.099662 104.000000 0.123662 
0.099527 105.000000 0.124851 
0.099527 105.000000 0.124851 
0.100068 101.000000 0.120095 
0.102366 84.000000 0.099881 
0.099391 106.000000 0.126040 
0.102772 81.000000 0.096314 
0.098174 115.000000 0.136742 
0.100609 97.000000 0.115339 
0.100338 99.000000 0.117717 
0.099256 107.000000 0.127229 
0.102502 83.000000 0.098692 
0.100609 97.000000 0.115339 
0.099932 102.000000 0.121284 
0.100879 95.000000 0.112961 
0.100203 100.000000 0.118906 
0.102637 82.000000 0.097503 
0.101014 94.000000 0.111772 
0.101014 94.000000 0.111772 
0.100609 97.000000 0.115339 
0.101149 93.000000 0.110583 
0.101285 92.000000 0.109394 
0.100609 97.000000 0.115339 
0.099121 108.000000 0.128419 
0.101555 90.000000 0.107015 
0.101826 88.000000 0.104637 
0.100609 97.000000 0.115339 
0.101149 93.000000 0.110583 
0.099391 106.000000 0.126040 
0.102096 86.000000 0.102259 
0.100473 98.000000 0.116528 
0.099391 106.000000 0.126040 
0.100879 95.000000 0.112961 
0.100473 98.000000 0.116528 
0.100609 97.000000 0.115339 
0.101420 91.000000 0.108205 
0.101285 92.000000 0.109394 
0.100744 96.000000 0.114150 
0.099391 106.000000 0.126040 
0.100744 96.000000 0.114150 
0.102907 80.000000 0.095125 
0.100744 96.000000 0.114150 
0.101555 90.000000 0.107015 
0.102772 81.000000 0.096314 
0.100203 100.000000 0.118906 
0.100879 95.000000 0.112961 
0.100879 95.000000 0.112961 
0.101014 94.000000 0.111772 
0.101149 93.000000 0.110583 
0.101420 91.000000 0.108205 
0.099662 104.000000 0.123662 
0.099527 105.000000 0.124851 
0.100473 98.000000 0.116528 
0.100338 99.000000 0.117717 
0.100609 97.000000 0.115339 
0.098986 109.000000 0.129608 
0.098851 110.000000 0.130797 
0.100609 97.000000 0.115339 
0.102502 83.000000 0.098692 
0.100744 96.000000 0.114150 
0.100203 100.000000 0.118906 
0.101826 88.000000 0.104637 
0.099391 106.000000 0.126040 
0.100473 98.000000 0.116528 
0.102366 84.000000 0.099881 
0.099121 108.000000 0.128419 
