0.361084 5099.000000 0.297127 
0.359108 5165.000000 0.300973 
0.357102 5232.000000 0.304877 
0.358779 5176.000000 0.301614 
0.357282 5226.000000 0.304528 
0.361593 5082.000000 0.296137 
0.360904 5105.000000 0.297477 
0.359707 5145.000000 0.299808 
0.359168 5163.000000 0.300857 
0.358150 5197.000000 0.302838 
0.360934 5104.000000 0.297419 
0.359886 5139.000000 0.299458 
0.358360 5190.000000 0.302430 
0.359796 5142.000000 0.299633 
0.361712 5078.000000 0.295904 
0.358779 5176.000000 0.301614 
0.359347 5157.000000 0.300507 
0.359527 5151.000000 0.300157 
0.360216 5128.000000 0.298817 
0.359886 5139.000000 0.299458 
0.360425 5121.000000 0.298409 
0.357701 5212.000000 0.303712 
0.358569 5183.000000 0.302022 
0.357072 5233.000000 0.304936 
0.357162 5230.000000 0.304761 
0.359018 5168.000000 0.301148 
0.359078 5166.000000 0.301031 
0.360724 5111.000000 0.297826 
0.360245 5127.000000 0.298759 
0.358719 5178.000000 0.301731 
0.359138 5164.000000 0.300915 
0.361054 5100.000000 0.297185 
0.359317 5158.000000 0.300565 
0.359377 5156.000000 0.300449 
0.359677 5146.000000 0.299866 
0.360006 5135.000000 0.299225 
0.360006 5135.000000 0.299225 
0.362012 5068.000000 0.295321 
0.357491 5219.000000 0.304120 
0.360994 5102.000000 0.297302 
0.359976 5136.000000 0.299283 
0.362580 5049.000000 0.294214 
0.359228 5161.000000 0.300740 
0.359258 5160.000000 0.300682 
0.359826 5141.000000 0.299575 
0.357222 5228.000000 0.304644 
0.360395 5122.000000 0.298467 
0.359018 5168.000000 0.301148 
0.359467 5153.000000 0.300274 
0.360365 5123.000000 0.298526 
0.357012 5235.000000 0.305052 
0.360425 5121.000000 0.298409 
0.358210 5195.000000 0.302721 
0.357012 5235.000000 0.305052 
0.362131 5064.000000 0.295088 
0.358240 5194.000000 0.302663 
0.361742 5077.000000 0.295845 
0.360245 5127.000000 0.298759 
0.359647 5147.000000 0.299924 
0.358000 5202.000000 0.303129 
0.361623 5081.000000 0.296078 
0.362461 5053.000000 0.294447 
0.359796 5142.000000 0.299633 
0.358330 5191.000000 0.302488 
0.358689 5179.000000 0.301789 
0.358689 5179.000000 0.301789 
0.358569 5183.000000 0.302022 
0.361712 5078.000000 0.295904 
0.358210 5195.000000 0.302721 
0.358898 5172.000000 0.301381 
0.358539 5184.000000 0.302080 
0.358898 5172.000000 0.301381 
0.360635 5114.000000 0.298001 
0.358389 5189.000000 0.302372 
0.358330 5191.000000 0.302488 
0.359168 5163.000000 0.300857 
0.357731 5211.000000 0.303654 
0.361054 5100.000000 0.297185 
0.358809 5175.000000 0.301556 
0.358060 5200.000000 0.303013 
0.360934 5104.000000 0.297419 
0.358300 5192.000000 0.302546 
0.359198 5162.000000 0.300798 
0.362551 5050.000000 0.294272 
0.357851 5207.000000 0.303421 
0.358689 5179.000000 0.301789 
0.357940 5204.000000 0.303246 
0.358779 5176.000000 0.301614 
0.357881 5206.000000 0.303362 
0.358569 5183.000000 0.302022 
0.361533 5084.000000 0.296253 
0.358779 5176.000000 0.301614 
0.360724 5111.000000 0.297826 
0.358419 5188.000000 0.302313 
0.360485 5119.000000 0.298293 
0.360695 5112.000000 0.297885 
0.361802 5075.000000 0.295729 
0.362940 5037.000000 0.293514 
0.360006 5135.000000 0.299225 
0.361473 5086.000000 0.296370 
0.358719 5178.000000 0.301731 
0.359138 5164.000000 0.300915 
0.360126 5131.000000 0.298992 
0.358240 5194.000000 0.302663 
0.360186 5129.000000 0.298875 
0.358749 5177.000000 0.301672 
0.360275 5126.000000 0.298701 
0.358539 5184.000000 0.302080 
0.360365 5123.000000 0.298526 
0.358988 5169.000000 0.301206 
0.360186 5129.000000 0.298875 
0.359198 5162.000000 0.300798 
0.360066 5133.000000 0.299108 
0.360036 5134.000000 0.299167 
0.359886 5139.000000 0.299458 
0.359587 5149.000000 0.300041 
0.358539 5184.000000 0.302080 
0.362221 5061.000000 0.294913 
0.359826 5141.000000 0.299575 
0.360126 5131.000000 0.298992 
0.359976 5136.000000 0.299283 
0.360066 5133.000000 0.299108 
0.358569 5183.000000 0.302022 
0.358988 5169.000000 0.301206 
0.361413 5088.000000 0.296486 
0.359916 5138.000000 0.299400 
0.359437 5154.000000 0.300332 
0.356653 5247.000000 0.305751 
0.359647 5147.000000 0.299924 
0.360186 5129.000000 0.298875 
0.360096 5132.000000 0.299050 
0.359467 5153.000000 0.300274 
0.358958 5170.000000 0.301264 
0.359228 5161.000000 0.300740 
0.357491 5219.000000 0.304120 
0.359168 5163.000000 0.300857 
0.357521 5218.000000 0.304062 
0.361862 5073.000000 0.295612 
0.358719 5178.000000 0.301731 
0.360066 5133.000000 0.299108 
0.360665 5113.000000 0.297943 
0.361024 5101.000000 0.297244 
0.359437 5154.000000 0.300332 
0.359707 5145.000000 0.299808 
0.359617 5148.000000 0.299983 
0.361173 5096.000000 0.296952 
0.359467 5153.000000 0.300274 
0.360066 5133.000000 0.299108 
0.361114 5098.000000 0.297069 
0.360934 5104.000000 0.297419 
0.359048 5167.000000 0.301090 
0.359467 5153.000000 0.300274 
0.360425 5121.000000 0.298409 
0.360545 5117.000000 0.298176 
0.359018 5168.000000 0.301148 
0.357581 5216.000000 0.303945 
0.360126 5131.000000 0.298992 
0.359168 5163.000000 0.300857 
0.358000 5202.000000 0.303129 
0.359437 5154.000000 0.300332 
0.359707 5145.000000 0.299808 
0.358898 5172.000000 0.301381 
0.360844 5107.000000 0.297593 
0.361383 5089.000000 0.296544 
0.359946 5137.000000 0.299342 
0.359407 5155.000000 0.300390 
0.360335 5124.000000 0.298584 
0.358928 5171.000000 0.301323 
0.356863 5240.000000 0.305344 
0.357342 5224.000000 0.304411 
0.357611 5215.000000 0.303887 
0.361263 5093.000000 0.296778 
0.360485 5119.000000 0.298293 
0.358150 5197.000000 0.302838 
0.360395 5122.000000 0.298467 
0.359617 5148.000000 0.299983 
0.359377 5156.000000 0.300449 
0.361533 5084.000000 0.296253 
0.359796 5142.000000 0.299633 
0.359796 5142.000000 0.299633 
0.359707 5145.000000 0.299808 
0.360784 5109.000000 0.297710 
0.356623 5248.000000 0.305810 
0.361233 5094.000000 0.296836 
0.359377 5156.000000 0.300449 
0.359527 5151.000000 0.300157 
0.360245 5127.000000 0.298759 
0.357671 5213.000000 0.303770 
0.358958 5170.000000 0.301264 
0.358928 5171.000000 0.301323 
0.358689 5179.000000 0.301789 
0.360216 5128.000000 0.298817 
0.359856 5140.000000 0.299516 
0.358898 5172.000000 0.301381 
0.358719 5178.000000 0.301731 
0.360635 5114.000000 0.298001 
0.358868 5173.000000 0.301439 
0.358419 5188.000000 0.302313 
0.359317 5158.000000 0.300565 
0.357551 5217.000000 0.304003 
0.359437 5154.000000 0.300332 
0.357282 5226.000000 0.304528 
0.360545 5117.000000 0.298176 
0.356982 5236.000000 0.305110 
0.359078 5166.000000 0.301031 
0.360066 5133.000000 0.299108 
0.361263 5093.000000 0.296778 
0.358838 5174.000000 0.301498 
0.359198 5162.000000 0.300798 
0.359138 5164.000000 0.300915 
0.360874 5106.000000 0.297535 
0.361862 5073.000000 0.295612 
0.360665 5113.000000 0.297943 
0.361323 5091.000000 0.296661 
0.359407 5155.000000 0.300390 
0.360695 5112.000000 0.297885 
0.358539 5184.000000 0.302080 
0.358838 5174.000000 0.301498 
0.359916 5138.000000 0.299400 
0.360904 5105.000000 0.297477 
0.357222 5228.000000 0.304644 
0.361742 5077.000000 0.295845 
0.358779 5176.000000 0.301614 
0.361084 5099.000000 0.297127 
0.361054 5100.000000 0.297185 
0.361802 5075.000000 0.295729 
0.357701 5212.000000 0.303712 
0.361024 5101.000000 0.297244 
0.359796 5142.000000 0.299633 
0.358270 5193.000000 0.302605 
0.360844 5107.000000 0.297593 
0.361503 5085.000000 0.296311 
0.360365 5123.000000 0.298526 
0.360425 5121.000000 0.298409 
0.362042 5067.000000 0.295263 
0.358689 5179.000000 0.301789 
0.359108 5165.000000 0.300973 
0.360724 5111.000000 0.297826 
0.360096 5132.000000 0.299050 
0.360096 5132.000000 0.299050 
0.357611 5215.000000 0.303887 
0.360784 5109.000000 0.297710 
0.357641 5214.000000 0.303828 
0.358509 5185.000000 0.302139 
0.361772 5076.000000 0.295787 
0.357102 5232.000000 0.304877 
0.359138 5164.000000 0.300915 
0.358958 5170.000000 0.301264 
0.360275 5126.000000 0.298701 
0.359467 5153.000000 0.300274 
0.358749 5177.000000 0.301672 
0.360365 5123.000000 0.298526 
0.356923 5238.000000 0.305227 
0.359228 5161.000000 0.300740 
0.360156 5130.000000 0.298934 
0.358958 5170.000000 0.301264 
0.359677 5146.000000 0.299866 
0.359767 5143.000000 0.299691 
0.360186 5129.000000 0.298875 
0.361922 5071.000000 0.295496 
0.359497 5152.000000 0.300216 
0.357102 5232.000000 0.304877 
0.358719 5178.000000 0.301731 
0.359228 5161.000000 0.300740 
0.358868 5173.000000 0.301439 
0.360186 5129.000000 0.298875 
0.357970 5203.000000 0.303187 
0.360096 5132.000000 0.299050 
0.359228 5161.000000 0.300740 
0.360695 5112.000000 0.297885 
0.360605 5115.000000 0.298060 
0.362131 5064.000000 0.295088 
0.361892 5072.000000 0.295554 
0.357940 5204.000000 0.303246 
0.359258 5160.000000 0.300682 
0.359377 5156.000000 0.300449 
0.361443 5087.000000 0.296428 
0.358958 5170.000000 0.301264 
0.360515 5118.000000 0.298234 
0.356623 5248.000000 0.305810 
0.360635 5114.000000 0.298001 
0.359557 5150.000000 0.300099 
0.359767 5143.000000 0.299691 
0.359198 5162.000000 0.300798 
0.358749 5177.000000 0.301672 
0.361952 5070.000000 0.295437 
0.360126 5131.000000 0.298992 
0.358689 5179.000000 0.301789 
0.359707 5145.000000 0.299808 
0.359617 5148.000000 0.299983 
0.359856 5140.000000 0.299516 
0.359377 5156.000000 0.300449 
0.358240 5194.000000 0.302663 
0.361353 5090.000000 0.296603 
0.360245 5127.000000 0.298759 
0.361443 5087.000000 0.296428 
0.359258 5160.000000 0.300682 
0.359048 5167.000000 0.301090 
0.359737 5144.000000 0.299749 
0.359018 5168.000000 0.301148 
0.358809 5175.000000 0.301556 
0.360455 5120.000000 0.298351 
0.361144 5097.000000 0.297011 
0.358539 5184.000000 0.302080 
0.358868 5173.000000 0.301439 
0.359467 5153.000000 0.300274 
0.361114 5098.000000 0.297069 
0.361263 5093.000000 0.296778 
0.360245 5127.000000 0.298759 
0.358060 5200.000000 0.303013 
0.359437 5154.000000 0.300332 
0.359916 5138.000000 0.299400 
0.359258 5160.000000 0.300682 
0.360515 5118.000000 0.298234 
0.360066 5133.000000 0.299108 
0.359946 5137.000000 0.299342 
0.359018 5168.000000 0.301148 
0.358030 5201.000000 0.303071 
0.358659 5180.000000 0.301847 
0.359647 5147.000000 0.299924 
0.358629 5181.000000 0.301905 
0.358898 5172.000000 0.301381 
0.362012 5068.000000 0.295321 
0.360934 5104.000000 0.297419 
0.360784 5109.000000 0.297710 
0.361652 5080.000000 0.296020 
0.359856 5140.000000 0.299516 
0.357222 5228.000000 0.304644 
0.360006 5135.000000 0.299225 
0.360754 5110.000000 0.297768 
0.359497 5152.000000 0.300216 
0.360365 5123.000000 0.298526 
0.358928 5171.000000 0.301323 
0.361084 5099.000000 0.297127 
0.360335 5124.000000 0.298584 
0.357402 5222.000000 0.304295 
0.360784 5109.000000 0.297710 
0.357970 5203.000000 0.303187 
0.357581 5216.000000 0.303945 
0.361233 5094.000000 0.296836 
0.359497 5152.000000 0.300216 
0.359258 5160.000000 0.300682 
0.358509 5185.000000 0.302139 
0.360305 5125.000000 0.298642 
0.358090 5199.000000 0.302954 
0.358569 5183.000000 0.302022 
0.359916 5138.000000 0.299400 
0.358090 5199.000000 0.302954 
0.358988 5169.000000 0.301206 
0.358449 5187.000000 0.302255 
0.359856 5140.000000 0.299516 
0.360335 5124.000000 0.298584 
0.358838 5174.000000 0.301498 
0.358000 5202.000000 0.303129 
0.358539 5184.000000 0.302080 
0.361084 5099.000000 0.297127 
0.360006 5135.000000 0.299225 
0.357491 5219.000000 0.304120 
0.359377 5156.000000 0.300449 
0.358719 5178.000000 0.301731 
0.357611 5215.000000 0.303887 
0.361353 5090.000000 0.296603 
0.360695 5112.000000 0.297885 
0.358689 5179.000000 0.301789 
0.360335 5124.000000 0.298584 
0.361263 5093.000000 0.296778 
0.359168 5163.000000 0.300857 
0.359018 5168.000000 0.301148 
0.357312 5225.000000 0.304469 
0.356563 5250.000000 0.305926 
0.361203 5095.000000 0.296894 
0.361114 5098.000000 0.297069 
0.359228 5161.000000 0.300740 
0.362072 5066.000000 0.295204 
0.360635 5114.000000 0.298001 
0.361114 5098.000000 0.297069 
0.358330 5191.000000 0.302488 
0.361233 5094.000000 0.296836 
0.357761 5210.000000 0.303595 
0.360186 5129.000000 0.298875 
0.359317 5158.000000 0.300565 
0.361593 5082.000000 0.296137 
0.357940 5204.000000 0.303246 
0.360365 5123.000000 0.298526 
0.360036 5134.000000 0.299167 
0.359078 5166.000000 0.301031 
0.361233 5094.000000 0.296836 
0.361712 5078.000000 0.295904 
0.360365 5123.000000 0.298526 
0.359886 5139.000000 0.299458 
0.358569 5183.000000 0.302022 
0.360096 5132.000000 0.299050 
0.361233 5094.000000 0.296836 
0.358599 5182.000000 0.301964 
0.360994 5102.000000 0.297302 
0.360784 5109.000000 0.297710 
0.358719 5178.000000 0.301731 
0.361802 5075.000000 0.295729 
0.359407 5155.000000 0.300390 
0.360724 5111.000000 0.297826 
0.358030 5201.000000 0.303071 
0.359617 5148.000000 0.299983 
0.359108 5165.000000 0.300973 
0.361682 5079.000000 0.295962 
0.358928 5171.000000 0.301323 
0.360096 5132.000000 0.299050 
0.358629 5181.000000 0.301905 
0.359437 5154.000000 0.300332 
0.363898 5005.000000 0.291650 
0.358240 5194.000000 0.302663 
0.360126 5131.000000 0.298992 
0.359288 5159.000000 0.300624 
0.359347 5157.000000 0.300507 
0.358749 5177.000000 0.301672 
0.357611 5215.000000 0.303887 
0.360784 5109.000000 0.297710 
0.358749 5177.000000 0.301672 
0.359557 5150.000000 0.300099 
0.361203 5095.000000 0.296894 
0.360605 5115.000000 0.298060 
0.357970 5203.000000 0.303187 
0.360814 5108.000000 0.297652 
0.360036 5134.000000 0.299167 
0.358330 5191.000000 0.302488 
0.359407 5155.000000 0.300390 
0.358779 5176.000000 0.301614 
0.360395 5122.000000 0.298467 
0.359467 5153.000000 0.300274 
0.358779 5176.000000 0.301614 
0.358749 5177.000000 0.301672 
0.361473 5086.000000 0.296370 
0.359138 5164.000000 0.300915 
0.360605 5115.000000 0.298060 
0.358180 5196.000000 0.302780 
0.359497 5152.000000 0.300216 
0.358719 5178.000000 0.301731 
0.357910 5205.000000 0.303304 
0.358419 5188.000000 0.302313 
0.359437 5154.000000 0.300332 
0.359437 5154.000000 0.300332 
0.359557 5150.000000 0.300099 
0.359467 5153.000000 0.300274 
0.359078 5166.000000 0.301031 
0.358060 5200.000000 0.303013 
0.359407 5155.000000 0.300390 
0.360156 5130.000000 0.298934 
0.359976 5136.000000 0.299283 
0.359228 5161.000000 0.300740 
0.359108 5165.000000 0.300973 
0.358210 5195.000000 0.302721 
0.361623 5081.000000 0.296078 
0.359078 5166.000000 0.301031 
0.360635 5114.000000 0.298001 
0.360365 5123.000000 0.298526 
0.356504 5252.000000 0.306043 
0.359976 5136.000000 0.299283 
0.357282 5226.000000 0.304528 
0.356623 5248.000000 0.305810 
0.362341 5057.000000 0.294680 
0.357282 5226.000000 0.304528 
0.359258 5160.000000 0.300682 
0.361383 5089.000000 0.296544 
0.360335 5124.000000 0.298584 
0.360635 5114.000000 0.298001 
0.358809 5175.000000 0.301556 
0.361922 5071.000000 0.295496 
0.359647 5147.000000 0.299924 
0.358180 5196.000000 0.302780 
0.359826 5141.000000 0.299575 
0.359258 5160.000000 0.300682 
0.360904 5105.000000 0.297477 
0.358599 5182.000000 0.301964 
0.358868 5173.000000 0.301439 
0.360814 5108.000000 0.297652 
0.360006 5135.000000 0.299225 
0.359288 5159.000000 0.300624 
0.359138 5164.000000 0.300915 
0.361353 5090.000000 0.296603 
0.358539 5184.000000 0.302080 
0.358389 5189.000000 0.302372 
0.359108 5165.000000 0.300973 
0.360605 5115.000000 0.298060 
0.359886 5139.000000 0.299458 
0.359228 5161.000000 0.300740 
0.359467 5153.000000 0.300274 
0.357731 5211.000000 0.303654 
0.358809 5175.000000 0.301556 
0.357491 5219.000000 0.304120 
0.360006 5135.000000 0.299225 
0.357641 5214.000000 0.303828 
0.360994 5102.000000 0.297302 
0.357791 5209.000000 0.303537 
0.360186 5129.000000 0.298875 
0.359138 5164.000000 0.300915 
0.361173 5096.000000 0.296952 
0.361144 5097.000000 0.297011 
0.360126 5131.000000 0.298992 
0.359138 5164.000000 0.300915 
0.359258 5160.000000 0.300682 
0.360814 5108.000000 0.297652 
0.360784 5109.000000 0.297710 
0.360156 5130.000000 0.298934 
0.358060 5200.000000 0.303013 
0.358958 5170.000000 0.301264 
0.358988 5169.000000 0.301206 
0.359018 5168.000000 0.301148 
0.359946 5137.000000 0.299342 
0.358389 5189.000000 0.302372 
0.357342 5224.000000 0.304411 
0.359527 5151.000000 0.300157 
0.358809 5175.000000 0.301556 
0.358509 5185.000000 0.302139 
0.359347 5157.000000 0.300507 
0.359288 5159.000000 0.300624 
0.358629 5181.000000 0.301905 
0.360245 5127.000000 0.298759 
0.358509 5185.000000 0.302139 
0.360964 5103.000000 0.297360 
0.360485 5119.000000 0.298293 
0.359796 5142.000000 0.299633 
0.357072 5233.000000 0.304936 
0.357461 5220.000000 0.304178 
0.360156 5130.000000 0.298934 
0.360844 5107.000000 0.297593 
0.362161 5063.000000 0.295029 
0.358988 5169.000000 0.301206 
0.360066 5133.000000 0.299108 
0.360395 5122.000000 0.298467 
0.359557 5150.000000 0.300099 
0.359497 5152.000000 0.300216 
0.359198 5162.000000 0.300798 
0.358868 5173.000000 0.301439 
0.360066 5133.000000 0.299108 
0.361054 5100.000000 0.297185 
0.358898 5172.000000 0.301381 
0.361682 5079.000000 0.295962 
0.360365 5123.000000 0.298526 
0.358210 5195.000000 0.302721 
0.359317 5158.000000 0.300565 
0.358210 5195.000000 0.302721 
0.360635 5114.000000 0.298001 
0.358270 5193.000000 0.302605 
0.358360 5190.000000 0.302430 
0.358599 5182.000000 0.301964 
0.360485 5119.000000 0.298293 
0.361144 5097.000000 0.297011 
0.359258 5160.000000 0.300682 
0.358629 5181.000000 0.301905 
0.360964 5103.000000 0.297360 
0.359796 5142.000000 0.299633 
0.359048 5167.000000 0.301090 
0.359617 5148.000000 0.299983 
0.357671 5213.000000 0.303770 
0.361413 5088.000000 0.296486 
0.358300 5192.000000 0.302546 
0.359288 5159.000000 0.300624 
0.359707 5145.000000 0.299808 
0.360485 5119.000000 0.298293 
0.358898 5172.000000 0.301381 
0.359467 5153.000000 0.300274 
0.360485 5119.000000 0.298293 
0.359288 5159.000000 0.300624 
0.359916 5138.000000 0.299400 
0.358360 5190.000000 0.302430 
0.360425 5121.000000 0.298409 
0.358838 5174.000000 0.301498 
0.358868 5173.000000 0.301439 
0.360036 5134.000000 0.299167 
0.359138 5164.000000 0.300915 
0.360305 5125.000000 0.298642 
0.359976 5136.000000 0.299283 
0.360844 5107.000000 0.297593 
0.357821 5208.000000 0.303479 
0.360425 5121.000000 0.298409 
0.358629 5181.000000 0.301905 
0.360156 5130.000000 0.298934 
0.360754 5110.000000 0.297768 
0.357821 5208.000000 0.303479 
0.361323 5091.000000 0.296661 
0.359677 5146.000000 0.299866 
0.360395 5122.000000 0.298467 
0.357402 5222.000000 0.304295 
0.359677 5146.000000 0.299866 
0.358868 5173.000000 0.301439 
0.361742 5077.000000 0.295845 
0.357970 5203.000000 0.303187 
0.360156 5130.000000 0.298934 
0.358090 5199.000000 0.302954 
0.360395 5122.000000 0.298467 
0.360874 5106.000000 0.297535 
0.359826 5141.000000 0.299575 
0.361413 5088.000000 0.296486 
0.361233 5094.000000 0.296836 
0.358360 5190.000000 0.302430 
0.359437 5154.000000 0.300332 
0.363119 5031.000000 0.293165 
0.360395 5122.000000 0.298467 
0.357970 5203.000000 0.303187 
0.359527 5151.000000 0.300157 
0.361353 5090.000000 0.296603 
0.360665 5113.000000 0.297943 
0.361144 5097.000000 0.297011 
0.358360 5190.000000 0.302430 
0.359527 5151.000000 0.300157 
0.360814 5108.000000 0.297652 
0.359826 5141.000000 0.299575 
0.360365 5123.000000 0.298526 
0.360635 5114.000000 0.298001 
0.361114 5098.000000 0.297069 
0.360245 5127.000000 0.298759 
0.358539 5184.000000 0.302080 
0.358240 5194.000000 0.302663 
0.360066 5133.000000 0.299108 
0.357940 5204.000000 0.303246 
0.363508 5018.000000 0.292407 
0.359258 5160.000000 0.300682 
0.358090 5199.000000 0.302954 
0.361832 5074.000000 0.295670 
0.359288 5159.000000 0.300624 
0.360784 5109.000000 0.297710 
0.360335 5124.000000 0.298584 
0.359407 5155.000000 0.300390 
0.358509 5185.000000 0.302139 
0.358030 5201.000000 0.303071 
0.358988 5169.000000 0.301206 
0.361173 5096.000000 0.296952 
0.358629 5181.000000 0.301905 
0.359407 5155.000000 0.300390 
0.357851 5207.000000 0.303421 
0.359228 5161.000000 0.300740 
0.360545 5117.000000 0.298176 
0.361383 5089.000000 0.296544 
0.360994 5102.000000 0.297302 
0.359557 5150.000000 0.300099 
0.357581 5216.000000 0.303945 
0.358898 5172.000000 0.301381 
0.359916 5138.000000 0.299400 
0.359347 5157.000000 0.300507 
0.362012 5068.000000 0.295321 
0.358360 5190.000000 0.302430 
0.360275 5126.000000 0.298701 
0.360365 5123.000000 0.298526 
0.358419 5188.000000 0.302313 
0.359108 5165.000000 0.300973 
0.358838 5174.000000 0.301498 
0.358659 5180.000000 0.301847 
0.359018 5168.000000 0.301148 
0.359737 5144.000000 0.299749 
0.360904 5105.000000 0.297477 
0.359826 5141.000000 0.299575 
0.360245 5127.000000 0.298759 
0.359677 5146.000000 0.299866 
0.359138 5164.000000 0.300915 
0.361623 5081.000000 0.296078 
0.363119 5031.000000 0.293165 
0.357491 5219.000000 0.304120 
0.358300 5192.000000 0.302546 
0.358809 5175.000000 0.301556 
0.360066 5133.000000 0.299108 
0.359467 5153.000000 0.300274 
0.361383 5089.000000 0.296544 
0.358449 5187.000000 0.302255 
0.358928 5171.000000 0.301323 
0.358449 5187.000000 0.302255 
0.359497 5152.000000 0.300216 
0.359407 5155.000000 0.300390 
0.358330 5191.000000 0.302488 
0.363089 5032.000000 0.293223 
0.358449 5187.000000 0.302255 
0.359946 5137.000000 0.299342 
0.358479 5186.000000 0.302197 
0.359976 5136.000000 0.299283 
0.360156 5130.000000 0.298934 
0.360575 5116.000000 0.298118 
0.360126 5131.000000 0.298992 
0.359377 5156.000000 0.300449 
0.359108 5165.000000 0.300973 
0.359168 5163.000000 0.300857 
0.359407 5155.000000 0.300390 
0.359527 5151.000000 0.300157 
0.361293 5092.000000 0.296719 
0.360335 5124.000000 0.298584 
0.360006 5135.000000 0.299225 
0.357701 5212.000000 0.303712 
0.359198 5162.000000 0.300798 
0.358240 5194.000000 0.302663 
0.357851 5207.000000 0.303421 
0.359916 5138.000000 0.299400 
0.359108 5165.000000 0.300973 
0.358749 5177.000000 0.301672 
0.359377 5156.000000 0.300449 
0.358330 5191.000000 0.302488 
0.358719 5178.000000 0.301731 
0.358539 5184.000000 0.302080 
0.361563 5083.000000 0.296195 
0.358719 5178.000000 0.301731 
0.360964 5103.000000 0.297360 
0.359288 5159.000000 0.300624 
0.359258 5160.000000 0.300682 
0.358958 5170.000000 0.301264 
0.360844 5107.000000 0.297593 
0.360126 5131.000000 0.298992 
0.361832 5074.000000 0.295670 
0.358809 5175.000000 0.301556 
0.359826 5141.000000 0.299575 
0.357342 5224.000000 0.304411 
0.360754 5110.000000 0.297768 
0.357881 5206.000000 0.303362 
0.359108 5165.000000 0.300973 
0.359767 5143.000000 0.299691 
0.359198 5162.000000 0.300798 
0.359826 5141.000000 0.299575 
0.358988 5169.000000 0.301206 
0.362191 5062.000000 0.294971 
0.360006 5135.000000 0.299225 
0.358539 5184.000000 0.302080 
0.360365 5123.000000 0.298526 
0.361173 5096.000000 0.296952 
0.358270 5193.000000 0.302605 
0.359916 5138.000000 0.299400 
0.360545 5117.000000 0.298176 
0.361353 5090.000000 0.296603 
0.360335 5124.000000 0.298584 
0.359168 5163.000000 0.300857 
0.359168 5163.000000 0.300857 
0.360096 5132.000000 0.299050 
0.359796 5142.000000 0.299633 
0.360665 5113.000000 0.297943 
0.360216 5128.000000 0.298817 
0.358389 5189.000000 0.302372 
0.361024 5101.000000 0.297244 
0.358689 5179.000000 0.301789 
0.360665 5113.000000 0.297943 
0.359138 5164.000000 0.300915 
0.360605 5115.000000 0.298060 
0.357641 5214.000000 0.303828 
0.357461 5220.000000 0.304178 
0.361413 5088.000000 0.296486 
0.359407 5155.000000 0.300390 
0.358389 5189.000000 0.302372 
0.360096 5132.000000 0.299050 
0.359557 5150.000000 0.300099 
0.362580 5049.000000 0.294214 
0.360784 5109.000000 0.297710 
0.359018 5168.000000 0.301148 
0.359557 5150.000000 0.300099 
0.357282 5226.000000 0.304528 
0.358599 5182.000000 0.301964 
0.360724 5111.000000 0.297826 
0.360575 5116.000000 0.298118 
0.358988 5169.000000 0.301206 
0.358928 5171.000000 0.301323 
0.361682 5079.000000 0.295962 
0.358838 5174.000000 0.301498 
0.359198 5162.000000 0.300798 
0.358749 5177.000000 0.301672 
0.358689 5179.000000 0.301789 
0.358809 5175.000000 0.301556 
0.360904 5105.000000 0.297477 
0.358868 5173.000000 0.301439 
0.359048 5167.000000 0.301090 
0.361712 5078.000000 0.295904 
0.358629 5181.000000 0.301905 
0.358330 5191.000000 0.302488 
0.359707 5145.000000 0.299808 
0.359317 5158.000000 0.300565 
0.358330 5191.000000 0.302488 
0.356803 5242.000000 0.305460 
0.361323 5091.000000 0.296661 
0.359377 5156.000000 0.300449 
0.359707 5145.000000 0.299808 
0.361203 5095.000000 0.296894 
0.359856 5140.000000 0.299516 
0.359258 5160.000000 0.300682 
0.359198 5162.000000 0.300798 
0.359317 5158.000000 0.300565 
0.358719 5178.000000 0.301731 
0.360994 5102.000000 0.297302 
0.358509 5185.000000 0.302139 
0.361413 5088.000000 0.296486 
0.358539 5184.000000 0.302080 
0.358988 5169.000000 0.301206 
0.358150 5197.000000 0.302838 
0.361652 5080.000000 0.296020 
0.361353 5090.000000 0.296603 
0.362940 5037.000000 0.293514 
0.359347 5157.000000 0.300507 
0.359497 5152.000000 0.300216 
0.360216 5128.000000 0.298817 
0.359347 5157.000000 0.300507 
0.360335 5124.000000 0.298584 
0.358749 5177.000000 0.301672 
0.360126 5131.000000 0.298992 
0.359437 5154.000000 0.300332 
0.360305 5125.000000 0.298642 
0.360036 5134.000000 0.299167 
0.361862 5073.000000 0.295612 
0.359767 5143.000000 0.299691 
0.360784 5109.000000 0.297710 
0.359078 5166.000000 0.301031 
0.359407 5155.000000 0.300390 
0.359048 5167.000000 0.301090 
0.361084 5099.000000 0.297127 
0.360036 5134.000000 0.299167 
0.359347 5157.000000 0.300507 
0.359647 5147.000000 0.299924 
0.359737 5144.000000 0.299749 
0.359617 5148.000000 0.299983 
0.358749 5177.000000 0.301672 
0.358210 5195.000000 0.302721 
0.358360 5190.000000 0.302430 
0.362521 5051.000000 0.294330 
0.360335 5124.000000 0.298584 
0.360216 5128.000000 0.298817 
0.359946 5137.000000 0.299342 
0.359826 5141.000000 0.299575 
0.356773 5243.000000 0.305518 
0.360335 5124.000000 0.298584 
0.359557 5150.000000 0.300099 
0.359916 5138.000000 0.299400 
0.358719 5178.000000 0.301731 
0.359168 5163.000000 0.300857 
0.357491 5219.000000 0.304120 
0.359048 5167.000000 0.301090 
0.359258 5160.000000 0.300682 
0.359826 5141.000000 0.299575 
0.359138 5164.000000 0.300915 
0.360485 5119.000000 0.298293 
0.360245 5127.000000 0.298759 
0.360814 5108.000000 0.297652 
0.359946 5137.000000 0.299342 
0.359826 5141.000000 0.299575 
0.357551 5217.000000 0.304003 
0.359976 5136.000000 0.299283 
0.360994 5102.000000 0.297302 
0.358389 5189.000000 0.302372 
0.358599 5182.000000 0.301964 
0.359737 5144.000000 0.299749 
0.359946 5137.000000 0.299342 
0.359677 5146.000000 0.299866 
0.361682 5079.000000 0.295962 
0.360665 5113.000000 0.297943 
0.359108 5165.000000 0.300973 
0.359347 5157.000000 0.300507 
0.357970 5203.000000 0.303187 
0.359856 5140.000000 0.299516 
0.360575 5116.000000 0.298118 
0.359078 5166.000000 0.301031 
0.358060 5200.000000 0.303013 
0.360515 5118.000000 0.298234 
0.360305 5125.000000 0.298642 
0.359437 5154.000000 0.300332 
0.356683 5246.000000 0.305693 
0.358240 5194.000000 0.302663 
0.359617 5148.000000 0.299983 
0.360036 5134.000000 0.299167 
0.358779 5176.000000 0.301614 
0.359856 5140.000000 0.299516 
0.358809 5175.000000 0.301556 
0.361173 5096.000000 0.296952 
0.359018 5168.000000 0.301148 
0.361323 5091.000000 0.296661 
0.361413 5088.000000 0.296486 
0.357701 5212.000000 0.303712 
0.358569 5183.000000 0.302022 
0.360455 5120.000000 0.298351 
0.360006 5135.000000 0.299225 
0.358898 5172.000000 0.301381 
0.359976 5136.000000 0.299283 
0.361742 5077.000000 0.295845 
0.361832 5074.000000 0.295670 
0.359228 5161.000000 0.300740 
0.357102 5232.000000 0.304877 
0.358719 5178.000000 0.301731 
0.358838 5174.000000 0.301498 
0.362341 5057.000000 0.294680 
0.358389 5189.000000 0.302372 
0.362311 5058.000000 0.294738 
0.360515 5118.000000 0.298234 
0.361263 5093.000000 0.296778 
0.358270 5193.000000 0.302605 
0.360275 5126.000000 0.298701 
0.358569 5183.000000 0.302022 
0.361413 5088.000000 0.296486 
0.362281 5059.000000 0.294796 
0.358868 5173.000000 0.301439 
0.358629 5181.000000 0.301905 
0.359317 5158.000000 0.300565 
0.355546 5284.000000 0.307907 
0.359647 5147.000000 0.299924 
0.358988 5169.000000 0.301206 
0.359557 5150.000000 0.300099 
0.360874 5106.000000 0.297535 
0.362640 5047.000000 0.294097 
0.360275 5126.000000 0.298701 
0.358689 5179.000000 0.301789 
0.360665 5113.000000 0.297943 
0.360455 5120.000000 0.298351 
0.359886 5139.000000 0.299458 
0.359557 5150.000000 0.300099 
0.359258 5160.000000 0.300682 
0.362042 5067.000000 0.295263 
0.359767 5143.000000 0.299691 
0.360485 5119.000000 0.298293 
0.362042 5067.000000 0.295263 
0.361892 5072.000000 0.295554 
0.358958 5170.000000 0.301264 
0.359916 5138.000000 0.299400 
0.361922 5071.000000 0.295496 
0.359078 5166.000000 0.301031 
0.357761 5210.000000 0.303595 
0.358240 5194.000000 0.302663 
0.360695 5112.000000 0.297885 
0.360934 5104.000000 0.297419 
0.360635 5114.000000 0.298001 
0.358689 5179.000000 0.301789 
0.358958 5170.000000 0.301264 
0.359856 5140.000000 0.299516 
0.358389 5189.000000 0.302372 
0.358928 5171.000000 0.301323 
0.358629 5181.000000 0.301905 
0.358360 5190.000000 0.302430 
0.358809 5175.000000 0.301556 
0.359976 5136.000000 0.299283 
0.360275 5126.000000 0.298701 
0.359437 5154.000000 0.300332 
0.358330 5191.000000 0.302488 
0.357701 5212.000000 0.303712 
0.361024 5101.000000 0.297244 
0.360365 5123.000000 0.298526 
0.359497 5152.000000 0.300216 
0.361772 5076.000000 0.295787 
0.358419 5188.000000 0.302313 
0.356803 5242.000000 0.305460 
0.359377 5156.000000 0.300449 
0.359108 5165.000000 0.300973 
0.360425 5121.000000 0.298409 
0.358689 5179.000000 0.301789 
0.359587 5149.000000 0.300041 
0.359108 5165.000000 0.300973 
0.359946 5137.000000 0.299342 
0.359258 5160.000000 0.300682 
0.358779 5176.000000 0.301614 
0.358898 5172.000000 0.301381 
0.360305 5125.000000 0.298642 
0.360575 5116.000000 0.298118 
0.361623 5081.000000 0.296078 
0.358779 5176.000000 0.301614 
0.359946 5137.000000 0.299342 
0.359168 5163.000000 0.300857 
0.358898 5172.000000 0.301381 
0.359108 5165.000000 0.300973 
0.359976 5136.000000 0.299283 
0.359557 5150.000000 0.300099 
0.359976 5136.000000 0.299283 
0.359437 5154.000000 0.300332 
0.358210 5195.000000 0.302721 
0.360036 5134.000000 0.299167 
0.360724 5111.000000 0.297826 
0.359377 5156.000000 0.300449 
0.360245 5127.000000 0.298759 
0.360545 5117.000000 0.298176 
0.361293 5092.000000 0.296719 
0.357252 5227.000000 0.304586 
0.358838 5174.000000 0.301498 
0.361203 5095.000000 0.296894 
0.359976 5136.000000 0.299283 
0.359018 5168.000000 0.301148 
0.359946 5137.000000 0.299342 
0.359347 5157.000000 0.300507 
0.359288 5159.000000 0.300624 
0.358360 5190.000000 0.302430 
0.356713 5245.000000 0.305635 
0.361323 5091.000000 0.296661 
0.359347 5157.000000 0.300507 
0.359437 5154.000000 0.300332 
0.357851 5207.000000 0.303421 
0.360066 5133.000000 0.299108 
0.360036 5134.000000 0.299167 
0.359737 5144.000000 0.299749 
0.358120 5198.000000 0.302896 
0.359527 5151.000000 0.300157 
0.358809 5175.000000 0.301556 
0.359288 5159.000000 0.300624 
0.359317 5158.000000 0.300565 
0.358210 5195.000000 0.302721 
0.358719 5178.000000 0.301731 
0.360784 5109.000000 0.297710 
0.357372 5223.000000 0.304353 
0.360066 5133.000000 0.299108 
0.361832 5074.000000 0.295670 
0.361892 5072.000000 0.295554 
0.358270 5193.000000 0.302605 
0.362221 5061.000000 0.294913 
0.359228 5161.000000 0.300740 
0.360425 5121.000000 0.298409 
0.360216 5128.000000 0.298817 
0.359377 5156.000000 0.300449 
0.358539 5184.000000 0.302080 
0.359886 5139.000000 0.299458 
0.360784 5109.000000 0.297710 
0.359617 5148.000000 0.299983 
0.358928 5171.000000 0.301323 
0.359796 5142.000000 0.299633 
0.359168 5163.000000 0.300857 
0.359796 5142.000000 0.299633 
0.361293 5092.000000 0.296719 
0.358928 5171.000000 0.301323 
0.361233 5094.000000 0.296836 
0.360515 5118.000000 0.298234 
0.357641 5214.000000 0.303828 
0.357372 5223.000000 0.304353 
0.360126 5131.000000 0.298992 
0.358988 5169.000000 0.301206 
0.358809 5175.000000 0.301556 
0.358090 5199.000000 0.302954 
0.358809 5175.000000 0.301556 
0.359497 5152.000000 0.300216 
0.359677 5146.000000 0.299866 
0.359467 5153.000000 0.300274 
0.361293 5092.000000 0.296719 
0.360455 5120.000000 0.298351 
0.361862 5073.000000 0.295612 
0.358868 5173.000000 0.301439 
0.358629 5181.000000 0.301905 
0.358060 5200.000000 0.303013 
0.358928 5171.000000 0.301323 
0.357641 5214.000000 0.303828 
0.361772 5076.000000 0.295787 
0.358330 5191.000000 0.302488 
0.360994 5102.000000 0.297302 
0.359856 5140.000000 0.299516 
0.359377 5156.000000 0.300449 
0.359647 5147.000000 0.299924 
0.360635 5114.000000 0.298001 
0.358958 5170.000000 0.301264 
0.359168 5163.000000 0.300857 
0.359258 5160.000000 0.300682 
0.357881 5206.000000 0.303362 
0.361144 5097.000000 0.297011 
0.359916 5138.000000 0.299400 
0.358868 5173.000000 0.301439 
0.359168 5163.000000 0.300857 
0.360365 5123.000000 0.298526 
0.356743 5244.000000 0.305577 
0.361682 5079.000000 0.295962 
0.359437 5154.000000 0.300332 
0.360036 5134.000000 0.299167 
0.358659 5180.000000 0.301847 
0.358689 5179.000000 0.301789 
0.360186 5129.000000 0.298875 
0.361922 5071.000000 0.295496 
0.359856 5140.000000 0.299516 
0.360545 5117.000000 0.298176 
0.358779 5176.000000 0.301614 
0.360784 5109.000000 0.297710 
0.359617 5148.000000 0.299983 
0.358898 5172.000000 0.301381 
0.360994 5102.000000 0.297302 
0.359946 5137.000000 0.299342 
0.360156 5130.000000 0.298934 
0.360216 5128.000000 0.298817 
0.360814 5108.000000 0.297652 
0.361293 5092.000000 0.296719 
0.359976 5136.000000 0.299283 
0.361533 5084.000000 0.296253 
0.357851 5207.000000 0.303421 
0.358928 5171.000000 0.301323 
0.360216 5128.000000 0.298817 
0.359916 5138.000000 0.299400 
0.358389 5189.000000 0.302372 
0.357551 5217.000000 0.304003 
0.360994 5102.000000 0.297302 
0.358988 5169.000000 0.301206 
0.359796 5142.000000 0.299633 
0.357192 5229.000000 0.304703 
0.359946 5137.000000 0.299342 
0.361802 5075.000000 0.295729 
0.360066 5133.000000 0.299108 
0.359437 5154.000000 0.300332 
0.358330 5191.000000 0.302488 
0.358928 5171.000000 0.301323 
0.359737 5144.000000 0.299749 
0.358509 5185.000000 0.302139 
0.358629 5181.000000 0.301905 
0.360335 5124.000000 0.298584 
0.360844 5107.000000 0.297593 
0.361353 5090.000000 0.296603 
0.359078 5166.000000 0.301031 
0.362131 5064.000000 0.295088 
0.358150 5197.000000 0.302838 
0.359467 5153.000000 0.300274 
0.358449 5187.000000 0.302255 
0.359407 5155.000000 0.300390 
0.360245 5127.000000 0.298759 
0.361084 5099.000000 0.297127 
0.359138 5164.000000 0.300915 
0.356084 5266.000000 0.306859 
0.361024 5101.000000 0.297244 
0.359976 5136.000000 0.299283 
0.360635 5114.000000 0.298001 
0.357821 5208.000000 0.303479 
0.361623 5081.000000 0.296078 
0.358868 5173.000000 0.301439 
0.358719 5178.000000 0.301731 
0.358479 5186.000000 0.302197 
0.360724 5111.000000 0.297826 
0.361114 5098.000000 0.297069 
0.357671 5213.000000 0.303770 
0.357881 5206.000000 0.303362 
0.359407 5155.000000 0.300390 
0.360575 5116.000000 0.298118 
0.359737 5144.000000 0.299749 
0.361383 5089.000000 0.296544 
0.359377 5156.000000 0.300449 
0.358659 5180.000000 0.301847 
0.359467 5153.000000 0.300274 
0.360994 5102.000000 0.297302 
0.358090 5199.000000 0.302954 
0.360006 5135.000000 0.299225 
0.359826 5141.000000 0.299575 
0.359677 5146.000000 0.299866 
0.360036 5134.000000 0.299167 
0.359707 5145.000000 0.299808 
0.361563 5083.000000 0.296195 
0.359647 5147.000000 0.299924 
0.356264 5260.000000 0.306509 
0.359048 5167.000000 0.301090 
0.358988 5169.000000 0.301206 
0.362850 5040.000000 0.293689 
0.361353 5090.000000 0.296603 
0.359856 5140.000000 0.299516 
0.359108 5165.000000 0.300973 
0.360695 5112.000000 0.297885 
0.360036 5134.000000 0.299167 
0.357970 5203.000000 0.303187 
0.358270 5193.000000 0.302605 
0.359108 5165.000000 0.300973 
0.358180 5196.000000 0.302780 
0.359048 5167.000000 0.301090 
0.359078 5166.000000 0.301031 
0.360156 5130.000000 0.298934 
0.359078 5166.000000 0.301031 
0.358868 5173.000000 0.301439 
0.359288 5159.000000 0.300624 
0.358539 5184.000000 0.302080 
0.360545 5117.000000 0.298176 
0.360695 5112.000000 0.297885 
0.359317 5158.000000 0.300565 
0.358479 5186.000000 0.302197 
0.358240 5194.000000 0.302663 
0.357731 5211.000000 0.303654 
0.359347 5157.000000 0.300507 
0.358898 5172.000000 0.301381 
0.358898 5172.000000 0.301381 
0.360365 5123.000000 0.298526 
0.360844 5107.000000 0.297593 
0.360365 5123.000000 0.298526 
0.359617 5148.000000 0.299983 
0.359826 5141.000000 0.299575 
0.358569 5183.000000 0.302022 
0.360784 5109.000000 0.297710 
0.358509 5185.000000 0.302139 
0.360096 5132.000000 0.299050 
0.359078 5166.000000 0.301031 
0.359108 5165.000000 0.300973 
0.359048 5167.000000 0.301090 
0.361652 5080.000000 0.296020 
0.359976 5136.000000 0.299283 
0.358240 5194.000000 0.302663 
0.359737 5144.000000 0.299749 
0.359018 5168.000000 0.301148 
0.361383 5089.000000 0.296544 
0.360665 5113.000000 0.297943 
0.359826 5141.000000 0.299575 
0.359886 5139.000000 0.299458 
0.359108 5165.000000 0.300973 
0.361443 5087.000000 0.296428 
0.361652 5080.000000 0.296020 
0.359437 5154.000000 0.300332 
0.360754 5110.000000 0.297768 
0.358779 5176.000000 0.301614 
0.358060 5200.000000 0.303013 
0.360216 5128.000000 0.298817 
0.360126 5131.000000 0.298992 
0.359557 5150.000000 0.300099 
0.359078 5166.000000 0.301031 
0.358300 5192.000000 0.302546 
0.359946 5137.000000 0.299342 
0.357282 5226.000000 0.304528 
0.359587 5149.000000 0.300041 
0.359108 5165.000000 0.300973 
0.358509 5185.000000 0.302139 
0.359138 5164.000000 0.300915 
0.361503 5085.000000 0.296311 
0.360216 5128.000000 0.298817 
0.361503 5085.000000 0.296311 
0.359497 5152.000000 0.300216 
0.358360 5190.000000 0.302430 
0.359138 5164.000000 0.300915 
0.357461 5220.000000 0.304178 
0.358719 5178.000000 0.301731 
0.360186 5129.000000 0.298875 
0.357162 5230.000000 0.304761 
0.357671 5213.000000 0.303770 
0.357372 5223.000000 0.304353 
0.359347 5157.000000 0.300507 
0.359138 5164.000000 0.300915 
0.360425 5121.000000 0.298409 
0.357791 5209.000000 0.303537 
0.360305 5125.000000 0.298642 
0.362191 5062.000000 0.294971 
0.361712 5078.000000 0.295904 
0.360305 5125.000000 0.298642 
0.359737 5144.000000 0.299749 
0.358539 5184.000000 0.302080 
0.359796 5142.000000 0.299633 
0.358928 5171.000000 0.301323 
0.358809 5175.000000 0.301556 
0.359557 5150.000000 0.300099 
0.359347 5157.000000 0.300507 
0.360724 5111.000000 0.297826 
0.360335 5124.000000 0.298584 
0.361533 5084.000000 0.296253 
0.360904 5105.000000 0.297477 
0.357910 5205.000000 0.303304 
0.357761 5210.000000 0.303595 
0.358779 5176.000000 0.301614 
0.358599 5182.000000 0.301964 
0.358659 5180.000000 0.301847 
0.360635 5114.000000 0.298001 
0.358060 5200.000000 0.303013 
0.358210 5195.000000 0.302721 
0.359826 5141.000000 0.299575 
0.359976 5136.000000 0.299283 
0.362101 5065.000000 0.295146 
0.360395 5122.000000 0.298467 
0.359377 5156.000000 0.300449 
0.358779 5176.000000 0.301614 
0.360515 5118.000000 0.298234 
0.359886 5139.000000 0.299458 
0.357252 5227.000000 0.304586 
0.357551 5217.000000 0.304003 
0.358868 5173.000000 0.301439 
0.360874 5106.000000 0.297535 
0.361413 5088.000000 0.296486 
0.358180 5196.000000 0.302780 
0.359796 5142.000000 0.299633 
0.360605 5115.000000 0.298060 
0.362730 5044.000000 0.293922 
0.359018 5168.000000 0.301148 
0.359587 5149.000000 0.300041 
0.361353 5090.000000 0.296603 
0.359677 5146.000000 0.299866 
0.358629 5181.000000 0.301905 
0.358838 5174.000000 0.301498 
0.358270 5193.000000 0.302605 
0.361533 5084.000000 0.296253 
0.362820 5041.000000 0.293747 
0.357342 5224.000000 0.304411 
0.362131 5064.000000 0.295088 
0.357162 5230.000000 0.304761 
0.360245 5127.000000 0.298759 
0.358150 5197.000000 0.302838 
0.360365 5123.000000 0.298526 
0.361892 5072.000000 0.295554 
0.361682 5079.000000 0.295962 
0.359916 5138.000000 0.299400 
0.359677 5146.000000 0.299866 
0.359168 5163.000000 0.300857 
0.358988 5169.000000 0.301206 
0.360126 5131.000000 0.298992 
0.359138 5164.000000 0.300915 
0.359497 5152.000000 0.300216 
0.357940 5204.000000 0.303246 
0.360545 5117.000000 0.298176 
0.358449 5187.000000 0.302255 
0.359108 5165.000000 0.300973 
0.361323 5091.000000 0.296661 
0.359767 5143.000000 0.299691 
0.359647 5147.000000 0.299924 
0.358270 5193.000000 0.302605 
0.357042 5234.000000 0.304994 
0.359198 5162.000000 0.300798 
0.359677 5146.000000 0.299866 
0.359707 5145.000000 0.299808 
0.359557 5150.000000 0.300099 
0.357731 5211.000000 0.303654 
0.361503 5085.000000 0.296311 
0.359258 5160.000000 0.300682 
0.360575 5116.000000 0.298118 
0.359377 5156.000000 0.300449 
0.360425 5121.000000 0.298409 
0.358749 5177.000000 0.301672 
0.358569 5183.000000 0.302022 
0.362101 5065.000000 0.295146 
0.360305 5125.000000 0.298642 
0.360994 5102.000000 0.297302 
0.359677 5146.000000 0.299866 
0.359856 5140.000000 0.299516 
0.360425 5121.000000 0.298409 
0.358060 5200.000000 0.303013 
0.359796 5142.000000 0.299633 
0.358539 5184.000000 0.302080 
0.358988 5169.000000 0.301206 
0.355785 5276.000000 0.307441 
0.360156 5130.000000 0.298934 
0.359437 5154.000000 0.300332 
0.361293 5092.000000 0.296719 
0.361054 5100.000000 0.297185 
0.360365 5123.000000 0.298526 
0.359826 5141.000000 0.299575 
0.358689 5179.000000 0.301789 
0.359198 5162.000000 0.300798 
0.360216 5128.000000 0.298817 
0.356773 5243.000000 0.305518 
0.359198 5162.000000 0.300798 
0.359078 5166.000000 0.301031 
0.359946 5137.000000 0.299342 
0.362042 5067.000000 0.295263 
0.360365 5123.000000 0.298526 
0.361772 5076.000000 0.295787 
0.358330 5191.000000 0.302488 
0.358898 5172.000000 0.301381 
0.358389 5189.000000 0.302372 
0.360066 5133.000000 0.299108 
0.358779 5176.000000 0.301614 
0.359078 5166.000000 0.301031 
0.359377 5156.000000 0.300449 
0.358719 5178.000000 0.301731 
0.359737 5144.000000 0.299749 
0.359168 5163.000000 0.300857 
0.360006 5135.000000 0.299225 
0.359048 5167.000000 0.301090 
0.358330 5191.000000 0.302488 
0.358300 5192.000000 0.302546 
0.360245 5127.000000 0.298759 
0.358360 5190.000000 0.302430 
0.358958 5170.000000 0.301264 
0.360575 5116.000000 0.298118 
0.358659 5180.000000 0.301847 
0.357821 5208.000000 0.303479 
0.358539 5184.000000 0.302080 
0.360904 5105.000000 0.297477 
0.360126 5131.000000 0.298992 
0.359707 5145.000000 0.299808 
0.358809 5175.000000 0.301556 
0.359527 5151.000000 0.300157 
0.359497 5152.000000 0.300216 
0.358958 5170.000000 0.301264 
0.360455 5120.000000 0.298351 
0.362491 5052.000000 0.294388 
0.358719 5178.000000 0.301731 
0.359138 5164.000000 0.300915 
0.358868 5173.000000 0.301439 
0.359557 5150.000000 0.300099 
0.358030 5201.000000 0.303071 
0.358509 5185.000000 0.302139 
0.358809 5175.000000 0.301556 
0.358270 5193.000000 0.302605 
0.360096 5132.000000 0.299050 
0.358838 5174.000000 0.301498 
0.360964 5103.000000 0.297360 
0.358330 5191.000000 0.302488 
0.359976 5136.000000 0.299283 
0.361712 5078.000000 0.295904 
0.360575 5116.000000 0.298118 
0.359258 5160.000000 0.300682 
0.360036 5134.000000 0.299167 
0.358270 5193.000000 0.302605 
0.361203 5095.000000 0.296894 
0.358928 5171.000000 0.301323 
0.359826 5141.000000 0.299575 
0.361593 5082.000000 0.296137 
0.358689 5179.000000 0.301789 
0.359078 5166.000000 0.301031 
0.361593 5082.000000 0.296137 
0.357940 5204.000000 0.303246 
0.358689 5179.000000 0.301789 
0.361353 5090.000000 0.296603 
0.360665 5113.000000 0.297943 
0.359078 5166.000000 0.301031 
0.358330 5191.000000 0.302488 
0.360665 5113.000000 0.297943 
0.361024 5101.000000 0.297244 
0.358599 5182.000000 0.301964 
0.361353 5090.000000 0.296603 
0.357791 5209.000000 0.303537 
0.356533 5251.000000 0.305984 
0.358599 5182.000000 0.301964 
0.360964 5103.000000 0.297360 
0.359198 5162.000000 0.300798 
0.358150 5197.000000 0.302838 
0.359198 5162.000000 0.300798 
0.360036 5134.000000 0.299167 
0.361024 5101.000000 0.297244 
0.359048 5167.000000 0.301090 
0.359707 5145.000000 0.299808 
0.358689 5179.000000 0.301789 
0.360036 5134.000000 0.299167 
0.362281 5059.000000 0.294796 
0.358150 5197.000000 0.302838 
0.359647 5147.000000 0.299924 
0.359946 5137.000000 0.299342 
0.359228 5161.000000 0.300740 
0.360275 5126.000000 0.298701 
0.357581 5216.000000 0.303945 
0.359916 5138.000000 0.299400 
0.361233 5094.000000 0.296836 
0.359647 5147.000000 0.299924 
0.361323 5091.000000 0.296661 
0.361173 5096.000000 0.296952 
0.358150 5197.000000 0.302838 
0.360874 5106.000000 0.297535 
0.359916 5138.000000 0.299400 
0.360964 5103.000000 0.297360 
0.357012 5235.000000 0.305052 
0.358629 5181.000000 0.301905 
0.359048 5167.000000 0.301090 
0.358988 5169.000000 0.301206 
0.358509 5185.000000 0.302139 
0.361084 5099.000000 0.297127 
0.359826 5141.000000 0.299575 
0.359347 5157.000000 0.300507 
0.358659 5180.000000 0.301847 
0.359407 5155.000000 0.300390 
0.362401 5055.000000 0.294563 
0.358270 5193.000000 0.302605 
0.358090 5199.000000 0.302954 
0.357551 5217.000000 0.304003 
0.358629 5181.000000 0.301905 
0.358779 5176.000000 0.301614 
0.360784 5109.000000 0.297710 
0.360754 5110.000000 0.297768 
0.363239 5027.000000 0.292932 
0.359347 5157.000000 0.300507 
0.360545 5117.000000 0.298176 
0.358389 5189.000000 0.302372 
0.359767 5143.000000 0.299691 
0.359018 5168.000000 0.301148 
0.359916 5138.000000 0.299400 
0.358479 5186.000000 0.302197 
0.358719 5178.000000 0.301731 
0.360006 5135.000000 0.299225 
0.360275 5126.000000 0.298701 
0.361263 5093.000000 0.296778 
0.359617 5148.000000 0.299983 
0.360156 5130.000000 0.298934 
0.359976 5136.000000 0.299283 
0.359946 5137.000000 0.299342 
0.357432 5221.000000 0.304236 
0.358719 5178.000000 0.301731 
0.357581 5216.000000 0.303945 
0.361173 5096.000000 0.296952 
0.359707 5145.000000 0.299808 
0.358300 5192.000000 0.302546 
0.358509 5185.000000 0.302139 
0.358868 5173.000000 0.301439 
0.356414 5255.000000 0.306218 
0.358958 5170.000000 0.301264 
0.358629 5181.000000 0.301905 
0.356923 5238.000000 0.305227 
0.360575 5116.000000 0.298118 
0.360515 5118.000000 0.298234 
0.358659 5180.000000 0.301847 
0.360605 5115.000000 0.298060 
0.360485 5119.000000 0.298293 
0.359617 5148.000000 0.299983 
0.359228 5161.000000 0.300740 
0.358838 5174.000000 0.301498 
0.361173 5096.000000 0.296952 
0.360485 5119.000000 0.298293 
0.361353 5090.000000 0.296603 
0.359138 5164.000000 0.300915 
0.361383 5089.000000 0.296544 
0.357970 5203.000000 0.303187 
0.358779 5176.000000 0.301614 
0.360455 5120.000000 0.298351 
0.361203 5095.000000 0.296894 
0.360006 5135.000000 0.299225 
0.355635 5281.000000 0.307733 
0.358599 5182.000000 0.301964 
0.360665 5113.000000 0.297943 
0.358090 5199.000000 0.302954 
0.360245 5127.000000 0.298759 
0.360036 5134.000000 0.299167 
0.358210 5195.000000 0.302721 
0.357551 5217.000000 0.304003 
0.359078 5166.000000 0.301031 
0.358539 5184.000000 0.302080 
0.360605 5115.000000 0.298060 
0.361293 5092.000000 0.296719 
0.359976 5136.000000 0.299283 
0.358240 5194.000000 0.302663 
0.362880 5039.000000 0.293631 
0.358898 5172.000000 0.301381 
0.357881 5206.000000 0.303362 
0.359767 5143.000000 0.299691 
0.360695 5112.000000 0.297885 
0.361263 5093.000000 0.296778 
0.359707 5145.000000 0.299808 
0.357402 5222.000000 0.304295 
0.359407 5155.000000 0.300390 
0.358779 5176.000000 0.301614 
0.358419 5188.000000 0.302313 
0.361263 5093.000000 0.296778 
0.359078 5166.000000 0.301031 
0.360814 5108.000000 0.297652 
0.359288 5159.000000 0.300624 
0.359916 5138.000000 0.299400 
0.360455 5120.000000 0.298351 
0.361263 5093.000000 0.296778 
0.358868 5173.000000 0.301439 
0.356264 5260.000000 0.306509 
0.360515 5118.000000 0.298234 
0.362401 5055.000000 0.294563 
0.359018 5168.000000 0.301148 
0.358569 5183.000000 0.302022 
0.359677 5146.000000 0.299866 
0.360994 5102.000000 0.297302 
0.358569 5183.000000 0.302022 
0.357791 5209.000000 0.303537 
0.357551 5217.000000 0.304003 
0.359377 5156.000000 0.300449 
0.362431 5054.000000 0.294505 
0.360096 5132.000000 0.299050 
0.359288 5159.000000 0.300624 
0.359767 5143.000000 0.299691 
0.360754 5110.000000 0.297768 
0.358419 5188.000000 0.302313 
0.360754 5110.000000 0.297768 
0.359078 5166.000000 0.301031 
0.358210 5195.000000 0.302721 
0.359347 5157.000000 0.300507 
0.358330 5191.000000 0.302488 
0.360485 5119.000000 0.298293 
0.361173 5096.000000 0.296952 
0.358419 5188.000000 0.302313 
0.360395 5122.000000 0.298467 
0.358150 5197.000000 0.302838 
0.360126 5131.000000 0.298992 
0.359407 5155.000000 0.300390 
0.357372 5223.000000 0.304353 
0.356504 5252.000000 0.306043 
0.359617 5148.000000 0.299983 
0.358868 5173.000000 0.301439 
0.361682 5079.000000 0.295962 
0.358988 5169.000000 0.301206 
0.358809 5175.000000 0.301556 
0.358000 5202.000000 0.303129 
0.356803 5242.000000 0.305460 
0.356982 5236.000000 0.305110 
0.359707 5145.000000 0.299808 
0.360964 5103.000000 0.297360 
0.359796 5142.000000 0.299633 
0.359497 5152.000000 0.300216 
0.358928 5171.000000 0.301323 
0.361443 5087.000000 0.296428 
0.356563 5250.000000 0.305926 
0.357432 5221.000000 0.304236 
0.361353 5090.000000 0.296603 
0.358509 5185.000000 0.302139 
0.359677 5146.000000 0.299866 
0.362101 5065.000000 0.295146 
0.361144 5097.000000 0.297011 
0.362042 5067.000000 0.295263 
0.359707 5145.000000 0.299808 
0.361742 5077.000000 0.295845 
0.358689 5179.000000 0.301789 
0.359587 5149.000000 0.300041 
0.360635 5114.000000 0.298001 
0.358779 5176.000000 0.301614 
0.360575 5116.000000 0.298118 
0.358330 5191.000000 0.302488 
0.358958 5170.000000 0.301264 
0.359168 5163.000000 0.300857 
0.360365 5123.000000 0.298526 
0.360275 5126.000000 0.298701 
0.357402 5222.000000 0.304295 
0.360096 5132.000000 0.299050 
0.358060 5200.000000 0.303013 
0.358030 5201.000000 0.303071 
0.359976 5136.000000 0.299283 
0.356833 5241.000000 0.305402 
0.359018 5168.000000 0.301148 
0.357731 5211.000000 0.303654 
0.360575 5116.000000 0.298118 
0.358419 5188.000000 0.302313 
0.358809 5175.000000 0.301556 
0.358958 5170.000000 0.301264 
0.358330 5191.000000 0.302488 
0.360156 5130.000000 0.298934 
0.358389 5189.000000 0.302372 
0.360635 5114.000000 0.298001 
0.360934 5104.000000 0.297419 
0.363209 5028.000000 0.292990 
0.357581 5216.000000 0.303945 
0.360844 5107.000000 0.297593 
0.359767 5143.000000 0.299691 
0.359587 5149.000000 0.300041 
0.360724 5111.000000 0.297826 
0.359976 5136.000000 0.299283 
0.359976 5136.000000 0.299283 
0.359796 5142.000000 0.299633 
0.356563 5250.000000 0.305926 
0.359078 5166.000000 0.301031 
0.358958 5170.000000 0.301264 
0.360335 5124.000000 0.298584 
0.358419 5188.000000 0.302313 
0.358270 5193.000000 0.302605 
0.360904 5105.000000 0.297477 
0.361173 5096.000000 0.296952 
0.361593 5082.000000 0.296137 
0.358539 5184.000000 0.302080 
0.359437 5154.000000 0.300332 
0.359138 5164.000000 0.300915 
0.358659 5180.000000 0.301847 
0.358629 5181.000000 0.301905 
0.359737 5144.000000 0.299749 
0.358719 5178.000000 0.301731 
0.359886 5139.000000 0.299458 
0.362042 5067.000000 0.295263 
0.358389 5189.000000 0.302372 
0.360006 5135.000000 0.299225 
0.357881 5206.000000 0.303362 
0.359377 5156.000000 0.300449 
0.361173 5096.000000 0.296952 
0.358300 5192.000000 0.302546 
0.360425 5121.000000 0.298409 
0.358270 5193.000000 0.302605 
0.359078 5166.000000 0.301031 
0.357940 5204.000000 0.303246 
0.359467 5153.000000 0.300274 
0.358779 5176.000000 0.301614 
0.359407 5155.000000 0.300390 
0.357072 5233.000000 0.304936 
0.360844 5107.000000 0.297593 
0.359347 5157.000000 0.300507 
0.360605 5115.000000 0.298060 
0.358629 5181.000000 0.301905 
0.362221 5061.000000 0.294913 
0.360006 5135.000000 0.299225 
0.361712 5078.000000 0.295904 
0.358419 5188.000000 0.302313 
0.357072 5233.000000 0.304936 
0.358090 5199.000000 0.302954 
0.358180 5196.000000 0.302780 
0.360305 5125.000000 0.298642 
0.361862 5073.000000 0.295612 
0.358060 5200.000000 0.303013 
0.359377 5156.000000 0.300449 
0.361084 5099.000000 0.297127 
0.357910 5205.000000 0.303304 
0.359647 5147.000000 0.299924 
0.359467 5153.000000 0.300274 
0.360216 5128.000000 0.298817 
0.359886 5139.000000 0.299458 
0.360724 5111.000000 0.297826 
0.358449 5187.000000 0.302255 
0.360635 5114.000000 0.298001 
0.360545 5117.000000 0.298176 
0.359347 5157.000000 0.300507 
0.356623 5248.000000 0.305810 
0.360335 5124.000000 0.298584 
0.359856 5140.000000 0.299516 
0.360186 5129.000000 0.298875 
0.361682 5079.000000 0.295962 
0.360605 5115.000000 0.298060 
0.358898 5172.000000 0.301381 
0.361682 5079.000000 0.295962 
0.358779 5176.000000 0.301614 
0.360485 5119.000000 0.298293 
0.360395 5122.000000 0.298467 
0.358958 5170.000000 0.301264 
0.359767 5143.000000 0.299691 
0.359796 5142.000000 0.299633 
0.360275 5126.000000 0.298701 
0.358719 5178.000000 0.301731 
0.360455 5120.000000 0.298351 
0.359796 5142.000000 0.299633 
0.358719 5178.000000 0.301731 
0.358330 5191.000000 0.302488 
0.360665 5113.000000 0.297943 
0.359228 5161.000000 0.300740 
0.358838 5174.000000 0.301498 
0.356953 5237.000000 0.305169 
0.363089 5032.000000 0.293223 
0.359497 5152.000000 0.300216 
0.360964 5103.000000 0.297360 
0.359916 5138.000000 0.299400 
0.359317 5158.000000 0.300565 
0.358569 5183.000000 0.302022 
0.357102 5232.000000 0.304877 
0.358300 5192.000000 0.302546 
0.359587 5149.000000 0.300041 
0.359258 5160.000000 0.300682 
0.358749 5177.000000 0.301672 
0.358240 5194.000000 0.302663 
0.359467 5153.000000 0.300274 
0.358659 5180.000000 0.301847 
0.358988 5169.000000 0.301206 
0.358150 5197.000000 0.302838 
0.359138 5164.000000 0.300915 
0.359587 5149.000000 0.300041 
0.359557 5150.000000 0.300099 
0.357432 5221.000000 0.304236 
0.359108 5165.000000 0.300973 
0.359168 5163.000000 0.300857 
0.359767 5143.000000 0.299691 
0.360724 5111.000000 0.297826 
0.357791 5209.000000 0.303537 
0.359317 5158.000000 0.300565 
0.359437 5154.000000 0.300332 
0.360305 5125.000000 0.298642 
0.357940 5204.000000 0.303246 
0.359826 5141.000000 0.299575 
0.359826 5141.000000 0.299575 
0.361982 5069.000000 0.295379 
0.360425 5121.000000 0.298409 
0.360365 5123.000000 0.298526 
0.359467 5153.000000 0.300274 
0.361802 5075.000000 0.295729 
0.359916 5138.000000 0.299400 
0.359198 5162.000000 0.300798 
0.358958 5170.000000 0.301264 
0.359437 5154.000000 0.300332 
0.358749 5177.000000 0.301672 
0.357940 5204.000000 0.303246 
0.359737 5144.000000 0.299749 
0.358419 5188.000000 0.302313 
0.359317 5158.000000 0.300565 
0.360455 5120.000000 0.298351 
0.361593 5082.000000 0.296137 
0.359976 5136.000000 0.299283 
0.361233 5094.000000 0.296836 
0.360275 5126.000000 0.298701 
0.360545 5117.000000 0.298176 
0.360186 5129.000000 0.298875 
0.359497 5152.000000 0.300216 
0.359317 5158.000000 0.300565 
0.359228 5161.000000 0.300740 
0.360156 5130.000000 0.298934 
0.361054 5100.000000 0.297185 
0.361473 5086.000000 0.296370 
0.360036 5134.000000 0.299167 
0.360365 5123.000000 0.298526 
0.360216 5128.000000 0.298817 
0.360066 5133.000000 0.299108 
0.356354 5257.000000 0.306334 
0.360515 5118.000000 0.298234 
0.360605 5115.000000 0.298060 
0.359467 5153.000000 0.300274 
0.359737 5144.000000 0.299749 
0.361503 5085.000000 0.296311 
0.360395 5122.000000 0.298467 
0.357282 5226.000000 0.304528 
0.359707 5145.000000 0.299808 
0.361533 5084.000000 0.296253 
0.361742 5077.000000 0.295845 
0.357881 5206.000000 0.303362 
0.360994 5102.000000 0.297302 
0.358180 5196.000000 0.302780 
0.358150 5197.000000 0.302838 
0.358838 5174.000000 0.301498 
0.361293 5092.000000 0.296719 
0.357791 5209.000000 0.303537 
0.360575 5116.000000 0.298118 
0.359527 5151.000000 0.300157 
0.358659 5180.000000 0.301847 
0.361084 5099.000000 0.297127 
0.360096 5132.000000 0.299050 
0.357731 5211.000000 0.303654 
0.360455 5120.000000 0.298351 
0.357671 5213.000000 0.303770 
0.357402 5222.000000 0.304295 
0.360126 5131.000000 0.298992 
0.359617 5148.000000 0.299983 
0.360305 5125.000000 0.298642 
0.360994 5102.000000 0.297302 
0.360335 5124.000000 0.298584 
0.359826 5141.000000 0.299575 
0.358210 5195.000000 0.302721 
0.357641 5214.000000 0.303828 
0.359587 5149.000000 0.300041 
0.359916 5138.000000 0.299400 
0.359497 5152.000000 0.300216 
0.360365 5123.000000 0.298526 
0.359198 5162.000000 0.300798 
0.360754 5110.000000 0.297768 
0.357910 5205.000000 0.303304 
0.359976 5136.000000 0.299283 
0.360126 5131.000000 0.298992 
0.362371 5056.000000 0.294622 
0.360006 5135.000000 0.299225 
0.359796 5142.000000 0.299633 
0.359976 5136.000000 0.299283 
0.360695 5112.000000 0.297885 
0.360874 5106.000000 0.297535 
0.359078 5166.000000 0.301031 
0.362760 5043.000000 0.293864 
0.361443 5087.000000 0.296428 
0.361144 5097.000000 0.297011 
0.360934 5104.000000 0.297419 
0.358779 5176.000000 0.301614 
0.360275 5126.000000 0.298701 
0.359647 5147.000000 0.299924 
0.358389 5189.000000 0.302372 
0.360335 5124.000000 0.298584 
0.361473 5086.000000 0.296370 
0.359886 5139.000000 0.299458 
0.358928 5171.000000 0.301323 
0.360216 5128.000000 0.298817 
0.358599 5182.000000 0.301964 
0.359617 5148.000000 0.299983 
0.360605 5115.000000 0.298060 
0.360036 5134.000000 0.299167 
0.360874 5106.000000 0.297535 
0.359737 5144.000000 0.299749 
0.360245 5127.000000 0.298759 
0.359407 5155.000000 0.300390 
0.360784 5109.000000 0.297710 
0.358569 5183.000000 0.302022 
0.358719 5178.000000 0.301731 
0.358569 5183.000000 0.302022 
0.360216 5128.000000 0.298817 
0.362341 5057.000000 0.294680 
0.358000 5202.000000 0.303129 
0.359168 5163.000000 0.300857 
0.360964 5103.000000 0.297360 
0.357252 5227.000000 0.304586 
0.360186 5129.000000 0.298875 
0.360575 5116.000000 0.298118 
0.360395 5122.000000 0.298467 
0.361114 5098.000000 0.297069 
0.362431 5054.000000 0.294505 
0.358749 5177.000000 0.301672 
0.359407 5155.000000 0.300390 
0.359347 5157.000000 0.300507 
0.360724 5111.000000 0.297826 
0.357671 5213.000000 0.303770 
0.360934 5104.000000 0.297419 
0.360635 5114.000000 0.298001 
0.359228 5161.000000 0.300740 
0.359377 5156.000000 0.300449 
0.359707 5145.000000 0.299808 
0.360305 5125.000000 0.298642 
0.358779 5176.000000 0.301614 
0.357252 5227.000000 0.304586 
0.360006 5135.000000 0.299225 
0.360395 5122.000000 0.298467 
0.360515 5118.000000 0.298234 
0.359258 5160.000000 0.300682 
0.359796 5142.000000 0.299633 
0.358809 5175.000000 0.301556 
0.359377 5156.000000 0.300449 
0.359407 5155.000000 0.300390 
0.359856 5140.000000 0.299516 
0.360724 5111.000000 0.297826 
0.358779 5176.000000 0.301614 
0.361144 5097.000000 0.297011 
0.361203 5095.000000 0.296894 
0.358210 5195.000000 0.302721 
0.358749 5177.000000 0.301672 
0.360844 5107.000000 0.297593 
0.360036 5134.000000 0.299167 
0.360485 5119.000000 0.298293 
0.360515 5118.000000 0.298234 
0.360874 5106.000000 0.297535 
0.359527 5151.000000 0.300157 
0.359288 5159.000000 0.300624 
0.361892 5072.000000 0.295554 
0.358838 5174.000000 0.301498 
0.359796 5142.000000 0.299633 
0.358449 5187.000000 0.302255 
0.359587 5149.000000 0.300041 
0.361144 5097.000000 0.297011 
0.360575 5116.000000 0.298118 
0.360934 5104.000000 0.297419 
0.360425 5121.000000 0.298409 
0.360216 5128.000000 0.298817 
0.357821 5208.000000 0.303479 
0.359886 5139.000000 0.299458 
0.359138 5164.000000 0.300915 
0.357910 5205.000000 0.303304 
0.357641 5214.000000 0.303828 
0.359976 5136.000000 0.299283 
0.358240 5194.000000 0.302663 
0.359407 5155.000000 0.300390 
0.359377 5156.000000 0.300449 
0.358449 5187.000000 0.302255 
0.359497 5152.000000 0.300216 
0.359617 5148.000000 0.299983 
0.360365 5123.000000 0.298526 
0.358928 5171.000000 0.301323 
0.359617 5148.000000 0.299983 
0.361353 5090.000000 0.296603 
0.357222 5228.000000 0.304644 
0.358749 5177.000000 0.301672 
0.359886 5139.000000 0.299458 
0.358868 5173.000000 0.301439 
0.360335 5124.000000 0.298584 
0.359228 5161.000000 0.300740 
0.360844 5107.000000 0.297593 
0.361443 5087.000000 0.296428 
0.361233 5094.000000 0.296836 
0.360575 5116.000000 0.298118 
0.359916 5138.000000 0.299400 
0.361293 5092.000000 0.296719 
0.356743 5244.000000 0.305577 
0.359228 5161.000000 0.300740 
0.360515 5118.000000 0.298234 
0.359377 5156.000000 0.300449 
0.358629 5181.000000 0.301905 
0.359796 5142.000000 0.299633 
0.360515 5118.000000 0.298234 
0.358479 5186.000000 0.302197 
0.360485 5119.000000 0.298293 
0.360036 5134.000000 0.299167 
0.361473 5086.000000 0.296370 
0.359856 5140.000000 0.299516 
0.358090 5199.000000 0.302954 
0.359617 5148.000000 0.299983 
0.359198 5162.000000 0.300798 
0.358270 5193.000000 0.302605 
0.358689 5179.000000 0.301789 
0.359347 5157.000000 0.300507 
0.359108 5165.000000 0.300973 
0.361563 5083.000000 0.296195 
0.358150 5197.000000 0.302838 
0.357731 5211.000000 0.303654 
0.361413 5088.000000 0.296486 
0.359258 5160.000000 0.300682 
0.359497 5152.000000 0.300216 
0.358779 5176.000000 0.301614 
0.358689 5179.000000 0.301789 
0.360724 5111.000000 0.297826 
0.361323 5091.000000 0.296661 
0.360635 5114.000000 0.298001 
0.358210 5195.000000 0.302721 
0.362131 5064.000000 0.295088 
0.358300 5192.000000 0.302546 
0.359826 5141.000000 0.299575 
0.361623 5081.000000 0.296078 
0.358689 5179.000000 0.301789 
0.360036 5134.000000 0.299167 
0.361802 5075.000000 0.295729 
0.360126 5131.000000 0.298992 
0.362401 5055.000000 0.294563 
0.359497 5152.000000 0.300216 
0.359437 5154.000000 0.300332 
0.360036 5134.000000 0.299167 
0.359677 5146.000000 0.299866 
0.360605 5115.000000 0.298060 
0.361952 5070.000000 0.295437 
0.360665 5113.000000 0.297943 
0.359048 5167.000000 0.301090 
0.358270 5193.000000 0.302605 
0.361024 5101.000000 0.297244 
0.359976 5136.000000 0.299283 
0.360485 5119.000000 0.298293 
0.360605 5115.000000 0.298060 
0.360784 5109.000000 0.297710 
0.359647 5147.000000 0.299924 
0.359886 5139.000000 0.299458 
0.360425 5121.000000 0.298409 
0.358838 5174.000000 0.301498 
0.359647 5147.000000 0.299924 
0.360335 5124.000000 0.298584 
0.358719 5178.000000 0.301731 
0.362042 5067.000000 0.295263 
0.361383 5089.000000 0.296544 
0.358539 5184.000000 0.302080 
0.359886 5139.000000 0.299458 
0.359407 5155.000000 0.300390 
0.358449 5187.000000 0.302255 
0.357132 5231.000000 0.304819 
0.360156 5130.000000 0.298934 
0.358539 5184.000000 0.302080 
0.360814 5108.000000 0.297652 
0.357342 5224.000000 0.304411 
0.359347 5157.000000 0.300507 
0.359587 5149.000000 0.300041 
0.361533 5084.000000 0.296253 
0.357581 5216.000000 0.303945 
0.359018 5168.000000 0.301148 
0.359587 5149.000000 0.300041 
0.358330 5191.000000 0.302488 
0.357761 5210.000000 0.303595 
0.360305 5125.000000 0.298642 
0.358330 5191.000000 0.302488 
0.360784 5109.000000 0.297710 
0.360066 5133.000000 0.299108 
0.360545 5117.000000 0.298176 
0.359617 5148.000000 0.299983 
0.360216 5128.000000 0.298817 
0.360485 5119.000000 0.298293 
0.358958 5170.000000 0.301264 
0.358988 5169.000000 0.301206 
0.358719 5178.000000 0.301731 
0.361503 5085.000000 0.296311 
0.358240 5194.000000 0.302663 
