0.463197 2903.000000 0.150251 
0.465369 2826.000000 0.146266 
0.463591 2889.000000 0.149526 
0.463704 2885.000000 0.149319 
0.463027 2909.000000 0.150562 
0.463704 2885.000000 0.149319 
0.465030 2838.000000 0.146887 
0.463225 2902.000000 0.150199 
0.464240 2866.000000 0.148336 
0.461983 2946.000000 0.152477 
0.463591 2889.000000 0.149526 
0.463281 2900.000000 0.150096 
0.461871 2950.000000 0.152684 
0.462265 2936.000000 0.151959 
0.461955 2947.000000 0.152528 
0.463648 2887.000000 0.149423 
0.462773 2918.000000 0.151027 
0.463958 2876.000000 0.148854 
0.462548 2926.000000 0.151441 
0.461504 2963.000000 0.153356 
0.462632 2923.000000 0.151286 
0.462914 2913.000000 0.150769 
0.463761 2883.000000 0.149216 
0.464297 2864.000000 0.148232 
0.461645 2958.000000 0.153098 
0.462209 2938.000000 0.152063 
0.462660 2922.000000 0.151234 
0.463902 2878.000000 0.148957 
0.464325 2863.000000 0.148181 
0.463676 2886.000000 0.149371 
0.463394 2896.000000 0.149889 
0.461701 2956.000000 0.152994 
0.463338 2898.000000 0.149992 
0.462632 2923.000000 0.151286 
0.463845 2880.000000 0.149061 
0.464015 2874.000000 0.148750 
0.463055 2908.000000 0.150510 
0.463902 2878.000000 0.148957 
0.462914 2913.000000 0.150769 
0.463817 2881.000000 0.149112 
0.464494 2857.000000 0.147870 
0.462604 2924.000000 0.151338 
0.461222 2973.000000 0.153874 
0.463479 2893.000000 0.149733 
0.463422 2895.000000 0.149837 
0.463253 2901.000000 0.150148 
0.463450 2894.000000 0.149785 
0.462209 2938.000000 0.152063 
0.464156 2869.000000 0.148491 
0.463422 2895.000000 0.149837 
0.462999 2910.000000 0.150613 
0.463789 2882.000000 0.149164 
0.464466 2858.000000 0.147922 
0.462830 2916.000000 0.150924 
0.464297 2864.000000 0.148232 
0.463338 2898.000000 0.149992 
0.463563 2890.000000 0.149578 
0.462717 2920.000000 0.151131 
0.463084 2907.000000 0.150458 
0.463874 2879.000000 0.149009 
0.463733 2884.000000 0.149268 
0.463733 2884.000000 0.149268 
0.461673 2957.000000 0.153046 
0.462294 2935.000000 0.151907 
0.464748 2848.000000 0.147404 
0.464974 2840.000000 0.146990 
0.462886 2914.000000 0.150820 
0.462745 2919.000000 0.151079 
0.461842 2951.000000 0.152735 
0.461588 2960.000000 0.153201 
0.463958 2876.000000 0.148854 
0.462886 2914.000000 0.150820 
0.462802 2917.000000 0.150976 
0.464128 2870.000000 0.148543 
0.461955 2947.000000 0.152528 
0.463168 2904.000000 0.150303 
0.464381 2861.000000 0.148077 
0.465002 2839.000000 0.146939 
0.463620 2888.000000 0.149475 
0.462943 2912.000000 0.150717 
0.464946 2841.000000 0.147042 
0.462999 2910.000000 0.150613 
0.464184 2868.000000 0.148440 
0.463055 2908.000000 0.150510 
0.461814 2952.000000 0.152787 
0.463084 2907.000000 0.150458 
0.462435 2930.000000 0.151648 
0.463055 2908.000000 0.150510 
0.462378 2932.000000 0.151752 
0.463986 2875.000000 0.148802 
0.463563 2890.000000 0.149578 
0.463394 2896.000000 0.149889 
0.463620 2888.000000 0.149475 
0.463958 2876.000000 0.148854 
0.462153 2940.000000 0.152166 
0.464015 2874.000000 0.148750 
0.463168 2904.000000 0.150303 
0.463479 2893.000000 0.149733 
0.463338 2898.000000 0.149992 
0.465087 2836.000000 0.146783 
0.461193 2974.000000 0.153926 
0.463733 2884.000000 0.149268 
0.462576 2925.000000 0.151390 
0.463789 2882.000000 0.149164 
0.462858 2915.000000 0.150872 
0.463197 2903.000000 0.150251 
0.462407 2931.000000 0.151700 
0.464833 2845.000000 0.147249 
0.462886 2914.000000 0.150820 
0.463479 2893.000000 0.149733 
0.461137 2976.000000 0.154029 
0.463761 2883.000000 0.149216 
0.464635 2852.000000 0.147611 
0.464212 2867.000000 0.148388 
0.463930 2877.000000 0.148905 
0.462943 2912.000000 0.150717 
0.462040 2944.000000 0.152373 
0.462604 2924.000000 0.151338 
0.463450 2894.000000 0.149785 
0.462943 2912.000000 0.150717 
0.463197 2903.000000 0.150251 
0.463591 2889.000000 0.149526 
0.463761 2883.000000 0.149216 
0.462830 2916.000000 0.150924 
0.463309 2899.000000 0.150044 
0.464381 2861.000000 0.148077 
0.463902 2878.000000 0.148957 
0.463817 2881.000000 0.149112 
0.463845 2880.000000 0.149061 
0.463338 2898.000000 0.149992 
0.463676 2886.000000 0.149371 
0.463789 2882.000000 0.149164 
0.463450 2894.000000 0.149785 
0.463422 2895.000000 0.149837 
0.464494 2857.000000 0.147870 
0.463225 2902.000000 0.150199 
0.463986 2875.000000 0.148802 
0.463084 2907.000000 0.150458 
0.461447 2965.000000 0.153460 
0.463704 2885.000000 0.149319 
0.463789 2882.000000 0.149164 
0.463422 2895.000000 0.149837 
0.463253 2901.000000 0.150148 
0.464128 2870.000000 0.148543 
0.463704 2885.000000 0.149319 
0.461560 2961.000000 0.153253 
0.462858 2915.000000 0.150872 
0.464522 2856.000000 0.147818 
0.463112 2906.000000 0.150406 
0.464043 2873.000000 0.148698 
0.462294 2935.000000 0.151907 
0.463027 2909.000000 0.150562 
0.461081 2978.000000 0.154133 
0.464240 2866.000000 0.148336 
0.464917 2842.000000 0.147094 
0.463366 2897.000000 0.149940 
0.463789 2882.000000 0.149164 
0.463309 2899.000000 0.150044 
0.462378 2932.000000 0.151752 
0.464099 2871.000000 0.148595 
0.463225 2902.000000 0.150199 
0.463281 2900.000000 0.150096 
0.462914 2913.000000 0.150769 
0.461786 2953.000000 0.152839 
0.461476 2964.000000 0.153408 
0.463676 2886.000000 0.149371 
0.464099 2871.000000 0.148595 
0.463366 2897.000000 0.149940 
0.465284 2829.000000 0.146421 
0.463676 2886.000000 0.149371 
0.464071 2872.000000 0.148647 
0.464551 2855.000000 0.147767 
0.465284 2829.000000 0.146421 
0.466018 2803.000000 0.145075 
0.462463 2929.000000 0.151597 
0.465792 2811.000000 0.145489 
0.463225 2902.000000 0.150199 
0.463450 2894.000000 0.149785 
0.463930 2877.000000 0.148905 
0.462378 2932.000000 0.151752 
0.461532 2962.000000 0.153305 
0.462491 2928.000000 0.151545 
0.464381 2861.000000 0.148077 
0.462012 2945.000000 0.152425 
0.463986 2875.000000 0.148802 
0.463535 2891.000000 0.149630 
0.464381 2861.000000 0.148077 
0.463112 2906.000000 0.150406 
0.461560 2961.000000 0.153253 
0.462999 2910.000000 0.150613 
0.462519 2927.000000 0.151493 
0.462519 2927.000000 0.151493 
0.465200 2832.000000 0.146576 
0.464917 2842.000000 0.147094 
0.463394 2896.000000 0.149889 
0.463450 2894.000000 0.149785 
0.463225 2902.000000 0.150199 
0.463112 2906.000000 0.150406 
0.463930 2877.000000 0.148905 
0.464297 2864.000000 0.148232 
0.463817 2881.000000 0.149112 
0.464015 2874.000000 0.148750 
0.462999 2910.000000 0.150613 
0.464297 2864.000000 0.148232 
0.463620 2888.000000 0.149475 
0.461814 2952.000000 0.152787 
0.463112 2906.000000 0.150406 
0.463422 2895.000000 0.149837 
0.463338 2898.000000 0.149992 
0.462999 2910.000000 0.150613 
0.462576 2925.000000 0.151390 
0.463789 2882.000000 0.149164 
0.462632 2923.000000 0.151286 
0.462096 2942.000000 0.152270 
0.462943 2912.000000 0.150717 
0.462745 2919.000000 0.151079 
0.462886 2914.000000 0.150820 
0.462886 2914.000000 0.150820 
0.462971 2911.000000 0.150665 
0.464889 2843.000000 0.147146 
0.463591 2889.000000 0.149526 
0.462181 2939.000000 0.152114 
0.460629 2994.000000 0.154961 
0.464184 2868.000000 0.148440 
0.462660 2922.000000 0.151234 
0.464128 2870.000000 0.148543 
0.463225 2902.000000 0.150199 
0.461645 2958.000000 0.153098 
0.463225 2902.000000 0.150199 
0.461306 2970.000000 0.153719 
0.462407 2931.000000 0.151700 
0.462717 2920.000000 0.151131 
0.463394 2896.000000 0.149889 
0.462350 2933.000000 0.151804 
0.462604 2924.000000 0.151338 
0.464353 2862.000000 0.148129 
0.463281 2900.000000 0.150096 
0.461673 2957.000000 0.153046 
0.464015 2874.000000 0.148750 
0.463535 2891.000000 0.149630 
0.464297 2864.000000 0.148232 
0.461673 2957.000000 0.153046 
0.463225 2902.000000 0.150199 
0.462971 2911.000000 0.150665 
0.462237 2937.000000 0.152011 
0.463958 2876.000000 0.148854 
0.463112 2906.000000 0.150406 
0.461476 2964.000000 0.153408 
0.465002 2839.000000 0.146939 
0.463535 2891.000000 0.149630 
0.463366 2897.000000 0.149940 
0.463620 2888.000000 0.149475 
0.463055 2908.000000 0.150510 
0.464833 2845.000000 0.147249 
0.464099 2871.000000 0.148595 
0.463958 2876.000000 0.148854 
0.463930 2877.000000 0.148905 
0.462350 2933.000000 0.151804 
0.462886 2914.000000 0.150820 
0.464494 2857.000000 0.147870 
0.462350 2933.000000 0.151804 
0.464015 2874.000000 0.148750 
0.462830 2916.000000 0.150924 
0.463168 2904.000000 0.150303 
0.462350 2933.000000 0.151804 
0.462153 2940.000000 0.152166 
0.463648 2887.000000 0.149423 
0.463112 2906.000000 0.150406 
0.463761 2883.000000 0.149216 
0.464043 2873.000000 0.148698 
0.462519 2927.000000 0.151493 
0.462519 2927.000000 0.151493 
0.464071 2872.000000 0.148647 
0.465341 2827.000000 0.146317 
0.464833 2845.000000 0.147249 
0.462745 2919.000000 0.151079 
0.463479 2893.000000 0.149733 
0.463450 2894.000000 0.149785 
0.464325 2863.000000 0.148181 
0.462209 2938.000000 0.152063 
0.463789 2882.000000 0.149164 
0.463281 2900.000000 0.150096 
0.464635 2852.000000 0.147611 
0.462153 2940.000000 0.152166 
0.462096 2942.000000 0.152270 
0.463874 2879.000000 0.149009 
0.462632 2923.000000 0.151286 
0.462378 2932.000000 0.151752 
0.464099 2871.000000 0.148595 
0.463027 2909.000000 0.150562 
0.463366 2897.000000 0.149940 
0.462548 2926.000000 0.151441 
0.462237 2937.000000 0.152011 
0.464438 2859.000000 0.147974 
0.462886 2914.000000 0.150820 
0.463225 2902.000000 0.150199 
0.462265 2936.000000 0.151959 
0.465002 2839.000000 0.146939 
0.462153 2940.000000 0.152166 
0.461927 2948.000000 0.152580 
0.462463 2929.000000 0.151597 
0.465284 2829.000000 0.146421 
0.463704 2885.000000 0.149319 
0.462745 2919.000000 0.151079 
0.462096 2942.000000 0.152270 
0.463507 2892.000000 0.149682 
0.462237 2937.000000 0.152011 
0.462689 2921.000000 0.151183 
0.462773 2918.000000 0.151027 
0.463084 2907.000000 0.150458 
0.462491 2928.000000 0.151545 
0.463704 2885.000000 0.149319 
0.464410 2860.000000 0.148025 
0.464579 2854.000000 0.147715 
0.463055 2908.000000 0.150510 
0.463338 2898.000000 0.149992 
0.462378 2932.000000 0.151752 
0.462999 2910.000000 0.150613 
0.464240 2866.000000 0.148336 
0.462604 2924.000000 0.151338 
0.463168 2904.000000 0.150303 
0.463253 2901.000000 0.150148 
0.463338 2898.000000 0.149992 
0.463761 2883.000000 0.149216 
0.464805 2846.000000 0.147301 
0.461758 2954.000000 0.152891 
0.460883 2985.000000 0.154495 
0.464128 2870.000000 0.148543 
0.463281 2900.000000 0.150096 
0.464805 2846.000000 0.147301 
0.463845 2880.000000 0.149061 
0.463197 2903.000000 0.150251 
0.462604 2924.000000 0.151338 
0.463930 2877.000000 0.148905 
0.463366 2897.000000 0.149940 
0.465087 2836.000000 0.146783 
0.461193 2974.000000 0.153926 
0.463563 2890.000000 0.149578 
0.462519 2927.000000 0.151493 
0.463817 2881.000000 0.149112 
0.462689 2921.000000 0.151183 
0.463507 2892.000000 0.149682 
0.463563 2890.000000 0.149578 
0.463733 2884.000000 0.149268 
0.463112 2906.000000 0.150406 
0.462971 2911.000000 0.150665 
0.463168 2904.000000 0.150303 
0.461419 2966.000000 0.153512 
0.464917 2842.000000 0.147094 
0.462717 2920.000000 0.151131 
0.463338 2898.000000 0.149992 
0.463055 2908.000000 0.150510 
0.462830 2916.000000 0.150924 
0.464635 2852.000000 0.147611 
0.464692 2850.000000 0.147508 
0.463309 2899.000000 0.150044 
0.464071 2872.000000 0.148647 
0.464325 2863.000000 0.148181 
0.464212 2867.000000 0.148388 
0.461983 2946.000000 0.152477 
0.462689 2921.000000 0.151183 
0.463620 2888.000000 0.149475 
0.462773 2918.000000 0.151027 
0.463112 2906.000000 0.150406 
0.464748 2848.000000 0.147404 
0.462999 2910.000000 0.150613 
0.463958 2876.000000 0.148854 
0.463648 2887.000000 0.149423 
0.462519 2927.000000 0.151493 
0.463479 2893.000000 0.149733 
0.464805 2846.000000 0.147301 
0.462491 2928.000000 0.151545 
0.463986 2875.000000 0.148802 
0.462689 2921.000000 0.151183 
0.464212 2867.000000 0.148388 
0.462350 2933.000000 0.151804 
0.463733 2884.000000 0.149268 
0.463874 2879.000000 0.149009 
0.462830 2916.000000 0.150924 
0.462858 2915.000000 0.150872 
0.462999 2910.000000 0.150613 
0.463930 2877.000000 0.148905 
0.464353 2862.000000 0.148129 
0.462745 2919.000000 0.151079 
0.464128 2870.000000 0.148543 
0.463733 2884.000000 0.149268 
0.463704 2885.000000 0.149319 
0.466018 2803.000000 0.145075 
0.464805 2846.000000 0.147301 
0.465848 2809.000000 0.145386 
0.462407 2931.000000 0.151700 
0.464438 2859.000000 0.147974 
0.464861 2844.000000 0.147197 
0.463761 2883.000000 0.149216 
0.462096 2942.000000 0.152270 
0.463535 2891.000000 0.149630 
0.464607 2853.000000 0.147663 
0.463761 2883.000000 0.149216 
0.463648 2887.000000 0.149423 
0.464720 2849.000000 0.147456 
0.462632 2923.000000 0.151286 
0.463450 2894.000000 0.149785 
0.463281 2900.000000 0.150096 
0.463422 2895.000000 0.149837 
0.462999 2910.000000 0.150613 
0.463902 2878.000000 0.148957 
0.463168 2904.000000 0.150303 
0.463733 2884.000000 0.149268 
0.461137 2976.000000 0.154029 
0.462858 2915.000000 0.150872 
0.463027 2909.000000 0.150562 
0.462491 2928.000000 0.151545 
0.463112 2906.000000 0.150406 
0.463845 2880.000000 0.149061 
0.464635 2852.000000 0.147611 
0.463986 2875.000000 0.148802 
0.463874 2879.000000 0.149009 
0.462491 2928.000000 0.151545 
0.463930 2877.000000 0.148905 
0.462717 2920.000000 0.151131 
0.463902 2878.000000 0.148957 
0.465933 2806.000000 0.145231 
0.464410 2860.000000 0.148025 
0.465595 2818.000000 0.145852 
0.462407 2931.000000 0.151700 
0.464099 2871.000000 0.148595 
0.462689 2921.000000 0.151183 
0.463761 2883.000000 0.149216 
0.463761 2883.000000 0.149216 
0.462576 2925.000000 0.151390 
0.464410 2860.000000 0.148025 
0.464015 2874.000000 0.148750 
0.463140 2905.000000 0.150355 
0.462604 2924.000000 0.151338 
0.462576 2925.000000 0.151390 
0.461109 2977.000000 0.154081 
0.461560 2961.000000 0.153253 
0.463535 2891.000000 0.149630 
0.462604 2924.000000 0.151338 
0.462886 2914.000000 0.150820 
0.461052 2979.000000 0.154185 
0.461983 2946.000000 0.152477 
0.463366 2897.000000 0.149940 
0.463253 2901.000000 0.150148 
0.462858 2915.000000 0.150872 
0.462999 2910.000000 0.150613 
0.464551 2855.000000 0.147767 
0.464015 2874.000000 0.148750 
0.463479 2893.000000 0.149733 
0.463789 2882.000000 0.149164 
0.462604 2924.000000 0.151338 
0.463253 2901.000000 0.150148 
0.463140 2905.000000 0.150355 
0.462830 2916.000000 0.150924 
0.463986 2875.000000 0.148802 
0.464381 2861.000000 0.148077 
0.463338 2898.000000 0.149992 
0.462745 2919.000000 0.151079 
0.463902 2878.000000 0.148957 
0.461842 2951.000000 0.152735 
0.463902 2878.000000 0.148957 
0.463027 2909.000000 0.150562 
0.462858 2915.000000 0.150872 
0.462181 2939.000000 0.152114 
0.464466 2858.000000 0.147922 
0.463281 2900.000000 0.150096 
0.460911 2984.000000 0.154443 
0.463422 2895.000000 0.149837 
0.462604 2924.000000 0.151338 
0.463225 2902.000000 0.150199 
0.464297 2864.000000 0.148232 
0.464579 2854.000000 0.147715 
0.462322 2934.000000 0.151855 
0.464805 2846.000000 0.147301 
0.462181 2939.000000 0.152114 
0.462576 2925.000000 0.151390 
0.463112 2906.000000 0.150406 
0.462124 2941.000000 0.152218 
0.463422 2895.000000 0.149837 
0.463648 2887.000000 0.149423 
0.462689 2921.000000 0.151183 
0.463027 2909.000000 0.150562 
0.462237 2937.000000 0.152011 
0.463507 2892.000000 0.149682 
0.462632 2923.000000 0.151286 
0.462322 2934.000000 0.151855 
0.464353 2862.000000 0.148129 
0.463704 2885.000000 0.149319 
0.464748 2848.000000 0.147404 
0.463168 2904.000000 0.150303 
0.464776 2847.000000 0.147353 
0.462717 2920.000000 0.151131 
0.463450 2894.000000 0.149785 
0.462604 2924.000000 0.151338 
0.464043 2873.000000 0.148698 
0.463027 2909.000000 0.150562 
0.462068 2943.000000 0.152321 
0.464353 2862.000000 0.148129 
0.462689 2921.000000 0.151183 
0.464297 2864.000000 0.148232 
0.463591 2889.000000 0.149526 
0.464522 2856.000000 0.147818 
0.464043 2873.000000 0.148698 
0.464946 2841.000000 0.147042 
0.463027 2909.000000 0.150562 
0.462604 2924.000000 0.151338 
0.465312 2828.000000 0.146369 
0.464099 2871.000000 0.148595 
0.464071 2872.000000 0.148647 
0.462068 2943.000000 0.152321 
0.463422 2895.000000 0.149837 
0.463874 2879.000000 0.149009 
0.463986 2875.000000 0.148802 
0.462886 2914.000000 0.150820 
0.462632 2923.000000 0.151286 
0.461363 2968.000000 0.153615 
0.463450 2894.000000 0.149785 
0.462407 2931.000000 0.151700 
0.463591 2889.000000 0.149526 
0.462830 2916.000000 0.150924 
0.464184 2868.000000 0.148440 
0.463704 2885.000000 0.149319 
0.463338 2898.000000 0.149992 
0.463648 2887.000000 0.149423 
0.464522 2856.000000 0.147818 
0.461758 2954.000000 0.152891 
0.464720 2849.000000 0.147456 
0.461955 2947.000000 0.152528 
0.463507 2892.000000 0.149682 
0.465030 2838.000000 0.146887 
0.462971 2911.000000 0.150665 
0.462519 2927.000000 0.151493 
0.463507 2892.000000 0.149682 
0.462858 2915.000000 0.150872 
0.460770 2989.000000 0.154702 
0.462660 2922.000000 0.151234 
0.463084 2907.000000 0.150458 
0.464466 2858.000000 0.147922 
0.462717 2920.000000 0.151131 
0.461871 2950.000000 0.152684 
0.464015 2874.000000 0.148750 
0.462548 2926.000000 0.151441 
0.461419 2966.000000 0.153512 
0.464353 2862.000000 0.148129 
0.462519 2927.000000 0.151493 
0.463168 2904.000000 0.150303 
0.463902 2878.000000 0.148957 
0.463902 2878.000000 0.148957 
0.462153 2940.000000 0.152166 
0.463563 2890.000000 0.149578 
0.462717 2920.000000 0.151131 
0.463168 2904.000000 0.150303 
0.461560 2961.000000 0.153253 
0.463027 2909.000000 0.150562 
0.463902 2878.000000 0.148957 
0.462886 2914.000000 0.150820 
0.465030 2838.000000 0.146887 
0.462745 2919.000000 0.151079 
0.462689 2921.000000 0.151183 
0.462491 2928.000000 0.151545 
0.463817 2881.000000 0.149112 
0.463704 2885.000000 0.149319 
0.465482 2822.000000 0.146059 
0.463648 2887.000000 0.149423 
0.464551 2855.000000 0.147767 
0.463338 2898.000000 0.149992 
0.464325 2863.000000 0.148181 
0.463450 2894.000000 0.149785 
0.464776 2847.000000 0.147353 
0.463422 2895.000000 0.149837 
0.463394 2896.000000 0.149889 
0.462660 2922.000000 0.151234 
0.463168 2904.000000 0.150303 
0.462378 2932.000000 0.151752 
0.461983 2946.000000 0.152477 
0.461729 2955.000000 0.152942 
0.461983 2946.000000 0.152477 
0.464917 2842.000000 0.147094 
0.464015 2874.000000 0.148750 
0.463112 2906.000000 0.150406 
0.462435 2930.000000 0.151648 
0.463197 2903.000000 0.150251 
0.462717 2920.000000 0.151131 
0.463281 2900.000000 0.150096 
0.463422 2895.000000 0.149837 
0.463084 2907.000000 0.150458 
0.463563 2890.000000 0.149578 
0.463450 2894.000000 0.149785 
0.464438 2859.000000 0.147974 
0.462237 2937.000000 0.152011 
0.462068 2943.000000 0.152321 
0.463366 2897.000000 0.149940 
0.463084 2907.000000 0.150458 
0.462914 2913.000000 0.150769 
0.463958 2876.000000 0.148854 
0.464551 2855.000000 0.147767 
0.463789 2882.000000 0.149164 
0.463874 2879.000000 0.149009 
0.462943 2912.000000 0.150717 
0.463225 2902.000000 0.150199 
0.461927 2948.000000 0.152580 
0.462096 2942.000000 0.152270 
0.462971 2911.000000 0.150665 
0.462519 2927.000000 0.151493 
0.463902 2878.000000 0.148957 
0.464043 2873.000000 0.148698 
0.464071 2872.000000 0.148647 
0.464522 2856.000000 0.147818 
0.464043 2873.000000 0.148698 
0.465115 2835.000000 0.146732 
0.463817 2881.000000 0.149112 
0.464240 2866.000000 0.148336 
0.463563 2890.000000 0.149578 
0.462858 2915.000000 0.150872 
0.463930 2877.000000 0.148905 
0.463930 2877.000000 0.148905 
0.463930 2877.000000 0.148905 
0.464184 2868.000000 0.148440 
0.463479 2893.000000 0.149733 
0.465482 2822.000000 0.146059 
0.463620 2888.000000 0.149475 
0.462943 2912.000000 0.150717 
0.460968 2982.000000 0.154340 
0.464353 2862.000000 0.148129 
0.463507 2892.000000 0.149682 
0.462717 2920.000000 0.151131 
0.463563 2890.000000 0.149578 
0.462886 2914.000000 0.150820 
0.461617 2959.000000 0.153149 
0.462265 2936.000000 0.151959 
0.463817 2881.000000 0.149112 
0.462914 2913.000000 0.150769 
0.463535 2891.000000 0.149630 
0.462265 2936.000000 0.151959 
0.463281 2900.000000 0.150096 
0.464353 2862.000000 0.148129 
0.460460 3000.000000 0.155271 
0.463704 2885.000000 0.149319 
0.461871 2950.000000 0.152684 
0.462660 2922.000000 0.151234 
0.463676 2886.000000 0.149371 
0.463309 2899.000000 0.150044 
0.463958 2876.000000 0.148854 
0.461927 2948.000000 0.152580 
0.464635 2852.000000 0.147611 
0.462548 2926.000000 0.151441 
0.463338 2898.000000 0.149992 
0.464438 2859.000000 0.147974 
0.463027 2909.000000 0.150562 
0.463338 2898.000000 0.149992 
0.462660 2922.000000 0.151234 
0.464128 2870.000000 0.148543 
0.462999 2910.000000 0.150613 
0.464099 2871.000000 0.148595 
0.464381 2861.000000 0.148077 
0.462491 2928.000000 0.151545 
0.462689 2921.000000 0.151183 
0.462830 2916.000000 0.150924 
0.465002 2839.000000 0.146939 
0.463930 2877.000000 0.148905 
0.463507 2892.000000 0.149682 
0.462914 2913.000000 0.150769 
0.463591 2889.000000 0.149526 
0.463761 2883.000000 0.149216 
0.463112 2906.000000 0.150406 
0.462435 2930.000000 0.151648 
0.463620 2888.000000 0.149475 
0.463874 2879.000000 0.149009 
0.464607 2853.000000 0.147663 
0.463986 2875.000000 0.148802 
0.463338 2898.000000 0.149992 
0.463281 2900.000000 0.150096 
0.463394 2896.000000 0.149889 
0.462435 2930.000000 0.151648 
0.461927 2948.000000 0.152580 
0.463563 2890.000000 0.149578 
0.463168 2904.000000 0.150303 
0.463845 2880.000000 0.149061 
0.463874 2879.000000 0.149009 
0.462181 2939.000000 0.152114 
0.463704 2885.000000 0.149319 
0.463338 2898.000000 0.149992 
0.463055 2908.000000 0.150510 
0.462632 2923.000000 0.151286 
0.461278 2971.000000 0.153771 
0.463225 2902.000000 0.150199 
0.462265 2936.000000 0.151959 
0.465171 2833.000000 0.146628 
0.462576 2925.000000 0.151390 
0.464269 2865.000000 0.148284 
0.465115 2835.000000 0.146732 
0.463761 2883.000000 0.149216 
0.462096 2942.000000 0.152270 
0.463986 2875.000000 0.148802 
0.463648 2887.000000 0.149423 
0.464776 2847.000000 0.147353 
0.462858 2915.000000 0.150872 
0.465933 2806.000000 0.145231 
0.464438 2859.000000 0.147974 
0.463027 2909.000000 0.150562 
0.465200 2832.000000 0.146576 
0.464015 2874.000000 0.148750 
0.463817 2881.000000 0.149112 
0.463902 2878.000000 0.148957 
0.461617 2959.000000 0.153149 
0.462407 2931.000000 0.151700 
0.463055 2908.000000 0.150510 
0.464156 2869.000000 0.148491 
0.462519 2927.000000 0.151493 
0.463676 2886.000000 0.149371 
0.462886 2914.000000 0.150820 
0.465256 2830.000000 0.146473 
0.463112 2906.000000 0.150406 
0.461871 2950.000000 0.152684 
0.464325 2863.000000 0.148181 
0.461645 2958.000000 0.153098 
0.463225 2902.000000 0.150199 
0.462830 2916.000000 0.150924 
0.464212 2867.000000 0.148388 
0.462943 2912.000000 0.150717 
0.462265 2936.000000 0.151959 
0.462689 2921.000000 0.151183 
0.463027 2909.000000 0.150562 
0.464015 2874.000000 0.148750 
0.464381 2861.000000 0.148077 
0.463563 2890.000000 0.149578 
0.462632 2923.000000 0.151286 
0.461617 2959.000000 0.153149 
0.463958 2876.000000 0.148854 
0.464212 2867.000000 0.148388 
0.463366 2897.000000 0.149940 
0.462943 2912.000000 0.150717 
0.462773 2918.000000 0.151027 
0.461729 2955.000000 0.152942 
0.464776 2847.000000 0.147353 
0.463197 2903.000000 0.150251 
0.463874 2879.000000 0.149009 
0.463845 2880.000000 0.149061 
0.463591 2889.000000 0.149526 
0.464043 2873.000000 0.148698 
0.463422 2895.000000 0.149837 
0.461758 2954.000000 0.152891 
0.464353 2862.000000 0.148129 
0.463591 2889.000000 0.149526 
0.462463 2929.000000 0.151597 
0.462181 2939.000000 0.152114 
0.464664 2851.000000 0.147560 
0.461363 2968.000000 0.153615 
0.464522 2856.000000 0.147818 
0.464353 2862.000000 0.148129 
0.465369 2826.000000 0.146266 
0.463366 2897.000000 0.149940 
0.463563 2890.000000 0.149578 
0.463789 2882.000000 0.149164 
0.464889 2843.000000 0.147146 
0.463761 2883.000000 0.149216 
0.463535 2891.000000 0.149630 
0.462181 2939.000000 0.152114 
0.464494 2857.000000 0.147870 
0.463648 2887.000000 0.149423 
0.463704 2885.000000 0.149319 
0.463817 2881.000000 0.149112 
0.464269 2865.000000 0.148284 
0.464776 2847.000000 0.147353 
0.461786 2953.000000 0.152839 
0.463563 2890.000000 0.149578 
0.461871 2950.000000 0.152684 
0.462745 2919.000000 0.151079 
0.464466 2858.000000 0.147922 
0.462632 2923.000000 0.151286 
0.463197 2903.000000 0.150251 
0.464805 2846.000000 0.147301 
0.464776 2847.000000 0.147353 
0.463535 2891.000000 0.149630 
0.464184 2868.000000 0.148440 
0.464522 2856.000000 0.147818 
0.463535 2891.000000 0.149630 
0.464466 2858.000000 0.147922 
0.464043 2873.000000 0.148698 
0.463789 2882.000000 0.149164 
0.464184 2868.000000 0.148440 
0.465030 2838.000000 0.146887 
0.462943 2912.000000 0.150717 
0.463027 2909.000000 0.150562 
0.463535 2891.000000 0.149630 
0.462124 2941.000000 0.152218 
0.463902 2878.000000 0.148957 
0.462576 2925.000000 0.151390 
0.462858 2915.000000 0.150872 
0.462096 2942.000000 0.152270 
0.464635 2852.000000 0.147611 
0.462576 2925.000000 0.151390 
0.463027 2909.000000 0.150562 
0.464946 2841.000000 0.147042 
0.463958 2876.000000 0.148854 
0.464212 2867.000000 0.148388 
0.464889 2843.000000 0.147146 
0.461842 2951.000000 0.152735 
0.463225 2902.000000 0.150199 
0.462519 2927.000000 0.151493 
0.463733 2884.000000 0.149268 
0.460883 2985.000000 0.154495 
0.463027 2909.000000 0.150562 
0.462830 2916.000000 0.150924 
0.461955 2947.000000 0.152528 
0.463225 2902.000000 0.150199 
0.462943 2912.000000 0.150717 
0.463902 2878.000000 0.148957 
0.463591 2889.000000 0.149526 
0.464410 2860.000000 0.148025 
0.462886 2914.000000 0.150820 
0.463055 2908.000000 0.150510 
0.463450 2894.000000 0.149785 
0.462886 2914.000000 0.150820 
0.466667 2780.000000 0.143885 
0.464071 2872.000000 0.148647 
0.463648 2887.000000 0.149423 
0.463253 2901.000000 0.150148 
0.462886 2914.000000 0.150820 
0.462209 2938.000000 0.152063 
0.463366 2897.000000 0.149940 
0.461137 2976.000000 0.154029 
0.462350 2933.000000 0.151804 
0.463958 2876.000000 0.148854 
0.462914 2913.000000 0.150769 
0.462858 2915.000000 0.150872 
0.462378 2932.000000 0.151752 
0.464212 2867.000000 0.148388 
0.463197 2903.000000 0.150251 
0.462745 2919.000000 0.151079 
0.464099 2871.000000 0.148595 
0.464494 2857.000000 0.147870 
0.462604 2924.000000 0.151338 
0.464325 2863.000000 0.148181 
0.462802 2917.000000 0.150976 
0.464381 2861.000000 0.148077 
0.462943 2912.000000 0.150717 
0.463450 2894.000000 0.149785 
0.463817 2881.000000 0.149112 
0.461391 2967.000000 0.153563 
0.462858 2915.000000 0.150872 
0.463422 2895.000000 0.149837 
0.464494 2857.000000 0.147870 
0.463761 2883.000000 0.149216 
0.462153 2940.000000 0.152166 
0.463986 2875.000000 0.148802 
0.462378 2932.000000 0.151752 
0.462491 2928.000000 0.151545 
0.462068 2943.000000 0.152321 
0.463789 2882.000000 0.149164 
0.464099 2871.000000 0.148595 
0.463309 2899.000000 0.150044 
0.464156 2869.000000 0.148491 
0.462548 2926.000000 0.151441 
0.463902 2878.000000 0.148957 
0.464015 2874.000000 0.148750 
0.465002 2839.000000 0.146939 
0.462294 2935.000000 0.151907 
0.463084 2907.000000 0.150458 
0.463648 2887.000000 0.149423 
0.461983 2946.000000 0.152477 
0.463450 2894.000000 0.149785 
0.463789 2882.000000 0.149164 
0.463648 2887.000000 0.149423 
0.464071 2872.000000 0.148647 
0.463902 2878.000000 0.148957 
0.462068 2943.000000 0.152321 
0.464607 2853.000000 0.147663 
0.462689 2921.000000 0.151183 
0.462153 2940.000000 0.152166 
0.463422 2895.000000 0.149837 
0.463902 2878.000000 0.148957 
0.463084 2907.000000 0.150458 
0.463704 2885.000000 0.149319 
0.463168 2904.000000 0.150303 
0.463704 2885.000000 0.149319 
0.462576 2925.000000 0.151390 
0.463112 2906.000000 0.150406 
0.462773 2918.000000 0.151027 
0.461983 2946.000000 0.152477 
0.462604 2924.000000 0.151338 
0.461222 2973.000000 0.153874 
0.463225 2902.000000 0.150199 
0.462153 2940.000000 0.152166 
0.463563 2890.000000 0.149578 
0.463394 2896.000000 0.149889 
0.462096 2942.000000 0.152270 
0.463704 2885.000000 0.149319 
0.464635 2852.000000 0.147611 
0.463197 2903.000000 0.150251 
0.463591 2889.000000 0.149526 
0.463084 2907.000000 0.150458 
0.464776 2847.000000 0.147353 
0.463309 2899.000000 0.150044 
0.464466 2858.000000 0.147922 
0.465115 2835.000000 0.146732 
0.463366 2897.000000 0.149940 
0.462519 2927.000000 0.151493 
0.464438 2859.000000 0.147974 
0.463591 2889.000000 0.149526 
0.464269 2865.000000 0.148284 
0.462124 2941.000000 0.152218 
0.463197 2903.000000 0.150251 
0.461842 2951.000000 0.152735 
0.463648 2887.000000 0.149423 
0.462265 2936.000000 0.151959 
0.463789 2882.000000 0.149164 
0.463620 2888.000000 0.149475 
0.461588 2960.000000 0.153201 
0.462576 2925.000000 0.151390 
0.462124 2941.000000 0.152218 
0.463591 2889.000000 0.149526 
0.463761 2883.000000 0.149216 
0.463027 2909.000000 0.150562 
0.462435 2930.000000 0.151648 
0.462914 2913.000000 0.150769 
0.464607 2853.000000 0.147663 
0.464974 2840.000000 0.146990 
0.463197 2903.000000 0.150251 
0.463704 2885.000000 0.149319 
0.463168 2904.000000 0.150303 
0.463535 2891.000000 0.149630 
0.463055 2908.000000 0.150510 
0.463253 2901.000000 0.150148 
0.461955 2947.000000 0.152528 
0.463591 2889.000000 0.149526 
0.465538 2820.000000 0.145955 
0.462407 2931.000000 0.151700 
0.462999 2910.000000 0.150613 
0.462209 2938.000000 0.152063 
0.461899 2949.000000 0.152632 
0.463225 2902.000000 0.150199 
0.465030 2838.000000 0.146887 
0.462886 2914.000000 0.150820 
0.463422 2895.000000 0.149837 
0.462068 2943.000000 0.152321 
0.463676 2886.000000 0.149371 
0.464946 2841.000000 0.147042 
0.462745 2919.000000 0.151079 
0.462519 2927.000000 0.151493 
0.464664 2851.000000 0.147560 
0.461786 2953.000000 0.152839 
0.464833 2845.000000 0.147249 
0.463338 2898.000000 0.149992 
0.463817 2881.000000 0.149112 
0.462943 2912.000000 0.150717 
0.463902 2878.000000 0.148957 
0.463761 2883.000000 0.149216 
0.461786 2953.000000 0.152839 
0.462632 2923.000000 0.151286 
0.462294 2935.000000 0.151907 
0.463281 2900.000000 0.150096 
0.463986 2875.000000 0.148802 
0.463817 2881.000000 0.149112 
0.462830 2916.000000 0.150924 
0.464974 2840.000000 0.146990 
0.462971 2911.000000 0.150665 
0.462294 2935.000000 0.151907 
0.465143 2834.000000 0.146680 
0.463253 2901.000000 0.150148 
0.464128 2870.000000 0.148543 
0.464269 2865.000000 0.148284 
0.463450 2894.000000 0.149785 
0.462914 2913.000000 0.150769 
0.462773 2918.000000 0.151027 
0.464269 2865.000000 0.148284 
0.463422 2895.000000 0.149837 
0.461927 2948.000000 0.152580 
0.462491 2928.000000 0.151545 
0.462463 2929.000000 0.151597 
0.462265 2936.000000 0.151959 
0.463253 2901.000000 0.150148 
0.463958 2876.000000 0.148854 
0.464776 2847.000000 0.147353 
0.463507 2892.000000 0.149682 
0.463112 2906.000000 0.150406 
0.462435 2930.000000 0.151648 
0.463789 2882.000000 0.149164 
0.462717 2920.000000 0.151131 
0.463563 2890.000000 0.149578 
0.462068 2943.000000 0.152321 
0.461871 2950.000000 0.152684 
0.461871 2950.000000 0.152684 
0.463620 2888.000000 0.149475 
0.462773 2918.000000 0.151027 
0.463648 2887.000000 0.149423 
0.463422 2895.000000 0.149837 
0.464015 2874.000000 0.148750 
0.463338 2898.000000 0.149992 
0.463620 2888.000000 0.149475 
0.464071 2872.000000 0.148647 
0.463845 2880.000000 0.149061 
0.462886 2914.000000 0.150820 
0.462689 2921.000000 0.151183 
0.462096 2942.000000 0.152270 
0.461899 2949.000000 0.152632 
0.463253 2901.000000 0.150148 
0.462604 2924.000000 0.151338 
0.464551 2855.000000 0.147767 
0.461927 2948.000000 0.152580 
0.463168 2904.000000 0.150303 
0.465538 2820.000000 0.145955 
0.461504 2963.000000 0.153356 
0.463338 2898.000000 0.149992 
0.463874 2879.000000 0.149009 
0.463845 2880.000000 0.149061 
0.462265 2936.000000 0.151959 
0.464861 2844.000000 0.147197 
0.464128 2870.000000 0.148543 
0.464353 2862.000000 0.148129 
0.462745 2919.000000 0.151079 
0.462548 2926.000000 0.151441 
0.464466 2858.000000 0.147922 
0.463197 2903.000000 0.150251 
0.463761 2883.000000 0.149216 
0.463253 2901.000000 0.150148 
0.461081 2978.000000 0.154133 
0.462999 2910.000000 0.150613 
0.462604 2924.000000 0.151338 
0.464156 2869.000000 0.148491 
0.464522 2856.000000 0.147818 
0.463112 2906.000000 0.150406 
0.463084 2907.000000 0.150458 
0.462350 2933.000000 0.151804 
0.465002 2839.000000 0.146939 
0.462632 2923.000000 0.151286 
0.462773 2918.000000 0.151027 
0.463535 2891.000000 0.149630 
0.465510 2821.000000 0.146007 
0.463366 2897.000000 0.149940 
0.462858 2915.000000 0.150872 
0.463733 2884.000000 0.149268 
0.463112 2906.000000 0.150406 
0.464664 2851.000000 0.147560 
0.461504 2963.000000 0.153356 
0.462914 2913.000000 0.150769 
0.463422 2895.000000 0.149837 
0.464325 2863.000000 0.148181 
0.463112 2906.000000 0.150406 
0.464043 2873.000000 0.148698 
0.463817 2881.000000 0.149112 
0.463789 2882.000000 0.149164 
0.463789 2882.000000 0.149164 
0.463422 2895.000000 0.149837 
0.462689 2921.000000 0.151183 
0.464128 2870.000000 0.148543 
0.463281 2900.000000 0.150096 
0.463676 2886.000000 0.149371 
0.464128 2870.000000 0.148543 
0.462689 2921.000000 0.151183 
0.462858 2915.000000 0.150872 
0.462604 2924.000000 0.151338 
0.464579 2854.000000 0.147715 
0.463366 2897.000000 0.149940 
0.463874 2879.000000 0.149009 
0.462378 2932.000000 0.151752 
0.464381 2861.000000 0.148077 
0.462632 2923.000000 0.151286 
0.463507 2892.000000 0.149682 
0.463986 2875.000000 0.148802 
0.462491 2928.000000 0.151545 
0.462886 2914.000000 0.150820 
0.462971 2911.000000 0.150665 
0.465707 2814.000000 0.145645 
0.463168 2904.000000 0.150303 
0.461814 2952.000000 0.152787 
0.465990 2804.000000 0.145127 
0.463112 2906.000000 0.150406 
0.461645 2958.000000 0.153098 
0.461673 2957.000000 0.153046 
0.463055 2908.000000 0.150510 
0.463817 2881.000000 0.149112 
0.462830 2916.000000 0.150924 
0.462294 2935.000000 0.151907 
0.462914 2913.000000 0.150769 
0.464269 2865.000000 0.148284 
0.463733 2884.000000 0.149268 
0.463507 2892.000000 0.149682 
0.462914 2913.000000 0.150769 
0.464325 2863.000000 0.148181 
0.461871 2950.000000 0.152684 
0.463930 2877.000000 0.148905 
0.463535 2891.000000 0.149630 
0.462943 2912.000000 0.150717 
0.461871 2950.000000 0.152684 
0.462943 2912.000000 0.150717 
0.462914 2913.000000 0.150769 
0.463112 2906.000000 0.150406 
0.463309 2899.000000 0.150044 
0.463140 2905.000000 0.150355 
0.465454 2823.000000 0.146110 
0.463394 2896.000000 0.149889 
0.465228 2831.000000 0.146525 
0.462717 2920.000000 0.151131 
0.462858 2915.000000 0.150872 
0.464889 2843.000000 0.147146 
0.463676 2886.000000 0.149371 
0.463676 2886.000000 0.149371 
0.463620 2888.000000 0.149475 
0.464071 2872.000000 0.148647 
0.463845 2880.000000 0.149061 
0.462265 2936.000000 0.151959 
0.463845 2880.000000 0.149061 
0.462914 2913.000000 0.150769 
0.462435 2930.000000 0.151648 
0.464410 2860.000000 0.148025 
0.462632 2923.000000 0.151286 
0.462153 2940.000000 0.152166 
0.462745 2919.000000 0.151079 
0.463027 2909.000000 0.150562 
0.462830 2916.000000 0.150924 
0.462463 2929.000000 0.151597 
0.464015 2874.000000 0.148750 
0.464015 2874.000000 0.148750 
0.463845 2880.000000 0.149061 
0.463168 2904.000000 0.150303 
0.464381 2861.000000 0.148077 
0.462660 2922.000000 0.151234 
0.465030 2838.000000 0.146887 
0.465651 2816.000000 0.145748 
0.462096 2942.000000 0.152270 
0.463676 2886.000000 0.149371 
0.464043 2873.000000 0.148698 
0.464353 2862.000000 0.148129 
0.463704 2885.000000 0.149319 
0.462999 2910.000000 0.150613 
0.461758 2954.000000 0.152891 
0.461560 2961.000000 0.153253 
0.463253 2901.000000 0.150148 
0.463591 2889.000000 0.149526 
0.463225 2902.000000 0.150199 
0.465312 2828.000000 0.146369 
0.462378 2932.000000 0.151752 
0.463027 2909.000000 0.150562 
0.464438 2859.000000 0.147974 
0.463817 2881.000000 0.149112 
0.463620 2888.000000 0.149475 
0.463027 2909.000000 0.150562 
0.462773 2918.000000 0.151027 
0.463281 2900.000000 0.150096 
0.463253 2901.000000 0.150148 
0.465312 2828.000000 0.146369 
0.463874 2879.000000 0.149009 
0.462999 2910.000000 0.150613 
0.463338 2898.000000 0.149992 
0.462745 2919.000000 0.151079 
0.462463 2929.000000 0.151597 
0.462830 2916.000000 0.150924 
0.463507 2892.000000 0.149682 
0.462830 2916.000000 0.150924 
0.462068 2943.000000 0.152321 
0.462040 2944.000000 0.152373 
0.462153 2940.000000 0.152166 
0.462717 2920.000000 0.151131 
0.463055 2908.000000 0.150510 
0.463845 2880.000000 0.149061 
0.464015 2874.000000 0.148750 
0.463140 2905.000000 0.150355 
0.463563 2890.000000 0.149578 
0.464099 2871.000000 0.148595 
0.462519 2927.000000 0.151493 
0.463591 2889.000000 0.149526 
0.465623 2817.000000 0.145800 
0.462745 2919.000000 0.151079 
0.463930 2877.000000 0.148905 
0.464861 2844.000000 0.147197 
0.464664 2851.000000 0.147560 
0.464889 2843.000000 0.147146 
0.465877 2808.000000 0.145334 
0.463422 2895.000000 0.149837 
0.463366 2897.000000 0.149940 
0.463055 2908.000000 0.150510 
0.463225 2902.000000 0.150199 
0.464946 2841.000000 0.147042 
0.462689 2921.000000 0.151183 
0.463563 2890.000000 0.149578 
0.462660 2922.000000 0.151234 
0.463676 2886.000000 0.149371 
0.462322 2934.000000 0.151855 
0.462519 2927.000000 0.151493 
0.462294 2935.000000 0.151907 
0.462519 2927.000000 0.151493 
0.463197 2903.000000 0.150251 
0.463394 2896.000000 0.149889 
0.464269 2865.000000 0.148284 
0.462971 2911.000000 0.150665 
0.463845 2880.000000 0.149061 
0.462773 2918.000000 0.151027 
0.461447 2965.000000 0.153460 
0.461814 2952.000000 0.152787 
0.462717 2920.000000 0.151131 
0.464269 2865.000000 0.148284 
0.461306 2970.000000 0.153719 
0.463620 2888.000000 0.149475 
0.461842 2951.000000 0.152735 
0.462068 2943.000000 0.152321 
0.462350 2933.000000 0.151804 
0.464438 2859.000000 0.147974 
0.463845 2880.000000 0.149061 
0.462745 2919.000000 0.151079 
0.464522 2856.000000 0.147818 
0.462350 2933.000000 0.151804 
0.463817 2881.000000 0.149112 
0.464015 2874.000000 0.148750 
0.462096 2942.000000 0.152270 
0.462378 2932.000000 0.151752 
0.464410 2860.000000 0.148025 
0.463620 2888.000000 0.149475 
0.462773 2918.000000 0.151027 
0.463281 2900.000000 0.150096 
0.461814 2952.000000 0.152787 
0.461532 2962.000000 0.153305 
0.463620 2888.000000 0.149475 
0.461419 2966.000000 0.153512 
0.461758 2954.000000 0.152891 
0.461927 2948.000000 0.152580 
0.464946 2841.000000 0.147042 
0.463986 2875.000000 0.148802 
0.462491 2928.000000 0.151545 
0.464522 2856.000000 0.147818 
0.463084 2907.000000 0.150458 
0.463281 2900.000000 0.150096 
0.462378 2932.000000 0.151752 
0.464861 2844.000000 0.147197 
0.464522 2856.000000 0.147818 
0.463761 2883.000000 0.149216 
0.464635 2852.000000 0.147611 
0.463789 2882.000000 0.149164 
0.463338 2898.000000 0.149992 
0.461842 2951.000000 0.152735 
0.463958 2876.000000 0.148854 
0.463253 2901.000000 0.150148 
0.462463 2929.000000 0.151597 
0.463253 2901.000000 0.150148 
0.463817 2881.000000 0.149112 
0.463084 2907.000000 0.150458 
0.463817 2881.000000 0.149112 
0.461899 2949.000000 0.152632 
0.464551 2855.000000 0.147767 
0.463112 2906.000000 0.150406 
0.463507 2892.000000 0.149682 
0.464946 2841.000000 0.147042 
0.463394 2896.000000 0.149889 
0.462096 2942.000000 0.152270 
0.462407 2931.000000 0.151700 
0.462576 2925.000000 0.151390 
0.463422 2895.000000 0.149837 
0.463168 2904.000000 0.150303 
0.464297 2864.000000 0.148232 
0.464297 2864.000000 0.148232 
0.462294 2935.000000 0.151907 
0.464861 2844.000000 0.147197 
0.461955 2947.000000 0.152528 
0.463055 2908.000000 0.150510 
0.463874 2879.000000 0.149009 
0.464212 2867.000000 0.148388 
0.464381 2861.000000 0.148077 
0.463366 2897.000000 0.149940 
0.461871 2950.000000 0.152684 
0.463338 2898.000000 0.149992 
0.464381 2861.000000 0.148077 
0.462914 2913.000000 0.150769 
0.461363 2968.000000 0.153615 
0.462294 2935.000000 0.151907 
0.462773 2918.000000 0.151027 
0.463027 2909.000000 0.150562 
0.463930 2877.000000 0.148905 
0.464776 2847.000000 0.147353 
0.463140 2905.000000 0.150355 
0.464071 2872.000000 0.148647 
0.463479 2893.000000 0.149733 
0.463140 2905.000000 0.150355 
0.464353 2862.000000 0.148129 
0.464353 2862.000000 0.148129 
0.462717 2920.000000 0.151131 
0.464381 2861.000000 0.148077 
0.463958 2876.000000 0.148854 
0.463620 2888.000000 0.149475 
0.461701 2956.000000 0.152994 
0.464720 2849.000000 0.147456 
0.462519 2927.000000 0.151493 
0.463140 2905.000000 0.150355 
0.463704 2885.000000 0.149319 
0.463394 2896.000000 0.149889 
0.462604 2924.000000 0.151338 
0.462012 2945.000000 0.152425 
0.463902 2878.000000 0.148957 
0.463676 2886.000000 0.149371 
0.463789 2882.000000 0.149164 
0.462999 2910.000000 0.150613 
0.462294 2935.000000 0.151907 
0.463789 2882.000000 0.149164 
0.463733 2884.000000 0.149268 
0.463281 2900.000000 0.150096 
0.463958 2876.000000 0.148854 
0.464946 2841.000000 0.147042 
0.461927 2948.000000 0.152580 
0.465228 2831.000000 0.146525 
0.462322 2934.000000 0.151855 
0.463394 2896.000000 0.149889 
0.463084 2907.000000 0.150458 
0.464212 2867.000000 0.148388 
0.464974 2840.000000 0.146990 
0.463958 2876.000000 0.148854 
0.462548 2926.000000 0.151441 
0.463450 2894.000000 0.149785 
0.464184 2868.000000 0.148440 
0.463422 2895.000000 0.149837 
0.462294 2935.000000 0.151907 
0.462491 2928.000000 0.151545 
0.463197 2903.000000 0.150251 
0.462153 2940.000000 0.152166 
0.464974 2840.000000 0.146990 
0.465312 2828.000000 0.146369 
0.462914 2913.000000 0.150769 
0.463535 2891.000000 0.149630 
0.463902 2878.000000 0.148957 
0.462491 2928.000000 0.151545 
0.463620 2888.000000 0.149475 
0.462519 2927.000000 0.151493 
0.463648 2887.000000 0.149423 
0.462689 2921.000000 0.151183 
0.464212 2867.000000 0.148388 
0.462407 2931.000000 0.151700 
0.465369 2826.000000 0.146266 
0.463507 2892.000000 0.149682 
0.463112 2906.000000 0.150406 
0.463648 2887.000000 0.149423 
0.464297 2864.000000 0.148232 
0.463958 2876.000000 0.148854 
0.463168 2904.000000 0.150303 
0.463450 2894.000000 0.149785 
0.462773 2918.000000 0.151027 
0.464071 2872.000000 0.148647 
0.462660 2922.000000 0.151234 
0.463281 2900.000000 0.150096 
0.462886 2914.000000 0.150820 
0.463253 2901.000000 0.150148 
0.463676 2886.000000 0.149371 
0.464128 2870.000000 0.148543 
0.464071 2872.000000 0.148647 
0.463704 2885.000000 0.149319 
0.463874 2879.000000 0.149009 
0.462294 2935.000000 0.151907 
0.461081 2978.000000 0.154133 
0.462660 2922.000000 0.151234 
0.463958 2876.000000 0.148854 
0.463084 2907.000000 0.150458 
0.462491 2928.000000 0.151545 
0.464043 2873.000000 0.148698 
0.463479 2893.000000 0.149733 
0.462237 2937.000000 0.152011 
0.463253 2901.000000 0.150148 
0.463902 2878.000000 0.148957 
0.462548 2926.000000 0.151441 
0.463197 2903.000000 0.150251 
0.462407 2931.000000 0.151700 
0.464720 2849.000000 0.147456 
0.463648 2887.000000 0.149423 
0.463845 2880.000000 0.149061 
0.463140 2905.000000 0.150355 
0.464240 2866.000000 0.148336 
0.463535 2891.000000 0.149630 
0.463084 2907.000000 0.150458 
0.463253 2901.000000 0.150148 
0.463422 2895.000000 0.149837 
0.464551 2855.000000 0.147767 
0.463789 2882.000000 0.149164 
0.462971 2911.000000 0.150665 
0.463253 2901.000000 0.150148 
0.461786 2953.000000 0.152839 
0.462886 2914.000000 0.150820 
0.463817 2881.000000 0.149112 
0.462096 2942.000000 0.152270 
0.462773 2918.000000 0.151027 
0.462802 2917.000000 0.150976 
0.463845 2880.000000 0.149061 
0.463902 2878.000000 0.148957 
0.463225 2902.000000 0.150199 
0.463986 2875.000000 0.148802 
0.464410 2860.000000 0.148025 
0.461758 2954.000000 0.152891 
0.462548 2926.000000 0.151441 
0.463761 2883.000000 0.149216 
0.461137 2976.000000 0.154029 
0.462463 2929.000000 0.151597 
0.463874 2879.000000 0.149009 
0.464128 2870.000000 0.148543 
0.462576 2925.000000 0.151390 
0.462378 2932.000000 0.151752 
0.462773 2918.000000 0.151027 
0.464240 2866.000000 0.148336 
0.463394 2896.000000 0.149889 
0.463676 2886.000000 0.149371 
0.462914 2913.000000 0.150769 
0.465059 2837.000000 0.146835 
0.461983 2946.000000 0.152477 
0.464353 2862.000000 0.148129 
0.462745 2919.000000 0.151079 
0.462717 2920.000000 0.151131 
0.461842 2951.000000 0.152735 
0.464889 2843.000000 0.147146 
0.463140 2905.000000 0.150355 
0.461814 2952.000000 0.152787 
0.462802 2917.000000 0.150976 
0.463817 2881.000000 0.149112 
0.465623 2817.000000 0.145800 
0.462660 2922.000000 0.151234 
0.461617 2959.000000 0.153149 
0.462660 2922.000000 0.151234 
0.463845 2880.000000 0.149061 
0.464889 2843.000000 0.147146 
0.462745 2919.000000 0.151079 
0.463281 2900.000000 0.150096 
0.462096 2942.000000 0.152270 
0.464297 2864.000000 0.148232 
0.464833 2845.000000 0.147249 
0.463479 2893.000000 0.149733 
0.463450 2894.000000 0.149785 
0.464128 2870.000000 0.148543 
0.463958 2876.000000 0.148854 
0.463479 2893.000000 0.149733 
0.464240 2866.000000 0.148336 
0.464297 2864.000000 0.148232 
0.463197 2903.000000 0.150251 
0.462435 2930.000000 0.151648 
0.462858 2915.000000 0.150872 
0.464381 2861.000000 0.148077 
0.461842 2951.000000 0.152735 
0.463902 2878.000000 0.148957 
0.464325 2863.000000 0.148181 
0.461899 2949.000000 0.152632 
0.464494 2857.000000 0.147870 
0.463309 2899.000000 0.150044 
0.462519 2927.000000 0.151493 
0.462237 2937.000000 0.152011 
0.464269 2865.000000 0.148284 
0.464466 2858.000000 0.147922 
0.462632 2923.000000 0.151286 
0.462491 2928.000000 0.151545 
0.463648 2887.000000 0.149423 
0.464889 2843.000000 0.147146 
0.464156 2869.000000 0.148491 
0.464297 2864.000000 0.148232 
0.464099 2871.000000 0.148595 
0.463591 2889.000000 0.149526 
0.463366 2897.000000 0.149940 
0.464579 2854.000000 0.147715 
0.463704 2885.000000 0.149319 
0.465707 2814.000000 0.145645 
0.462999 2910.000000 0.150613 
0.462943 2912.000000 0.150717 
0.462773 2918.000000 0.151027 
0.463309 2899.000000 0.150044 
0.464099 2871.000000 0.148595 
0.463055 2908.000000 0.150510 
0.462604 2924.000000 0.151338 
0.463648 2887.000000 0.149423 
0.463225 2902.000000 0.150199 
0.464917 2842.000000 0.147094 
0.465538 2820.000000 0.145955 
0.463112 2906.000000 0.150406 
0.462999 2910.000000 0.150613 
0.464494 2857.000000 0.147870 
0.462971 2911.000000 0.150665 
0.462604 2924.000000 0.151338 
0.464522 2856.000000 0.147818 
0.464494 2857.000000 0.147870 
0.463140 2905.000000 0.150355 
0.463281 2900.000000 0.150096 
0.462914 2913.000000 0.150769 
0.463507 2892.000000 0.149682 
0.463591 2889.000000 0.149526 
0.463704 2885.000000 0.149319 
0.462435 2930.000000 0.151648 
0.463281 2900.000000 0.150096 
0.461814 2952.000000 0.152787 
0.464015 2874.000000 0.148750 
0.464353 2862.000000 0.148129 
0.459642 3029.000000 0.156772 
0.462914 2913.000000 0.150769 
0.463027 2909.000000 0.150562 
0.461983 2946.000000 0.152477 
0.464212 2867.000000 0.148388 
0.463676 2886.000000 0.149371 
0.463676 2886.000000 0.149371 
0.463958 2876.000000 0.148854 
0.463676 2886.000000 0.149371 
0.463902 2878.000000 0.148957 
0.464099 2871.000000 0.148595 
0.463591 2889.000000 0.149526 
0.462689 2921.000000 0.151183 
0.464269 2865.000000 0.148284 
0.464212 2867.000000 0.148388 
0.464212 2867.000000 0.148388 
0.463761 2883.000000 0.149216 
0.462491 2928.000000 0.151545 
0.463620 2888.000000 0.149475 
0.463761 2883.000000 0.149216 
0.463394 2896.000000 0.149889 
0.463789 2882.000000 0.149164 
0.462802 2917.000000 0.150976 
0.462830 2916.000000 0.150924 
0.463620 2888.000000 0.149475 
0.462604 2924.000000 0.151338 
0.463338 2898.000000 0.149992 
0.464410 2860.000000 0.148025 
0.463930 2877.000000 0.148905 
0.464184 2868.000000 0.148440 
0.463902 2878.000000 0.148957 
0.463761 2883.000000 0.149216 
0.463197 2903.000000 0.150251 
0.463366 2897.000000 0.149940 
0.463535 2891.000000 0.149630 
0.461899 2949.000000 0.152632 
0.464861 2844.000000 0.147197 
0.463225 2902.000000 0.150199 
0.463140 2905.000000 0.150355 
0.464099 2871.000000 0.148595 
0.463591 2889.000000 0.149526 
0.464353 2862.000000 0.148129 
0.462350 2933.000000 0.151804 
0.462999 2910.000000 0.150613 
0.462350 2933.000000 0.151804 
0.462773 2918.000000 0.151027 
0.463309 2899.000000 0.150044 
0.463817 2881.000000 0.149112 
0.466102 2800.000000 0.144920 
0.463422 2895.000000 0.149837 
0.464635 2852.000000 0.147611 
0.465030 2838.000000 0.146887 
0.463591 2889.000000 0.149526 
0.463761 2883.000000 0.149216 
0.462435 2930.000000 0.151648 
0.462237 2937.000000 0.152011 
0.463112 2906.000000 0.150406 
0.465454 2823.000000 0.146110 
0.461899 2949.000000 0.152632 
0.463930 2877.000000 0.148905 
0.463309 2899.000000 0.150044 
0.463140 2905.000000 0.150355 
0.463676 2886.000000 0.149371 
0.463535 2891.000000 0.149630 
0.464917 2842.000000 0.147094 
0.462124 2941.000000 0.152218 
0.463450 2894.000000 0.149785 
0.463789 2882.000000 0.149164 
0.464043 2873.000000 0.148698 
0.463817 2881.000000 0.149112 
0.464184 2868.000000 0.148440 
0.464240 2866.000000 0.148336 
0.464974 2840.000000 0.146990 
0.462435 2930.000000 0.151648 
0.461786 2953.000000 0.152839 
0.461786 2953.000000 0.152839 
0.463253 2901.000000 0.150148 
0.462632 2923.000000 0.151286 
0.463084 2907.000000 0.150458 
0.463422 2895.000000 0.149837 
0.462999 2910.000000 0.150613 
0.462943 2912.000000 0.150717 
0.463084 2907.000000 0.150458 
0.462773 2918.000000 0.151027 
0.463620 2888.000000 0.149475 
0.462548 2926.000000 0.151441 
0.463648 2887.000000 0.149423 
0.461447 2965.000000 0.153460 
0.462463 2929.000000 0.151597 
0.464128 2870.000000 0.148543 
0.464635 2852.000000 0.147611 
0.463253 2901.000000 0.150148 
0.463422 2895.000000 0.149837 
0.465425 2824.000000 0.146162 
0.463112 2906.000000 0.150406 
0.463253 2901.000000 0.150148 
0.462632 2923.000000 0.151286 
0.463676 2886.000000 0.149371 
0.463591 2889.000000 0.149526 
0.463789 2882.000000 0.149164 
0.463620 2888.000000 0.149475 
0.463027 2909.000000 0.150562 
0.463281 2900.000000 0.150096 
0.462914 2913.000000 0.150769 
0.464946 2841.000000 0.147042 
0.463422 2895.000000 0.149837 
0.464015 2874.000000 0.148750 
0.464240 2866.000000 0.148336 
0.463845 2880.000000 0.149061 
0.465002 2839.000000 0.146939 
0.463620 2888.000000 0.149475 
0.463027 2909.000000 0.150562 
0.463225 2902.000000 0.150199 
0.461899 2949.000000 0.152632 
0.462773 2918.000000 0.151027 
0.463874 2879.000000 0.149009 
0.464438 2859.000000 0.147974 
0.463055 2908.000000 0.150510 
0.460742 2990.000000 0.154754 
0.462294 2935.000000 0.151907 
0.463422 2895.000000 0.149837 
0.463055 2908.000000 0.150510 
0.464776 2847.000000 0.147353 
0.463704 2885.000000 0.149319 
0.463620 2888.000000 0.149475 
0.462012 2945.000000 0.152425 
0.462943 2912.000000 0.150717 
0.462745 2919.000000 0.151079 
0.464128 2870.000000 0.148543 
0.465087 2836.000000 0.146783 
0.463902 2878.000000 0.148957 
0.462181 2939.000000 0.152114 
0.463450 2894.000000 0.149785 
0.463055 2908.000000 0.150510 
0.463648 2887.000000 0.149423 
0.462265 2936.000000 0.151959 
0.461673 2957.000000 0.153046 
0.464325 2863.000000 0.148181 
0.464071 2872.000000 0.148647 
0.465002 2839.000000 0.146939 
0.463253 2901.000000 0.150148 
0.462660 2922.000000 0.151234 
0.464156 2869.000000 0.148491 
0.463902 2878.000000 0.148957 
0.463084 2907.000000 0.150458 
0.462153 2940.000000 0.152166 
0.463986 2875.000000 0.148802 
0.463761 2883.000000 0.149216 
0.464099 2871.000000 0.148595 
0.462943 2912.000000 0.150717 
0.463394 2896.000000 0.149889 
0.463563 2890.000000 0.149578 
0.463225 2902.000000 0.150199 
0.463507 2892.000000 0.149682 
0.464551 2855.000000 0.147767 
0.462463 2929.000000 0.151597 
0.464607 2853.000000 0.147663 
0.463366 2897.000000 0.149940 
0.464099 2871.000000 0.148595 
0.463084 2907.000000 0.150458 
0.463281 2900.000000 0.150096 
0.463450 2894.000000 0.149785 
0.464212 2867.000000 0.148388 
0.465961 2805.000000 0.145179 
0.462717 2920.000000 0.151131 
0.462717 2920.000000 0.151131 
0.463761 2883.000000 0.149216 
0.463140 2905.000000 0.150355 
0.463450 2894.000000 0.149785 
0.461842 2951.000000 0.152735 
0.461871 2950.000000 0.152684 
0.463733 2884.000000 0.149268 
0.465510 2821.000000 0.146007 
0.462660 2922.000000 0.151234 
0.463676 2886.000000 0.149371 
0.462491 2928.000000 0.151545 
0.463084 2907.000000 0.150458 
0.463676 2886.000000 0.149371 
0.464946 2841.000000 0.147042 
0.464269 2865.000000 0.148284 
0.463281 2900.000000 0.150096 
0.464748 2848.000000 0.147404 
0.463225 2902.000000 0.150199 
0.463620 2888.000000 0.149475 
0.464297 2864.000000 0.148232 
0.462294 2935.000000 0.151907 
0.463140 2905.000000 0.150355 
0.461560 2961.000000 0.153253 
0.463930 2877.000000 0.148905 
0.463338 2898.000000 0.149992 
0.463591 2889.000000 0.149526 
0.462943 2912.000000 0.150717 
0.462632 2923.000000 0.151286 
0.462576 2925.000000 0.151390 
0.462971 2911.000000 0.150665 
0.464325 2863.000000 0.148181 
0.464128 2870.000000 0.148543 
0.463535 2891.000000 0.149630 
0.463450 2894.000000 0.149785 
0.462802 2917.000000 0.150976 
0.463084 2907.000000 0.150458 
0.463140 2905.000000 0.150355 
0.461955 2947.000000 0.152528 
0.462717 2920.000000 0.151131 
0.463394 2896.000000 0.149889 
0.463112 2906.000000 0.150406 
0.462265 2936.000000 0.151959 
0.464297 2864.000000 0.148232 
0.462999 2910.000000 0.150613 
0.461588 2960.000000 0.153201 
0.461927 2948.000000 0.152580 
0.464579 2854.000000 0.147715 
0.463535 2891.000000 0.149630 
0.463394 2896.000000 0.149889 
0.463986 2875.000000 0.148802 
0.461673 2957.000000 0.153046 
0.463620 2888.000000 0.149475 
0.462717 2920.000000 0.151131 
0.462773 2918.000000 0.151027 
0.463507 2892.000000 0.149682 
0.462237 2937.000000 0.152011 
0.464325 2863.000000 0.148181 
0.463140 2905.000000 0.150355 
0.462237 2937.000000 0.152011 
0.464184 2868.000000 0.148440 
0.462463 2929.000000 0.151597 
0.462660 2922.000000 0.151234 
0.463535 2891.000000 0.149630 
0.462773 2918.000000 0.151027 
0.463055 2908.000000 0.150510 
0.462689 2921.000000 0.151183 
0.463281 2900.000000 0.150096 
0.462999 2910.000000 0.150613 
0.465256 2830.000000 0.146473 
0.464833 2845.000000 0.147249 
0.465510 2821.000000 0.146007 
0.463197 2903.000000 0.150251 
0.462576 2925.000000 0.151390 
0.462294 2935.000000 0.151907 
0.463112 2906.000000 0.150406 
0.461701 2956.000000 0.152994 
0.461842 2951.000000 0.152735 
0.463507 2892.000000 0.149682 
0.463309 2899.000000 0.150044 
0.463084 2907.000000 0.150458 
0.464240 2866.000000 0.148336 
0.462660 2922.000000 0.151234 
0.464184 2868.000000 0.148440 
0.465087 2836.000000 0.146783 
0.464128 2870.000000 0.148543 
0.465482 2822.000000 0.146059 
0.464635 2852.000000 0.147611 
0.464071 2872.000000 0.148647 
0.463084 2907.000000 0.150458 
0.462943 2912.000000 0.150717 
0.464043 2873.000000 0.148698 
0.463817 2881.000000 0.149112 
0.463253 2901.000000 0.150148 
0.466018 2803.000000 0.145075 
0.462096 2942.000000 0.152270 
0.464381 2861.000000 0.148077 
0.465115 2835.000000 0.146732 
0.462124 2941.000000 0.152218 
0.463874 2879.000000 0.149009 
0.462407 2931.000000 0.151700 
0.462632 2923.000000 0.151286 
0.463027 2909.000000 0.150562 
0.464099 2871.000000 0.148595 
0.463338 2898.000000 0.149992 
0.463140 2905.000000 0.150355 
0.464381 2861.000000 0.148077 
0.464212 2867.000000 0.148388 
0.463563 2890.000000 0.149578 
0.464833 2845.000000 0.147249 
0.464748 2848.000000 0.147404 
0.463140 2905.000000 0.150355 
0.464269 2865.000000 0.148284 
0.463958 2876.000000 0.148854 
0.464240 2866.000000 0.148336 
0.461476 2964.000000 0.153408 
0.462858 2915.000000 0.150872 
0.462745 2919.000000 0.151079 
0.464381 2861.000000 0.148077 
0.463366 2897.000000 0.149940 
0.463930 2877.000000 0.148905 
0.464381 2861.000000 0.148077 
0.465369 2826.000000 0.146266 
0.463422 2895.000000 0.149837 
0.465115 2835.000000 0.146732 
0.462576 2925.000000 0.151390 
0.463450 2894.000000 0.149785 
0.464212 2867.000000 0.148388 
0.462943 2912.000000 0.150717 
0.460883 2985.000000 0.154495 
0.463761 2883.000000 0.149216 
0.462294 2935.000000 0.151907 
0.463479 2893.000000 0.149733 
0.463084 2907.000000 0.150458 
0.463422 2895.000000 0.149837 
0.464466 2858.000000 0.147922 
0.464720 2849.000000 0.147456 
0.463366 2897.000000 0.149940 
0.462153 2940.000000 0.152166 
0.463535 2891.000000 0.149630 
0.462660 2922.000000 0.151234 
0.462237 2937.000000 0.152011 
0.463309 2899.000000 0.150044 
0.463591 2889.000000 0.149526 
0.462660 2922.000000 0.151234 
0.464692 2850.000000 0.147508 
0.464156 2869.000000 0.148491 
0.463394 2896.000000 0.149889 
0.462773 2918.000000 0.151027 
0.463789 2882.000000 0.149164 
0.464494 2857.000000 0.147870 
0.463027 2909.000000 0.150562 
0.461729 2955.000000 0.152942 
0.463902 2878.000000 0.148957 
0.464099 2871.000000 0.148595 
0.462943 2912.000000 0.150717 
0.463309 2899.000000 0.150044 
0.462068 2943.000000 0.152321 
0.463930 2877.000000 0.148905 
0.463535 2891.000000 0.149630 
0.462181 2939.000000 0.152114 
0.463366 2897.000000 0.149940 
0.462689 2921.000000 0.151183 
0.464805 2846.000000 0.147301 
0.462999 2910.000000 0.150613 
0.463055 2908.000000 0.150510 
0.464720 2849.000000 0.147456 
0.462435 2930.000000 0.151648 
0.463338 2898.000000 0.149992 
0.465905 2807.000000 0.145282 
0.462943 2912.000000 0.150717 
0.463450 2894.000000 0.149785 
0.461588 2960.000000 0.153201 
0.462632 2923.000000 0.151286 
0.463112 2906.000000 0.150406 
0.464325 2863.000000 0.148181 
0.462971 2911.000000 0.150665 
0.463591 2889.000000 0.149526 
0.463535 2891.000000 0.149630 
0.463704 2885.000000 0.149319 
0.463845 2880.000000 0.149061 
0.461871 2950.000000 0.152684 
0.462632 2923.000000 0.151286 
0.463535 2891.000000 0.149630 
0.461306 2970.000000 0.153719 
0.463027 2909.000000 0.150562 
0.463845 2880.000000 0.149061 
0.463902 2878.000000 0.148957 
0.462068 2943.000000 0.152321 
0.463930 2877.000000 0.148905 
0.462604 2924.000000 0.151338 
0.464099 2871.000000 0.148595 
0.464579 2854.000000 0.147715 
0.462322 2934.000000 0.151855 
0.462745 2919.000000 0.151079 
0.463225 2902.000000 0.150199 
0.464635 2852.000000 0.147611 
0.462012 2945.000000 0.152425 
0.462689 2921.000000 0.151183 
0.463197 2903.000000 0.150251 
0.462548 2926.000000 0.151441 
0.462463 2929.000000 0.151597 
0.464043 2873.000000 0.148698 
0.463874 2879.000000 0.149009 
0.463197 2903.000000 0.150251 
0.462068 2943.000000 0.152321 
0.462660 2922.000000 0.151234 
0.463535 2891.000000 0.149630 
0.463309 2899.000000 0.150044 
0.461955 2947.000000 0.152528 
0.463535 2891.000000 0.149630 
0.463563 2890.000000 0.149578 
0.463027 2909.000000 0.150562 
0.462632 2923.000000 0.151286 
0.463140 2905.000000 0.150355 
0.463535 2891.000000 0.149630 
0.462322 2934.000000 0.151855 
0.463309 2899.000000 0.150044 
0.463704 2885.000000 0.149319 
0.463676 2886.000000 0.149371 
0.462576 2925.000000 0.151390 
0.462971 2911.000000 0.150665 
0.464015 2874.000000 0.148750 
0.461617 2959.000000 0.153149 
0.463676 2886.000000 0.149371 
0.463027 2909.000000 0.150562 
0.463225 2902.000000 0.150199 
0.463507 2892.000000 0.149682 
0.461306 2970.000000 0.153719 
0.463338 2898.000000 0.149992 
0.463281 2900.000000 0.150096 
0.462971 2911.000000 0.150665 
0.463253 2901.000000 0.150148 
0.464297 2864.000000 0.148232 
0.464128 2870.000000 0.148543 
0.463507 2892.000000 0.149682 
0.464269 2865.000000 0.148284 
0.462858 2915.000000 0.150872 
0.462548 2926.000000 0.151441 
0.464635 2852.000000 0.147611 
0.463902 2878.000000 0.148957 
0.463563 2890.000000 0.149578 
0.463338 2898.000000 0.149992 
0.462802 2917.000000 0.150976 
0.463197 2903.000000 0.150251 
0.463591 2889.000000 0.149526 
0.462632 2923.000000 0.151286 
0.462209 2938.000000 0.152063 
0.463112 2906.000000 0.150406 
0.459444 3036.000000 0.157135 
0.463197 2903.000000 0.150251 
0.463479 2893.000000 0.149733 
0.464494 2857.000000 0.147870 
0.464156 2869.000000 0.148491 
0.464438 2859.000000 0.147974 
0.462689 2921.000000 0.151183 
0.463986 2875.000000 0.148802 
0.464015 2874.000000 0.148750 
0.463507 2892.000000 0.149682 
0.465566 2819.000000 0.145903 
0.463168 2904.000000 0.150303 
0.464946 2841.000000 0.147042 
0.464184 2868.000000 0.148440 
0.462999 2910.000000 0.150613 
0.463648 2887.000000 0.149423 
0.463309 2899.000000 0.150044 
0.462830 2916.000000 0.150924 
0.463704 2885.000000 0.149319 
0.464015 2874.000000 0.148750 
0.463055 2908.000000 0.150510 
0.463761 2883.000000 0.149216 
0.463253 2901.000000 0.150148 
0.463563 2890.000000 0.149578 
0.463281 2900.000000 0.150096 
0.462858 2915.000000 0.150872 
0.462096 2942.000000 0.152270 
0.460968 2982.000000 0.154340 
0.465228 2831.000000 0.146525 
0.463225 2902.000000 0.150199 
0.463620 2888.000000 0.149475 
0.462350 2933.000000 0.151804 
0.462548 2926.000000 0.151441 
0.463704 2885.000000 0.149319 
0.464381 2861.000000 0.148077 
0.462519 2927.000000 0.151493 
0.462717 2920.000000 0.151131 
0.461842 2951.000000 0.152735 
0.464579 2854.000000 0.147715 
0.462407 2931.000000 0.151700 
0.463620 2888.000000 0.149475 
0.464579 2854.000000 0.147715 
0.464889 2843.000000 0.147146 
0.462519 2927.000000 0.151493 
0.463338 2898.000000 0.149992 
0.464015 2874.000000 0.148750 
0.465284 2829.000000 0.146421 
0.464438 2859.000000 0.147974 
0.462802 2917.000000 0.150976 
0.463055 2908.000000 0.150510 
0.464579 2854.000000 0.147715 
0.463620 2888.000000 0.149475 
0.462294 2935.000000 0.151907 
0.463055 2908.000000 0.150510 
0.462858 2915.000000 0.150872 
0.464494 2857.000000 0.147870 
0.463225 2902.000000 0.150199 
0.462717 2920.000000 0.151131 
0.464269 2865.000000 0.148284 
0.462322 2934.000000 0.151855 
0.463676 2886.000000 0.149371 
0.463620 2888.000000 0.149475 
0.462632 2923.000000 0.151286 
0.462463 2929.000000 0.151597 
0.462802 2917.000000 0.150976 
0.463591 2889.000000 0.149526 
0.464325 2863.000000 0.148181 
0.463845 2880.000000 0.149061 
0.463479 2893.000000 0.149733 
0.463648 2887.000000 0.149423 
0.462689 2921.000000 0.151183 
0.464353 2862.000000 0.148129 
0.462519 2927.000000 0.151493 
0.462971 2911.000000 0.150665 
0.463422 2895.000000 0.149837 
0.463084 2907.000000 0.150458 
0.463958 2876.000000 0.148854 
0.463112 2906.000000 0.150406 
0.463563 2890.000000 0.149578 
0.462830 2916.000000 0.150924 
0.462745 2919.000000 0.151079 
0.462914 2913.000000 0.150769 
0.463450 2894.000000 0.149785 
0.463479 2893.000000 0.149733 
0.465736 2813.000000 0.145593 
0.463620 2888.000000 0.149475 
0.462548 2926.000000 0.151441 
0.463140 2905.000000 0.150355 
0.465087 2836.000000 0.146783 
0.466074 2801.000000 0.144972 
0.463845 2880.000000 0.149061 
0.462124 2941.000000 0.152218 
0.462576 2925.000000 0.151390 
0.462096 2942.000000 0.152270 
0.461447 2965.000000 0.153460 
0.464099 2871.000000 0.148595 
0.464381 2861.000000 0.148077 
0.464269 2865.000000 0.148284 
0.463620 2888.000000 0.149475 
0.463225 2902.000000 0.150199 
0.461927 2948.000000 0.152580 
0.462886 2914.000000 0.150820 
0.463958 2876.000000 0.148854 
0.464043 2873.000000 0.148698 
0.462717 2920.000000 0.151131 
0.462830 2916.000000 0.150924 
0.462294 2935.000000 0.151907 
0.465200 2832.000000 0.146576 
0.461278 2971.000000 0.153771 
