0.531725 474.000000 0.024533 
0.532515 446.000000 0.023084 
0.532318 453.000000 0.023446 
0.532233 456.000000 0.023601 
0.531838 470.000000 0.024326 
0.532543 445.000000 0.023032 
0.532487 447.000000 0.023135 
0.531838 470.000000 0.024326 
0.531669 476.000000 0.024636 
0.532628 442.000000 0.022877 
0.532628 442.000000 0.022877 
0.531923 467.000000 0.024171 
0.532261 455.000000 0.023550 
0.531923 467.000000 0.024171 
0.532684 440.000000 0.022773 
0.531979 465.000000 0.024067 
0.532261 455.000000 0.023550 
0.532797 436.000000 0.022566 
0.532515 446.000000 0.023084 
0.532995 429.000000 0.022204 
0.532233 456.000000 0.023601 
0.532205 457.000000 0.023653 
0.531810 471.000000 0.024378 
0.531782 472.000000 0.024429 
0.532600 443.000000 0.022928 
0.533192 422.000000 0.021842 
0.532656 441.000000 0.022825 
0.531556 480.000000 0.024843 
0.532572 444.000000 0.022980 
0.532713 439.000000 0.022721 
0.532572 444.000000 0.022980 
0.531556 480.000000 0.024843 
0.532177 458.000000 0.023705 
0.532064 462.000000 0.023912 
0.532769 437.000000 0.022618 
0.532120 460.000000 0.023808 
0.532289 454.000000 0.023498 
0.531584 479.000000 0.024792 
0.531810 471.000000 0.024378 
0.532120 460.000000 0.023808 
0.532148 459.000000 0.023757 
0.531500 482.000000 0.024947 
0.532177 458.000000 0.023705 
0.531302 489.000000 0.025309 
0.533136 424.000000 0.021945 
0.531838 470.000000 0.024326 
0.531894 468.000000 0.024222 
0.532826 435.000000 0.022514 
0.532261 455.000000 0.023550 
0.531584 479.000000 0.024792 
0.532036 463.000000 0.023964 
0.533164 423.000000 0.021893 
0.531358 487.000000 0.025206 
0.532628 442.000000 0.022877 
0.532459 448.000000 0.023187 
0.531838 470.000000 0.024326 
0.532459 448.000000 0.023187 
0.532741 438.000000 0.022670 
0.531782 472.000000 0.024429 
0.531782 472.000000 0.024429 
0.533136 424.000000 0.021945 
0.532177 458.000000 0.023705 
0.532148 459.000000 0.023757 
0.532600 443.000000 0.022928 
0.532741 438.000000 0.022670 
0.531753 473.000000 0.024481 
0.531810 471.000000 0.024378 
0.532205 457.000000 0.023653 
0.531105 496.000000 0.025672 
0.532346 452.000000 0.023394 
0.532036 463.000000 0.023964 
0.531979 465.000000 0.024067 
0.532402 450.000000 0.023291 
0.531697 475.000000 0.024585 
0.532459 448.000000 0.023187 
0.532487 447.000000 0.023135 
0.532374 451.000000 0.023342 
0.532148 459.000000 0.023757 
0.532007 464.000000 0.024015 
0.531838 470.000000 0.024326 
0.532938 431.000000 0.022307 
0.532205 457.000000 0.023653 
0.532064 462.000000 0.023912 
0.532431 449.000000 0.023239 
0.532600 443.000000 0.022928 
0.531387 486.000000 0.025154 
0.532092 461.000000 0.023860 
0.531951 466.000000 0.024119 
0.532120 460.000000 0.023808 
0.532036 463.000000 0.023964 
0.532826 435.000000 0.022514 
0.532854 434.000000 0.022463 
0.531923 467.000000 0.024171 
0.531951 466.000000 0.024119 
0.532120 460.000000 0.023808 
0.532684 440.000000 0.022773 
0.532064 462.000000 0.023912 
0.531753 473.000000 0.024481 
0.532402 450.000000 0.023291 
0.532318 453.000000 0.023446 
0.532007 464.000000 0.024015 
0.532741 438.000000 0.022670 
0.532177 458.000000 0.023705 
0.532854 434.000000 0.022463 
0.532120 460.000000 0.023808 
0.532402 450.000000 0.023291 
0.531951 466.000000 0.024119 
0.531641 477.000000 0.024688 
0.531838 470.000000 0.024326 
0.532826 435.000000 0.022514 
0.532318 453.000000 0.023446 
0.532487 447.000000 0.023135 
0.532177 458.000000 0.023705 
0.532572 444.000000 0.022980 
0.532233 456.000000 0.023601 
0.532374 451.000000 0.023342 
0.532769 437.000000 0.022618 
0.532402 450.000000 0.023291 
0.531979 465.000000 0.024067 
0.532064 462.000000 0.023912 
0.532346 452.000000 0.023394 
0.531866 469.000000 0.024274 
0.531415 485.000000 0.025102 
0.532092 461.000000 0.023860 
0.532572 444.000000 0.022980 
0.531500 482.000000 0.024947 
0.531782 472.000000 0.024429 
0.532092 461.000000 0.023860 
0.531810 471.000000 0.024378 
0.531725 474.000000 0.024533 
0.532713 439.000000 0.022721 
0.532374 451.000000 0.023342 
0.532459 448.000000 0.023187 
0.532007 464.000000 0.024015 
0.532148 459.000000 0.023757 
0.532769 437.000000 0.022618 
0.531810 471.000000 0.024378 
0.532177 458.000000 0.023705 
0.532826 435.000000 0.022514 
0.532261 455.000000 0.023550 
0.532713 439.000000 0.022721 
0.532656 441.000000 0.022825 
0.532205 457.000000 0.023653 
0.532148 459.000000 0.023757 
0.532261 455.000000 0.023550 
0.532261 455.000000 0.023550 
0.532713 439.000000 0.022721 
0.532572 444.000000 0.022980 
0.532177 458.000000 0.023705 
0.531951 466.000000 0.024119 
0.532713 439.000000 0.022721 
0.532205 457.000000 0.023653 
0.532148 459.000000 0.023757 
0.532459 448.000000 0.023187 
0.532572 444.000000 0.022980 
0.532261 455.000000 0.023550 
0.532769 437.000000 0.022618 
0.532656 441.000000 0.022825 
0.532092 461.000000 0.023860 
0.532289 454.000000 0.023498 
0.532036 463.000000 0.023964 
0.531782 472.000000 0.024429 
0.532656 441.000000 0.022825 
0.532177 458.000000 0.023705 
0.531951 466.000000 0.024119 
0.531866 469.000000 0.024274 
0.532092 461.000000 0.023860 
0.532148 459.000000 0.023757 
0.532600 443.000000 0.022928 
0.532572 444.000000 0.022980 
0.532318 453.000000 0.023446 
0.532572 444.000000 0.022980 
0.531641 477.000000 0.024688 
0.531782 472.000000 0.024429 
0.532120 460.000000 0.023808 
0.532487 447.000000 0.023135 
0.532374 451.000000 0.023342 
0.532064 462.000000 0.023912 
0.532628 442.000000 0.022877 
0.532431 449.000000 0.023239 
0.532261 455.000000 0.023550 
0.532656 441.000000 0.022825 
0.531641 477.000000 0.024688 
0.532007 464.000000 0.024015 
0.532064 462.000000 0.023912 
0.532515 446.000000 0.023084 
0.532289 454.000000 0.023498 
0.531810 471.000000 0.024378 
0.532515 446.000000 0.023084 
0.532036 463.000000 0.023964 
0.531500 482.000000 0.024947 
0.532289 454.000000 0.023498 
0.532656 441.000000 0.022825 
0.532515 446.000000 0.023084 
0.532459 448.000000 0.023187 
0.531866 469.000000 0.024274 
0.532289 454.000000 0.023498 
0.532261 455.000000 0.023550 
0.532007 464.000000 0.024015 
0.532289 454.000000 0.023498 
0.532318 453.000000 0.023446 
0.531641 477.000000 0.024688 
0.533051 427.000000 0.022100 
0.532289 454.000000 0.023498 
0.531669 476.000000 0.024636 
0.531810 471.000000 0.024378 
0.532459 448.000000 0.023187 
0.532261 455.000000 0.023550 
0.531838 470.000000 0.024326 
0.532374 451.000000 0.023342 
0.531641 477.000000 0.024688 
0.531838 470.000000 0.024326 
0.532289 454.000000 0.023498 
0.532205 457.000000 0.023653 
0.531556 480.000000 0.024843 
0.531725 474.000000 0.024533 
0.531923 467.000000 0.024171 
0.532656 441.000000 0.022825 
0.532318 453.000000 0.023446 
0.532148 459.000000 0.023757 
0.531810 471.000000 0.024378 
0.531584 479.000000 0.024792 
0.532177 458.000000 0.023705 
0.532261 455.000000 0.023550 
0.532092 461.000000 0.023860 
0.531979 465.000000 0.024067 
0.532261 455.000000 0.023550 
0.532289 454.000000 0.023498 
0.531641 477.000000 0.024688 
0.532487 447.000000 0.023135 
0.533220 421.000000 0.021790 
0.531471 483.000000 0.024999 
0.532741 438.000000 0.022670 
0.531951 466.000000 0.024119 
0.531866 469.000000 0.024274 
0.532064 462.000000 0.023912 
0.532177 458.000000 0.023705 
0.532487 447.000000 0.023135 
0.531951 466.000000 0.024119 
0.531782 472.000000 0.024429 
0.532092 461.000000 0.023860 
0.531387 486.000000 0.025154 
0.531387 486.000000 0.025154 
0.532318 453.000000 0.023446 
0.531951 466.000000 0.024119 
0.532487 447.000000 0.023135 
0.532092 461.000000 0.023860 
0.531669 476.000000 0.024636 
0.532741 438.000000 0.022670 
0.532459 448.000000 0.023187 
0.531697 475.000000 0.024585 
0.532713 439.000000 0.022721 
0.532148 459.000000 0.023757 
0.532628 442.000000 0.022877 
0.531697 475.000000 0.024585 
0.532431 449.000000 0.023239 
0.533108 425.000000 0.021997 
0.532261 455.000000 0.023550 
0.531923 467.000000 0.024171 
0.532289 454.000000 0.023498 
0.532995 429.000000 0.022204 
0.531866 469.000000 0.024274 
0.532289 454.000000 0.023498 
0.532684 440.000000 0.022773 
0.532064 462.000000 0.023912 
0.532543 445.000000 0.023032 
0.531923 467.000000 0.024171 
0.532402 450.000000 0.023291 
0.531810 471.000000 0.024378 
0.532882 433.000000 0.022411 
0.532628 442.000000 0.022877 
0.532148 459.000000 0.023757 
0.532854 434.000000 0.022463 
0.532092 461.000000 0.023860 
0.531810 471.000000 0.024378 
0.531894 468.000000 0.024222 
0.531584 479.000000 0.024792 
0.532656 441.000000 0.022825 
0.533079 426.000000 0.022049 
0.531810 471.000000 0.024378 
0.532487 447.000000 0.023135 
0.532431 449.000000 0.023239 
0.532233 456.000000 0.023601 
0.533249 420.000000 0.021738 
0.532261 455.000000 0.023550 
0.532487 447.000000 0.023135 
0.531725 474.000000 0.024533 
0.532205 457.000000 0.023653 
0.531951 466.000000 0.024119 
0.532233 456.000000 0.023601 
0.532374 451.000000 0.023342 
0.532572 444.000000 0.022980 
0.532769 437.000000 0.022618 
0.531951 466.000000 0.024119 
0.531641 477.000000 0.024688 
0.532092 461.000000 0.023860 
0.532769 437.000000 0.022618 
0.531838 470.000000 0.024326 
0.531500 482.000000 0.024947 
0.532600 443.000000 0.022928 
0.531697 475.000000 0.024585 
0.532318 453.000000 0.023446 
0.531641 477.000000 0.024688 
0.532318 453.000000 0.023446 
0.532769 437.000000 0.022618 
0.531782 472.000000 0.024429 
0.532064 462.000000 0.023912 
0.532374 451.000000 0.023342 
0.532036 463.000000 0.023964 
0.532177 458.000000 0.023705 
0.532036 463.000000 0.023964 
0.532148 459.000000 0.023757 
0.532064 462.000000 0.023912 
0.531979 465.000000 0.024067 
0.532148 459.000000 0.023757 
0.532148 459.000000 0.023757 
0.532007 464.000000 0.024015 
0.532120 460.000000 0.023808 
0.531923 467.000000 0.024171 
0.530822 506.000000 0.026189 
0.531528 481.000000 0.024895 
0.531725 474.000000 0.024533 
0.532064 462.000000 0.023912 
0.532205 457.000000 0.023653 
0.532148 459.000000 0.023757 
0.532572 444.000000 0.022980 
0.532205 457.000000 0.023653 
0.532713 439.000000 0.022721 
0.532600 443.000000 0.022928 
0.532515 446.000000 0.023084 
0.532572 444.000000 0.022980 
0.532318 453.000000 0.023446 
0.532854 434.000000 0.022463 
0.531246 491.000000 0.025413 
0.532600 443.000000 0.022928 
0.532233 456.000000 0.023601 
0.532346 452.000000 0.023394 
0.532402 450.000000 0.023291 
0.532064 462.000000 0.023912 
0.532543 445.000000 0.023032 
0.532261 455.000000 0.023550 
0.532402 450.000000 0.023291 
0.532036 463.000000 0.023964 
0.532177 458.000000 0.023705 
0.532092 461.000000 0.023860 
0.532402 450.000000 0.023291 
0.531330 488.000000 0.025257 
0.531923 467.000000 0.024171 
0.532205 457.000000 0.023653 
0.532148 459.000000 0.023757 
0.531838 470.000000 0.024326 
0.532600 443.000000 0.022928 
0.531838 470.000000 0.024326 
0.531894 468.000000 0.024222 
0.533108 425.000000 0.021997 
0.532572 444.000000 0.022980 
0.532515 446.000000 0.023084 
0.532854 434.000000 0.022463 
0.532233 456.000000 0.023601 
0.532600 443.000000 0.022928 
0.532064 462.000000 0.023912 
0.531669 476.000000 0.024636 
0.532148 459.000000 0.023757 
0.531894 468.000000 0.024222 
0.531838 470.000000 0.024326 
0.531753 473.000000 0.024481 
0.532684 440.000000 0.022773 
0.532628 442.000000 0.022877 
0.532148 459.000000 0.023757 
0.532120 460.000000 0.023808 
0.532318 453.000000 0.023446 
0.532177 458.000000 0.023705 
0.532177 458.000000 0.023705 
0.532120 460.000000 0.023808 
0.531528 481.000000 0.024895 
0.532036 463.000000 0.023964 
0.532318 453.000000 0.023446 
0.532600 443.000000 0.022928 
0.532854 434.000000 0.022463 
0.532826 435.000000 0.022514 
0.532036 463.000000 0.023964 
0.532092 461.000000 0.023860 
0.532572 444.000000 0.022980 
0.531753 473.000000 0.024481 
0.531894 468.000000 0.024222 
0.533023 428.000000 0.022152 
0.532346 452.000000 0.023394 
0.531697 475.000000 0.024585 
0.531641 477.000000 0.024688 
0.532120 460.000000 0.023808 
0.531358 487.000000 0.025206 
0.532543 445.000000 0.023032 
0.532487 447.000000 0.023135 
0.531612 478.000000 0.024740 
0.532036 463.000000 0.023964 
0.532515 446.000000 0.023084 
0.533418 414.000000 0.021427 
0.532205 457.000000 0.023653 
0.532374 451.000000 0.023342 
0.532487 447.000000 0.023135 
0.532148 459.000000 0.023757 
0.531923 467.000000 0.024171 
0.533192 422.000000 0.021842 
0.531641 477.000000 0.024688 
0.531697 475.000000 0.024585 
0.531894 468.000000 0.024222 
0.531979 465.000000 0.024067 
0.532120 460.000000 0.023808 
0.531866 469.000000 0.024274 
0.533220 421.000000 0.021790 
0.532289 454.000000 0.023498 
0.531782 472.000000 0.024429 
0.532064 462.000000 0.023912 
0.531951 466.000000 0.024119 
0.532431 449.000000 0.023239 
0.532148 459.000000 0.023757 
0.532431 449.000000 0.023239 
0.532346 452.000000 0.023394 
0.533192 422.000000 0.021842 
0.532289 454.000000 0.023498 
0.532289 454.000000 0.023498 
0.532684 440.000000 0.022773 
0.532318 453.000000 0.023446 
0.532007 464.000000 0.024015 
0.532007 464.000000 0.024015 
0.531894 468.000000 0.024222 
0.531556 480.000000 0.024843 
0.532289 454.000000 0.023498 
0.532177 458.000000 0.023705 
0.531979 465.000000 0.024067 
0.532261 455.000000 0.023550 
0.532459 448.000000 0.023187 
0.532318 453.000000 0.023446 
0.532318 453.000000 0.023446 
0.532402 450.000000 0.023291 
0.531443 484.000000 0.025050 
0.532289 454.000000 0.023498 
0.531584 479.000000 0.024792 
0.532346 452.000000 0.023394 
0.532487 447.000000 0.023135 
0.531443 484.000000 0.025050 
0.532600 443.000000 0.022928 
0.532092 461.000000 0.023860 
0.532374 451.000000 0.023342 
0.532487 447.000000 0.023135 
0.532318 453.000000 0.023446 
0.531387 486.000000 0.025154 
0.532289 454.000000 0.023498 
0.532205 457.000000 0.023653 
0.532289 454.000000 0.023498 
0.532402 450.000000 0.023291 
0.532318 453.000000 0.023446 
0.532318 453.000000 0.023446 
0.532007 464.000000 0.024015 
0.531556 480.000000 0.024843 
0.532064 462.000000 0.023912 
0.532402 450.000000 0.023291 
0.531894 468.000000 0.024222 
0.532233 456.000000 0.023601 
0.532318 453.000000 0.023446 
0.532318 453.000000 0.023446 
0.532064 462.000000 0.023912 
0.532289 454.000000 0.023498 
0.533220 421.000000 0.021790 
0.531838 470.000000 0.024326 
0.532600 443.000000 0.022928 
0.531894 468.000000 0.024222 
0.532543 445.000000 0.023032 
0.532289 454.000000 0.023498 
0.531387 486.000000 0.025154 
0.532402 450.000000 0.023291 
0.531866 469.000000 0.024274 
0.532007 464.000000 0.024015 
0.532318 453.000000 0.023446 
0.532233 456.000000 0.023601 
0.532346 452.000000 0.023394 
0.532233 456.000000 0.023601 
0.532684 440.000000 0.022773 
0.532402 450.000000 0.023291 
0.532515 446.000000 0.023084 
0.532177 458.000000 0.023705 
0.532515 446.000000 0.023084 
0.531443 484.000000 0.025050 
0.531951 466.000000 0.024119 
0.532515 446.000000 0.023084 
0.532177 458.000000 0.023705 
0.531697 475.000000 0.024585 
0.532374 451.000000 0.023342 
0.531866 469.000000 0.024274 
0.532684 440.000000 0.022773 
0.532092 461.000000 0.023860 
0.532459 448.000000 0.023187 
0.532600 443.000000 0.022928 
0.531951 466.000000 0.024119 
0.532007 464.000000 0.024015 
0.532346 452.000000 0.023394 
0.531669 476.000000 0.024636 
0.532459 448.000000 0.023187 
0.532882 433.000000 0.022411 
0.532148 459.000000 0.023757 
0.532233 456.000000 0.023601 
0.532177 458.000000 0.023705 
0.531838 470.000000 0.024326 
0.531951 466.000000 0.024119 
0.531951 466.000000 0.024119 
0.532487 447.000000 0.023135 
0.532600 443.000000 0.022928 
0.531669 476.000000 0.024636 
0.532543 445.000000 0.023032 
0.531951 466.000000 0.024119 
0.532854 434.000000 0.022463 
0.531500 482.000000 0.024947 
0.532148 459.000000 0.023757 
0.532007 464.000000 0.024015 
0.531894 468.000000 0.024222 
0.532261 455.000000 0.023550 
0.532346 452.000000 0.023394 
0.532177 458.000000 0.023705 
0.532346 452.000000 0.023394 
0.532261 455.000000 0.023550 
0.532600 443.000000 0.022928 
0.532177 458.000000 0.023705 
0.531725 474.000000 0.024533 
0.532628 442.000000 0.022877 
0.532967 430.000000 0.022256 
0.532431 449.000000 0.023239 
0.531838 470.000000 0.024326 
0.533136 424.000000 0.021945 
0.532205 457.000000 0.023653 
0.531612 478.000000 0.024740 
0.532148 459.000000 0.023757 
0.532600 443.000000 0.022928 
0.532713 439.000000 0.022721 
0.533108 425.000000 0.021997 
0.532374 451.000000 0.023342 
0.531979 465.000000 0.024067 
0.532205 457.000000 0.023653 
0.532092 461.000000 0.023860 
0.531866 469.000000 0.024274 
0.531810 471.000000 0.024378 
0.532120 460.000000 0.023808 
0.532628 442.000000 0.022877 
0.532600 443.000000 0.022928 
0.533051 427.000000 0.022100 
0.532148 459.000000 0.023757 
0.532148 459.000000 0.023757 
0.531810 471.000000 0.024378 
0.532148 459.000000 0.023757 
0.532459 448.000000 0.023187 
0.532684 440.000000 0.022773 
0.532543 445.000000 0.023032 
0.531782 472.000000 0.024429 
0.532656 441.000000 0.022825 
0.532233 456.000000 0.023601 
0.532572 444.000000 0.022980 
0.532318 453.000000 0.023446 
0.532995 429.000000 0.022204 
0.531020 499.000000 0.025827 
0.532431 449.000000 0.023239 
0.532036 463.000000 0.023964 
0.532036 463.000000 0.023964 
0.532459 448.000000 0.023187 
0.532487 447.000000 0.023135 
0.532120 460.000000 0.023808 
0.532374 451.000000 0.023342 
0.531358 487.000000 0.025206 
0.532233 456.000000 0.023601 
0.531979 465.000000 0.024067 
0.531584 479.000000 0.024792 
0.531612 478.000000 0.024740 
0.532374 451.000000 0.023342 
0.532713 439.000000 0.022721 
0.532543 445.000000 0.023032 
0.532487 447.000000 0.023135 
0.532797 436.000000 0.022566 
0.531612 478.000000 0.024740 
0.532177 458.000000 0.023705 
0.531697 475.000000 0.024585 
0.531612 478.000000 0.024740 
0.532910 432.000000 0.022359 
0.532515 446.000000 0.023084 
0.532064 462.000000 0.023912 
0.532910 432.000000 0.022359 
0.532261 455.000000 0.023550 
0.531641 477.000000 0.024688 
0.532967 430.000000 0.022256 
0.532346 452.000000 0.023394 
0.532543 445.000000 0.023032 
0.531387 486.000000 0.025154 
0.532346 452.000000 0.023394 
0.532064 462.000000 0.023912 
0.532064 462.000000 0.023912 
0.533559 409.000000 0.021169 
0.532346 452.000000 0.023394 
0.532233 456.000000 0.023601 
0.531951 466.000000 0.024119 
0.531979 465.000000 0.024067 
0.532318 453.000000 0.023446 
0.531923 467.000000 0.024171 
0.531894 468.000000 0.024222 
0.532769 437.000000 0.022618 
0.531923 467.000000 0.024171 
0.532938 431.000000 0.022307 
0.531951 466.000000 0.024119 
0.532684 440.000000 0.022773 
0.532402 450.000000 0.023291 
0.531641 477.000000 0.024688 
0.532261 455.000000 0.023550 
0.531641 477.000000 0.024688 
0.532402 450.000000 0.023291 
0.532233 456.000000 0.023601 
0.532938 431.000000 0.022307 
0.532769 437.000000 0.022618 
0.532572 444.000000 0.022980 
0.532600 443.000000 0.022928 
0.532148 459.000000 0.023757 
0.532374 451.000000 0.023342 
0.532769 437.000000 0.022618 
0.532289 454.000000 0.023498 
0.532431 449.000000 0.023239 
0.531866 469.000000 0.024274 
0.532148 459.000000 0.023757 
0.532233 456.000000 0.023601 
0.532374 451.000000 0.023342 
0.532289 454.000000 0.023498 
0.532487 447.000000 0.023135 
0.532036 463.000000 0.023964 
0.531387 486.000000 0.025154 
0.532543 445.000000 0.023032 
0.532120 460.000000 0.023808 
0.532205 457.000000 0.023653 
0.532402 450.000000 0.023291 
0.532007 464.000000 0.024015 
0.532233 456.000000 0.023601 
0.532713 439.000000 0.022721 
0.531979 465.000000 0.024067 
0.531387 486.000000 0.025154 
0.532148 459.000000 0.023757 
0.531894 468.000000 0.024222 
0.531810 471.000000 0.024378 
0.532148 459.000000 0.023757 
0.531951 466.000000 0.024119 
0.532318 453.000000 0.023446 
0.532177 458.000000 0.023705 
0.531951 466.000000 0.024119 
0.532120 460.000000 0.023808 
0.532656 441.000000 0.022825 
0.532684 440.000000 0.022773 
0.532036 463.000000 0.023964 
0.532007 464.000000 0.024015 
0.532487 447.000000 0.023135 
0.532318 453.000000 0.023446 
0.531641 477.000000 0.024688 
0.532148 459.000000 0.023757 
0.532261 455.000000 0.023550 
0.531866 469.000000 0.024274 
0.532402 450.000000 0.023291 
0.532713 439.000000 0.022721 
0.532064 462.000000 0.023912 
0.532289 454.000000 0.023498 
0.532402 450.000000 0.023291 
0.532064 462.000000 0.023912 
0.532007 464.000000 0.024015 
0.531500 482.000000 0.024947 
0.533051 427.000000 0.022100 
0.531923 467.000000 0.024171 
0.531274 490.000000 0.025361 
0.532572 444.000000 0.022980 
0.532431 449.000000 0.023239 
0.532713 439.000000 0.022721 
0.532543 445.000000 0.023032 
0.532036 463.000000 0.023964 
0.531669 476.000000 0.024636 
0.532459 448.000000 0.023187 
0.531330 488.000000 0.025257 
0.532036 463.000000 0.023964 
0.533051 427.000000 0.022100 
0.532092 461.000000 0.023860 
0.533474 412.000000 0.021324 
0.531697 475.000000 0.024585 
0.531725 474.000000 0.024533 
0.532995 429.000000 0.022204 
0.531951 466.000000 0.024119 
0.532402 450.000000 0.023291 
0.531697 475.000000 0.024585 
0.532572 444.000000 0.022980 
0.532318 453.000000 0.023446 
0.532543 445.000000 0.023032 
0.532036 463.000000 0.023964 
0.531782 472.000000 0.024429 
0.531894 468.000000 0.024222 
0.532205 457.000000 0.023653 
0.532148 459.000000 0.023757 
0.531923 467.000000 0.024171 
0.532007 464.000000 0.024015 
0.531951 466.000000 0.024119 
0.531641 477.000000 0.024688 
0.533220 421.000000 0.021790 
0.532572 444.000000 0.022980 
0.532289 454.000000 0.023498 
0.532882 433.000000 0.022411 
0.532543 445.000000 0.023032 
0.533333 417.000000 0.021583 
0.532882 433.000000 0.022411 
0.531894 468.000000 0.024222 
0.532064 462.000000 0.023912 
0.531612 478.000000 0.024740 
0.532543 445.000000 0.023032 
0.532261 455.000000 0.023550 
0.532120 460.000000 0.023808 
0.533051 427.000000 0.022100 
0.532092 461.000000 0.023860 
0.531669 476.000000 0.024636 
0.532628 442.000000 0.022877 
0.532092 461.000000 0.023860 
0.532769 437.000000 0.022618 
0.531951 466.000000 0.024119 
0.531894 468.000000 0.024222 
0.532684 440.000000 0.022773 
0.532431 449.000000 0.023239 
0.532459 448.000000 0.023187 
0.531500 482.000000 0.024947 
0.531951 466.000000 0.024119 
0.532882 433.000000 0.022411 
0.532769 437.000000 0.022618 
0.532600 443.000000 0.022928 
0.532036 463.000000 0.023964 
0.532402 450.000000 0.023291 
0.532007 464.000000 0.024015 
0.531866 469.000000 0.024274 
0.532007 464.000000 0.024015 
0.532205 457.000000 0.023653 
0.532826 435.000000 0.022514 
0.532882 433.000000 0.022411 
0.532064 462.000000 0.023912 
0.532797 436.000000 0.022566 
0.532543 445.000000 0.023032 
0.532261 455.000000 0.023550 
0.532826 435.000000 0.022514 
0.532036 463.000000 0.023964 
0.531641 477.000000 0.024688 
0.532374 451.000000 0.023342 
0.532487 447.000000 0.023135 
0.532007 464.000000 0.024015 
0.532064 462.000000 0.023912 
0.531951 466.000000 0.024119 
0.532431 449.000000 0.023239 
0.531838 470.000000 0.024326 
0.531979 465.000000 0.024067 
0.532431 449.000000 0.023239 
0.532910 432.000000 0.022359 
0.532064 462.000000 0.023912 
0.531894 468.000000 0.024222 
0.532148 459.000000 0.023757 
0.531866 469.000000 0.024274 
0.532656 441.000000 0.022825 
0.531641 477.000000 0.024688 
0.532120 460.000000 0.023808 
0.532515 446.000000 0.023084 
0.532910 432.000000 0.022359 
0.532064 462.000000 0.023912 
0.531810 471.000000 0.024378 
0.532431 449.000000 0.023239 
0.532233 456.000000 0.023601 
0.531782 472.000000 0.024429 
0.531500 482.000000 0.024947 
0.532628 442.000000 0.022877 
0.532543 445.000000 0.023032 
0.533023 428.000000 0.022152 
0.532459 448.000000 0.023187 
0.532600 443.000000 0.022928 
0.531274 490.000000 0.025361 
0.532543 445.000000 0.023032 
0.531838 470.000000 0.024326 
0.533333 417.000000 0.021583 
0.532769 437.000000 0.022618 
0.531641 477.000000 0.024688 
0.531443 484.000000 0.025050 
0.532148 459.000000 0.023757 
0.531697 475.000000 0.024585 
0.531810 471.000000 0.024378 
0.532289 454.000000 0.023498 
0.531979 465.000000 0.024067 
0.532600 443.000000 0.022928 
0.533362 416.000000 0.021531 
0.531894 468.000000 0.024222 
0.533249 420.000000 0.021738 
0.532431 449.000000 0.023239 
0.532628 442.000000 0.022877 
0.531753 473.000000 0.024481 
0.531894 468.000000 0.024222 
0.532938 431.000000 0.022307 
0.531979 465.000000 0.024067 
0.531894 468.000000 0.024222 
0.531669 476.000000 0.024636 
0.532854 434.000000 0.022463 
0.532515 446.000000 0.023084 
0.532797 436.000000 0.022566 
0.532346 452.000000 0.023394 
0.532487 447.000000 0.023135 
0.532064 462.000000 0.023912 
0.532148 459.000000 0.023757 
0.532289 454.000000 0.023498 
0.532120 460.000000 0.023808 
0.531923 467.000000 0.024171 
0.531697 475.000000 0.024585 
0.531782 472.000000 0.024429 
0.532007 464.000000 0.024015 
0.532656 441.000000 0.022825 
0.532797 436.000000 0.022566 
0.532346 452.000000 0.023394 
0.532826 435.000000 0.022514 
0.532064 462.000000 0.023912 
0.532289 454.000000 0.023498 
0.532177 458.000000 0.023705 
0.532854 434.000000 0.022463 
0.532402 450.000000 0.023291 
0.532064 462.000000 0.023912 
0.532628 442.000000 0.022877 
0.532487 447.000000 0.023135 
0.531274 490.000000 0.025361 
0.531894 468.000000 0.024222 
0.532797 436.000000 0.022566 
0.532318 453.000000 0.023446 
0.531866 469.000000 0.024274 
0.532177 458.000000 0.023705 
0.532628 442.000000 0.022877 
0.532177 458.000000 0.023705 
0.531274 490.000000 0.025361 
0.531669 476.000000 0.024636 
0.532205 457.000000 0.023653 
0.531979 465.000000 0.024067 
0.532515 446.000000 0.023084 
0.532459 448.000000 0.023187 
0.532910 432.000000 0.022359 
0.532600 443.000000 0.022928 
0.531894 468.000000 0.024222 
0.532177 458.000000 0.023705 
0.532007 464.000000 0.024015 
0.531979 465.000000 0.024067 
0.531500 482.000000 0.024947 
0.531641 477.000000 0.024688 
0.531725 474.000000 0.024533 
0.532572 444.000000 0.022980 
0.532459 448.000000 0.023187 
0.532374 451.000000 0.023342 
0.532289 454.000000 0.023498 
0.532064 462.000000 0.023912 
0.532543 445.000000 0.023032 
0.532318 453.000000 0.023446 
0.532064 462.000000 0.023912 
0.532713 439.000000 0.022721 
0.531810 471.000000 0.024378 
0.531782 472.000000 0.024429 
0.531894 468.000000 0.024222 
0.532036 463.000000 0.023964 
0.531951 466.000000 0.024119 
0.532572 444.000000 0.022980 
0.531641 477.000000 0.024688 
0.532628 442.000000 0.022877 
0.532092 461.000000 0.023860 
0.531838 470.000000 0.024326 
0.532289 454.000000 0.023498 
0.531866 469.000000 0.024274 
0.531951 466.000000 0.024119 
0.532374 451.000000 0.023342 
0.532656 441.000000 0.022825 
0.532543 445.000000 0.023032 
0.531866 469.000000 0.024274 
0.531528 481.000000 0.024895 
0.532064 462.000000 0.023912 
0.532713 439.000000 0.022721 
0.532148 459.000000 0.023757 
0.531528 481.000000 0.024895 
0.531697 475.000000 0.024585 
0.532543 445.000000 0.023032 
0.531725 474.000000 0.024533 
0.532205 457.000000 0.023653 
0.532826 435.000000 0.022514 
0.531894 468.000000 0.024222 
0.531556 480.000000 0.024843 
0.532713 439.000000 0.022721 
0.531894 468.000000 0.024222 
0.531697 475.000000 0.024585 
0.532543 445.000000 0.023032 
0.532289 454.000000 0.023498 
0.532684 440.000000 0.022773 
0.531894 468.000000 0.024222 
0.531894 468.000000 0.024222 
0.532318 453.000000 0.023446 
0.532826 435.000000 0.022514 
0.532148 459.000000 0.023757 
0.531951 466.000000 0.024119 
0.531810 471.000000 0.024378 
0.532741 438.000000 0.022670 
0.532459 448.000000 0.023187 
0.532515 446.000000 0.023084 
0.532092 461.000000 0.023860 
0.532346 452.000000 0.023394 
0.531500 482.000000 0.024947 
0.532289 454.000000 0.023498 
0.532684 440.000000 0.022773 
0.532064 462.000000 0.023912 
0.531612 478.000000 0.024740 
0.531866 469.000000 0.024274 
0.532459 448.000000 0.023187 
0.532656 441.000000 0.022825 
0.532431 449.000000 0.023239 
0.532741 438.000000 0.022670 
0.532797 436.000000 0.022566 
0.532713 439.000000 0.022721 
0.532572 444.000000 0.022980 
0.532459 448.000000 0.023187 
0.532487 447.000000 0.023135 
0.532431 449.000000 0.023239 
0.532064 462.000000 0.023912 
0.532487 447.000000 0.023135 
0.532628 442.000000 0.022877 
0.532431 449.000000 0.023239 
0.532515 446.000000 0.023084 
0.532741 438.000000 0.022670 
0.532431 449.000000 0.023239 
0.532402 450.000000 0.023291 
0.532967 430.000000 0.022256 
0.533051 427.000000 0.022100 
0.532656 441.000000 0.022825 
0.532064 462.000000 0.023912 
0.532628 442.000000 0.022877 
0.532318 453.000000 0.023446 
0.531725 474.000000 0.024533 
0.532769 437.000000 0.022618 
0.532402 450.000000 0.023291 
0.532431 449.000000 0.023239 
0.532261 455.000000 0.023550 
0.532995 429.000000 0.022204 
0.532318 453.000000 0.023446 
0.532261 455.000000 0.023550 
0.532092 461.000000 0.023860 
0.532205 457.000000 0.023653 
0.531866 469.000000 0.024274 
0.532092 461.000000 0.023860 
0.531838 470.000000 0.024326 
0.532431 449.000000 0.023239 
0.532741 438.000000 0.022670 
0.532684 440.000000 0.022773 
0.532177 458.000000 0.023705 
0.532261 455.000000 0.023550 
0.532289 454.000000 0.023498 
0.532628 442.000000 0.022877 
0.532543 445.000000 0.023032 
0.532656 441.000000 0.022825 
0.532374 451.000000 0.023342 
0.532402 450.000000 0.023291 
0.532402 450.000000 0.023291 
0.531782 472.000000 0.024429 
0.531810 471.000000 0.024378 
0.532092 461.000000 0.023860 
0.531612 478.000000 0.024740 
0.532402 450.000000 0.023291 
0.531415 485.000000 0.025102 
0.531584 479.000000 0.024792 
0.532656 441.000000 0.022825 
0.532092 461.000000 0.023860 
0.531669 476.000000 0.024636 
0.532261 455.000000 0.023550 
0.532261 455.000000 0.023550 
0.532092 461.000000 0.023860 
0.531894 468.000000 0.024222 
0.532515 446.000000 0.023084 
0.532515 446.000000 0.023084 
0.533079 426.000000 0.022049 
0.532318 453.000000 0.023446 
0.532064 462.000000 0.023912 
0.532036 463.000000 0.023964 
0.532459 448.000000 0.023187 
0.532543 445.000000 0.023032 
0.532402 450.000000 0.023291 
0.532543 445.000000 0.023032 
0.532205 457.000000 0.023653 
0.532092 461.000000 0.023860 
0.532092 461.000000 0.023860 
0.531951 466.000000 0.024119 
0.531866 469.000000 0.024274 
0.532882 433.000000 0.022411 
0.532120 460.000000 0.023808 
0.531669 476.000000 0.024636 
0.532233 456.000000 0.023601 
0.532148 459.000000 0.023757 
0.531894 468.000000 0.024222 
0.532459 448.000000 0.023187 
0.532854 434.000000 0.022463 
0.532910 432.000000 0.022359 
0.532572 444.000000 0.022980 
0.532402 450.000000 0.023291 
0.532543 445.000000 0.023032 
0.532036 463.000000 0.023964 
0.532289 454.000000 0.023498 
0.532374 451.000000 0.023342 
0.532036 463.000000 0.023964 
0.532402 450.000000 0.023291 
0.532261 455.000000 0.023550 
0.532148 459.000000 0.023757 
0.532036 463.000000 0.023964 
0.532261 455.000000 0.023550 
0.532431 449.000000 0.023239 
0.532318 453.000000 0.023446 
0.532684 440.000000 0.022773 
0.532487 447.000000 0.023135 
0.533051 427.000000 0.022100 
0.532205 457.000000 0.023653 
0.532346 452.000000 0.023394 
0.531951 466.000000 0.024119 
0.531951 466.000000 0.024119 
0.532205 457.000000 0.023653 
0.531810 471.000000 0.024378 
0.532910 432.000000 0.022359 
0.532769 437.000000 0.022618 
0.532487 447.000000 0.023135 
0.532148 459.000000 0.023757 
0.532318 453.000000 0.023446 
0.531584 479.000000 0.024792 
0.532177 458.000000 0.023705 
0.532148 459.000000 0.023757 
0.532402 450.000000 0.023291 
0.531753 473.000000 0.024481 
0.532628 442.000000 0.022877 
0.531500 482.000000 0.024947 
0.531894 468.000000 0.024222 
0.532769 437.000000 0.022618 
0.532346 452.000000 0.023394 
0.532543 445.000000 0.023032 
0.532007 464.000000 0.024015 
0.532346 452.000000 0.023394 
0.532233 456.000000 0.023601 
0.532148 459.000000 0.023757 
0.532346 452.000000 0.023394 
0.532092 461.000000 0.023860 
0.532515 446.000000 0.023084 
0.531951 466.000000 0.024119 
0.532797 436.000000 0.022566 
0.532007 464.000000 0.024015 
0.531979 465.000000 0.024067 
0.532713 439.000000 0.022721 
0.532713 439.000000 0.022721 
0.532402 450.000000 0.023291 
0.531697 475.000000 0.024585 
0.533164 423.000000 0.021893 
0.532487 447.000000 0.023135 
0.531556 480.000000 0.024843 
0.531697 475.000000 0.024585 
0.531697 475.000000 0.024585 
0.532177 458.000000 0.023705 
0.531302 489.000000 0.025309 
0.532656 441.000000 0.022825 
0.532431 449.000000 0.023239 
0.531612 478.000000 0.024740 
0.532205 457.000000 0.023653 
0.532289 454.000000 0.023498 
0.532205 457.000000 0.023653 
0.532120 460.000000 0.023808 
0.531979 465.000000 0.024067 
0.532628 442.000000 0.022877 
0.532120 460.000000 0.023808 
0.532036 463.000000 0.023964 
0.532177 458.000000 0.023705 
0.532177 458.000000 0.023705 
0.532487 447.000000 0.023135 
0.532318 453.000000 0.023446 
0.533220 421.000000 0.021790 
0.532995 429.000000 0.022204 
0.532402 450.000000 0.023291 
0.531669 476.000000 0.024636 
0.531725 474.000000 0.024533 
0.532036 463.000000 0.023964 
0.532995 429.000000 0.022204 
0.532402 450.000000 0.023291 
0.532600 443.000000 0.022928 
0.532402 450.000000 0.023291 
0.532120 460.000000 0.023808 
0.533079 426.000000 0.022049 
0.532402 450.000000 0.023291 
0.532205 457.000000 0.023653 
0.532177 458.000000 0.023705 
0.532684 440.000000 0.022773 
0.532036 463.000000 0.023964 
0.531894 468.000000 0.024222 
0.531979 465.000000 0.024067 
0.532741 438.000000 0.022670 
0.531866 469.000000 0.024274 
0.532769 437.000000 0.022618 
0.532487 447.000000 0.023135 
0.532797 436.000000 0.022566 
0.532910 432.000000 0.022359 
0.531641 477.000000 0.024688 
0.532741 438.000000 0.022670 
0.532177 458.000000 0.023705 
0.532628 442.000000 0.022877 
0.532741 438.000000 0.022670 
0.532600 443.000000 0.022928 
0.533220 421.000000 0.021790 
0.532318 453.000000 0.023446 
0.531556 480.000000 0.024843 
0.533136 424.000000 0.021945 
0.532064 462.000000 0.023912 
0.532402 450.000000 0.023291 
0.532684 440.000000 0.022773 
0.532177 458.000000 0.023705 
0.532572 444.000000 0.022980 
0.532318 453.000000 0.023446 
0.532769 437.000000 0.022618 
0.532261 455.000000 0.023550 
0.532487 447.000000 0.023135 
0.531471 483.000000 0.024999 
0.532910 432.000000 0.022359 
0.532459 448.000000 0.023187 
0.531838 470.000000 0.024326 
0.532036 463.000000 0.023964 
0.531669 476.000000 0.024636 
0.532318 453.000000 0.023446 
0.531951 466.000000 0.024119 
0.532205 457.000000 0.023653 
0.532092 461.000000 0.023860 
0.532967 430.000000 0.022256 
0.533164 423.000000 0.021893 
0.532205 457.000000 0.023653 
0.532487 447.000000 0.023135 
0.532346 452.000000 0.023394 
0.532205 457.000000 0.023653 
0.532148 459.000000 0.023757 
0.531500 482.000000 0.024947 
0.531387 486.000000 0.025154 
0.532769 437.000000 0.022618 
0.532797 436.000000 0.022566 
0.532515 446.000000 0.023084 
0.532346 452.000000 0.023394 
0.532459 448.000000 0.023187 
0.531782 472.000000 0.024429 
0.531923 467.000000 0.024171 
0.531951 466.000000 0.024119 
0.532431 449.000000 0.023239 
0.532177 458.000000 0.023705 
0.531528 481.000000 0.024895 
0.532402 450.000000 0.023291 
0.532346 452.000000 0.023394 
0.532600 443.000000 0.022928 
0.532656 441.000000 0.022825 
0.532741 438.000000 0.022670 
0.531866 469.000000 0.024274 
0.532543 445.000000 0.023032 
0.533220 421.000000 0.021790 
0.531725 474.000000 0.024533 
0.532177 458.000000 0.023705 
0.532854 434.000000 0.022463 
0.532289 454.000000 0.023498 
0.532600 443.000000 0.022928 
0.532431 449.000000 0.023239 
0.532543 445.000000 0.023032 
0.531669 476.000000 0.024636 
0.531302 489.000000 0.025309 
0.531584 479.000000 0.024792 
0.531641 477.000000 0.024688 
0.532628 442.000000 0.022877 
0.531217 492.000000 0.025465 
0.532036 463.000000 0.023964 
0.531866 469.000000 0.024274 
0.532600 443.000000 0.022928 
0.532261 455.000000 0.023550 
0.531415 485.000000 0.025102 
0.532120 460.000000 0.023808 
0.531669 476.000000 0.024636 
0.532431 449.000000 0.023239 
0.532459 448.000000 0.023187 
0.531443 484.000000 0.025050 
0.531894 468.000000 0.024222 
0.532515 446.000000 0.023084 
0.532092 461.000000 0.023860 
0.531923 467.000000 0.024171 
0.531697 475.000000 0.024585 
0.532797 436.000000 0.022566 
0.532318 453.000000 0.023446 
0.532854 434.000000 0.022463 
0.532064 462.000000 0.023912 
0.532656 441.000000 0.022825 
0.532007 464.000000 0.024015 
0.531584 479.000000 0.024792 
0.532289 454.000000 0.023498 
0.532064 462.000000 0.023912 
0.532374 451.000000 0.023342 
0.532487 447.000000 0.023135 
0.532289 454.000000 0.023498 
0.532402 450.000000 0.023291 
0.532177 458.000000 0.023705 
0.532148 459.000000 0.023757 
0.532572 444.000000 0.022980 
0.532007 464.000000 0.024015 
0.532487 447.000000 0.023135 
0.531810 471.000000 0.024378 
0.532120 460.000000 0.023808 
0.532092 461.000000 0.023860 
0.531753 473.000000 0.024481 
0.532036 463.000000 0.023964 
0.531810 471.000000 0.024378 
0.532289 454.000000 0.023498 
0.532487 447.000000 0.023135 
0.531528 481.000000 0.024895 
0.532064 462.000000 0.023912 
0.532205 457.000000 0.023653 
0.531979 465.000000 0.024067 
0.532092 461.000000 0.023860 
0.531951 466.000000 0.024119 
0.531725 474.000000 0.024533 
0.531923 467.000000 0.024171 
0.531556 480.000000 0.024843 
0.532600 443.000000 0.022928 
0.532233 456.000000 0.023601 
0.532684 440.000000 0.022773 
0.532374 451.000000 0.023342 
0.532064 462.000000 0.023912 
0.532233 456.000000 0.023601 
0.532007 464.000000 0.024015 
0.532826 435.000000 0.022514 
0.532487 447.000000 0.023135 
0.532120 460.000000 0.023808 
0.532741 438.000000 0.022670 
0.532402 450.000000 0.023291 
0.532826 435.000000 0.022514 
0.532910 432.000000 0.022359 
0.532402 450.000000 0.023291 
0.532459 448.000000 0.023187 
0.532713 439.000000 0.022721 
0.532628 442.000000 0.022877 
0.532684 440.000000 0.022773 
0.532826 435.000000 0.022514 
0.532007 464.000000 0.024015 
0.532092 461.000000 0.023860 
0.531528 481.000000 0.024895 
0.532036 463.000000 0.023964 
0.531584 479.000000 0.024792 
0.532148 459.000000 0.023757 
0.531923 467.000000 0.024171 
0.532120 460.000000 0.023808 
0.532007 464.000000 0.024015 
0.532572 444.000000 0.022980 
0.531782 472.000000 0.024429 
0.532600 443.000000 0.022928 
0.532882 433.000000 0.022411 
0.531979 465.000000 0.024067 
0.531838 470.000000 0.024326 
0.531641 477.000000 0.024688 
0.532741 438.000000 0.022670 
0.532120 460.000000 0.023808 
0.532318 453.000000 0.023446 
0.532967 430.000000 0.022256 
0.531810 471.000000 0.024378 
0.532882 433.000000 0.022411 
0.532036 463.000000 0.023964 
0.531105 496.000000 0.025672 
0.531838 470.000000 0.024326 
0.531358 487.000000 0.025206 
0.533474 412.000000 0.021324 
0.532374 451.000000 0.023342 
0.532572 444.000000 0.022980 
0.532007 464.000000 0.024015 
0.531528 481.000000 0.024895 
0.532205 457.000000 0.023653 
0.532487 447.000000 0.023135 
0.532967 430.000000 0.022256 
0.531866 469.000000 0.024274 
0.531866 469.000000 0.024274 
0.532177 458.000000 0.023705 
0.531951 466.000000 0.024119 
0.532543 445.000000 0.023032 
0.532007 464.000000 0.024015 
0.531810 471.000000 0.024378 
0.531951 466.000000 0.024119 
0.531866 469.000000 0.024274 
0.532318 453.000000 0.023446 
0.531838 470.000000 0.024326 
0.532459 448.000000 0.023187 
0.532205 457.000000 0.023653 
0.532346 452.000000 0.023394 
0.532487 447.000000 0.023135 
0.532148 459.000000 0.023757 
0.531894 468.000000 0.024222 
0.532233 456.000000 0.023601 
0.532036 463.000000 0.023964 
0.532656 441.000000 0.022825 
0.532797 436.000000 0.022566 
0.531923 467.000000 0.024171 
0.532769 437.000000 0.022618 
0.532572 444.000000 0.022980 
0.533418 414.000000 0.021427 
0.532995 429.000000 0.022204 
0.532177 458.000000 0.023705 
0.532515 446.000000 0.023084 
0.532600 443.000000 0.022928 
0.532092 461.000000 0.023860 
0.532036 463.000000 0.023964 
0.531415 485.000000 0.025102 
0.531725 474.000000 0.024533 
0.532967 430.000000 0.022256 
0.531979 465.000000 0.024067 
0.531641 477.000000 0.024688 
0.532064 462.000000 0.023912 
0.532459 448.000000 0.023187 
0.532092 461.000000 0.023860 
0.532797 436.000000 0.022566 
0.532092 461.000000 0.023860 
0.532684 440.000000 0.022773 
0.532092 461.000000 0.023860 
0.532036 463.000000 0.023964 
0.532600 443.000000 0.022928 
0.532346 452.000000 0.023394 
0.531923 467.000000 0.024171 
0.533164 423.000000 0.021893 
0.532318 453.000000 0.023446 
0.532797 436.000000 0.022566 
0.532261 455.000000 0.023550 
0.532374 451.000000 0.023342 
0.531951 466.000000 0.024119 
0.531725 474.000000 0.024533 
0.531725 474.000000 0.024533 
0.532318 453.000000 0.023446 
0.531584 479.000000 0.024792 
0.531951 466.000000 0.024119 
0.532261 455.000000 0.023550 
0.532318 453.000000 0.023446 
0.532261 455.000000 0.023550 
0.531189 493.000000 0.025516 
0.532177 458.000000 0.023705 
0.532205 457.000000 0.023653 
0.532769 437.000000 0.022618 
0.531923 467.000000 0.024171 
0.532092 461.000000 0.023860 
0.533277 419.000000 0.021686 
0.532402 450.000000 0.023291 
0.532233 456.000000 0.023601 
0.532515 446.000000 0.023084 
0.532910 432.000000 0.022359 
0.532515 446.000000 0.023084 
0.532431 449.000000 0.023239 
0.532120 460.000000 0.023808 
0.531641 477.000000 0.024688 
0.532092 461.000000 0.023860 
0.532148 459.000000 0.023757 
0.532910 432.000000 0.022359 
0.532431 449.000000 0.023239 
0.531415 485.000000 0.025102 
0.532205 457.000000 0.023653 
0.532318 453.000000 0.023446 
0.531894 468.000000 0.024222 
0.531500 482.000000 0.024947 
0.532318 453.000000 0.023446 
0.532036 463.000000 0.023964 
0.531838 470.000000 0.024326 
0.532431 449.000000 0.023239 
0.532261 455.000000 0.023550 
0.532628 442.000000 0.022877 
0.531782 472.000000 0.024429 
0.531923 467.000000 0.024171 
0.532402 450.000000 0.023291 
0.532431 449.000000 0.023239 
0.532543 445.000000 0.023032 
0.531641 477.000000 0.024688 
0.532600 443.000000 0.022928 
0.532064 462.000000 0.023912 
0.532036 463.000000 0.023964 
0.532797 436.000000 0.022566 
0.532036 463.000000 0.023964 
0.532769 437.000000 0.022618 
0.532769 437.000000 0.022618 
0.532233 456.000000 0.023601 
0.532487 447.000000 0.023135 
0.532064 462.000000 0.023912 
0.531810 471.000000 0.024378 
0.531753 473.000000 0.024481 
0.531866 469.000000 0.024274 
0.531358 487.000000 0.025206 
0.532854 434.000000 0.022463 
0.532318 453.000000 0.023446 
0.532261 455.000000 0.023550 
0.531217 492.000000 0.025465 
0.532938 431.000000 0.022307 
0.532910 432.000000 0.022359 
0.531697 475.000000 0.024585 
0.531584 479.000000 0.024792 
0.532459 448.000000 0.023187 
0.532120 460.000000 0.023808 
0.533390 415.000000 0.021479 
0.532572 444.000000 0.022980 
0.532346 452.000000 0.023394 
0.532233 456.000000 0.023601 
0.532092 461.000000 0.023860 
0.531641 477.000000 0.024688 
0.532487 447.000000 0.023135 
0.532233 456.000000 0.023601 
0.532177 458.000000 0.023705 
0.532177 458.000000 0.023705 
0.531951 466.000000 0.024119 
0.531782 472.000000 0.024429 
0.532938 431.000000 0.022307 
0.532092 461.000000 0.023860 
0.532064 462.000000 0.023912 
0.532882 433.000000 0.022411 
0.532177 458.000000 0.023705 
0.532600 443.000000 0.022928 
0.532656 441.000000 0.022825 
0.533079 426.000000 0.022049 
0.532600 443.000000 0.022928 
0.532938 431.000000 0.022307 
0.532431 449.000000 0.023239 
0.532148 459.000000 0.023757 
0.532374 451.000000 0.023342 
0.531105 496.000000 0.025672 
0.532064 462.000000 0.023912 
0.532148 459.000000 0.023757 
0.532177 458.000000 0.023705 
0.531217 492.000000 0.025465 
0.532177 458.000000 0.023705 
0.532205 457.000000 0.023653 
0.531641 477.000000 0.024688 
0.532572 444.000000 0.022980 
0.531951 466.000000 0.024119 
0.531669 476.000000 0.024636 
0.532938 431.000000 0.022307 
0.532148 459.000000 0.023757 
0.532882 433.000000 0.022411 
0.533192 422.000000 0.021842 
0.532572 444.000000 0.022980 
0.532233 456.000000 0.023601 
0.532318 453.000000 0.023446 
0.532713 439.000000 0.022721 
0.531838 470.000000 0.024326 
0.532402 450.000000 0.023291 
0.532148 459.000000 0.023757 
0.532261 455.000000 0.023550 
0.531838 470.000000 0.024326 
0.532036 463.000000 0.023964 
0.531443 484.000000 0.025050 
0.531725 474.000000 0.024533 
0.532769 437.000000 0.022618 
0.532656 441.000000 0.022825 
0.532007 464.000000 0.024015 
0.532459 448.000000 0.023187 
0.532572 444.000000 0.022980 
0.532346 452.000000 0.023394 
0.532572 444.000000 0.022980 
0.532092 461.000000 0.023860 
0.532177 458.000000 0.023705 
0.531725 474.000000 0.024533 
0.534010 393.000000 0.020341 
0.532487 447.000000 0.023135 
0.532713 439.000000 0.022721 
0.532148 459.000000 0.023757 
0.532261 455.000000 0.023550 
0.531979 465.000000 0.024067 
0.532967 430.000000 0.022256 
0.531443 484.000000 0.025050 
0.532205 457.000000 0.023653 
0.531979 465.000000 0.024067 
0.532459 448.000000 0.023187 
0.532318 453.000000 0.023446 
0.531923 467.000000 0.024171 
0.532233 456.000000 0.023601 
0.531923 467.000000 0.024171 
0.531979 465.000000 0.024067 
0.532543 445.000000 0.023032 
0.532148 459.000000 0.023757 
0.532600 443.000000 0.022928 
0.532120 460.000000 0.023808 
0.531584 479.000000 0.024792 
0.532036 463.000000 0.023964 
0.531697 475.000000 0.024585 
0.532120 460.000000 0.023808 
0.532374 451.000000 0.023342 
0.532233 456.000000 0.023601 
0.532797 436.000000 0.022566 
0.532656 441.000000 0.022825 
0.532995 429.000000 0.022204 
0.531923 467.000000 0.024171 
0.532402 450.000000 0.023291 
0.532543 445.000000 0.023032 
0.532543 445.000000 0.023032 
0.531471 483.000000 0.024999 
0.532120 460.000000 0.023808 
0.532233 456.000000 0.023601 
0.532120 460.000000 0.023808 
0.531415 485.000000 0.025102 
0.532374 451.000000 0.023342 
0.532148 459.000000 0.023757 
0.532543 445.000000 0.023032 
0.533051 427.000000 0.022100 
0.532628 442.000000 0.022877 
0.532233 456.000000 0.023601 
0.532826 435.000000 0.022514 
0.532177 458.000000 0.023705 
0.532684 440.000000 0.022773 
0.532064 462.000000 0.023912 
0.532459 448.000000 0.023187 
0.532148 459.000000 0.023757 
0.532543 445.000000 0.023032 
0.532374 451.000000 0.023342 
0.532967 430.000000 0.022256 
0.531951 466.000000 0.024119 
0.531810 471.000000 0.024378 
0.532205 457.000000 0.023653 
0.531753 473.000000 0.024481 
0.531951 466.000000 0.024119 
0.532600 443.000000 0.022928 
0.531810 471.000000 0.024378 
0.532289 454.000000 0.023498 
0.532092 461.000000 0.023860 
0.531866 469.000000 0.024274 
0.532120 460.000000 0.023808 
0.532177 458.000000 0.023705 
0.532092 461.000000 0.023860 
0.532741 438.000000 0.022670 
0.532769 437.000000 0.022618 
0.531697 475.000000 0.024585 
0.532148 459.000000 0.023757 
0.532346 452.000000 0.023394 
0.532007 464.000000 0.024015 
0.531782 472.000000 0.024429 
0.532515 446.000000 0.023084 
0.531894 468.000000 0.024222 
0.532346 452.000000 0.023394 
0.531161 494.000000 0.025568 
0.531528 481.000000 0.024895 
0.532628 442.000000 0.022877 
0.531810 471.000000 0.024378 
0.532064 462.000000 0.023912 
0.532007 464.000000 0.024015 
0.532600 443.000000 0.022928 
0.532177 458.000000 0.023705 
0.532007 464.000000 0.024015 
0.531838 470.000000 0.024326 
0.532177 458.000000 0.023705 
0.531866 469.000000 0.024274 
0.532036 463.000000 0.023964 
0.532656 441.000000 0.022825 
0.532684 440.000000 0.022773 
0.531584 479.000000 0.024792 
0.531866 469.000000 0.024274 
0.532854 434.000000 0.022463 
0.531782 472.000000 0.024429 
0.532431 449.000000 0.023239 
0.532233 456.000000 0.023601 
0.532713 439.000000 0.022721 
0.532826 435.000000 0.022514 
0.531669 476.000000 0.024636 
0.532374 451.000000 0.023342 
0.531979 465.000000 0.024067 
0.532092 461.000000 0.023860 
0.532628 442.000000 0.022877 
0.532092 461.000000 0.023860 
0.531048 498.000000 0.025775 
0.532036 463.000000 0.023964 
0.532007 464.000000 0.024015 
0.531274 490.000000 0.025361 
0.532318 453.000000 0.023446 
0.531556 480.000000 0.024843 
0.532148 459.000000 0.023757 
0.531725 474.000000 0.024533 
0.531894 468.000000 0.024222 
0.531330 488.000000 0.025257 
0.532289 454.000000 0.023498 
0.531753 473.000000 0.024481 
0.532120 460.000000 0.023808 
0.531556 480.000000 0.024843 
0.532233 456.000000 0.023601 
0.533192 422.000000 0.021842 
0.532289 454.000000 0.023498 
0.532064 462.000000 0.023912 
0.531753 473.000000 0.024481 
0.532092 461.000000 0.023860 
0.532459 448.000000 0.023187 
0.532120 460.000000 0.023808 
0.533220 421.000000 0.021790 
0.531415 485.000000 0.025102 
0.532261 455.000000 0.023550 
0.532261 455.000000 0.023550 
0.531556 480.000000 0.024843 
0.532967 430.000000 0.022256 
0.531894 468.000000 0.024222 
0.532515 446.000000 0.023084 
0.531923 467.000000 0.024171 
0.532092 461.000000 0.023860 
0.532148 459.000000 0.023757 
0.531894 468.000000 0.024222 
0.532177 458.000000 0.023705 
0.531979 465.000000 0.024067 
0.532572 444.000000 0.022980 
0.532431 449.000000 0.023239 
0.532882 433.000000 0.022411 
0.531838 470.000000 0.024326 
0.532374 451.000000 0.023342 
0.532487 447.000000 0.023135 
0.532148 459.000000 0.023757 
0.531302 489.000000 0.025309 
0.532459 448.000000 0.023187 
0.531866 469.000000 0.024274 
0.533051 427.000000 0.022100 
0.532515 446.000000 0.023084 
0.532656 441.000000 0.022825 
0.531669 476.000000 0.024636 
0.532797 436.000000 0.022566 
0.532572 444.000000 0.022980 
0.531274 490.000000 0.025361 
0.532120 460.000000 0.023808 
0.531641 477.000000 0.024688 
0.532628 442.000000 0.022877 
0.532374 451.000000 0.023342 
0.532459 448.000000 0.023187 
0.532459 448.000000 0.023187 
0.532684 440.000000 0.022773 
0.532487 447.000000 0.023135 
0.532572 444.000000 0.022980 
0.532515 446.000000 0.023084 
0.532064 462.000000 0.023912 
0.531725 474.000000 0.024533 
0.532092 461.000000 0.023860 
0.532882 433.000000 0.022411 
0.532120 460.000000 0.023808 
0.531923 467.000000 0.024171 
0.532120 460.000000 0.023808 
0.531923 467.000000 0.024171 
0.532769 437.000000 0.022618 
0.531923 467.000000 0.024171 
0.532346 452.000000 0.023394 
0.531782 472.000000 0.024429 
0.532402 450.000000 0.023291 
0.531697 475.000000 0.024585 
0.532684 440.000000 0.022773 
0.531782 472.000000 0.024429 
0.532515 446.000000 0.023084 
0.532769 437.000000 0.022618 
0.532261 455.000000 0.023550 
0.532120 460.000000 0.023808 
0.532797 436.000000 0.022566 
0.532938 431.000000 0.022307 
0.532177 458.000000 0.023705 
0.531866 469.000000 0.024274 
0.533023 428.000000 0.022152 
0.531866 469.000000 0.024274 
0.532318 453.000000 0.023446 
0.532092 461.000000 0.023860 
0.531866 469.000000 0.024274 
0.532233 456.000000 0.023601 
0.531725 474.000000 0.024533 
0.531866 469.000000 0.024274 
0.531866 469.000000 0.024274 
0.532120 460.000000 0.023808 
0.532826 435.000000 0.022514 
0.532318 453.000000 0.023446 
0.532177 458.000000 0.023705 
0.531923 467.000000 0.024171 
0.532797 436.000000 0.022566 
0.532148 459.000000 0.023757 
0.532374 451.000000 0.023342 
0.532092 461.000000 0.023860 
0.531584 479.000000 0.024792 
0.532797 436.000000 0.022566 
0.531979 465.000000 0.024067 
0.532346 452.000000 0.023394 
0.531866 469.000000 0.024274 
0.532515 446.000000 0.023084 
0.532120 460.000000 0.023808 
0.532036 463.000000 0.023964 
0.531894 468.000000 0.024222 
0.532205 457.000000 0.023653 
0.532459 448.000000 0.023187 
0.532120 460.000000 0.023808 
0.532684 440.000000 0.022773 
0.532487 447.000000 0.023135 
0.532177 458.000000 0.023705 
0.531725 474.000000 0.024533 
0.532120 460.000000 0.023808 
0.532628 442.000000 0.022877 
0.531669 476.000000 0.024636 
0.532967 430.000000 0.022256 
0.532261 455.000000 0.023550 
0.532600 443.000000 0.022928 
0.532064 462.000000 0.023912 
0.532120 460.000000 0.023808 
0.533277 419.000000 0.021686 
0.532233 456.000000 0.023601 
0.532600 443.000000 0.022928 
0.532036 463.000000 0.023964 
0.532628 442.000000 0.022877 
0.532374 451.000000 0.023342 
0.531894 468.000000 0.024222 
0.532402 450.000000 0.023291 
0.532515 446.000000 0.023084 
0.532431 449.000000 0.023239 
0.531951 466.000000 0.024119 
0.532261 455.000000 0.023550 
0.531894 468.000000 0.024222 
0.531923 467.000000 0.024171 
0.531753 473.000000 0.024481 
0.532431 449.000000 0.023239 
0.532120 460.000000 0.023808 
0.532318 453.000000 0.023446 
0.531669 476.000000 0.024636 
0.531641 477.000000 0.024688 
0.531838 470.000000 0.024326 
0.532431 449.000000 0.023239 
0.532515 446.000000 0.023084 
0.532374 451.000000 0.023342 
0.531387 486.000000 0.025154 
0.532487 447.000000 0.023135 
0.532233 456.000000 0.023601 
0.532402 450.000000 0.023291 
0.532064 462.000000 0.023912 
0.532572 444.000000 0.022980 
0.532459 448.000000 0.023187 
0.532092 461.000000 0.023860 
0.531782 472.000000 0.024429 
0.532064 462.000000 0.023912 
0.533136 424.000000 0.021945 
0.532007 464.000000 0.024015 
0.532036 463.000000 0.023964 
0.532092 461.000000 0.023860 
0.532459 448.000000 0.023187 
0.532177 458.000000 0.023705 
0.531810 471.000000 0.024378 
0.532374 451.000000 0.023342 
0.532628 442.000000 0.022877 
0.531189 493.000000 0.025516 
0.531923 467.000000 0.024171 
0.532346 452.000000 0.023394 
0.532487 447.000000 0.023135 
0.532628 442.000000 0.022877 
0.532233 456.000000 0.023601 
0.531923 467.000000 0.024171 
0.532459 448.000000 0.023187 
0.531979 465.000000 0.024067 
0.532628 442.000000 0.022877 
0.532374 451.000000 0.023342 
0.532656 441.000000 0.022825 
0.531584 479.000000 0.024792 
0.531443 484.000000 0.025050 
0.531810 471.000000 0.024378 
0.532628 442.000000 0.022877 
0.532233 456.000000 0.023601 
0.531641 477.000000 0.024688 
0.532854 434.000000 0.022463 
0.532346 452.000000 0.023394 
0.532600 443.000000 0.022928 
0.532967 430.000000 0.022256 
0.532374 451.000000 0.023342 
0.532177 458.000000 0.023705 
0.532289 454.000000 0.023498 
0.531838 470.000000 0.024326 
0.532684 440.000000 0.022773 
0.532459 448.000000 0.023187 
0.532120 460.000000 0.023808 
0.531725 474.000000 0.024533 
0.533136 424.000000 0.021945 
0.532007 464.000000 0.024015 
0.531753 473.000000 0.024481 
0.532233 456.000000 0.023601 
0.532148 459.000000 0.023757 
0.531979 465.000000 0.024067 
0.530935 502.000000 0.025982 
0.532600 443.000000 0.022928 
0.532826 435.000000 0.022514 
0.532882 433.000000 0.022411 
0.531274 490.000000 0.025361 
0.532882 433.000000 0.022411 
0.532515 446.000000 0.023084 
0.532120 460.000000 0.023808 
0.531584 479.000000 0.024792 
0.533023 428.000000 0.022152 
0.532431 449.000000 0.023239 
0.533051 427.000000 0.022100 
0.532007 464.000000 0.024015 
0.532684 440.000000 0.022773 
0.532205 457.000000 0.023653 
0.532797 436.000000 0.022566 
0.532572 444.000000 0.022980 
0.532938 431.000000 0.022307 
0.531753 473.000000 0.024481 
0.532402 450.000000 0.023291 
0.532346 452.000000 0.023394 
0.531528 481.000000 0.024895 
0.532402 450.000000 0.023291 
0.532543 445.000000 0.023032 
0.532684 440.000000 0.022773 
0.532318 453.000000 0.023446 
0.531894 468.000000 0.024222 
0.532289 454.000000 0.023498 
0.531838 470.000000 0.024326 
0.531810 471.000000 0.024378 
0.531217 492.000000 0.025465 
0.531697 475.000000 0.024585 
0.532318 453.000000 0.023446 
0.532177 458.000000 0.023705 
0.531725 474.000000 0.024533 
0.532431 449.000000 0.023239 
0.532205 457.000000 0.023653 
0.532628 442.000000 0.022877 
0.531894 468.000000 0.024222 
0.532402 450.000000 0.023291 
0.532346 452.000000 0.023394 
0.532233 456.000000 0.023601 
0.532233 456.000000 0.023601 
0.532007 464.000000 0.024015 
0.531753 473.000000 0.024481 
0.531810 471.000000 0.024378 
0.532713 439.000000 0.022721 
0.532402 450.000000 0.023291 
0.532289 454.000000 0.023498 
0.532036 463.000000 0.023964 
0.532289 454.000000 0.023498 
0.532515 446.000000 0.023084 
0.532431 449.000000 0.023239 
0.532007 464.000000 0.024015 
0.531584 479.000000 0.024792 
0.532628 442.000000 0.022877 
0.530992 500.000000 0.025879 
0.531894 468.000000 0.024222 
0.531951 466.000000 0.024119 
0.532233 456.000000 0.023601 
0.531669 476.000000 0.024636 
0.532684 440.000000 0.022773 
0.531556 480.000000 0.024843 
0.532487 447.000000 0.023135 
0.532431 449.000000 0.023239 
0.531838 470.000000 0.024326 
0.532543 445.000000 0.023032 
0.532346 452.000000 0.023394 
0.533051 427.000000 0.022100 
0.532346 452.000000 0.023394 
0.532346 452.000000 0.023394 
0.532148 459.000000 0.023757 
0.532318 453.000000 0.023446 
0.531951 466.000000 0.024119 
0.532431 449.000000 0.023239 
0.531697 475.000000 0.024585 
0.532487 447.000000 0.023135 
0.532374 451.000000 0.023342 
0.531669 476.000000 0.024636 
0.531810 471.000000 0.024378 
0.532120 460.000000 0.023808 
0.532092 461.000000 0.023860 
0.532543 445.000000 0.023032 
0.532713 439.000000 0.022721 
0.532120 460.000000 0.023808 
0.532769 437.000000 0.022618 
0.531979 465.000000 0.024067 
0.531951 466.000000 0.024119 
0.532656 441.000000 0.022825 
0.532148 459.000000 0.023757 
0.532148 459.000000 0.023757 
0.532684 440.000000 0.022773 
0.531471 483.000000 0.024999 
0.532007 464.000000 0.024015 
0.531979 465.000000 0.024067 
0.531923 467.000000 0.024171 
0.532515 446.000000 0.023084 
0.531612 478.000000 0.024740 
0.532120 460.000000 0.023808 
0.531951 466.000000 0.024119 
0.531753 473.000000 0.024481 
0.532487 447.000000 0.023135 
0.532402 450.000000 0.023291 
0.532431 449.000000 0.023239 
0.532318 453.000000 0.023446 
0.531810 471.000000 0.024378 
0.531612 478.000000 0.024740 
0.531753 473.000000 0.024481 
0.532515 446.000000 0.023084 
0.532995 429.000000 0.022204 
0.532205 457.000000 0.023653 
0.532036 463.000000 0.023964 
0.532036 463.000000 0.023964 
0.532713 439.000000 0.022721 
0.532148 459.000000 0.023757 
0.532036 463.000000 0.023964 
0.531669 476.000000 0.024636 
0.532289 454.000000 0.023498 
0.532600 443.000000 0.022928 
0.532205 457.000000 0.023653 
0.532007 464.000000 0.024015 
0.532120 460.000000 0.023808 
0.532572 444.000000 0.022980 
0.532374 451.000000 0.023342 
0.533220 421.000000 0.021790 
0.532092 461.000000 0.023860 
0.532064 462.000000 0.023912 
0.532120 460.000000 0.023808 
0.532346 452.000000 0.023394 
0.533023 428.000000 0.022152 
0.532854 434.000000 0.022463 
0.532233 456.000000 0.023601 
0.532656 441.000000 0.022825 
0.532402 450.000000 0.023291 
0.532177 458.000000 0.023705 
0.531584 479.000000 0.024792 
0.532007 464.000000 0.024015 
0.532233 456.000000 0.023601 
0.531641 477.000000 0.024688 
0.532233 456.000000 0.023601 
0.533164 423.000000 0.021893 
0.532854 434.000000 0.022463 
0.532148 459.000000 0.023757 
0.531979 465.000000 0.024067 
0.531979 465.000000 0.024067 
0.532713 439.000000 0.022721 
0.532402 450.000000 0.023291 
0.532092 461.000000 0.023860 
0.532826 435.000000 0.022514 
0.532487 447.000000 0.023135 
0.531782 472.000000 0.024429 
0.532487 447.000000 0.023135 
0.531894 468.000000 0.024222 
0.531782 472.000000 0.024429 
0.531584 479.000000 0.024792 
0.531894 468.000000 0.024222 
0.532374 451.000000 0.023342 
0.532600 443.000000 0.022928 
0.532431 449.000000 0.023239 
0.532600 443.000000 0.022928 
0.532177 458.000000 0.023705 
0.532459 448.000000 0.023187 
0.531782 472.000000 0.024429 
0.531782 472.000000 0.024429 
0.532036 463.000000 0.023964 
0.532402 450.000000 0.023291 
0.532741 438.000000 0.022670 
0.531979 465.000000 0.024067 
0.532289 454.000000 0.023498 
0.532092 461.000000 0.023860 
0.531894 468.000000 0.024222 
0.532177 458.000000 0.023705 
0.532515 446.000000 0.023084 
0.531782 472.000000 0.024429 
0.532092 461.000000 0.023860 
0.532318 453.000000 0.023446 
0.532261 455.000000 0.023550 
0.532318 453.000000 0.023446 
0.532684 440.000000 0.022773 
0.531782 472.000000 0.024429 
0.532374 451.000000 0.023342 
0.532600 443.000000 0.022928 
0.532826 435.000000 0.022514 
0.532205 457.000000 0.023653 
0.532769 437.000000 0.022618 
0.532318 453.000000 0.023446 
0.531838 470.000000 0.024326 
0.532205 457.000000 0.023653 
0.532515 446.000000 0.023084 
0.532459 448.000000 0.023187 
0.532346 452.000000 0.023394 
0.532346 452.000000 0.023394 
0.533164 423.000000 0.021893 
0.531387 486.000000 0.025154 
0.532769 437.000000 0.022618 
0.532515 446.000000 0.023084 
0.532177 458.000000 0.023705 
0.532600 443.000000 0.022928 
0.532092 461.000000 0.023860 
0.531838 470.000000 0.024326 
0.531810 471.000000 0.024378 
0.531810 471.000000 0.024378 
0.532995 429.000000 0.022204 
0.532713 439.000000 0.022721 
0.531612 478.000000 0.024740 
0.531923 467.000000 0.024171 
0.532120 460.000000 0.023808 
0.531725 474.000000 0.024533 
0.532600 443.000000 0.022928 
0.532289 454.000000 0.023498 
0.532459 448.000000 0.023187 
0.532289 454.000000 0.023498 
0.532713 439.000000 0.022721 
0.533051 427.000000 0.022100 
0.532177 458.000000 0.023705 
0.532177 458.000000 0.023705 
0.531725 474.000000 0.024533 
0.532374 451.000000 0.023342 
0.532374 451.000000 0.023342 
0.532402 450.000000 0.023291 
0.532402 450.000000 0.023291 
0.532177 458.000000 0.023705 
0.532459 448.000000 0.023187 
0.532572 444.000000 0.022980 
0.532092 461.000000 0.023860 
0.532938 431.000000 0.022307 
0.532374 451.000000 0.023342 
0.532374 451.000000 0.023342 
0.532289 454.000000 0.023498 
0.531866 469.000000 0.024274 
0.532656 441.000000 0.022825 
0.532148 459.000000 0.023757 
0.531894 468.000000 0.024222 
0.532826 435.000000 0.022514 
0.531500 482.000000 0.024947 
0.532346 452.000000 0.023394 
0.532233 456.000000 0.023601 
0.532600 443.000000 0.022928 
