0.409169 4818.000000 0.249366 
0.407222 4887.000000 0.252937 
0.407843 4865.000000 0.251799 
0.407279 4885.000000 0.252834 
0.408859 4829.000000 0.249935 
0.410721 4763.000000 0.246519 
0.408690 4835.000000 0.250246 
0.408831 4830.000000 0.249987 
0.408774 4832.000000 0.250091 
0.407928 4862.000000 0.251643 
0.408633 4837.000000 0.250349 
0.407871 4864.000000 0.251747 
0.408661 4836.000000 0.250298 
0.406856 4900.000000 0.253610 
0.411595 4732.000000 0.244915 
0.408548 4840.000000 0.250505 
0.410044 4787.000000 0.247762 
0.406884 4899.000000 0.253558 
0.408690 4835.000000 0.250246 
0.409592 4803.000000 0.248590 
0.408774 4832.000000 0.250091 
0.408182 4853.000000 0.251177 
0.409028 4823.000000 0.249625 
0.407900 4863.000000 0.251695 
0.409000 4824.000000 0.249677 
0.408295 4849.000000 0.250970 
0.409141 4819.000000 0.249418 
0.407081 4892.000000 0.253196 
0.407815 4866.000000 0.251850 
0.407110 4891.000000 0.253144 
0.407956 4861.000000 0.251592 
0.409395 4810.000000 0.248952 
0.408266 4850.000000 0.251022 
0.410157 4783.000000 0.247554 
0.407194 4888.000000 0.252989 
0.406856 4900.000000 0.253610 
0.407815 4866.000000 0.251850 
0.409338 4812.000000 0.249055 
0.407956 4861.000000 0.251592 
0.408577 4839.000000 0.250453 
0.408774 4832.000000 0.250091 
0.410834 4759.000000 0.246312 
0.410298 4778.000000 0.247296 
0.408859 4829.000000 0.249935 
0.407815 4866.000000 0.251850 
0.408153 4854.000000 0.251229 
0.407758 4868.000000 0.251954 
0.408887 4828.000000 0.249884 
0.408379 4846.000000 0.250815 
0.407561 4875.000000 0.252316 
0.409649 4801.000000 0.248486 
0.409310 4813.000000 0.249107 
0.409310 4813.000000 0.249107 
0.408605 4838.000000 0.250401 
0.407815 4866.000000 0.251850 
0.408464 4843.000000 0.250660 
0.408436 4844.000000 0.250712 
0.408182 4853.000000 0.251177 
0.408041 4858.000000 0.251436 
0.407815 4866.000000 0.251850 
0.406207 4923.000000 0.254800 
0.407561 4875.000000 0.252316 
0.409874 4793.000000 0.248072 
0.409028 4823.000000 0.249625 
0.409621 4802.000000 0.248538 
0.407871 4864.000000 0.251747 
0.409621 4802.000000 0.248538 
0.409423 4809.000000 0.248900 
0.408436 4844.000000 0.250712 
0.408492 4842.000000 0.250608 
0.409479 4807.000000 0.248797 
0.406404 4916.000000 0.254438 
0.408577 4839.000000 0.250453 
0.411229 4745.000000 0.245588 
0.407364 4882.000000 0.252678 
0.409282 4814.000000 0.249159 
0.408464 4843.000000 0.250660 
0.409508 4806.000000 0.248745 
0.408690 4835.000000 0.250246 
0.410693 4764.000000 0.246571 
0.407702 4870.000000 0.252057 
0.408887 4828.000000 0.249884 
0.409056 4822.000000 0.249573 
0.407984 4860.000000 0.251540 
0.408436 4844.000000 0.250712 
0.406997 4895.000000 0.253351 
0.406969 4896.000000 0.253403 
0.407900 4863.000000 0.251695 
0.408690 4835.000000 0.250246 
0.409733 4798.000000 0.248331 
0.406545 4911.000000 0.254179 
0.406715 4905.000000 0.253869 
0.408887 4828.000000 0.249884 
0.408097 4856.000000 0.251333 
0.411257 4744.000000 0.245536 
0.409197 4817.000000 0.249314 
0.409395 4810.000000 0.248952 
0.409226 4816.000000 0.249262 
0.408097 4856.000000 0.251333 
0.409621 4802.000000 0.248538 
0.410693 4764.000000 0.246571 
0.408266 4850.000000 0.251022 
0.408746 4833.000000 0.250142 
0.409141 4819.000000 0.249418 
0.408041 4858.000000 0.251436 
0.408746 4833.000000 0.250142 
0.409367 4811.000000 0.249004 
0.410636 4766.000000 0.246675 
0.407871 4864.000000 0.251747 
0.408690 4835.000000 0.250246 
0.408295 4849.000000 0.250970 
0.409508 4806.000000 0.248745 
0.408323 4848.000000 0.250919 
0.408746 4833.000000 0.250142 
0.410072 4786.000000 0.247710 
0.408718 4834.000000 0.250194 
0.409451 4808.000000 0.248848 
0.409310 4813.000000 0.249107 
0.409959 4790.000000 0.247917 
0.412244 4709.000000 0.243724 
0.408548 4840.000000 0.250505 
0.409169 4818.000000 0.249366 
0.409141 4819.000000 0.249418 
0.406715 4905.000000 0.253869 
0.407166 4889.000000 0.253041 
0.407364 4882.000000 0.252678 
0.407279 4885.000000 0.252834 
0.410157 4783.000000 0.247554 
0.409592 4803.000000 0.248590 
0.410100 4785.000000 0.247658 
0.407758 4868.000000 0.251954 
0.408153 4854.000000 0.251229 
0.407617 4873.000000 0.252213 
0.408633 4837.000000 0.250349 
0.407589 4874.000000 0.252264 
0.412329 4706.000000 0.243569 
0.409536 4805.000000 0.248693 
0.407815 4866.000000 0.251850 
0.409000 4824.000000 0.249677 
0.408153 4854.000000 0.251229 
0.410241 4780.000000 0.247399 
0.409592 4803.000000 0.248590 
0.408548 4840.000000 0.250505 
0.411144 4748.000000 0.245743 
0.410580 4768.000000 0.246778 
0.408125 4855.000000 0.251281 
0.408097 4856.000000 0.251333 
0.408690 4835.000000 0.250246 
0.409903 4792.000000 0.248020 
0.408718 4834.000000 0.250194 
0.408012 4859.000000 0.251488 
0.409423 4809.000000 0.248900 
0.409592 4803.000000 0.248590 
0.410072 4786.000000 0.247710 
0.407533 4876.000000 0.252368 
0.409536 4805.000000 0.248693 
0.409931 4791.000000 0.247969 
0.410777 4761.000000 0.246416 
0.408210 4852.000000 0.251126 
0.408859 4829.000000 0.249935 
0.409592 4803.000000 0.248590 
0.408379 4846.000000 0.250815 
0.409423 4809.000000 0.248900 
0.407787 4867.000000 0.251902 
0.406912 4898.000000 0.253507 
0.410777 4761.000000 0.246416 
0.407420 4880.000000 0.252575 
0.410580 4768.000000 0.246778 
0.410128 4784.000000 0.247606 
0.409536 4805.000000 0.248693 
0.410410 4774.000000 0.247089 
0.408125 4855.000000 0.251281 
0.408492 4842.000000 0.250608 
0.408915 4827.000000 0.249832 
0.408774 4832.000000 0.250091 
0.410044 4787.000000 0.247762 
0.408125 4855.000000 0.251281 
0.410298 4778.000000 0.247296 
0.410495 4771.000000 0.246933 
0.408548 4840.000000 0.250505 
0.410016 4788.000000 0.247813 
0.412809 4689.000000 0.242689 
0.410016 4788.000000 0.247813 
0.410721 4763.000000 0.246519 
0.409762 4797.000000 0.248279 
0.408577 4839.000000 0.250453 
0.409141 4819.000000 0.249418 
0.408943 4826.000000 0.249780 
0.408577 4839.000000 0.250453 
0.407533 4876.000000 0.252368 
0.410664 4765.000000 0.246623 
0.408407 4845.000000 0.250763 
0.409197 4817.000000 0.249314 
0.408379 4846.000000 0.250815 
0.409592 4803.000000 0.248590 
0.409423 4809.000000 0.248900 
0.410354 4776.000000 0.247192 
0.407420 4880.000000 0.252575 
0.410100 4785.000000 0.247658 
0.405812 4937.000000 0.255525 
0.410072 4786.000000 0.247710 
0.409367 4811.000000 0.249004 
0.408153 4854.000000 0.251229 
0.407815 4866.000000 0.251850 
0.408746 4833.000000 0.250142 
0.410128 4784.000000 0.247606 
0.407928 4862.000000 0.251643 
0.409846 4794.000000 0.248124 
0.409056 4822.000000 0.249573 
0.407617 4873.000000 0.252213 
0.409282 4814.000000 0.249159 
0.408661 4836.000000 0.250298 
0.409084 4821.000000 0.249521 
0.407843 4865.000000 0.251799 
0.408210 4852.000000 0.251126 
0.406207 4923.000000 0.254800 
0.408605 4838.000000 0.250401 
0.409310 4813.000000 0.249107 
0.409254 4815.000000 0.249211 
0.409451 4808.000000 0.248848 
0.408492 4842.000000 0.250608 
0.409056 4822.000000 0.249573 
0.410523 4770.000000 0.246882 
0.408323 4848.000000 0.250919 
0.409113 4820.000000 0.249469 
0.409705 4799.000000 0.248383 
0.408266 4850.000000 0.251022 
0.407815 4866.000000 0.251850 
0.409197 4817.000000 0.249314 
0.407787 4867.000000 0.251902 
0.410439 4773.000000 0.247037 
0.408690 4835.000000 0.250246 
0.409000 4824.000000 0.249677 
0.408943 4826.000000 0.249780 
0.409395 4810.000000 0.248952 
0.409536 4805.000000 0.248693 
0.407674 4871.000000 0.252109 
0.409056 4822.000000 0.249573 
0.410072 4786.000000 0.247710 
0.409846 4794.000000 0.248124 
0.409592 4803.000000 0.248590 
0.409621 4802.000000 0.248538 
0.407928 4862.000000 0.251643 
0.408436 4844.000000 0.250712 
0.409677 4800.000000 0.248434 
0.408915 4827.000000 0.249832 
0.408407 4845.000000 0.250763 
0.408351 4847.000000 0.250867 
0.409818 4795.000000 0.248176 
0.407787 4867.000000 0.251902 
0.407279 4885.000000 0.252834 
0.409451 4808.000000 0.248848 
0.409310 4813.000000 0.249107 
0.409226 4816.000000 0.249262 
0.409056 4822.000000 0.249573 
0.408041 4858.000000 0.251436 
0.410552 4769.000000 0.246830 
0.407110 4891.000000 0.253144 
0.409649 4801.000000 0.248486 
0.409846 4794.000000 0.248124 
0.409536 4805.000000 0.248693 
0.411342 4741.000000 0.245381 
0.409367 4811.000000 0.249004 
0.408943 4826.000000 0.249780 
0.409705 4799.000000 0.248383 
0.410664 4765.000000 0.246623 
0.406630 4908.000000 0.254024 
0.409762 4797.000000 0.248279 
0.410100 4785.000000 0.247658 
0.410890 4757.000000 0.246209 
0.408238 4851.000000 0.251074 
0.409254 4815.000000 0.249211 
0.409141 4819.000000 0.249418 
0.408436 4844.000000 0.250712 
0.407533 4876.000000 0.252368 
0.406884 4899.000000 0.253558 
0.408774 4832.000000 0.250091 
0.411398 4739.000000 0.245277 
0.410128 4784.000000 0.247606 
0.405784 4938.000000 0.255577 
0.409479 4807.000000 0.248797 
0.410890 4757.000000 0.246209 
0.408690 4835.000000 0.250246 
0.409084 4821.000000 0.249521 
0.409226 4816.000000 0.249262 
0.407843 4865.000000 0.251799 
0.406658 4907.000000 0.253972 
0.408492 4842.000000 0.250608 
0.407815 4866.000000 0.251850 
0.408548 4840.000000 0.250505 
0.408379 4846.000000 0.250815 
0.410298 4778.000000 0.247296 
0.408295 4849.000000 0.250970 
0.408577 4839.000000 0.250453 
0.408802 4831.000000 0.250039 
0.411370 4740.000000 0.245329 
0.407956 4861.000000 0.251592 
0.407533 4876.000000 0.252368 
0.408718 4834.000000 0.250194 
0.405981 4931.000000 0.255215 
0.409084 4821.000000 0.249521 
0.408295 4849.000000 0.250970 
0.410185 4782.000000 0.247503 
0.411313 4742.000000 0.245432 
0.409282 4814.000000 0.249159 
0.410213 4781.000000 0.247451 
0.409197 4817.000000 0.249314 
0.409621 4802.000000 0.248538 
0.408323 4848.000000 0.250919 
0.408069 4857.000000 0.251385 
0.409113 4820.000000 0.249469 
0.407505 4877.000000 0.252420 
0.408407 4845.000000 0.250763 
0.408407 4845.000000 0.250763 
0.405896 4934.000000 0.255370 
0.409874 4793.000000 0.248072 
0.409451 4808.000000 0.248848 
0.408661 4836.000000 0.250298 
0.409310 4813.000000 0.249107 
0.410439 4773.000000 0.247037 
0.408125 4855.000000 0.251281 
0.409903 4792.000000 0.248020 
0.408774 4832.000000 0.250091 
0.411878 4722.000000 0.244397 
0.408605 4838.000000 0.250401 
0.408125 4855.000000 0.251281 
0.410269 4779.000000 0.247347 
0.408379 4846.000000 0.250815 
0.410439 4773.000000 0.247037 
0.409084 4821.000000 0.249521 
0.410128 4784.000000 0.247606 
0.407307 4884.000000 0.252782 
0.408407 4845.000000 0.250763 
0.408859 4829.000000 0.249935 
0.409367 4811.000000 0.249004 
0.408153 4854.000000 0.251229 
0.409874 4793.000000 0.248072 
0.409536 4805.000000 0.248693 
0.409423 4809.000000 0.248900 
0.408718 4834.000000 0.250194 
0.407533 4876.000000 0.252368 
0.410552 4769.000000 0.246830 
0.408774 4832.000000 0.250091 
0.406179 4924.000000 0.254852 
0.408125 4855.000000 0.251281 
0.409000 4824.000000 0.249677 
0.408831 4830.000000 0.249987 
0.408887 4828.000000 0.249884 
0.408464 4843.000000 0.250660 
0.406940 4897.000000 0.253455 
0.406771 4903.000000 0.253765 
0.406940 4897.000000 0.253455 
0.411200 4746.000000 0.245639 
0.410552 4769.000000 0.246830 
0.408266 4850.000000 0.251022 
0.409479 4807.000000 0.248797 
0.407420 4880.000000 0.252575 
0.408746 4833.000000 0.250142 
0.410636 4766.000000 0.246675 
0.407702 4870.000000 0.252057 
0.408323 4848.000000 0.250919 
0.408125 4855.000000 0.251281 
0.409141 4819.000000 0.249418 
0.407533 4876.000000 0.252368 
0.409056 4822.000000 0.249573 
0.409649 4801.000000 0.248486 
0.408718 4834.000000 0.250194 
0.409028 4823.000000 0.249625 
0.408774 4832.000000 0.250091 
0.407815 4866.000000 0.251850 
0.409254 4815.000000 0.249211 
0.408831 4830.000000 0.249987 
0.407364 4882.000000 0.252678 
0.410241 4780.000000 0.247399 
0.408464 4843.000000 0.250660 
0.409113 4820.000000 0.249469 
0.406235 4922.000000 0.254749 
0.407646 4872.000000 0.252161 
0.409649 4801.000000 0.248486 
0.410326 4777.000000 0.247244 
0.408436 4844.000000 0.250712 
0.410608 4767.000000 0.246726 
0.409113 4820.000000 0.249469 
0.409762 4797.000000 0.248279 
0.408238 4851.000000 0.251074 
0.409564 4804.000000 0.248641 
0.407081 4892.000000 0.253196 
0.409790 4796.000000 0.248227 
0.408887 4828.000000 0.249884 
0.410185 4782.000000 0.247503 
0.406630 4908.000000 0.254024 
0.408069 4857.000000 0.251385 
0.408746 4833.000000 0.250142 
0.411059 4751.000000 0.245898 
0.408266 4850.000000 0.251022 
0.408379 4846.000000 0.250815 
0.408577 4839.000000 0.250453 
0.409028 4823.000000 0.249625 
0.408831 4830.000000 0.249987 
0.409564 4804.000000 0.248641 
0.409762 4797.000000 0.248279 
0.409197 4817.000000 0.249314 
0.409226 4816.000000 0.249262 
0.407420 4880.000000 0.252575 
0.408690 4835.000000 0.250246 
0.409113 4820.000000 0.249469 
0.407702 4870.000000 0.252057 
0.410439 4773.000000 0.247037 
0.408379 4846.000000 0.250815 
0.409169 4818.000000 0.249366 
0.409592 4803.000000 0.248590 
0.407279 4885.000000 0.252834 
0.410213 4781.000000 0.247451 
0.406969 4896.000000 0.253403 
0.409169 4818.000000 0.249366 
0.409028 4823.000000 0.249625 
0.410410 4774.000000 0.247089 
0.408802 4831.000000 0.250039 
0.408125 4855.000000 0.251281 
0.410241 4780.000000 0.247399 
0.407053 4893.000000 0.253248 
0.409084 4821.000000 0.249521 
0.408915 4827.000000 0.249832 
0.407984 4860.000000 0.251540 
0.411088 4750.000000 0.245846 
0.407081 4892.000000 0.253196 
0.408323 4848.000000 0.250919 
0.408915 4827.000000 0.249832 
0.409903 4792.000000 0.248020 
0.409084 4821.000000 0.249521 
0.408887 4828.000000 0.249884 
0.410947 4755.000000 0.246105 
0.407815 4866.000000 0.251850 
0.407843 4865.000000 0.251799 
0.409169 4818.000000 0.249366 
0.410241 4780.000000 0.247399 
0.407787 4867.000000 0.251902 
0.409903 4792.000000 0.248020 
0.407053 4893.000000 0.253248 
0.408351 4847.000000 0.250867 
0.409254 4815.000000 0.249211 
0.408859 4829.000000 0.249935 
0.408915 4827.000000 0.249832 
0.408097 4856.000000 0.251333 
0.409846 4794.000000 0.248124 
0.409028 4823.000000 0.249625 
0.408718 4834.000000 0.250194 
0.408210 4852.000000 0.251126 
0.409169 4818.000000 0.249366 
0.409987 4789.000000 0.247865 
0.409028 4823.000000 0.249625 
0.409113 4820.000000 0.249469 
0.409338 4812.000000 0.249055 
0.407138 4890.000000 0.253092 
0.407674 4871.000000 0.252109 
0.409423 4809.000000 0.248900 
0.407843 4865.000000 0.251799 
0.405812 4937.000000 0.255525 
0.407928 4862.000000 0.251643 
0.407392 4881.000000 0.252627 
0.408802 4831.000000 0.250039 
0.408041 4858.000000 0.251436 
0.410382 4775.000000 0.247140 
0.408012 4859.000000 0.251488 
0.409733 4798.000000 0.248331 
0.408125 4855.000000 0.251281 
0.409226 4816.000000 0.249262 
0.408182 4853.000000 0.251177 
0.407730 4869.000000 0.252006 
0.409395 4810.000000 0.248952 
0.409931 4791.000000 0.247969 
0.410241 4780.000000 0.247399 
0.408548 4840.000000 0.250505 
0.407138 4890.000000 0.253092 
0.407335 4883.000000 0.252730 
0.408238 4851.000000 0.251074 
0.409874 4793.000000 0.248072 
0.410664 4765.000000 0.246623 
0.409564 4804.000000 0.248641 
0.409254 4815.000000 0.249211 
0.408633 4837.000000 0.250349 
0.408690 4835.000000 0.250246 
0.407589 4874.000000 0.252264 
0.411793 4725.000000 0.244553 
0.409762 4797.000000 0.248279 
0.408210 4852.000000 0.251126 
0.408407 4845.000000 0.250763 
0.407505 4877.000000 0.252420 
0.408718 4834.000000 0.250194 
0.410326 4777.000000 0.247244 
0.409451 4808.000000 0.248848 
0.409141 4819.000000 0.249418 
0.409451 4808.000000 0.248848 
0.408323 4848.000000 0.250919 
0.408295 4849.000000 0.250970 
0.406799 4902.000000 0.253714 
0.410721 4763.000000 0.246519 
0.409310 4813.000000 0.249107 
0.409367 4811.000000 0.249004 
0.408097 4856.000000 0.251333 
0.409649 4801.000000 0.248486 
0.408661 4836.000000 0.250298 
0.409733 4798.000000 0.248331 
0.408605 4838.000000 0.250401 
0.409733 4798.000000 0.248331 
0.408125 4855.000000 0.251281 
0.409310 4813.000000 0.249107 
0.408633 4837.000000 0.250349 
0.409705 4799.000000 0.248383 
0.409423 4809.000000 0.248900 
0.408859 4829.000000 0.249935 
0.409226 4816.000000 0.249262 
0.407392 4881.000000 0.252627 
0.408661 4836.000000 0.250298 
0.408351 4847.000000 0.250867 
0.408266 4850.000000 0.251022 
0.406912 4898.000000 0.253507 
0.409113 4820.000000 0.249469 
0.409621 4802.000000 0.248538 
0.410269 4779.000000 0.247347 
0.409000 4824.000000 0.249677 
0.410157 4783.000000 0.247554 
0.407279 4885.000000 0.252834 
0.407222 4887.000000 0.252937 
0.407871 4864.000000 0.251747 
0.407364 4882.000000 0.252678 
0.409197 4817.000000 0.249314 
0.409536 4805.000000 0.248693 
0.408351 4847.000000 0.250867 
0.409395 4810.000000 0.248952 
0.410918 4756.000000 0.246157 
0.410636 4766.000000 0.246675 
0.407984 4860.000000 0.251540 
0.410185 4782.000000 0.247503 
0.407364 4882.000000 0.252678 
0.408577 4839.000000 0.250453 
0.406686 4906.000000 0.253921 
0.406433 4915.000000 0.254386 
0.409762 4797.000000 0.248279 
0.408295 4849.000000 0.250970 
0.409197 4817.000000 0.249314 
0.409818 4795.000000 0.248176 
0.408153 4854.000000 0.251229 
0.408182 4853.000000 0.251177 
0.408012 4859.000000 0.251488 
0.407956 4861.000000 0.251592 
0.409677 4800.000000 0.248434 
0.408492 4842.000000 0.250608 
0.409028 4823.000000 0.249625 
0.407871 4864.000000 0.251747 
0.407053 4893.000000 0.253248 
0.408520 4841.000000 0.250556 
0.408182 4853.000000 0.251177 
0.408097 4856.000000 0.251333 
0.409141 4819.000000 0.249418 
0.410410 4774.000000 0.247089 
0.408436 4844.000000 0.250712 
0.408746 4833.000000 0.250142 
0.408633 4837.000000 0.250349 
0.409846 4794.000000 0.248124 
0.408831 4830.000000 0.249987 
0.408915 4827.000000 0.249832 
0.406940 4897.000000 0.253455 
0.409084 4821.000000 0.249521 
0.410157 4783.000000 0.247554 
0.407730 4869.000000 0.252006 
0.408125 4855.000000 0.251281 
0.407025 4894.000000 0.253300 
0.409310 4813.000000 0.249107 
0.409677 4800.000000 0.248434 
0.411172 4747.000000 0.245691 
0.408520 4841.000000 0.250556 
0.408718 4834.000000 0.250194 
0.408718 4834.000000 0.250194 
0.407674 4871.000000 0.252109 
0.409621 4802.000000 0.248538 
0.406658 4907.000000 0.253972 
0.409197 4817.000000 0.249314 
0.408238 4851.000000 0.251074 
0.409113 4820.000000 0.249469 
0.409000 4824.000000 0.249677 
0.409000 4824.000000 0.249677 
0.407956 4861.000000 0.251592 
0.408661 4836.000000 0.250298 
0.410523 4770.000000 0.246882 
0.409564 4804.000000 0.248641 
0.407448 4879.000000 0.252523 
0.408238 4851.000000 0.251074 
0.411200 4746.000000 0.245639 
0.407984 4860.000000 0.251540 
0.408943 4826.000000 0.249780 
0.407900 4863.000000 0.251695 
0.410100 4785.000000 0.247658 
0.407335 4883.000000 0.252730 
0.409733 4798.000000 0.248331 
0.409874 4793.000000 0.248072 
0.409169 4818.000000 0.249366 
0.409028 4823.000000 0.249625 
0.408125 4855.000000 0.251281 
0.408210 4852.000000 0.251126 
0.409423 4809.000000 0.248900 
0.409282 4814.000000 0.249159 
0.408746 4833.000000 0.250142 
0.408548 4840.000000 0.250505 
0.406179 4924.000000 0.254852 
0.409592 4803.000000 0.248590 
0.409338 4812.000000 0.249055 
0.408718 4834.000000 0.250194 
0.408915 4827.000000 0.249832 
0.410834 4759.000000 0.246312 
0.410100 4785.000000 0.247658 
0.410100 4785.000000 0.247658 
0.409705 4799.000000 0.248383 
0.407110 4891.000000 0.253144 
0.408097 4856.000000 0.251333 
0.407900 4863.000000 0.251695 
0.409141 4819.000000 0.249418 
0.407900 4863.000000 0.251695 
0.408859 4829.000000 0.249935 
0.410664 4765.000000 0.246623 
0.408323 4848.000000 0.250919 
0.408690 4835.000000 0.250246 
0.407307 4884.000000 0.252782 
0.409367 4811.000000 0.249004 
0.408943 4826.000000 0.249780 
0.407364 4882.000000 0.252678 
0.408153 4854.000000 0.251229 
0.407843 4865.000000 0.251799 
0.409169 4818.000000 0.249366 
0.410157 4783.000000 0.247554 
0.410326 4777.000000 0.247244 
0.409338 4812.000000 0.249055 
0.410382 4775.000000 0.247140 
0.409931 4791.000000 0.247969 
0.407843 4865.000000 0.251799 
0.406376 4917.000000 0.254490 
0.406545 4911.000000 0.254179 
0.407702 4870.000000 0.252057 
0.408210 4852.000000 0.251126 
0.409903 4792.000000 0.248020 
0.409762 4797.000000 0.248279 
0.408464 4843.000000 0.250660 
0.409113 4820.000000 0.249469 
0.409846 4794.000000 0.248124 
0.408520 4841.000000 0.250556 
0.410608 4767.000000 0.246726 
0.410241 4780.000000 0.247399 
0.409282 4814.000000 0.249159 
0.407758 4868.000000 0.251954 
0.408323 4848.000000 0.250919 
0.410805 4760.000000 0.246364 
0.410185 4782.000000 0.247503 
0.409395 4810.000000 0.248952 
0.408520 4841.000000 0.250556 
0.408182 4853.000000 0.251177 
0.408295 4849.000000 0.250970 
0.407787 4867.000000 0.251902 
0.410354 4776.000000 0.247192 
0.408548 4840.000000 0.250505 
0.409141 4819.000000 0.249418 
0.409310 4813.000000 0.249107 
0.406771 4903.000000 0.253765 
0.409084 4821.000000 0.249521 
0.409423 4809.000000 0.248900 
0.411031 4752.000000 0.245950 
0.407617 4873.000000 0.252213 
0.410439 4773.000000 0.247037 
0.408379 4846.000000 0.250815 
0.406856 4900.000000 0.253610 
0.408351 4847.000000 0.250867 
0.407900 4863.000000 0.251695 
0.412216 4710.000000 0.243776 
0.409762 4797.000000 0.248279 
0.409479 4807.000000 0.248797 
0.408972 4825.000000 0.249728 
0.409310 4813.000000 0.249107 
0.408379 4846.000000 0.250815 
0.409790 4796.000000 0.248227 
0.410410 4774.000000 0.247089 
0.408012 4859.000000 0.251488 
0.408323 4848.000000 0.250919 
0.409536 4805.000000 0.248693 
0.409113 4820.000000 0.249469 
0.407448 4879.000000 0.252523 
0.408379 4846.000000 0.250815 
0.407787 4867.000000 0.251902 
0.407448 4879.000000 0.252523 
0.408041 4858.000000 0.251436 
0.409141 4819.000000 0.249418 
0.409649 4801.000000 0.248486 
0.407025 4894.000000 0.253300 
0.408718 4834.000000 0.250194 
0.407222 4887.000000 0.252937 
0.410721 4763.000000 0.246519 
0.408464 4843.000000 0.250660 
0.409818 4795.000000 0.248176 
0.407279 4885.000000 0.252834 
0.409226 4816.000000 0.249262 
0.407787 4867.000000 0.251902 
0.408887 4828.000000 0.249884 
0.409479 4807.000000 0.248797 
0.410552 4769.000000 0.246830 
0.408407 4845.000000 0.250763 
0.410298 4778.000000 0.247296 
0.409705 4799.000000 0.248383 
0.408718 4834.000000 0.250194 
0.407871 4864.000000 0.251747 
0.408266 4850.000000 0.251022 
0.409084 4821.000000 0.249521 
0.411031 4752.000000 0.245950 
0.405953 4932.000000 0.255266 
0.408972 4825.000000 0.249728 
0.409084 4821.000000 0.249521 
0.408210 4852.000000 0.251126 
0.408548 4840.000000 0.250505 
0.408125 4855.000000 0.251281 
0.410354 4776.000000 0.247192 
0.410044 4787.000000 0.247762 
0.407420 4880.000000 0.252575 
0.409226 4816.000000 0.249262 
0.409592 4803.000000 0.248590 
0.411200 4746.000000 0.245639 
0.409733 4798.000000 0.248331 
0.408069 4857.000000 0.251385 
0.408690 4835.000000 0.250246 
0.411511 4735.000000 0.245070 
0.409310 4813.000000 0.249107 
0.406940 4897.000000 0.253455 
0.408548 4840.000000 0.250505 
0.410410 4774.000000 0.247089 
0.410269 4779.000000 0.247347 
0.408492 4842.000000 0.250608 
0.408915 4827.000000 0.249832 
0.406658 4907.000000 0.253972 
0.409084 4821.000000 0.249521 
0.408492 4842.000000 0.250608 
0.407138 4890.000000 0.253092 
0.408690 4835.000000 0.250246 
0.408774 4832.000000 0.250091 
0.408436 4844.000000 0.250712 
0.409987 4789.000000 0.247865 
0.409874 4793.000000 0.248072 
0.408210 4852.000000 0.251126 
0.407956 4861.000000 0.251592 
0.409197 4817.000000 0.249314 
0.410918 4756.000000 0.246157 
0.408633 4837.000000 0.250349 
0.406320 4919.000000 0.254593 
0.409226 4816.000000 0.249262 
0.409508 4806.000000 0.248745 
0.408182 4853.000000 0.251177 
0.409056 4822.000000 0.249573 
0.406545 4911.000000 0.254179 
0.411962 4719.000000 0.244242 
0.409423 4809.000000 0.248900 
0.405840 4936.000000 0.255473 
0.408661 4836.000000 0.250298 
0.407617 4873.000000 0.252213 
0.407730 4869.000000 0.252006 
0.408351 4847.000000 0.250867 
0.407505 4877.000000 0.252420 
0.408633 4837.000000 0.250349 
0.409084 4821.000000 0.249521 
0.409621 4802.000000 0.248538 
0.408577 4839.000000 0.250453 
0.407335 4883.000000 0.252730 
0.406038 4929.000000 0.255111 
0.408182 4853.000000 0.251177 
0.408210 4852.000000 0.251126 
0.410326 4777.000000 0.247244 
0.411567 4733.000000 0.244967 
0.409282 4814.000000 0.249159 
0.410128 4784.000000 0.247606 
0.407843 4865.000000 0.251799 
0.408887 4828.000000 0.249884 
0.408295 4849.000000 0.250970 
0.408069 4857.000000 0.251385 
0.406827 4901.000000 0.253662 
0.409536 4805.000000 0.248693 
0.407335 4883.000000 0.252730 
0.409621 4802.000000 0.248538 
0.409846 4794.000000 0.248124 
0.410298 4778.000000 0.247296 
0.408915 4827.000000 0.249832 
0.408746 4833.000000 0.250142 
0.409423 4809.000000 0.248900 
0.409903 4792.000000 0.248020 
0.408548 4840.000000 0.250505 
0.408069 4857.000000 0.251385 
0.407646 4872.000000 0.252161 
0.409395 4810.000000 0.248952 
0.409367 4811.000000 0.249004 
0.408633 4837.000000 0.250349 
0.408802 4831.000000 0.250039 
0.409423 4809.000000 0.248900 
0.410016 4788.000000 0.247813 
0.407138 4890.000000 0.253092 
0.409282 4814.000000 0.249159 
0.407166 4889.000000 0.253041 
0.410072 4786.000000 0.247710 
0.409649 4801.000000 0.248486 
0.407279 4885.000000 0.252834 
0.406799 4902.000000 0.253714 
0.408351 4847.000000 0.250867 
0.408520 4841.000000 0.250556 
0.410072 4786.000000 0.247710 
0.409931 4791.000000 0.247969 
0.408069 4857.000000 0.251385 
0.408125 4855.000000 0.251281 
0.409677 4800.000000 0.248434 
0.406574 4910.000000 0.254128 
0.408633 4837.000000 0.250349 
0.408746 4833.000000 0.250142 
0.409141 4819.000000 0.249418 
0.410693 4764.000000 0.246571 
0.409000 4824.000000 0.249677 
0.408831 4830.000000 0.249987 
0.409846 4794.000000 0.248124 
0.409113 4820.000000 0.249469 
0.408831 4830.000000 0.249987 
0.409338 4812.000000 0.249055 
0.407843 4865.000000 0.251799 
0.407561 4875.000000 0.252316 
0.410044 4787.000000 0.247762 
0.408238 4851.000000 0.251074 
0.408831 4830.000000 0.249987 
0.409197 4817.000000 0.249314 
0.408295 4849.000000 0.250970 
0.408069 4857.000000 0.251385 
0.409846 4794.000000 0.248124 
0.410298 4778.000000 0.247296 
0.408802 4831.000000 0.250039 
0.409000 4824.000000 0.249677 
0.409141 4819.000000 0.249418 
0.409564 4804.000000 0.248641 
0.405981 4931.000000 0.255215 
0.407928 4862.000000 0.251643 
0.406686 4906.000000 0.253921 
0.407307 4884.000000 0.252782 
0.406940 4897.000000 0.253455 
0.408266 4850.000000 0.251022 
0.407758 4868.000000 0.251954 
0.408492 4842.000000 0.250608 
0.410072 4786.000000 0.247710 
0.409056 4822.000000 0.249573 
0.406997 4895.000000 0.253351 
0.410382 4775.000000 0.247140 
0.408746 4833.000000 0.250142 
0.410072 4786.000000 0.247710 
0.407420 4880.000000 0.252575 
0.410918 4756.000000 0.246157 
0.407758 4868.000000 0.251954 
0.406856 4900.000000 0.253610 
0.408718 4834.000000 0.250194 
0.408153 4854.000000 0.251229 
0.409395 4810.000000 0.248952 
0.408831 4830.000000 0.249987 
0.407900 4863.000000 0.251695 
0.407194 4888.000000 0.252989 
0.408915 4827.000000 0.249832 
0.409733 4798.000000 0.248331 
0.406574 4910.000000 0.254128 
0.412047 4716.000000 0.244087 
0.409705 4799.000000 0.248383 
0.408605 4838.000000 0.250401 
0.409451 4808.000000 0.248848 
0.409705 4799.000000 0.248383 
0.408718 4834.000000 0.250194 
0.411257 4744.000000 0.245536 
0.410439 4773.000000 0.247037 
0.408577 4839.000000 0.250453 
0.407194 4888.000000 0.252989 
0.408859 4829.000000 0.249935 
0.408012 4859.000000 0.251488 
0.409000 4824.000000 0.249677 
0.408605 4838.000000 0.250401 
0.408153 4854.000000 0.251229 
0.409395 4810.000000 0.248952 
0.408605 4838.000000 0.250401 
0.409874 4793.000000 0.248072 
0.408407 4845.000000 0.250763 
0.408492 4842.000000 0.250608 
0.410269 4779.000000 0.247347 
0.409733 4798.000000 0.248331 
0.408972 4825.000000 0.249728 
0.407505 4877.000000 0.252420 
0.408407 4845.000000 0.250763 
0.410128 4784.000000 0.247606 
0.407448 4879.000000 0.252523 
0.410382 4775.000000 0.247140 
0.408407 4845.000000 0.250763 
0.410834 4759.000000 0.246312 
0.408633 4837.000000 0.250349 
0.409592 4803.000000 0.248590 
0.409874 4793.000000 0.248072 
0.409536 4805.000000 0.248693 
0.407928 4862.000000 0.251643 
0.407533 4876.000000 0.252368 
0.408802 4831.000000 0.250039 
0.407702 4870.000000 0.252057 
0.408746 4833.000000 0.250142 
0.408520 4841.000000 0.250556 
0.408295 4849.000000 0.250970 
0.410947 4755.000000 0.246105 
0.407928 4862.000000 0.251643 
0.408718 4834.000000 0.250194 
0.408633 4837.000000 0.250349 
0.407533 4876.000000 0.252368 
0.408718 4834.000000 0.250194 
0.410523 4770.000000 0.246882 
0.409254 4815.000000 0.249211 
0.409367 4811.000000 0.249004 
0.408887 4828.000000 0.249884 
0.407448 4879.000000 0.252523 
0.410269 4779.000000 0.247347 
0.407505 4877.000000 0.252420 
0.409846 4794.000000 0.248124 
0.408859 4829.000000 0.249935 
0.408323 4848.000000 0.250919 
0.411765 4726.000000 0.244604 
0.408605 4838.000000 0.250401 
0.409423 4809.000000 0.248900 
0.408943 4826.000000 0.249780 
0.409536 4805.000000 0.248693 
0.408831 4830.000000 0.249987 
0.407871 4864.000000 0.251747 
0.408492 4842.000000 0.250608 
0.408887 4828.000000 0.249884 
0.408746 4833.000000 0.250142 
0.411398 4739.000000 0.245277 
0.407251 4886.000000 0.252885 
0.410495 4771.000000 0.246933 
0.408718 4834.000000 0.250194 
0.408718 4834.000000 0.250194 
0.409705 4799.000000 0.248383 
0.408774 4832.000000 0.250091 
0.408012 4859.000000 0.251488 
0.409056 4822.000000 0.249573 
0.408633 4837.000000 0.250349 
0.407928 4862.000000 0.251643 
0.408041 4858.000000 0.251436 
0.407843 4865.000000 0.251799 
0.410185 4782.000000 0.247503 
0.408379 4846.000000 0.250815 
0.409141 4819.000000 0.249418 
0.408492 4842.000000 0.250608 
0.409621 4802.000000 0.248538 
0.407476 4878.000000 0.252471 
0.410044 4787.000000 0.247762 
0.408379 4846.000000 0.250815 
0.409282 4814.000000 0.249159 
0.408210 4852.000000 0.251126 
0.409705 4799.000000 0.248383 
0.410072 4786.000000 0.247710 
0.409818 4795.000000 0.248176 
0.409818 4795.000000 0.248176 
0.408577 4839.000000 0.250453 
0.410552 4769.000000 0.246830 
0.409395 4810.000000 0.248952 
0.409282 4814.000000 0.249159 
0.408943 4826.000000 0.249780 
0.407166 4889.000000 0.253041 
0.408492 4842.000000 0.250608 
0.408012 4859.000000 0.251488 
0.409451 4808.000000 0.248848 
0.408831 4830.000000 0.249987 
0.408492 4842.000000 0.250608 
0.408379 4846.000000 0.250815 
0.409254 4815.000000 0.249211 
0.407871 4864.000000 0.251747 
0.408520 4841.000000 0.250556 
0.407222 4887.000000 0.252937 
0.408633 4837.000000 0.250349 
0.408831 4830.000000 0.249987 
0.407392 4881.000000 0.252627 
0.410269 4779.000000 0.247347 
0.407984 4860.000000 0.251540 
0.409197 4817.000000 0.249314 
0.409113 4820.000000 0.249469 
0.410072 4786.000000 0.247710 
0.406743 4904.000000 0.253817 
0.410354 4776.000000 0.247192 
0.409395 4810.000000 0.248952 
0.408436 4844.000000 0.250712 
0.409479 4807.000000 0.248797 
0.409028 4823.000000 0.249625 
0.408605 4838.000000 0.250401 
0.406940 4897.000000 0.253455 
0.407674 4871.000000 0.252109 
0.409621 4802.000000 0.248538 
0.410439 4773.000000 0.247037 
0.406997 4895.000000 0.253351 
0.407561 4875.000000 0.252316 
0.408774 4832.000000 0.250091 
0.409903 4792.000000 0.248020 
0.408943 4826.000000 0.249780 
0.410382 4775.000000 0.247140 
0.407533 4876.000000 0.252368 
0.408351 4847.000000 0.250867 
0.409818 4795.000000 0.248176 
0.408295 4849.000000 0.250970 
0.408690 4835.000000 0.250246 
0.408661 4836.000000 0.250298 
0.409621 4802.000000 0.248538 
0.408887 4828.000000 0.249884 
0.408238 4851.000000 0.251074 
0.408266 4850.000000 0.251022 
0.408802 4831.000000 0.250039 
0.408520 4841.000000 0.250556 
0.409536 4805.000000 0.248693 
0.409084 4821.000000 0.249521 
0.410213 4781.000000 0.247451 
0.408802 4831.000000 0.250039 
0.408548 4840.000000 0.250505 
0.409282 4814.000000 0.249159 
0.408351 4847.000000 0.250867 
0.409649 4801.000000 0.248486 
0.409084 4821.000000 0.249521 
0.408802 4831.000000 0.250039 
0.408125 4855.000000 0.251281 
0.408972 4825.000000 0.249728 
0.410636 4766.000000 0.246675 
0.408746 4833.000000 0.250142 
0.409987 4789.000000 0.247865 
0.408718 4834.000000 0.250194 
0.408887 4828.000000 0.249884 
0.407758 4868.000000 0.251954 
0.408492 4842.000000 0.250608 
0.405953 4932.000000 0.255266 
0.406997 4895.000000 0.253351 
0.407222 4887.000000 0.252937 
0.407843 4865.000000 0.251799 
0.407871 4864.000000 0.251747 
0.410495 4771.000000 0.246933 
0.408295 4849.000000 0.250970 
0.410552 4769.000000 0.246830 
0.408577 4839.000000 0.250453 
0.408520 4841.000000 0.250556 
0.408379 4846.000000 0.250815 
0.408661 4836.000000 0.250298 
0.409508 4806.000000 0.248745 
0.410016 4788.000000 0.247813 
0.410495 4771.000000 0.246933 
0.409931 4791.000000 0.247969 
0.409705 4799.000000 0.248383 
0.412752 4691.000000 0.242793 
0.408943 4826.000000 0.249780 
0.407533 4876.000000 0.252368 
0.410467 4772.000000 0.246985 
0.409169 4818.000000 0.249366 
0.409508 4806.000000 0.248745 
0.409846 4794.000000 0.248124 
0.409367 4811.000000 0.249004 
0.407561 4875.000000 0.252316 
0.407392 4881.000000 0.252627 
0.407646 4872.000000 0.252161 
0.411878 4722.000000 0.244397 
0.407335 4883.000000 0.252730 
0.408831 4830.000000 0.249987 
0.408746 4833.000000 0.250142 
0.408351 4847.000000 0.250867 
0.408210 4852.000000 0.251126 
0.407448 4879.000000 0.252523 
0.407843 4865.000000 0.251799 
0.408464 4843.000000 0.250660 
0.406545 4911.000000 0.254179 
0.407617 4873.000000 0.252213 
0.407674 4871.000000 0.252109 
0.410044 4787.000000 0.247762 
0.410410 4774.000000 0.247089 
0.411144 4748.000000 0.245743 
0.408972 4825.000000 0.249728 
0.408323 4848.000000 0.250919 
0.407617 4873.000000 0.252213 
0.408943 4826.000000 0.249780 
0.408802 4831.000000 0.250039 
0.408746 4833.000000 0.250142 
0.407617 4873.000000 0.252213 
0.407787 4867.000000 0.251902 
0.409508 4806.000000 0.248745 
0.406969 4896.000000 0.253403 
0.409310 4813.000000 0.249107 
0.407533 4876.000000 0.252368 
0.410100 4785.000000 0.247658 
0.407928 4862.000000 0.251643 
0.409000 4824.000000 0.249677 
0.408943 4826.000000 0.249780 
0.409113 4820.000000 0.249469 
0.406884 4899.000000 0.253558 
0.409903 4792.000000 0.248020 
0.408915 4827.000000 0.249832 
0.409790 4796.000000 0.248227 
0.410044 4787.000000 0.247762 
0.408436 4844.000000 0.250712 
0.408182 4853.000000 0.251177 
0.408238 4851.000000 0.251074 
0.408831 4830.000000 0.249987 
0.409479 4807.000000 0.248797 
0.408746 4833.000000 0.250142 
0.406940 4897.000000 0.253455 
0.408746 4833.000000 0.250142 
0.407053 4893.000000 0.253248 
0.409818 4795.000000 0.248176 
0.409367 4811.000000 0.249004 
0.408802 4831.000000 0.250039 
0.409903 4792.000000 0.248020 
0.407448 4879.000000 0.252523 
0.408859 4829.000000 0.249935 
0.408520 4841.000000 0.250556 
0.408577 4839.000000 0.250453 
0.407392 4881.000000 0.252627 
0.410382 4775.000000 0.247140 
0.407646 4872.000000 0.252161 
0.409169 4818.000000 0.249366 
0.406320 4919.000000 0.254593 
0.409084 4821.000000 0.249521 
0.410354 4776.000000 0.247192 
0.409451 4808.000000 0.248848 
0.408774 4832.000000 0.250091 
0.408041 4858.000000 0.251436 
0.408577 4839.000000 0.250453 
0.408041 4858.000000 0.251436 
0.405896 4934.000000 0.255370 
0.409621 4802.000000 0.248538 
0.409508 4806.000000 0.248745 
0.408831 4830.000000 0.249987 
0.408887 4828.000000 0.249884 
0.411031 4752.000000 0.245950 
0.408972 4825.000000 0.249728 
0.409226 4816.000000 0.249262 
0.409733 4798.000000 0.248331 
0.409000 4824.000000 0.249677 
0.410467 4772.000000 0.246985 
0.409197 4817.000000 0.249314 
0.408266 4850.000000 0.251022 
0.410495 4771.000000 0.246933 
0.409056 4822.000000 0.249573 
0.407166 4889.000000 0.253041 
0.406997 4895.000000 0.253351 
0.406179 4924.000000 0.254852 
0.408520 4841.000000 0.250556 
0.408633 4837.000000 0.250349 
0.408351 4847.000000 0.250867 
0.408379 4846.000000 0.250815 
0.407702 4870.000000 0.252057 
0.407194 4888.000000 0.252989 
0.409395 4810.000000 0.248952 
0.408633 4837.000000 0.250349 
0.407025 4894.000000 0.253300 
0.409479 4807.000000 0.248797 
0.408943 4826.000000 0.249780 
0.407984 4860.000000 0.251540 
0.408464 4843.000000 0.250660 
0.408182 4853.000000 0.251177 
0.409705 4799.000000 0.248383 
0.408887 4828.000000 0.249884 
0.409536 4805.000000 0.248693 
0.408238 4851.000000 0.251074 
0.408605 4838.000000 0.250401 
0.408097 4856.000000 0.251333 
0.409790 4796.000000 0.248227 
0.406602 4909.000000 0.254076 
0.407138 4890.000000 0.253092 
0.408887 4828.000000 0.249884 
0.408351 4847.000000 0.250867 
0.409762 4797.000000 0.248279 
0.410918 4756.000000 0.246157 
0.409310 4813.000000 0.249107 
0.408690 4835.000000 0.250246 
0.408690 4835.000000 0.250246 
0.409649 4801.000000 0.248486 
0.407279 4885.000000 0.252834 
0.409846 4794.000000 0.248124 
0.408351 4847.000000 0.250867 
0.408238 4851.000000 0.251074 
0.408774 4832.000000 0.250091 
0.408802 4831.000000 0.250039 
0.410495 4771.000000 0.246933 
0.406940 4897.000000 0.253455 
0.409395 4810.000000 0.248952 
0.410608 4767.000000 0.246726 
0.407505 4877.000000 0.252420 
0.408605 4838.000000 0.250401 
0.409479 4807.000000 0.248797 
0.409677 4800.000000 0.248434 
0.405389 4952.000000 0.256301 
0.407335 4883.000000 0.252730 
0.408661 4836.000000 0.250298 
0.406969 4896.000000 0.253403 
0.409564 4804.000000 0.248641 
0.406574 4910.000000 0.254128 
0.408182 4853.000000 0.251177 
0.409226 4816.000000 0.249262 
0.408379 4846.000000 0.250815 
0.410410 4774.000000 0.247089 
0.410213 4781.000000 0.247451 
0.408577 4839.000000 0.250453 
0.409395 4810.000000 0.248952 
0.409367 4811.000000 0.249004 
0.407307 4884.000000 0.252782 
0.409621 4802.000000 0.248538 
0.409169 4818.000000 0.249366 
0.408972 4825.000000 0.249728 
0.409141 4819.000000 0.249418 
0.408492 4842.000000 0.250608 
0.406856 4900.000000 0.253610 
0.409621 4802.000000 0.248538 
0.407364 4882.000000 0.252678 
0.409818 4795.000000 0.248176 
0.409226 4816.000000 0.249262 
0.410241 4780.000000 0.247399 
0.408690 4835.000000 0.250246 
0.409508 4806.000000 0.248745 
0.408323 4848.000000 0.250919 
0.410326 4777.000000 0.247244 
0.408323 4848.000000 0.250919 
0.407928 4862.000000 0.251643 
0.409338 4812.000000 0.249055 
0.408125 4855.000000 0.251281 
0.409084 4821.000000 0.249521 
0.408379 4846.000000 0.250815 
0.409846 4794.000000 0.248124 
0.409564 4804.000000 0.248641 
0.408210 4852.000000 0.251126 
0.410072 4786.000000 0.247710 
0.408859 4829.000000 0.249935 
0.407815 4866.000000 0.251850 
0.409987 4789.000000 0.247865 
0.408943 4826.000000 0.249780 
0.409367 4811.000000 0.249004 
0.409874 4793.000000 0.248072 
0.408548 4840.000000 0.250505 
0.408718 4834.000000 0.250194 
0.409254 4815.000000 0.249211 
0.409790 4796.000000 0.248227 
0.411483 4736.000000 0.245122 
0.410862 4758.000000 0.246261 
0.409310 4813.000000 0.249107 
0.408633 4837.000000 0.250349 
0.409931 4791.000000 0.247969 
0.407787 4867.000000 0.251902 
0.408125 4855.000000 0.251281 
0.407730 4869.000000 0.252006 
0.409903 4792.000000 0.248020 
0.409818 4795.000000 0.248176 
0.408718 4834.000000 0.250194 
0.407787 4867.000000 0.251902 
0.408351 4847.000000 0.250867 
0.407815 4866.000000 0.251850 
0.409310 4813.000000 0.249107 
0.408802 4831.000000 0.250039 
0.406404 4916.000000 0.254438 
0.408097 4856.000000 0.251333 
0.410495 4771.000000 0.246933 
0.409423 4809.000000 0.248900 
0.409113 4820.000000 0.249469 
0.409846 4794.000000 0.248124 
0.409649 4801.000000 0.248486 
0.407843 4865.000000 0.251799 
0.408605 4838.000000 0.250401 
0.408210 4852.000000 0.251126 
0.409113 4820.000000 0.249469 
0.407871 4864.000000 0.251747 
0.407335 4883.000000 0.252730 
0.408690 4835.000000 0.250246 
0.409677 4800.000000 0.248434 
0.409564 4804.000000 0.248641 
0.409395 4810.000000 0.248952 
0.408464 4843.000000 0.250660 
0.409028 4823.000000 0.249625 
0.407053 4893.000000 0.253248 
0.409621 4802.000000 0.248538 
0.408548 4840.000000 0.250505 
0.407589 4874.000000 0.252264 
0.408407 4845.000000 0.250763 
0.408859 4829.000000 0.249935 
0.409705 4799.000000 0.248383 
0.409000 4824.000000 0.249677 
0.408238 4851.000000 0.251074 
0.409113 4820.000000 0.249469 
0.407928 4862.000000 0.251643 
0.409536 4805.000000 0.248693 
0.408577 4839.000000 0.250453 
0.407956 4861.000000 0.251592 
0.410100 4785.000000 0.247658 
0.408210 4852.000000 0.251126 
0.408520 4841.000000 0.250556 
0.407646 4872.000000 0.252161 
0.407505 4877.000000 0.252420 
0.408605 4838.000000 0.250401 
0.407843 4865.000000 0.251799 
0.407166 4889.000000 0.253041 
0.409931 4791.000000 0.247969 
0.406461 4914.000000 0.254335 
0.408153 4854.000000 0.251229 
0.410072 4786.000000 0.247710 
0.408041 4858.000000 0.251436 
0.408295 4849.000000 0.250970 
0.410185 4782.000000 0.247503 
0.408661 4836.000000 0.250298 
0.408887 4828.000000 0.249884 
0.409310 4813.000000 0.249107 
0.409169 4818.000000 0.249366 
0.407617 4873.000000 0.252213 
0.408802 4831.000000 0.250039 
0.406291 4920.000000 0.254645 
0.409451 4808.000000 0.248848 
0.407505 4877.000000 0.252420 
0.409282 4814.000000 0.249159 
0.409677 4800.000000 0.248434 
0.408041 4858.000000 0.251436 
0.409254 4815.000000 0.249211 
0.407476 4878.000000 0.252471 
0.409226 4816.000000 0.249262 
0.410241 4780.000000 0.247399 
0.408436 4844.000000 0.250712 
0.407166 4889.000000 0.253041 
0.408210 4852.000000 0.251126 
0.409451 4808.000000 0.248848 
0.411539 4734.000000 0.245018 
0.407787 4867.000000 0.251902 
0.409395 4810.000000 0.248952 
0.407561 4875.000000 0.252316 
0.410410 4774.000000 0.247089 
0.406969 4896.000000 0.253403 
0.409790 4796.000000 0.248227 
0.409874 4793.000000 0.248072 
0.410241 4780.000000 0.247399 
0.408831 4830.000000 0.249987 
0.410044 4787.000000 0.247762 
0.407448 4879.000000 0.252523 
0.408069 4857.000000 0.251385 
0.410100 4785.000000 0.247658 
0.407730 4869.000000 0.252006 
0.407956 4861.000000 0.251592 
0.409536 4805.000000 0.248693 
0.409423 4809.000000 0.248900 
0.407251 4886.000000 0.252885 
0.408069 4857.000000 0.251385 
0.411229 4745.000000 0.245588 
0.408069 4857.000000 0.251385 
0.407392 4881.000000 0.252627 
0.407815 4866.000000 0.251850 
0.409056 4822.000000 0.249573 
0.408605 4838.000000 0.250401 
0.408323 4848.000000 0.250919 
0.408266 4850.000000 0.251022 
0.411567 4733.000000 0.244967 
0.408859 4829.000000 0.249935 
0.410269 4779.000000 0.247347 
0.408125 4855.000000 0.251281 
0.409621 4802.000000 0.248538 
0.407476 4878.000000 0.252471 
0.409874 4793.000000 0.248072 
0.410128 4784.000000 0.247606 
0.410157 4783.000000 0.247554 
0.410693 4764.000000 0.246571 
0.408323 4848.000000 0.250919 
0.407956 4861.000000 0.251592 
0.409028 4823.000000 0.249625 
0.407110 4891.000000 0.253144 
0.410298 4778.000000 0.247296 
0.408605 4838.000000 0.250401 
0.409310 4813.000000 0.249107 
0.410016 4788.000000 0.247813 
0.408661 4836.000000 0.250298 
0.407617 4873.000000 0.252213 
0.408915 4827.000000 0.249832 
0.407194 4888.000000 0.252989 
0.408746 4833.000000 0.250142 
0.408915 4827.000000 0.249832 
0.406799 4902.000000 0.253714 
0.409479 4807.000000 0.248797 
0.409592 4803.000000 0.248590 
0.409169 4818.000000 0.249366 
0.409056 4822.000000 0.249573 
0.407392 4881.000000 0.252627 
0.410269 4779.000000 0.247347 
0.408464 4843.000000 0.250660 
0.407758 4868.000000 0.251954 
0.409705 4799.000000 0.248383 
0.409479 4807.000000 0.248797 
0.407561 4875.000000 0.252316 
0.408520 4841.000000 0.250556 
0.409423 4809.000000 0.248900 
0.409254 4815.000000 0.249211 
0.409508 4806.000000 0.248745 
0.408436 4844.000000 0.250712 
0.409987 4789.000000 0.247865 
0.407758 4868.000000 0.251954 
0.410326 4777.000000 0.247244 
0.408605 4838.000000 0.250401 
0.408266 4850.000000 0.251022 
0.407138 4890.000000 0.253092 
0.409141 4819.000000 0.249418 
0.405360 4953.000000 0.256353 
0.410072 4786.000000 0.247710 
0.406856 4900.000000 0.253610 
0.408774 4832.000000 0.250091 
0.407871 4864.000000 0.251747 
0.408097 4856.000000 0.251333 
0.407984 4860.000000 0.251540 
0.407194 4888.000000 0.252989 
0.408323 4848.000000 0.250919 
0.408548 4840.000000 0.250505 
0.408915 4827.000000 0.249832 
0.409141 4819.000000 0.249418 
0.410523 4770.000000 0.246882 
0.407787 4867.000000 0.251902 
0.407815 4866.000000 0.251850 
0.407505 4877.000000 0.252420 
0.407533 4876.000000 0.252368 
0.406291 4920.000000 0.254645 
0.409903 4792.000000 0.248020 
0.409395 4810.000000 0.248952 
0.409282 4814.000000 0.249159 
0.410298 4778.000000 0.247296 
0.408887 4828.000000 0.249884 
0.408379 4846.000000 0.250815 
0.410072 4786.000000 0.247710 
0.409846 4794.000000 0.248124 
0.408577 4839.000000 0.250453 
0.407871 4864.000000 0.251747 
0.409367 4811.000000 0.249004 
0.412639 4695.000000 0.243000 
0.409451 4808.000000 0.248848 
0.407251 4886.000000 0.252885 
0.409508 4806.000000 0.248745 
0.410975 4754.000000 0.246054 
0.407505 4877.000000 0.252420 
0.410918 4756.000000 0.246157 
0.408041 4858.000000 0.251436 
0.408351 4847.000000 0.250867 
0.408069 4857.000000 0.251385 
0.408831 4830.000000 0.249987 
0.410044 4787.000000 0.247762 
0.410185 4782.000000 0.247503 
0.409367 4811.000000 0.249004 
0.408972 4825.000000 0.249728 
0.410664 4765.000000 0.246623 
0.409592 4803.000000 0.248590 
0.405812 4937.000000 0.255525 
0.407392 4881.000000 0.252627 
0.408972 4825.000000 0.249728 
0.409423 4809.000000 0.248900 
0.408943 4826.000000 0.249780 
0.410128 4784.000000 0.247606 
0.407392 4881.000000 0.252627 
0.409959 4790.000000 0.247917 
0.410495 4771.000000 0.246933 
0.409310 4813.000000 0.249107 
0.407984 4860.000000 0.251540 
0.408041 4858.000000 0.251436 
0.409564 4804.000000 0.248641 
0.409226 4816.000000 0.249262 
0.408295 4849.000000 0.250970 
0.408012 4859.000000 0.251488 
0.409141 4819.000000 0.249418 
0.408661 4836.000000 0.250298 
0.412526 4699.000000 0.243207 
0.407646 4872.000000 0.252161 
0.409141 4819.000000 0.249418 
0.408859 4829.000000 0.249935 
0.409169 4818.000000 0.249366 
0.409141 4819.000000 0.249418 
0.408323 4848.000000 0.250919 
0.410100 4785.000000 0.247658 
0.408379 4846.000000 0.250815 
0.409451 4808.000000 0.248848 
0.407646 4872.000000 0.252161 
0.410185 4782.000000 0.247503 
0.408153 4854.000000 0.251229 
0.410157 4783.000000 0.247554 
0.410298 4778.000000 0.247296 
0.407364 4882.000000 0.252678 
0.406658 4907.000000 0.253972 
0.407730 4869.000000 0.252006 
0.408464 4843.000000 0.250660 
0.410552 4769.000000 0.246830 
0.411370 4740.000000 0.245329 
0.411200 4746.000000 0.245639 
0.409367 4811.000000 0.249004 
0.409084 4821.000000 0.249521 
0.410890 4757.000000 0.246209 
0.407505 4877.000000 0.252420 
0.409508 4806.000000 0.248745 
0.408972 4825.000000 0.249728 
0.409282 4814.000000 0.249159 
0.408153 4854.000000 0.251229 
0.410523 4770.000000 0.246882 
0.411821 4724.000000 0.244501 
0.409987 4789.000000 0.247865 
0.408661 4836.000000 0.250298 
0.408859 4829.000000 0.249935 
0.411736 4727.000000 0.244656 
0.408690 4835.000000 0.250246 
0.410213 4781.000000 0.247451 
0.411962 4719.000000 0.244242 
0.408915 4827.000000 0.249832 
0.409592 4803.000000 0.248590 
0.409113 4820.000000 0.249469 
0.404909 4969.000000 0.257181 
0.409084 4821.000000 0.249521 
0.408972 4825.000000 0.249728 
0.408746 4833.000000 0.250142 
0.407646 4872.000000 0.252161 
0.408153 4854.000000 0.251229 
0.409649 4801.000000 0.248486 
0.408661 4836.000000 0.250298 
0.408690 4835.000000 0.250246 
0.409677 4800.000000 0.248434 
0.408436 4844.000000 0.250712 
0.407674 4871.000000 0.252109 
0.409959 4790.000000 0.247917 
0.409762 4797.000000 0.248279 
0.409028 4823.000000 0.249625 
0.409000 4824.000000 0.249677 
0.408379 4846.000000 0.250815 
0.408125 4855.000000 0.251281 
0.409621 4802.000000 0.248538 
0.410975 4754.000000 0.246054 
0.407251 4886.000000 0.252885 
0.408125 4855.000000 0.251281 
0.408887 4828.000000 0.249884 
0.408943 4826.000000 0.249780 
0.409649 4801.000000 0.248486 
0.408831 4830.000000 0.249987 
0.406291 4920.000000 0.254645 
0.409536 4805.000000 0.248693 
0.409733 4798.000000 0.248331 
0.407364 4882.000000 0.252678 
0.407335 4883.000000 0.252730 
0.406771 4903.000000 0.253765 
0.411483 4736.000000 0.245122 
0.410269 4779.000000 0.247347 
0.409169 4818.000000 0.249366 
0.408210 4852.000000 0.251126 
0.408351 4847.000000 0.250867 
0.409959 4790.000000 0.247917 
0.408379 4846.000000 0.250815 
0.409733 4798.000000 0.248331 
0.407025 4894.000000 0.253300 
0.411059 4751.000000 0.245898 
0.408295 4849.000000 0.250970 
0.407110 4891.000000 0.253144 
0.408379 4846.000000 0.250815 
0.410947 4755.000000 0.246105 
0.408915 4827.000000 0.249832 
0.409197 4817.000000 0.249314 
0.410918 4756.000000 0.246157 
0.409056 4822.000000 0.249573 
0.407956 4861.000000 0.251592 
0.409931 4791.000000 0.247969 
0.409423 4809.000000 0.248900 
0.408323 4848.000000 0.250919 
0.408972 4825.000000 0.249728 
0.407138 4890.000000 0.253092 
0.407505 4877.000000 0.252420 
0.410157 4783.000000 0.247554 
0.410326 4777.000000 0.247244 
0.409987 4789.000000 0.247865 
0.409282 4814.000000 0.249159 
0.408802 4831.000000 0.250039 
0.410213 4781.000000 0.247451 
0.409931 4791.000000 0.247969 
0.409903 4792.000000 0.248020 
0.409874 4793.000000 0.248072 
0.408153 4854.000000 0.251229 
0.409056 4822.000000 0.249573 
0.409395 4810.000000 0.248952 
0.408379 4846.000000 0.250815 
0.408718 4834.000000 0.250194 
0.409254 4815.000000 0.249211 
0.410721 4763.000000 0.246519 
0.409649 4801.000000 0.248486 
0.409592 4803.000000 0.248590 
0.410241 4780.000000 0.247399 
0.409536 4805.000000 0.248693 
0.411229 4745.000000 0.245588 
0.407646 4872.000000 0.252161 
0.410693 4764.000000 0.246571 
0.409169 4818.000000 0.249366 
0.407505 4877.000000 0.252420 
0.409056 4822.000000 0.249573 
0.410016 4788.000000 0.247813 
0.410269 4779.000000 0.247347 
0.410749 4762.000000 0.246468 
0.408690 4835.000000 0.250246 
0.411454 4737.000000 0.245174 
0.408436 4844.000000 0.250712 
0.409000 4824.000000 0.249677 
0.407561 4875.000000 0.252316 
0.409649 4801.000000 0.248486 
0.408831 4830.000000 0.249987 
0.407815 4866.000000 0.251850 
0.410241 4780.000000 0.247399 
0.410382 4775.000000 0.247140 
0.409762 4797.000000 0.248279 
0.408661 4836.000000 0.250298 
0.407758 4868.000000 0.251954 
0.408605 4838.000000 0.250401 
0.409564 4804.000000 0.248641 
0.407871 4864.000000 0.251747 
0.407900 4863.000000 0.251695 
0.407279 4885.000000 0.252834 
0.408887 4828.000000 0.249884 
0.409987 4789.000000 0.247865 
0.407138 4890.000000 0.253092 
0.407928 4862.000000 0.251643 
0.407307 4884.000000 0.252782 
0.410382 4775.000000 0.247140 
0.408972 4825.000000 0.249728 
0.408492 4842.000000 0.250608 
0.407589 4874.000000 0.252264 
0.407956 4861.000000 0.251592 
0.409649 4801.000000 0.248486 
0.407815 4866.000000 0.251850 
0.409226 4816.000000 0.249262 
0.409987 4789.000000 0.247865 
0.408859 4829.000000 0.249935 
0.409649 4801.000000 0.248486 
0.408718 4834.000000 0.250194 
0.408915 4827.000000 0.249832 
0.409846 4794.000000 0.248124 
0.409479 4807.000000 0.248797 
0.409733 4798.000000 0.248331 
0.405276 4956.000000 0.256508 
0.407561 4875.000000 0.252316 
0.406997 4895.000000 0.253351 
0.407505 4877.000000 0.252420 
0.408238 4851.000000 0.251074 
0.407617 4873.000000 0.252213 
0.409141 4819.000000 0.249418 
0.411172 4747.000000 0.245691 
0.408577 4839.000000 0.250453 
0.410467 4772.000000 0.246985 
0.408097 4856.000000 0.251333 
0.407617 4873.000000 0.252213 
0.411229 4745.000000 0.245588 
0.408407 4845.000000 0.250763 
0.407815 4866.000000 0.251850 
0.410693 4764.000000 0.246571 
0.410326 4777.000000 0.247244 
0.406545 4911.000000 0.254179 
0.408746 4833.000000 0.250142 
0.408802 4831.000000 0.250039 
0.408323 4848.000000 0.250919 
0.408831 4830.000000 0.249987 
0.409903 4792.000000 0.248020 
0.410890 4757.000000 0.246209 
0.407674 4871.000000 0.252109 
0.408464 4843.000000 0.250660 
0.410157 4783.000000 0.247554 
0.410072 4786.000000 0.247710 
0.409169 4818.000000 0.249366 
0.407984 4860.000000 0.251540 
0.405784 4938.000000 0.255577 
0.407815 4866.000000 0.251850 
0.411257 4744.000000 0.245536 
0.407928 4862.000000 0.251643 
0.409931 4791.000000 0.247969 
0.408577 4839.000000 0.250453 
0.409395 4810.000000 0.248952 
0.409197 4817.000000 0.249314 
0.408690 4835.000000 0.250246 
0.406348 4918.000000 0.254542 
0.406038 4929.000000 0.255111 
0.411116 4749.000000 0.245795 
0.406404 4916.000000 0.254438 
0.409000 4824.000000 0.249677 
0.407843 4865.000000 0.251799 
0.408633 4837.000000 0.250349 
0.408153 4854.000000 0.251229 
0.408153 4854.000000 0.251229 
0.408548 4840.000000 0.250505 
0.410608 4767.000000 0.246726 
0.409141 4819.000000 0.249418 
0.408972 4825.000000 0.249728 
0.407871 4864.000000 0.251747 
0.408802 4831.000000 0.250039 
0.410495 4771.000000 0.246933 
0.407138 4890.000000 0.253092 
0.408831 4830.000000 0.249987 
0.409282 4814.000000 0.249159 
0.408492 4842.000000 0.250608 
0.408238 4851.000000 0.251074 
0.407928 4862.000000 0.251643 
0.407505 4877.000000 0.252420 
0.410044 4787.000000 0.247762 
0.408520 4841.000000 0.250556 
0.410016 4788.000000 0.247813 
0.405925 4933.000000 0.255318 
0.410128 4784.000000 0.247606 
0.409479 4807.000000 0.248797 
0.410608 4767.000000 0.246726 
0.410100 4785.000000 0.247658 
0.409084 4821.000000 0.249521 
0.408069 4857.000000 0.251385 
0.408238 4851.000000 0.251074 
0.408492 4842.000000 0.250608 
0.410495 4771.000000 0.246933 
0.409479 4807.000000 0.248797 
0.410608 4767.000000 0.246726 
0.409592 4803.000000 0.248590 
0.408436 4844.000000 0.250712 
0.407392 4881.000000 0.252627 
0.409028 4823.000000 0.249625 
0.408577 4839.000000 0.250453 
0.406997 4895.000000 0.253351 
0.408774 4832.000000 0.250091 
0.408097 4856.000000 0.251333 
0.409338 4812.000000 0.249055 
0.406799 4902.000000 0.253714 
0.410326 4777.000000 0.247244 
0.407053 4893.000000 0.253248 
0.409846 4794.000000 0.248124 
0.407138 4890.000000 0.253092 
0.409451 4808.000000 0.248848 
0.408774 4832.000000 0.250091 
0.408351 4847.000000 0.250867 
0.408436 4844.000000 0.250712 
0.407674 4871.000000 0.252109 
0.409536 4805.000000 0.248693 
0.409056 4822.000000 0.249573 
0.411539 4734.000000 0.245018 
0.406122 4926.000000 0.254956 
0.408125 4855.000000 0.251281 
0.406574 4910.000000 0.254128 
0.408690 4835.000000 0.250246 
0.410664 4765.000000 0.246623 
0.407561 4875.000000 0.252316 
0.407674 4871.000000 0.252109 
0.409649 4801.000000 0.248486 
0.408831 4830.000000 0.249987 
0.408492 4842.000000 0.250608 
0.408125 4855.000000 0.251281 
0.408943 4826.000000 0.249780 
0.407589 4874.000000 0.252264 
0.408690 4835.000000 0.250246 
0.408661 4836.000000 0.250298 
0.407194 4888.000000 0.252989 
0.407900 4863.000000 0.251695 
0.408718 4834.000000 0.250194 
0.408351 4847.000000 0.250867 
0.408831 4830.000000 0.249987 
0.409762 4797.000000 0.248279 
0.408210 4852.000000 0.251126 
0.408407 4845.000000 0.250763 
0.410016 4788.000000 0.247813 
0.409874 4793.000000 0.248072 
0.411708 4728.000000 0.244708 
0.407392 4881.000000 0.252627 
0.410523 4770.000000 0.246882 
0.410552 4769.000000 0.246830 
0.408859 4829.000000 0.249935 
0.409874 4793.000000 0.248072 
0.409113 4820.000000 0.249469 
0.408323 4848.000000 0.250919 
0.407222 4887.000000 0.252937 
0.406066 4928.000000 0.255059 
0.409338 4812.000000 0.249055 
0.409197 4817.000000 0.249314 
0.407617 4873.000000 0.252213 
0.407392 4881.000000 0.252627 
0.408041 4858.000000 0.251436 
0.409169 4818.000000 0.249366 
0.409056 4822.000000 0.249573 
0.411059 4751.000000 0.245898 
0.408972 4825.000000 0.249728 
0.405896 4934.000000 0.255370 
0.408605 4838.000000 0.250401 
0.409649 4801.000000 0.248486 
0.408492 4842.000000 0.250608 
0.407702 4870.000000 0.252057 
0.409874 4793.000000 0.248072 
0.408661 4836.000000 0.250298 
0.409931 4791.000000 0.247969 
0.408548 4840.000000 0.250505 
0.408633 4837.000000 0.250349 
0.409056 4822.000000 0.249573 
0.410128 4784.000000 0.247606 
0.409197 4817.000000 0.249314 
0.409508 4806.000000 0.248745 
0.407364 4882.000000 0.252678 
0.410890 4757.000000 0.246209 
0.408069 4857.000000 0.251385 
0.408041 4858.000000 0.251436 
0.407956 4861.000000 0.251592 
0.409592 4803.000000 0.248590 
0.409508 4806.000000 0.248745 
0.407984 4860.000000 0.251540 
0.406489 4913.000000 0.254283 
0.409197 4817.000000 0.249314 
0.408464 4843.000000 0.250660 
0.409084 4821.000000 0.249521 
0.409338 4812.000000 0.249055 
0.408266 4850.000000 0.251022 
0.407533 4876.000000 0.252368 
0.407758 4868.000000 0.251954 
0.408041 4858.000000 0.251436 
0.407194 4888.000000 0.252989 
0.406545 4911.000000 0.254179 
0.410382 4775.000000 0.247140 
0.408210 4852.000000 0.251126 
0.408153 4854.000000 0.251229 
0.409395 4810.000000 0.248952 
0.408097 4856.000000 0.251333 
0.408943 4826.000000 0.249780 
0.408718 4834.000000 0.250194 
0.410495 4771.000000 0.246933 
0.408887 4828.000000 0.249884 
0.408605 4838.000000 0.250401 
0.409959 4790.000000 0.247917 
0.409959 4790.000000 0.247917 
0.409479 4807.000000 0.248797 
0.408548 4840.000000 0.250505 
0.407335 4883.000000 0.252730 
0.408097 4856.000000 0.251333 
0.408351 4847.000000 0.250867 
0.409733 4798.000000 0.248331 
0.407843 4865.000000 0.251799 
0.410580 4768.000000 0.246778 
0.409592 4803.000000 0.248590 
0.406827 4901.000000 0.253662 
0.408125 4855.000000 0.251281 
0.406235 4922.000000 0.254749 
0.409451 4808.000000 0.248848 
0.406291 4920.000000 0.254645 
0.408774 4832.000000 0.250091 
0.408915 4827.000000 0.249832 
0.408661 4836.000000 0.250298 
0.408972 4825.000000 0.249728 
0.409451 4808.000000 0.248848 
0.409451 4808.000000 0.248848 
0.409564 4804.000000 0.248641 
0.409621 4802.000000 0.248538 
0.407364 4882.000000 0.252678 
0.409592 4803.000000 0.248590 
0.410241 4780.000000 0.247399 
0.408831 4830.000000 0.249987 
0.409113 4820.000000 0.249469 
0.408548 4840.000000 0.250505 
0.409677 4800.000000 0.248434 
0.409705 4799.000000 0.248383 
0.409846 4794.000000 0.248124 
0.408182 4853.000000 0.251177 
0.408492 4842.000000 0.250608 
0.409141 4819.000000 0.249418 
0.410523 4770.000000 0.246882 
0.408210 4852.000000 0.251126 
0.406912 4898.000000 0.253507 
0.408859 4829.000000 0.249935 
0.407476 4878.000000 0.252471 
0.410777 4761.000000 0.246416 
0.409705 4799.000000 0.248383 
0.408379 4846.000000 0.250815 
0.410664 4765.000000 0.246623 
0.408520 4841.000000 0.250556 
0.409479 4807.000000 0.248797 
0.407758 4868.000000 0.251954 
0.408323 4848.000000 0.250919 
0.410072 4786.000000 0.247710 
0.410636 4766.000000 0.246675 
0.410410 4774.000000 0.247089 
0.409705 4799.000000 0.248383 
0.408605 4838.000000 0.250401 
0.409931 4791.000000 0.247969 
0.408831 4830.000000 0.249987 
0.409621 4802.000000 0.248538 
0.409903 4792.000000 0.248020 
0.408746 4833.000000 0.250142 
0.406489 4913.000000 0.254283 
0.407617 4873.000000 0.252213 
0.410890 4757.000000 0.246209 
0.410044 4787.000000 0.247762 
0.409000 4824.000000 0.249677 
0.407871 4864.000000 0.251747 
0.408464 4843.000000 0.250660 
0.409141 4819.000000 0.249418 
0.407956 4861.000000 0.251592 
0.409141 4819.000000 0.249418 
0.408210 4852.000000 0.251126 
0.410664 4765.000000 0.246623 
0.408041 4858.000000 0.251436 
0.407420 4880.000000 0.252575 
0.408379 4846.000000 0.250815 
0.407364 4882.000000 0.252678 
0.406912 4898.000000 0.253507 
0.407166 4889.000000 0.253041 
0.410777 4761.000000 0.246416 
0.409282 4814.000000 0.249159 
0.405558 4946.000000 0.255991 
0.409310 4813.000000 0.249107 
0.410016 4788.000000 0.247813 
0.409677 4800.000000 0.248434 
0.409931 4791.000000 0.247969 
0.409226 4816.000000 0.249262 
0.407561 4875.000000 0.252316 
0.408464 4843.000000 0.250660 
0.408718 4834.000000 0.250194 
0.408831 4830.000000 0.249987 
0.407702 4870.000000 0.252057 
0.409169 4818.000000 0.249366 
0.408153 4854.000000 0.251229 
0.408492 4842.000000 0.250608 
0.408859 4829.000000 0.249935 
0.407448 4879.000000 0.252523 
0.407787 4867.000000 0.251902 
0.407533 4876.000000 0.252368 
0.408943 4826.000000 0.249780 
0.408464 4843.000000 0.250660 
0.408182 4853.000000 0.251177 
0.408831 4830.000000 0.249987 
0.409846 4794.000000 0.248124 
0.407617 4873.000000 0.252213 
0.410326 4777.000000 0.247244 
0.408774 4832.000000 0.250091 
0.408407 4845.000000 0.250763 
0.407871 4864.000000 0.251747 
0.410495 4771.000000 0.246933 
0.407900 4863.000000 0.251695 
0.407533 4876.000000 0.252368 
0.407956 4861.000000 0.251592 
0.407166 4889.000000 0.253041 
0.409705 4799.000000 0.248383 
0.408125 4855.000000 0.251281 
0.410298 4778.000000 0.247296 
0.407420 4880.000000 0.252575 
0.406348 4918.000000 0.254542 
0.409818 4795.000000 0.248176 
0.407476 4878.000000 0.252471 
0.408436 4844.000000 0.250712 
0.407928 4862.000000 0.251643 
0.407843 4865.000000 0.251799 
0.410862 4758.000000 0.246261 
0.411736 4727.000000 0.244656 
0.407166 4889.000000 0.253041 
0.408210 4852.000000 0.251126 
0.408323 4848.000000 0.250919 
0.407815 4866.000000 0.251850 
0.409169 4818.000000 0.249366 
0.407222 4887.000000 0.252937 
0.409705 4799.000000 0.248383 
0.408746 4833.000000 0.250142 
0.409931 4791.000000 0.247969 
0.408661 4836.000000 0.250298 
0.409197 4817.000000 0.249314 
0.407900 4863.000000 0.251695 
0.408210 4852.000000 0.251126 
0.408379 4846.000000 0.250815 
0.408972 4825.000000 0.249728 
0.407364 4882.000000 0.252678 
0.406912 4898.000000 0.253507 
0.409113 4820.000000 0.249469 
0.407420 4880.000000 0.252575 
0.409254 4815.000000 0.249211 
0.409310 4813.000000 0.249107 
0.409000 4824.000000 0.249677 
0.406686 4906.000000 0.253921 
0.409959 4790.000000 0.247917 
0.407928 4862.000000 0.251643 
0.409197 4817.000000 0.249314 
0.407871 4864.000000 0.251747 
0.408972 4825.000000 0.249728 
0.408464 4843.000000 0.250660 
0.407617 4873.000000 0.252213 
0.408012 4859.000000 0.251488 
0.408831 4830.000000 0.249987 
0.408266 4850.000000 0.251022 
0.407476 4878.000000 0.252471 
0.408774 4832.000000 0.250091 
0.407476 4878.000000 0.252471 
0.409141 4819.000000 0.249418 
0.407222 4887.000000 0.252937 
0.407222 4887.000000 0.252937 
0.408746 4833.000000 0.250142 
0.408972 4825.000000 0.249728 
0.408182 4853.000000 0.251177 
0.409395 4810.000000 0.248952 
0.409818 4795.000000 0.248176 
0.407307 4884.000000 0.252782 
0.407533 4876.000000 0.252368 
0.407364 4882.000000 0.252678 
0.409931 4791.000000 0.247969 
0.406545 4911.000000 0.254179 
0.410016 4788.000000 0.247813 
0.408295 4849.000000 0.250970 
0.409113 4820.000000 0.249469 
0.409677 4800.000000 0.248434 
0.407138 4890.000000 0.253092 
0.409621 4802.000000 0.248538 
0.410241 4780.000000 0.247399 
0.409169 4818.000000 0.249366 
0.410608 4767.000000 0.246726 
0.407646 4872.000000 0.252161 
0.408633 4837.000000 0.250349 
0.411398 4739.000000 0.245277 
0.408153 4854.000000 0.251229 
0.409141 4819.000000 0.249418 
0.411257 4744.000000 0.245536 
0.409479 4807.000000 0.248797 
