0.503851 1462.000000 0.075669 
0.505826 1392.000000 0.072046 
0.503907 1460.000000 0.075565 
0.505177 1415.000000 0.073236 
0.504359 1444.000000 0.074737 
0.502581 1507.000000 0.077998 
0.503061 1490.000000 0.077118 
0.504613 1435.000000 0.074272 
0.504246 1448.000000 0.074944 
0.505008 1421.000000 0.073547 
0.505657 1398.000000 0.072357 
0.504274 1447.000000 0.074893 
0.504895 1425.000000 0.073754 
0.503541 1473.000000 0.076238 
0.503907 1460.000000 0.075565 
0.505572 1401.000000 0.072512 
0.504726 1431.000000 0.074064 
0.503936 1459.000000 0.075514 
0.504556 1437.000000 0.074375 
0.503907 1460.000000 0.075565 
0.503992 1457.000000 0.075410 
0.504302 1446.000000 0.074841 
0.504838 1427.000000 0.073857 
0.503146 1487.000000 0.076963 
0.504641 1434.000000 0.074220 
0.505121 1417.000000 0.073340 
0.504049 1455.000000 0.075307 
0.504838 1427.000000 0.073857 
0.503343 1480.000000 0.076601 
0.505064 1419.000000 0.073443 
0.503738 1466.000000 0.075876 
0.504218 1449.000000 0.074996 
0.502440 1512.000000 0.078257 
0.504161 1451.000000 0.075100 
0.504387 1443.000000 0.074686 
0.504472 1440.000000 0.074530 
0.504980 1422.000000 0.073599 
0.503907 1460.000000 0.075565 
0.503851 1462.000000 0.075669 
0.503738 1466.000000 0.075876 
0.504077 1454.000000 0.075255 
0.505092 1418.000000 0.073392 
0.504359 1444.000000 0.074737 
0.504951 1423.000000 0.073650 
0.504331 1445.000000 0.074789 
0.503512 1474.000000 0.076290 
0.503597 1471.000000 0.076135 
0.505346 1409.000000 0.072926 
0.504415 1442.000000 0.074634 
0.504726 1431.000000 0.074064 
0.504077 1454.000000 0.075255 
0.505403 1407.000000 0.072822 
0.503259 1483.000000 0.076756 
0.504980 1422.000000 0.073599 
0.504049 1455.000000 0.075307 
0.505600 1400.000000 0.072460 
0.502892 1496.000000 0.077429 
0.503089 1489.000000 0.077066 
0.503089 1489.000000 0.077066 
0.504444 1441.000000 0.074582 
0.504218 1449.000000 0.074996 
0.503202 1485.000000 0.076859 
0.503992 1457.000000 0.075410 
0.504077 1454.000000 0.075255 
0.503343 1480.000000 0.076601 
0.503823 1463.000000 0.075721 
0.503766 1465.000000 0.075824 
0.504500 1439.000000 0.074479 
0.505516 1403.000000 0.072615 
0.504049 1455.000000 0.075307 
0.503795 1464.000000 0.075772 
0.503964 1458.000000 0.075462 
0.502271 1518.000000 0.078567 
0.505290 1411.000000 0.073029 
0.504528 1438.000000 0.074427 
0.503682 1468.000000 0.075980 
0.505036 1420.000000 0.073495 
0.503400 1478.000000 0.076497 
0.501848 1533.000000 0.079344 
0.503710 1467.000000 0.075928 
0.503851 1462.000000 0.075669 
0.504331 1445.000000 0.074789 
0.502384 1514.000000 0.078360 
0.504895 1425.000000 0.073754 
0.504726 1431.000000 0.074064 
0.503061 1490.000000 0.077118 
0.505685 1397.000000 0.072305 
0.504387 1443.000000 0.074686 
0.504641 1434.000000 0.074220 
0.503738 1466.000000 0.075876 
0.503456 1476.000000 0.076394 
0.504077 1454.000000 0.075255 
0.503118 1488.000000 0.077015 
0.504472 1440.000000 0.074530 
0.504274 1447.000000 0.074893 
0.504274 1447.000000 0.074893 
0.504867 1426.000000 0.073806 
0.503569 1472.000000 0.076187 
0.504246 1448.000000 0.074944 
0.504190 1450.000000 0.075048 
0.504133 1452.000000 0.075151 
0.503964 1458.000000 0.075462 
0.502525 1509.000000 0.078102 
0.504077 1454.000000 0.075255 
0.504020 1456.000000 0.075358 
0.505008 1421.000000 0.073547 
0.503005 1492.000000 0.077222 
0.503823 1463.000000 0.075721 
0.503654 1469.000000 0.076031 
0.504754 1430.000000 0.074013 
0.505205 1414.000000 0.073185 
0.502271 1518.000000 0.078567 
0.503061 1490.000000 0.077118 
0.503118 1488.000000 0.077015 
0.504415 1442.000000 0.074634 
0.505854 1391.000000 0.071994 
0.503456 1476.000000 0.076394 
0.503766 1465.000000 0.075824 
0.505092 1418.000000 0.073392 
0.503823 1463.000000 0.075721 
0.505657 1398.000000 0.072357 
0.503541 1473.000000 0.076238 
0.503795 1464.000000 0.075772 
0.504133 1452.000000 0.075151 
0.504302 1446.000000 0.074841 
0.502948 1494.000000 0.077325 
0.504754 1430.000000 0.074013 
0.504641 1434.000000 0.074220 
0.504049 1455.000000 0.075307 
0.504585 1436.000000 0.074323 
0.504472 1440.000000 0.074530 
0.502581 1507.000000 0.077998 
0.503287 1482.000000 0.076704 
0.503766 1465.000000 0.075824 
0.504049 1455.000000 0.075307 
0.504641 1434.000000 0.074220 
0.504020 1456.000000 0.075358 
0.504133 1452.000000 0.075151 
0.504641 1434.000000 0.074220 
0.504331 1445.000000 0.074789 
0.503795 1464.000000 0.075772 
0.504218 1449.000000 0.074996 
0.504077 1454.000000 0.075255 
0.504500 1439.000000 0.074479 
0.503061 1490.000000 0.077118 
0.505205 1414.000000 0.073185 
0.504077 1454.000000 0.075255 
0.504105 1453.000000 0.075203 
0.503964 1458.000000 0.075462 
0.504049 1455.000000 0.075307 
0.505459 1405.000000 0.072719 
0.504415 1442.000000 0.074634 
0.504754 1430.000000 0.074013 
0.504020 1456.000000 0.075358 
0.504387 1443.000000 0.074686 
0.504274 1447.000000 0.074893 
0.504472 1440.000000 0.074530 
0.504020 1456.000000 0.075358 
0.504246 1448.000000 0.074944 
0.503287 1482.000000 0.076704 
0.503907 1460.000000 0.075565 
0.504105 1453.000000 0.075203 
0.505572 1401.000000 0.072512 
0.504218 1449.000000 0.074996 
0.504274 1447.000000 0.074893 
0.504302 1446.000000 0.074841 
0.503343 1480.000000 0.076601 
0.503964 1458.000000 0.075462 
0.503682 1468.000000 0.075980 
0.504585 1436.000000 0.074323 
0.505121 1417.000000 0.073340 
0.505008 1421.000000 0.073547 
0.506108 1382.000000 0.071528 
0.504133 1452.000000 0.075151 
0.505092 1418.000000 0.073392 
0.504105 1453.000000 0.075203 
0.504641 1434.000000 0.074220 
0.504133 1452.000000 0.075151 
0.504556 1437.000000 0.074375 
0.505516 1403.000000 0.072615 
0.504810 1428.000000 0.073909 
0.505516 1403.000000 0.072615 
0.502694 1503.000000 0.077791 
0.503964 1458.000000 0.075462 
0.504218 1449.000000 0.074996 
0.503907 1460.000000 0.075565 
0.505262 1412.000000 0.073081 
0.503484 1475.000000 0.076342 
0.504246 1448.000000 0.074944 
0.505572 1401.000000 0.072512 
0.504528 1438.000000 0.074427 
0.505205 1414.000000 0.073185 
0.503202 1485.000000 0.076859 
0.503625 1470.000000 0.076083 
0.504302 1446.000000 0.074841 
0.503428 1477.000000 0.076445 
0.504585 1436.000000 0.074323 
0.505262 1412.000000 0.073081 
0.503710 1467.000000 0.075928 
0.503992 1457.000000 0.075410 
0.504895 1425.000000 0.073754 
0.504133 1452.000000 0.075151 
0.504302 1446.000000 0.074841 
0.503936 1459.000000 0.075514 
0.504697 1432.000000 0.074116 
0.504274 1447.000000 0.074893 
0.504472 1440.000000 0.074530 
0.505121 1417.000000 0.073340 
0.504528 1438.000000 0.074427 
0.503371 1479.000000 0.076549 
0.504472 1440.000000 0.074530 
0.505911 1389.000000 0.071891 
0.503851 1462.000000 0.075669 
0.504500 1439.000000 0.074479 
0.503202 1485.000000 0.076859 
0.503315 1481.000000 0.076652 
0.504331 1445.000000 0.074789 
0.504274 1447.000000 0.074893 
0.505544 1402.000000 0.072564 
0.503230 1484.000000 0.076808 
0.502976 1493.000000 0.077273 
0.505346 1409.000000 0.072926 
0.504810 1428.000000 0.073909 
0.503541 1473.000000 0.076238 
0.504331 1445.000000 0.074789 
0.504444 1441.000000 0.074582 
0.503682 1468.000000 0.075980 
0.504923 1424.000000 0.073702 
0.504190 1450.000000 0.075048 
0.503287 1482.000000 0.076704 
0.503569 1472.000000 0.076187 
0.504585 1436.000000 0.074323 
0.505092 1418.000000 0.073392 
0.504669 1433.000000 0.074168 
0.503625 1470.000000 0.076083 
0.504556 1437.000000 0.074375 
0.503315 1481.000000 0.076652 
0.506306 1375.000000 0.071166 
0.503400 1478.000000 0.076497 
0.505008 1421.000000 0.073547 
0.504951 1423.000000 0.073650 
0.504613 1435.000000 0.074272 
0.504302 1446.000000 0.074841 
0.504669 1433.000000 0.074168 
0.504020 1456.000000 0.075358 
0.504359 1444.000000 0.074737 
0.505036 1420.000000 0.073495 
0.503230 1484.000000 0.076808 
0.504726 1431.000000 0.074064 
0.503766 1465.000000 0.075824 
0.504754 1430.000000 0.074013 
0.504218 1449.000000 0.074996 
0.505628 1399.000000 0.072408 
0.504951 1423.000000 0.073650 
0.503766 1465.000000 0.075824 
0.504387 1443.000000 0.074686 
0.503964 1458.000000 0.075462 
0.504133 1452.000000 0.075151 
0.503795 1464.000000 0.075772 
0.505262 1412.000000 0.073081 
0.503400 1478.000000 0.076497 
0.505036 1420.000000 0.073495 
0.504726 1431.000000 0.074064 
0.504246 1448.000000 0.074944 
0.503710 1467.000000 0.075928 
0.503456 1476.000000 0.076394 
0.504415 1442.000000 0.074634 
0.504528 1438.000000 0.074427 
0.503710 1467.000000 0.075928 
0.503795 1464.000000 0.075772 
0.503964 1458.000000 0.075462 
0.503964 1458.000000 0.075462 
0.504810 1428.000000 0.073909 
0.504556 1437.000000 0.074375 
0.503625 1470.000000 0.076083 
0.503823 1463.000000 0.075721 
0.504105 1453.000000 0.075203 
0.504528 1438.000000 0.074427 
0.506334 1374.000000 0.071114 
0.504528 1438.000000 0.074427 
0.504528 1438.000000 0.074427 
0.504105 1453.000000 0.075203 
0.504274 1447.000000 0.074893 
0.504980 1422.000000 0.073599 
0.503625 1470.000000 0.076083 
0.504190 1450.000000 0.075048 
0.503033 1491.000000 0.077170 
0.504867 1426.000000 0.073806 
0.504613 1435.000000 0.074272 
0.504133 1452.000000 0.075151 
0.505262 1412.000000 0.073081 
0.504641 1434.000000 0.074220 
0.504359 1444.000000 0.074737 
0.504359 1444.000000 0.074737 
0.504444 1441.000000 0.074582 
0.502807 1499.000000 0.077584 
0.503230 1484.000000 0.076808 
0.504444 1441.000000 0.074582 
0.505036 1420.000000 0.073495 
0.503512 1474.000000 0.076290 
0.504669 1433.000000 0.074168 
0.503400 1478.000000 0.076497 
0.504020 1456.000000 0.075358 
0.503625 1470.000000 0.076083 
0.504218 1449.000000 0.074996 
0.504697 1432.000000 0.074116 
0.504020 1456.000000 0.075358 
0.503682 1468.000000 0.075980 
0.504838 1427.000000 0.073857 
0.504528 1438.000000 0.074427 
0.504528 1438.000000 0.074427 
0.504218 1449.000000 0.074996 
0.503118 1488.000000 0.077015 
0.503992 1457.000000 0.075410 
0.503597 1471.000000 0.076135 
0.505290 1411.000000 0.073029 
0.504500 1439.000000 0.074479 
0.503710 1467.000000 0.075928 
0.503512 1474.000000 0.076290 
0.503146 1487.000000 0.076963 
0.504133 1452.000000 0.075151 
0.506052 1384.000000 0.071632 
0.504641 1434.000000 0.074220 
0.505826 1392.000000 0.072046 
0.504669 1433.000000 0.074168 
0.503766 1465.000000 0.075824 
0.503907 1460.000000 0.075565 
0.504528 1438.000000 0.074427 
0.504754 1430.000000 0.074013 
0.504274 1447.000000 0.074893 
0.504726 1431.000000 0.074064 
0.503428 1477.000000 0.076445 
0.504810 1428.000000 0.073909 
0.504133 1452.000000 0.075151 
0.504190 1450.000000 0.075048 
0.504641 1434.000000 0.074220 
0.504105 1453.000000 0.075203 
0.504838 1427.000000 0.073857 
0.504331 1445.000000 0.074789 
0.504472 1440.000000 0.074530 
0.503992 1457.000000 0.075410 
0.504161 1451.000000 0.075100 
0.504105 1453.000000 0.075203 
0.503766 1465.000000 0.075824 
0.503569 1472.000000 0.076187 
0.504726 1431.000000 0.074064 
0.503992 1457.000000 0.075410 
0.502892 1496.000000 0.077429 
0.503879 1461.000000 0.075617 
0.504415 1442.000000 0.074634 
0.504331 1445.000000 0.074789 
0.504077 1454.000000 0.075255 
0.503484 1475.000000 0.076342 
0.504331 1445.000000 0.074789 
0.504641 1434.000000 0.074220 
0.504246 1448.000000 0.074944 
0.504669 1433.000000 0.074168 
0.503625 1470.000000 0.076083 
0.503484 1475.000000 0.076342 
0.504528 1438.000000 0.074427 
0.504500 1439.000000 0.074479 
0.504613 1435.000000 0.074272 
0.504133 1452.000000 0.075151 
0.503992 1457.000000 0.075410 
0.503230 1484.000000 0.076808 
0.504500 1439.000000 0.074479 
0.504923 1424.000000 0.073702 
0.505092 1418.000000 0.073392 
0.504754 1430.000000 0.074013 
0.503569 1472.000000 0.076187 
0.503371 1479.000000 0.076549 
0.505431 1406.000000 0.072771 
0.503766 1465.000000 0.075824 
0.504472 1440.000000 0.074530 
0.504190 1450.000000 0.075048 
0.503964 1458.000000 0.075462 
0.503795 1464.000000 0.075772 
0.503484 1475.000000 0.076342 
0.504613 1435.000000 0.074272 
0.504867 1426.000000 0.073806 
0.503795 1464.000000 0.075772 
0.503766 1465.000000 0.075824 
0.505092 1418.000000 0.073392 
0.503146 1487.000000 0.076963 
0.503682 1468.000000 0.075980 
0.504528 1438.000000 0.074427 
0.505036 1420.000000 0.073495 
0.504077 1454.000000 0.075255 
0.504302 1446.000000 0.074841 
0.504331 1445.000000 0.074789 
0.503625 1470.000000 0.076083 
0.505177 1415.000000 0.073236 
0.504415 1442.000000 0.074634 
0.503428 1477.000000 0.076445 
0.503907 1460.000000 0.075565 
0.504641 1434.000000 0.074220 
0.503146 1487.000000 0.076963 
0.504641 1434.000000 0.074220 
0.504641 1434.000000 0.074220 
0.503371 1479.000000 0.076549 
0.504105 1453.000000 0.075203 
0.505092 1418.000000 0.073392 
0.504246 1448.000000 0.074944 
0.503964 1458.000000 0.075462 
0.503936 1459.000000 0.075514 
0.504500 1439.000000 0.074479 
0.503625 1470.000000 0.076083 
0.505685 1397.000000 0.072305 
0.503597 1471.000000 0.076135 
0.502892 1496.000000 0.077429 
0.504218 1449.000000 0.074996 
0.504528 1438.000000 0.074427 
0.503682 1468.000000 0.075980 
0.504302 1446.000000 0.074841 
0.504500 1439.000000 0.074479 
0.505290 1411.000000 0.073029 
0.503710 1467.000000 0.075928 
0.502158 1522.000000 0.078774 
0.504190 1450.000000 0.075048 
0.504387 1443.000000 0.074686 
0.504190 1450.000000 0.075048 
0.503625 1470.000000 0.076083 
0.504528 1438.000000 0.074427 
0.505939 1388.000000 0.071839 
0.503851 1462.000000 0.075669 
0.503710 1467.000000 0.075928 
0.504782 1429.000000 0.073961 
0.503907 1460.000000 0.075565 
0.504754 1430.000000 0.074013 
0.504387 1443.000000 0.074686 
0.503879 1461.000000 0.075617 
0.504444 1441.000000 0.074582 
0.504500 1439.000000 0.074479 
0.504444 1441.000000 0.074582 
0.504415 1442.000000 0.074634 
0.504951 1423.000000 0.073650 
0.504556 1437.000000 0.074375 
0.504613 1435.000000 0.074272 
0.504641 1434.000000 0.074220 
0.503315 1481.000000 0.076652 
0.503936 1459.000000 0.075514 
0.503005 1492.000000 0.077222 
0.504669 1433.000000 0.074168 
0.503766 1465.000000 0.075824 
0.505064 1419.000000 0.073443 
0.503230 1484.000000 0.076808 
0.503738 1466.000000 0.075876 
0.504190 1450.000000 0.075048 
0.504500 1439.000000 0.074479 
0.504528 1438.000000 0.074427 
0.505064 1419.000000 0.073443 
0.503569 1472.000000 0.076187 
0.504980 1422.000000 0.073599 
0.503512 1474.000000 0.076290 
0.504105 1453.000000 0.075203 
0.504218 1449.000000 0.074996 
0.504020 1456.000000 0.075358 
0.503766 1465.000000 0.075824 
0.503823 1463.000000 0.075721 
0.504246 1448.000000 0.074944 
0.503879 1461.000000 0.075617 
0.505008 1421.000000 0.073547 
0.504980 1422.000000 0.073599 
0.504500 1439.000000 0.074479 
0.504951 1423.000000 0.073650 
0.504697 1432.000000 0.074116 
0.503682 1468.000000 0.075980 
0.505121 1417.000000 0.073340 
0.503625 1470.000000 0.076083 
0.504726 1431.000000 0.074064 
0.504697 1432.000000 0.074116 
0.503907 1460.000000 0.075565 
0.503569 1472.000000 0.076187 
0.503936 1459.000000 0.075514 
0.503851 1462.000000 0.075669 
0.503936 1459.000000 0.075514 
0.502864 1497.000000 0.077480 
0.504472 1440.000000 0.074530 
0.503343 1480.000000 0.076601 
0.503259 1483.000000 0.076756 
0.503766 1465.000000 0.075824 
0.504133 1452.000000 0.075151 
0.504500 1439.000000 0.074479 
0.504049 1455.000000 0.075307 
0.504020 1456.000000 0.075358 
0.504838 1427.000000 0.073857 
0.504049 1455.000000 0.075307 
0.504613 1435.000000 0.074272 
0.504810 1428.000000 0.073909 
0.504810 1428.000000 0.073909 
0.504387 1443.000000 0.074686 
0.502525 1509.000000 0.078102 
0.503146 1487.000000 0.076963 
0.504218 1449.000000 0.074996 
0.503682 1468.000000 0.075980 
0.504246 1448.000000 0.074944 
0.503823 1463.000000 0.075721 
0.504613 1435.000000 0.074272 
0.504754 1430.000000 0.074013 
0.503569 1472.000000 0.076187 
0.503682 1468.000000 0.075980 
0.502864 1497.000000 0.077480 
0.504895 1425.000000 0.073754 
0.503315 1481.000000 0.076652 
0.504359 1444.000000 0.074737 
0.502553 1508.000000 0.078050 
0.502694 1503.000000 0.077791 
0.504190 1450.000000 0.075048 
0.504133 1452.000000 0.075151 
0.504020 1456.000000 0.075358 
0.504669 1433.000000 0.074168 
0.503541 1473.000000 0.076238 
0.505092 1418.000000 0.073392 
0.504415 1442.000000 0.074634 
0.505685 1397.000000 0.072305 
0.505092 1418.000000 0.073392 
0.503484 1475.000000 0.076342 
0.503964 1458.000000 0.075462 
0.505346 1409.000000 0.072926 
0.503484 1475.000000 0.076342 
0.503484 1475.000000 0.076342 
0.504077 1454.000000 0.075255 
0.504049 1455.000000 0.075307 
0.505713 1396.000000 0.072253 
0.504077 1454.000000 0.075255 
0.505233 1413.000000 0.073133 
0.502807 1499.000000 0.077584 
0.504331 1445.000000 0.074789 
0.503964 1458.000000 0.075462 
0.503851 1462.000000 0.075669 
0.505487 1404.000000 0.072667 
0.503484 1475.000000 0.076342 
0.504190 1450.000000 0.075048 
0.504359 1444.000000 0.074737 
0.504585 1436.000000 0.074323 
0.504049 1455.000000 0.075307 
0.504585 1436.000000 0.074323 
0.503484 1475.000000 0.076342 
0.504133 1452.000000 0.075151 
0.504923 1424.000000 0.073702 
0.503738 1466.000000 0.075876 
0.505262 1412.000000 0.073081 
0.505939 1388.000000 0.071839 
0.503259 1483.000000 0.076756 
0.504500 1439.000000 0.074479 
0.504274 1447.000000 0.074893 
0.504613 1435.000000 0.074272 
0.504105 1453.000000 0.075203 
0.504274 1447.000000 0.074893 
0.503400 1478.000000 0.076497 
0.504133 1452.000000 0.075151 
0.503541 1473.000000 0.076238 
0.504020 1456.000000 0.075358 
0.503766 1465.000000 0.075824 
0.504500 1439.000000 0.074479 
0.505403 1407.000000 0.072822 
0.502920 1495.000000 0.077377 
0.504980 1422.000000 0.073599 
0.504867 1426.000000 0.073806 
0.504077 1454.000000 0.075255 
0.504105 1453.000000 0.075203 
0.503907 1460.000000 0.075565 
0.505600 1400.000000 0.072460 
0.504726 1431.000000 0.074064 
0.504133 1452.000000 0.075151 
0.503879 1461.000000 0.075617 
0.504585 1436.000000 0.074323 
0.504302 1446.000000 0.074841 
0.504867 1426.000000 0.073806 
0.503202 1485.000000 0.076859 
0.504838 1427.000000 0.073857 
0.503992 1457.000000 0.075410 
0.502948 1494.000000 0.077325 
0.503907 1460.000000 0.075565 
0.504556 1437.000000 0.074375 
0.504923 1424.000000 0.073702 
0.505092 1418.000000 0.073392 
0.505403 1407.000000 0.072822 
0.504105 1453.000000 0.075203 
0.504133 1452.000000 0.075151 
0.503343 1480.000000 0.076601 
0.503597 1471.000000 0.076135 
0.505177 1415.000000 0.073236 
0.503936 1459.000000 0.075514 
0.503654 1469.000000 0.076031 
0.504077 1454.000000 0.075255 
0.504444 1441.000000 0.074582 
0.503484 1475.000000 0.076342 
0.504726 1431.000000 0.074064 
0.504444 1441.000000 0.074582 
0.503456 1476.000000 0.076394 
0.503879 1461.000000 0.075617 
0.503654 1469.000000 0.076031 
0.503005 1492.000000 0.077222 
0.503202 1485.000000 0.076859 
0.503964 1458.000000 0.075462 
0.503795 1464.000000 0.075772 
0.503343 1480.000000 0.076601 
0.502835 1498.000000 0.077532 
0.504049 1455.000000 0.075307 
0.504556 1437.000000 0.074375 
0.504161 1451.000000 0.075100 
0.505121 1417.000000 0.073340 
0.504133 1452.000000 0.075151 
0.503766 1465.000000 0.075824 
0.503371 1479.000000 0.076549 
0.504500 1439.000000 0.074479 
0.504331 1445.000000 0.074789 
0.505205 1414.000000 0.073185 
0.505741 1395.000000 0.072201 
0.505713 1396.000000 0.072253 
0.505262 1412.000000 0.073081 
0.504415 1442.000000 0.074634 
0.504726 1431.000000 0.074064 
0.503597 1471.000000 0.076135 
0.504472 1440.000000 0.074530 
0.504697 1432.000000 0.074116 
0.503005 1492.000000 0.077222 
0.505205 1414.000000 0.073185 
0.503541 1473.000000 0.076238 
0.503597 1471.000000 0.076135 
0.503907 1460.000000 0.075565 
0.505233 1413.000000 0.073133 
0.504810 1428.000000 0.073909 
0.505544 1402.000000 0.072564 
0.503061 1490.000000 0.077118 
0.504613 1435.000000 0.074272 
0.504302 1446.000000 0.074841 
0.503005 1492.000000 0.077222 
0.505741 1395.000000 0.072201 
0.503851 1462.000000 0.075669 
0.505375 1408.000000 0.072874 
0.503964 1458.000000 0.075462 
0.504556 1437.000000 0.074375 
0.504161 1451.000000 0.075100 
0.503146 1487.000000 0.076963 
0.503766 1465.000000 0.075824 
0.503343 1480.000000 0.076601 
0.504444 1441.000000 0.074582 
0.503597 1471.000000 0.076135 
0.503879 1461.000000 0.075617 
0.503964 1458.000000 0.075462 
0.504331 1445.000000 0.074789 
0.504726 1431.000000 0.074064 
0.503428 1477.000000 0.076445 
0.503879 1461.000000 0.075617 
0.504697 1432.000000 0.074116 
0.503710 1467.000000 0.075928 
0.504726 1431.000000 0.074064 
0.504105 1453.000000 0.075203 
0.505600 1400.000000 0.072460 
0.504049 1455.000000 0.075307 
0.504754 1430.000000 0.074013 
0.504867 1426.000000 0.073806 
0.503400 1478.000000 0.076497 
0.504726 1431.000000 0.074064 
0.504415 1442.000000 0.074634 
0.505092 1418.000000 0.073392 
0.504895 1425.000000 0.073754 
0.504020 1456.000000 0.075358 
0.503964 1458.000000 0.075462 
0.505318 1410.000000 0.072978 
0.503936 1459.000000 0.075514 
0.503230 1484.000000 0.076808 
0.504472 1440.000000 0.074530 
0.504980 1422.000000 0.073599 
0.505205 1414.000000 0.073185 
0.505516 1403.000000 0.072615 
0.504585 1436.000000 0.074323 
0.504895 1425.000000 0.073754 
0.504302 1446.000000 0.074841 
0.504415 1442.000000 0.074634 
0.503795 1464.000000 0.075772 
0.503907 1460.000000 0.075565 
0.503343 1480.000000 0.076601 
0.503315 1481.000000 0.076652 
0.504133 1452.000000 0.075151 
0.505628 1399.000000 0.072408 
0.503202 1485.000000 0.076859 
0.503569 1472.000000 0.076187 
0.504697 1432.000000 0.074116 
0.504585 1436.000000 0.074323 
0.504895 1425.000000 0.073754 
0.504387 1443.000000 0.074686 
0.504500 1439.000000 0.074479 
0.502666 1504.000000 0.077843 
0.504020 1456.000000 0.075358 
0.504726 1431.000000 0.074064 
0.504020 1456.000000 0.075358 
0.504246 1448.000000 0.074944 
0.504049 1455.000000 0.075307 
0.505036 1420.000000 0.073495 
0.504415 1442.000000 0.074634 
0.503851 1462.000000 0.075669 
0.505008 1421.000000 0.073547 
0.504613 1435.000000 0.074272 
0.503823 1463.000000 0.075721 
0.504923 1424.000000 0.073702 
0.505121 1417.000000 0.073340 
0.504500 1439.000000 0.074479 
0.503851 1462.000000 0.075669 
0.505121 1417.000000 0.073340 
0.504190 1450.000000 0.075048 
0.504049 1455.000000 0.075307 
0.504980 1422.000000 0.073599 
0.504218 1449.000000 0.074996 
0.504444 1441.000000 0.074582 
0.504782 1429.000000 0.073961 
0.504500 1439.000000 0.074479 
0.503174 1486.000000 0.076911 
0.504641 1434.000000 0.074220 
0.504302 1446.000000 0.074841 
0.503230 1484.000000 0.076808 
0.504585 1436.000000 0.074323 
0.504133 1452.000000 0.075151 
0.504754 1430.000000 0.074013 
0.502412 1513.000000 0.078309 
0.505233 1413.000000 0.073133 
0.505064 1419.000000 0.073443 
0.504133 1452.000000 0.075151 
0.504726 1431.000000 0.074064 
0.503259 1483.000000 0.076756 
0.503936 1459.000000 0.075514 
0.504669 1433.000000 0.074168 
0.505008 1421.000000 0.073547 
0.504020 1456.000000 0.075358 
0.503682 1468.000000 0.075980 
0.504190 1450.000000 0.075048 
0.504387 1443.000000 0.074686 
0.504190 1450.000000 0.075048 
0.504556 1437.000000 0.074375 
0.503259 1483.000000 0.076756 
0.504500 1439.000000 0.074479 
0.504331 1445.000000 0.074789 
0.505459 1405.000000 0.072719 
0.504133 1452.000000 0.075151 
0.504359 1444.000000 0.074737 
0.503823 1463.000000 0.075721 
0.504105 1453.000000 0.075203 
0.503428 1477.000000 0.076445 
0.503146 1487.000000 0.076963 
0.504782 1429.000000 0.073961 
0.503259 1483.000000 0.076756 
0.503625 1470.000000 0.076083 
0.503907 1460.000000 0.075565 
0.503823 1463.000000 0.075721 
0.503992 1457.000000 0.075410 
0.505403 1407.000000 0.072822 
0.503964 1458.000000 0.075462 
0.503654 1469.000000 0.076031 
0.504980 1422.000000 0.073599 
0.503569 1472.000000 0.076187 
0.503766 1465.000000 0.075824 
0.503964 1458.000000 0.075462 
0.504472 1440.000000 0.074530 
0.502299 1517.000000 0.078516 
0.504218 1449.000000 0.074996 
0.504782 1429.000000 0.073961 
0.504274 1447.000000 0.074893 
0.503964 1458.000000 0.075462 
0.503541 1473.000000 0.076238 
0.503907 1460.000000 0.075565 
0.502807 1499.000000 0.077584 
0.504500 1439.000000 0.074479 
0.503484 1475.000000 0.076342 
0.504754 1430.000000 0.074013 
0.504697 1432.000000 0.074116 
0.504302 1446.000000 0.074841 
0.505770 1394.000000 0.072149 
0.503174 1486.000000 0.076911 
0.502835 1498.000000 0.077532 
0.503230 1484.000000 0.076808 
0.504133 1452.000000 0.075151 
0.504302 1446.000000 0.074841 
0.504274 1447.000000 0.074893 
0.504782 1429.000000 0.073961 
0.503343 1480.000000 0.076601 
0.504302 1446.000000 0.074841 
0.504472 1440.000000 0.074530 
0.504302 1446.000000 0.074841 
0.504161 1451.000000 0.075100 
0.504274 1447.000000 0.074893 
0.503287 1482.000000 0.076704 
0.503907 1460.000000 0.075565 
0.504387 1443.000000 0.074686 
0.503400 1478.000000 0.076497 
0.503738 1466.000000 0.075876 
0.504923 1424.000000 0.073702 
0.503879 1461.000000 0.075617 
0.504020 1456.000000 0.075358 
0.504980 1422.000000 0.073599 
0.503625 1470.000000 0.076083 
0.504133 1452.000000 0.075151 
0.504528 1438.000000 0.074427 
0.503851 1462.000000 0.075669 
0.504810 1428.000000 0.073909 
0.505177 1415.000000 0.073236 
0.504020 1456.000000 0.075358 
0.503823 1463.000000 0.075721 
0.505149 1416.000000 0.073288 
0.504472 1440.000000 0.074530 
0.503738 1466.000000 0.075876 
0.505064 1419.000000 0.073443 
0.505177 1415.000000 0.073236 
0.505262 1412.000000 0.073081 
0.503484 1475.000000 0.076342 
0.503597 1471.000000 0.076135 
0.504274 1447.000000 0.074893 
0.504556 1437.000000 0.074375 
0.504415 1442.000000 0.074634 
0.503795 1464.000000 0.075772 
0.503879 1461.000000 0.075617 
0.505939 1388.000000 0.071839 
0.504020 1456.000000 0.075358 
0.503738 1466.000000 0.075876 
0.503992 1457.000000 0.075410 
0.504274 1447.000000 0.074893 
0.504161 1451.000000 0.075100 
0.505036 1420.000000 0.073495 
0.503738 1466.000000 0.075876 
0.503428 1477.000000 0.076445 
0.503315 1481.000000 0.076652 
0.504020 1456.000000 0.075358 
0.503851 1462.000000 0.075669 
0.504528 1438.000000 0.074427 
0.504105 1453.000000 0.075203 
0.503569 1472.000000 0.076187 
0.504782 1429.000000 0.073961 
0.503879 1461.000000 0.075617 
0.504867 1426.000000 0.073806 
0.504895 1425.000000 0.073754 
0.503710 1467.000000 0.075928 
0.504020 1456.000000 0.075358 
0.504951 1423.000000 0.073650 
0.505121 1417.000000 0.073340 
0.505121 1417.000000 0.073340 
0.504641 1434.000000 0.074220 
0.504641 1434.000000 0.074220 
0.503738 1466.000000 0.075876 
0.504613 1435.000000 0.074272 
0.503597 1471.000000 0.076135 
0.503456 1476.000000 0.076394 
0.503484 1475.000000 0.076342 
0.504895 1425.000000 0.073754 
0.504726 1431.000000 0.074064 
0.504049 1455.000000 0.075307 
0.503795 1464.000000 0.075772 
0.504500 1439.000000 0.074479 
0.503146 1487.000000 0.076963 
0.505233 1413.000000 0.073133 
0.504387 1443.000000 0.074686 
0.503738 1466.000000 0.075876 
0.502694 1503.000000 0.077791 
0.504190 1450.000000 0.075048 
0.504472 1440.000000 0.074530 
0.504218 1449.000000 0.074996 
0.504472 1440.000000 0.074530 
0.505544 1402.000000 0.072564 
0.504500 1439.000000 0.074479 
0.504895 1425.000000 0.073754 
0.505741 1395.000000 0.072201 
0.502610 1506.000000 0.077946 
0.504585 1436.000000 0.074323 
0.503710 1467.000000 0.075928 
0.503879 1461.000000 0.075617 
0.504444 1441.000000 0.074582 
0.502835 1498.000000 0.077532 
0.504810 1428.000000 0.073909 
0.504641 1434.000000 0.074220 
0.504387 1443.000000 0.074686 
0.505008 1421.000000 0.073547 
0.503202 1485.000000 0.076859 
0.504246 1448.000000 0.074944 
0.503230 1484.000000 0.076808 
0.505487 1404.000000 0.072667 
0.504697 1432.000000 0.074116 
0.502779 1500.000000 0.077636 
0.503202 1485.000000 0.076859 
0.505403 1407.000000 0.072822 
0.505149 1416.000000 0.073288 
0.504782 1429.000000 0.073961 
0.504528 1438.000000 0.074427 
0.503597 1471.000000 0.076135 
0.505741 1395.000000 0.072201 
0.504923 1424.000000 0.073702 
0.504980 1422.000000 0.073599 
0.504218 1449.000000 0.074996 
0.504077 1454.000000 0.075255 
0.504077 1454.000000 0.075255 
0.503259 1483.000000 0.076756 
0.504133 1452.000000 0.075151 
0.503597 1471.000000 0.076135 
0.503766 1465.000000 0.075824 
0.503230 1484.000000 0.076808 
0.504415 1442.000000 0.074634 
0.503964 1458.000000 0.075462 
0.504190 1450.000000 0.075048 
0.503456 1476.000000 0.076394 
0.504049 1455.000000 0.075307 
0.504161 1451.000000 0.075100 
0.503879 1461.000000 0.075617 
0.502525 1509.000000 0.078102 
0.505544 1402.000000 0.072564 
0.503879 1461.000000 0.075617 
0.504190 1450.000000 0.075048 
0.504387 1443.000000 0.074686 
0.504500 1439.000000 0.074479 
0.503992 1457.000000 0.075410 
0.504528 1438.000000 0.074427 
0.504951 1423.000000 0.073650 
0.504020 1456.000000 0.075358 
0.503061 1490.000000 0.077118 
0.503343 1480.000000 0.076601 
0.503484 1475.000000 0.076342 
0.504528 1438.000000 0.074427 
0.505008 1421.000000 0.073547 
0.504049 1455.000000 0.075307 
0.504669 1433.000000 0.074168 
0.504472 1440.000000 0.074530 
0.504331 1445.000000 0.074789 
0.503823 1463.000000 0.075721 
0.504331 1445.000000 0.074789 
0.503851 1462.000000 0.075669 
0.503569 1472.000000 0.076187 
0.502864 1497.000000 0.077480 
0.503682 1468.000000 0.075980 
0.504359 1444.000000 0.074737 
0.503851 1462.000000 0.075669 
0.503400 1478.000000 0.076497 
0.503371 1479.000000 0.076549 
0.504387 1443.000000 0.074686 
0.503992 1457.000000 0.075410 
0.504359 1444.000000 0.074737 
0.504077 1454.000000 0.075255 
0.502694 1503.000000 0.077791 
0.503287 1482.000000 0.076704 
0.503259 1483.000000 0.076756 
0.504331 1445.000000 0.074789 
0.502356 1515.000000 0.078412 
0.505290 1411.000000 0.073029 
0.504613 1435.000000 0.074272 
0.504246 1448.000000 0.074944 
0.504387 1443.000000 0.074686 
0.503484 1475.000000 0.076342 
0.504669 1433.000000 0.074168 
0.504951 1423.000000 0.073650 
0.504641 1434.000000 0.074220 
0.503512 1474.000000 0.076290 
0.505233 1413.000000 0.073133 
0.503879 1461.000000 0.075617 
0.504782 1429.000000 0.073961 
0.504161 1451.000000 0.075100 
0.503795 1464.000000 0.075772 
0.504613 1435.000000 0.074272 
0.504133 1452.000000 0.075151 
0.504161 1451.000000 0.075100 
0.503625 1470.000000 0.076083 
0.505854 1391.000000 0.071994 
0.502864 1497.000000 0.077480 
0.506052 1384.000000 0.071632 
0.504810 1428.000000 0.073909 
0.503710 1467.000000 0.075928 
0.504218 1449.000000 0.074996 
0.505290 1411.000000 0.073029 
0.504302 1446.000000 0.074841 
0.503654 1469.000000 0.076031 
0.504754 1430.000000 0.074013 
0.503936 1459.000000 0.075514 
0.505092 1418.000000 0.073392 
0.503005 1492.000000 0.077222 
0.503936 1459.000000 0.075514 
0.504585 1436.000000 0.074323 
0.505177 1415.000000 0.073236 
0.504500 1439.000000 0.074479 
0.503202 1485.000000 0.076859 
0.503992 1457.000000 0.075410 
0.504726 1431.000000 0.074064 
0.502892 1496.000000 0.077429 
0.503851 1462.000000 0.075669 
0.503936 1459.000000 0.075514 
0.504556 1437.000000 0.074375 
0.504641 1434.000000 0.074220 
0.503907 1460.000000 0.075565 
0.504444 1441.000000 0.074582 
0.504218 1449.000000 0.074996 
0.503738 1466.000000 0.075876 
0.505121 1417.000000 0.073340 
0.505375 1408.000000 0.072874 
0.504528 1438.000000 0.074427 
0.503738 1466.000000 0.075876 
0.505967 1387.000000 0.071787 
0.504528 1438.000000 0.074427 
0.504726 1431.000000 0.074064 
0.503682 1468.000000 0.075980 
0.503371 1479.000000 0.076549 
0.504810 1428.000000 0.073909 
0.503456 1476.000000 0.076394 
0.506277 1376.000000 0.071218 
0.504274 1447.000000 0.074893 
0.504133 1452.000000 0.075151 
0.503823 1463.000000 0.075721 
0.504331 1445.000000 0.074789 
0.504274 1447.000000 0.074893 
0.505628 1399.000000 0.072408 
0.503936 1459.000000 0.075514 
0.504754 1430.000000 0.074013 
0.502751 1501.000000 0.077687 
0.503541 1473.000000 0.076238 
0.504810 1428.000000 0.073909 
0.503484 1475.000000 0.076342 
0.503823 1463.000000 0.075721 
0.504077 1454.000000 0.075255 
0.503146 1487.000000 0.076963 
0.504246 1448.000000 0.074944 
0.504133 1452.000000 0.075151 
0.504246 1448.000000 0.074944 
0.503625 1470.000000 0.076083 
0.503710 1467.000000 0.075928 
0.503879 1461.000000 0.075617 
0.504133 1452.000000 0.075151 
0.504444 1441.000000 0.074582 
0.505459 1405.000000 0.072719 
0.504867 1426.000000 0.073806 
0.504980 1422.000000 0.073599 
0.504810 1428.000000 0.073909 
0.502751 1501.000000 0.077687 
0.505064 1419.000000 0.073443 
0.504246 1448.000000 0.074944 
0.504444 1441.000000 0.074582 
0.504077 1454.000000 0.075255 
0.504782 1429.000000 0.073961 
0.504980 1422.000000 0.073599 
0.502948 1494.000000 0.077325 
0.503033 1491.000000 0.077170 
0.503033 1491.000000 0.077170 
0.504641 1434.000000 0.074220 
0.504274 1447.000000 0.074893 
0.502243 1519.000000 0.078619 
0.505121 1417.000000 0.073340 
0.503682 1468.000000 0.075980 
0.503371 1479.000000 0.076549 
0.503936 1459.000000 0.075514 
0.503766 1465.000000 0.075824 
0.503738 1466.000000 0.075876 
0.504077 1454.000000 0.075255 
0.505036 1420.000000 0.073495 
0.503795 1464.000000 0.075772 
0.503484 1475.000000 0.076342 
0.504190 1450.000000 0.075048 
0.506531 1367.000000 0.070752 
0.505233 1413.000000 0.073133 
0.504302 1446.000000 0.074841 
0.504585 1436.000000 0.074323 
0.503484 1475.000000 0.076342 
0.503625 1470.000000 0.076083 
0.505262 1412.000000 0.073081 
0.505318 1410.000000 0.072978 
0.503484 1475.000000 0.076342 
0.505262 1412.000000 0.073081 
0.503428 1477.000000 0.076445 
0.503907 1460.000000 0.075565 
0.503879 1461.000000 0.075617 
0.503766 1465.000000 0.075824 
0.504585 1436.000000 0.074323 
0.503287 1482.000000 0.076704 
0.505600 1400.000000 0.072460 
0.503005 1492.000000 0.077222 
0.503400 1478.000000 0.076497 
0.504585 1436.000000 0.074323 
0.504726 1431.000000 0.074064 
0.504726 1431.000000 0.074064 
0.503484 1475.000000 0.076342 
0.503541 1473.000000 0.076238 
0.504951 1423.000000 0.073650 
0.503851 1462.000000 0.075669 
0.505628 1399.000000 0.072408 
0.504387 1443.000000 0.074686 
0.503766 1465.000000 0.075824 
0.505403 1407.000000 0.072822 
0.504923 1424.000000 0.073702 
0.504274 1447.000000 0.074893 
0.504613 1435.000000 0.074272 
0.503879 1461.000000 0.075617 
0.503456 1476.000000 0.076394 
0.504190 1450.000000 0.075048 
0.504218 1449.000000 0.074996 
0.503654 1469.000000 0.076031 
0.504838 1427.000000 0.073857 
0.504923 1424.000000 0.073702 
0.504218 1449.000000 0.074996 
0.504697 1432.000000 0.074116 
0.503428 1477.000000 0.076445 
0.502948 1494.000000 0.077325 
0.504528 1438.000000 0.074427 
0.504641 1434.000000 0.074220 
0.505346 1409.000000 0.072926 
0.504838 1427.000000 0.073857 
0.503851 1462.000000 0.075669 
0.503710 1467.000000 0.075928 
0.503879 1461.000000 0.075617 
0.505995 1386.000000 0.071735 
0.505459 1405.000000 0.072719 
0.504444 1441.000000 0.074582 
0.504528 1438.000000 0.074427 
0.504415 1442.000000 0.074634 
0.502723 1502.000000 0.077739 
0.503879 1461.000000 0.075617 
0.505008 1421.000000 0.073547 
0.505121 1417.000000 0.073340 
0.502497 1510.000000 0.078153 
0.502779 1500.000000 0.077636 
0.505628 1399.000000 0.072408 
0.503992 1457.000000 0.075410 
0.503964 1458.000000 0.075462 
0.503992 1457.000000 0.075410 
0.504218 1449.000000 0.074996 
0.503992 1457.000000 0.075410 
0.502835 1498.000000 0.077532 
0.504105 1453.000000 0.075203 
0.503879 1461.000000 0.075617 
0.504105 1453.000000 0.075203 
0.503315 1481.000000 0.076652 
0.504867 1426.000000 0.073806 
0.503541 1473.000000 0.076238 
0.504246 1448.000000 0.074944 
0.502835 1498.000000 0.077532 
0.504472 1440.000000 0.074530 
0.504472 1440.000000 0.074530 
0.505516 1403.000000 0.072615 
0.503795 1464.000000 0.075772 
0.503964 1458.000000 0.075462 
0.505092 1418.000000 0.073392 
0.505741 1395.000000 0.072201 
0.503823 1463.000000 0.075721 
0.503174 1486.000000 0.076911 
0.504077 1454.000000 0.075255 
0.504387 1443.000000 0.074686 
0.505064 1419.000000 0.073443 
0.504838 1427.000000 0.073857 
0.503230 1484.000000 0.076808 
0.504133 1452.000000 0.075151 
0.504020 1456.000000 0.075358 
0.503907 1460.000000 0.075565 
0.503005 1492.000000 0.077222 
0.504444 1441.000000 0.074582 
0.503907 1460.000000 0.075565 
0.504585 1436.000000 0.074323 
0.505318 1410.000000 0.072978 
0.503823 1463.000000 0.075721 
0.503569 1472.000000 0.076187 
0.503766 1465.000000 0.075824 
0.504782 1429.000000 0.073961 
0.504585 1436.000000 0.074323 
0.503654 1469.000000 0.076031 
0.504387 1443.000000 0.074686 
0.504020 1456.000000 0.075358 
0.504472 1440.000000 0.074530 
0.504331 1445.000000 0.074789 
0.502723 1502.000000 0.077739 
0.504556 1437.000000 0.074375 
0.504077 1454.000000 0.075255 
0.505318 1410.000000 0.072978 
0.503654 1469.000000 0.076031 
0.505403 1407.000000 0.072822 
0.504641 1434.000000 0.074220 
0.505487 1404.000000 0.072667 
0.504133 1452.000000 0.075151 
0.503484 1475.000000 0.076342 
0.503766 1465.000000 0.075824 
0.504500 1439.000000 0.074479 
0.504049 1455.000000 0.075307 
0.504528 1438.000000 0.074427 
0.503710 1467.000000 0.075928 
0.504444 1441.000000 0.074582 
0.504782 1429.000000 0.073961 
0.504980 1422.000000 0.073599 
0.505121 1417.000000 0.073340 
0.505262 1412.000000 0.073081 
0.502835 1498.000000 0.077532 
0.504161 1451.000000 0.075100 
0.504020 1456.000000 0.075358 
0.504331 1445.000000 0.074789 
0.503512 1474.000000 0.076290 
0.504020 1456.000000 0.075358 
0.503400 1478.000000 0.076497 
0.503936 1459.000000 0.075514 
0.504161 1451.000000 0.075100 
0.504697 1432.000000 0.074116 
0.503484 1475.000000 0.076342 
0.503964 1458.000000 0.075462 
0.504754 1430.000000 0.074013 
0.504190 1450.000000 0.075048 
0.503371 1479.000000 0.076549 
0.503287 1482.000000 0.076704 
0.504331 1445.000000 0.074789 
0.504049 1455.000000 0.075307 
0.503597 1471.000000 0.076135 
0.504867 1426.000000 0.073806 
0.504105 1453.000000 0.075203 
0.503597 1471.000000 0.076135 
0.504895 1425.000000 0.073754 
0.502948 1494.000000 0.077325 
0.505685 1397.000000 0.072305 
0.503964 1458.000000 0.075462 
0.503682 1468.000000 0.075980 
0.503625 1470.000000 0.076083 
0.504951 1423.000000 0.073650 
0.503541 1473.000000 0.076238 
0.504246 1448.000000 0.074944 
0.503654 1469.000000 0.076031 
0.504133 1452.000000 0.075151 
0.505177 1415.000000 0.073236 
0.504387 1443.000000 0.074686 
0.504923 1424.000000 0.073702 
0.504105 1453.000000 0.075203 
0.504190 1450.000000 0.075048 
0.504585 1436.000000 0.074323 
0.504049 1455.000000 0.075307 
0.504020 1456.000000 0.075358 
0.505008 1421.000000 0.073547 
0.505092 1418.000000 0.073392 
0.503428 1477.000000 0.076445 
0.504500 1439.000000 0.074479 
0.504697 1432.000000 0.074116 
0.503738 1466.000000 0.075876 
0.502215 1520.000000 0.078671 
0.504641 1434.000000 0.074220 
0.504500 1439.000000 0.074479 
0.503964 1458.000000 0.075462 
0.503879 1461.000000 0.075617 
0.504302 1446.000000 0.074841 
0.503992 1457.000000 0.075410 
0.503879 1461.000000 0.075617 
0.505064 1419.000000 0.073443 
0.504387 1443.000000 0.074686 
0.503766 1465.000000 0.075824 
0.504161 1451.000000 0.075100 
0.503964 1458.000000 0.075462 
0.503964 1458.000000 0.075462 
0.504528 1438.000000 0.074427 
0.503851 1462.000000 0.075669 
0.503992 1457.000000 0.075410 
0.503766 1465.000000 0.075824 
0.504246 1448.000000 0.074944 
0.503795 1464.000000 0.075772 
0.504387 1443.000000 0.074686 
0.503964 1458.000000 0.075462 
0.504867 1426.000000 0.073806 
0.505121 1417.000000 0.073340 
0.504697 1432.000000 0.074116 
0.503400 1478.000000 0.076497 
0.505770 1394.000000 0.072149 
0.504528 1438.000000 0.074427 
0.503541 1473.000000 0.076238 
0.504782 1429.000000 0.073961 
0.504810 1428.000000 0.073909 
0.503823 1463.000000 0.075721 
0.503766 1465.000000 0.075824 
0.503964 1458.000000 0.075462 
0.503795 1464.000000 0.075772 
0.503569 1472.000000 0.076187 
0.504669 1433.000000 0.074168 
0.503484 1475.000000 0.076342 
0.504133 1452.000000 0.075151 
0.503879 1461.000000 0.075617 
0.503682 1468.000000 0.075980 
0.505092 1418.000000 0.073392 
0.504556 1437.000000 0.074375 
0.504556 1437.000000 0.074375 
0.502723 1502.000000 0.077739 
0.505600 1400.000000 0.072460 
0.503766 1465.000000 0.075824 
0.504613 1435.000000 0.074272 
0.503541 1473.000000 0.076238 
0.504810 1428.000000 0.073909 
0.504500 1439.000000 0.074479 
0.503992 1457.000000 0.075410 
0.504500 1439.000000 0.074479 
0.504867 1426.000000 0.073806 
0.504528 1438.000000 0.074427 
0.504218 1449.000000 0.074996 
0.503569 1472.000000 0.076187 
0.504105 1453.000000 0.075203 
0.504472 1440.000000 0.074530 
0.505149 1416.000000 0.073288 
0.503964 1458.000000 0.075462 
0.503174 1486.000000 0.076911 
0.505403 1407.000000 0.072822 
0.503484 1475.000000 0.076342 
0.504923 1424.000000 0.073702 
0.503823 1463.000000 0.075721 
0.503541 1473.000000 0.076238 
0.502892 1496.000000 0.077429 
0.503964 1458.000000 0.075462 
0.504444 1441.000000 0.074582 
0.503654 1469.000000 0.076031 
0.505572 1401.000000 0.072512 
0.504556 1437.000000 0.074375 
0.504049 1455.000000 0.075307 
0.504331 1445.000000 0.074789 
0.503823 1463.000000 0.075721 
0.504980 1422.000000 0.073599 
0.503118 1488.000000 0.077015 
0.503738 1466.000000 0.075876 
0.504049 1455.000000 0.075307 
0.504190 1450.000000 0.075048 
0.504895 1425.000000 0.073754 
0.503654 1469.000000 0.076031 
0.503682 1468.000000 0.075980 
0.504415 1442.000000 0.074634 
0.504754 1430.000000 0.074013 
0.503315 1481.000000 0.076652 
0.503851 1462.000000 0.075669 
0.505657 1398.000000 0.072357 
0.503851 1462.000000 0.075669 
0.504726 1431.000000 0.074064 
0.504528 1438.000000 0.074427 
0.503879 1461.000000 0.075617 
0.504302 1446.000000 0.074841 
0.503738 1466.000000 0.075876 
0.502920 1495.000000 0.077377 
0.503597 1471.000000 0.076135 
0.504020 1456.000000 0.075358 
0.504585 1436.000000 0.074323 
0.504302 1446.000000 0.074841 
0.503795 1464.000000 0.075772 
0.505290 1411.000000 0.073029 
0.503118 1488.000000 0.077015 
0.504190 1450.000000 0.075048 
0.504246 1448.000000 0.074944 
0.505092 1418.000000 0.073392 
0.503879 1461.000000 0.075617 
0.503428 1477.000000 0.076445 
0.503654 1469.000000 0.076031 
0.504190 1450.000000 0.075048 
0.503512 1474.000000 0.076290 
0.504049 1455.000000 0.075307 
0.504669 1433.000000 0.074168 
0.503682 1468.000000 0.075980 
0.503287 1482.000000 0.076704 
0.504190 1450.000000 0.075048 
0.505911 1389.000000 0.071891 
0.503879 1461.000000 0.075617 
0.503315 1481.000000 0.076652 
0.503823 1463.000000 0.075721 
0.503738 1466.000000 0.075876 
0.504190 1450.000000 0.075048 
0.504613 1435.000000 0.074272 
0.504331 1445.000000 0.074789 
0.503061 1490.000000 0.077118 
0.505008 1421.000000 0.073547 
0.503879 1461.000000 0.075617 
0.504500 1439.000000 0.074479 
0.505008 1421.000000 0.073547 
0.504331 1445.000000 0.074789 
0.503710 1467.000000 0.075928 
0.504359 1444.000000 0.074737 
0.503766 1465.000000 0.075824 
0.502835 1498.000000 0.077532 
0.506023 1385.000000 0.071684 
0.503287 1482.000000 0.076704 
0.503259 1483.000000 0.076756 
0.504274 1447.000000 0.074893 
0.504754 1430.000000 0.074013 
0.504415 1442.000000 0.074634 
0.504838 1427.000000 0.073857 
0.504726 1431.000000 0.074064 
0.501876 1532.000000 0.079292 
0.503230 1484.000000 0.076808 
0.503823 1463.000000 0.075721 
0.504049 1455.000000 0.075307 
0.505290 1411.000000 0.073029 
0.503823 1463.000000 0.075721 
0.503795 1464.000000 0.075772 
0.504077 1454.000000 0.075255 
0.504077 1454.000000 0.075255 
0.503795 1464.000000 0.075772 
0.503964 1458.000000 0.075462 
0.503625 1470.000000 0.076083 
0.505572 1401.000000 0.072512 
0.503541 1473.000000 0.076238 
0.503230 1484.000000 0.076808 
0.503710 1467.000000 0.075928 
0.504613 1435.000000 0.074272 
0.505008 1421.000000 0.073547 
0.504331 1445.000000 0.074789 
0.504585 1436.000000 0.074323 
0.503625 1470.000000 0.076083 
0.504838 1427.000000 0.073857 
0.505487 1404.000000 0.072667 
0.503569 1472.000000 0.076187 
0.505036 1420.000000 0.073495 
0.503682 1468.000000 0.075980 
0.503936 1459.000000 0.075514 
0.503738 1466.000000 0.075876 
0.504810 1428.000000 0.073909 
0.504049 1455.000000 0.075307 
0.503964 1458.000000 0.075462 
0.504500 1439.000000 0.074479 
0.504585 1436.000000 0.074323 
0.504641 1434.000000 0.074220 
0.504359 1444.000000 0.074737 
0.503541 1473.000000 0.076238 
0.504669 1433.000000 0.074168 
0.504613 1435.000000 0.074272 
0.503879 1461.000000 0.075617 
0.504331 1445.000000 0.074789 
0.503710 1467.000000 0.075928 
0.502638 1505.000000 0.077895 
0.504133 1452.000000 0.075151 
0.505290 1411.000000 0.073029 
0.504613 1435.000000 0.074272 
0.505008 1421.000000 0.073547 
0.503766 1465.000000 0.075824 
0.505121 1417.000000 0.073340 
0.505064 1419.000000 0.073443 
0.505544 1402.000000 0.072564 
0.503823 1463.000000 0.075721 
0.502864 1497.000000 0.077480 
0.504838 1427.000000 0.073857 
0.503795 1464.000000 0.075772 
0.505290 1411.000000 0.073029 
0.503766 1465.000000 0.075824 
0.504923 1424.000000 0.073702 
0.503907 1460.000000 0.075565 
0.504867 1426.000000 0.073806 
0.504810 1428.000000 0.073909 
0.503569 1472.000000 0.076187 
0.504274 1447.000000 0.074893 
0.504218 1449.000000 0.074996 
0.504782 1429.000000 0.073961 
0.505911 1389.000000 0.071891 
0.504867 1426.000000 0.073806 
0.503371 1479.000000 0.076549 
0.504838 1427.000000 0.073857 
0.504190 1450.000000 0.075048 
0.504980 1422.000000 0.073599 
0.505572 1401.000000 0.072512 
0.502807 1499.000000 0.077584 
0.503625 1470.000000 0.076083 
0.505205 1414.000000 0.073185 
0.504218 1449.000000 0.074996 
0.504387 1443.000000 0.074686 
0.504387 1443.000000 0.074686 
0.505008 1421.000000 0.073547 
0.504105 1453.000000 0.075203 
0.504077 1454.000000 0.075255 
0.502976 1493.000000 0.077273 
0.504641 1434.000000 0.074220 
0.503541 1473.000000 0.076238 
0.505008 1421.000000 0.073547 
0.504049 1455.000000 0.075307 
0.504951 1423.000000 0.073650 
0.503202 1485.000000 0.076859 
0.503625 1470.000000 0.076083 
0.504020 1456.000000 0.075358 
0.504161 1451.000000 0.075100 
0.504302 1446.000000 0.074841 
0.504387 1443.000000 0.074686 
0.504810 1428.000000 0.073909 
0.504556 1437.000000 0.074375 
0.504895 1425.000000 0.073754 
0.503766 1465.000000 0.075824 
0.503766 1465.000000 0.075824 
0.503795 1464.000000 0.075772 
0.504444 1441.000000 0.074582 
0.503400 1478.000000 0.076497 
0.503456 1476.000000 0.076394 
0.504218 1449.000000 0.074996 
0.505375 1408.000000 0.072874 
0.504444 1441.000000 0.074582 
0.502976 1493.000000 0.077273 
0.504049 1455.000000 0.075307 
0.504415 1442.000000 0.074634 
0.504444 1441.000000 0.074582 
0.504585 1436.000000 0.074323 
0.505826 1392.000000 0.072046 
0.504246 1448.000000 0.074944 
0.504218 1449.000000 0.074996 
0.503541 1473.000000 0.076238 
0.504895 1425.000000 0.073754 
0.502948 1494.000000 0.077325 
0.502835 1498.000000 0.077532 
0.505487 1404.000000 0.072667 
0.506362 1373.000000 0.071063 
0.503146 1487.000000 0.076963 
0.504838 1427.000000 0.073857 
0.504387 1443.000000 0.074686 
0.504049 1455.000000 0.075307 
0.503259 1483.000000 0.076756 
0.504274 1447.000000 0.074893 
0.503569 1472.000000 0.076187 
0.503823 1463.000000 0.075721 
0.504923 1424.000000 0.073702 
0.504387 1443.000000 0.074686 
0.503400 1478.000000 0.076497 
0.503625 1470.000000 0.076083 
0.503146 1487.000000 0.076963 
0.503654 1469.000000 0.076031 
0.504951 1423.000000 0.073650 
0.504782 1429.000000 0.073961 
0.504838 1427.000000 0.073857 
0.503738 1466.000000 0.075876 
0.505064 1419.000000 0.073443 
0.504246 1448.000000 0.074944 
0.502920 1495.000000 0.077377 
0.503682 1468.000000 0.075980 
0.504697 1432.000000 0.074116 
0.504556 1437.000000 0.074375 
0.504161 1451.000000 0.075100 
0.503851 1462.000000 0.075669 
0.504697 1432.000000 0.074116 
0.505092 1418.000000 0.073392 
0.503625 1470.000000 0.076083 
0.504190 1450.000000 0.075048 
0.503823 1463.000000 0.075721 
0.503907 1460.000000 0.075565 
0.504359 1444.000000 0.074737 
0.504472 1440.000000 0.074530 
0.504444 1441.000000 0.074582 
0.504951 1423.000000 0.073650 
0.502384 1514.000000 0.078360 
0.503879 1461.000000 0.075617 
0.503823 1463.000000 0.075721 
0.504980 1422.000000 0.073599 
0.503597 1471.000000 0.076135 
0.504331 1445.000000 0.074789 
0.504049 1455.000000 0.075307 
0.504444 1441.000000 0.074582 
0.505205 1414.000000 0.073185 
0.504302 1446.000000 0.074841 
0.504302 1446.000000 0.074841 
0.505149 1416.000000 0.073288 
0.504331 1445.000000 0.074789 
0.502074 1525.000000 0.078930 
0.504895 1425.000000 0.073754 
0.503625 1470.000000 0.076083 
0.504810 1428.000000 0.073909 
0.504697 1432.000000 0.074116 
0.504472 1440.000000 0.074530 
0.505826 1392.000000 0.072046 
0.504049 1455.000000 0.075307 
0.505121 1417.000000 0.073340 
0.504049 1455.000000 0.075307 
0.504895 1425.000000 0.073754 
0.504105 1453.000000 0.075203 
0.505628 1399.000000 0.072408 
0.504415 1442.000000 0.074634 
0.504190 1450.000000 0.075048 
0.504049 1455.000000 0.075307 
0.504472 1440.000000 0.074530 
0.504500 1439.000000 0.074479 
0.504218 1449.000000 0.074996 
0.504923 1424.000000 0.073702 
0.503428 1477.000000 0.076445 
0.503118 1488.000000 0.077015 
0.503259 1483.000000 0.076756 
0.505092 1418.000000 0.073392 
0.504359 1444.000000 0.074737 
0.503766 1465.000000 0.075824 
0.505318 1410.000000 0.072978 
0.503654 1469.000000 0.076031 
0.504782 1429.000000 0.073961 
0.504161 1451.000000 0.075100 
0.503512 1474.000000 0.076290 
0.503738 1466.000000 0.075876 
0.504980 1422.000000 0.073599 
0.504105 1453.000000 0.075203 
0.505572 1401.000000 0.072512 
0.505346 1409.000000 0.072926 
0.503089 1489.000000 0.077066 
0.504049 1455.000000 0.075307 
0.504274 1447.000000 0.074893 
0.504641 1434.000000 0.074220 
0.503371 1479.000000 0.076549 
0.503766 1465.000000 0.075824 
0.503738 1466.000000 0.075876 
0.503907 1460.000000 0.075565 
0.504274 1447.000000 0.074893 
0.503738 1466.000000 0.075876 
0.504867 1426.000000 0.073806 
0.504895 1425.000000 0.073754 
0.504613 1435.000000 0.074272 
0.502892 1496.000000 0.077429 
0.503992 1457.000000 0.075410 
0.504923 1424.000000 0.073702 
0.504585 1436.000000 0.074323 
0.504161 1451.000000 0.075100 
0.504585 1436.000000 0.074323 
0.504218 1449.000000 0.074996 
0.503456 1476.000000 0.076394 
0.504613 1435.000000 0.074272 
0.504613 1435.000000 0.074272 
0.503597 1471.000000 0.076135 
0.503738 1466.000000 0.075876 
0.502497 1510.000000 0.078153 
0.504895 1425.000000 0.073754 
0.503118 1488.000000 0.077015 
0.504218 1449.000000 0.074996 
0.504528 1438.000000 0.074427 
0.504754 1430.000000 0.074013 
0.505290 1411.000000 0.073029 
0.505741 1395.000000 0.072201 
0.503851 1462.000000 0.075669 
0.504585 1436.000000 0.074323 
0.505205 1414.000000 0.073185 
0.503625 1470.000000 0.076083 
0.503682 1468.000000 0.075980 
0.504867 1426.000000 0.073806 
0.503936 1459.000000 0.075514 
0.503682 1468.000000 0.075980 
0.504585 1436.000000 0.074323 
0.504049 1455.000000 0.075307 
0.503710 1467.000000 0.075928 
0.504133 1452.000000 0.075151 
0.504020 1456.000000 0.075358 
0.504359 1444.000000 0.074737 
0.505177 1415.000000 0.073236 
0.505854 1391.000000 0.071994 
0.503795 1464.000000 0.075772 
0.503907 1460.000000 0.075565 
0.505431 1406.000000 0.072771 
0.503738 1466.000000 0.075876 
0.503597 1471.000000 0.076135 
0.504161 1451.000000 0.075100 
0.504190 1450.000000 0.075048 
0.503795 1464.000000 0.075772 
0.504190 1450.000000 0.075048 
0.504049 1455.000000 0.075307 
0.504077 1454.000000 0.075255 
0.502864 1497.000000 0.077480 
0.504838 1427.000000 0.073857 
0.503738 1466.000000 0.075876 
0.504218 1449.000000 0.074996 
0.504105 1453.000000 0.075203 
0.503823 1463.000000 0.075721 
0.504302 1446.000000 0.074841 
0.503964 1458.000000 0.075462 
0.503795 1464.000000 0.075772 
0.503484 1475.000000 0.076342 
0.504613 1435.000000 0.074272 
0.503541 1473.000000 0.076238 
0.504161 1451.000000 0.075100 
0.503766 1465.000000 0.075824 
0.503992 1457.000000 0.075410 
0.504246 1448.000000 0.074944 
0.504867 1426.000000 0.073806 
0.503484 1475.000000 0.076342 
0.505177 1415.000000 0.073236 
0.504246 1448.000000 0.074944 
0.505008 1421.000000 0.073547 
0.504895 1425.000000 0.073754 
0.504020 1456.000000 0.075358 
0.503795 1464.000000 0.075772 
0.504500 1439.000000 0.074479 
0.504697 1432.000000 0.074116 
0.504274 1447.000000 0.074893 
0.503343 1480.000000 0.076601 
0.503315 1481.000000 0.076652 
0.504415 1442.000000 0.074634 
0.503710 1467.000000 0.075928 
0.502807 1499.000000 0.077584 
0.504218 1449.000000 0.074996 
0.504782 1429.000000 0.073961 
0.504049 1455.000000 0.075307 
0.504613 1435.000000 0.074272 
0.504161 1451.000000 0.075100 
0.504726 1431.000000 0.074064 
0.504528 1438.000000 0.074427 
0.503287 1482.000000 0.076704 
0.504444 1441.000000 0.074582 
0.504105 1453.000000 0.075203 
0.504190 1450.000000 0.075048 
0.504641 1434.000000 0.074220 
0.505346 1409.000000 0.072926 
0.503851 1462.000000 0.075669 
0.504528 1438.000000 0.074427 
0.504331 1445.000000 0.074789 
0.504274 1447.000000 0.074893 
0.504218 1449.000000 0.074996 
0.504810 1428.000000 0.073909 
0.503907 1460.000000 0.075565 
0.504585 1436.000000 0.074323 
0.504161 1451.000000 0.075100 
0.503089 1489.000000 0.077066 
0.503287 1482.000000 0.076704 
0.503597 1471.000000 0.076135 
0.504274 1447.000000 0.074893 
0.504641 1434.000000 0.074220 
0.504585 1436.000000 0.074323 
0.504274 1447.000000 0.074893 
0.504726 1431.000000 0.074064 
0.504274 1447.000000 0.074893 
0.504613 1435.000000 0.074272 
0.504556 1437.000000 0.074375 
0.505036 1420.000000 0.073495 
0.504246 1448.000000 0.074944 
0.503654 1469.000000 0.076031 
0.503202 1485.000000 0.076859 
0.503964 1458.000000 0.075462 
0.502638 1505.000000 0.077895 
0.504218 1449.000000 0.074996 
0.505177 1415.000000 0.073236 
0.504613 1435.000000 0.074272 
0.505008 1421.000000 0.073547 
0.504444 1441.000000 0.074582 
0.503343 1480.000000 0.076601 
0.504867 1426.000000 0.073806 
0.504838 1427.000000 0.073857 
0.504782 1429.000000 0.073961 
0.504585 1436.000000 0.074323 
0.503287 1482.000000 0.076704 
0.504782 1429.000000 0.073961 
0.503625 1470.000000 0.076083 
0.505431 1406.000000 0.072771 
0.504613 1435.000000 0.074272 
0.503992 1457.000000 0.075410 
0.503400 1478.000000 0.076497 
0.504472 1440.000000 0.074530 
0.506390 1372.000000 0.071011 
0.504585 1436.000000 0.074323 
0.505149 1416.000000 0.073288 
0.505262 1412.000000 0.073081 
0.505092 1418.000000 0.073392 
0.503795 1464.000000 0.075772 
0.504500 1439.000000 0.074479 
0.503992 1457.000000 0.075410 
0.504020 1456.000000 0.075358 
0.503512 1474.000000 0.076290 
0.504585 1436.000000 0.074323 
0.502694 1503.000000 0.077791 
0.505403 1407.000000 0.072822 
0.504359 1444.000000 0.074737 
0.504556 1437.000000 0.074375 
0.505459 1405.000000 0.072719 
0.503992 1457.000000 0.075410 
0.502807 1499.000000 0.077584 
0.503315 1481.000000 0.076652 
0.504528 1438.000000 0.074427 
0.504049 1455.000000 0.075307 
0.505064 1419.000000 0.073443 
0.504049 1455.000000 0.075307 
0.504218 1449.000000 0.074996 
0.503569 1472.000000 0.076187 
0.503738 1466.000000 0.075876 
0.503738 1466.000000 0.075876 
0.504415 1442.000000 0.074634 
0.504359 1444.000000 0.074737 
0.505064 1419.000000 0.073443 
0.504669 1433.000000 0.074168 
0.504613 1435.000000 0.074272 
0.503512 1474.000000 0.076290 
0.502835 1498.000000 0.077532 
0.503569 1472.000000 0.076187 
0.506559 1366.000000 0.070700 
0.504387 1443.000000 0.074686 
0.503766 1465.000000 0.075824 
0.504105 1453.000000 0.075203 
0.504895 1425.000000 0.073754 
0.505036 1420.000000 0.073495 
0.504359 1444.000000 0.074737 
0.504133 1452.000000 0.075151 
0.504049 1455.000000 0.075307 
0.505262 1412.000000 0.073081 
0.504190 1450.000000 0.075048 
0.504331 1445.000000 0.074789 
0.505290 1411.000000 0.073029 
0.503230 1484.000000 0.076808 
0.504500 1439.000000 0.074479 
0.503625 1470.000000 0.076083 
0.504190 1450.000000 0.075048 
0.504331 1445.000000 0.074789 
0.505036 1420.000000 0.073495 
0.502920 1495.000000 0.077377 
0.504161 1451.000000 0.075100 
0.504838 1427.000000 0.073857 
0.504020 1456.000000 0.075358 
0.504556 1437.000000 0.074375 
0.504302 1446.000000 0.074841 
0.503766 1465.000000 0.075824 
0.504133 1452.000000 0.075151 
0.503259 1483.000000 0.076756 
0.505064 1419.000000 0.073443 
0.504472 1440.000000 0.074530 
0.504246 1448.000000 0.074944 
0.505487 1404.000000 0.072667 
0.503597 1471.000000 0.076135 
0.503964 1458.000000 0.075462 
0.504528 1438.000000 0.074427 
0.503851 1462.000000 0.075669 
0.503428 1477.000000 0.076445 
0.503089 1489.000000 0.077066 
0.504669 1433.000000 0.074168 
0.505516 1403.000000 0.072615 
0.503541 1473.000000 0.076238 
0.504444 1441.000000 0.074582 
0.504867 1426.000000 0.073806 
0.504669 1433.000000 0.074168 
0.503625 1470.000000 0.076083 
0.503936 1459.000000 0.075514 
0.504190 1450.000000 0.075048 
0.503654 1469.000000 0.076031 
0.503964 1458.000000 0.075462 
0.504951 1423.000000 0.073650 
0.503710 1467.000000 0.075928 
0.503936 1459.000000 0.075514 
0.504556 1437.000000 0.074375 
0.503512 1474.000000 0.076290 
0.504951 1423.000000 0.073650 
0.504302 1446.000000 0.074841 
0.503738 1466.000000 0.075876 
0.503654 1469.000000 0.076031 
0.502497 1510.000000 0.078153 
0.503343 1480.000000 0.076601 
0.504613 1435.000000 0.074272 
0.502497 1510.000000 0.078153 
0.504980 1422.000000 0.073599 
0.504359 1444.000000 0.074737 
0.505431 1406.000000 0.072771 
0.504669 1433.000000 0.074168 
0.504387 1443.000000 0.074686 
0.503823 1463.000000 0.075721 
0.505092 1418.000000 0.073392 
0.504133 1452.000000 0.075151 
0.504302 1446.000000 0.074841 
0.504444 1441.000000 0.074582 
0.505375 1408.000000 0.072874 
0.505431 1406.000000 0.072771 
0.505403 1407.000000 0.072822 
0.503343 1480.000000 0.076601 
0.506108 1382.000000 0.071528 
0.504500 1439.000000 0.074479 
0.504105 1453.000000 0.075203 
0.503146 1487.000000 0.076963 
0.504246 1448.000000 0.074944 
0.503512 1474.000000 0.076290 
0.505121 1417.000000 0.073340 
0.503343 1480.000000 0.076601 
0.505177 1415.000000 0.073236 
0.502525 1509.000000 0.078102 
0.504585 1436.000000 0.074323 
0.503851 1462.000000 0.075669 
0.504782 1429.000000 0.073961 
0.505064 1419.000000 0.073443 
0.505092 1418.000000 0.073392 
0.504415 1442.000000 0.074634 
0.504641 1434.000000 0.074220 
0.503992 1457.000000 0.075410 
0.503682 1468.000000 0.075980 
0.502638 1505.000000 0.077895 
0.503315 1481.000000 0.076652 
0.503259 1483.000000 0.076756 
0.503005 1492.000000 0.077222 
0.503400 1478.000000 0.076497 
0.504556 1437.000000 0.074375 
0.504472 1440.000000 0.074530 
0.503766 1465.000000 0.075824 
0.504697 1432.000000 0.074116 
0.503625 1470.000000 0.076083 
0.504077 1454.000000 0.075255 
0.503174 1486.000000 0.076911 
0.503766 1465.000000 0.075824 
0.504415 1442.000000 0.074634 
0.505008 1421.000000 0.073547 
0.503230 1484.000000 0.076808 
0.504613 1435.000000 0.074272 
0.503682 1468.000000 0.075980 
0.504190 1450.000000 0.075048 
0.505064 1419.000000 0.073443 
0.504444 1441.000000 0.074582 
0.504641 1434.000000 0.074220 
0.503964 1458.000000 0.075462 
0.503541 1473.000000 0.076238 
0.504838 1427.000000 0.073857 
0.504133 1452.000000 0.075151 
0.506023 1385.000000 0.071684 
0.504923 1424.000000 0.073702 
0.505036 1420.000000 0.073495 
0.503851 1462.000000 0.075669 
0.504077 1454.000000 0.075255 
0.504556 1437.000000 0.074375 
0.503315 1481.000000 0.076652 
0.504641 1434.000000 0.074220 
0.503371 1479.000000 0.076549 
0.504641 1434.000000 0.074220 
0.504867 1426.000000 0.073806 
0.504190 1450.000000 0.075048 
0.504697 1432.000000 0.074116 
0.505403 1407.000000 0.072822 
0.503484 1475.000000 0.076342 
0.504387 1443.000000 0.074686 
0.504613 1435.000000 0.074272 
0.503654 1469.000000 0.076031 
0.503710 1467.000000 0.075928 
0.504077 1454.000000 0.075255 
0.504528 1438.000000 0.074427 
0.504528 1438.000000 0.074427 
0.505600 1400.000000 0.072460 
0.504528 1438.000000 0.074427 
0.504246 1448.000000 0.074944 
0.503202 1485.000000 0.076859 
0.505205 1414.000000 0.073185 
0.504302 1446.000000 0.074841 
0.504810 1428.000000 0.073909 
0.504190 1450.000000 0.075048 
0.504613 1435.000000 0.074272 
0.504697 1432.000000 0.074116 
0.504415 1442.000000 0.074634 
0.503512 1474.000000 0.076290 
0.504161 1451.000000 0.075100 
0.503315 1481.000000 0.076652 
0.505431 1406.000000 0.072771 
0.503371 1479.000000 0.076549 
0.504697 1432.000000 0.074116 
0.504528 1438.000000 0.074427 
0.503315 1481.000000 0.076652 
0.502920 1495.000000 0.077377 
0.503146 1487.000000 0.076963 
0.504049 1455.000000 0.075307 
0.503569 1472.000000 0.076187 
0.506672 1362.000000 0.070493 
0.504049 1455.000000 0.075307 
0.504218 1449.000000 0.074996 
0.504669 1433.000000 0.074168 
0.503230 1484.000000 0.076808 
0.502666 1504.000000 0.077843 
0.504528 1438.000000 0.074427 
0.503569 1472.000000 0.076187 
0.504387 1443.000000 0.074686 
0.503992 1457.000000 0.075410 
0.502892 1496.000000 0.077429 
0.504810 1428.000000 0.073909 
0.504726 1431.000000 0.074064 
0.503879 1461.000000 0.075617 
0.505121 1417.000000 0.073340 
0.503682 1468.000000 0.075980 
0.503569 1472.000000 0.076187 
0.504331 1445.000000 0.074789 
0.503654 1469.000000 0.076031 
0.503625 1470.000000 0.076083 
0.503287 1482.000000 0.076704 
0.503569 1472.000000 0.076187 
0.504585 1436.000000 0.074323 
0.502864 1497.000000 0.077480 
0.504359 1444.000000 0.074737 
0.504359 1444.000000 0.074737 
0.504415 1442.000000 0.074634 
0.502807 1499.000000 0.077584 
0.504838 1427.000000 0.073857 
0.503456 1476.000000 0.076394 
0.504133 1452.000000 0.075151 
0.504697 1432.000000 0.074116 
0.504415 1442.000000 0.074634 
0.503795 1464.000000 0.075772 
0.503992 1457.000000 0.075410 
0.504980 1422.000000 0.073599 
0.504274 1447.000000 0.074893 
0.503964 1458.000000 0.075462 
0.504077 1454.000000 0.075255 
0.503936 1459.000000 0.075514 
0.503964 1458.000000 0.075462 
0.503907 1460.000000 0.075565 
0.504302 1446.000000 0.074841 
0.504161 1451.000000 0.075100 
0.504133 1452.000000 0.075151 
0.504500 1439.000000 0.074479 
0.504190 1450.000000 0.075048 
0.503964 1458.000000 0.075462 
0.504161 1451.000000 0.075100 
0.505177 1415.000000 0.073236 
0.503512 1474.000000 0.076290 
0.502948 1494.000000 0.077325 
0.502610 1506.000000 0.077946 
0.504274 1447.000000 0.074893 
0.504669 1433.000000 0.074168 
0.503625 1470.000000 0.076083 
0.503964 1458.000000 0.075462 
0.504782 1429.000000 0.073961 
0.504726 1431.000000 0.074064 
0.504049 1455.000000 0.075307 
0.505628 1399.000000 0.072408 
0.504472 1440.000000 0.074530 
0.504726 1431.000000 0.074064 
0.503259 1483.000000 0.076756 
0.503710 1467.000000 0.075928 
0.504387 1443.000000 0.074686 
0.503625 1470.000000 0.076083 
0.505036 1420.000000 0.073495 
0.503541 1473.000000 0.076238 
0.503936 1459.000000 0.075514 
0.504641 1434.000000 0.074220 
0.505064 1419.000000 0.073443 
0.505544 1402.000000 0.072564 
0.503597 1471.000000 0.076135 
0.503541 1473.000000 0.076238 
0.504810 1428.000000 0.073909 
0.504726 1431.000000 0.074064 
0.505854 1391.000000 0.071994 
0.503710 1467.000000 0.075928 
0.504613 1435.000000 0.074272 
0.502328 1516.000000 0.078464 
