0.714118 89.000000 0.046597 
0.715294 86.000000 0.045026 
0.712157 94.000000 0.049215 
0.716863 82.000000 0.042932 
0.715294 86.000000 0.045026 
0.714510 88.000000 0.046073 
0.712549 93.000000 0.048691 
0.716863 82.000000 0.042932 
0.713333 91.000000 0.047644 
0.708627 103.000000 0.053927 
0.714118 89.000000 0.046597 
0.710196 99.000000 0.051832 
0.716078 84.000000 0.043979 
0.711373 96.000000 0.050262 
0.716078 84.000000 0.043979 
0.710588 98.000000 0.051309 
0.714118 89.000000 0.046597 
0.713725 90.000000 0.047120 
0.713725 90.000000 0.047120 
0.717255 81.000000 0.042408 
0.714510 88.000000 0.046073 
0.711373 96.000000 0.050262 
0.716863 82.000000 0.042932 
0.718039 79.000000 0.041361 
0.715686 85.000000 0.044503 
0.714902 87.000000 0.045550 
0.716078 84.000000 0.043979 
0.714902 87.000000 0.045550 
0.714902 87.000000 0.045550 
0.714510 88.000000 0.046073 
0.707451 106.000000 0.055497 
0.713725 90.000000 0.047120 
0.712157 94.000000 0.049215 
0.713725 90.000000 0.047120 
0.712157 94.000000 0.049215 
0.715686 85.000000 0.044503 
0.714902 87.000000 0.045550 
0.718039 79.000000 0.041361 
0.716471 83.000000 0.043455 
0.714902 87.000000 0.045550 
0.713333 91.000000 0.047644 
0.713725 90.000000 0.047120 
0.713725 90.000000 0.047120 
0.714510 88.000000 0.046073 
0.714902 87.000000 0.045550 
0.712549 93.000000 0.048691 
0.714510 88.000000 0.046073 
0.719216 76.000000 0.039791 
0.712549 93.000000 0.048691 
0.717647 80.000000 0.041885 
0.708627 103.000000 0.053927 
0.716078 84.000000 0.043979 
0.713333 91.000000 0.047644 
0.715686 85.000000 0.044503 
0.712549 93.000000 0.048691 
0.713725 90.000000 0.047120 
0.709804 100.000000 0.052356 
0.710588 98.000000 0.051309 
0.714510 88.000000 0.046073 
0.710980 97.000000 0.050785 
0.717255 81.000000 0.042408 
0.713333 91.000000 0.047644 
0.713725 90.000000 0.047120 
0.712941 92.000000 0.048168 
0.712549 93.000000 0.048691 
0.711765 95.000000 0.049738 
0.715686 85.000000 0.044503 
0.715686 85.000000 0.044503 
0.713725 90.000000 0.047120 
0.713725 90.000000 0.047120 
0.713333 91.000000 0.047644 
0.716078 84.000000 0.043979 
0.711373 96.000000 0.050262 
0.712549 93.000000 0.048691 
0.711765 95.000000 0.049738 
0.717647 80.000000 0.041885 
0.719608 75.000000 0.039267 
0.712549 93.000000 0.048691 
0.708627 103.000000 0.053927 
0.712157 94.000000 0.049215 
0.714902 87.000000 0.045550 
0.712941 92.000000 0.048168 
0.714902 87.000000 0.045550 
0.712157 94.000000 0.049215 
0.715294 86.000000 0.045026 
0.718824 77.000000 0.040314 
0.712941 92.000000 0.048168 
0.707843 105.000000 0.054974 
0.710196 99.000000 0.051832 
0.714118 89.000000 0.046597 
0.713333 91.000000 0.047644 
0.709412 101.000000 0.052880 
0.712941 92.000000 0.048168 
0.714118 89.000000 0.046597 
0.714510 88.000000 0.046073 
0.713725 90.000000 0.047120 
0.711373 96.000000 0.050262 
0.715294 86.000000 0.045026 
0.713725 90.000000 0.047120 
0.712941 92.000000 0.048168 
0.714510 88.000000 0.046073 
0.716863 82.000000 0.042932 
0.710196 99.000000 0.051832 
0.714902 87.000000 0.045550 
0.711765 95.000000 0.049738 
0.710196 99.000000 0.051832 
0.712549 93.000000 0.048691 
0.712157 94.000000 0.049215 
0.712157 94.000000 0.049215 
0.714118 89.000000 0.046597 
0.710980 97.000000 0.050785 
0.712941 92.000000 0.048168 
0.709412 101.000000 0.052880 
0.714118 89.000000 0.046597 
0.712941 92.000000 0.048168 
0.715294 86.000000 0.045026 
0.712941 92.000000 0.048168 
0.713333 91.000000 0.047644 
0.714118 89.000000 0.046597 
0.717647 80.000000 0.041885 
0.710980 97.000000 0.050785 
0.716078 84.000000 0.043979 
0.713333 91.000000 0.047644 
0.718431 78.000000 0.040838 
0.709804 100.000000 0.052356 
0.713333 91.000000 0.047644 
0.710196 99.000000 0.051832 
0.711373 96.000000 0.050262 
0.713333 91.000000 0.047644 
0.713725 90.000000 0.047120 
0.714902 87.000000 0.045550 
0.710588 98.000000 0.051309 
0.713725 90.000000 0.047120 
0.714902 87.000000 0.045550 
0.717255 81.000000 0.042408 
0.713725 90.000000 0.047120 
0.711765 95.000000 0.049738 
0.711373 96.000000 0.050262 
0.716078 84.000000 0.043979 
0.709412 101.000000 0.052880 
0.719608 75.000000 0.039267 
0.710588 98.000000 0.051309 
0.710588 98.000000 0.051309 
0.718039 79.000000 0.041361 
0.713725 90.000000 0.047120 
0.716471 83.000000 0.043455 
0.709804 100.000000 0.052356 
0.714510 88.000000 0.046073 
0.714510 88.000000 0.046073 
0.716471 83.000000 0.043455 
0.711765 95.000000 0.049738 
0.712941 92.000000 0.048168 
0.710588 98.000000 0.051309 
0.717647 80.000000 0.041885 
0.710196 99.000000 0.051832 
0.715686 85.000000 0.044503 
0.713725 90.000000 0.047120 
0.712549 93.000000 0.048691 
0.713725 90.000000 0.047120 
0.714118 89.000000 0.046597 
0.709412 101.000000 0.052880 
0.711765 95.000000 0.049738 
0.710196 99.000000 0.051832 
0.707843 105.000000 0.054974 
0.712157 94.000000 0.049215 
0.714118 89.000000 0.046597 
0.712941 92.000000 0.048168 
0.709804 100.000000 0.052356 
0.714902 87.000000 0.045550 
0.711765 95.000000 0.049738 
0.715686 85.000000 0.044503 
0.720000 74.000000 0.038743 
0.713333 91.000000 0.047644 
0.711373 96.000000 0.050262 
0.710980 97.000000 0.050785 
0.712941 92.000000 0.048168 
0.712941 92.000000 0.048168 
0.711765 95.000000 0.049738 
0.711765 95.000000 0.049738 
0.714902 87.000000 0.045550 
0.715294 86.000000 0.045026 
0.714510 88.000000 0.046073 
0.711765 95.000000 0.049738 
0.711765 95.000000 0.049738 
0.714510 88.000000 0.046073 
0.714118 89.000000 0.046597 
0.714510 88.000000 0.046073 
0.714510 88.000000 0.046073 
0.715294 86.000000 0.045026 
0.718431 78.000000 0.040838 
0.709020 102.000000 0.053403 
0.711765 95.000000 0.049738 
0.713725 90.000000 0.047120 
0.715294 86.000000 0.045026 
0.709412 101.000000 0.052880 
0.716078 84.000000 0.043979 
0.718824 77.000000 0.040314 
0.712549 93.000000 0.048691 
0.713725 90.000000 0.047120 
0.716078 84.000000 0.043979 
0.714118 89.000000 0.046597 
0.713333 91.000000 0.047644 
0.713333 91.000000 0.047644 
0.710588 98.000000 0.051309 
0.708627 103.000000 0.053927 
0.714118 89.000000 0.046597 
0.714118 89.000000 0.046597 
0.715294 86.000000 0.045026 
0.712157 94.000000 0.049215 
0.714902 87.000000 0.045550 
0.714118 89.000000 0.046597 
0.717647 80.000000 0.041885 
0.714902 87.000000 0.045550 
0.714118 89.000000 0.046597 
0.710588 98.000000 0.051309 
0.713333 91.000000 0.047644 
0.711765 95.000000 0.049738 
0.713333 91.000000 0.047644 
0.714510 88.000000 0.046073 
0.712549 93.000000 0.048691 
0.712941 92.000000 0.048168 
0.716471 83.000000 0.043455 
0.715686 85.000000 0.044503 
0.714902 87.000000 0.045550 
0.710588 98.000000 0.051309 
0.716078 84.000000 0.043979 
0.711765 95.000000 0.049738 
0.708235 104.000000 0.054450 
0.712941 92.000000 0.048168 
0.712941 92.000000 0.048168 
0.716863 82.000000 0.042932 
0.710980 97.000000 0.050785 
0.713725 90.000000 0.047120 
0.712941 92.000000 0.048168 
0.712549 93.000000 0.048691 
0.714118 89.000000 0.046597 
0.713333 91.000000 0.047644 
0.709020 102.000000 0.053403 
0.713725 90.000000 0.047120 
0.714510 88.000000 0.046073 
0.713725 90.000000 0.047120 
0.715686 85.000000 0.044503 
0.709020 102.000000 0.053403 
0.712157 94.000000 0.049215 
0.710980 97.000000 0.050785 
0.711765 95.000000 0.049738 
0.709804 100.000000 0.052356 
0.711765 95.000000 0.049738 
0.710588 98.000000 0.051309 
0.713333 91.000000 0.047644 
0.710980 97.000000 0.050785 
0.712549 93.000000 0.048691 
0.714510 88.000000 0.046073 
0.714118 89.000000 0.046597 
0.715294 86.000000 0.045026 
0.712941 92.000000 0.048168 
0.711765 95.000000 0.049738 
0.714902 87.000000 0.045550 
0.710980 97.000000 0.050785 
0.715294 86.000000 0.045026 
0.715686 85.000000 0.044503 
0.710980 97.000000 0.050785 
0.712549 93.000000 0.048691 
0.711765 95.000000 0.049738 
0.709412 101.000000 0.052880 
0.719216 76.000000 0.039791 
0.710588 98.000000 0.051309 
0.715294 86.000000 0.045026 
0.711373 96.000000 0.050262 
0.712941 92.000000 0.048168 
0.712549 93.000000 0.048691 
0.713333 91.000000 0.047644 
0.712157 94.000000 0.049215 
0.712549 93.000000 0.048691 
0.712941 92.000000 0.048168 
0.718039 79.000000 0.041361 
0.716471 83.000000 0.043455 
0.712549 93.000000 0.048691 
0.716471 83.000000 0.043455 
0.713333 91.000000 0.047644 
0.713333 91.000000 0.047644 
0.712157 94.000000 0.049215 
0.715294 86.000000 0.045026 
0.714510 88.000000 0.046073 
0.711373 96.000000 0.050262 
0.713333 91.000000 0.047644 
0.712157 94.000000 0.049215 
0.715294 86.000000 0.045026 
0.714510 88.000000 0.046073 
0.713725 90.000000 0.047120 
0.714510 88.000000 0.046073 
0.713333 91.000000 0.047644 
0.718431 78.000000 0.040838 
0.716471 83.000000 0.043455 
0.711765 95.000000 0.049738 
0.714902 87.000000 0.045550 
0.711765 95.000000 0.049738 
0.709804 100.000000 0.052356 
0.711765 95.000000 0.049738 
0.712549 93.000000 0.048691 
0.710588 98.000000 0.051309 
0.717255 81.000000 0.042408 
0.716863 82.000000 0.042932 
0.707843 105.000000 0.054974 
0.710588 98.000000 0.051309 
0.714510 88.000000 0.046073 
0.715294 86.000000 0.045026 
0.712549 93.000000 0.048691 
0.708627 103.000000 0.053927 
0.713333 91.000000 0.047644 
0.715686 85.000000 0.044503 
0.712549 93.000000 0.048691 
0.715294 86.000000 0.045026 
0.709412 101.000000 0.052880 
0.714510 88.000000 0.046073 
0.715294 86.000000 0.045026 
0.711765 95.000000 0.049738 
0.715686 85.000000 0.044503 
0.712549 93.000000 0.048691 
0.712157 94.000000 0.049215 
0.709804 100.000000 0.052356 
0.714118 89.000000 0.046597 
0.713333 91.000000 0.047644 
0.712549 93.000000 0.048691 
0.715294 86.000000 0.045026 
0.713333 91.000000 0.047644 
0.715294 86.000000 0.045026 
0.713333 91.000000 0.047644 
0.710980 97.000000 0.050785 
0.715294 86.000000 0.045026 
0.713725 90.000000 0.047120 
0.714902 87.000000 0.045550 
0.714510 88.000000 0.046073 
0.713725 90.000000 0.047120 
0.709020 102.000000 0.053403 
0.708235 104.000000 0.054450 
0.712157 94.000000 0.049215 
0.714902 87.000000 0.045550 
0.713725 90.000000 0.047120 
0.719608 75.000000 0.039267 
0.713333 91.000000 0.047644 
0.712157 94.000000 0.049215 
0.713725 90.000000 0.047120 
0.714118 89.000000 0.046597 
0.717647 80.000000 0.041885 
0.713333 91.000000 0.047644 
0.710980 97.000000 0.050785 
0.710588 98.000000 0.051309 
0.712549 93.000000 0.048691 
0.712157 94.000000 0.049215 
0.714510 88.000000 0.046073 
0.715294 86.000000 0.045026 
0.715686 85.000000 0.044503 
0.715686 85.000000 0.044503 
0.713725 90.000000 0.047120 
0.710588 98.000000 0.051309 
0.711765 95.000000 0.049738 
0.717647 80.000000 0.041885 
0.712549 93.000000 0.048691 
0.714118 89.000000 0.046597 
0.712157 94.000000 0.049215 
0.711373 96.000000 0.050262 
0.714118 89.000000 0.046597 
0.718431 78.000000 0.040838 
0.713333 91.000000 0.047644 
0.712941 92.000000 0.048168 
0.712549 93.000000 0.048691 
0.712941 92.000000 0.048168 
0.714902 87.000000 0.045550 
0.714118 89.000000 0.046597 
0.711765 95.000000 0.049738 
0.712941 92.000000 0.048168 
0.716863 82.000000 0.042932 
0.709804 100.000000 0.052356 
0.712941 92.000000 0.048168 
0.712157 94.000000 0.049215 
0.718039 79.000000 0.041361 
0.713725 90.000000 0.047120 
0.712549 93.000000 0.048691 
0.713333 91.000000 0.047644 
0.712157 94.000000 0.049215 
0.714902 87.000000 0.045550 
0.710980 97.000000 0.050785 
0.714902 87.000000 0.045550 
0.710196 99.000000 0.051832 
0.713333 91.000000 0.047644 
0.716078 84.000000 0.043979 
0.713725 90.000000 0.047120 
0.711373 96.000000 0.050262 
0.711765 95.000000 0.049738 
0.710980 97.000000 0.050785 
0.716078 84.000000 0.043979 
0.713725 90.000000 0.047120 
0.713333 91.000000 0.047644 
0.711765 95.000000 0.049738 
0.712549 93.000000 0.048691 
0.710980 97.000000 0.050785 
0.712157 94.000000 0.049215 
0.711765 95.000000 0.049738 
0.716471 83.000000 0.043455 
0.713333 91.000000 0.047644 
0.711765 95.000000 0.049738 
0.710588 98.000000 0.051309 
0.711373 96.000000 0.050262 
0.714118 89.000000 0.046597 
0.713333 91.000000 0.047644 
0.710980 97.000000 0.050785 
0.712157 94.000000 0.049215 
0.715686 85.000000 0.044503 
0.716078 84.000000 0.043979 
0.710980 97.000000 0.050785 
0.710196 99.000000 0.051832 
0.713333 91.000000 0.047644 
0.719608 75.000000 0.039267 
0.712941 92.000000 0.048168 
0.707059 107.000000 0.056021 
0.715294 86.000000 0.045026 
0.711373 96.000000 0.050262 
0.716471 83.000000 0.043455 
0.716863 82.000000 0.042932 
0.714510 88.000000 0.046073 
0.711765 95.000000 0.049738 
0.712549 93.000000 0.048691 
0.717255 81.000000 0.042408 
0.718039 79.000000 0.041361 
0.712549 93.000000 0.048691 
0.715294 86.000000 0.045026 
0.715686 85.000000 0.044503 
0.714902 87.000000 0.045550 
0.709412 101.000000 0.052880 
0.710980 97.000000 0.050785 
0.713725 90.000000 0.047120 
0.709020 102.000000 0.053403 
0.712157 94.000000 0.049215 
0.714902 87.000000 0.045550 
0.708627 103.000000 0.053927 
0.717647 80.000000 0.041885 
0.711373 96.000000 0.050262 
0.709804 100.000000 0.052356 
0.712549 93.000000 0.048691 
0.710196 99.000000 0.051832 
0.714510 88.000000 0.046073 
0.712941 92.000000 0.048168 
0.711765 95.000000 0.049738 
0.712941 92.000000 0.048168 
0.713333 91.000000 0.047644 
0.716078 84.000000 0.043979 
0.714118 89.000000 0.046597 
0.712549 93.000000 0.048691 
0.719608 75.000000 0.039267 
0.710980 97.000000 0.050785 
0.709412 101.000000 0.052880 
0.714118 89.000000 0.046597 
0.713725 90.000000 0.047120 
0.714510 88.000000 0.046073 
0.717255 81.000000 0.042408 
0.713333 91.000000 0.047644 
0.710196 99.000000 0.051832 
0.712549 93.000000 0.048691 
0.714118 89.000000 0.046597 
0.714902 87.000000 0.045550 
0.710980 97.000000 0.050785 
0.714510 88.000000 0.046073 
0.713725 90.000000 0.047120 
0.710980 97.000000 0.050785 
0.716078 84.000000 0.043979 
0.713725 90.000000 0.047120 
0.710196 99.000000 0.051832 
0.710980 97.000000 0.050785 
0.714902 87.000000 0.045550 
0.713333 91.000000 0.047644 
0.714510 88.000000 0.046073 
0.713725 90.000000 0.047120 
0.713333 91.000000 0.047644 
0.717647 80.000000 0.041885 
0.719216 76.000000 0.039791 
0.710588 98.000000 0.051309 
0.713725 90.000000 0.047120 
0.718431 78.000000 0.040838 
0.710588 98.000000 0.051309 
0.712941 92.000000 0.048168 
0.713725 90.000000 0.047120 
0.708627 103.000000 0.053927 
0.708627 103.000000 0.053927 
0.714510 88.000000 0.046073 
0.716471 83.000000 0.043455 
0.714902 87.000000 0.045550 
0.719216 76.000000 0.039791 
0.718431 78.000000 0.040838 
0.716863 82.000000 0.042932 
0.716078 84.000000 0.043979 
0.717647 80.000000 0.041885 
0.712549 93.000000 0.048691 
0.716471 83.000000 0.043455 
0.713725 90.000000 0.047120 
0.715294 86.000000 0.045026 
0.711765 95.000000 0.049738 
0.713333 91.000000 0.047644 
0.714118 89.000000 0.046597 
0.716863 82.000000 0.042932 
0.712157 94.000000 0.049215 
0.714510 88.000000 0.046073 
0.712157 94.000000 0.049215 
0.713333 91.000000 0.047644 
0.717647 80.000000 0.041885 
0.713725 90.000000 0.047120 
0.710980 97.000000 0.050785 
0.711765 95.000000 0.049738 
0.717647 80.000000 0.041885 
0.718431 78.000000 0.040838 
0.711373 96.000000 0.050262 
0.717647 80.000000 0.041885 
0.712941 92.000000 0.048168 
0.712549 93.000000 0.048691 
0.714902 87.000000 0.045550 
0.716471 83.000000 0.043455 
0.710980 97.000000 0.050785 
0.712157 94.000000 0.049215 
0.716078 84.000000 0.043979 
0.710588 98.000000 0.051309 
0.714510 88.000000 0.046073 
0.716078 84.000000 0.043979 
0.712549 93.000000 0.048691 
0.723137 66.000000 0.034555 
0.711765 95.000000 0.049738 
0.712549 93.000000 0.048691 
0.711765 95.000000 0.049738 
0.709412 101.000000 0.052880 
0.712941 92.000000 0.048168 
0.710980 97.000000 0.050785 
0.710588 98.000000 0.051309 
0.718431 78.000000 0.040838 
0.713725 90.000000 0.047120 
0.712157 94.000000 0.049215 
0.710196 99.000000 0.051832 
0.715686 85.000000 0.044503 
0.712157 94.000000 0.049215 
0.714510 88.000000 0.046073 
0.716078 84.000000 0.043979 
0.711765 95.000000 0.049738 
0.712157 94.000000 0.049215 
0.714118 89.000000 0.046597 
0.716863 82.000000 0.042932 
0.710588 98.000000 0.051309 
0.710980 97.000000 0.050785 
0.718431 78.000000 0.040838 
0.709412 101.000000 0.052880 
0.709412 101.000000 0.052880 
0.709804 100.000000 0.052356 
0.715686 85.000000 0.044503 
0.709804 100.000000 0.052356 
0.716078 84.000000 0.043979 
0.715686 85.000000 0.044503 
0.712157 94.000000 0.049215 
0.712157 94.000000 0.049215 
0.716471 83.000000 0.043455 
0.712157 94.000000 0.049215 
0.714118 89.000000 0.046597 
0.712941 92.000000 0.048168 
0.716471 83.000000 0.043455 
0.712157 94.000000 0.049215 
0.710588 98.000000 0.051309 
0.712157 94.000000 0.049215 
0.714118 89.000000 0.046597 
0.711373 96.000000 0.050262 
0.713725 90.000000 0.047120 
0.707451 106.000000 0.055497 
0.712157 94.000000 0.049215 
0.712549 93.000000 0.048691 
0.717647 80.000000 0.041885 
0.710588 98.000000 0.051309 
0.712941 92.000000 0.048168 
0.712941 92.000000 0.048168 
0.716863 82.000000 0.042932 
0.712157 94.000000 0.049215 
0.714902 87.000000 0.045550 
0.714902 87.000000 0.045550 
0.713725 90.000000 0.047120 
0.714510 88.000000 0.046073 
0.711765 95.000000 0.049738 
0.712549 93.000000 0.048691 
0.714510 88.000000 0.046073 
0.714902 87.000000 0.045550 
0.708627 103.000000 0.053927 
0.711373 96.000000 0.050262 
0.712941 92.000000 0.048168 
0.716078 84.000000 0.043979 
0.713333 91.000000 0.047644 
0.716078 84.000000 0.043979 
0.717255 81.000000 0.042408 
0.711373 96.000000 0.050262 
0.714118 89.000000 0.046597 
0.710980 97.000000 0.050785 
0.716078 84.000000 0.043979 
0.714510 88.000000 0.046073 
0.716078 84.000000 0.043979 
0.715686 85.000000 0.044503 
0.712941 92.000000 0.048168 
0.722745 67.000000 0.035079 
0.712157 94.000000 0.049215 
0.715294 86.000000 0.045026 
0.709804 100.000000 0.052356 
0.713333 91.000000 0.047644 
0.716078 84.000000 0.043979 
0.715686 85.000000 0.044503 
0.713725 90.000000 0.047120 
0.712941 92.000000 0.048168 
0.716078 84.000000 0.043979 
0.713725 90.000000 0.047120 
0.720000 74.000000 0.038743 
0.715686 85.000000 0.044503 
0.713333 91.000000 0.047644 
0.710980 97.000000 0.050785 
0.714118 89.000000 0.046597 
0.714118 89.000000 0.046597 
0.713725 90.000000 0.047120 
0.713725 90.000000 0.047120 
0.710588 98.000000 0.051309 
0.713725 90.000000 0.047120 
0.710980 97.000000 0.050785 
0.712549 93.000000 0.048691 
0.711765 95.000000 0.049738 
0.716471 83.000000 0.043455 
0.709020 102.000000 0.053403 
0.712549 93.000000 0.048691 
0.715294 86.000000 0.045026 
0.713725 90.000000 0.047120 
0.713333 91.000000 0.047644 
0.712549 93.000000 0.048691 
0.715686 85.000000 0.044503 
0.715686 85.000000 0.044503 
0.716471 83.000000 0.043455 
0.710980 97.000000 0.050785 
0.715294 86.000000 0.045026 
0.711765 95.000000 0.049738 
0.711373 96.000000 0.050262 
0.711373 96.000000 0.050262 
0.715686 85.000000 0.044503 
0.712549 93.000000 0.048691 
0.715686 85.000000 0.044503 
0.712157 94.000000 0.049215 
0.706667 108.000000 0.056545 
0.716863 82.000000 0.042932 
0.719608 75.000000 0.039267 
0.711373 96.000000 0.050262 
0.715686 85.000000 0.044503 
0.712549 93.000000 0.048691 
0.714902 87.000000 0.045550 
0.717647 80.000000 0.041885 
0.711373 96.000000 0.050262 
0.712941 92.000000 0.048168 
0.717647 80.000000 0.041885 
0.715686 85.000000 0.044503 
0.714118 89.000000 0.046597 
0.714902 87.000000 0.045550 
0.713333 91.000000 0.047644 
0.716078 84.000000 0.043979 
0.710980 97.000000 0.050785 
0.712941 92.000000 0.048168 
0.710980 97.000000 0.050785 
0.716471 83.000000 0.043455 
0.711765 95.000000 0.049738 
0.711765 95.000000 0.049738 
0.715686 85.000000 0.044503 
0.714902 87.000000 0.045550 
0.716471 83.000000 0.043455 
0.712549 93.000000 0.048691 
0.713333 91.000000 0.047644 
0.716863 82.000000 0.042932 
0.713725 90.000000 0.047120 
0.713333 91.000000 0.047644 
0.709804 100.000000 0.052356 
0.715294 86.000000 0.045026 
0.711373 96.000000 0.050262 
0.715686 85.000000 0.044503 
0.710588 98.000000 0.051309 
0.710588 98.000000 0.051309 
0.716471 83.000000 0.043455 
0.720784 72.000000 0.037696 
0.709412 101.000000 0.052880 
0.712941 92.000000 0.048168 
0.716078 84.000000 0.043979 
0.714902 87.000000 0.045550 
0.714510 88.000000 0.046073 
0.714118 89.000000 0.046597 
0.714510 88.000000 0.046073 
0.716471 83.000000 0.043455 
0.712157 94.000000 0.049215 
0.710588 98.000000 0.051309 
0.716863 82.000000 0.042932 
0.710980 97.000000 0.050785 
0.710980 97.000000 0.050785 
0.713333 91.000000 0.047644 
0.719608 75.000000 0.039267 
0.714118 89.000000 0.046597 
0.713333 91.000000 0.047644 
0.718824 77.000000 0.040314 
0.712941 92.000000 0.048168 
0.714510 88.000000 0.046073 
0.714510 88.000000 0.046073 
0.711373 96.000000 0.050262 
0.710980 97.000000 0.050785 
0.710196 99.000000 0.051832 
0.710588 98.000000 0.051309 
0.714118 89.000000 0.046597 
0.709412 101.000000 0.052880 
0.713725 90.000000 0.047120 
0.710980 97.000000 0.050785 
0.712549 93.000000 0.048691 
0.714902 87.000000 0.045550 
0.719216 76.000000 0.039791 
0.711765 95.000000 0.049738 
0.713333 91.000000 0.047644 
0.711765 95.000000 0.049738 
0.715294 86.000000 0.045026 
0.714118 89.000000 0.046597 
0.712941 92.000000 0.048168 
0.716863 82.000000 0.042932 
0.713333 91.000000 0.047644 
0.711373 96.000000 0.050262 
0.715294 86.000000 0.045026 
0.712941 92.000000 0.048168 
0.715686 85.000000 0.044503 
0.710980 97.000000 0.050785 
0.712941 92.000000 0.048168 
0.710196 99.000000 0.051832 
0.714510 88.000000 0.046073 
0.715294 86.000000 0.045026 
0.712941 92.000000 0.048168 
0.713333 91.000000 0.047644 
0.718039 79.000000 0.041361 
0.713333 91.000000 0.047644 
0.710980 97.000000 0.050785 
0.717255 81.000000 0.042408 
0.714902 87.000000 0.045550 
0.713725 90.000000 0.047120 
0.709412 101.000000 0.052880 
0.717255 81.000000 0.042408 
0.714118 89.000000 0.046597 
0.711373 96.000000 0.050262 
0.709804 100.000000 0.052356 
0.716078 84.000000 0.043979 
0.712157 94.000000 0.049215 
0.710980 97.000000 0.050785 
0.712549 93.000000 0.048691 
0.716078 84.000000 0.043979 
0.714118 89.000000 0.046597 
0.714118 89.000000 0.046597 
0.709804 100.000000 0.052356 
0.714510 88.000000 0.046073 
0.716078 84.000000 0.043979 
0.713725 90.000000 0.047120 
0.715294 86.000000 0.045026 
0.714510 88.000000 0.046073 
0.711765 95.000000 0.049738 
0.714118 89.000000 0.046597 
0.709412 101.000000 0.052880 
0.713333 91.000000 0.047644 
0.711765 95.000000 0.049738 
0.710196 99.000000 0.051832 
0.712157 94.000000 0.049215 
0.712549 93.000000 0.048691 
0.716471 83.000000 0.043455 
0.712157 94.000000 0.049215 
0.711765 95.000000 0.049738 
0.710980 97.000000 0.050785 
0.711373 96.000000 0.050262 
0.714902 87.000000 0.045550 
0.714118 89.000000 0.046597 
0.715686 85.000000 0.044503 
0.716863 82.000000 0.042932 
0.712549 93.000000 0.048691 
0.710980 97.000000 0.050785 
0.713333 91.000000 0.047644 
0.712549 93.000000 0.048691 
0.711765 95.000000 0.049738 
0.713333 91.000000 0.047644 
0.710980 97.000000 0.050785 
0.714510 88.000000 0.046073 
0.712157 94.000000 0.049215 
0.711765 95.000000 0.049738 
0.714118 89.000000 0.046597 
0.713333 91.000000 0.047644 
0.712941 92.000000 0.048168 
0.720392 73.000000 0.038220 
0.711765 95.000000 0.049738 
0.713333 91.000000 0.047644 
0.716863 82.000000 0.042932 
0.716078 84.000000 0.043979 
0.712941 92.000000 0.048168 
0.715294 86.000000 0.045026 
0.712157 94.000000 0.049215 
0.714510 88.000000 0.046073 
0.715294 86.000000 0.045026 
0.715686 85.000000 0.044503 
0.710196 99.000000 0.051832 
0.716471 83.000000 0.043455 
0.712941 92.000000 0.048168 
0.716863 82.000000 0.042932 
0.711373 96.000000 0.050262 
0.714118 89.000000 0.046597 
0.712549 93.000000 0.048691 
0.716078 84.000000 0.043979 
0.710196 99.000000 0.051832 
0.717255 81.000000 0.042408 
0.716471 83.000000 0.043455 
0.714510 88.000000 0.046073 
0.709412 101.000000 0.052880 
0.710980 97.000000 0.050785 
0.711765 95.000000 0.049738 
0.715686 85.000000 0.044503 
0.711373 96.000000 0.050262 
0.714510 88.000000 0.046073 
0.714902 87.000000 0.045550 
0.712941 92.000000 0.048168 
0.711373 96.000000 0.050262 
0.715294 86.000000 0.045026 
0.710196 99.000000 0.051832 
0.712549 93.000000 0.048691 
0.714902 87.000000 0.045550 
0.714118 89.000000 0.046597 
0.712549 93.000000 0.048691 
0.709804 100.000000 0.052356 
0.712941 92.000000 0.048168 
0.710980 97.000000 0.050785 
0.709020 102.000000 0.053403 
0.714902 87.000000 0.045550 
0.713333 91.000000 0.047644 
0.712157 94.000000 0.049215 
0.712941 92.000000 0.048168 
0.713333 91.000000 0.047644 
0.715294 86.000000 0.045026 
0.708235 104.000000 0.054450 
0.715294 86.000000 0.045026 
0.709412 101.000000 0.052880 
0.713333 91.000000 0.047644 
0.712941 92.000000 0.048168 
0.713333 91.000000 0.047644 
0.719608 75.000000 0.039267 
0.713725 90.000000 0.047120 
0.713725 90.000000 0.047120 
0.712157 94.000000 0.049215 
0.714902 87.000000 0.045550 
0.717647 80.000000 0.041885 
0.713333 91.000000 0.047644 
0.712549 93.000000 0.048691 
0.712941 92.000000 0.048168 
0.715686 85.000000 0.044503 
0.712549 93.000000 0.048691 
0.716078 84.000000 0.043979 
0.710980 97.000000 0.050785 
0.716078 84.000000 0.043979 
0.714510 88.000000 0.046073 
0.713725 90.000000 0.047120 
0.709020 102.000000 0.053403 
0.709412 101.000000 0.052880 
0.712549 93.000000 0.048691 
0.712941 92.000000 0.048168 
0.715686 85.000000 0.044503 
0.715686 85.000000 0.044503 
0.710588 98.000000 0.051309 
0.710980 97.000000 0.050785 
0.712941 92.000000 0.048168 
0.713333 91.000000 0.047644 
0.714118 89.000000 0.046597 
0.714902 87.000000 0.045550 
0.710196 99.000000 0.051832 
0.709020 102.000000 0.053403 
0.710196 99.000000 0.051832 
0.714118 89.000000 0.046597 
0.712941 92.000000 0.048168 
0.710196 99.000000 0.051832 
0.713333 91.000000 0.047644 
0.711373 96.000000 0.050262 
0.716863 82.000000 0.042932 
0.712941 92.000000 0.048168 
0.712941 92.000000 0.048168 
0.713725 90.000000 0.047120 
0.716078 84.000000 0.043979 
0.712549 93.000000 0.048691 
0.714510 88.000000 0.046073 
0.711373 96.000000 0.050262 
0.710588 98.000000 0.051309 
0.713725 90.000000 0.047120 
0.710980 97.000000 0.050785 
0.708627 103.000000 0.053927 
0.715294 86.000000 0.045026 
0.714118 89.000000 0.046597 
0.715294 86.000000 0.045026 
0.710980 97.000000 0.050785 
0.714510 88.000000 0.046073 
0.714118 89.000000 0.046597 
0.713333 91.000000 0.047644 
0.713333 91.000000 0.047644 
0.710196 99.000000 0.051832 
0.715686 85.000000 0.044503 
0.713725 90.000000 0.047120 
0.709804 100.000000 0.052356 
0.711373 96.000000 0.050262 
0.714510 88.000000 0.046073 
0.714118 89.000000 0.046597 
0.712157 94.000000 0.049215 
0.713333 91.000000 0.047644 
0.711765 95.000000 0.049738 
0.715686 85.000000 0.044503 
0.709804 100.000000 0.052356 
0.712941 92.000000 0.048168 
0.712941 92.000000 0.048168 
0.713725 90.000000 0.047120 
0.716078 84.000000 0.043979 
0.717255 81.000000 0.042408 
0.712157 94.000000 0.049215 
0.714902 87.000000 0.045550 
0.710196 99.000000 0.051832 
0.714902 87.000000 0.045550 
0.713333 91.000000 0.047644 
0.714902 87.000000 0.045550 
0.713333 91.000000 0.047644 
0.714118 89.000000 0.046597 
0.715294 86.000000 0.045026 
0.711373 96.000000 0.050262 
0.718039 79.000000 0.041361 
0.712941 92.000000 0.048168 
0.708627 103.000000 0.053927 
0.712941 92.000000 0.048168 
0.711765 95.000000 0.049738 
0.712549 93.000000 0.048691 
0.711765 95.000000 0.049738 
0.713333 91.000000 0.047644 
0.714902 87.000000 0.045550 
0.711765 95.000000 0.049738 
0.714118 89.000000 0.046597 
0.717647 80.000000 0.041885 
0.712941 92.000000 0.048168 
0.712549 93.000000 0.048691 
0.714510 88.000000 0.046073 
0.710588 98.000000 0.051309 
0.711373 96.000000 0.050262 
0.716471 83.000000 0.043455 
0.714510 88.000000 0.046073 
0.711373 96.000000 0.050262 
0.715294 86.000000 0.045026 
0.710196 99.000000 0.051832 
0.711765 95.000000 0.049738 
0.712549 93.000000 0.048691 
0.715294 86.000000 0.045026 
0.714510 88.000000 0.046073 
0.709804 100.000000 0.052356 
0.716078 84.000000 0.043979 
0.715686 85.000000 0.044503 
0.709412 101.000000 0.052880 
0.713333 91.000000 0.047644 
0.713725 90.000000 0.047120 
0.713725 90.000000 0.047120 
0.714902 87.000000 0.045550 
0.713333 91.000000 0.047644 
0.711765 95.000000 0.049738 
0.718039 79.000000 0.041361 
0.712157 94.000000 0.049215 
0.715294 86.000000 0.045026 
0.712157 94.000000 0.049215 
0.712549 93.000000 0.048691 
0.715686 85.000000 0.044503 
0.718039 79.000000 0.041361 
0.710980 97.000000 0.050785 
0.710980 97.000000 0.050785 
0.718824 77.000000 0.040314 
0.713725 90.000000 0.047120 
0.712157 94.000000 0.049215 
0.712941 92.000000 0.048168 
0.711373 96.000000 0.050262 
0.711373 96.000000 0.050262 
0.714118 89.000000 0.046597 
0.713333 91.000000 0.047644 
0.710588 98.000000 0.051309 
0.711373 96.000000 0.050262 
0.711765 95.000000 0.049738 
0.709020 102.000000 0.053403 
0.712941 92.000000 0.048168 
0.713333 91.000000 0.047644 
0.714118 89.000000 0.046597 
0.712941 92.000000 0.048168 
0.707843 105.000000 0.054974 
0.714510 88.000000 0.046073 
0.715686 85.000000 0.044503 
0.714510 88.000000 0.046073 
0.712157 94.000000 0.049215 
0.713333 91.000000 0.047644 
0.710980 97.000000 0.050785 
0.712157 94.000000 0.049215 
0.714510 88.000000 0.046073 
0.716471 83.000000 0.043455 
0.721569 70.000000 0.036649 
0.717647 80.000000 0.041885 
0.715294 86.000000 0.045026 
0.712549 93.000000 0.048691 
0.715294 86.000000 0.045026 
0.716471 83.000000 0.043455 
0.717255 81.000000 0.042408 
0.712157 94.000000 0.049215 
0.714118 89.000000 0.046597 
0.710196 99.000000 0.051832 
0.713333 91.000000 0.047644 
0.711373 96.000000 0.050262 
0.710196 99.000000 0.051832 
0.714902 87.000000 0.045550 
0.720000 74.000000 0.038743 
0.717647 80.000000 0.041885 
0.713333 91.000000 0.047644 
0.716078 84.000000 0.043979 
0.713333 91.000000 0.047644 
0.714118 89.000000 0.046597 
0.712941 92.000000 0.048168 
0.716078 84.000000 0.043979 
0.713725 90.000000 0.047120 
0.714902 87.000000 0.045550 
0.706667 108.000000 0.056545 
0.711373 96.000000 0.050262 
0.714118 89.000000 0.046597 
0.713333 91.000000 0.047644 
0.709020 102.000000 0.053403 
0.708627 103.000000 0.053927 
0.715686 85.000000 0.044503 
0.710980 97.000000 0.050785 
0.710588 98.000000 0.051309 
0.711373 96.000000 0.050262 
0.714118 89.000000 0.046597 
0.714902 87.000000 0.045550 
0.716863 82.000000 0.042932 
0.710980 97.000000 0.050785 
0.714118 89.000000 0.046597 
0.714510 88.000000 0.046073 
0.714118 89.000000 0.046597 
0.715686 85.000000 0.044503 
0.718431 78.000000 0.040838 
0.711373 96.000000 0.050262 
0.716471 83.000000 0.043455 
0.708627 103.000000 0.053927 
0.714510 88.000000 0.046073 
0.716471 83.000000 0.043455 
0.709412 101.000000 0.052880 
0.707451 106.000000 0.055497 
0.714118 89.000000 0.046597 
0.711765 95.000000 0.049738 
0.715686 85.000000 0.044503 
0.710196 99.000000 0.051832 
0.714118 89.000000 0.046597 
0.709412 101.000000 0.052880 
0.709804 100.000000 0.052356 
0.716863 82.000000 0.042932 
0.711765 95.000000 0.049738 
0.713725 90.000000 0.047120 
0.712157 94.000000 0.049215 
0.716078 84.000000 0.043979 
0.716471 83.000000 0.043455 
0.712549 93.000000 0.048691 
0.709412 101.000000 0.052880 
0.712941 92.000000 0.048168 
0.713725 90.000000 0.047120 
0.716078 84.000000 0.043979 
0.708627 103.000000 0.053927 
0.715686 85.000000 0.044503 
0.713333 91.000000 0.047644 
0.712157 94.000000 0.049215 
0.713333 91.000000 0.047644 
0.711373 96.000000 0.050262 
0.714902 87.000000 0.045550 
0.712549 93.000000 0.048691 
0.712941 92.000000 0.048168 
0.714118 89.000000 0.046597 
0.713333 91.000000 0.047644 
0.713725 90.000000 0.047120 
0.710588 98.000000 0.051309 
0.713333 91.000000 0.047644 
0.712941 92.000000 0.048168 
0.710196 99.000000 0.051832 
0.714118 89.000000 0.046597 
0.712941 92.000000 0.048168 
0.714510 88.000000 0.046073 
0.708627 103.000000 0.053927 
0.709020 102.000000 0.053403 
0.712157 94.000000 0.049215 
0.712941 92.000000 0.048168 
0.714118 89.000000 0.046597 
0.708627 103.000000 0.053927 
0.709020 102.000000 0.053403 
0.710196 99.000000 0.051832 
0.710980 97.000000 0.050785 
0.715294 86.000000 0.045026 
0.715686 85.000000 0.044503 
0.712941 92.000000 0.048168 
0.712941 92.000000 0.048168 
0.715686 85.000000 0.044503 
0.710196 99.000000 0.051832 
0.715294 86.000000 0.045026 
0.717255 81.000000 0.042408 
0.719216 76.000000 0.039791 
0.717647 80.000000 0.041885 
0.710588 98.000000 0.051309 
0.712157 94.000000 0.049215 
0.713333 91.000000 0.047644 
0.714510 88.000000 0.046073 
0.712157 94.000000 0.049215 
0.714902 87.000000 0.045550 
0.706275 109.000000 0.057068 
0.712549 93.000000 0.048691 
0.716471 83.000000 0.043455 
0.712157 94.000000 0.049215 
0.714118 89.000000 0.046597 
0.712157 94.000000 0.049215 
0.720000 74.000000 0.038743 
0.714510 88.000000 0.046073 
0.717647 80.000000 0.041885 
0.714902 87.000000 0.045550 
0.712941 92.000000 0.048168 
0.711765 95.000000 0.049738 
0.719216 76.000000 0.039791 
0.714118 89.000000 0.046597 
0.713333 91.000000 0.047644 
0.711373 96.000000 0.050262 
0.709804 100.000000 0.052356 
0.714510 88.000000 0.046073 
0.714902 87.000000 0.045550 
0.714902 87.000000 0.045550 
0.716078 84.000000 0.043979 
0.714510 88.000000 0.046073 
0.714510 88.000000 0.046073 
0.714510 88.000000 0.046073 
0.711765 95.000000 0.049738 
0.711765 95.000000 0.049738 
0.715294 86.000000 0.045026 
0.711765 95.000000 0.049738 
0.712941 92.000000 0.048168 
0.711765 95.000000 0.049738 
0.709804 100.000000 0.052356 
0.715686 85.000000 0.044503 
0.708235 104.000000 0.054450 
0.712941 92.000000 0.048168 
0.715294 86.000000 0.045026 
0.711765 95.000000 0.049738 
0.715294 86.000000 0.045026 
0.714118 89.000000 0.046597 
0.709412 101.000000 0.052880 
0.718039 79.000000 0.041361 
0.714118 89.000000 0.046597 
0.712549 93.000000 0.048691 
0.716863 82.000000 0.042932 
0.716863 82.000000 0.042932 
0.710980 97.000000 0.050785 
0.713725 90.000000 0.047120 
0.714118 89.000000 0.046597 
0.714510 88.000000 0.046073 
0.716471 83.000000 0.043455 
0.716078 84.000000 0.043979 
0.712157 94.000000 0.049215 
0.711373 96.000000 0.050262 
0.711765 95.000000 0.049738 
0.715294 86.000000 0.045026 
0.716471 83.000000 0.043455 
0.714118 89.000000 0.046597 
0.713333 91.000000 0.047644 
0.710196 99.000000 0.051832 
0.717647 80.000000 0.041885 
0.711373 96.000000 0.050262 
0.712941 92.000000 0.048168 
0.713333 91.000000 0.047644 
0.711373 96.000000 0.050262 
0.713333 91.000000 0.047644 
0.710980 97.000000 0.050785 
0.712941 92.000000 0.048168 
0.712157 94.000000 0.049215 
0.709804 100.000000 0.052356 
0.712549 93.000000 0.048691 
0.712941 92.000000 0.048168 
0.714902 87.000000 0.045550 
0.715686 85.000000 0.044503 
0.715686 85.000000 0.044503 
0.715294 86.000000 0.045026 
0.711373 96.000000 0.050262 
0.712941 92.000000 0.048168 
0.712157 94.000000 0.049215 
0.714118 89.000000 0.046597 
0.716078 84.000000 0.043979 
0.712157 94.000000 0.049215 
0.714118 89.000000 0.046597 
0.715294 86.000000 0.045026 
0.712549 93.000000 0.048691 
0.716471 83.000000 0.043455 
0.718431 78.000000 0.040838 
0.712941 92.000000 0.048168 
0.716863 82.000000 0.042932 
0.718039 79.000000 0.041361 
0.714118 89.000000 0.046597 
0.712941 92.000000 0.048168 
0.714902 87.000000 0.045550 
0.710588 98.000000 0.051309 
0.714510 88.000000 0.046073 
0.712941 92.000000 0.048168 
0.713333 91.000000 0.047644 
0.709412 101.000000 0.052880 
0.713333 91.000000 0.047644 
0.710196 99.000000 0.051832 
0.713333 91.000000 0.047644 
0.711373 96.000000 0.050262 
0.710588 98.000000 0.051309 
0.716078 84.000000 0.043979 
0.714902 87.000000 0.045550 
0.712941 92.000000 0.048168 
0.713725 90.000000 0.047120 
0.709020 102.000000 0.053403 
0.713333 91.000000 0.047644 
0.714118 89.000000 0.046597 
0.711765 95.000000 0.049738 
0.709020 102.000000 0.053403 
0.713333 91.000000 0.047644 
0.714118 89.000000 0.046597 
0.709412 101.000000 0.052880 
0.716863 82.000000 0.042932 
0.709804 100.000000 0.052356 
0.710980 97.000000 0.050785 
0.712157 94.000000 0.049215 
0.714902 87.000000 0.045550 
0.712549 93.000000 0.048691 
0.711765 95.000000 0.049738 
0.714118 89.000000 0.046597 
0.711765 95.000000 0.049738 
0.713333 91.000000 0.047644 
0.712157 94.000000 0.049215 
0.712157 94.000000 0.049215 
0.714118 89.000000 0.046597 
0.717255 81.000000 0.042408 
0.714902 87.000000 0.045550 
0.711373 96.000000 0.050262 
0.712157 94.000000 0.049215 
0.712157 94.000000 0.049215 
0.712941 92.000000 0.048168 
0.714118 89.000000 0.046597 
0.713725 90.000000 0.047120 
0.712157 94.000000 0.049215 
0.714118 89.000000 0.046597 
0.714510 88.000000 0.046073 
0.714118 89.000000 0.046597 
0.711765 95.000000 0.049738 
0.715686 85.000000 0.044503 
0.716471 83.000000 0.043455 
0.712549 93.000000 0.048691 
0.711765 95.000000 0.049738 
0.718039 79.000000 0.041361 
0.715686 85.000000 0.044503 
0.711373 96.000000 0.050262 
0.713333 91.000000 0.047644 
0.710196 99.000000 0.051832 
0.712157 94.000000 0.049215 
0.714118 89.000000 0.046597 
0.714510 88.000000 0.046073 
0.710196 99.000000 0.051832 
0.712941 92.000000 0.048168 
0.709804 100.000000 0.052356 
0.714902 87.000000 0.045550 
0.713725 90.000000 0.047120 
0.716863 82.000000 0.042932 
0.709412 101.000000 0.052880 
0.709804 100.000000 0.052356 
0.716078 84.000000 0.043979 
0.715294 86.000000 0.045026 
0.713333 91.000000 0.047644 
0.715686 85.000000 0.044503 
0.715686 85.000000 0.044503 
0.715294 86.000000 0.045026 
0.716078 84.000000 0.043979 
0.714118 89.000000 0.046597 
0.709020 102.000000 0.053403 
0.712157 94.000000 0.049215 
0.717647 80.000000 0.041885 
0.716471 83.000000 0.043455 
0.712549 93.000000 0.048691 
0.712549 93.000000 0.048691 
0.708627 103.000000 0.053927 
0.713725 90.000000 0.047120 
0.709804 100.000000 0.052356 
0.718039 79.000000 0.041361 
0.715294 86.000000 0.045026 
0.710980 97.000000 0.050785 
0.709412 101.000000 0.052880 
0.713725 90.000000 0.047120 
0.709804 100.000000 0.052356 
0.712549 93.000000 0.048691 
0.715686 85.000000 0.044503 
0.714118 89.000000 0.046597 
0.713333 91.000000 0.047644 
0.715294 86.000000 0.045026 
0.714118 89.000000 0.046597 
0.714510 88.000000 0.046073 
0.707451 106.000000 0.055497 
0.712157 94.000000 0.049215 
0.711373 96.000000 0.050262 
0.710588 98.000000 0.051309 
0.709804 100.000000 0.052356 
0.715294 86.000000 0.045026 
0.712941 92.000000 0.048168 
0.717255 81.000000 0.042408 
0.713333 91.000000 0.047644 
0.710588 98.000000 0.051309 
0.715294 86.000000 0.045026 
0.711765 95.000000 0.049738 
0.713725 90.000000 0.047120 
0.714902 87.000000 0.045550 
0.712941 92.000000 0.048168 
0.712549 93.000000 0.048691 
0.713725 90.000000 0.047120 
0.711765 95.000000 0.049738 
0.711373 96.000000 0.050262 
0.713333 91.000000 0.047644 
0.714510 88.000000 0.046073 
0.716078 84.000000 0.043979 
0.711373 96.000000 0.050262 
0.708235 104.000000 0.054450 
0.712549 93.000000 0.048691 
0.712549 93.000000 0.048691 
0.716078 84.000000 0.043979 
0.717255 81.000000 0.042408 
0.714510 88.000000 0.046073 
0.712941 92.000000 0.048168 
0.712941 92.000000 0.048168 
0.713725 90.000000 0.047120 
0.718824 77.000000 0.040314 
0.711765 95.000000 0.049738 
0.710588 98.000000 0.051309 
0.715686 85.000000 0.044503 
0.718431 78.000000 0.040838 
0.715686 85.000000 0.044503 
0.713725 90.000000 0.047120 
0.710980 97.000000 0.050785 
0.716471 83.000000 0.043455 
0.710588 98.000000 0.051309 
0.711765 95.000000 0.049738 
0.708235 104.000000 0.054450 
0.712941 92.000000 0.048168 
0.710980 97.000000 0.050785 
0.711373 96.000000 0.050262 
0.713333 91.000000 0.047644 
0.715686 85.000000 0.044503 
0.718824 77.000000 0.040314 
0.716471 83.000000 0.043455 
0.709804 100.000000 0.052356 
0.711765 95.000000 0.049738 
0.711765 95.000000 0.049738 
0.711373 96.000000 0.050262 
0.711765 95.000000 0.049738 
0.715686 85.000000 0.044503 
0.715294 86.000000 0.045026 
0.708235 104.000000 0.054450 
0.710588 98.000000 0.051309 
0.712549 93.000000 0.048691 
0.716078 84.000000 0.043979 
0.710980 97.000000 0.050785 
0.711373 96.000000 0.050262 
0.713333 91.000000 0.047644 
0.710196 99.000000 0.051832 
0.717647 80.000000 0.041885 
0.713333 91.000000 0.047644 
0.714118 89.000000 0.046597 
0.715294 86.000000 0.045026 
0.708627 103.000000 0.053927 
0.711765 95.000000 0.049738 
0.710196 99.000000 0.051832 
0.714510 88.000000 0.046073 
0.714118 89.000000 0.046597 
0.708627 103.000000 0.053927 
0.712941 92.000000 0.048168 
0.712549 93.000000 0.048691 
0.713333 91.000000 0.047644 
0.712941 92.000000 0.048168 
0.712157 94.000000 0.049215 
0.710588 98.000000 0.051309 
0.713725 90.000000 0.047120 
0.720000 74.000000 0.038743 
0.711373 96.000000 0.050262 
0.712549 93.000000 0.048691 
0.714902 87.000000 0.045550 
0.714510 88.000000 0.046073 
0.717255 81.000000 0.042408 
0.713725 90.000000 0.047120 
0.708235 104.000000 0.054450 
0.709804 100.000000 0.052356 
0.712941 92.000000 0.048168 
0.713725 90.000000 0.047120 
0.711765 95.000000 0.049738 
0.714118 89.000000 0.046597 
0.710980 97.000000 0.050785 
0.709412 101.000000 0.052880 
0.709020 102.000000 0.053403 
0.709804 100.000000 0.052356 
0.712157 94.000000 0.049215 
0.715294 86.000000 0.045026 
0.712549 93.000000 0.048691 
0.712941 92.000000 0.048168 
0.714118 89.000000 0.046597 
0.711765 95.000000 0.049738 
0.712941 92.000000 0.048168 
0.717255 81.000000 0.042408 
0.715294 86.000000 0.045026 
0.712941 92.000000 0.048168 
0.715686 85.000000 0.044503 
0.715294 86.000000 0.045026 
0.715686 85.000000 0.044503 
0.713333 91.000000 0.047644 
0.713725 90.000000 0.047120 
0.710588 98.000000 0.051309 
0.719216 76.000000 0.039791 
0.709020 102.000000 0.053403 
0.711765 95.000000 0.049738 
0.711373 96.000000 0.050262 
0.712941 92.000000 0.048168 
0.709020 102.000000 0.053403 
0.713725 90.000000 0.047120 
0.715294 86.000000 0.045026 
0.710196 99.000000 0.051832 
0.711373 96.000000 0.050262 
0.712941 92.000000 0.048168 
0.712157 94.000000 0.049215 
0.718824 77.000000 0.040314 
0.717647 80.000000 0.041885 
0.711373 96.000000 0.050262 
0.710980 97.000000 0.050785 
0.710588 98.000000 0.051309 
0.713333 91.000000 0.047644 
0.714118 89.000000 0.046597 
0.712941 92.000000 0.048168 
0.715294 86.000000 0.045026 
0.712941 92.000000 0.048168 
0.712549 93.000000 0.048691 
0.716078 84.000000 0.043979 
0.712941 92.000000 0.048168 
0.716078 84.000000 0.043979 
0.715686 85.000000 0.044503 
0.713333 91.000000 0.047644 
0.710588 98.000000 0.051309 
0.714118 89.000000 0.046597 
0.713333 91.000000 0.047644 
0.713333 91.000000 0.047644 
0.714118 89.000000 0.046597 
0.715686 85.000000 0.044503 
0.711765 95.000000 0.049738 
0.710588 98.000000 0.051309 
0.715294 86.000000 0.045026 
0.713333 91.000000 0.047644 
0.713333 91.000000 0.047644 
0.714118 89.000000 0.046597 
0.715686 85.000000 0.044503 
0.715686 85.000000 0.044503 
0.709020 102.000000 0.053403 
0.716863 82.000000 0.042932 
0.712157 94.000000 0.049215 
0.707843 105.000000 0.054974 
0.712157 94.000000 0.049215 
0.710588 98.000000 0.051309 
0.713725 90.000000 0.047120 
0.712941 92.000000 0.048168 
0.712549 93.000000 0.048691 
0.712157 94.000000 0.049215 
0.711373 96.000000 0.050262 
0.713725 90.000000 0.047120 
0.709412 101.000000 0.052880 
0.710196 99.000000 0.051832 
0.714118 89.000000 0.046597 
0.710196 99.000000 0.051832 
0.712941 92.000000 0.048168 
0.710980 97.000000 0.050785 
0.714902 87.000000 0.045550 
0.718431 78.000000 0.040838 
0.710588 98.000000 0.051309 
0.710588 98.000000 0.051309 
0.714118 89.000000 0.046597 
0.711373 96.000000 0.050262 
0.711373 96.000000 0.050262 
0.710588 98.000000 0.051309 
0.710588 98.000000 0.051309 
0.712157 94.000000 0.049215 
0.710588 98.000000 0.051309 
0.709412 101.000000 0.052880 
0.711765 95.000000 0.049738 
0.711373 96.000000 0.050262 
0.716471 83.000000 0.043455 
0.716471 83.000000 0.043455 
0.714510 88.000000 0.046073 
0.712157 94.000000 0.049215 
0.714118 89.000000 0.046597 
0.711765 95.000000 0.049738 
0.715294 86.000000 0.045026 
0.712941 92.000000 0.048168 
0.712549 93.000000 0.048691 
0.709804 100.000000 0.052356 
0.711765 95.000000 0.049738 
0.713333 91.000000 0.047644 
0.717647 80.000000 0.041885 
0.709804 100.000000 0.052356 
0.709020 102.000000 0.053403 
0.707843 105.000000 0.054974 
0.715294 86.000000 0.045026 
0.708627 103.000000 0.053927 
0.714510 88.000000 0.046073 
0.715686 85.000000 0.044503 
0.712157 94.000000 0.049215 
0.713725 90.000000 0.047120 
0.709412 101.000000 0.052880 
0.715294 86.000000 0.045026 
0.711765 95.000000 0.049738 
0.713725 90.000000 0.047120 
0.711765 95.000000 0.049738 
0.710980 97.000000 0.050785 
0.712157 94.000000 0.049215 
0.710196 99.000000 0.051832 
0.712549 93.000000 0.048691 
0.715686 85.000000 0.044503 
0.712549 93.000000 0.048691 
0.714118 89.000000 0.046597 
0.711765 95.000000 0.049738 
0.712549 93.000000 0.048691 
0.715294 86.000000 0.045026 
0.711765 95.000000 0.049738 
0.715686 85.000000 0.044503 
0.717255 81.000000 0.042408 
0.716471 83.000000 0.043455 
0.715294 86.000000 0.045026 
0.717647 80.000000 0.041885 
0.712549 93.000000 0.048691 
0.711373 96.000000 0.050262 
0.713725 90.000000 0.047120 
0.716471 83.000000 0.043455 
0.710980 97.000000 0.050785 
0.716471 83.000000 0.043455 
0.723137 66.000000 0.034555 
0.718824 77.000000 0.040314 
0.712157 94.000000 0.049215 
0.711765 95.000000 0.049738 
0.716471 83.000000 0.043455 
0.710980 97.000000 0.050785 
0.708627 103.000000 0.053927 
0.714118 89.000000 0.046597 
0.717647 80.000000 0.041885 
0.713725 90.000000 0.047120 
0.712941 92.000000 0.048168 
0.715294 86.000000 0.045026 
0.710980 97.000000 0.050785 
0.711765 95.000000 0.049738 
0.707843 105.000000 0.054974 
0.712941 92.000000 0.048168 
0.711765 95.000000 0.049738 
0.708235 104.000000 0.054450 
0.712157 94.000000 0.049215 
0.714510 88.000000 0.046073 
0.711765 95.000000 0.049738 
0.711373 96.000000 0.050262 
0.713333 91.000000 0.047644 
0.715686 85.000000 0.044503 
0.714118 89.000000 0.046597 
0.714510 88.000000 0.046073 
0.716078 84.000000 0.043979 
0.713333 91.000000 0.047644 
0.713725 90.000000 0.047120 
0.711765 95.000000 0.049738 
0.714118 89.000000 0.046597 
0.710196 99.000000 0.051832 
0.710588 98.000000 0.051309 
0.715686 85.000000 0.044503 
0.713725 90.000000 0.047120 
0.713333 91.000000 0.047644 
0.712157 94.000000 0.049215 
0.716863 82.000000 0.042932 
0.710196 99.000000 0.051832 
0.710196 99.000000 0.051832 
0.707843 105.000000 0.054974 
0.712549 93.000000 0.048691 
0.710588 98.000000 0.051309 
0.710980 97.000000 0.050785 
0.713333 91.000000 0.047644 
0.712549 93.000000 0.048691 
0.716078 84.000000 0.043979 
0.710196 99.000000 0.051832 
0.711373 96.000000 0.050262 
0.714118 89.000000 0.046597 
0.716471 83.000000 0.043455 
0.713725 90.000000 0.047120 
0.712157 94.000000 0.049215 
0.714510 88.000000 0.046073 
0.716863 82.000000 0.042932 
0.715686 85.000000 0.044503 
0.717255 81.000000 0.042408 
0.719608 75.000000 0.039267 
0.709804 100.000000 0.052356 
0.712157 94.000000 0.049215 
0.709412 101.000000 0.052880 
0.715686 85.000000 0.044503 
0.714902 87.000000 0.045550 
0.714902 87.000000 0.045550 
0.710980 97.000000 0.050785 
0.708235 104.000000 0.054450 
0.712549 93.000000 0.048691 
0.714118 89.000000 0.046597 
0.712941 92.000000 0.048168 
0.713333 91.000000 0.047644 
0.713725 90.000000 0.047120 
0.710196 99.000000 0.051832 
0.717255 81.000000 0.042408 
0.710196 99.000000 0.051832 
0.715294 86.000000 0.045026 
0.708235 104.000000 0.054450 
0.709412 101.000000 0.052880 
0.712157 94.000000 0.049215 
0.709804 100.000000 0.052356 
0.715686 85.000000 0.044503 
0.714118 89.000000 0.046597 
0.710588 98.000000 0.051309 
0.712941 92.000000 0.048168 
0.714510 88.000000 0.046073 
0.712941 92.000000 0.048168 
0.710588 98.000000 0.051309 
0.711373 96.000000 0.050262 
0.712157 94.000000 0.049215 
0.712941 92.000000 0.048168 
0.710588 98.000000 0.051309 
0.712157 94.000000 0.049215 
0.713333 91.000000 0.047644 
0.712549 93.000000 0.048691 
0.714510 88.000000 0.046073 
0.713725 90.000000 0.047120 
0.716471 83.000000 0.043455 
0.716078 84.000000 0.043979 
0.716471 83.000000 0.043455 
0.714902 87.000000 0.045550 
0.713333 91.000000 0.047644 
0.711373 96.000000 0.050262 
0.713333 91.000000 0.047644 
0.717255 81.000000 0.042408 
0.713333 91.000000 0.047644 
0.714510 88.000000 0.046073 
0.718431 78.000000 0.040838 
0.714902 87.000000 0.045550 
0.715686 85.000000 0.044503 
0.710196 99.000000 0.051832 
0.714118 89.000000 0.046597 
0.711765 95.000000 0.049738 
0.712157 94.000000 0.049215 
0.711765 95.000000 0.049738 
0.710588 98.000000 0.051309 
0.710588 98.000000 0.051309 
0.710980 97.000000 0.050785 
0.714510 88.000000 0.046073 
0.710588 98.000000 0.051309 
0.718039 79.000000 0.041361 
0.719608 75.000000 0.039267 
0.710980 97.000000 0.050785 
0.712549 93.000000 0.048691 
0.712941 92.000000 0.048168 
0.717255 81.000000 0.042408 
0.713725 90.000000 0.047120 
0.707843 105.000000 0.054974 
0.712157 94.000000 0.049215 
0.713725 90.000000 0.047120 
0.716078 84.000000 0.043979 
0.712549 93.000000 0.048691 
0.716471 83.000000 0.043455 
0.713333 91.000000 0.047644 
0.713333 91.000000 0.047644 
0.715686 85.000000 0.044503 
0.718431 78.000000 0.040838 
0.711765 95.000000 0.049738 
0.717255 81.000000 0.042408 
0.709020 102.000000 0.053403 
0.714118 89.000000 0.046597 
0.710196 99.000000 0.051832 
0.712157 94.000000 0.049215 
0.712549 93.000000 0.048691 
0.712549 93.000000 0.048691 
0.716078 84.000000 0.043979 
0.714510 88.000000 0.046073 
0.713333 91.000000 0.047644 
0.715686 85.000000 0.044503 
0.716863 82.000000 0.042932 
0.711765 95.000000 0.049738 
0.711765 95.000000 0.049738 
0.716078 84.000000 0.043979 
0.715294 86.000000 0.045026 
0.712549 93.000000 0.048691 
0.714118 89.000000 0.046597 
0.716078 84.000000 0.043979 
0.711765 95.000000 0.049738 
0.714118 89.000000 0.046597 
0.716078 84.000000 0.043979 
0.715686 85.000000 0.044503 
0.710588 98.000000 0.051309 
0.715294 86.000000 0.045026 
0.710588 98.000000 0.051309 
0.712157 94.000000 0.049215 
0.715294 86.000000 0.045026 
0.720392 73.000000 0.038220 
0.715294 86.000000 0.045026 
0.715294 86.000000 0.045026 
0.715686 85.000000 0.044503 
0.715686 85.000000 0.044503 
0.716078 84.000000 0.043979 
0.711765 95.000000 0.049738 
0.716078 84.000000 0.043979 
0.715294 86.000000 0.045026 
0.715686 85.000000 0.044503 
0.712157 94.000000 0.049215 
0.712157 94.000000 0.049215 
0.714118 89.000000 0.046597 
0.719608 75.000000 0.039267 
0.709804 100.000000 0.052356 
0.711373 96.000000 0.050262 
0.712157 94.000000 0.049215 
0.714510 88.000000 0.046073 
0.710980 97.000000 0.050785 
0.713333 91.000000 0.047644 
0.713725 90.000000 0.047120 
0.711373 96.000000 0.050262 
0.711765 95.000000 0.049738 
0.713333 91.000000 0.047644 
0.712157 94.000000 0.049215 
0.711765 95.000000 0.049738 
0.713725 90.000000 0.047120 
0.712549 93.000000 0.048691 
0.718039 79.000000 0.041361 
0.714902 87.000000 0.045550 
0.716863 82.000000 0.042932 
0.713725 90.000000 0.047120 
0.716078 84.000000 0.043979 
0.717647 80.000000 0.041885 
0.714902 87.000000 0.045550 
0.717255 81.000000 0.042408 
0.716078 84.000000 0.043979 
0.715686 85.000000 0.044503 
0.715686 85.000000 0.044503 
0.715686 85.000000 0.044503 
0.719216 76.000000 0.039791 
0.710588 98.000000 0.051309 
0.715294 86.000000 0.045026 
0.711373 96.000000 0.050262 
0.718431 78.000000 0.040838 
0.713333 91.000000 0.047644 
0.710588 98.000000 0.051309 
0.713725 90.000000 0.047120 
0.714118 89.000000 0.046597 
0.712549 93.000000 0.048691 
0.710588 98.000000 0.051309 
0.710588 98.000000 0.051309 
0.716078 84.000000 0.043979 
0.708235 104.000000 0.054450 
0.710980 97.000000 0.050785 
0.713725 90.000000 0.047120 
0.716078 84.000000 0.043979 
0.715686 85.000000 0.044503 
0.709412 101.000000 0.052880 
0.713725 90.000000 0.047120 
0.714118 89.000000 0.046597 
0.712157 94.000000 0.049215 
0.709412 101.000000 0.052880 
0.708627 103.000000 0.053927 
0.712549 93.000000 0.048691 
0.713333 91.000000 0.047644 
0.712549 93.000000 0.048691 
0.713725 90.000000 0.047120 
0.713333 91.000000 0.047644 
0.709804 100.000000 0.052356 
0.713333 91.000000 0.047644 
0.716078 84.000000 0.043979 
0.712941 92.000000 0.048168 
0.710588 98.000000 0.051309 
0.713333 91.000000 0.047644 
0.712157 94.000000 0.049215 
0.712941 92.000000 0.048168 
0.709020 102.000000 0.053403 
0.714118 89.000000 0.046597 
0.710196 99.000000 0.051832 
0.711373 96.000000 0.050262 
0.713333 91.000000 0.047644 
0.713333 91.000000 0.047644 
0.715294 86.000000 0.045026 
0.712941 92.000000 0.048168 
0.706667 108.000000 0.056545 
0.718824 77.000000 0.040314 
0.715294 86.000000 0.045026 
0.715686 85.000000 0.044503 
0.719216 76.000000 0.039791 
0.709804 100.000000 0.052356 
0.717647 80.000000 0.041885 
0.707843 105.000000 0.054974 
0.706667 108.000000 0.056545 
0.711765 95.000000 0.049738 
0.708627 103.000000 0.053927 
0.713333 91.000000 0.047644 
0.714902 87.000000 0.045550 
0.713333 91.000000 0.047644 
0.713725 90.000000 0.047120 
0.715686 85.000000 0.044503 
0.705882 110.000000 0.057592 
0.710588 98.000000 0.051309 
0.715686 85.000000 0.044503 
0.712549 93.000000 0.048691 
0.714510 88.000000 0.046073 
0.710588 98.000000 0.051309 
0.716863 82.000000 0.042932 
0.713725 90.000000 0.047120 
0.716863 82.000000 0.042932 
0.718039 79.000000 0.041361 
0.714902 87.000000 0.045550 
0.720000 74.000000 0.038743 
0.719216 76.000000 0.039791 
0.717255 81.000000 0.042408 
0.716863 82.000000 0.042932 
0.715294 86.000000 0.045026 
0.710196 99.000000 0.051832 
0.713725 90.000000 0.047120 
0.710980 97.000000 0.050785 
0.716078 84.000000 0.043979 
0.712941 92.000000 0.048168 
0.712157 94.000000 0.049215 
0.713333 91.000000 0.047644 
0.712941 92.000000 0.048168 
0.716471 83.000000 0.043455 
0.715686 85.000000 0.044503 
0.710588 98.000000 0.051309 
0.713333 91.000000 0.047644 
0.717647 80.000000 0.041885 
0.714118 89.000000 0.046597 
0.709020 102.000000 0.053403 
0.709804 100.000000 0.052356 
0.712549 93.000000 0.048691 
0.713333 91.000000 0.047644 
0.711373 96.000000 0.050262 
0.711765 95.000000 0.049738 
0.712157 94.000000 0.049215 
0.712549 93.000000 0.048691 
0.716078 84.000000 0.043979 
0.714510 88.000000 0.046073 
0.710196 99.000000 0.051832 
0.714902 87.000000 0.045550 
0.711373 96.000000 0.050262 
0.712549 93.000000 0.048691 
0.710196 99.000000 0.051832 
0.715294 86.000000 0.045026 
0.711373 96.000000 0.050262 
0.712157 94.000000 0.049215 
0.716078 84.000000 0.043979 
0.714118 89.000000 0.046597 
0.712157 94.000000 0.049215 
0.716863 82.000000 0.042932 
0.713333 91.000000 0.047644 
0.713725 90.000000 0.047120 
0.714118 89.000000 0.046597 
0.709020 102.000000 0.053403 
0.711373 96.000000 0.050262 
0.712941 92.000000 0.048168 
0.714118 89.000000 0.046597 
0.712157 94.000000 0.049215 
0.710980 97.000000 0.050785 
0.712549 93.000000 0.048691 
0.714118 89.000000 0.046597 
0.712941 92.000000 0.048168 
0.709804 100.000000 0.052356 
0.714902 87.000000 0.045550 
0.713725 90.000000 0.047120 
0.715294 86.000000 0.045026 
0.709020 102.000000 0.053403 
0.717255 81.000000 0.042408 
0.712941 92.000000 0.048168 
0.712941 92.000000 0.048168 
0.716078 84.000000 0.043979 
0.713333 91.000000 0.047644 
0.716863 82.000000 0.042932 
0.712157 94.000000 0.049215 
0.712549 93.000000 0.048691 
0.716863 82.000000 0.042932 
0.712157 94.000000 0.049215 
0.716863 82.000000 0.042932 
0.717255 81.000000 0.042408 
0.710196 99.000000 0.051832 
0.711373 96.000000 0.050262 
0.715294 86.000000 0.045026 
0.710588 98.000000 0.051309 
0.712157 94.000000 0.049215 
0.711765 95.000000 0.049738 
0.710196 99.000000 0.051832 
0.712941 92.000000 0.048168 
0.708627 103.000000 0.053927 
0.714902 87.000000 0.045550 
0.715686 85.000000 0.044503 
0.713333 91.000000 0.047644 
0.716078 84.000000 0.043979 
0.720392 73.000000 0.038220 
0.714510 88.000000 0.046073 
0.714902 87.000000 0.045550 
0.712549 93.000000 0.048691 
0.714118 89.000000 0.046597 
0.712941 92.000000 0.048168 
0.709412 101.000000 0.052880 
0.711373 96.000000 0.050262 
0.713333 91.000000 0.047644 
0.711373 96.000000 0.050262 
0.713333 91.000000 0.047644 
0.713725 90.000000 0.047120 
0.714118 89.000000 0.046597 
0.715686 85.000000 0.044503 
0.711373 96.000000 0.050262 
0.714118 89.000000 0.046597 
0.714118 89.000000 0.046597 
0.716471 83.000000 0.043455 
0.712941 92.000000 0.048168 
0.709804 100.000000 0.052356 
0.716471 83.000000 0.043455 
0.713333 91.000000 0.047644 
0.712157 94.000000 0.049215 
0.714902 87.000000 0.045550 
0.714118 89.000000 0.046597 
0.713725 90.000000 0.047120 
0.711373 96.000000 0.050262 
0.714118 89.000000 0.046597 
0.716471 83.000000 0.043455 
0.716078 84.000000 0.043979 
0.710588 98.000000 0.051309 
0.710196 99.000000 0.051832 
0.711765 95.000000 0.049738 
0.713333 91.000000 0.047644 
0.712157 94.000000 0.049215 
0.710980 97.000000 0.050785 
0.714902 87.000000 0.045550 
0.716078 84.000000 0.043979 
0.708627 103.000000 0.053927 
0.712941 92.000000 0.048168 
0.714118 89.000000 0.046597 
0.712157 94.000000 0.049215 
0.714118 89.000000 0.046597 
0.713725 90.000000 0.047120 
0.711765 95.000000 0.049738 
0.709804 100.000000 0.052356 
0.710980 97.000000 0.050785 
0.711765 95.000000 0.049738 
0.714902 87.000000 0.045550 
0.715294 86.000000 0.045026 
0.709412 101.000000 0.052880 
0.714118 89.000000 0.046597 
0.714510 88.000000 0.046073 
0.706275 109.000000 0.057068 
0.712157 94.000000 0.049215 
0.714118 89.000000 0.046597 
0.711373 96.000000 0.050262 
0.715686 85.000000 0.044503 
0.714902 87.000000 0.045550 
0.711373 96.000000 0.050262 
0.718431 78.000000 0.040838 
0.711765 95.000000 0.049738 
0.709804 100.000000 0.052356 
0.720392 73.000000 0.038220 
0.709804 100.000000 0.052356 
0.711765 95.000000 0.049738 
0.715686 85.000000 0.044503 
0.712549 93.000000 0.048691 
0.715686 85.000000 0.044503 
0.714510 88.000000 0.046073 
0.711373 96.000000 0.050262 
0.714510 88.000000 0.046073 
0.712549 93.000000 0.048691 
0.712941 92.000000 0.048168 
0.713725 90.000000 0.047120 
0.712157 94.000000 0.049215 
0.710196 99.000000 0.051832 
0.713333 91.000000 0.047644 
0.715686 85.000000 0.044503 
0.716863 82.000000 0.042932 
0.714902 87.000000 0.045550 
0.715294 86.000000 0.045026 
0.709804 100.000000 0.052356 
0.711765 95.000000 0.049738 
0.713333 91.000000 0.047644 
0.712549 93.000000 0.048691 
0.712549 93.000000 0.048691 
0.712549 93.000000 0.048691 
0.714118 89.000000 0.046597 
0.715294 86.000000 0.045026 
0.709020 102.000000 0.053403 
0.718824 77.000000 0.040314 
0.714118 89.000000 0.046597 
0.717647 80.000000 0.041885 
0.710980 97.000000 0.050785 
0.708235 104.000000 0.054450 
0.719216 76.000000 0.039791 
0.712941 92.000000 0.048168 
0.712157 94.000000 0.049215 
0.713725 90.000000 0.047120 
0.708235 104.000000 0.054450 
0.713333 91.000000 0.047644 
0.712941 92.000000 0.048168 
0.712549 93.000000 0.048691 
0.711373 96.000000 0.050262 
0.710588 98.000000 0.051309 
0.715686 85.000000 0.044503 
0.712157 94.000000 0.049215 
0.712157 94.000000 0.049215 
0.709412 101.000000 0.052880 
