0.581961 426.000000 0.223037 
0.578431 435.000000 0.227749 
0.581961 426.000000 0.223037 
0.581176 428.000000 0.224084 
0.578039 436.000000 0.228272 
0.580000 431.000000 0.225654 
0.579216 433.000000 0.226702 
0.586667 414.000000 0.216754 
0.577255 438.000000 0.229319 
0.574902 444.000000 0.232461 
0.579216 433.000000 0.226702 
0.583529 422.000000 0.220942 
0.581569 427.000000 0.223560 
0.578431 435.000000 0.227749 
0.573333 448.000000 0.234555 
0.577255 438.000000 0.229319 
0.582745 424.000000 0.221990 
0.577647 437.000000 0.228796 
0.574902 444.000000 0.232461 
0.583137 423.000000 0.221466 
0.581176 428.000000 0.224084 
0.588235 410.000000 0.214660 
0.583922 421.000000 0.220419 
0.578824 434.000000 0.227225 
0.583922 421.000000 0.220419 
0.578039 436.000000 0.228272 
0.583922 421.000000 0.220419 
0.582745 424.000000 0.221990 
0.576078 441.000000 0.230890 
0.581961 426.000000 0.223037 
0.579216 433.000000 0.226702 
0.579216 433.000000 0.226702 
0.573333 448.000000 0.234555 
0.583529 422.000000 0.220942 
0.587843 411.000000 0.215183 
0.585098 418.000000 0.218848 
0.579216 433.000000 0.226702 
0.575294 443.000000 0.231937 
0.584314 420.000000 0.219895 
0.575294 443.000000 0.231937 
0.581176 428.000000 0.224084 
0.583137 423.000000 0.221466 
0.585882 416.000000 0.217801 
0.582745 424.000000 0.221990 
0.585490 417.000000 0.218325 
0.583137 423.000000 0.221466 
0.583137 423.000000 0.221466 
0.578431 435.000000 0.227749 
0.580784 429.000000 0.224607 
0.578039 436.000000 0.228272 
0.580784 429.000000 0.224607 
0.578431 435.000000 0.227749 
0.585490 417.000000 0.218325 
0.576078 441.000000 0.230890 
0.576078 441.000000 0.230890 
0.582353 425.000000 0.222513 
0.580392 430.000000 0.225131 
0.588235 410.000000 0.214660 
0.588235 410.000000 0.214660 
0.583137 423.000000 0.221466 
0.581961 426.000000 0.223037 
0.583137 423.000000 0.221466 
0.582745 424.000000 0.221990 
0.587059 413.000000 0.216230 
0.578039 436.000000 0.228272 
0.578824 434.000000 0.227225 
0.577255 438.000000 0.229319 
0.576471 440.000000 0.230366 
0.578431 435.000000 0.227749 
0.576863 439.000000 0.229843 
0.575294 443.000000 0.231937 
0.582353 425.000000 0.222513 
0.577647 437.000000 0.228796 
0.578039 436.000000 0.228272 
0.579608 432.000000 0.226178 
0.585490 417.000000 0.218325 
0.579608 432.000000 0.226178 
0.578824 434.000000 0.227225 
0.581961 426.000000 0.223037 
0.582353 425.000000 0.222513 
0.584706 419.000000 0.219372 
0.576863 439.000000 0.229843 
0.578431 435.000000 0.227749 
0.585098 418.000000 0.218848 
0.575686 442.000000 0.231414 
0.583922 421.000000 0.220419 
0.580784 429.000000 0.224607 
0.589412 407.000000 0.213089 
0.582353 425.000000 0.222513 
0.576471 440.000000 0.230366 
0.583922 421.000000 0.220419 
0.575686 442.000000 0.231414 
0.578824 434.000000 0.227225 
0.576078 441.000000 0.230890 
0.582745 424.000000 0.221990 
0.581961 426.000000 0.223037 
0.578431 435.000000 0.227749 
0.588627 409.000000 0.214136 
0.582745 424.000000 0.221990 
0.579216 433.000000 0.226702 
0.584314 420.000000 0.219895 
0.587059 413.000000 0.216230 
0.577647 437.000000 0.228796 
0.581961 426.000000 0.223037 
0.583922 421.000000 0.220419 
0.580392 430.000000 0.225131 
0.584706 419.000000 0.219372 
0.581176 428.000000 0.224084 
0.586667 414.000000 0.216754 
0.584314 420.000000 0.219895 
0.581569 427.000000 0.223560 
0.581569 427.000000 0.223560 
0.587843 411.000000 0.215183 
0.578824 434.000000 0.227225 
0.585098 418.000000 0.218848 
0.580000 431.000000 0.225654 
0.587451 412.000000 0.215707 
0.577255 438.000000 0.229319 
0.580784 429.000000 0.224607 
0.586275 415.000000 0.217277 
0.577255 438.000000 0.229319 
0.584314 420.000000 0.219895 
0.579608 432.000000 0.226178 
0.573725 447.000000 0.234031 
0.588235 410.000000 0.214660 
0.583529 422.000000 0.220942 
0.582745 424.000000 0.221990 
0.579216 433.000000 0.226702 
0.578431 435.000000 0.227749 
0.576471 440.000000 0.230366 
0.578431 435.000000 0.227749 
0.583922 421.000000 0.220419 
0.574510 445.000000 0.232984 
0.575686 442.000000 0.231414 
0.577255 438.000000 0.229319 
0.580784 429.000000 0.224607 
0.577647 437.000000 0.228796 
0.580392 430.000000 0.225131 
0.575686 442.000000 0.231414 
0.579216 433.000000 0.226702 
0.576471 440.000000 0.230366 
0.577255 438.000000 0.229319 
0.576471 440.000000 0.230366 
0.585098 418.000000 0.218848 
0.580784 429.000000 0.224607 
0.581961 426.000000 0.223037 
0.581176 428.000000 0.224084 
0.587059 413.000000 0.216230 
0.579608 432.000000 0.226178 
0.582745 424.000000 0.221990 
0.576471 440.000000 0.230366 
0.583137 423.000000 0.221466 
0.582745 424.000000 0.221990 
0.581961 426.000000 0.223037 
0.588235 410.000000 0.214660 
0.571765 452.000000 0.236649 
0.577255 438.000000 0.229319 
0.576078 441.000000 0.230890 
0.584314 420.000000 0.219895 
0.576471 440.000000 0.230366 
0.579608 432.000000 0.226178 
0.583922 421.000000 0.220419 
0.583922 421.000000 0.220419 
0.581569 427.000000 0.223560 
0.581569 427.000000 0.223560 
0.584314 420.000000 0.219895 
0.583137 423.000000 0.221466 
0.579608 432.000000 0.226178 
0.579216 433.000000 0.226702 
0.580000 431.000000 0.225654 
0.582745 424.000000 0.221990 
0.576078 441.000000 0.230890 
0.574510 445.000000 0.232984 
0.578039 436.000000 0.228272 
0.582745 424.000000 0.221990 
0.577255 438.000000 0.229319 
0.586667 414.000000 0.216754 
0.577647 437.000000 0.228796 
0.578431 435.000000 0.227749 
0.582353 425.000000 0.222513 
0.584314 420.000000 0.219895 
0.578824 434.000000 0.227225 
0.572157 451.000000 0.236126 
0.581176 428.000000 0.224084 
0.578824 434.000000 0.227225 
0.579216 433.000000 0.226702 
0.580392 430.000000 0.225131 
0.574510 445.000000 0.232984 
0.582745 424.000000 0.221990 
0.580000 431.000000 0.225654 
0.584706 419.000000 0.219372 
0.576471 440.000000 0.230366 
0.580784 429.000000 0.224607 
0.576078 441.000000 0.230890 
0.584706 419.000000 0.219372 
0.575294 443.000000 0.231937 
0.577647 437.000000 0.228796 
0.581176 428.000000 0.224084 
0.579608 432.000000 0.226178 
0.585098 418.000000 0.218848 
0.583529 422.000000 0.220942 
0.587843 411.000000 0.215183 
0.581569 427.000000 0.223560 
0.580000 431.000000 0.225654 
0.583922 421.000000 0.220419 
0.581569 427.000000 0.223560 
0.580784 429.000000 0.224607 
0.583529 422.000000 0.220942 
0.578039 436.000000 0.228272 
0.577647 437.000000 0.228796 
0.589804 406.000000 0.212565 
0.583529 422.000000 0.220942 
0.575686 442.000000 0.231414 
0.576863 439.000000 0.229843 
0.578039 436.000000 0.228272 
0.579216 433.000000 0.226702 
0.584314 420.000000 0.219895 
0.584706 419.000000 0.219372 
0.580392 430.000000 0.225131 
0.581569 427.000000 0.223560 
0.577255 438.000000 0.229319 
0.574510 445.000000 0.232984 
0.583529 422.000000 0.220942 
0.581569 427.000000 0.223560 
0.576863 439.000000 0.229843 
0.582353 425.000000 0.222513 
0.585490 417.000000 0.218325 
0.572549 450.000000 0.235602 
0.580392 430.000000 0.225131 
0.574118 446.000000 0.233508 
0.575686 442.000000 0.231414 
0.578431 435.000000 0.227749 
0.583137 423.000000 0.221466 
0.577255 438.000000 0.229319 
0.576471 440.000000 0.230366 
0.579608 432.000000 0.226178 
0.582745 424.000000 0.221990 
0.574902 444.000000 0.232461 
0.580784 429.000000 0.224607 
0.579608 432.000000 0.226178 
0.578431 435.000000 0.227749 
0.579216 433.000000 0.226702 
0.577647 437.000000 0.228796 
0.584706 419.000000 0.219372 
0.583137 423.000000 0.221466 
0.583922 421.000000 0.220419 
0.585882 416.000000 0.217801 
0.581569 427.000000 0.223560 
0.583529 422.000000 0.220942 
0.581176 428.000000 0.224084 
0.581176 428.000000 0.224084 
0.578431 435.000000 0.227749 
0.584706 419.000000 0.219372 
0.576471 440.000000 0.230366 
0.582745 424.000000 0.221990 
0.582745 424.000000 0.221990 
0.575686 442.000000 0.231414 
0.578824 434.000000 0.227225 
0.579216 433.000000 0.226702 
0.579608 432.000000 0.226178 
0.580392 430.000000 0.225131 
0.591765 401.000000 0.209948 
0.580000 431.000000 0.225654 
0.580784 429.000000 0.224607 
0.576863 439.000000 0.229843 
0.586275 415.000000 0.217277 
0.579608 432.000000 0.226178 
0.580000 431.000000 0.225654 
0.585882 416.000000 0.217801 
0.579608 432.000000 0.226178 
0.574902 444.000000 0.232461 
0.578824 434.000000 0.227225 
0.578039 436.000000 0.228272 
0.576078 441.000000 0.230890 
0.586275 415.000000 0.217277 
0.580000 431.000000 0.225654 
0.586275 415.000000 0.217277 
0.578431 435.000000 0.227749 
0.578039 436.000000 0.228272 
0.576863 439.000000 0.229843 
0.579216 433.000000 0.226702 
0.580784 429.000000 0.224607 
0.589020 408.000000 0.213613 
0.576863 439.000000 0.229843 
0.587451 412.000000 0.215707 
0.582353 425.000000 0.222513 
0.582745 424.000000 0.221990 
0.585882 416.000000 0.217801 
0.586275 415.000000 0.217277 
0.582353 425.000000 0.222513 
0.579608 432.000000 0.226178 
0.580000 431.000000 0.225654 
0.585098 418.000000 0.218848 
0.580000 431.000000 0.225654 
0.580784 429.000000 0.224607 
0.576863 439.000000 0.229843 
0.582745 424.000000 0.221990 
0.580000 431.000000 0.225654 
0.575294 443.000000 0.231937 
0.580784 429.000000 0.224607 
0.577647 437.000000 0.228796 
0.581961 426.000000 0.223037 
0.580784 429.000000 0.224607 
0.582353 425.000000 0.222513 
0.583529 422.000000 0.220942 
0.580784 429.000000 0.224607 
0.574902 444.000000 0.232461 
0.584706 419.000000 0.219372 
0.577647 437.000000 0.228796 
0.581176 428.000000 0.224084 
0.587451 412.000000 0.215707 
0.588235 410.000000 0.214660 
0.580392 430.000000 0.225131 
0.582353 425.000000 0.222513 
0.576863 439.000000 0.229843 
0.579608 432.000000 0.226178 
0.576863 439.000000 0.229843 
0.574118 446.000000 0.233508 
0.575686 442.000000 0.231414 
0.577255 438.000000 0.229319 
0.582353 425.000000 0.222513 
0.583137 423.000000 0.221466 
0.576471 440.000000 0.230366 
0.587451 412.000000 0.215707 
0.575294 443.000000 0.231937 
0.577255 438.000000 0.229319 
0.583137 423.000000 0.221466 
0.582745 424.000000 0.221990 
0.578431 435.000000 0.227749 
0.582353 425.000000 0.222513 
0.578431 435.000000 0.227749 
0.576863 439.000000 0.229843 
0.580784 429.000000 0.224607 
0.577255 438.000000 0.229319 
0.579608 432.000000 0.226178 
0.574510 445.000000 0.232984 
0.584314 420.000000 0.219895 
0.582353 425.000000 0.222513 
0.584314 420.000000 0.219895 
0.581961 426.000000 0.223037 
0.582745 424.000000 0.221990 
0.578039 436.000000 0.228272 
0.576471 440.000000 0.230366 
0.579216 433.000000 0.226702 
0.577255 438.000000 0.229319 
0.587059 413.000000 0.216230 
0.577647 437.000000 0.228796 
0.583529 422.000000 0.220942 
0.574902 444.000000 0.232461 
0.587059 413.000000 0.216230 
0.587059 413.000000 0.216230 
0.586275 415.000000 0.217277 
0.582353 425.000000 0.222513 
0.580784 429.000000 0.224607 
0.589412 407.000000 0.213089 
0.577255 438.000000 0.229319 
0.586667 414.000000 0.216754 
0.586275 415.000000 0.217277 
0.578824 434.000000 0.227225 
0.581961 426.000000 0.223037 
0.578039 436.000000 0.228272 
0.579216 433.000000 0.226702 
0.580000 431.000000 0.225654 
0.575294 443.000000 0.231937 
0.580784 429.000000 0.224607 
0.583922 421.000000 0.220419 
0.581961 426.000000 0.223037 
0.581569 427.000000 0.223560 
0.578824 434.000000 0.227225 
0.582745 424.000000 0.221990 
0.577255 438.000000 0.229319 
0.583529 422.000000 0.220942 
0.576471 440.000000 0.230366 
0.585098 418.000000 0.218848 
0.581569 427.000000 0.223560 
0.579608 432.000000 0.226178 
0.580392 430.000000 0.225131 
0.575294 443.000000 0.231937 
0.585490 417.000000 0.218325 
0.579608 432.000000 0.226178 
0.578431 435.000000 0.227749 
0.580000 431.000000 0.225654 
0.579216 433.000000 0.226702 
0.576863 439.000000 0.229843 
0.587451 412.000000 0.215707 
0.581176 428.000000 0.224084 
0.582353 425.000000 0.222513 
0.581569 427.000000 0.223560 
0.574510 445.000000 0.232984 
0.582745 424.000000 0.221990 
0.578824 434.000000 0.227225 
0.577647 437.000000 0.228796 
0.581569 427.000000 0.223560 
0.580392 430.000000 0.225131 
0.583922 421.000000 0.220419 
0.577255 438.000000 0.229319 
0.578824 434.000000 0.227225 
0.580784 429.000000 0.224607 
0.580784 429.000000 0.224607 
0.582353 425.000000 0.222513 
0.578824 434.000000 0.227225 
0.580784 429.000000 0.224607 
0.585882 416.000000 0.217801 
0.584314 420.000000 0.219895 
0.579608 432.000000 0.226178 
0.576078 441.000000 0.230890 
0.583137 423.000000 0.221466 
0.581176 428.000000 0.224084 
0.580392 430.000000 0.225131 
0.583529 422.000000 0.220942 
0.581176 428.000000 0.224084 
0.582745 424.000000 0.221990 
0.580000 431.000000 0.225654 
0.576078 441.000000 0.230890 
0.576863 439.000000 0.229843 
0.584706 419.000000 0.219372 
0.581176 428.000000 0.224084 
0.577647 437.000000 0.228796 
0.581961 426.000000 0.223037 
0.578431 435.000000 0.227749 
0.581176 428.000000 0.224084 
0.581961 426.000000 0.223037 
0.574902 444.000000 0.232461 
0.587059 413.000000 0.216230 
0.583922 421.000000 0.220419 
0.583922 421.000000 0.220419 
0.584314 420.000000 0.219895 
0.581176 428.000000 0.224084 
0.582353 425.000000 0.222513 
0.581176 428.000000 0.224084 
0.581961 426.000000 0.223037 
0.582745 424.000000 0.221990 
0.581961 426.000000 0.223037 
0.580784 429.000000 0.224607 
0.581961 426.000000 0.223037 
0.574902 444.000000 0.232461 
0.581569 427.000000 0.223560 
0.574118 446.000000 0.233508 
0.577255 438.000000 0.229319 
0.577255 438.000000 0.229319 
0.574902 444.000000 0.232461 
0.581176 428.000000 0.224084 
0.583529 422.000000 0.220942 
0.580784 429.000000 0.224607 
0.574902 444.000000 0.232461 
0.582745 424.000000 0.221990 
0.584314 420.000000 0.219895 
0.573725 447.000000 0.234031 
0.575686 442.000000 0.231414 
0.578824 434.000000 0.227225 
0.581961 426.000000 0.223037 
0.583529 422.000000 0.220942 
0.577255 438.000000 0.229319 
0.572941 449.000000 0.235079 
0.578824 434.000000 0.227225 
0.580392 430.000000 0.225131 
0.583922 421.000000 0.220419 
0.577255 438.000000 0.229319 
0.574118 446.000000 0.233508 
0.581569 427.000000 0.223560 
0.579216 433.000000 0.226702 
0.582745 424.000000 0.221990 
0.581176 428.000000 0.224084 
0.586275 415.000000 0.217277 
0.580000 431.000000 0.225654 
0.582745 424.000000 0.221990 
0.582745 424.000000 0.221990 
0.581176 428.000000 0.224084 
0.577255 438.000000 0.229319 
0.576078 441.000000 0.230890 
0.581961 426.000000 0.223037 
0.583529 422.000000 0.220942 
0.581569 427.000000 0.223560 
0.587451 412.000000 0.215707 
0.583137 423.000000 0.221466 
0.575686 442.000000 0.231414 
0.580784 429.000000 0.224607 
0.577255 438.000000 0.229319 
0.587451 412.000000 0.215707 
0.579608 432.000000 0.226178 
0.582745 424.000000 0.221990 
0.585882 416.000000 0.217801 
0.576471 440.000000 0.230366 
0.581569 427.000000 0.223560 
0.575686 442.000000 0.231414 
0.578431 435.000000 0.227749 
0.585882 416.000000 0.217801 
0.581961 426.000000 0.223037 
0.580784 429.000000 0.224607 
0.581569 427.000000 0.223560 
0.576471 440.000000 0.230366 
0.581569 427.000000 0.223560 
0.574118 446.000000 0.233508 
0.581961 426.000000 0.223037 
0.578039 436.000000 0.228272 
0.578824 434.000000 0.227225 
0.579608 432.000000 0.226178 
0.587843 411.000000 0.215183 
0.579608 432.000000 0.226178 
0.580784 429.000000 0.224607 
0.580784 429.000000 0.224607 
0.578824 434.000000 0.227225 
0.579216 433.000000 0.226702 
0.582745 424.000000 0.221990 
0.576078 441.000000 0.230890 
0.589020 408.000000 0.213613 
0.576078 441.000000 0.230890 
0.582745 424.000000 0.221990 
0.581569 427.000000 0.223560 
0.587059 413.000000 0.216230 
0.579216 433.000000 0.226702 
0.582745 424.000000 0.221990 
0.583529 422.000000 0.220942 
0.582745 424.000000 0.221990 
0.585098 418.000000 0.218848 
0.579216 433.000000 0.226702 
0.586275 415.000000 0.217277 
0.580392 430.000000 0.225131 
0.577647 437.000000 0.228796 
0.581176 428.000000 0.224084 
0.585490 417.000000 0.218325 
0.574118 446.000000 0.233508 
0.584706 419.000000 0.219372 
0.582745 424.000000 0.221990 
0.582353 425.000000 0.222513 
0.576471 440.000000 0.230366 
0.584314 420.000000 0.219895 
0.585098 418.000000 0.218848 
0.575686 442.000000 0.231414 
0.574118 446.000000 0.233508 
0.580000 431.000000 0.225654 
0.585490 417.000000 0.218325 
0.576078 441.000000 0.230890 
0.578824 434.000000 0.227225 
0.578039 436.000000 0.228272 
0.583922 421.000000 0.220419 
0.575294 443.000000 0.231937 
0.576078 441.000000 0.230890 
0.583922 421.000000 0.220419 
0.577647 437.000000 0.228796 
0.579608 432.000000 0.226178 
0.579608 432.000000 0.226178 
0.583922 421.000000 0.220419 
0.589020 408.000000 0.213613 
0.581569 427.000000 0.223560 
0.575294 443.000000 0.231937 
0.578824 434.000000 0.227225 
0.581176 428.000000 0.224084 
0.581569 427.000000 0.223560 
0.580784 429.000000 0.224607 
0.577647 437.000000 0.228796 
0.580000 431.000000 0.225654 
0.582353 425.000000 0.222513 
0.578431 435.000000 0.227749 
0.580392 430.000000 0.225131 
0.579608 432.000000 0.226178 
0.579608 432.000000 0.226178 
0.585490 417.000000 0.218325 
0.581961 426.000000 0.223037 
0.581176 428.000000 0.224084 
0.583529 422.000000 0.220942 
0.585098 418.000000 0.218848 
0.574118 446.000000 0.233508 
0.584706 419.000000 0.219372 
0.581569 427.000000 0.223560 
0.583529 422.000000 0.220942 
0.577647 437.000000 0.228796 
0.585882 416.000000 0.217801 
0.585098 418.000000 0.218848 
0.583137 423.000000 0.221466 
0.576078 441.000000 0.230890 
0.581569 427.000000 0.223560 
0.574510 445.000000 0.232984 
0.578431 435.000000 0.227749 
0.578431 435.000000 0.227749 
0.580000 431.000000 0.225654 
0.581569 427.000000 0.223560 
0.578039 436.000000 0.228272 
0.580784 429.000000 0.224607 
0.578431 435.000000 0.227749 
0.590980 403.000000 0.210995 
0.582745 424.000000 0.221990 
0.576078 441.000000 0.230890 
0.581176 428.000000 0.224084 
0.580000 431.000000 0.225654 
0.585490 417.000000 0.218325 
0.579608 432.000000 0.226178 
0.579216 433.000000 0.226702 
0.580000 431.000000 0.225654 
0.577647 437.000000 0.228796 
0.583922 421.000000 0.220419 
0.581569 427.000000 0.223560 
0.580784 429.000000 0.224607 
0.576471 440.000000 0.230366 
0.579216 433.000000 0.226702 
0.585882 416.000000 0.217801 
0.578431 435.000000 0.227749 
0.577647 437.000000 0.228796 
0.578824 434.000000 0.227225 
0.573333 448.000000 0.234555 
0.579216 433.000000 0.226702 
0.580784 429.000000 0.224607 
0.577255 438.000000 0.229319 
0.581961 426.000000 0.223037 
0.580000 431.000000 0.225654 
0.583922 421.000000 0.220419 
0.579608 432.000000 0.226178 
0.582353 425.000000 0.222513 
0.582745 424.000000 0.221990 
0.583922 421.000000 0.220419 
0.576863 439.000000 0.229843 
0.585882 416.000000 0.217801 
0.578039 436.000000 0.228272 
0.578431 435.000000 0.227749 
0.578431 435.000000 0.227749 
0.580000 431.000000 0.225654 
0.581961 426.000000 0.223037 
0.581176 428.000000 0.224084 
0.576863 439.000000 0.229843 
0.580784 429.000000 0.224607 
0.578824 434.000000 0.227225 
0.579608 432.000000 0.226178 
0.578431 435.000000 0.227749 
0.578039 436.000000 0.228272 
0.580784 429.000000 0.224607 
0.574902 444.000000 0.232461 
0.578039 436.000000 0.228272 
0.577647 437.000000 0.228796 
0.581176 428.000000 0.224084 
0.581176 428.000000 0.224084 
0.586667 414.000000 0.216754 
0.578039 436.000000 0.228272 
0.578824 434.000000 0.227225 
0.580000 431.000000 0.225654 
0.576078 441.000000 0.230890 
0.587843 411.000000 0.215183 
0.580392 430.000000 0.225131 
0.587059 413.000000 0.216230 
0.574118 446.000000 0.233508 
0.572157 451.000000 0.236126 
0.581569 427.000000 0.223560 
0.576863 439.000000 0.229843 
0.580000 431.000000 0.225654 
0.579608 432.000000 0.226178 
0.584314 420.000000 0.219895 
0.575294 443.000000 0.231937 
0.584706 419.000000 0.219372 
0.584706 419.000000 0.219372 
0.578039 436.000000 0.228272 
0.579216 433.000000 0.226702 
0.583922 421.000000 0.220419 
0.585098 418.000000 0.218848 
0.580784 429.000000 0.224607 
0.582353 425.000000 0.222513 
0.587843 411.000000 0.215183 
0.582745 424.000000 0.221990 
0.584706 419.000000 0.219372 
0.580392 430.000000 0.225131 
0.576078 441.000000 0.230890 
0.580784 429.000000 0.224607 
0.575686 442.000000 0.231414 
0.583137 423.000000 0.221466 
0.582353 425.000000 0.222513 
0.579216 433.000000 0.226702 
0.570588 455.000000 0.238220 
0.578039 436.000000 0.228272 
0.576471 440.000000 0.230366 
0.579608 432.000000 0.226178 
0.576471 440.000000 0.230366 
0.576078 441.000000 0.230890 
0.580784 429.000000 0.224607 
0.582353 425.000000 0.222513 
0.581176 428.000000 0.224084 
0.583529 422.000000 0.220942 
0.573333 448.000000 0.234555 
0.574118 446.000000 0.233508 
0.576471 440.000000 0.230366 
0.575686 442.000000 0.231414 
0.581569 427.000000 0.223560 
0.583529 422.000000 0.220942 
0.582745 424.000000 0.221990 
0.575686 442.000000 0.231414 
0.582353 425.000000 0.222513 
0.580784 429.000000 0.224607 
0.581961 426.000000 0.223037 
0.583137 423.000000 0.221466 
0.583529 422.000000 0.220942 
0.587059 413.000000 0.216230 
0.581961 426.000000 0.223037 
0.583922 421.000000 0.220419 
0.582353 425.000000 0.222513 
0.578039 436.000000 0.228272 
0.583529 422.000000 0.220942 
0.579608 432.000000 0.226178 
0.578039 436.000000 0.228272 
0.583137 423.000000 0.221466 
0.581176 428.000000 0.224084 
0.585882 416.000000 0.217801 
0.575294 443.000000 0.231937 
0.585490 417.000000 0.218325 
0.587059 413.000000 0.216230 
0.580392 430.000000 0.225131 
0.577255 438.000000 0.229319 
0.579216 433.000000 0.226702 
0.577255 438.000000 0.229319 
0.577647 437.000000 0.228796 
0.578431 435.000000 0.227749 
0.589412 407.000000 0.213089 
0.576863 439.000000 0.229843 
0.576471 440.000000 0.230366 
0.585490 417.000000 0.218325 
0.585098 418.000000 0.218848 
0.583922 421.000000 0.220419 
0.576863 439.000000 0.229843 
0.579216 433.000000 0.226702 
0.576078 441.000000 0.230890 
0.584314 420.000000 0.219895 
0.582745 424.000000 0.221990 
0.582353 425.000000 0.222513 
0.575686 442.000000 0.231414 
0.572941 449.000000 0.235079 
0.580784 429.000000 0.224607 
0.578824 434.000000 0.227225 
0.583922 421.000000 0.220419 
0.583137 423.000000 0.221466 
0.579608 432.000000 0.226178 
0.579608 432.000000 0.226178 
0.584314 420.000000 0.219895 
0.581176 428.000000 0.224084 
0.580000 431.000000 0.225654 
0.576863 439.000000 0.229843 
0.579608 432.000000 0.226178 
0.580784 429.000000 0.224607 
0.580000 431.000000 0.225654 
0.583922 421.000000 0.220419 
0.575294 443.000000 0.231937 
0.580000 431.000000 0.225654 
0.579216 433.000000 0.226702 
0.581961 426.000000 0.223037 
0.577647 437.000000 0.228796 
0.586667 414.000000 0.216754 
0.577647 437.000000 0.228796 
0.583529 422.000000 0.220942 
0.584314 420.000000 0.219895 
0.579608 432.000000 0.226178 
0.577647 437.000000 0.228796 
0.584706 419.000000 0.219372 
0.580392 430.000000 0.225131 
0.580392 430.000000 0.225131 
0.578824 434.000000 0.227225 
0.587059 413.000000 0.216230 
0.577255 438.000000 0.229319 
0.577255 438.000000 0.229319 
0.580000 431.000000 0.225654 
0.577255 438.000000 0.229319 
0.580000 431.000000 0.225654 
0.578039 436.000000 0.228272 
0.577255 438.000000 0.229319 
0.584314 420.000000 0.219895 
0.582745 424.000000 0.221990 
0.583137 423.000000 0.221466 
0.578039 436.000000 0.228272 
0.577255 438.000000 0.229319 
0.583137 423.000000 0.221466 
0.581961 426.000000 0.223037 
0.583137 423.000000 0.221466 
0.576863 439.000000 0.229843 
0.579216 433.000000 0.226702 
0.576471 440.000000 0.230366 
0.582353 425.000000 0.222513 
0.583922 421.000000 0.220419 
0.583529 422.000000 0.220942 
0.585490 417.000000 0.218325 
0.581961 426.000000 0.223037 
0.572549 450.000000 0.235602 
0.575294 443.000000 0.231937 
0.575686 442.000000 0.231414 
0.583137 423.000000 0.221466 
0.574510 445.000000 0.232984 
0.576471 440.000000 0.230366 
0.576471 440.000000 0.230366 
0.582353 425.000000 0.222513 
0.577255 438.000000 0.229319 
0.575686 442.000000 0.231414 
0.578431 435.000000 0.227749 
0.579216 433.000000 0.226702 
0.586275 415.000000 0.217277 
0.578824 434.000000 0.227225 
0.584706 419.000000 0.219372 
0.581569 427.000000 0.223560 
0.582745 424.000000 0.221990 
0.581176 428.000000 0.224084 
0.582353 425.000000 0.222513 
0.587059 413.000000 0.216230 
0.582745 424.000000 0.221990 
0.583137 423.000000 0.221466 
0.575294 443.000000 0.231937 
0.579608 432.000000 0.226178 
0.581569 427.000000 0.223560 
0.578824 434.000000 0.227225 
0.583137 423.000000 0.221466 
0.580784 429.000000 0.224607 
0.584314 420.000000 0.219895 
0.576471 440.000000 0.230366 
0.574118 446.000000 0.233508 
0.581569 427.000000 0.223560 
0.577647 437.000000 0.228796 
0.589412 407.000000 0.213089 
0.578431 435.000000 0.227749 
0.578431 435.000000 0.227749 
0.582745 424.000000 0.221990 
0.580392 430.000000 0.225131 
0.583137 423.000000 0.221466 
0.576863 439.000000 0.229843 
0.579608 432.000000 0.226178 
0.579608 432.000000 0.226178 
0.576471 440.000000 0.230366 
0.578039 436.000000 0.228272 
0.571765 452.000000 0.236649 
0.573333 448.000000 0.234555 
0.578824 434.000000 0.227225 
0.579608 432.000000 0.226178 
0.585490 417.000000 0.218325 
0.580784 429.000000 0.224607 
0.583137 423.000000 0.221466 
0.575294 443.000000 0.231937 
0.586275 415.000000 0.217277 
0.588235 410.000000 0.214660 
0.578039 436.000000 0.228272 
0.582745 424.000000 0.221990 
0.581569 427.000000 0.223560 
0.586275 415.000000 0.217277 
0.585490 417.000000 0.218325 
0.582745 424.000000 0.221990 
0.581569 427.000000 0.223560 
0.582353 425.000000 0.222513 
0.585882 416.000000 0.217801 
0.575686 442.000000 0.231414 
0.580000 431.000000 0.225654 
0.580392 430.000000 0.225131 
0.577255 438.000000 0.229319 
0.578039 436.000000 0.228272 
0.576863 439.000000 0.229843 
0.583529 422.000000 0.220942 
0.577255 438.000000 0.229319 
0.578039 436.000000 0.228272 
0.580784 429.000000 0.224607 
0.580784 429.000000 0.224607 
0.580392 430.000000 0.225131 
0.583529 422.000000 0.220942 
0.582353 425.000000 0.222513 
0.583137 423.000000 0.221466 
0.576471 440.000000 0.230366 
0.578824 434.000000 0.227225 
0.578039 436.000000 0.228272 
0.579216 433.000000 0.226702 
0.578431 435.000000 0.227749 
0.580392 430.000000 0.225131 
0.581176 428.000000 0.224084 
0.585882 416.000000 0.217801 
0.585490 417.000000 0.218325 
0.576078 441.000000 0.230890 
0.583137 423.000000 0.221466 
0.582745 424.000000 0.221990 
0.586667 414.000000 0.216754 
0.580392 430.000000 0.225131 
0.580000 431.000000 0.225654 
0.580000 431.000000 0.225654 
0.582353 425.000000 0.222513 
0.572941 449.000000 0.235079 
0.573333 448.000000 0.234555 
0.580392 430.000000 0.225131 
0.580784 429.000000 0.224607 
0.589412 407.000000 0.213089 
0.585490 417.000000 0.218325 
0.575686 442.000000 0.231414 
0.580784 429.000000 0.224607 
0.578824 434.000000 0.227225 
0.587451 412.000000 0.215707 
0.576471 440.000000 0.230366 
0.580392 430.000000 0.225131 
0.578039 436.000000 0.228272 
0.581176 428.000000 0.224084 
0.585882 416.000000 0.217801 
0.572157 451.000000 0.236126 
0.570196 456.000000 0.238743 
0.576078 441.000000 0.230890 
0.578824 434.000000 0.227225 
0.575294 443.000000 0.231937 
0.576471 440.000000 0.230366 
0.585882 416.000000 0.217801 
0.579608 432.000000 0.226178 
0.584706 419.000000 0.219372 
0.569412 458.000000 0.239791 
0.579608 432.000000 0.226178 
0.581569 427.000000 0.223560 
0.574902 444.000000 0.232461 
0.571765 452.000000 0.236649 
0.579608 432.000000 0.226178 
0.583922 421.000000 0.220419 
0.581176 428.000000 0.224084 
0.583529 422.000000 0.220942 
0.584314 420.000000 0.219895 
0.582745 424.000000 0.221990 
0.579216 433.000000 0.226702 
0.583137 423.000000 0.221466 
0.583922 421.000000 0.220419 
0.581961 426.000000 0.223037 
0.577647 437.000000 0.228796 
0.584706 419.000000 0.219372 
0.579216 433.000000 0.226702 
0.574118 446.000000 0.233508 
0.581569 427.000000 0.223560 
0.578824 434.000000 0.227225 
0.578431 435.000000 0.227749 
0.584314 420.000000 0.219895 
0.582353 425.000000 0.222513 
0.580784 429.000000 0.224607 
0.577255 438.000000 0.229319 
0.576471 440.000000 0.230366 
0.572941 449.000000 0.235079 
0.586275 415.000000 0.217277 
0.579608 432.000000 0.226178 
0.573725 447.000000 0.234031 
0.589804 406.000000 0.212565 
0.580784 429.000000 0.224607 
0.583137 423.000000 0.221466 
0.580000 431.000000 0.225654 
0.583922 421.000000 0.220419 
0.578824 434.000000 0.227225 
0.585098 418.000000 0.218848 
0.584314 420.000000 0.219895 
0.585490 417.000000 0.218325 
0.580000 431.000000 0.225654 
0.574510 445.000000 0.232984 
0.583922 421.000000 0.220419 
0.575294 443.000000 0.231937 
0.576078 441.000000 0.230890 
0.577647 437.000000 0.228796 
0.580000 431.000000 0.225654 
0.583137 423.000000 0.221466 
0.576471 440.000000 0.230366 
0.583137 423.000000 0.221466 
0.587843 411.000000 0.215183 
0.582353 425.000000 0.222513 
0.576863 439.000000 0.229843 
0.580392 430.000000 0.225131 
0.581961 426.000000 0.223037 
0.576471 440.000000 0.230366 
0.581961 426.000000 0.223037 
0.574902 444.000000 0.232461 
0.572941 449.000000 0.235079 
0.576078 441.000000 0.230890 
0.580784 429.000000 0.224607 
0.579608 432.000000 0.226178 
0.580784 429.000000 0.224607 
0.579216 433.000000 0.226702 
0.582745 424.000000 0.221990 
0.579608 432.000000 0.226178 
0.581961 426.000000 0.223037 
0.576863 439.000000 0.229843 
0.580000 431.000000 0.225654 
0.582745 424.000000 0.221990 
0.580392 430.000000 0.225131 
0.583529 422.000000 0.220942 
0.583529 422.000000 0.220942 
0.576471 440.000000 0.230366 
0.589020 408.000000 0.213613 
0.582745 424.000000 0.221990 
0.580392 430.000000 0.225131 
0.581961 426.000000 0.223037 
0.581961 426.000000 0.223037 
0.575294 443.000000 0.231937 
0.581176 428.000000 0.224084 
0.586275 415.000000 0.217277 
0.578039 436.000000 0.228272 
0.588235 410.000000 0.214660 
0.576078 441.000000 0.230890 
0.574902 444.000000 0.232461 
0.583137 423.000000 0.221466 
0.581176 428.000000 0.224084 
0.583529 422.000000 0.220942 
0.589804 406.000000 0.212565 
0.584314 420.000000 0.219895 
0.581569 427.000000 0.223560 
0.581961 426.000000 0.223037 
0.577255 438.000000 0.229319 
0.580784 429.000000 0.224607 
0.579608 432.000000 0.226178 
0.578039 436.000000 0.228272 
0.580000 431.000000 0.225654 
0.581961 426.000000 0.223037 
0.582353 425.000000 0.222513 
0.587451 412.000000 0.215707 
0.582353 425.000000 0.222513 
0.583529 422.000000 0.220942 
0.587451 412.000000 0.215707 
0.579608 432.000000 0.226178 
0.589804 406.000000 0.212565 
0.583137 423.000000 0.221466 
0.579608 432.000000 0.226178 
0.581961 426.000000 0.223037 
0.575294 443.000000 0.231937 
0.577255 438.000000 0.229319 
0.578824 434.000000 0.227225 
0.580784 429.000000 0.224607 
0.579608 432.000000 0.226178 
0.583529 422.000000 0.220942 
0.584706 419.000000 0.219372 
0.579216 433.000000 0.226702 
0.577647 437.000000 0.228796 
0.579608 432.000000 0.226178 
0.581961 426.000000 0.223037 
0.578039 436.000000 0.228272 
0.576078 441.000000 0.230890 
0.575686 442.000000 0.231414 
0.578824 434.000000 0.227225 
0.581961 426.000000 0.223037 
0.584314 420.000000 0.219895 
0.583529 422.000000 0.220942 
0.580000 431.000000 0.225654 
0.581961 426.000000 0.223037 
0.576078 441.000000 0.230890 
0.583529 422.000000 0.220942 
0.573725 447.000000 0.234031 
0.584314 420.000000 0.219895 
0.575294 443.000000 0.231937 
0.576078 441.000000 0.230890 
0.584706 419.000000 0.219372 
0.575294 443.000000 0.231937 
0.583922 421.000000 0.220419 
0.580784 429.000000 0.224607 
0.570980 454.000000 0.237696 
0.581569 427.000000 0.223560 
0.574902 444.000000 0.232461 
0.581961 426.000000 0.223037 
0.588627 409.000000 0.214136 
0.581961 426.000000 0.223037 
0.575294 443.000000 0.231937 
0.585098 418.000000 0.218848 
0.578431 435.000000 0.227749 
0.587059 413.000000 0.216230 
0.574510 445.000000 0.232984 
0.580000 431.000000 0.225654 
0.579608 432.000000 0.226178 
0.582353 425.000000 0.222513 
0.580000 431.000000 0.225654 
0.580000 431.000000 0.225654 
0.580784 429.000000 0.224607 
0.583922 421.000000 0.220419 
0.578824 434.000000 0.227225 
0.576863 439.000000 0.229843 
0.577647 437.000000 0.228796 
0.583922 421.000000 0.220419 
0.581176 428.000000 0.224084 
0.574902 444.000000 0.232461 
0.583922 421.000000 0.220419 
0.580784 429.000000 0.224607 
0.585098 418.000000 0.218848 
0.581961 426.000000 0.223037 
0.578824 434.000000 0.227225 
0.578039 436.000000 0.228272 
0.581961 426.000000 0.223037 
0.584706 419.000000 0.219372 
0.570196 456.000000 0.238743 
0.585490 417.000000 0.218325 
0.576863 439.000000 0.229843 
0.589020 408.000000 0.213613 
0.575294 443.000000 0.231937 
0.580784 429.000000 0.224607 
0.576471 440.000000 0.230366 
0.582353 425.000000 0.222513 
0.579216 433.000000 0.226702 
0.575294 443.000000 0.231937 
0.584314 420.000000 0.219895 
0.576078 441.000000 0.230890 
0.578824 434.000000 0.227225 
0.585098 418.000000 0.218848 
0.579608 432.000000 0.226178 
0.581176 428.000000 0.224084 
0.574118 446.000000 0.233508 
0.583529 422.000000 0.220942 
0.578431 435.000000 0.227749 
0.582745 424.000000 0.221990 
0.585490 417.000000 0.218325 
0.584314 420.000000 0.219895 
0.579216 433.000000 0.226702 
0.575686 442.000000 0.231414 
0.583922 421.000000 0.220419 
0.577647 437.000000 0.228796 
0.579608 432.000000 0.226178 
0.581569 427.000000 0.223560 
0.572941 449.000000 0.235079 
0.582745 424.000000 0.221990 
0.576863 439.000000 0.229843 
0.576078 441.000000 0.230890 
0.577255 438.000000 0.229319 
0.572157 451.000000 0.236126 
0.589412 407.000000 0.213089 
0.587451 412.000000 0.215707 
0.580000 431.000000 0.225654 
0.580784 429.000000 0.224607 
0.583922 421.000000 0.220419 
0.573725 447.000000 0.234031 
0.580000 431.000000 0.225654 
0.581961 426.000000 0.223037 
0.585882 416.000000 0.217801 
0.574902 444.000000 0.232461 
0.584706 419.000000 0.219372 
0.578039 436.000000 0.228272 
0.579608 432.000000 0.226178 
0.578431 435.000000 0.227749 
0.580784 429.000000 0.224607 
0.576863 439.000000 0.229843 
0.578039 436.000000 0.228272 
0.578824 434.000000 0.227225 
0.581176 428.000000 0.224084 
0.578039 436.000000 0.228272 
0.574902 444.000000 0.232461 
0.586275 415.000000 0.217277 
0.587451 412.000000 0.215707 
0.580392 430.000000 0.225131 
0.588235 410.000000 0.214660 
0.585098 418.000000 0.218848 
0.577647 437.000000 0.228796 
0.584706 419.000000 0.219372 
0.580000 431.000000 0.225654 
0.585490 417.000000 0.218325 
0.582745 424.000000 0.221990 
0.578824 434.000000 0.227225 
0.582353 425.000000 0.222513 
0.582353 425.000000 0.222513 
0.574118 446.000000 0.233508 
0.584706 419.000000 0.219372 
0.582745 424.000000 0.221990 
0.577255 438.000000 0.229319 
0.582353 425.000000 0.222513 
0.587451 412.000000 0.215707 
0.581569 427.000000 0.223560 
0.581961 426.000000 0.223037 
0.575294 443.000000 0.231937 
0.576863 439.000000 0.229843 
0.577647 437.000000 0.228796 
0.580392 430.000000 0.225131 
0.573333 448.000000 0.234555 
0.576471 440.000000 0.230366 
0.584314 420.000000 0.219895 
0.581176 428.000000 0.224084 
0.579216 433.000000 0.226702 
0.578039 436.000000 0.228272 
0.585490 417.000000 0.218325 
0.580000 431.000000 0.225654 
0.590588 404.000000 0.211518 
0.582353 425.000000 0.222513 
0.581961 426.000000 0.223037 
0.584706 419.000000 0.219372 
0.576863 439.000000 0.229843 
0.580392 430.000000 0.225131 
0.584314 420.000000 0.219895 
0.572157 451.000000 0.236126 
0.583137 423.000000 0.221466 
0.577647 437.000000 0.228796 
0.578824 434.000000 0.227225 
0.583137 423.000000 0.221466 
0.577647 437.000000 0.228796 
0.576863 439.000000 0.229843 
0.580392 430.000000 0.225131 
0.577255 438.000000 0.229319 
0.580392 430.000000 0.225131 
0.581176 428.000000 0.224084 
0.581176 428.000000 0.224084 
0.577255 438.000000 0.229319 
0.583137 423.000000 0.221466 
0.580000 431.000000 0.225654 
0.580000 431.000000 0.225654 
0.580784 429.000000 0.224607 
0.583922 421.000000 0.220419 
0.580392 430.000000 0.225131 
0.578039 436.000000 0.228272 
0.580000 431.000000 0.225654 
0.577255 438.000000 0.229319 
0.582353 425.000000 0.222513 
0.590980 403.000000 0.210995 
0.583137 423.000000 0.221466 
0.574510 445.000000 0.232984 
0.584314 420.000000 0.219895 
0.584706 419.000000 0.219372 
0.584314 420.000000 0.219895 
0.579608 432.000000 0.226178 
0.586275 415.000000 0.217277 
0.574902 444.000000 0.232461 
0.578431 435.000000 0.227749 
0.573725 447.000000 0.234031 
0.578431 435.000000 0.227749 
0.578431 435.000000 0.227749 
0.581961 426.000000 0.223037 
0.578824 434.000000 0.227225 
0.581176 428.000000 0.224084 
0.578039 436.000000 0.228272 
0.585490 417.000000 0.218325 
0.574118 446.000000 0.233508 
0.580000 431.000000 0.225654 
0.578039 436.000000 0.228272 
0.584314 420.000000 0.219895 
0.581569 427.000000 0.223560 
0.581569 427.000000 0.223560 
0.583922 421.000000 0.220419 
0.581176 428.000000 0.224084 
0.578039 436.000000 0.228272 
0.584706 419.000000 0.219372 
0.583137 423.000000 0.221466 
0.576078 441.000000 0.230890 
0.584314 420.000000 0.219895 
0.574510 445.000000 0.232984 
0.580392 430.000000 0.225131 
0.585098 418.000000 0.218848 
0.583529 422.000000 0.220942 
0.586275 415.000000 0.217277 
0.574118 446.000000 0.233508 
0.584706 419.000000 0.219372 
0.584706 419.000000 0.219372 
0.584314 420.000000 0.219895 
0.585882 416.000000 0.217801 
0.574510 445.000000 0.232984 
0.584314 420.000000 0.219895 
0.581569 427.000000 0.223560 
0.579608 432.000000 0.226178 
0.578431 435.000000 0.227749 
0.581961 426.000000 0.223037 
0.577255 438.000000 0.229319 
0.579608 432.000000 0.226178 
0.576471 440.000000 0.230366 
0.580392 430.000000 0.225131 
0.584314 420.000000 0.219895 
0.580392 430.000000 0.225131 
0.578824 434.000000 0.227225 
0.577255 438.000000 0.229319 
0.576078 441.000000 0.230890 
0.582353 425.000000 0.222513 
0.575686 442.000000 0.231414 
0.582745 424.000000 0.221990 
0.577647 437.000000 0.228796 
0.580784 429.000000 0.224607 
0.585490 417.000000 0.218325 
0.574510 445.000000 0.232984 
0.576471 440.000000 0.230366 
0.582353 425.000000 0.222513 
0.583529 422.000000 0.220942 
0.577647 437.000000 0.228796 
0.578824 434.000000 0.227225 
0.585098 418.000000 0.218848 
0.583529 422.000000 0.220942 
0.578824 434.000000 0.227225 
0.576078 441.000000 0.230890 
0.581961 426.000000 0.223037 
0.575686 442.000000 0.231414 
0.581176 428.000000 0.224084 
0.581176 428.000000 0.224084 
0.584706 419.000000 0.219372 
0.582353 425.000000 0.222513 
0.576863 439.000000 0.229843 
0.573333 448.000000 0.234555 
0.585490 417.000000 0.218325 
0.576471 440.000000 0.230366 
0.581176 428.000000 0.224084 
0.576078 441.000000 0.230890 
0.582745 424.000000 0.221990 
0.582745 424.000000 0.221990 
0.582353 425.000000 0.222513 
0.575686 442.000000 0.231414 
0.579216 433.000000 0.226702 
0.580784 429.000000 0.224607 
0.580000 431.000000 0.225654 
0.576471 440.000000 0.230366 
0.580000 431.000000 0.225654 
0.580000 431.000000 0.225654 
0.587059 413.000000 0.216230 
0.574118 446.000000 0.233508 
0.573333 448.000000 0.234555 
0.583922 421.000000 0.220419 
0.576078 441.000000 0.230890 
0.583922 421.000000 0.220419 
0.580784 429.000000 0.224607 
0.574510 445.000000 0.232984 
0.578824 434.000000 0.227225 
0.580000 431.000000 0.225654 
0.581569 427.000000 0.223560 
0.575294 443.000000 0.231937 
0.575686 442.000000 0.231414 
0.576863 439.000000 0.229843 
0.580784 429.000000 0.224607 
0.583529 422.000000 0.220942 
0.592549 399.000000 0.208901 
0.578039 436.000000 0.228272 
0.580392 430.000000 0.225131 
0.580392 430.000000 0.225131 
0.585882 416.000000 0.217801 
0.580784 429.000000 0.224607 
0.582745 424.000000 0.221990 
0.581569 427.000000 0.223560 
0.576471 440.000000 0.230366 
0.581569 427.000000 0.223560 
0.580000 431.000000 0.225654 
0.583922 421.000000 0.220419 
0.583137 423.000000 0.221466 
0.580392 430.000000 0.225131 
0.571765 452.000000 0.236649 
0.580392 430.000000 0.225131 
0.588235 410.000000 0.214660 
0.579216 433.000000 0.226702 
0.580000 431.000000 0.225654 
0.586667 414.000000 0.216754 
0.587059 413.000000 0.216230 
0.575686 442.000000 0.231414 
0.580000 431.000000 0.225654 
0.580392 430.000000 0.225131 
0.579608 432.000000 0.226178 
0.584706 419.000000 0.219372 
0.583529 422.000000 0.220942 
0.578824 434.000000 0.227225 
0.581569 427.000000 0.223560 
0.578039 436.000000 0.228272 
0.581961 426.000000 0.223037 
0.578431 435.000000 0.227749 
0.585490 417.000000 0.218325 
0.580000 431.000000 0.225654 
0.575294 443.000000 0.231937 
0.581176 428.000000 0.224084 
0.576471 440.000000 0.230366 
0.577255 438.000000 0.229319 
0.573333 448.000000 0.234555 
0.580000 431.000000 0.225654 
0.572941 449.000000 0.235079 
0.579216 433.000000 0.226702 
0.574510 445.000000 0.232984 
0.578431 435.000000 0.227749 
0.582745 424.000000 0.221990 
0.581961 426.000000 0.223037 
0.578431 435.000000 0.227749 
0.576471 440.000000 0.230366 
0.579216 433.000000 0.226702 
0.578431 435.000000 0.227749 
0.582745 424.000000 0.221990 
0.580392 430.000000 0.225131 
0.574510 445.000000 0.232984 
0.579608 432.000000 0.226178 
0.578431 435.000000 0.227749 
0.571765 452.000000 0.236649 
0.576078 441.000000 0.230890 
0.580000 431.000000 0.225654 
0.579608 432.000000 0.226178 
0.582353 425.000000 0.222513 
0.590588 404.000000 0.211518 
0.583922 421.000000 0.220419 
0.574510 445.000000 0.232984 
0.576471 440.000000 0.230366 
0.582353 425.000000 0.222513 
0.581569 427.000000 0.223560 
0.587843 411.000000 0.215183 
0.587843 411.000000 0.215183 
0.577255 438.000000 0.229319 
0.578039 436.000000 0.228272 
0.581569 427.000000 0.223560 
0.570980 454.000000 0.237696 
0.578824 434.000000 0.227225 
0.577647 437.000000 0.228796 
0.581961 426.000000 0.223037 
0.572941 449.000000 0.235079 
0.583137 423.000000 0.221466 
0.580392 430.000000 0.225131 
0.584706 419.000000 0.219372 
0.581176 428.000000 0.224084 
0.575686 442.000000 0.231414 
0.585490 417.000000 0.218325 
0.576078 441.000000 0.230890 
0.586275 415.000000 0.217277 
0.584314 420.000000 0.219895 
0.578431 435.000000 0.227749 
0.586667 414.000000 0.216754 
0.585490 417.000000 0.218325 
0.573725 447.000000 0.234031 
0.581176 428.000000 0.224084 
0.584314 420.000000 0.219895 
0.578039 436.000000 0.228272 
0.579608 432.000000 0.226178 
0.583137 423.000000 0.221466 
0.582745 424.000000 0.221990 
0.577255 438.000000 0.229319 
0.585098 418.000000 0.218848 
0.583137 423.000000 0.221466 
0.576471 440.000000 0.230366 
0.579216 433.000000 0.226702 
0.580000 431.000000 0.225654 
0.582745 424.000000 0.221990 
0.581961 426.000000 0.223037 
0.577255 438.000000 0.229319 
0.581961 426.000000 0.223037 
0.573725 447.000000 0.234031 
0.579608 432.000000 0.226178 
0.579608 432.000000 0.226178 
0.578824 434.000000 0.227225 
0.582353 425.000000 0.222513 
0.581176 428.000000 0.224084 
0.582745 424.000000 0.221990 
0.580784 429.000000 0.224607 
0.580000 431.000000 0.225654 
0.577647 437.000000 0.228796 
0.576078 441.000000 0.230890 
0.582353 425.000000 0.222513 
0.576078 441.000000 0.230890 
0.581961 426.000000 0.223037 
0.583922 421.000000 0.220419 
0.581961 426.000000 0.223037 
0.579608 432.000000 0.226178 
0.583922 421.000000 0.220419 
0.580000 431.000000 0.225654 
0.575294 443.000000 0.231937 
0.582353 425.000000 0.222513 
0.581961 426.000000 0.223037 
0.576078 441.000000 0.230890 
0.578824 434.000000 0.227225 
0.585490 417.000000 0.218325 
0.576471 440.000000 0.230366 
0.580392 430.000000 0.225131 
0.579608 432.000000 0.226178 
0.576078 441.000000 0.230890 
0.581176 428.000000 0.224084 
0.582353 425.000000 0.222513 
0.578431 435.000000 0.227749 
0.581961 426.000000 0.223037 
0.580000 431.000000 0.225654 
0.576863 439.000000 0.229843 
0.580392 430.000000 0.225131 
0.578039 436.000000 0.228272 
0.576863 439.000000 0.229843 
0.580784 429.000000 0.224607 
0.576863 439.000000 0.229843 
0.581569 427.000000 0.223560 
0.582745 424.000000 0.221990 
0.575294 443.000000 0.231937 
0.578039 436.000000 0.228272 
0.578039 436.000000 0.228272 
0.577255 438.000000 0.229319 
0.576863 439.000000 0.229843 
0.576471 440.000000 0.230366 
0.578431 435.000000 0.227749 
0.577647 437.000000 0.228796 
0.580000 431.000000 0.225654 
0.577647 437.000000 0.228796 
0.579216 433.000000 0.226702 
0.580392 430.000000 0.225131 
0.577647 437.000000 0.228796 
0.578039 436.000000 0.228272 
0.578824 434.000000 0.227225 
0.578824 434.000000 0.227225 
0.580784 429.000000 0.224607 
0.583529 422.000000 0.220942 
0.577647 437.000000 0.228796 
0.587059 413.000000 0.216230 
0.574118 446.000000 0.233508 
0.583922 421.000000 0.220419 
0.585490 417.000000 0.218325 
0.581569 427.000000 0.223560 
0.580392 430.000000 0.225131 
0.583922 421.000000 0.220419 
0.576863 439.000000 0.229843 
0.575686 442.000000 0.231414 
0.574902 444.000000 0.232461 
0.583922 421.000000 0.220419 
0.581961 426.000000 0.223037 
0.581176 428.000000 0.224084 
0.580784 429.000000 0.224607 
0.578039 436.000000 0.228272 
0.580784 429.000000 0.224607 
0.580000 431.000000 0.225654 
0.576078 441.000000 0.230890 
0.573725 447.000000 0.234031 
0.574902 444.000000 0.232461 
0.584706 419.000000 0.219372 
0.580000 431.000000 0.225654 
0.578824 434.000000 0.227225 
0.585490 417.000000 0.218325 
0.584706 419.000000 0.219372 
0.585098 418.000000 0.218848 
0.581176 428.000000 0.224084 
0.588235 410.000000 0.214660 
0.580000 431.000000 0.225654 
0.585882 416.000000 0.217801 
0.579608 432.000000 0.226178 
0.580392 430.000000 0.225131 
0.579608 432.000000 0.226178 
0.576863 439.000000 0.229843 
0.580784 429.000000 0.224607 
0.583922 421.000000 0.220419 
0.578431 435.000000 0.227749 
0.580392 430.000000 0.225131 
0.577255 438.000000 0.229319 
0.577255 438.000000 0.229319 
0.583529 422.000000 0.220942 
0.580392 430.000000 0.225131 
0.581569 427.000000 0.223560 
0.578824 434.000000 0.227225 
0.581176 428.000000 0.224084 
0.583137 423.000000 0.221466 
0.574118 446.000000 0.233508 
0.585098 418.000000 0.218848 
0.573333 448.000000 0.234555 
0.581569 427.000000 0.223560 
0.579608 432.000000 0.226178 
0.582353 425.000000 0.222513 
0.582745 424.000000 0.221990 
0.582353 425.000000 0.222513 
0.578039 436.000000 0.228272 
0.581569 427.000000 0.223560 
0.580000 431.000000 0.225654 
0.584706 419.000000 0.219372 
0.585098 418.000000 0.218848 
0.581176 428.000000 0.224084 
0.579608 432.000000 0.226178 
0.587451 412.000000 0.215707 
0.578824 434.000000 0.227225 
0.581961 426.000000 0.223037 
0.579608 432.000000 0.226178 
0.585882 416.000000 0.217801 
0.582353 425.000000 0.222513 
0.582745 424.000000 0.221990 
0.579216 433.000000 0.226702 
0.587843 411.000000 0.215183 
0.582353 425.000000 0.222513 
0.580392 430.000000 0.225131 
0.584314 420.000000 0.219895 
0.581569 427.000000 0.223560 
0.579216 433.000000 0.226702 
0.583922 421.000000 0.220419 
0.580784 429.000000 0.224607 
0.577647 437.000000 0.228796 
0.573725 447.000000 0.234031 
0.580000 431.000000 0.225654 
0.581176 428.000000 0.224084 
0.581176 428.000000 0.224084 
0.575294 443.000000 0.231937 
0.573725 447.000000 0.234031 
0.578431 435.000000 0.227749 
0.580392 430.000000 0.225131 
0.581961 426.000000 0.223037 
0.580784 429.000000 0.224607 
0.577255 438.000000 0.229319 
0.575686 442.000000 0.231414 
0.581961 426.000000 0.223037 
0.580784 429.000000 0.224607 
0.575294 443.000000 0.231937 
0.583137 423.000000 0.221466 
0.574118 446.000000 0.233508 
0.581961 426.000000 0.223037 
0.584314 420.000000 0.219895 
0.577255 438.000000 0.229319 
0.574902 444.000000 0.232461 
0.579608 432.000000 0.226178 
0.583137 423.000000 0.221466 
0.579608 432.000000 0.226178 
0.579608 432.000000 0.226178 
0.580784 429.000000 0.224607 
0.574902 444.000000 0.232461 
0.580392 430.000000 0.225131 
0.586275 415.000000 0.217277 
0.574902 444.000000 0.232461 
0.574902 444.000000 0.232461 
0.586275 415.000000 0.217277 
0.577255 438.000000 0.229319 
0.579216 433.000000 0.226702 
0.584314 420.000000 0.219895 
0.575686 442.000000 0.231414 
0.574902 444.000000 0.232461 
0.580784 429.000000 0.224607 
0.579216 433.000000 0.226702 
0.575686 442.000000 0.231414 
0.584706 419.000000 0.219372 
0.583137 423.000000 0.221466 
0.573333 448.000000 0.234555 
0.579216 433.000000 0.226702 
0.576863 439.000000 0.229843 
0.580392 430.000000 0.225131 
0.580392 430.000000 0.225131 
0.579608 432.000000 0.226178 
0.574902 444.000000 0.232461 
0.581176 428.000000 0.224084 
0.584314 420.000000 0.219895 
0.576471 440.000000 0.230366 
0.576471 440.000000 0.230366 
0.573333 448.000000 0.234555 
0.585098 418.000000 0.218848 
0.585882 416.000000 0.217801 
0.581961 426.000000 0.223037 
0.580000 431.000000 0.225654 
0.578824 434.000000 0.227225 
0.573725 447.000000 0.234031 
0.578824 434.000000 0.227225 
0.578824 434.000000 0.227225 
0.581961 426.000000 0.223037 
0.577647 437.000000 0.228796 
0.581176 428.000000 0.224084 
0.578039 436.000000 0.228272 
0.582353 425.000000 0.222513 
0.576471 440.000000 0.230366 
0.576078 441.000000 0.230890 
0.583922 421.000000 0.220419 
0.581569 427.000000 0.223560 
0.575686 442.000000 0.231414 
0.581569 427.000000 0.223560 
0.575686 442.000000 0.231414 
0.585098 418.000000 0.218848 
0.578039 436.000000 0.228272 
0.577647 437.000000 0.228796 
0.579608 432.000000 0.226178 
0.580000 431.000000 0.225654 
0.580392 430.000000 0.225131 
0.581176 428.000000 0.224084 
0.570196 456.000000 0.238743 
0.576078 441.000000 0.230890 
0.584314 420.000000 0.219895 
0.578039 436.000000 0.228272 
0.576863 439.000000 0.229843 
0.580000 431.000000 0.225654 
0.580784 429.000000 0.224607 
0.580784 429.000000 0.224607 
0.578431 435.000000 0.227749 
0.583529 422.000000 0.220942 
0.581961 426.000000 0.223037 
0.575686 442.000000 0.231414 
0.574902 444.000000 0.232461 
0.580000 431.000000 0.225654 
0.579608 432.000000 0.226178 
0.579216 433.000000 0.226702 
0.582353 425.000000 0.222513 
0.580392 430.000000 0.225131 
0.583137 423.000000 0.221466 
0.584314 420.000000 0.219895 
0.588627 409.000000 0.214136 
0.578039 436.000000 0.228272 
0.585098 418.000000 0.218848 
0.573333 448.000000 0.234555 
0.581176 428.000000 0.224084 
0.578431 435.000000 0.227749 
0.586275 415.000000 0.217277 
0.580392 430.000000 0.225131 
0.580000 431.000000 0.225654 
0.579216 433.000000 0.226702 
0.584314 420.000000 0.219895 
0.580392 430.000000 0.225131 
0.583529 422.000000 0.220942 
0.583529 422.000000 0.220942 
0.579216 433.000000 0.226702 
0.576863 439.000000 0.229843 
0.575294 443.000000 0.231937 
0.579216 433.000000 0.226702 
0.577255 438.000000 0.229319 
0.581176 428.000000 0.224084 
0.578039 436.000000 0.228272 
0.578431 435.000000 0.227749 
0.579608 432.000000 0.226178 
0.580000 431.000000 0.225654 
0.576471 440.000000 0.230366 
0.571765 452.000000 0.236649 
0.575686 442.000000 0.231414 
0.581569 427.000000 0.223560 
0.581961 426.000000 0.223037 
0.582353 425.000000 0.222513 
0.578039 436.000000 0.228272 
0.579216 433.000000 0.226702 
0.584706 419.000000 0.219372 
0.578824 434.000000 0.227225 
0.578824 434.000000 0.227225 
0.582745 424.000000 0.221990 
0.575686 442.000000 0.231414 
0.578431 435.000000 0.227749 
0.580000 431.000000 0.225654 
0.577647 437.000000 0.228796 
0.580784 429.000000 0.224607 
0.579216 433.000000 0.226702 
0.583137 423.000000 0.221466 
0.584314 420.000000 0.219895 
0.587059 413.000000 0.216230 
0.587059 413.000000 0.216230 
0.583137 423.000000 0.221466 
0.585882 416.000000 0.217801 
0.581569 427.000000 0.223560 
0.581961 426.000000 0.223037 
0.578431 435.000000 0.227749 
0.582745 424.000000 0.221990 
0.584314 420.000000 0.219895 
0.573725 447.000000 0.234031 
0.578824 434.000000 0.227225 
0.587059 413.000000 0.216230 
0.587451 412.000000 0.215707 
0.581176 428.000000 0.224084 
0.578431 435.000000 0.227749 
0.585490 417.000000 0.218325 
0.571373 453.000000 0.237173 
0.585882 416.000000 0.217801 
0.580784 429.000000 0.224607 
0.581569 427.000000 0.223560 
0.576863 439.000000 0.229843 
0.583137 423.000000 0.221466 
0.575686 442.000000 0.231414 
0.587843 411.000000 0.215183 
0.578431 435.000000 0.227749 
0.579216 433.000000 0.226702 
0.581961 426.000000 0.223037 
0.582353 425.000000 0.222513 
0.580000 431.000000 0.225654 
0.578431 435.000000 0.227749 
0.584706 419.000000 0.219372 
0.579608 432.000000 0.226178 
0.574902 444.000000 0.232461 
0.583922 421.000000 0.220419 
0.578039 436.000000 0.228272 
0.583922 421.000000 0.220419 
0.590980 403.000000 0.210995 
0.577647 437.000000 0.228796 
0.577255 438.000000 0.229319 
0.585098 418.000000 0.218848 
0.581176 428.000000 0.224084 
0.585098 418.000000 0.218848 
0.588235 410.000000 0.214660 
0.581569 427.000000 0.223560 
0.575686 442.000000 0.231414 
0.575294 443.000000 0.231937 
0.572549 450.000000 0.235602 
0.578431 435.000000 0.227749 
0.581176 428.000000 0.224084 
0.581176 428.000000 0.224084 
0.578039 436.000000 0.228272 
0.577647 437.000000 0.228796 
0.581569 427.000000 0.223560 
0.577647 437.000000 0.228796 
0.582745 424.000000 0.221990 
0.581569 427.000000 0.223560 
0.578431 435.000000 0.227749 
0.585098 418.000000 0.218848 
0.581961 426.000000 0.223037 
0.579608 432.000000 0.226178 
0.576078 441.000000 0.230890 
0.581569 427.000000 0.223560 
0.579216 433.000000 0.226702 
0.581569 427.000000 0.223560 
0.581961 426.000000 0.223037 
0.582353 425.000000 0.222513 
0.580392 430.000000 0.225131 
0.583529 422.000000 0.220942 
0.578431 435.000000 0.227749 
0.581961 426.000000 0.223037 
0.588235 410.000000 0.214660 
0.579608 432.000000 0.226178 
0.579216 433.000000 0.226702 
0.578431 435.000000 0.227749 
0.582745 424.000000 0.221990 
0.580784 429.000000 0.224607 
0.574118 446.000000 0.233508 
0.585490 417.000000 0.218325 
0.581569 427.000000 0.223560 
0.585098 418.000000 0.218848 
0.585490 417.000000 0.218325 
0.577647 437.000000 0.228796 
0.579608 432.000000 0.226178 
0.581176 428.000000 0.224084 
0.578039 436.000000 0.228272 
0.578431 435.000000 0.227749 
0.577255 438.000000 0.229319 
0.581176 428.000000 0.224084 
0.585490 417.000000 0.218325 
0.578824 434.000000 0.227225 
0.581569 427.000000 0.223560 
0.577647 437.000000 0.228796 
0.580784 429.000000 0.224607 
0.580392 430.000000 0.225131 
0.580000 431.000000 0.225654 
0.583922 421.000000 0.220419 
0.583529 422.000000 0.220942 
0.579216 433.000000 0.226702 
0.578431 435.000000 0.227749 
0.575686 442.000000 0.231414 
0.580000 431.000000 0.225654 
0.579608 432.000000 0.226178 
0.579608 432.000000 0.226178 
0.578039 436.000000 0.228272 
0.579216 433.000000 0.226702 
0.586667 414.000000 0.216754 
0.580000 431.000000 0.225654 
0.577647 437.000000 0.228796 
0.583529 422.000000 0.220942 
0.581961 426.000000 0.223037 
0.579608 432.000000 0.226178 
0.580392 430.000000 0.225131 
0.582745 424.000000 0.221990 
0.571765 452.000000 0.236649 
0.575294 443.000000 0.231937 
0.577647 437.000000 0.228796 
0.580000 431.000000 0.225654 
0.579608 432.000000 0.226178 
0.580784 429.000000 0.224607 
0.576078 441.000000 0.230890 
0.573333 448.000000 0.234555 
0.578039 436.000000 0.228272 
0.582353 425.000000 0.222513 
0.577647 437.000000 0.228796 
0.579216 433.000000 0.226702 
0.580784 429.000000 0.224607 
0.577255 438.000000 0.229319 
0.579216 433.000000 0.226702 
0.582745 424.000000 0.221990 
0.578824 434.000000 0.227225 
0.578824 434.000000 0.227225 
0.577255 438.000000 0.229319 
0.584706 419.000000 0.219372 
0.581569 427.000000 0.223560 
0.580000 431.000000 0.225654 
0.587059 413.000000 0.216230 
0.581961 426.000000 0.223037 
0.578824 434.000000 0.227225 
0.580784 429.000000 0.224607 
0.584706 419.000000 0.219372 
0.579608 432.000000 0.226178 
0.583922 421.000000 0.220419 
0.583529 422.000000 0.220942 
0.584314 420.000000 0.219895 
0.581569 427.000000 0.223560 
0.587059 413.000000 0.216230 
0.579608 432.000000 0.226178 
0.587059 413.000000 0.216230 
0.579216 433.000000 0.226702 
0.570980 454.000000 0.237696 
0.576863 439.000000 0.229843 
0.582745 424.000000 0.221990 
0.575294 443.000000 0.231937 
0.585098 418.000000 0.218848 
0.582353 425.000000 0.222513 
0.583137 423.000000 0.221466 
0.590588 404.000000 0.211518 
0.580000 431.000000 0.225654 
0.578431 435.000000 0.227749 
0.582353 425.000000 0.222513 
0.580784 429.000000 0.224607 
0.592941 398.000000 0.208377 
0.580784 429.000000 0.224607 
0.581176 428.000000 0.224084 
0.577255 438.000000 0.229319 
0.576863 439.000000 0.229843 
0.579608 432.000000 0.226178 
0.581176 428.000000 0.224084 
0.578431 435.000000 0.227749 
0.579608 432.000000 0.226178 
0.576863 439.000000 0.229843 
0.580784 429.000000 0.224607 
0.581961 426.000000 0.223037 
0.576863 439.000000 0.229843 
0.582353 425.000000 0.222513 
0.580784 429.000000 0.224607 
0.579216 433.000000 0.226702 
0.580392 430.000000 0.225131 
0.581569 427.000000 0.223560 
0.582745 424.000000 0.221990 
0.585098 418.000000 0.218848 
0.581569 427.000000 0.223560 
0.574902 444.000000 0.232461 
0.573725 447.000000 0.234031 
0.578431 435.000000 0.227749 
0.582745 424.000000 0.221990 
0.580392 430.000000 0.225131 
0.580784 429.000000 0.224607 
0.579608 432.000000 0.226178 
0.582353 425.000000 0.222513 
0.577255 438.000000 0.229319 
0.577255 438.000000 0.229319 
0.580784 429.000000 0.224607 
0.582745 424.000000 0.221990 
0.580392 430.000000 0.225131 
0.582745 424.000000 0.221990 
0.578824 434.000000 0.227225 
0.572941 449.000000 0.235079 
0.578431 435.000000 0.227749 
0.581961 426.000000 0.223037 
0.581961 426.000000 0.223037 
0.578431 435.000000 0.227749 
0.581961 426.000000 0.223037 
0.588627 409.000000 0.214136 
0.580392 430.000000 0.225131 
0.581961 426.000000 0.223037 
0.586275 415.000000 0.217277 
0.578431 435.000000 0.227749 
0.577255 438.000000 0.229319 
0.572941 449.000000 0.235079 
0.587451 412.000000 0.215707 
0.583529 422.000000 0.220942 
0.584706 419.000000 0.219372 
0.584314 420.000000 0.219895 
0.576471 440.000000 0.230366 
0.585490 417.000000 0.218325 
0.581569 427.000000 0.223560 
0.581176 428.000000 0.224084 
0.578824 434.000000 0.227225 
0.580784 429.000000 0.224607 
0.581569 427.000000 0.223560 
0.587059 413.000000 0.216230 
0.580784 429.000000 0.224607 
0.582745 424.000000 0.221990 
0.582353 425.000000 0.222513 
0.578431 435.000000 0.227749 
0.581569 427.000000 0.223560 
0.580392 430.000000 0.225131 
0.573725 447.000000 0.234031 
0.583137 423.000000 0.221466 
0.580392 430.000000 0.225131 
0.581176 428.000000 0.224084 
0.579216 433.000000 0.226702 
0.575686 442.000000 0.231414 
0.580784 429.000000 0.224607 
0.578431 435.000000 0.227749 
0.576471 440.000000 0.230366 
0.581569 427.000000 0.223560 
0.576471 440.000000 0.230366 
0.581176 428.000000 0.224084 
0.583137 423.000000 0.221466 
0.577647 437.000000 0.228796 
0.585098 418.000000 0.218848 
0.585882 416.000000 0.217801 
0.585098 418.000000 0.218848 
0.581961 426.000000 0.223037 
0.578039 436.000000 0.228272 
0.585882 416.000000 0.217801 
0.581569 427.000000 0.223560 
0.579608 432.000000 0.226178 
0.581961 426.000000 0.223037 
0.583137 423.000000 0.221466 
0.581176 428.000000 0.224084 
0.585098 418.000000 0.218848 
0.580392 430.000000 0.225131 
0.580000 431.000000 0.225654 
0.576078 441.000000 0.230890 
0.584314 420.000000 0.219895 
0.583922 421.000000 0.220419 
0.580392 430.000000 0.225131 
0.576078 441.000000 0.230890 
0.575294 443.000000 0.231937 
0.574902 444.000000 0.232461 
0.583529 422.000000 0.220942 
0.579216 433.000000 0.226702 
0.578431 435.000000 0.227749 
0.583922 421.000000 0.220419 
0.583922 421.000000 0.220419 
0.585098 418.000000 0.218848 
0.587059 413.000000 0.216230 
0.581176 428.000000 0.224084 
0.577255 438.000000 0.229319 
0.585490 417.000000 0.218325 
0.580784 429.000000 0.224607 
0.579608 432.000000 0.226178 
0.578824 434.000000 0.227225 
0.581961 426.000000 0.223037 
0.579608 432.000000 0.226178 
0.580000 431.000000 0.225654 
0.579608 432.000000 0.226178 
0.582353 425.000000 0.222513 
0.580392 430.000000 0.225131 
0.578431 435.000000 0.227749 
0.583529 422.000000 0.220942 
0.586667 414.000000 0.216754 
0.580784 429.000000 0.224607 
0.579608 432.000000 0.226178 
0.584314 420.000000 0.219895 
0.580784 429.000000 0.224607 
0.582353 425.000000 0.222513 
0.583529 422.000000 0.220942 
0.585098 418.000000 0.218848 
0.579608 432.000000 0.226178 
0.585098 418.000000 0.218848 
0.575686 442.000000 0.231414 
0.575294 443.000000 0.231937 
0.580784 429.000000 0.224607 
0.586275 415.000000 0.217277 
0.574902 444.000000 0.232461 
0.588627 409.000000 0.214136 
0.583137 423.000000 0.221466 
0.583137 423.000000 0.221466 
0.579608 432.000000 0.226178 
0.580392 430.000000 0.225131 
0.578824 434.000000 0.227225 
0.582353 425.000000 0.222513 
0.583922 421.000000 0.220419 
0.578431 435.000000 0.227749 
0.582353 425.000000 0.222513 
0.577647 437.000000 0.228796 
0.579608 432.000000 0.226178 
0.575294 443.000000 0.231937 
0.572941 449.000000 0.235079 
0.579216 433.000000 0.226702 
0.578824 434.000000 0.227225 
0.576471 440.000000 0.230366 
0.583137 423.000000 0.221466 
0.578824 434.000000 0.227225 
0.581961 426.000000 0.223037 
0.579216 433.000000 0.226702 
