0.696552 88.000000 0.303448 
0.734483 77.000000 0.265517 
0.700000 87.000000 0.300000 
0.758621 70.000000 0.241379 
0.765517 68.000000 0.234483 
0.751724 72.000000 0.248276 
0.762069 69.000000 0.237931 
0.713793 83.000000 0.286207 
0.772414 66.000000 0.227586 
0.710345 84.000000 0.289655 
0.686207 91.000000 0.313793 
0.744828 74.000000 0.255172 
0.706897 85.000000 0.293103 
0.706897 85.000000 0.293103 
0.658621 99.000000 0.341379 
0.717241 82.000000 0.282759 
0.741379 75.000000 0.258621 
0.682759 92.000000 0.317241 
0.751724 72.000000 0.248276 
0.762069 69.000000 0.237931 
0.682759 92.000000 0.317241 
0.727586 79.000000 0.272414 
0.710345 84.000000 0.289655 
0.731034 78.000000 0.268966 
0.700000 87.000000 0.300000 
0.720690 81.000000 0.279310 
0.768966 67.000000 0.231034 
0.751724 72.000000 0.248276 
0.706897 85.000000 0.293103 
0.731034 78.000000 0.268966 
0.731034 78.000000 0.268966 
0.689655 90.000000 0.310345 
0.689655 90.000000 0.310345 
0.755172 71.000000 0.244828 
0.751724 72.000000 0.248276 
0.734483 77.000000 0.265517 
0.737931 76.000000 0.262069 
0.689655 90.000000 0.310345 
0.693103 89.000000 0.306897 
0.724138 80.000000 0.275862 
0.727586 79.000000 0.272414 
0.758621 70.000000 0.241379 
0.720690 81.000000 0.279310 
0.710345 84.000000 0.289655 
0.755172 71.000000 0.244828 
0.700000 87.000000 0.300000 
0.710345 84.000000 0.289655 
0.731034 78.000000 0.268966 
0.706897 85.000000 0.293103 
0.748276 73.000000 0.251724 
0.724138 80.000000 0.275862 
0.696552 88.000000 0.303448 
0.751724 72.000000 0.248276 
0.765517 68.000000 0.234483 
0.696552 88.000000 0.303448 
0.744828 74.000000 0.255172 
0.751724 72.000000 0.248276 
0.737931 76.000000 0.262069 
0.724138 80.000000 0.275862 
0.734483 77.000000 0.265517 
0.679310 93.000000 0.320690 
0.706897 85.000000 0.293103 
0.748276 73.000000 0.251724 
0.731034 78.000000 0.268966 
0.727586 79.000000 0.272414 
0.737931 76.000000 0.262069 
0.727586 79.000000 0.272414 
0.734483 77.000000 0.265517 
0.741379 75.000000 0.258621 
0.679310 93.000000 0.320690 
0.717241 82.000000 0.282759 
0.658621 99.000000 0.341379 
0.765517 68.000000 0.234483 
0.758621 70.000000 0.241379 
0.734483 77.000000 0.265517 
0.741379 75.000000 0.258621 
0.710345 84.000000 0.289655 
0.744828 74.000000 0.255172 
0.762069 69.000000 0.237931 
0.741379 75.000000 0.258621 
0.696552 88.000000 0.303448 
0.724138 80.000000 0.275862 
0.710345 84.000000 0.289655 
0.744828 74.000000 0.255172 
0.744828 74.000000 0.255172 
0.720690 81.000000 0.279310 
0.717241 82.000000 0.282759 
0.693103 89.000000 0.306897 
0.703448 86.000000 0.296552 
0.768966 67.000000 0.231034 
0.675862 94.000000 0.324138 
0.741379 75.000000 0.258621 
0.765517 68.000000 0.234483 
0.706897 85.000000 0.293103 
0.762069 69.000000 0.237931 
0.713793 83.000000 0.286207 
0.706897 85.000000 0.293103 
0.751724 72.000000 0.248276 
0.720690 81.000000 0.279310 
0.713793 83.000000 0.286207 
0.720690 81.000000 0.279310 
0.737931 76.000000 0.262069 
0.717241 82.000000 0.282759 
0.734483 77.000000 0.265517 
0.717241 82.000000 0.282759 
0.710345 84.000000 0.289655 
0.724138 80.000000 0.275862 
0.717241 82.000000 0.282759 
0.713793 83.000000 0.286207 
0.755172 71.000000 0.244828 
0.765517 68.000000 0.234483 
0.675862 94.000000 0.324138 
0.672414 95.000000 0.327586 
0.724138 80.000000 0.275862 
0.734483 77.000000 0.265517 
0.741379 75.000000 0.258621 
0.703448 86.000000 0.296552 
0.727586 79.000000 0.272414 
0.665517 97.000000 0.334483 
0.765517 68.000000 0.234483 
0.727586 79.000000 0.272414 
0.727586 79.000000 0.272414 
0.734483 77.000000 0.265517 
0.737931 76.000000 0.262069 
0.734483 77.000000 0.265517 
0.713793 83.000000 0.286207 
0.782759 63.000000 0.217241 
0.744828 74.000000 0.255172 
0.793103 60.000000 0.206897 
0.710345 84.000000 0.289655 
0.748276 73.000000 0.251724 
0.734483 77.000000 0.265517 
0.772414 66.000000 0.227586 
0.768966 67.000000 0.231034 
0.737931 76.000000 0.262069 
0.772414 66.000000 0.227586 
0.758621 70.000000 0.241379 
0.768966 67.000000 0.231034 
0.672414 95.000000 0.327586 
0.713793 83.000000 0.286207 
0.748276 73.000000 0.251724 
0.727586 79.000000 0.272414 
0.748276 73.000000 0.251724 
0.737931 76.000000 0.262069 
0.748276 73.000000 0.251724 
0.686207 91.000000 0.313793 
0.741379 75.000000 0.258621 
0.706897 85.000000 0.293103 
0.717241 82.000000 0.282759 
0.658621 99.000000 0.341379 
0.686207 91.000000 0.313793 
0.706897 85.000000 0.293103 
0.758621 70.000000 0.241379 
0.755172 71.000000 0.244828 
0.751724 72.000000 0.248276 
0.741379 75.000000 0.258621 
0.710345 84.000000 0.289655 
0.765517 68.000000 0.234483 
0.689655 90.000000 0.310345 
0.713793 83.000000 0.286207 
0.717241 82.000000 0.282759 
0.768966 67.000000 0.231034 
0.727586 79.000000 0.272414 
0.734483 77.000000 0.265517 
0.731034 78.000000 0.268966 
0.731034 78.000000 0.268966 
0.713793 83.000000 0.286207 
0.762069 69.000000 0.237931 
0.710345 84.000000 0.289655 
0.693103 89.000000 0.306897 
0.679310 93.000000 0.320690 
0.713793 83.000000 0.286207 
0.741379 75.000000 0.258621 
0.748276 73.000000 0.251724 
0.727586 79.000000 0.272414 
0.775862 65.000000 0.224138 
0.682759 92.000000 0.317241 
0.706897 85.000000 0.293103 
0.727586 79.000000 0.272414 
0.727586 79.000000 0.272414 
0.768966 67.000000 0.231034 
0.734483 77.000000 0.265517 
0.679310 93.000000 0.320690 
0.693103 89.000000 0.306897 
0.696552 88.000000 0.303448 
0.717241 82.000000 0.282759 
0.765517 68.000000 0.234483 
0.741379 75.000000 0.258621 
0.748276 73.000000 0.251724 
0.727586 79.000000 0.272414 
0.717241 82.000000 0.282759 
0.734483 77.000000 0.265517 
0.727586 79.000000 0.272414 
0.741379 75.000000 0.258621 
0.744828 74.000000 0.255172 
0.675862 94.000000 0.324138 
0.727586 79.000000 0.272414 
0.751724 72.000000 0.248276 
0.689655 90.000000 0.310345 
0.713793 83.000000 0.286207 
0.665517 97.000000 0.334483 
0.731034 78.000000 0.268966 
0.737931 76.000000 0.262069 
0.706897 85.000000 0.293103 
0.720690 81.000000 0.279310 
0.741379 75.000000 0.258621 
0.734483 77.000000 0.265517 
0.727586 79.000000 0.272414 
0.696552 88.000000 0.303448 
0.744828 74.000000 0.255172 
0.710345 84.000000 0.289655 
0.744828 74.000000 0.255172 
0.703448 86.000000 0.296552 
0.706897 85.000000 0.293103 
0.748276 73.000000 0.251724 
0.720690 81.000000 0.279310 
0.734483 77.000000 0.265517 
0.682759 92.000000 0.317241 
0.720690 81.000000 0.279310 
0.744828 74.000000 0.255172 
0.772414 66.000000 0.227586 
0.696552 88.000000 0.303448 
0.706897 85.000000 0.293103 
0.744828 74.000000 0.255172 
0.734483 77.000000 0.265517 
0.717241 82.000000 0.282759 
0.772414 66.000000 0.227586 
0.693103 89.000000 0.306897 
0.748276 73.000000 0.251724 
0.700000 87.000000 0.300000 
0.710345 84.000000 0.289655 
0.703448 86.000000 0.296552 
0.744828 74.000000 0.255172 
0.734483 77.000000 0.265517 
0.724138 80.000000 0.275862 
0.672414 95.000000 0.327586 
0.731034 78.000000 0.268966 
0.741379 75.000000 0.258621 
0.696552 88.000000 0.303448 
0.720690 81.000000 0.279310 
0.762069 69.000000 0.237931 
0.724138 80.000000 0.275862 
0.744828 74.000000 0.255172 
0.668966 96.000000 0.331034 
0.762069 69.000000 0.237931 
0.700000 87.000000 0.300000 
0.706897 85.000000 0.293103 
0.668966 96.000000 0.331034 
0.731034 78.000000 0.268966 
0.737931 76.000000 0.262069 
0.741379 75.000000 0.258621 
0.727586 79.000000 0.272414 
0.734483 77.000000 0.265517 
0.731034 78.000000 0.268966 
0.731034 78.000000 0.268966 
0.737931 76.000000 0.262069 
0.724138 80.000000 0.275862 
0.703448 86.000000 0.296552 
0.765517 68.000000 0.234483 
0.724138 80.000000 0.275862 
0.762069 69.000000 0.237931 
0.744828 74.000000 0.255172 
0.748276 73.000000 0.251724 
0.737931 76.000000 0.262069 
0.696552 88.000000 0.303448 
0.741379 75.000000 0.258621 
0.717241 82.000000 0.282759 
0.758621 70.000000 0.241379 
0.693103 89.000000 0.306897 
0.751724 72.000000 0.248276 
0.744828 74.000000 0.255172 
0.755172 71.000000 0.244828 
0.772414 66.000000 0.227586 
0.717241 82.000000 0.282759 
0.727586 79.000000 0.272414 
0.720690 81.000000 0.279310 
0.741379 75.000000 0.258621 
0.724138 80.000000 0.275862 
0.689655 90.000000 0.310345 
0.755172 71.000000 0.244828 
0.751724 72.000000 0.248276 
0.727586 79.000000 0.272414 
0.717241 82.000000 0.282759 
0.751724 72.000000 0.248276 
0.675862 94.000000 0.324138 
0.703448 86.000000 0.296552 
0.713793 83.000000 0.286207 
0.700000 87.000000 0.300000 
0.713793 83.000000 0.286207 
0.762069 69.000000 0.237931 
0.713793 83.000000 0.286207 
0.700000 87.000000 0.300000 
0.696552 88.000000 0.303448 
0.744828 74.000000 0.255172 
0.713793 83.000000 0.286207 
0.765517 68.000000 0.234483 
0.668966 96.000000 0.331034 
0.713793 83.000000 0.286207 
0.675862 94.000000 0.324138 
0.768966 67.000000 0.231034 
0.731034 78.000000 0.268966 
0.762069 69.000000 0.237931 
0.703448 86.000000 0.296552 
0.748276 73.000000 0.251724 
0.703448 86.000000 0.296552 
0.727586 79.000000 0.272414 
0.724138 80.000000 0.275862 
0.693103 89.000000 0.306897 
0.751724 72.000000 0.248276 
0.731034 78.000000 0.268966 
0.665517 97.000000 0.334483 
0.710345 84.000000 0.289655 
0.706897 85.000000 0.293103 
0.720690 81.000000 0.279310 
0.748276 73.000000 0.251724 
0.710345 84.000000 0.289655 
0.710345 84.000000 0.289655 
0.710345 84.000000 0.289655 
0.724138 80.000000 0.275862 
0.720690 81.000000 0.279310 
0.768966 67.000000 0.231034 
0.755172 71.000000 0.244828 
0.700000 87.000000 0.300000 
0.748276 73.000000 0.251724 
0.737931 76.000000 0.262069 
0.720690 81.000000 0.279310 
0.786207 62.000000 0.213793 
0.751724 72.000000 0.248276 
0.706897 85.000000 0.293103 
0.724138 80.000000 0.275862 
0.744828 74.000000 0.255172 
0.731034 78.000000 0.268966 
0.786207 62.000000 0.213793 
0.741379 75.000000 0.258621 
0.724138 80.000000 0.275862 
0.741379 75.000000 0.258621 
0.700000 87.000000 0.300000 
0.786207 62.000000 0.213793 
0.762069 69.000000 0.237931 
0.744828 74.000000 0.255172 
0.734483 77.000000 0.265517 
0.758621 70.000000 0.241379 
0.700000 87.000000 0.300000 
0.731034 78.000000 0.268966 
0.744828 74.000000 0.255172 
0.724138 80.000000 0.275862 
0.713793 83.000000 0.286207 
0.710345 84.000000 0.289655 
0.724138 80.000000 0.275862 
0.748276 73.000000 0.251724 
0.734483 77.000000 0.265517 
0.717241 82.000000 0.282759 
0.734483 77.000000 0.265517 
0.713793 83.000000 0.286207 
0.710345 84.000000 0.289655 
0.710345 84.000000 0.289655 
0.717241 82.000000 0.282759 
0.731034 78.000000 0.268966 
0.744828 74.000000 0.255172 
0.717241 82.000000 0.282759 
0.682759 92.000000 0.317241 
0.737931 76.000000 0.262069 
0.748276 73.000000 0.251724 
0.682759 92.000000 0.317241 
0.720690 81.000000 0.279310 
0.755172 71.000000 0.244828 
0.731034 78.000000 0.268966 
0.724138 80.000000 0.275862 
0.731034 78.000000 0.268966 
0.734483 77.000000 0.265517 
0.731034 78.000000 0.268966 
0.737931 76.000000 0.262069 
0.727586 79.000000 0.272414 
0.706897 85.000000 0.293103 
0.693103 89.000000 0.306897 
0.703448 86.000000 0.296552 
0.717241 82.000000 0.282759 
0.741379 75.000000 0.258621 
0.758621 70.000000 0.241379 
0.713793 83.000000 0.286207 
0.693103 89.000000 0.306897 
0.741379 75.000000 0.258621 
0.720690 81.000000 0.279310 
0.710345 84.000000 0.289655 
0.731034 78.000000 0.268966 
0.731034 78.000000 0.268966 
0.779310 64.000000 0.220690 
0.713793 83.000000 0.286207 
0.724138 80.000000 0.275862 
0.700000 87.000000 0.300000 
0.741379 75.000000 0.258621 
0.713793 83.000000 0.286207 
0.700000 87.000000 0.300000 
0.744828 74.000000 0.255172 
0.755172 71.000000 0.244828 
0.758621 70.000000 0.241379 
0.689655 90.000000 0.310345 
0.700000 87.000000 0.300000 
0.703448 86.000000 0.296552 
0.706897 85.000000 0.293103 
0.734483 77.000000 0.265517 
0.696552 88.000000 0.303448 
0.724138 80.000000 0.275862 
0.751724 72.000000 0.248276 
0.741379 75.000000 0.258621 
0.713793 83.000000 0.286207 
0.717241 82.000000 0.282759 
0.710345 84.000000 0.289655 
0.734483 77.000000 0.265517 
0.713793 83.000000 0.286207 
0.655172 100.000000 0.344828 
0.748276 73.000000 0.251724 
0.734483 77.000000 0.265517 
0.703448 86.000000 0.296552 
0.765517 68.000000 0.234483 
0.768966 67.000000 0.231034 
0.710345 84.000000 0.289655 
0.713793 83.000000 0.286207 
0.665517 97.000000 0.334483 
0.734483 77.000000 0.265517 
0.755172 71.000000 0.244828 
0.775862 65.000000 0.224138 
0.727586 79.000000 0.272414 
0.727586 79.000000 0.272414 
0.737931 76.000000 0.262069 
0.737931 76.000000 0.262069 
0.696552 88.000000 0.303448 
0.696552 88.000000 0.303448 
0.700000 87.000000 0.300000 
0.751724 72.000000 0.248276 
0.717241 82.000000 0.282759 
0.706897 85.000000 0.293103 
0.727586 79.000000 0.272414 
0.700000 87.000000 0.300000 
0.713793 83.000000 0.286207 
0.720690 81.000000 0.279310 
0.748276 73.000000 0.251724 
0.665517 97.000000 0.334483 
0.665517 97.000000 0.334483 
0.703448 86.000000 0.296552 
0.734483 77.000000 0.265517 
0.717241 82.000000 0.282759 
0.734483 77.000000 0.265517 
0.779310 64.000000 0.220690 
0.724138 80.000000 0.275862 
0.744828 74.000000 0.255172 
0.717241 82.000000 0.282759 
0.710345 84.000000 0.289655 
0.741379 75.000000 0.258621 
0.717241 82.000000 0.282759 
0.758621 70.000000 0.241379 
0.720690 81.000000 0.279310 
0.731034 78.000000 0.268966 
0.710345 84.000000 0.289655 
0.720690 81.000000 0.279310 
0.727586 79.000000 0.272414 
0.758621 70.000000 0.241379 
0.741379 75.000000 0.258621 
0.741379 75.000000 0.258621 
0.775862 65.000000 0.224138 
0.731034 78.000000 0.268966 
0.700000 87.000000 0.300000 
0.782759 63.000000 0.217241 
0.734483 77.000000 0.265517 
0.724138 80.000000 0.275862 
0.703448 86.000000 0.296552 
0.731034 78.000000 0.268966 
0.717241 82.000000 0.282759 
0.744828 74.000000 0.255172 
0.741379 75.000000 0.258621 
0.755172 71.000000 0.244828 
0.751724 72.000000 0.248276 
0.741379 75.000000 0.258621 
0.703448 86.000000 0.296552 
0.693103 89.000000 0.306897 
0.672414 95.000000 0.327586 
0.717241 82.000000 0.282759 
0.758621 70.000000 0.241379 
0.717241 82.000000 0.282759 
0.693103 89.000000 0.306897 
0.751724 72.000000 0.248276 
0.720690 81.000000 0.279310 
0.713793 83.000000 0.286207 
0.772414 66.000000 0.227586 
0.724138 80.000000 0.275862 
0.727586 79.000000 0.272414 
0.744828 74.000000 0.255172 
0.731034 78.000000 0.268966 
0.758621 70.000000 0.241379 
0.741379 75.000000 0.258621 
0.713793 83.000000 0.286207 
0.737931 76.000000 0.262069 
0.768966 67.000000 0.231034 
0.720690 81.000000 0.279310 
0.762069 69.000000 0.237931 
0.679310 93.000000 0.320690 
0.758621 70.000000 0.241379 
0.755172 71.000000 0.244828 
0.751724 72.000000 0.248276 
0.720690 81.000000 0.279310 
0.727586 79.000000 0.272414 
0.717241 82.000000 0.282759 
0.748276 73.000000 0.251724 
0.679310 93.000000 0.320690 
0.758621 70.000000 0.241379 
0.713793 83.000000 0.286207 
0.706897 85.000000 0.293103 
0.713793 83.000000 0.286207 
0.724138 80.000000 0.275862 
0.703448 86.000000 0.296552 
0.734483 77.000000 0.265517 
0.706897 85.000000 0.293103 
0.748276 73.000000 0.251724 
0.717241 82.000000 0.282759 
0.758621 70.000000 0.241379 
0.741379 75.000000 0.258621 
0.706897 85.000000 0.293103 
0.755172 71.000000 0.244828 
0.727586 79.000000 0.272414 
0.727586 79.000000 0.272414 
0.693103 89.000000 0.306897 
0.731034 78.000000 0.268966 
0.682759 92.000000 0.317241 
0.717241 82.000000 0.282759 
0.772414 66.000000 0.227586 
0.741379 75.000000 0.258621 
0.682759 92.000000 0.317241 
0.717241 82.000000 0.282759 
0.751724 72.000000 0.248276 
0.737931 76.000000 0.262069 
0.710345 84.000000 0.289655 
0.672414 95.000000 0.327586 
0.751724 72.000000 0.248276 
0.755172 71.000000 0.244828 
0.748276 73.000000 0.251724 
0.696552 88.000000 0.303448 
0.706897 85.000000 0.293103 
0.768966 67.000000 0.231034 
0.731034 78.000000 0.268966 
0.689655 90.000000 0.310345 
0.693103 89.000000 0.306897 
0.727586 79.000000 0.272414 
0.755172 71.000000 0.244828 
0.724138 80.000000 0.275862 
0.779310 64.000000 0.220690 
0.717241 82.000000 0.282759 
0.755172 71.000000 0.244828 
0.779310 64.000000 0.220690 
0.682759 92.000000 0.317241 
0.731034 78.000000 0.268966 
0.786207 62.000000 0.213793 
0.751724 72.000000 0.248276 
0.686207 91.000000 0.313793 
0.700000 87.000000 0.300000 
0.731034 78.000000 0.268966 
0.724138 80.000000 0.275862 
0.720690 81.000000 0.279310 
0.717241 82.000000 0.282759 
0.734483 77.000000 0.265517 
0.741379 75.000000 0.258621 
0.720690 81.000000 0.279310 
0.706897 85.000000 0.293103 
0.762069 69.000000 0.237931 
0.710345 84.000000 0.289655 
0.713793 83.000000 0.286207 
0.668966 96.000000 0.331034 
0.737931 76.000000 0.262069 
0.682759 92.000000 0.317241 
0.713793 83.000000 0.286207 
0.720690 81.000000 0.279310 
0.737931 76.000000 0.262069 
0.755172 71.000000 0.244828 
0.758621 70.000000 0.241379 
0.744828 74.000000 0.255172 
0.751724 72.000000 0.248276 
0.772414 66.000000 0.227586 
0.668966 96.000000 0.331034 
0.744828 74.000000 0.255172 
0.710345 84.000000 0.289655 
0.724138 80.000000 0.275862 
0.741379 75.000000 0.258621 
0.731034 78.000000 0.268966 
0.717241 82.000000 0.282759 
0.751724 72.000000 0.248276 
0.689655 90.000000 0.310345 
0.717241 82.000000 0.282759 
0.720690 81.000000 0.279310 
0.682759 92.000000 0.317241 
0.720690 81.000000 0.279310 
0.737931 76.000000 0.262069 
0.686207 91.000000 0.313793 
0.717241 82.000000 0.282759 
0.717241 82.000000 0.282759 
0.696552 88.000000 0.303448 
0.700000 87.000000 0.300000 
0.755172 71.000000 0.244828 
0.706897 85.000000 0.293103 
0.706897 85.000000 0.293103 
0.720690 81.000000 0.279310 
0.724138 80.000000 0.275862 
0.703448 86.000000 0.296552 
0.741379 75.000000 0.258621 
0.703448 86.000000 0.296552 
0.717241 82.000000 0.282759 
0.703448 86.000000 0.296552 
0.744828 74.000000 0.255172 
0.731034 78.000000 0.268966 
0.748276 73.000000 0.251724 
0.737931 76.000000 0.262069 
0.731034 78.000000 0.268966 
0.734483 77.000000 0.265517 
0.727586 79.000000 0.272414 
0.734483 77.000000 0.265517 
0.693103 89.000000 0.306897 
0.720690 81.000000 0.279310 
0.727586 79.000000 0.272414 
0.751724 72.000000 0.248276 
0.737931 76.000000 0.262069 
0.737931 76.000000 0.262069 
0.720690 81.000000 0.279310 
0.693103 89.000000 0.306897 
0.744828 74.000000 0.255172 
0.782759 63.000000 0.217241 
0.655172 100.000000 0.344828 
0.724138 80.000000 0.275862 
0.758621 70.000000 0.241379 
0.727586 79.000000 0.272414 
0.713793 83.000000 0.286207 
0.700000 87.000000 0.300000 
0.758621 70.000000 0.241379 
0.713793 83.000000 0.286207 
0.662069 98.000000 0.337931 
0.720690 81.000000 0.279310 
0.731034 78.000000 0.268966 
0.686207 91.000000 0.313793 
0.748276 73.000000 0.251724 
0.679310 93.000000 0.320690 
0.768966 67.000000 0.231034 
0.734483 77.000000 0.265517 
0.731034 78.000000 0.268966 
0.689655 90.000000 0.310345 
0.672414 95.000000 0.327586 
0.724138 80.000000 0.275862 
0.744828 74.000000 0.255172 
0.710345 84.000000 0.289655 
0.710345 84.000000 0.289655 
0.748276 73.000000 0.251724 
0.693103 89.000000 0.306897 
0.700000 87.000000 0.300000 
0.731034 78.000000 0.268966 
0.744828 74.000000 0.255172 
0.706897 85.000000 0.293103 
0.713793 83.000000 0.286207 
0.765517 68.000000 0.234483 
0.751724 72.000000 0.248276 
0.717241 82.000000 0.282759 
0.731034 78.000000 0.268966 
0.682759 92.000000 0.317241 
0.734483 77.000000 0.265517 
0.693103 89.000000 0.306897 
0.696552 88.000000 0.303448 
0.713793 83.000000 0.286207 
0.693103 89.000000 0.306897 
0.734483 77.000000 0.265517 
0.744828 74.000000 0.255172 
0.737931 76.000000 0.262069 
0.734483 77.000000 0.265517 
0.672414 95.000000 0.327586 
0.744828 74.000000 0.255172 
0.744828 74.000000 0.255172 
0.720690 81.000000 0.279310 
0.734483 77.000000 0.265517 
0.768966 67.000000 0.231034 
0.731034 78.000000 0.268966 
0.703448 86.000000 0.296552 
0.693103 89.000000 0.306897 
0.755172 71.000000 0.244828 
0.734483 77.000000 0.265517 
0.734483 77.000000 0.265517 
0.741379 75.000000 0.258621 
0.737931 76.000000 0.262069 
0.682759 92.000000 0.317241 
0.762069 69.000000 0.237931 
0.741379 75.000000 0.258621 
0.731034 78.000000 0.268966 
0.727586 79.000000 0.272414 
0.672414 95.000000 0.327586 
0.693103 89.000000 0.306897 
0.755172 71.000000 0.244828 
0.717241 82.000000 0.282759 
0.703448 86.000000 0.296552 
0.720690 81.000000 0.279310 
0.672414 95.000000 0.327586 
0.779310 64.000000 0.220690 
0.703448 86.000000 0.296552 
0.727586 79.000000 0.272414 
0.706897 85.000000 0.293103 
0.755172 71.000000 0.244828 
0.717241 82.000000 0.282759 
0.727586 79.000000 0.272414 
0.706897 85.000000 0.293103 
0.686207 91.000000 0.313793 
0.724138 80.000000 0.275862 
0.737931 76.000000 0.262069 
0.748276 73.000000 0.251724 
0.727586 79.000000 0.272414 
0.744828 74.000000 0.255172 
0.744828 74.000000 0.255172 
0.706897 85.000000 0.293103 
0.744828 74.000000 0.255172 
0.731034 78.000000 0.268966 
0.710345 84.000000 0.289655 
0.751724 72.000000 0.248276 
0.717241 82.000000 0.282759 
0.755172 71.000000 0.244828 
0.741379 75.000000 0.258621 
0.720690 81.000000 0.279310 
0.734483 77.000000 0.265517 
0.658621 99.000000 0.341379 
0.706897 85.000000 0.293103 
0.724138 80.000000 0.275862 
0.751724 72.000000 0.248276 
0.727586 79.000000 0.272414 
0.700000 87.000000 0.300000 
0.672414 95.000000 0.327586 
0.710345 84.000000 0.289655 
0.737931 76.000000 0.262069 
0.706897 85.000000 0.293103 
0.727586 79.000000 0.272414 
0.737931 76.000000 0.262069 
0.737931 76.000000 0.262069 
0.734483 77.000000 0.265517 
0.713793 83.000000 0.286207 
0.734483 77.000000 0.265517 
0.668966 96.000000 0.331034 
0.751724 72.000000 0.248276 
0.710345 84.000000 0.289655 
0.737931 76.000000 0.262069 
0.693103 89.000000 0.306897 
0.758621 70.000000 0.241379 
0.720690 81.000000 0.279310 
0.696552 88.000000 0.303448 
0.724138 80.000000 0.275862 
0.720690 81.000000 0.279310 
0.710345 84.000000 0.289655 
0.762069 69.000000 0.237931 
0.748276 73.000000 0.251724 
0.762069 69.000000 0.237931 
0.710345 84.000000 0.289655 
0.744828 74.000000 0.255172 
0.724138 80.000000 0.275862 
0.731034 78.000000 0.268966 
0.748276 73.000000 0.251724 
0.741379 75.000000 0.258621 
0.734483 77.000000 0.265517 
0.703448 86.000000 0.296552 
0.706897 85.000000 0.293103 
0.724138 80.000000 0.275862 
0.758621 70.000000 0.241379 
0.706897 85.000000 0.293103 
0.741379 75.000000 0.258621 
0.665517 97.000000 0.334483 
0.696552 88.000000 0.303448 
0.744828 74.000000 0.255172 
0.741379 75.000000 0.258621 
0.737931 76.000000 0.262069 
0.713793 83.000000 0.286207 
0.675862 94.000000 0.324138 
0.682759 92.000000 0.317241 
0.734483 77.000000 0.265517 
0.744828 74.000000 0.255172 
0.720690 81.000000 0.279310 
0.748276 73.000000 0.251724 
0.741379 75.000000 0.258621 
0.717241 82.000000 0.282759 
0.748276 73.000000 0.251724 
0.706897 85.000000 0.293103 
0.744828 74.000000 0.255172 
0.693103 89.000000 0.306897 
0.758621 70.000000 0.241379 
0.720690 81.000000 0.279310 
0.706897 85.000000 0.293103 
0.744828 74.000000 0.255172 
0.744828 74.000000 0.255172 
0.741379 75.000000 0.258621 
0.710345 84.000000 0.289655 
0.675862 94.000000 0.324138 
0.700000 87.000000 0.300000 
0.696552 88.000000 0.303448 
0.748276 73.000000 0.251724 
0.734483 77.000000 0.265517 
0.734483 77.000000 0.265517 
0.734483 77.000000 0.265517 
0.713793 83.000000 0.286207 
0.720690 81.000000 0.279310 
0.720690 81.000000 0.279310 
0.724138 80.000000 0.275862 
0.700000 87.000000 0.300000 
0.703448 86.000000 0.296552 
0.700000 87.000000 0.300000 
0.731034 78.000000 0.268966 
0.672414 95.000000 0.327586 
0.682759 92.000000 0.317241 
0.672414 95.000000 0.327586 
0.744828 74.000000 0.255172 
0.737931 76.000000 0.262069 
0.755172 71.000000 0.244828 
0.782759 63.000000 0.217241 
0.703448 86.000000 0.296552 
0.700000 87.000000 0.300000 
0.686207 91.000000 0.313793 
0.762069 69.000000 0.237931 
0.713793 83.000000 0.286207 
0.700000 87.000000 0.300000 
0.755172 71.000000 0.244828 
0.741379 75.000000 0.258621 
0.727586 79.000000 0.272414 
0.737931 76.000000 0.262069 
0.751724 72.000000 0.248276 
0.734483 77.000000 0.265517 
0.731034 78.000000 0.268966 
0.724138 80.000000 0.275862 
0.724138 80.000000 0.275862 
0.641379 104.000000 0.358621 
0.741379 75.000000 0.258621 
0.724138 80.000000 0.275862 
0.689655 90.000000 0.310345 
0.751724 72.000000 0.248276 
0.720690 81.000000 0.279310 
0.737931 76.000000 0.262069 
0.744828 74.000000 0.255172 
0.696552 88.000000 0.303448 
0.779310 64.000000 0.220690 
0.696552 88.000000 0.303448 
0.706897 85.000000 0.293103 
0.720690 81.000000 0.279310 
0.720690 81.000000 0.279310 
0.696552 88.000000 0.303448 
0.727586 79.000000 0.272414 
0.693103 89.000000 0.306897 
0.706897 85.000000 0.293103 
0.751724 72.000000 0.248276 
0.679310 93.000000 0.320690 
0.755172 71.000000 0.244828 
0.717241 82.000000 0.282759 
0.703448 86.000000 0.296552 
0.700000 87.000000 0.300000 
0.737931 76.000000 0.262069 
0.696552 88.000000 0.303448 
0.758621 70.000000 0.241379 
0.689655 90.000000 0.310345 
0.741379 75.000000 0.258621 
0.710345 84.000000 0.289655 
0.737931 76.000000 0.262069 
0.727586 79.000000 0.272414 
0.734483 77.000000 0.265517 
0.706897 85.000000 0.293103 
0.737931 76.000000 0.262069 
0.762069 69.000000 0.237931 
0.751724 72.000000 0.248276 
0.693103 89.000000 0.306897 
0.731034 78.000000 0.268966 
0.717241 82.000000 0.282759 
0.727586 79.000000 0.272414 
0.710345 84.000000 0.289655 
0.696552 88.000000 0.303448 
0.717241 82.000000 0.282759 
0.706897 85.000000 0.293103 
0.741379 75.000000 0.258621 
0.744828 74.000000 0.255172 
0.710345 84.000000 0.289655 
0.720690 81.000000 0.279310 
0.693103 89.000000 0.306897 
0.710345 84.000000 0.289655 
0.686207 91.000000 0.313793 
0.706897 85.000000 0.293103 
0.748276 73.000000 0.251724 
0.700000 87.000000 0.300000 
0.696552 88.000000 0.303448 
0.696552 88.000000 0.303448 
0.713793 83.000000 0.286207 
0.689655 90.000000 0.310345 
0.748276 73.000000 0.251724 
0.713793 83.000000 0.286207 
0.706897 85.000000 0.293103 
0.717241 82.000000 0.282759 
0.786207 62.000000 0.213793 
0.727586 79.000000 0.272414 
0.703448 86.000000 0.296552 
0.703448 86.000000 0.296552 
0.737931 76.000000 0.262069 
0.762069 69.000000 0.237931 
0.751724 72.000000 0.248276 
0.703448 86.000000 0.296552 
0.713793 83.000000 0.286207 
0.665517 97.000000 0.334483 
0.696552 88.000000 0.303448 
0.720690 81.000000 0.279310 
0.737931 76.000000 0.262069 
0.717241 82.000000 0.282759 
0.720690 81.000000 0.279310 
0.706897 85.000000 0.293103 
0.741379 75.000000 0.258621 
0.741379 75.000000 0.258621 
0.737931 76.000000 0.262069 
0.720690 81.000000 0.279310 
0.717241 82.000000 0.282759 
0.762069 69.000000 0.237931 
0.706897 85.000000 0.293103 
0.741379 75.000000 0.258621 
0.727586 79.000000 0.272414 
0.724138 80.000000 0.275862 
0.706897 85.000000 0.293103 
0.720690 81.000000 0.279310 
0.758621 70.000000 0.241379 
0.731034 78.000000 0.268966 
0.751724 72.000000 0.248276 
0.696552 88.000000 0.303448 
0.737931 76.000000 0.262069 
0.696552 88.000000 0.303448 
0.696552 88.000000 0.303448 
0.703448 86.000000 0.296552 
0.744828 74.000000 0.255172 
0.727586 79.000000 0.272414 
0.737931 76.000000 0.262069 
0.758621 70.000000 0.241379 
0.703448 86.000000 0.296552 
0.720690 81.000000 0.279310 
0.724138 80.000000 0.275862 
0.751724 72.000000 0.248276 
0.731034 78.000000 0.268966 
0.720690 81.000000 0.279310 
0.748276 73.000000 0.251724 
0.731034 78.000000 0.268966 
0.782759 63.000000 0.217241 
0.744828 74.000000 0.255172 
0.744828 74.000000 0.255172 
0.693103 89.000000 0.306897 
0.675862 94.000000 0.324138 
0.710345 84.000000 0.289655 
0.751724 72.000000 0.248276 
0.734483 77.000000 0.265517 
0.720690 81.000000 0.279310 
0.710345 84.000000 0.289655 
0.693103 89.000000 0.306897 
0.724138 80.000000 0.275862 
0.700000 87.000000 0.300000 
0.710345 84.000000 0.289655 
0.686207 91.000000 0.313793 
0.727586 79.000000 0.272414 
0.737931 76.000000 0.262069 
0.710345 84.000000 0.289655 
0.741379 75.000000 0.258621 
0.751724 72.000000 0.248276 
0.686207 91.000000 0.313793 
0.679310 93.000000 0.320690 
0.737931 76.000000 0.262069 
0.689655 90.000000 0.310345 
0.706897 85.000000 0.293103 
0.762069 69.000000 0.237931 
0.703448 86.000000 0.296552 
0.748276 73.000000 0.251724 
0.696552 88.000000 0.303448 
0.700000 87.000000 0.300000 
0.741379 75.000000 0.258621 
0.665517 97.000000 0.334483 
0.703448 86.000000 0.296552 
0.744828 74.000000 0.255172 
0.686207 91.000000 0.313793 
0.734483 77.000000 0.265517 
0.720690 81.000000 0.279310 
0.737931 76.000000 0.262069 
0.700000 87.000000 0.300000 
0.706897 85.000000 0.293103 
0.720690 81.000000 0.279310 
0.762069 69.000000 0.237931 
0.717241 82.000000 0.282759 
0.737931 76.000000 0.262069 
0.727586 79.000000 0.272414 
0.734483 77.000000 0.265517 
0.751724 72.000000 0.248276 
0.741379 75.000000 0.258621 
0.693103 89.000000 0.306897 
0.731034 78.000000 0.268966 
0.706897 85.000000 0.293103 
0.713793 83.000000 0.286207 
0.748276 73.000000 0.251724 
0.706897 85.000000 0.293103 
0.672414 95.000000 0.327586 
0.734483 77.000000 0.265517 
0.693103 89.000000 0.306897 
0.713793 83.000000 0.286207 
0.741379 75.000000 0.258621 
0.717241 82.000000 0.282759 
0.706897 85.000000 0.293103 
0.703448 86.000000 0.296552 
0.751724 72.000000 0.248276 
0.724138 80.000000 0.275862 
0.744828 74.000000 0.255172 
0.713793 83.000000 0.286207 
0.751724 72.000000 0.248276 
0.727586 79.000000 0.272414 
0.703448 86.000000 0.296552 
0.737931 76.000000 0.262069 
0.727586 79.000000 0.272414 
0.775862 65.000000 0.224138 
0.731034 78.000000 0.268966 
0.689655 90.000000 0.310345 
0.748276 73.000000 0.251724 
0.772414 66.000000 0.227586 
0.737931 76.000000 0.262069 
0.741379 75.000000 0.258621 
0.713793 83.000000 0.286207 
0.731034 78.000000 0.268966 
0.717241 82.000000 0.282759 
0.741379 75.000000 0.258621 
0.727586 79.000000 0.272414 
0.706897 85.000000 0.293103 
0.686207 91.000000 0.313793 
0.775862 65.000000 0.224138 
0.758621 70.000000 0.241379 
0.724138 80.000000 0.275862 
0.751724 72.000000 0.248276 
0.717241 82.000000 0.282759 
0.734483 77.000000 0.265517 
0.689655 90.000000 0.310345 
0.731034 78.000000 0.268966 
0.710345 84.000000 0.289655 
0.724138 80.000000 0.275862 
0.744828 74.000000 0.255172 
0.727586 79.000000 0.272414 
0.727586 79.000000 0.272414 
0.775862 65.000000 0.224138 
0.737931 76.000000 0.262069 
0.700000 87.000000 0.300000 
0.703448 86.000000 0.296552 
0.720690 81.000000 0.279310 
0.713793 83.000000 0.286207 
0.731034 78.000000 0.268966 
0.724138 80.000000 0.275862 
0.706897 85.000000 0.293103 
0.696552 88.000000 0.303448 
0.713793 83.000000 0.286207 
0.713793 83.000000 0.286207 
0.751724 72.000000 0.248276 
0.731034 78.000000 0.268966 
0.713793 83.000000 0.286207 
0.734483 77.000000 0.265517 
0.710345 84.000000 0.289655 
0.717241 82.000000 0.282759 
0.720690 81.000000 0.279310 
0.700000 87.000000 0.300000 
0.689655 90.000000 0.310345 
0.686207 91.000000 0.313793 
0.693103 89.000000 0.306897 
0.682759 92.000000 0.317241 
0.689655 90.000000 0.310345 
0.696552 88.000000 0.303448 
0.744828 74.000000 0.255172 
0.706897 85.000000 0.293103 
0.710345 84.000000 0.289655 
0.724138 80.000000 0.275862 
0.751724 72.000000 0.248276 
0.755172 71.000000 0.244828 
0.744828 74.000000 0.255172 
0.710345 84.000000 0.289655 
0.731034 78.000000 0.268966 
0.727586 79.000000 0.272414 
0.720690 81.000000 0.279310 
0.737931 76.000000 0.262069 
0.748276 73.000000 0.251724 
0.689655 90.000000 0.310345 
0.748276 73.000000 0.251724 
0.755172 71.000000 0.244828 
0.755172 71.000000 0.244828 
0.772414 66.000000 0.227586 
0.758621 70.000000 0.241379 
0.706897 85.000000 0.293103 
0.741379 75.000000 0.258621 
0.751724 72.000000 0.248276 
0.779310 64.000000 0.220690 
0.772414 66.000000 0.227586 
0.703448 86.000000 0.296552 
0.724138 80.000000 0.275862 
0.737931 76.000000 0.262069 
0.731034 78.000000 0.268966 
0.734483 77.000000 0.265517 
0.762069 69.000000 0.237931 
0.696552 88.000000 0.303448 
0.717241 82.000000 0.282759 
0.768966 67.000000 0.231034 
0.772414 66.000000 0.227586 
0.703448 86.000000 0.296552 
0.713793 83.000000 0.286207 
0.734483 77.000000 0.265517 
0.679310 93.000000 0.320690 
0.731034 78.000000 0.268966 
0.724138 80.000000 0.275862 
0.717241 82.000000 0.282759 
0.751724 72.000000 0.248276 
0.675862 94.000000 0.324138 
0.696552 88.000000 0.303448 
0.744828 74.000000 0.255172 
0.751724 72.000000 0.248276 
0.710345 84.000000 0.289655 
0.700000 87.000000 0.300000 
0.641379 104.000000 0.358621 
0.758621 70.000000 0.241379 
0.675862 94.000000 0.324138 
0.720690 81.000000 0.279310 
0.734483 77.000000 0.265517 
0.758621 70.000000 0.241379 
0.731034 78.000000 0.268966 
0.710345 84.000000 0.289655 
0.737931 76.000000 0.262069 
0.731034 78.000000 0.268966 
0.727586 79.000000 0.272414 
0.768966 67.000000 0.231034 
0.724138 80.000000 0.275862 
0.717241 82.000000 0.282759 
0.741379 75.000000 0.258621 
0.751724 72.000000 0.248276 
0.717241 82.000000 0.282759 
0.720690 81.000000 0.279310 
0.703448 86.000000 0.296552 
0.741379 75.000000 0.258621 
0.717241 82.000000 0.282759 
0.710345 84.000000 0.289655 
0.772414 66.000000 0.227586 
0.731034 78.000000 0.268966 
0.741379 75.000000 0.258621 
0.765517 68.000000 0.234483 
0.748276 73.000000 0.251724 
0.727586 79.000000 0.272414 
0.696552 88.000000 0.303448 
0.751724 72.000000 0.248276 
0.651724 101.000000 0.348276 
0.710345 84.000000 0.289655 
0.724138 80.000000 0.275862 
0.758621 70.000000 0.241379 
0.717241 82.000000 0.282759 
0.682759 92.000000 0.317241 
0.703448 86.000000 0.296552 
0.727586 79.000000 0.272414 
0.744828 74.000000 0.255172 
0.696552 88.000000 0.303448 
0.758621 70.000000 0.241379 
0.748276 73.000000 0.251724 
0.765517 68.000000 0.234483 
0.713793 83.000000 0.286207 
0.731034 78.000000 0.268966 
0.700000 87.000000 0.300000 
0.720690 81.000000 0.279310 
0.703448 86.000000 0.296552 
0.689655 90.000000 0.310345 
0.744828 74.000000 0.255172 
0.713793 83.000000 0.286207 
0.768966 67.000000 0.231034 
0.727586 79.000000 0.272414 
0.741379 75.000000 0.258621 
0.696552 88.000000 0.303448 
0.700000 87.000000 0.300000 
0.744828 74.000000 0.255172 
0.720690 81.000000 0.279310 
0.775862 65.000000 0.224138 
0.751724 72.000000 0.248276 
0.703448 86.000000 0.296552 
0.727586 79.000000 0.272414 
0.703448 86.000000 0.296552 
0.762069 69.000000 0.237931 
0.765517 68.000000 0.234483 
0.703448 86.000000 0.296552 
0.710345 84.000000 0.289655 
0.713793 83.000000 0.286207 
0.737931 76.000000 0.262069 
0.751724 72.000000 0.248276 
0.717241 82.000000 0.282759 
0.686207 91.000000 0.313793 
0.775862 65.000000 0.224138 
0.693103 89.000000 0.306897 
0.703448 86.000000 0.296552 
0.724138 80.000000 0.275862 
0.693103 89.000000 0.306897 
0.703448 86.000000 0.296552 
0.717241 82.000000 0.282759 
0.710345 84.000000 0.289655 
0.696552 88.000000 0.303448 
0.689655 90.000000 0.310345 
0.679310 93.000000 0.320690 
0.741379 75.000000 0.258621 
0.751724 72.000000 0.248276 
0.710345 84.000000 0.289655 
0.724138 80.000000 0.275862 
0.779310 64.000000 0.220690 
0.731034 78.000000 0.268966 
0.748276 73.000000 0.251724 
0.765517 68.000000 0.234483 
0.696552 88.000000 0.303448 
0.734483 77.000000 0.265517 
0.717241 82.000000 0.282759 
0.748276 73.000000 0.251724 
0.734483 77.000000 0.265517 
0.703448 86.000000 0.296552 
0.696552 88.000000 0.303448 
0.693103 89.000000 0.306897 
0.682759 92.000000 0.317241 
0.751724 72.000000 0.248276 
0.686207 91.000000 0.313793 
0.724138 80.000000 0.275862 
0.762069 69.000000 0.237931 
0.724138 80.000000 0.275862 
0.751724 72.000000 0.248276 
0.706897 85.000000 0.293103 
0.703448 86.000000 0.296552 
0.696552 88.000000 0.303448 
0.758621 70.000000 0.241379 
0.748276 73.000000 0.251724 
0.731034 78.000000 0.268966 
0.762069 69.000000 0.237931 
0.744828 74.000000 0.255172 
0.706897 85.000000 0.293103 
0.717241 82.000000 0.282759 
0.717241 82.000000 0.282759 
0.755172 71.000000 0.244828 
0.717241 82.000000 0.282759 
0.751724 72.000000 0.248276 
0.710345 84.000000 0.289655 
0.693103 89.000000 0.306897 
0.724138 80.000000 0.275862 
0.762069 69.000000 0.237931 
0.720690 81.000000 0.279310 
0.682759 92.000000 0.317241 
0.724138 80.000000 0.275862 
0.734483 77.000000 0.265517 
0.727586 79.000000 0.272414 
0.748276 73.000000 0.251724 
0.737931 76.000000 0.262069 
0.800000 58.000000 0.200000 
0.713793 83.000000 0.286207 
0.689655 90.000000 0.310345 
0.710345 84.000000 0.289655 
0.703448 86.000000 0.296552 
0.713793 83.000000 0.286207 
0.744828 74.000000 0.255172 
0.734483 77.000000 0.265517 
0.734483 77.000000 0.265517 
0.720690 81.000000 0.279310 
0.737931 76.000000 0.262069 
0.700000 87.000000 0.300000 
0.744828 74.000000 0.255172 
0.717241 82.000000 0.282759 
0.734483 77.000000 0.265517 
0.724138 80.000000 0.275862 
0.734483 77.000000 0.265517 
0.713793 83.000000 0.286207 
0.706897 85.000000 0.293103 
0.710345 84.000000 0.289655 
0.700000 87.000000 0.300000 
0.727586 79.000000 0.272414 
0.651724 101.000000 0.348276 
0.720690 81.000000 0.279310 
0.731034 78.000000 0.268966 
0.720690 81.000000 0.279310 
0.741379 75.000000 0.258621 
0.720690 81.000000 0.279310 
0.737931 76.000000 0.262069 
0.713793 83.000000 0.286207 
0.686207 91.000000 0.313793 
0.696552 88.000000 0.303448 
0.710345 84.000000 0.289655 
0.706897 85.000000 0.293103 
0.693103 89.000000 0.306897 
0.748276 73.000000 0.251724 
0.717241 82.000000 0.282759 
0.706897 85.000000 0.293103 
0.727586 79.000000 0.272414 
0.734483 77.000000 0.265517 
0.751724 72.000000 0.248276 
0.703448 86.000000 0.296552 
0.731034 78.000000 0.268966 
0.696552 88.000000 0.303448 
0.768966 67.000000 0.231034 
0.720690 81.000000 0.279310 
0.751724 72.000000 0.248276 
0.713793 83.000000 0.286207 
0.762069 69.000000 0.237931 
0.700000 87.000000 0.300000 
0.717241 82.000000 0.282759 
0.717241 82.000000 0.282759 
0.675862 94.000000 0.324138 
0.706897 85.000000 0.293103 
0.727586 79.000000 0.272414 
0.689655 90.000000 0.310345 
0.765517 68.000000 0.234483 
0.727586 79.000000 0.272414 
0.751724 72.000000 0.248276 
0.734483 77.000000 0.265517 
0.710345 84.000000 0.289655 
0.724138 80.000000 0.275862 
0.751724 72.000000 0.248276 
0.737931 76.000000 0.262069 
0.689655 90.000000 0.310345 
0.779310 64.000000 0.220690 
0.768966 67.000000 0.231034 
0.737931 76.000000 0.262069 
0.734483 77.000000 0.265517 
0.775862 65.000000 0.224138 
0.731034 78.000000 0.268966 
0.758621 70.000000 0.241379 
0.706897 85.000000 0.293103 
0.706897 85.000000 0.293103 
0.710345 84.000000 0.289655 
0.741379 75.000000 0.258621 
0.765517 68.000000 0.234483 
0.744828 74.000000 0.255172 
0.700000 87.000000 0.300000 
0.713793 83.000000 0.286207 
0.734483 77.000000 0.265517 
0.658621 99.000000 0.341379 
0.717241 82.000000 0.282759 
0.734483 77.000000 0.265517 
0.727586 79.000000 0.272414 
0.731034 78.000000 0.268966 
0.734483 77.000000 0.265517 
0.741379 75.000000 0.258621 
0.727586 79.000000 0.272414 
0.755172 71.000000 0.244828 
0.720690 81.000000 0.279310 
0.720690 81.000000 0.279310 
0.662069 98.000000 0.337931 
0.741379 75.000000 0.258621 
0.693103 89.000000 0.306897 
0.700000 87.000000 0.300000 
0.720690 81.000000 0.279310 
0.734483 77.000000 0.265517 
0.717241 82.000000 0.282759 
0.737931 76.000000 0.262069 
0.755172 71.000000 0.244828 
0.727586 79.000000 0.272414 
0.720690 81.000000 0.279310 
0.703448 86.000000 0.296552 
0.696552 88.000000 0.303448 
0.744828 74.000000 0.255172 
0.765517 68.000000 0.234483 
0.720690 81.000000 0.279310 
0.731034 78.000000 0.268966 
0.741379 75.000000 0.258621 
0.720690 81.000000 0.279310 
0.734483 77.000000 0.265517 
0.775862 65.000000 0.224138 
0.731034 78.000000 0.268966 
0.775862 65.000000 0.224138 
0.706897 85.000000 0.293103 
0.758621 70.000000 0.241379 
0.762069 69.000000 0.237931 
0.703448 86.000000 0.296552 
0.706897 85.000000 0.293103 
0.710345 84.000000 0.289655 
0.748276 73.000000 0.251724 
0.700000 87.000000 0.300000 
0.768966 67.000000 0.231034 
0.679310 93.000000 0.320690 
0.720690 81.000000 0.279310 
0.700000 87.000000 0.300000 
0.751724 72.000000 0.248276 
0.720690 81.000000 0.279310 
0.696552 88.000000 0.303448 
0.731034 78.000000 0.268966 
0.682759 92.000000 0.317241 
0.737931 76.000000 0.262069 
0.744828 74.000000 0.255172 
0.758621 70.000000 0.241379 
0.686207 91.000000 0.313793 
0.734483 77.000000 0.265517 
0.744828 74.000000 0.255172 
0.713793 83.000000 0.286207 
0.672414 95.000000 0.327586 
0.693103 89.000000 0.306897 
0.737931 76.000000 0.262069 
0.689655 90.000000 0.310345 
0.758621 70.000000 0.241379 
0.675862 94.000000 0.324138 
0.737931 76.000000 0.262069 
0.710345 84.000000 0.289655 
0.775862 65.000000 0.224138 
0.696552 88.000000 0.303448 
0.703448 86.000000 0.296552 
0.710345 84.000000 0.289655 
0.696552 88.000000 0.303448 
0.724138 80.000000 0.275862 
0.762069 69.000000 0.237931 
0.737931 76.000000 0.262069 
0.748276 73.000000 0.251724 
0.734483 77.000000 0.265517 
0.734483 77.000000 0.265517 
0.703448 86.000000 0.296552 
0.706897 85.000000 0.293103 
0.779310 64.000000 0.220690 
0.720690 81.000000 0.279310 
0.731034 78.000000 0.268966 
0.703448 86.000000 0.296552 
0.758621 70.000000 0.241379 
0.734483 77.000000 0.265517 
0.737931 76.000000 0.262069 
0.703448 86.000000 0.296552 
0.679310 93.000000 0.320690 
0.713793 83.000000 0.286207 
0.744828 74.000000 0.255172 
0.710345 84.000000 0.289655 
0.703448 86.000000 0.296552 
0.717241 82.000000 0.282759 
0.693103 89.000000 0.306897 
0.813793 54.000000 0.186207 
0.717241 82.000000 0.282759 
0.700000 87.000000 0.300000 
0.689655 90.000000 0.310345 
0.731034 78.000000 0.268966 
0.727586 79.000000 0.272414 
0.744828 74.000000 0.255172 
0.748276 73.000000 0.251724 
0.693103 89.000000 0.306897 
0.727586 79.000000 0.272414 
0.727586 79.000000 0.272414 
0.748276 73.000000 0.251724 
0.755172 71.000000 0.244828 
0.710345 84.000000 0.289655 
0.734483 77.000000 0.265517 
0.706897 85.000000 0.293103 
0.737931 76.000000 0.262069 
0.731034 78.000000 0.268966 
0.751724 72.000000 0.248276 
0.710345 84.000000 0.289655 
0.734483 77.000000 0.265517 
0.727586 79.000000 0.272414 
0.686207 91.000000 0.313793 
0.731034 78.000000 0.268966 
0.720690 81.000000 0.279310 
0.724138 80.000000 0.275862 
0.696552 88.000000 0.303448 
0.724138 80.000000 0.275862 
0.648276 102.000000 0.351724 
0.734483 77.000000 0.265517 
0.775862 65.000000 0.224138 
0.724138 80.000000 0.275862 
0.700000 87.000000 0.300000 
0.686207 91.000000 0.313793 
0.693103 89.000000 0.306897 
0.720690 81.000000 0.279310 
0.686207 91.000000 0.313793 
0.693103 89.000000 0.306897 
0.720690 81.000000 0.279310 
0.700000 87.000000 0.300000 
0.748276 73.000000 0.251724 
0.744828 74.000000 0.255172 
0.741379 75.000000 0.258621 
0.717241 82.000000 0.282759 
0.703448 86.000000 0.296552 
0.713793 83.000000 0.286207 
0.700000 87.000000 0.300000 
0.706897 85.000000 0.293103 
0.734483 77.000000 0.265517 
0.713793 83.000000 0.286207 
0.758621 70.000000 0.241379 
0.717241 82.000000 0.282759 
0.700000 87.000000 0.300000 
0.768966 67.000000 0.231034 
0.727586 79.000000 0.272414 
0.737931 76.000000 0.262069 
0.727586 79.000000 0.272414 
0.751724 72.000000 0.248276 
0.696552 88.000000 0.303448 
0.731034 78.000000 0.268966 
0.768966 67.000000 0.231034 
0.720690 81.000000 0.279310 
0.727586 79.000000 0.272414 
0.772414 66.000000 0.227586 
0.713793 83.000000 0.286207 
0.686207 91.000000 0.313793 
0.724138 80.000000 0.275862 
0.700000 87.000000 0.300000 
0.737931 76.000000 0.262069 
0.737931 76.000000 0.262069 
0.741379 75.000000 0.258621 
0.713793 83.000000 0.286207 
0.758621 70.000000 0.241379 
0.727586 79.000000 0.272414 
0.768966 67.000000 0.231034 
0.731034 78.000000 0.268966 
0.731034 78.000000 0.268966 
0.700000 87.000000 0.300000 
0.720690 81.000000 0.279310 
0.703448 86.000000 0.296552 
0.720690 81.000000 0.279310 
0.727586 79.000000 0.272414 
0.724138 80.000000 0.275862 
0.724138 80.000000 0.275862 
0.713793 83.000000 0.286207 
0.737931 76.000000 0.262069 
0.717241 82.000000 0.282759 
0.779310 64.000000 0.220690 
0.696552 88.000000 0.303448 
0.751724 72.000000 0.248276 
0.758621 70.000000 0.241379 
0.662069 98.000000 0.337931 
0.755172 71.000000 0.244828 
0.720690 81.000000 0.279310 
0.717241 82.000000 0.282759 
0.724138 80.000000 0.275862 
0.717241 82.000000 0.282759 
0.772414 66.000000 0.227586 
0.758621 70.000000 0.241379 
0.700000 87.000000 0.300000 
0.686207 91.000000 0.313793 
0.720690 81.000000 0.279310 
0.727586 79.000000 0.272414 
0.693103 89.000000 0.306897 
0.755172 71.000000 0.244828 
0.720690 81.000000 0.279310 
0.734483 77.000000 0.265517 
0.737931 76.000000 0.262069 
0.717241 82.000000 0.282759 
0.727586 79.000000 0.272414 
0.741379 75.000000 0.258621 
0.700000 87.000000 0.300000 
0.682759 92.000000 0.317241 
0.765517 68.000000 0.234483 
0.772414 66.000000 0.227586 
0.727586 79.000000 0.272414 
0.744828 74.000000 0.255172 
0.793103 60.000000 0.206897 
0.713793 83.000000 0.286207 
0.758621 70.000000 0.241379 
0.696552 88.000000 0.303448 
0.706897 85.000000 0.293103 
0.703448 86.000000 0.296552 
0.720690 81.000000 0.279310 
0.768966 67.000000 0.231034 
0.741379 75.000000 0.258621 
0.720690 81.000000 0.279310 
0.713793 83.000000 0.286207 
0.765517 68.000000 0.234483 
0.768966 67.000000 0.231034 
0.737931 76.000000 0.262069 
0.755172 71.000000 0.244828 
0.755172 71.000000 0.244828 
0.731034 78.000000 0.268966 
0.696552 88.000000 0.303448 
0.724138 80.000000 0.275862 
0.755172 71.000000 0.244828 
0.689655 90.000000 0.310345 
0.768966 67.000000 0.231034 
0.696552 88.000000 0.303448 
0.751724 72.000000 0.248276 
0.675862 94.000000 0.324138 
0.762069 69.000000 0.237931 
0.731034 78.000000 0.268966 
0.765517 68.000000 0.234483 
0.758621 70.000000 0.241379 
0.744828 74.000000 0.255172 
0.717241 82.000000 0.282759 
0.717241 82.000000 0.282759 
0.686207 91.000000 0.313793 
0.710345 84.000000 0.289655 
0.717241 82.000000 0.282759 
0.727586 79.000000 0.272414 
0.713793 83.000000 0.286207 
0.682759 92.000000 0.317241 
0.700000 87.000000 0.300000 
0.741379 75.000000 0.258621 
0.706897 85.000000 0.293103 
0.717241 82.000000 0.282759 
0.734483 77.000000 0.265517 
0.700000 87.000000 0.300000 
0.741379 75.000000 0.258621 
0.693103 89.000000 0.306897 
0.744828 74.000000 0.255172 
0.675862 94.000000 0.324138 
0.751724 72.000000 0.248276 
0.731034 78.000000 0.268966 
0.668966 96.000000 0.331034 
0.734483 77.000000 0.265517 
0.703448 86.000000 0.296552 
0.744828 74.000000 0.255172 
0.724138 80.000000 0.275862 
0.748276 73.000000 0.251724 
0.717241 82.000000 0.282759 
0.748276 73.000000 0.251724 
0.703448 86.000000 0.296552 
0.737931 76.000000 0.262069 
0.741379 75.000000 0.258621 
0.748276 73.000000 0.251724 
0.700000 87.000000 0.300000 
0.720690 81.000000 0.279310 
0.734483 77.000000 0.265517 
0.741379 75.000000 0.258621 
0.686207 91.000000 0.313793 
0.686207 91.000000 0.313793 
0.744828 74.000000 0.255172 
0.717241 82.000000 0.282759 
0.696552 88.000000 0.303448 
0.689655 90.000000 0.310345 
0.758621 70.000000 0.241379 
0.751724 72.000000 0.248276 
0.724138 80.000000 0.275862 
0.686207 91.000000 0.313793 
0.717241 82.000000 0.282759 
0.689655 90.000000 0.310345 
0.751724 72.000000 0.248276 
0.696552 88.000000 0.303448 
0.679310 93.000000 0.320690 
0.720690 81.000000 0.279310 
0.717241 82.000000 0.282759 
0.696552 88.000000 0.303448 
0.700000 87.000000 0.300000 
0.775862 65.000000 0.224138 
0.686207 91.000000 0.313793 
0.706897 85.000000 0.293103 
0.731034 78.000000 0.268966 
0.720690 81.000000 0.279310 
0.672414 95.000000 0.327586 
0.741379 75.000000 0.258621 
0.744828 74.000000 0.255172 
0.686207 91.000000 0.313793 
0.734483 77.000000 0.265517 
0.727586 79.000000 0.272414 
0.744828 74.000000 0.255172 
0.744828 74.000000 0.255172 
0.731034 78.000000 0.268966 
0.703448 86.000000 0.296552 
0.706897 85.000000 0.293103 
0.744828 74.000000 0.255172 
0.765517 68.000000 0.234483 
0.724138 80.000000 0.275862 
0.744828 74.000000 0.255172 
0.751724 72.000000 0.248276 
0.689655 90.000000 0.310345 
0.734483 77.000000 0.265517 
0.751724 72.000000 0.248276 
0.710345 84.000000 0.289655 
0.748276 73.000000 0.251724 
0.724138 80.000000 0.275862 
0.713793 83.000000 0.286207 
0.724138 80.000000 0.275862 
0.713793 83.000000 0.286207 
0.706897 85.000000 0.293103 
0.717241 82.000000 0.282759 
0.751724 72.000000 0.248276 
0.706897 85.000000 0.293103 
0.724138 80.000000 0.275862 
0.713793 83.000000 0.286207 
0.731034 78.000000 0.268966 
0.720690 81.000000 0.279310 
0.748276 73.000000 0.251724 
0.693103 89.000000 0.306897 
0.748276 73.000000 0.251724 
0.731034 78.000000 0.268966 
0.731034 78.000000 0.268966 
0.693103 89.000000 0.306897 
0.744828 74.000000 0.255172 
0.717241 82.000000 0.282759 
0.696552 88.000000 0.303448 
0.668966 96.000000 0.331034 
0.731034 78.000000 0.268966 
0.706897 85.000000 0.293103 
0.700000 87.000000 0.300000 
0.751724 72.000000 0.248276 
0.751724 72.000000 0.248276 
0.717241 82.000000 0.282759 
0.727586 79.000000 0.272414 
0.720690 81.000000 0.279310 
0.665517 97.000000 0.334483 
0.682759 92.000000 0.317241 
0.696552 88.000000 0.303448 
0.703448 86.000000 0.296552 
0.703448 86.000000 0.296552 
0.710345 84.000000 0.289655 
0.731034 78.000000 0.268966 
0.775862 65.000000 0.224138 
0.724138 80.000000 0.275862 
0.744828 74.000000 0.255172 
0.741379 75.000000 0.258621 
0.717241 82.000000 0.282759 
0.762069 69.000000 0.237931 
0.713793 83.000000 0.286207 
0.682759 92.000000 0.317241 
0.737931 76.000000 0.262069 
0.731034 78.000000 0.268966 
0.775862 65.000000 0.224138 
0.713793 83.000000 0.286207 
0.731034 78.000000 0.268966 
0.720690 81.000000 0.279310 
0.731034 78.000000 0.268966 
0.731034 78.000000 0.268966 
0.741379 75.000000 0.258621 
0.710345 84.000000 0.289655 
0.713793 83.000000 0.286207 
0.706897 85.000000 0.293103 
0.675862 94.000000 0.324138 
0.710345 84.000000 0.289655 
0.700000 87.000000 0.300000 
0.689655 90.000000 0.310345 
0.710345 84.000000 0.289655 
0.744828 74.000000 0.255172 
0.748276 73.000000 0.251724 
0.737931 76.000000 0.262069 
0.748276 73.000000 0.251724 
0.700000 87.000000 0.300000 
0.724138 80.000000 0.275862 
0.731034 78.000000 0.268966 
0.731034 78.000000 0.268966 
0.741379 75.000000 0.258621 
0.744828 74.000000 0.255172 
0.713793 83.000000 0.286207 
0.744828 74.000000 0.255172 
0.693103 89.000000 0.306897 
0.731034 78.000000 0.268966 
0.744828 74.000000 0.255172 
0.724138 80.000000 0.275862 
0.751724 72.000000 0.248276 
0.717241 82.000000 0.282759 
0.717241 82.000000 0.282759 
0.724138 80.000000 0.275862 
0.713793 83.000000 0.286207 
0.748276 73.000000 0.251724 
0.668966 96.000000 0.331034 
0.786207 62.000000 0.213793 
0.751724 72.000000 0.248276 
0.734483 77.000000 0.265517 
0.703448 86.000000 0.296552 
0.717241 82.000000 0.282759 
0.727586 79.000000 0.272414 
0.741379 75.000000 0.258621 
0.748276 73.000000 0.251724 
0.744828 74.000000 0.255172 
0.755172 71.000000 0.244828 
0.703448 86.000000 0.296552 
0.713793 83.000000 0.286207 
0.727586 79.000000 0.272414 
0.706897 85.000000 0.293103 
0.755172 71.000000 0.244828 
0.727586 79.000000 0.272414 
0.755172 71.000000 0.244828 
0.741379 75.000000 0.258621 
0.737931 76.000000 0.262069 
0.734483 77.000000 0.265517 
0.689655 90.000000 0.310345 
0.731034 78.000000 0.268966 
0.765517 68.000000 0.234483 
0.786207 62.000000 0.213793 
0.734483 77.000000 0.265517 
0.731034 78.000000 0.268966 
0.737931 76.000000 0.262069 
0.720690 81.000000 0.279310 
0.741379 75.000000 0.258621 
0.713793 83.000000 0.286207 
0.717241 82.000000 0.282759 
0.710345 84.000000 0.289655 
0.720690 81.000000 0.279310 
0.706897 85.000000 0.293103 
0.717241 82.000000 0.282759 
0.700000 87.000000 0.300000 
0.662069 98.000000 0.337931 
0.734483 77.000000 0.265517 
0.741379 75.000000 0.258621 
0.731034 78.000000 0.268966 
0.717241 82.000000 0.282759 
0.731034 78.000000 0.268966 
0.731034 78.000000 0.268966 
0.751724 72.000000 0.248276 
0.734483 77.000000 0.265517 
0.689655 90.000000 0.310345 
0.737931 76.000000 0.262069 
0.706897 85.000000 0.293103 
0.710345 84.000000 0.289655 
0.727586 79.000000 0.272414 
0.734483 77.000000 0.265517 
0.720690 81.000000 0.279310 
0.720690 81.000000 0.279310 
0.700000 87.000000 0.300000 
0.737931 76.000000 0.262069 
0.696552 88.000000 0.303448 
0.737931 76.000000 0.262069 
0.741379 75.000000 0.258621 
0.727586 79.000000 0.272414 
0.717241 82.000000 0.282759 
0.717241 82.000000 0.282759 
0.696552 88.000000 0.303448 
0.772414 66.000000 0.227586 
0.744828 74.000000 0.255172 
0.717241 82.000000 0.282759 
0.713793 83.000000 0.286207 
0.717241 82.000000 0.282759 
0.768966 67.000000 0.231034 
0.706897 85.000000 0.293103 
0.734483 77.000000 0.265517 
0.720690 81.000000 0.279310 
0.693103 89.000000 0.306897 
0.713793 83.000000 0.286207 
0.724138 80.000000 0.275862 
0.710345 84.000000 0.289655 
0.755172 71.000000 0.244828 
0.737931 76.000000 0.262069 
0.789655 61.000000 0.210345 
0.727586 79.000000 0.272414 
0.751724 72.000000 0.248276 
0.689655 90.000000 0.310345 
0.706897 85.000000 0.293103 
0.686207 91.000000 0.313793 
0.713793 83.000000 0.286207 
0.744828 74.000000 0.255172 
0.731034 78.000000 0.268966 
0.737931 76.000000 0.262069 
0.762069 69.000000 0.237931 
0.724138 80.000000 0.275862 
0.727586 79.000000 0.272414 
0.693103 89.000000 0.306897 
0.713793 83.000000 0.286207 
0.682759 92.000000 0.317241 
0.734483 77.000000 0.265517 
0.706897 85.000000 0.293103 
0.689655 90.000000 0.310345 
0.731034 78.000000 0.268966 
0.696552 88.000000 0.303448 
0.737931 76.000000 0.262069 
0.755172 71.000000 0.244828 
0.741379 75.000000 0.258621 
0.717241 82.000000 0.282759 
0.741379 75.000000 0.258621 
0.717241 82.000000 0.282759 
0.727586 79.000000 0.272414 
0.727586 79.000000 0.272414 
0.720690 81.000000 0.279310 
0.665517 97.000000 0.334483 
0.741379 75.000000 0.258621 
0.758621 70.000000 0.241379 
0.724138 80.000000 0.275862 
0.737931 76.000000 0.262069 
0.703448 86.000000 0.296552 
0.717241 82.000000 0.282759 
0.744828 74.000000 0.255172 
0.734483 77.000000 0.265517 
0.696552 88.000000 0.303448 
0.744828 74.000000 0.255172 
0.710345 84.000000 0.289655 
0.706897 85.000000 0.293103 
0.693103 89.000000 0.306897 
0.720690 81.000000 0.279310 
0.717241 82.000000 0.282759 
0.710345 84.000000 0.289655 
0.710345 84.000000 0.289655 
0.724138 80.000000 0.275862 
0.751724 72.000000 0.248276 
0.779310 64.000000 0.220690 
0.672414 95.000000 0.327586 
0.706897 85.000000 0.293103 
0.737931 76.000000 0.262069 
0.693103 89.000000 0.306897 
0.693103 89.000000 0.306897 
0.727586 79.000000 0.272414 
0.755172 71.000000 0.244828 
0.703448 86.000000 0.296552 
0.748276 73.000000 0.251724 
0.717241 82.000000 0.282759 
0.758621 70.000000 0.241379 
0.724138 80.000000 0.275862 
0.724138 80.000000 0.275862 
0.751724 72.000000 0.248276 
0.720690 81.000000 0.279310 
0.706897 85.000000 0.293103 
0.720690 81.000000 0.279310 
0.734483 77.000000 0.265517 
0.731034 78.000000 0.268966 
0.713793 83.000000 0.286207 
0.700000 87.000000 0.300000 
0.703448 86.000000 0.296552 
0.703448 86.000000 0.296552 
0.731034 78.000000 0.268966 
0.744828 74.000000 0.255172 
0.731034 78.000000 0.268966 
0.755172 71.000000 0.244828 
0.737931 76.000000 0.262069 
0.710345 84.000000 0.289655 
0.731034 78.000000 0.268966 
0.724138 80.000000 0.275862 
0.741379 75.000000 0.258621 
0.720690 81.000000 0.279310 
0.689655 90.000000 0.310345 
0.710345 84.000000 0.289655 
0.713793 83.000000 0.286207 
0.679310 93.000000 0.320690 
0.724138 80.000000 0.275862 
0.768966 67.000000 0.231034 
0.772414 66.000000 0.227586 
0.748276 73.000000 0.251724 
0.693103 89.000000 0.306897 
0.696552 88.000000 0.303448 
0.731034 78.000000 0.268966 
0.731034 78.000000 0.268966 
0.737931 76.000000 0.262069 
0.696552 88.000000 0.303448 
0.682759 92.000000 0.317241 
0.724138 80.000000 0.275862 
0.706897 85.000000 0.293103 
0.758621 70.000000 0.241379 
0.737931 76.000000 0.262069 
0.713793 83.000000 0.286207 
0.765517 68.000000 0.234483 
0.713793 83.000000 0.286207 
0.679310 93.000000 0.320690 
0.700000 87.000000 0.300000 
0.717241 82.000000 0.282759 
0.710345 84.000000 0.289655 
0.744828 74.000000 0.255172 
0.720690 81.000000 0.279310 
0.727586 79.000000 0.272414 
0.717241 82.000000 0.282759 
0.689655 90.000000 0.310345 
0.706897 85.000000 0.293103 
0.679310 93.000000 0.320690 
0.755172 71.000000 0.244828 
0.693103 89.000000 0.306897 
0.731034 78.000000 0.268966 
0.734483 77.000000 0.265517 
0.720690 81.000000 0.279310 
0.734483 77.000000 0.265517 
0.668966 96.000000 0.331034 
0.696552 88.000000 0.303448 
0.724138 80.000000 0.275862 
0.751724 72.000000 0.248276 
0.727586 79.000000 0.272414 
0.741379 75.000000 0.258621 
0.710345 84.000000 0.289655 
0.751724 72.000000 0.248276 
0.765517 68.000000 0.234483 
0.675862 94.000000 0.324138 
0.696552 88.000000 0.303448 
0.710345 84.000000 0.289655 
0.720690 81.000000 0.279310 
0.706897 85.000000 0.293103 
0.717241 82.000000 0.282759 
0.731034 78.000000 0.268966 
0.717241 82.000000 0.282759 
0.700000 87.000000 0.300000 
0.710345 84.000000 0.289655 
0.689655 90.000000 0.310345 
0.755172 71.000000 0.244828 
0.737931 76.000000 0.262069 
0.706897 85.000000 0.293103 
0.751724 72.000000 0.248276 
0.700000 87.000000 0.300000 
0.734483 77.000000 0.265517 
0.689655 90.000000 0.310345 
0.675862 94.000000 0.324138 
0.682759 92.000000 0.317241 
0.696552 88.000000 0.303448 
0.717241 82.000000 0.282759 
0.689655 90.000000 0.310345 
0.686207 91.000000 0.313793 
0.693103 89.000000 0.306897 
0.734483 77.000000 0.265517 
0.713793 83.000000 0.286207 
0.700000 87.000000 0.300000 
0.682759 92.000000 0.317241 
0.686207 91.000000 0.313793 
0.748276 73.000000 0.251724 
0.713793 83.000000 0.286207 
0.717241 82.000000 0.282759 
0.758621 70.000000 0.241379 
0.703448 86.000000 0.296552 
0.737931 76.000000 0.262069 
0.751724 72.000000 0.248276 
0.782759 63.000000 0.217241 
0.710345 84.000000 0.289655 
0.758621 70.000000 0.241379 
0.706897 85.000000 0.293103 
0.765517 68.000000 0.234483 
0.703448 86.000000 0.296552 
0.755172 71.000000 0.244828 
0.675862 94.000000 0.324138 
0.703448 86.000000 0.296552 
0.700000 87.000000 0.300000 
0.693103 89.000000 0.306897 
0.668966 96.000000 0.331034 
0.758621 70.000000 0.241379 
0.703448 86.000000 0.296552 
0.734483 77.000000 0.265517 
0.675862 94.000000 0.324138 
0.737931 76.000000 0.262069 
0.734483 77.000000 0.265517 
0.689655 90.000000 0.310345 
0.758621 70.000000 0.241379 
0.655172 100.000000 0.344828 
0.762069 69.000000 0.237931 
0.703448 86.000000 0.296552 
0.744828 74.000000 0.255172 
0.744828 74.000000 0.255172 
0.741379 75.000000 0.258621 
0.731034 78.000000 0.268966 
0.693103 89.000000 0.306897 
0.734483 77.000000 0.265517 
0.734483 77.000000 0.265517 
