0.488729 835.000000 0.048657 
0.487382 880.000000 0.051279 
0.488699 836.000000 0.048715 
0.488460 844.000000 0.049181 
0.488819 832.000000 0.048482 
0.487921 862.000000 0.050230 
0.488669 837.000000 0.048773 
0.487412 879.000000 0.051221 
0.489418 812.000000 0.047317 
0.489298 816.000000 0.047550 
0.488011 859.000000 0.050055 
0.488310 849.000000 0.049473 
0.489059 824.000000 0.048016 
0.489059 824.000000 0.048016 
0.488819 832.000000 0.048482 
0.488669 837.000000 0.048773 
0.488370 847.000000 0.049356 
0.487711 869.000000 0.050638 
0.488639 838.000000 0.048832 
0.488999 826.000000 0.048132 
0.487951 861.000000 0.050172 
0.488849 831.000000 0.048424 
0.488520 842.000000 0.049065 
0.490226 785.000000 0.045743 
0.488849 831.000000 0.048424 
0.488909 829.000000 0.048307 
0.488909 829.000000 0.048307 
0.489148 821.000000 0.047841 
0.487532 875.000000 0.050988 
0.487831 865.000000 0.050405 
0.488220 852.000000 0.049647 
0.487951 861.000000 0.050172 
0.489717 802.000000 0.046734 
0.488101 856.000000 0.049881 
0.490136 788.000000 0.045918 
0.488011 859.000000 0.050055 
0.488999 826.000000 0.048132 
0.488131 855.000000 0.049822 
0.487921 862.000000 0.050230 
0.489687 803.000000 0.046792 
0.488220 852.000000 0.049647 
0.488190 853.000000 0.049706 
0.488460 844.000000 0.049181 
0.488220 852.000000 0.049647 
0.490495 776.000000 0.045219 
0.488939 828.000000 0.048249 
0.488699 836.000000 0.048715 
0.488490 843.000000 0.049123 
0.488071 857.000000 0.049939 
0.487562 874.000000 0.050929 
0.489747 801.000000 0.046676 
0.488699 836.000000 0.048715 
0.488969 827.000000 0.048191 
0.488999 826.000000 0.048132 
0.487861 864.000000 0.050347 
0.489837 798.000000 0.046501 
0.488550 841.000000 0.049006 
0.488789 833.000000 0.048540 
0.487322 882.000000 0.051396 
0.488580 840.000000 0.048948 
0.487592 873.000000 0.050871 
0.488939 828.000000 0.048249 
0.488400 846.000000 0.049298 
0.488220 852.000000 0.049647 
0.487831 865.000000 0.050405 
0.487741 868.000000 0.050580 
0.489029 825.000000 0.048074 
0.489178 820.000000 0.047783 
0.489208 819.000000 0.047724 
0.488310 849.000000 0.049473 
0.488609 839.000000 0.048890 
0.488879 830.000000 0.048365 
0.488580 840.000000 0.048948 
0.489208 819.000000 0.047724 
0.488190 853.000000 0.049706 
0.488041 858.000000 0.049997 
0.488729 835.000000 0.048657 
0.489478 810.000000 0.047200 
0.488550 841.000000 0.049006 
0.488041 858.000000 0.049997 
0.489657 804.000000 0.046850 
0.488340 848.000000 0.049414 
0.489927 795.000000 0.046326 
0.489837 798.000000 0.046501 
0.487442 878.000000 0.051163 
0.488490 843.000000 0.049123 
0.488939 828.000000 0.048249 
0.489358 814.000000 0.047433 
0.488160 854.000000 0.049764 
0.489238 818.000000 0.047666 
0.489148 821.000000 0.047841 
0.487622 872.000000 0.050813 
0.488849 831.000000 0.048424 
0.488939 828.000000 0.048249 
0.488280 850.000000 0.049531 
0.488999 826.000000 0.048132 
0.488729 835.000000 0.048657 
0.488131 855.000000 0.049822 
0.488879 830.000000 0.048365 
0.488340 848.000000 0.049414 
0.487592 873.000000 0.050871 
0.487352 881.000000 0.051337 
0.489148 821.000000 0.047841 
0.488939 828.000000 0.048249 
0.488639 838.000000 0.048832 
0.489148 821.000000 0.047841 
0.487532 875.000000 0.050988 
0.488609 839.000000 0.048890 
0.488370 847.000000 0.049356 
0.489118 822.000000 0.047899 
0.488669 837.000000 0.048773 
0.488580 840.000000 0.048948 
0.489418 812.000000 0.047317 
0.487981 860.000000 0.050114 
0.488819 832.000000 0.048482 
0.488939 828.000000 0.048249 
0.488819 832.000000 0.048482 
0.488101 856.000000 0.049881 
0.489448 811.000000 0.047258 
0.488280 850.000000 0.049531 
0.488310 849.000000 0.049473 
0.487801 866.000000 0.050463 
0.488580 840.000000 0.048948 
0.488310 849.000000 0.049473 
0.488879 830.000000 0.048365 
0.489148 821.000000 0.047841 
0.488729 835.000000 0.048657 
0.488220 852.000000 0.049647 
0.488969 827.000000 0.048191 
0.488609 839.000000 0.048890 
0.488909 829.000000 0.048307 
0.490585 773.000000 0.045044 
0.488280 850.000000 0.049531 
0.487592 873.000000 0.050871 
0.488250 851.000000 0.049589 
0.488340 848.000000 0.049414 
0.488190 853.000000 0.049706 
0.489238 818.000000 0.047666 
0.489088 823.000000 0.047958 
0.489807 799.000000 0.046559 
0.488310 849.000000 0.049473 
0.488729 835.000000 0.048657 
0.489537 808.000000 0.047084 
0.488789 833.000000 0.048540 
0.488879 830.000000 0.048365 
0.488939 828.000000 0.048249 
0.488460 844.000000 0.049181 
0.488011 859.000000 0.050055 
0.488220 852.000000 0.049647 
0.488430 845.000000 0.049240 
0.488969 827.000000 0.048191 
0.488909 829.000000 0.048307 
0.488999 826.000000 0.048132 
0.488759 834.000000 0.048599 
0.487981 860.000000 0.050114 
0.487801 866.000000 0.050463 
0.488819 832.000000 0.048482 
0.489448 811.000000 0.047258 
0.487831 865.000000 0.050405 
0.488490 843.000000 0.049123 
0.487861 864.000000 0.050347 
0.488370 847.000000 0.049356 
0.488190 853.000000 0.049706 
0.489897 796.000000 0.046384 
0.487921 862.000000 0.050230 
0.489328 815.000000 0.047491 
0.489208 819.000000 0.047724 
0.488999 826.000000 0.048132 
0.488609 839.000000 0.048890 
0.488609 839.000000 0.048890 
0.489059 824.000000 0.048016 
0.490016 792.000000 0.046151 
0.488699 836.000000 0.048715 
0.489268 817.000000 0.047608 
0.489388 813.000000 0.047375 
0.488609 839.000000 0.048890 
0.488400 846.000000 0.049298 
0.488460 844.000000 0.049181 
0.488879 830.000000 0.048365 
0.487861 864.000000 0.050347 
0.488550 841.000000 0.049006 
0.489508 809.000000 0.047142 
0.488520 842.000000 0.049065 
0.488310 849.000000 0.049473 
0.488160 854.000000 0.049764 
0.490076 790.000000 0.046035 
0.488220 852.000000 0.049647 
0.489747 801.000000 0.046676 
0.488849 831.000000 0.048424 
0.488190 853.000000 0.049706 
0.488280 850.000000 0.049531 
0.490046 791.000000 0.046093 
0.488011 859.000000 0.050055 
0.489328 815.000000 0.047491 
0.488520 842.000000 0.049065 
0.489478 810.000000 0.047200 
0.487831 865.000000 0.050405 
0.488520 842.000000 0.049065 
0.488550 841.000000 0.049006 
0.487711 869.000000 0.050638 
0.489418 812.000000 0.047317 
0.487262 884.000000 0.051512 
0.488520 842.000000 0.049065 
0.488250 851.000000 0.049589 
0.488220 852.000000 0.049647 
0.489597 806.000000 0.046967 
0.488400 846.000000 0.049298 
0.487203 886.000000 0.051629 
0.488609 839.000000 0.048890 
0.487741 868.000000 0.050580 
0.488220 852.000000 0.049647 
0.488999 826.000000 0.048132 
0.488430 845.000000 0.049240 
0.488580 840.000000 0.048948 
0.488370 847.000000 0.049356 
0.489298 816.000000 0.047550 
0.487352 881.000000 0.051337 
0.487861 864.000000 0.050347 
0.488190 853.000000 0.049706 
0.489597 806.000000 0.046967 
0.487711 869.000000 0.050638 
0.487771 867.000000 0.050522 
0.488849 831.000000 0.048424 
0.488669 837.000000 0.048773 
0.489088 823.000000 0.047958 
0.488370 847.000000 0.049356 
0.489088 823.000000 0.047958 
0.488490 843.000000 0.049123 
0.489268 817.000000 0.047608 
0.487412 879.000000 0.051221 
0.488520 842.000000 0.049065 
0.489059 824.000000 0.048016 
0.488520 842.000000 0.049065 
0.488909 829.000000 0.048307 
0.488490 843.000000 0.049123 
0.488819 832.000000 0.048482 
0.488969 827.000000 0.048191 
0.488849 831.000000 0.048424 
0.489627 805.000000 0.046909 
0.487951 861.000000 0.050172 
0.489118 822.000000 0.047899 
0.487771 867.000000 0.050522 
0.488520 842.000000 0.049065 
0.488699 836.000000 0.048715 
0.488759 834.000000 0.048599 
0.489029 825.000000 0.048074 
0.488101 856.000000 0.049881 
0.488220 852.000000 0.049647 
0.487921 862.000000 0.050230 
0.488759 834.000000 0.048599 
0.489298 816.000000 0.047550 
0.488400 846.000000 0.049298 
0.489178 820.000000 0.047783 
0.488370 847.000000 0.049356 
0.487382 880.000000 0.051279 
0.488939 828.000000 0.048249 
0.489328 815.000000 0.047491 
0.487592 873.000000 0.050871 
0.488340 848.000000 0.049414 
0.488520 842.000000 0.049065 
0.489148 821.000000 0.047841 
0.489358 814.000000 0.047433 
0.489358 814.000000 0.047433 
0.489208 819.000000 0.047724 
0.487502 876.000000 0.051046 
0.488609 839.000000 0.048890 
0.488490 843.000000 0.049123 
0.488939 828.000000 0.048249 
0.488879 830.000000 0.048365 
0.487951 861.000000 0.050172 
0.488071 857.000000 0.049939 
0.488160 854.000000 0.049764 
0.488430 845.000000 0.049240 
0.489059 824.000000 0.048016 
0.487891 863.000000 0.050288 
0.489897 796.000000 0.046384 
0.486993 893.000000 0.052037 
0.490046 791.000000 0.046093 
0.488550 841.000000 0.049006 
0.487861 864.000000 0.050347 
0.488849 831.000000 0.048424 
0.487592 873.000000 0.050871 
0.489088 823.000000 0.047958 
0.489088 823.000000 0.047958 
0.488909 829.000000 0.048307 
0.487023 892.000000 0.051978 
0.487622 872.000000 0.050813 
0.489987 793.000000 0.046209 
0.488580 840.000000 0.048948 
0.489268 817.000000 0.047608 
0.487472 877.000000 0.051104 
0.488580 840.000000 0.048948 
0.488609 839.000000 0.048890 
0.488669 837.000000 0.048773 
0.488669 837.000000 0.048773 
0.488190 853.000000 0.049706 
0.488969 827.000000 0.048191 
0.487562 874.000000 0.050929 
0.488340 848.000000 0.049414 
0.487981 860.000000 0.050114 
0.488669 837.000000 0.048773 
0.487831 865.000000 0.050405 
0.488580 840.000000 0.048948 
0.487921 862.000000 0.050230 
0.488759 834.000000 0.048599 
0.488819 832.000000 0.048482 
0.488999 826.000000 0.048132 
0.489148 821.000000 0.047841 
0.489567 807.000000 0.047025 
0.487592 873.000000 0.050871 
0.487861 864.000000 0.050347 
0.488310 849.000000 0.049473 
0.488669 837.000000 0.048773 
0.489029 825.000000 0.048074 
0.488759 834.000000 0.048599 
0.488909 829.000000 0.048307 
0.488669 837.000000 0.048773 
0.488729 835.000000 0.048657 
0.489178 820.000000 0.047783 
0.488310 849.000000 0.049473 
0.488131 855.000000 0.049822 
0.488460 844.000000 0.049181 
0.488969 827.000000 0.048191 
0.488999 826.000000 0.048132 
0.489238 818.000000 0.047666 
0.488370 847.000000 0.049356 
0.488340 848.000000 0.049414 
0.488430 845.000000 0.049240 
0.488041 858.000000 0.049997 
0.488729 835.000000 0.048657 
0.489059 824.000000 0.048016 
0.487951 861.000000 0.050172 
0.489747 801.000000 0.046676 
0.488819 832.000000 0.048482 
0.487622 872.000000 0.050813 
0.488520 842.000000 0.049065 
0.488909 829.000000 0.048307 
0.489987 793.000000 0.046209 
0.488220 852.000000 0.049647 
0.489118 822.000000 0.047899 
0.488430 845.000000 0.049240 
0.488220 852.000000 0.049647 
0.487981 860.000000 0.050114 
0.487412 879.000000 0.051221 
0.488160 854.000000 0.049764 
0.489118 822.000000 0.047899 
0.488071 857.000000 0.049939 
0.488400 846.000000 0.049298 
0.488220 852.000000 0.049647 
0.489298 816.000000 0.047550 
0.488819 832.000000 0.048482 
0.488520 842.000000 0.049065 
0.488370 847.000000 0.049356 
0.489508 809.000000 0.047142 
0.489208 819.000000 0.047724 
0.488460 844.000000 0.049181 
0.487951 861.000000 0.050172 
0.489328 815.000000 0.047491 
0.488490 843.000000 0.049123 
0.488490 843.000000 0.049123 
0.488520 842.000000 0.049065 
0.489597 806.000000 0.046967 
0.487652 871.000000 0.050755 
0.489777 800.000000 0.046617 
0.488699 836.000000 0.048715 
0.487801 866.000000 0.050463 
0.488609 839.000000 0.048890 
0.489597 806.000000 0.046967 
0.488011 859.000000 0.050055 
0.488819 832.000000 0.048482 
0.489657 804.000000 0.046850 
0.488879 830.000000 0.048365 
0.487801 866.000000 0.050463 
0.488879 830.000000 0.048365 
0.488190 853.000000 0.049706 
0.489208 819.000000 0.047724 
0.489627 805.000000 0.046909 
0.487861 864.000000 0.050347 
0.488550 841.000000 0.049006 
0.488370 847.000000 0.049356 
0.487891 863.000000 0.050288 
0.488580 840.000000 0.048948 
0.488490 843.000000 0.049123 
0.489238 818.000000 0.047666 
0.488879 830.000000 0.048365 
0.488011 859.000000 0.050055 
0.489298 816.000000 0.047550 
0.489208 819.000000 0.047724 
0.488310 849.000000 0.049473 
0.488639 838.000000 0.048832 
0.488220 852.000000 0.049647 
0.488310 849.000000 0.049473 
0.487681 870.000000 0.050696 
0.489418 812.000000 0.047317 
0.489717 802.000000 0.046734 
0.488131 855.000000 0.049822 
0.488729 835.000000 0.048657 
0.487532 875.000000 0.050988 
0.488609 839.000000 0.048890 
0.488999 826.000000 0.048132 
0.489208 819.000000 0.047724 
0.488220 852.000000 0.049647 
0.488460 844.000000 0.049181 
0.488819 832.000000 0.048482 
0.488639 838.000000 0.048832 
0.488819 832.000000 0.048482 
0.487861 864.000000 0.050347 
0.488699 836.000000 0.048715 
0.488939 828.000000 0.048249 
0.487891 863.000000 0.050288 
0.487232 885.000000 0.051570 
0.488879 830.000000 0.048365 
0.488639 838.000000 0.048832 
0.488011 859.000000 0.050055 
0.488759 834.000000 0.048599 
0.487562 874.000000 0.050929 
0.487412 879.000000 0.051221 
0.489627 805.000000 0.046909 
0.488580 840.000000 0.048948 
0.488460 844.000000 0.049181 
0.488909 829.000000 0.048307 
0.488789 833.000000 0.048540 
0.489358 814.000000 0.047433 
0.489627 805.000000 0.046909 
0.488011 859.000000 0.050055 
0.489059 824.000000 0.048016 
0.488550 841.000000 0.049006 
0.488969 827.000000 0.048191 
0.488609 839.000000 0.048890 
0.489208 819.000000 0.047724 
0.488969 827.000000 0.048191 
0.489088 823.000000 0.047958 
0.488131 855.000000 0.049822 
0.489448 811.000000 0.047258 
0.488160 854.000000 0.049764 
0.488909 829.000000 0.048307 
0.488669 837.000000 0.048773 
0.488909 829.000000 0.048307 
0.488220 852.000000 0.049647 
0.488639 838.000000 0.048832 
0.489208 819.000000 0.047724 
0.487442 878.000000 0.051163 
0.488789 833.000000 0.048540 
0.488370 847.000000 0.049356 
0.488550 841.000000 0.049006 
0.489059 824.000000 0.048016 
0.488969 827.000000 0.048191 
0.487203 886.000000 0.051629 
0.488699 836.000000 0.048715 
0.488520 842.000000 0.049065 
0.487921 862.000000 0.050230 
0.488370 847.000000 0.049356 
0.489537 808.000000 0.047084 
0.488190 853.000000 0.049706 
0.488101 856.000000 0.049881 
0.488819 832.000000 0.048482 
0.489837 798.000000 0.046501 
0.488789 833.000000 0.048540 
0.488969 827.000000 0.048191 
0.488011 859.000000 0.050055 
0.487801 866.000000 0.050463 
0.488071 857.000000 0.049939 
0.488729 835.000000 0.048657 
0.489567 807.000000 0.047025 
0.488250 851.000000 0.049589 
0.488310 849.000000 0.049473 
0.490615 772.000000 0.044986 
0.488101 856.000000 0.049881 
0.487831 865.000000 0.050405 
0.487622 872.000000 0.050813 
0.488250 851.000000 0.049589 
0.488639 838.000000 0.048832 
0.487771 867.000000 0.050522 
0.488699 836.000000 0.048715 
0.488639 838.000000 0.048832 
0.488969 827.000000 0.048191 
0.489418 812.000000 0.047317 
0.489687 803.000000 0.046792 
0.489627 805.000000 0.046909 
0.487831 865.000000 0.050405 
0.488490 843.000000 0.049123 
0.488220 852.000000 0.049647 
0.488759 834.000000 0.048599 
0.487322 882.000000 0.051396 
0.488909 829.000000 0.048307 
0.488759 834.000000 0.048599 
0.488879 830.000000 0.048365 
0.487681 870.000000 0.050696 
0.488669 837.000000 0.048773 
0.488580 840.000000 0.048948 
0.488729 835.000000 0.048657 
0.489059 824.000000 0.048016 
0.488430 845.000000 0.049240 
0.489148 821.000000 0.047841 
0.488490 843.000000 0.049123 
0.488131 855.000000 0.049822 
0.488699 836.000000 0.048715 
0.487801 866.000000 0.050463 
0.488819 832.000000 0.048482 
0.488310 849.000000 0.049473 
0.488789 833.000000 0.048540 
0.487412 879.000000 0.051221 
0.489208 819.000000 0.047724 
0.489597 806.000000 0.046967 
0.488729 835.000000 0.048657 
0.489118 822.000000 0.047899 
0.488729 835.000000 0.048657 
0.489118 822.000000 0.047899 
0.487203 886.000000 0.051629 
0.489448 811.000000 0.047258 
0.488280 850.000000 0.049531 
0.488220 852.000000 0.049647 
0.488819 832.000000 0.048482 
0.488011 859.000000 0.050055 
0.489208 819.000000 0.047724 
0.489567 807.000000 0.047025 
0.488879 830.000000 0.048365 
0.487232 885.000000 0.051570 
0.488310 849.000000 0.049473 
0.488011 859.000000 0.050055 
0.488849 831.000000 0.048424 
0.489148 821.000000 0.047841 
0.489029 825.000000 0.048074 
0.488849 831.000000 0.048424 
0.487891 863.000000 0.050288 
0.488550 841.000000 0.049006 
0.487951 861.000000 0.050172 
0.488580 840.000000 0.048948 
0.488550 841.000000 0.049006 
0.488969 827.000000 0.048191 
0.488101 856.000000 0.049881 
0.487981 860.000000 0.050114 
0.490585 773.000000 0.045044 
0.488669 837.000000 0.048773 
0.489747 801.000000 0.046676 
0.488071 857.000000 0.049939 
0.488580 840.000000 0.048948 
0.489897 796.000000 0.046384 
0.488699 836.000000 0.048715 
0.488639 838.000000 0.048832 
0.488400 846.000000 0.049298 
0.489388 813.000000 0.047375 
0.488639 838.000000 0.048832 
0.489148 821.000000 0.047841 
0.488520 842.000000 0.049065 
0.488669 837.000000 0.048773 
0.487891 863.000000 0.050288 
0.487592 873.000000 0.050871 
0.488580 840.000000 0.048948 
0.487801 866.000000 0.050463 
0.488969 827.000000 0.048191 
0.488400 846.000000 0.049298 
0.488101 856.000000 0.049881 
0.489178 820.000000 0.047783 
0.488310 849.000000 0.049473 
0.488250 851.000000 0.049589 
0.487771 867.000000 0.050522 
0.488759 834.000000 0.048599 
0.488759 834.000000 0.048599 
0.489298 816.000000 0.047550 
0.489358 814.000000 0.047433 
0.488220 852.000000 0.049647 
0.488699 836.000000 0.048715 
0.489927 795.000000 0.046326 
0.488729 835.000000 0.048657 
0.488669 837.000000 0.048773 
0.488580 840.000000 0.048948 
0.488101 856.000000 0.049881 
0.488909 829.000000 0.048307 
0.488340 848.000000 0.049414 
0.487861 864.000000 0.050347 
0.487801 866.000000 0.050463 
0.489268 817.000000 0.047608 
0.489777 800.000000 0.046617 
0.488101 856.000000 0.049881 
0.488580 840.000000 0.048948 
0.489897 796.000000 0.046384 
0.488819 832.000000 0.048482 
0.488490 843.000000 0.049123 
0.488819 832.000000 0.048482 
0.489328 815.000000 0.047491 
0.488999 826.000000 0.048132 
0.488849 831.000000 0.048424 
0.488550 841.000000 0.049006 
0.488370 847.000000 0.049356 
0.487831 865.000000 0.050405 
0.488699 836.000000 0.048715 
0.488340 848.000000 0.049414 
0.488699 836.000000 0.048715 
0.487771 867.000000 0.050522 
0.488041 858.000000 0.049997 
0.488729 835.000000 0.048657 
0.488879 830.000000 0.048365 
0.488789 833.000000 0.048540 
0.488669 837.000000 0.048773 
0.488639 838.000000 0.048832 
0.488011 859.000000 0.050055 
0.487951 861.000000 0.050172 
0.488789 833.000000 0.048540 
0.489238 818.000000 0.047666 
0.489897 796.000000 0.046384 
0.487951 861.000000 0.050172 
0.489059 824.000000 0.048016 
0.488729 835.000000 0.048657 
0.489148 821.000000 0.047841 
0.490226 785.000000 0.045743 
0.488310 849.000000 0.049473 
0.487771 867.000000 0.050522 
0.489747 801.000000 0.046676 
0.488370 847.000000 0.049356 
0.489358 814.000000 0.047433 
0.488609 839.000000 0.048890 
0.488580 840.000000 0.048948 
0.489088 823.000000 0.047958 
0.488160 854.000000 0.049764 
0.489118 822.000000 0.047899 
0.488460 844.000000 0.049181 
0.489508 809.000000 0.047142 
0.487681 870.000000 0.050696 
0.489059 824.000000 0.048016 
0.488071 857.000000 0.049939 
0.488639 838.000000 0.048832 
0.489478 810.000000 0.047200 
0.488520 842.000000 0.049065 
0.488819 832.000000 0.048482 
0.488669 837.000000 0.048773 
0.487203 886.000000 0.051629 
0.488969 827.000000 0.048191 
0.486993 893.000000 0.052037 
0.488250 851.000000 0.049589 
0.488699 836.000000 0.048715 
0.489927 795.000000 0.046326 
0.488220 852.000000 0.049647 
0.488759 834.000000 0.048599 
0.487951 861.000000 0.050172 
0.488729 835.000000 0.048657 
0.487562 874.000000 0.050929 
0.489298 816.000000 0.047550 
0.488071 857.000000 0.049939 
0.487592 873.000000 0.050871 
0.487532 875.000000 0.050988 
0.489238 818.000000 0.047666 
0.488879 830.000000 0.048365 
0.489537 808.000000 0.047084 
0.488220 852.000000 0.049647 
0.487891 863.000000 0.050288 
0.488340 848.000000 0.049414 
0.488430 845.000000 0.049240 
0.488879 830.000000 0.048365 
0.488939 828.000000 0.048249 
0.489717 802.000000 0.046734 
0.487532 875.000000 0.050988 
0.488879 830.000000 0.048365 
0.488669 837.000000 0.048773 
0.488280 850.000000 0.049531 
0.488639 838.000000 0.048832 
0.487921 862.000000 0.050230 
0.487053 891.000000 0.051920 
0.488759 834.000000 0.048599 
0.489059 824.000000 0.048016 
0.489059 824.000000 0.048016 
0.487891 863.000000 0.050288 
0.488550 841.000000 0.049006 
0.488370 847.000000 0.049356 
0.487891 863.000000 0.050288 
0.487711 869.000000 0.050638 
0.488370 847.000000 0.049356 
0.489178 820.000000 0.047783 
0.489358 814.000000 0.047433 
0.488550 841.000000 0.049006 
0.489059 824.000000 0.048016 
0.489747 801.000000 0.046676 
0.488101 856.000000 0.049881 
0.489268 817.000000 0.047608 
0.488609 839.000000 0.048890 
0.488011 859.000000 0.050055 
0.488550 841.000000 0.049006 
0.488460 844.000000 0.049181 
0.488340 848.000000 0.049414 
0.488609 839.000000 0.048890 
0.488669 837.000000 0.048773 
0.488340 848.000000 0.049414 
0.488310 849.000000 0.049473 
0.488131 855.000000 0.049822 
0.487262 884.000000 0.051512 
0.488250 851.000000 0.049589 
0.488460 844.000000 0.049181 
0.488819 832.000000 0.048482 
0.489328 815.000000 0.047491 
0.487951 861.000000 0.050172 
0.488430 845.000000 0.049240 
0.488759 834.000000 0.048599 
0.488939 828.000000 0.048249 
0.489627 805.000000 0.046909 
0.487801 866.000000 0.050463 
0.489298 816.000000 0.047550 
0.488520 842.000000 0.049065 
0.488879 830.000000 0.048365 
0.488011 859.000000 0.050055 
0.489448 811.000000 0.047258 
0.488370 847.000000 0.049356 
0.488639 838.000000 0.048832 
0.489508 809.000000 0.047142 
0.488071 857.000000 0.049939 
0.489508 809.000000 0.047142 
0.488370 847.000000 0.049356 
0.488759 834.000000 0.048599 
0.488789 833.000000 0.048540 
0.489148 821.000000 0.047841 
0.487741 868.000000 0.050580 
0.488041 858.000000 0.049997 
0.488011 859.000000 0.050055 
0.488639 838.000000 0.048832 
0.487652 871.000000 0.050755 
0.488729 835.000000 0.048657 
0.489059 824.000000 0.048016 
0.490465 777.000000 0.045277 
0.488340 848.000000 0.049414 
0.488580 840.000000 0.048948 
0.488460 844.000000 0.049181 
0.487292 883.000000 0.051454 
0.488490 843.000000 0.049123 
0.489328 815.000000 0.047491 
0.487622 872.000000 0.050813 
0.486963 894.000000 0.052095 
0.489448 811.000000 0.047258 
0.489597 806.000000 0.046967 
0.489448 811.000000 0.047258 
0.489088 823.000000 0.047958 
0.488580 840.000000 0.048948 
0.488580 840.000000 0.048948 
0.488460 844.000000 0.049181 
0.487741 868.000000 0.050580 
0.489957 794.000000 0.046268 
0.489508 809.000000 0.047142 
0.489537 808.000000 0.047084 
0.488909 829.000000 0.048307 
0.487861 864.000000 0.050347 
0.487831 865.000000 0.050405 
0.488520 842.000000 0.049065 
0.489298 816.000000 0.047550 
0.489777 800.000000 0.046617 
0.488999 826.000000 0.048132 
0.488101 856.000000 0.049881 
0.488490 843.000000 0.049123 
0.487143 888.000000 0.051745 
0.488669 837.000000 0.048773 
0.488879 830.000000 0.048365 
0.488969 827.000000 0.048191 
0.487652 871.000000 0.050755 
0.488969 827.000000 0.048191 
0.488370 847.000000 0.049356 
0.489029 825.000000 0.048074 
0.488639 838.000000 0.048832 
0.488520 842.000000 0.049065 
0.489029 825.000000 0.048074 
0.489088 823.000000 0.047958 
0.488849 831.000000 0.048424 
0.489448 811.000000 0.047258 
0.488580 840.000000 0.048948 
0.488609 839.000000 0.048890 
0.488520 842.000000 0.049065 
0.488909 829.000000 0.048307 
0.488190 853.000000 0.049706 
0.488819 832.000000 0.048482 
0.489537 808.000000 0.047084 
0.488340 848.000000 0.049414 
0.487891 863.000000 0.050288 
0.487951 861.000000 0.050172 
0.488460 844.000000 0.049181 
0.488699 836.000000 0.048715 
0.489358 814.000000 0.047433 
0.489238 818.000000 0.047666 
0.489088 823.000000 0.047958 
0.488789 833.000000 0.048540 
0.488460 844.000000 0.049181 
0.488939 828.000000 0.048249 
0.489388 813.000000 0.047375 
0.488639 838.000000 0.048832 
0.488460 844.000000 0.049181 
0.488909 829.000000 0.048307 
0.489148 821.000000 0.047841 
0.489508 809.000000 0.047142 
0.489478 810.000000 0.047200 
0.488310 849.000000 0.049473 
0.488849 831.000000 0.048424 
0.487771 867.000000 0.050522 
0.488909 829.000000 0.048307 
0.489208 819.000000 0.047724 
0.488160 854.000000 0.049764 
0.488370 847.000000 0.049356 
0.489597 806.000000 0.046967 
0.488759 834.000000 0.048599 
0.488879 830.000000 0.048365 
0.487951 861.000000 0.050172 
0.487801 866.000000 0.050463 
0.488400 846.000000 0.049298 
0.487681 870.000000 0.050696 
0.488999 826.000000 0.048132 
0.487981 860.000000 0.050114 
0.488609 839.000000 0.048890 
0.488819 832.000000 0.048482 
0.488250 851.000000 0.049589 
0.488370 847.000000 0.049356 
0.489208 819.000000 0.047724 
0.488190 853.000000 0.049706 
0.489178 820.000000 0.047783 
0.488280 850.000000 0.049531 
0.488609 839.000000 0.048890 
0.487921 862.000000 0.050230 
0.488969 827.000000 0.048191 
0.488101 856.000000 0.049881 
0.488999 826.000000 0.048132 
0.488160 854.000000 0.049764 
0.488909 829.000000 0.048307 
0.487652 871.000000 0.050755 
0.488580 840.000000 0.048948 
0.488250 851.000000 0.049589 
0.488729 835.000000 0.048657 
0.489298 816.000000 0.047550 
0.487981 860.000000 0.050114 
0.489537 808.000000 0.047084 
0.489478 810.000000 0.047200 
0.488909 829.000000 0.048307 
0.488400 846.000000 0.049298 
0.489328 815.000000 0.047491 
0.488310 849.000000 0.049473 
0.488460 844.000000 0.049181 
0.488699 836.000000 0.048715 
0.488729 835.000000 0.048657 
0.488400 846.000000 0.049298 
0.488759 834.000000 0.048599 
0.489298 816.000000 0.047550 
0.489088 823.000000 0.047958 
0.487951 861.000000 0.050172 
0.488609 839.000000 0.048890 
0.488819 832.000000 0.048482 
0.489657 804.000000 0.046850 
0.488280 850.000000 0.049531 
0.488310 849.000000 0.049473 
0.487562 874.000000 0.050929 
0.489208 819.000000 0.047724 
0.488939 828.000000 0.048249 
0.487861 864.000000 0.050347 
0.488789 833.000000 0.048540 
0.488550 841.000000 0.049006 
0.488340 848.000000 0.049414 
0.489388 813.000000 0.047375 
0.487861 864.000000 0.050347 
0.488819 832.000000 0.048482 
0.489508 809.000000 0.047142 
0.489448 811.000000 0.047258 
0.489777 800.000000 0.046617 
0.487562 874.000000 0.050929 
0.490406 779.000000 0.045394 
0.488340 848.000000 0.049414 
0.488819 832.000000 0.048482 
0.488160 854.000000 0.049764 
0.488041 858.000000 0.049997 
0.488849 831.000000 0.048424 
0.488669 837.000000 0.048773 
0.487981 860.000000 0.050114 
0.487592 873.000000 0.050871 
0.489208 819.000000 0.047724 
0.488789 833.000000 0.048540 
0.488160 854.000000 0.049764 
0.487622 872.000000 0.050813 
0.489148 821.000000 0.047841 
0.488849 831.000000 0.048424 
0.489298 816.000000 0.047550 
0.488131 855.000000 0.049822 
0.488520 842.000000 0.049065 
0.489388 813.000000 0.047375 
0.488909 829.000000 0.048307 
0.488250 851.000000 0.049589 
0.487981 860.000000 0.050114 
0.488729 835.000000 0.048657 
0.487801 866.000000 0.050463 
0.489358 814.000000 0.047433 
0.488280 850.000000 0.049531 
0.488879 830.000000 0.048365 
0.488609 839.000000 0.048890 
0.489478 810.000000 0.047200 
0.489298 816.000000 0.047550 
0.488340 848.000000 0.049414 
0.488310 849.000000 0.049473 
0.489088 823.000000 0.047958 
0.488729 835.000000 0.048657 
0.488879 830.000000 0.048365 
0.488789 833.000000 0.048540 
0.487711 869.000000 0.050638 
0.488131 855.000000 0.049822 
0.489208 819.000000 0.047724 
0.489418 812.000000 0.047317 
0.489837 798.000000 0.046501 
0.488669 837.000000 0.048773 
0.489478 810.000000 0.047200 
0.488909 829.000000 0.048307 
0.487891 863.000000 0.050288 
0.488669 837.000000 0.048773 
0.489208 819.000000 0.047724 
0.488939 828.000000 0.048249 
0.488490 843.000000 0.049123 
0.489208 819.000000 0.047724 
0.488729 835.000000 0.048657 
0.488849 831.000000 0.048424 
0.488669 837.000000 0.048773 
0.488490 843.000000 0.049123 
0.488639 838.000000 0.048832 
0.489508 809.000000 0.047142 
0.488400 846.000000 0.049298 
0.486903 896.000000 0.052211 
0.489118 822.000000 0.047899 
0.487801 866.000000 0.050463 
0.489088 823.000000 0.047958 
0.488131 855.000000 0.049822 
0.487891 863.000000 0.050288 
0.488550 841.000000 0.049006 
0.488759 834.000000 0.048599 
0.488639 838.000000 0.048832 
0.489478 810.000000 0.047200 
0.489867 797.000000 0.046443 
0.489478 810.000000 0.047200 
0.487711 869.000000 0.050638 
0.487771 867.000000 0.050522 
0.487951 861.000000 0.050172 
0.488310 849.000000 0.049473 
0.487981 860.000000 0.050114 
0.489837 798.000000 0.046501 
0.488250 851.000000 0.049589 
0.488789 833.000000 0.048540 
0.487472 877.000000 0.051104 
0.488370 847.000000 0.049356 
0.488520 842.000000 0.049065 
0.488969 827.000000 0.048191 
0.489597 806.000000 0.046967 
0.488460 844.000000 0.049181 
0.489148 821.000000 0.047841 
0.488370 847.000000 0.049356 
0.488131 855.000000 0.049822 
0.488729 835.000000 0.048657 
0.489118 822.000000 0.047899 
0.488580 840.000000 0.048948 
0.488879 830.000000 0.048365 
0.488969 827.000000 0.048191 
0.487891 863.000000 0.050288 
0.488939 828.000000 0.048249 
0.488071 857.000000 0.049939 
0.487562 874.000000 0.050929 
0.488011 859.000000 0.050055 
0.489328 815.000000 0.047491 
0.487921 862.000000 0.050230 
0.489418 812.000000 0.047317 
0.489088 823.000000 0.047958 
0.489657 804.000000 0.046850 
0.488759 834.000000 0.048599 
0.488879 830.000000 0.048365 
0.488879 830.000000 0.048365 
0.488580 840.000000 0.048948 
0.488400 846.000000 0.049298 
0.487981 860.000000 0.050114 
0.488101 856.000000 0.049881 
0.488220 852.000000 0.049647 
0.487382 880.000000 0.051279 
0.488430 845.000000 0.049240 
0.488879 830.000000 0.048365 
0.487861 864.000000 0.050347 
0.488999 826.000000 0.048132 
0.488819 832.000000 0.048482 
0.488879 830.000000 0.048365 
0.488969 827.000000 0.048191 
0.489418 812.000000 0.047317 
0.488550 841.000000 0.049006 
0.489567 807.000000 0.047025 
0.488071 857.000000 0.049939 
0.487891 863.000000 0.050288 
0.488699 836.000000 0.048715 
0.487562 874.000000 0.050929 
0.487921 862.000000 0.050230 
0.489029 825.000000 0.048074 
0.488969 827.000000 0.048191 
0.488490 843.000000 0.049123 
0.488969 827.000000 0.048191 
0.489088 823.000000 0.047958 
0.488580 840.000000 0.048948 
0.487562 874.000000 0.050929 
0.487562 874.000000 0.050929 
0.488310 849.000000 0.049473 
0.489298 816.000000 0.047550 
0.487951 861.000000 0.050172 
0.488220 852.000000 0.049647 
0.488220 852.000000 0.049647 
0.488370 847.000000 0.049356 
0.488400 846.000000 0.049298 
0.489088 823.000000 0.047958 
0.487771 867.000000 0.050522 
0.488160 854.000000 0.049764 
0.488250 851.000000 0.049589 
0.489897 796.000000 0.046384 
0.488520 842.000000 0.049065 
0.489358 814.000000 0.047433 
0.488669 837.000000 0.048773 
0.488460 844.000000 0.049181 
0.488699 836.000000 0.048715 
0.488310 849.000000 0.049473 
0.489567 807.000000 0.047025 
0.488849 831.000000 0.048424 
0.488759 834.000000 0.048599 
0.488190 853.000000 0.049706 
0.488460 844.000000 0.049181 
0.489148 821.000000 0.047841 
0.489328 815.000000 0.047491 
0.488131 855.000000 0.049822 
0.488699 836.000000 0.048715 
0.488550 841.000000 0.049006 
0.488999 826.000000 0.048132 
0.489747 801.000000 0.046676 
0.488250 851.000000 0.049589 
0.488879 830.000000 0.048365 
0.488190 853.000000 0.049706 
0.489717 802.000000 0.046734 
0.489657 804.000000 0.046850 
0.487921 862.000000 0.050230 
0.489178 820.000000 0.047783 
0.488609 839.000000 0.048890 
0.488400 846.000000 0.049298 
0.488999 826.000000 0.048132 
0.488340 848.000000 0.049414 
0.489029 825.000000 0.048074 
0.488699 836.000000 0.048715 
0.487562 874.000000 0.050929 
0.488699 836.000000 0.048715 
0.486544 908.000000 0.052911 
0.488460 844.000000 0.049181 
0.487801 866.000000 0.050463 
0.487771 867.000000 0.050522 
0.489238 818.000000 0.047666 
0.488699 836.000000 0.048715 
0.489358 814.000000 0.047433 
0.488041 858.000000 0.049997 
0.488280 850.000000 0.049531 
0.488011 859.000000 0.050055 
0.488699 836.000000 0.048715 
0.489118 822.000000 0.047899 
0.488550 841.000000 0.049006 
0.488609 839.000000 0.048890 
0.489358 814.000000 0.047433 
0.489059 824.000000 0.048016 
0.488789 833.000000 0.048540 
0.488969 827.000000 0.048191 
0.488370 847.000000 0.049356 
0.488729 835.000000 0.048657 
0.487532 875.000000 0.050988 
0.488310 849.000000 0.049473 
0.488250 851.000000 0.049589 
0.488639 838.000000 0.048832 
0.489118 822.000000 0.047899 
0.488220 852.000000 0.049647 
0.488340 848.000000 0.049414 
0.487891 863.000000 0.050288 
0.488999 826.000000 0.048132 
0.487771 867.000000 0.050522 
0.488789 833.000000 0.048540 
0.488669 837.000000 0.048773 
0.489059 824.000000 0.048016 
0.488101 856.000000 0.049881 
0.488609 839.000000 0.048890 
0.488160 854.000000 0.049764 
0.488131 855.000000 0.049822 
0.488460 844.000000 0.049181 
0.487801 866.000000 0.050463 
0.487981 860.000000 0.050114 
0.487831 865.000000 0.050405 
0.488550 841.000000 0.049006 
0.488729 835.000000 0.048657 
0.488849 831.000000 0.048424 
0.488669 837.000000 0.048773 
0.488849 831.000000 0.048424 
0.488699 836.000000 0.048715 
0.487831 865.000000 0.050405 
0.488879 830.000000 0.048365 
0.488011 859.000000 0.050055 
0.487951 861.000000 0.050172 
0.488190 853.000000 0.049706 
0.487861 864.000000 0.050347 
0.488609 839.000000 0.048890 
0.487771 867.000000 0.050522 
0.488669 837.000000 0.048773 
0.488909 829.000000 0.048307 
0.489238 818.000000 0.047666 
0.487951 861.000000 0.050172 
0.488909 829.000000 0.048307 
0.487741 868.000000 0.050580 
0.488520 842.000000 0.049065 
0.488340 848.000000 0.049414 
0.488999 826.000000 0.048132 
0.489029 825.000000 0.048074 
0.489478 810.000000 0.047200 
0.488609 839.000000 0.048890 
0.489418 812.000000 0.047317 
0.488699 836.000000 0.048715 
0.488280 850.000000 0.049531 
0.487322 882.000000 0.051396 
0.488101 856.000000 0.049881 
0.488041 858.000000 0.049997 
0.487592 873.000000 0.050871 
0.488400 846.000000 0.049298 
0.489118 822.000000 0.047899 
0.489807 799.000000 0.046559 
0.487981 860.000000 0.050114 
0.489687 803.000000 0.046792 
0.488460 844.000000 0.049181 
0.488430 845.000000 0.049240 
0.487951 861.000000 0.050172 
0.487592 873.000000 0.050871 
0.488669 837.000000 0.048773 
0.488909 829.000000 0.048307 
0.488400 846.000000 0.049298 
0.487891 863.000000 0.050288 
0.488430 845.000000 0.049240 
0.489687 803.000000 0.046792 
0.489178 820.000000 0.047783 
0.489418 812.000000 0.047317 
0.488490 843.000000 0.049123 
0.488939 828.000000 0.048249 
0.488939 828.000000 0.048249 
0.488520 842.000000 0.049065 
0.488819 832.000000 0.048482 
0.488849 831.000000 0.048424 
0.488819 832.000000 0.048482 
0.488220 852.000000 0.049647 
0.487442 878.000000 0.051163 
0.488160 854.000000 0.049764 
0.488879 830.000000 0.048365 
0.488819 832.000000 0.048482 
0.489088 823.000000 0.047958 
0.489029 825.000000 0.048074 
0.489388 813.000000 0.047375 
0.487981 860.000000 0.050114 
0.488789 833.000000 0.048540 
0.487831 865.000000 0.050405 
0.488101 856.000000 0.049881 
0.487622 872.000000 0.050813 
0.489358 814.000000 0.047433 
0.487562 874.000000 0.050929 
0.488819 832.000000 0.048482 
0.488280 850.000000 0.049531 
0.487861 864.000000 0.050347 
0.488669 837.000000 0.048773 
0.488101 856.000000 0.049881 
0.488280 850.000000 0.049531 
0.487801 866.000000 0.050463 
0.488131 855.000000 0.049822 
0.489508 809.000000 0.047142 
0.489298 816.000000 0.047550 
0.487652 871.000000 0.050755 
0.488340 848.000000 0.049414 
0.488879 830.000000 0.048365 
0.488609 839.000000 0.048890 
0.487173 887.000000 0.051687 
0.488819 832.000000 0.048482 
0.488340 848.000000 0.049414 
0.490226 785.000000 0.045743 
0.488340 848.000000 0.049414 
0.489358 814.000000 0.047433 
0.488699 836.000000 0.048715 
0.488460 844.000000 0.049181 
0.488759 834.000000 0.048599 
0.488729 835.000000 0.048657 
0.488969 827.000000 0.048191 
0.488580 840.000000 0.048948 
0.488849 831.000000 0.048424 
0.488909 829.000000 0.048307 
0.488819 832.000000 0.048482 
0.489029 825.000000 0.048074 
0.488909 829.000000 0.048307 
0.488520 842.000000 0.049065 
0.489508 809.000000 0.047142 
0.489298 816.000000 0.047550 
0.488580 840.000000 0.048948 
0.488879 830.000000 0.048365 
0.489208 819.000000 0.047724 
0.488071 857.000000 0.049939 
0.488819 832.000000 0.048482 
0.489448 811.000000 0.047258 
0.488849 831.000000 0.048424 
0.488699 836.000000 0.048715 
0.489268 817.000000 0.047608 
0.489148 821.000000 0.047841 
0.487622 872.000000 0.050813 
0.488460 844.000000 0.049181 
0.488101 856.000000 0.049881 
0.488520 842.000000 0.049065 
0.489448 811.000000 0.047258 
0.488101 856.000000 0.049881 
0.489118 822.000000 0.047899 
0.489268 817.000000 0.047608 
0.488101 856.000000 0.049881 
0.487771 867.000000 0.050522 
0.487801 866.000000 0.050463 
0.488639 838.000000 0.048832 
0.489597 806.000000 0.046967 
0.489088 823.000000 0.047958 
0.489059 824.000000 0.048016 
0.488520 842.000000 0.049065 
0.488340 848.000000 0.049414 
0.489178 820.000000 0.047783 
0.488370 847.000000 0.049356 
0.488340 848.000000 0.049414 
0.488699 836.000000 0.048715 
0.487861 864.000000 0.050347 
0.488190 853.000000 0.049706 
0.489208 819.000000 0.047724 
0.488819 832.000000 0.048482 
0.488849 831.000000 0.048424 
0.487981 860.000000 0.050114 
0.488759 834.000000 0.048599 
0.489418 812.000000 0.047317 
0.487472 877.000000 0.051104 
0.488011 859.000000 0.050055 
0.489478 810.000000 0.047200 
0.488580 840.000000 0.048948 
0.488490 843.000000 0.049123 
0.488609 839.000000 0.048890 
0.487711 869.000000 0.050638 
0.488071 857.000000 0.049939 
0.488999 826.000000 0.048132 
0.487861 864.000000 0.050347 
0.487951 861.000000 0.050172 
0.489537 808.000000 0.047084 
0.489567 807.000000 0.047025 
0.488969 827.000000 0.048191 
0.488280 850.000000 0.049531 
0.489358 814.000000 0.047433 
0.488639 838.000000 0.048832 
0.488430 845.000000 0.049240 
0.488879 830.000000 0.048365 
0.489418 812.000000 0.047317 
0.487951 861.000000 0.050172 
0.488759 834.000000 0.048599 
0.488460 844.000000 0.049181 
0.487831 865.000000 0.050405 
0.489777 800.000000 0.046617 
0.487592 873.000000 0.050871 
0.487652 871.000000 0.050755 
0.488131 855.000000 0.049822 
0.489268 817.000000 0.047608 
0.489029 825.000000 0.048074 
0.488729 835.000000 0.048657 
0.488490 843.000000 0.049123 
0.488220 852.000000 0.049647 
0.488101 856.000000 0.049881 
0.488609 839.000000 0.048890 
0.488609 839.000000 0.048890 
0.488041 858.000000 0.049997 
0.487921 862.000000 0.050230 
0.488609 839.000000 0.048890 
0.488639 838.000000 0.048832 
0.489537 808.000000 0.047084 
0.489148 821.000000 0.047841 
0.488879 830.000000 0.048365 
0.489597 806.000000 0.046967 
0.489657 804.000000 0.046850 
0.487951 861.000000 0.050172 
0.489118 822.000000 0.047899 
0.487891 863.000000 0.050288 
0.488699 836.000000 0.048715 
0.488220 852.000000 0.049647 
0.488909 829.000000 0.048307 
0.489508 809.000000 0.047142 
0.488580 840.000000 0.048948 
0.489268 817.000000 0.047608 
0.488071 857.000000 0.049939 
0.487622 872.000000 0.050813 
0.488909 829.000000 0.048307 
0.489059 824.000000 0.048016 
0.488041 858.000000 0.049997 
0.489268 817.000000 0.047608 
0.488340 848.000000 0.049414 
0.488460 844.000000 0.049181 
0.489328 815.000000 0.047491 
0.489388 813.000000 0.047375 
0.488310 849.000000 0.049473 
0.488520 842.000000 0.049065 
0.489059 824.000000 0.048016 
0.488011 859.000000 0.050055 
0.488550 841.000000 0.049006 
0.488669 837.000000 0.048773 
0.488849 831.000000 0.048424 
0.489478 810.000000 0.047200 
0.488430 845.000000 0.049240 
0.488101 856.000000 0.049881 
0.488400 846.000000 0.049298 
0.488609 839.000000 0.048890 
0.488520 842.000000 0.049065 
0.488699 836.000000 0.048715 
0.487622 872.000000 0.050813 
0.488639 838.000000 0.048832 
0.489537 808.000000 0.047084 
0.489208 819.000000 0.047724 
0.488011 859.000000 0.050055 
0.489567 807.000000 0.047025 
0.488759 834.000000 0.048599 
0.488400 846.000000 0.049298 
0.488939 828.000000 0.048249 
0.488609 839.000000 0.048890 
0.489298 816.000000 0.047550 
0.487831 865.000000 0.050405 
0.488370 847.000000 0.049356 
0.488160 854.000000 0.049764 
0.488699 836.000000 0.048715 
0.489537 808.000000 0.047084 
0.489298 816.000000 0.047550 
0.488909 829.000000 0.048307 
0.488969 827.000000 0.048191 
0.488131 855.000000 0.049822 
0.488729 835.000000 0.048657 
0.488310 849.000000 0.049473 
0.488400 846.000000 0.049298 
0.488400 846.000000 0.049298 
0.488131 855.000000 0.049822 
0.487981 860.000000 0.050114 
0.487861 864.000000 0.050347 
0.489537 808.000000 0.047084 
0.489508 809.000000 0.047142 
0.488939 828.000000 0.048249 
0.488430 845.000000 0.049240 
0.488999 826.000000 0.048132 
0.488520 842.000000 0.049065 
0.489687 803.000000 0.046792 
0.489508 809.000000 0.047142 
0.488071 857.000000 0.049939 
0.488969 827.000000 0.048191 
0.488160 854.000000 0.049764 
0.487472 877.000000 0.051104 
0.488011 859.000000 0.050055 
0.488370 847.000000 0.049356 
0.489088 823.000000 0.047958 
0.488460 844.000000 0.049181 
0.487711 869.000000 0.050638 
0.488789 833.000000 0.048540 
0.488101 856.000000 0.049881 
0.489118 822.000000 0.047899 
0.487562 874.000000 0.050929 
0.487711 869.000000 0.050638 
0.488969 827.000000 0.048191 
0.488460 844.000000 0.049181 
0.488490 843.000000 0.049123 
0.488550 841.000000 0.049006 
0.488490 843.000000 0.049123 
0.488639 838.000000 0.048832 
0.487921 862.000000 0.050230 
0.489837 798.000000 0.046501 
0.487622 872.000000 0.050813 
0.489537 808.000000 0.047084 
0.489029 825.000000 0.048074 
0.489208 819.000000 0.047724 
0.488131 855.000000 0.049822 
0.488041 858.000000 0.049997 
0.488609 839.000000 0.048890 
0.487652 871.000000 0.050755 
0.488370 847.000000 0.049356 
0.488160 854.000000 0.049764 
0.488969 827.000000 0.048191 
0.487891 863.000000 0.050288 
0.488669 837.000000 0.048773 
0.488639 838.000000 0.048832 
0.488310 849.000000 0.049473 
0.488909 829.000000 0.048307 
0.488280 850.000000 0.049531 
0.488729 835.000000 0.048657 
0.488550 841.000000 0.049006 
0.488759 834.000000 0.048599 
0.487951 861.000000 0.050172 
0.489597 806.000000 0.046967 
0.489059 824.000000 0.048016 
0.489088 823.000000 0.047958 
0.488520 842.000000 0.049065 
0.489567 807.000000 0.047025 
0.488879 830.000000 0.048365 
0.489597 806.000000 0.046967 
0.488280 850.000000 0.049531 
0.488460 844.000000 0.049181 
0.488999 826.000000 0.048132 
0.488460 844.000000 0.049181 
0.490346 781.000000 0.045510 
0.487562 874.000000 0.050929 
0.488550 841.000000 0.049006 
0.488220 852.000000 0.049647 
0.486903 896.000000 0.052211 
0.488370 847.000000 0.049356 
0.489059 824.000000 0.048016 
0.489118 822.000000 0.047899 
0.488609 839.000000 0.048890 
0.488609 839.000000 0.048890 
0.489657 804.000000 0.046850 
0.487861 864.000000 0.050347 
0.488819 832.000000 0.048482 
0.487652 871.000000 0.050755 
0.488759 834.000000 0.048599 
0.486664 904.000000 0.052678 
0.489747 801.000000 0.046676 
0.487681 870.000000 0.050696 
0.487592 873.000000 0.050871 
0.488580 840.000000 0.048948 
0.488609 839.000000 0.048890 
0.488669 837.000000 0.048773 
0.488460 844.000000 0.049181 
0.489238 818.000000 0.047666 
0.489148 821.000000 0.047841 
0.489508 809.000000 0.047142 
0.489358 814.000000 0.047433 
0.488310 849.000000 0.049473 
0.488280 850.000000 0.049531 
0.488849 831.000000 0.048424 
0.487711 869.000000 0.050638 
0.488340 848.000000 0.049414 
0.489448 811.000000 0.047258 
0.489208 819.000000 0.047724 
0.488101 856.000000 0.049881 
0.488909 829.000000 0.048307 
0.488639 838.000000 0.048832 
0.487921 862.000000 0.050230 
0.487861 864.000000 0.050347 
0.488280 850.000000 0.049531 
0.488280 850.000000 0.049531 
0.488879 830.000000 0.048365 
0.488400 846.000000 0.049298 
0.489478 810.000000 0.047200 
0.488340 848.000000 0.049414 
0.488340 848.000000 0.049414 
0.488789 833.000000 0.048540 
0.487083 890.000000 0.051862 
0.488759 834.000000 0.048599 
0.488699 836.000000 0.048715 
0.488699 836.000000 0.048715 
0.489478 810.000000 0.047200 
0.488639 838.000000 0.048832 
0.488280 850.000000 0.049531 
0.489118 822.000000 0.047899 
0.488550 841.000000 0.049006 
0.488430 845.000000 0.049240 
0.488041 858.000000 0.049997 
0.488969 827.000000 0.048191 
0.487861 864.000000 0.050347 
0.488430 845.000000 0.049240 
0.487921 862.000000 0.050230 
0.488430 845.000000 0.049240 
0.488071 857.000000 0.049939 
0.489059 824.000000 0.048016 
0.489747 801.000000 0.046676 
0.489059 824.000000 0.048016 
0.489328 815.000000 0.047491 
0.488550 841.000000 0.049006 
0.488131 855.000000 0.049822 
0.489358 814.000000 0.047433 
0.488520 842.000000 0.049065 
0.488550 841.000000 0.049006 
0.488550 841.000000 0.049006 
0.488430 845.000000 0.049240 
0.487352 881.000000 0.051337 
0.488520 842.000000 0.049065 
0.488490 843.000000 0.049123 
0.487921 862.000000 0.050230 
0.489837 798.000000 0.046501 
0.488550 841.000000 0.049006 
0.489059 824.000000 0.048016 
0.488430 845.000000 0.049240 
0.488879 830.000000 0.048365 
0.488460 844.000000 0.049181 
0.489478 810.000000 0.047200 
0.489567 807.000000 0.047025 
0.488819 832.000000 0.048482 
0.488729 835.000000 0.048657 
0.489298 816.000000 0.047550 
0.488699 836.000000 0.048715 
0.489029 825.000000 0.048074 
0.488041 858.000000 0.049997 
0.489358 814.000000 0.047433 
0.488101 856.000000 0.049881 
0.488639 838.000000 0.048832 
0.488609 839.000000 0.048890 
0.488699 836.000000 0.048715 
0.489508 809.000000 0.047142 
0.488939 828.000000 0.048249 
0.488400 846.000000 0.049298 
0.487382 880.000000 0.051279 
0.488310 849.000000 0.049473 
0.488999 826.000000 0.048132 
0.488490 843.000000 0.049123 
0.488639 838.000000 0.048832 
0.487352 881.000000 0.051337 
0.488759 834.000000 0.048599 
0.488400 846.000000 0.049298 
0.488729 835.000000 0.048657 
0.487831 865.000000 0.050405 
0.488729 835.000000 0.048657 
0.489328 815.000000 0.047491 
0.488639 838.000000 0.048832 
0.489208 819.000000 0.047724 
0.488250 851.000000 0.049589 
0.488999 826.000000 0.048132 
0.489178 820.000000 0.047783 
0.489448 811.000000 0.047258 
0.490166 787.000000 0.045860 
0.488849 831.000000 0.048424 
0.487981 860.000000 0.050114 
0.488609 839.000000 0.048890 
0.488460 844.000000 0.049181 
0.488340 848.000000 0.049414 
0.488639 838.000000 0.048832 
0.488190 853.000000 0.049706 
0.487622 872.000000 0.050813 
0.489358 814.000000 0.047433 
0.487143 888.000000 0.051745 
0.487771 867.000000 0.050522 
0.489597 806.000000 0.046967 
0.488370 847.000000 0.049356 
0.487801 866.000000 0.050463 
0.489837 798.000000 0.046501 
0.488071 857.000000 0.049939 
0.487562 874.000000 0.050929 
0.488220 852.000000 0.049647 
0.488490 843.000000 0.049123 
0.487203 886.000000 0.051629 
0.488639 838.000000 0.048832 
0.488550 841.000000 0.049006 
0.488460 844.000000 0.049181 
0.489148 821.000000 0.047841 
0.488220 852.000000 0.049647 
0.488041 858.000000 0.049997 
0.489088 823.000000 0.047958 
0.488490 843.000000 0.049123 
0.488819 832.000000 0.048482 
0.487831 865.000000 0.050405 
0.488909 829.000000 0.048307 
0.488220 852.000000 0.049647 
0.487023 892.000000 0.051978 
0.489238 818.000000 0.047666 
0.488041 858.000000 0.049997 
0.489508 809.000000 0.047142 
0.487891 863.000000 0.050288 
0.489059 824.000000 0.048016 
0.488580 840.000000 0.048948 
0.487801 866.000000 0.050463 
0.488340 848.000000 0.049414 
0.489118 822.000000 0.047899 
0.488909 829.000000 0.048307 
0.488699 836.000000 0.048715 
0.489747 801.000000 0.046676 
0.489148 821.000000 0.047841 
0.488879 830.000000 0.048365 
0.488849 831.000000 0.048424 
0.489418 812.000000 0.047317 
0.488160 854.000000 0.049764 
0.488909 829.000000 0.048307 
0.489148 821.000000 0.047841 
0.488011 859.000000 0.050055 
0.487622 872.000000 0.050813 
0.488729 835.000000 0.048657 
0.488460 844.000000 0.049181 
0.488430 845.000000 0.049240 
0.489358 814.000000 0.047433 
0.488430 845.000000 0.049240 
0.489657 804.000000 0.046850 
0.487681 870.000000 0.050696 
0.488879 830.000000 0.048365 
0.489597 806.000000 0.046967 
0.488639 838.000000 0.048832 
0.487532 875.000000 0.050988 
0.489029 825.000000 0.048074 
0.488250 851.000000 0.049589 
0.488310 849.000000 0.049473 
0.489268 817.000000 0.047608 
0.488370 847.000000 0.049356 
0.488220 852.000000 0.049647 
0.488729 835.000000 0.048657 
0.487053 891.000000 0.051920 
0.488609 839.000000 0.048890 
0.487891 863.000000 0.050288 
0.488969 827.000000 0.048191 
0.488220 852.000000 0.049647 
0.488340 848.000000 0.049414 
0.488310 849.000000 0.049473 
0.488190 853.000000 0.049706 
0.489747 801.000000 0.046676 
0.489238 818.000000 0.047666 
0.489178 820.000000 0.047783 
0.488699 836.000000 0.048715 
0.488400 846.000000 0.049298 
0.488639 838.000000 0.048832 
0.488340 848.000000 0.049414 
0.489118 822.000000 0.047899 
0.488280 850.000000 0.049531 
0.487771 867.000000 0.050522 
0.489178 820.000000 0.047783 
0.488729 835.000000 0.048657 
0.488280 850.000000 0.049531 
0.488879 830.000000 0.048365 
0.488729 835.000000 0.048657 
0.487771 867.000000 0.050522 
0.488879 830.000000 0.048365 
0.489328 815.000000 0.047491 
0.488160 854.000000 0.049764 
0.487532 875.000000 0.050988 
0.488699 836.000000 0.048715 
0.489717 802.000000 0.046734 
0.488639 838.000000 0.048832 
0.487532 875.000000 0.050988 
0.489178 820.000000 0.047783 
0.488310 849.000000 0.049473 
0.488759 834.000000 0.048599 
0.488280 850.000000 0.049531 
0.488759 834.000000 0.048599 
0.488699 836.000000 0.048715 
0.489537 808.000000 0.047084 
0.488490 843.000000 0.049123 
0.489567 807.000000 0.047025 
0.488101 856.000000 0.049881 
0.488430 845.000000 0.049240 
0.488520 842.000000 0.049065 
0.488580 840.000000 0.048948 
0.488071 857.000000 0.049939 
0.489148 821.000000 0.047841 
0.488041 858.000000 0.049997 
0.487921 862.000000 0.050230 
0.488520 842.000000 0.049065 
0.487951 861.000000 0.050172 
0.488759 834.000000 0.048599 
0.487203 886.000000 0.051629 
0.488909 829.000000 0.048307 
0.487861 864.000000 0.050347 
0.488789 833.000000 0.048540 
0.488819 832.000000 0.048482 
0.488909 829.000000 0.048307 
0.488639 838.000000 0.048832 
0.488280 850.000000 0.049531 
0.489148 821.000000 0.047841 
0.489717 802.000000 0.046734 
0.487831 865.000000 0.050405 
0.488340 848.000000 0.049414 
0.488160 854.000000 0.049764 
0.488939 828.000000 0.048249 
0.488220 852.000000 0.049647 
0.488639 838.000000 0.048832 
0.488430 845.000000 0.049240 
0.487053 891.000000 0.051920 
0.488190 853.000000 0.049706 
0.488131 855.000000 0.049822 
0.488160 854.000000 0.049764 
0.488310 849.000000 0.049473 
0.488160 854.000000 0.049764 
0.487771 867.000000 0.050522 
0.489388 813.000000 0.047375 
0.488729 835.000000 0.048657 
0.488340 848.000000 0.049414 
0.488131 855.000000 0.049822 
0.488520 842.000000 0.049065 
0.488699 836.000000 0.048715 
0.488909 829.000000 0.048307 
0.490735 768.000000 0.044753 
0.489418 812.000000 0.047317 
0.489478 810.000000 0.047200 
0.488310 849.000000 0.049473 
0.489238 818.000000 0.047666 
0.488580 840.000000 0.048948 
0.487891 863.000000 0.050288 
0.488160 854.000000 0.049764 
0.487532 875.000000 0.050988 
0.489148 821.000000 0.047841 
0.487891 863.000000 0.050288 
0.489118 822.000000 0.047899 
0.488310 849.000000 0.049473 
0.488250 851.000000 0.049589 
0.488969 827.000000 0.048191 
0.488609 839.000000 0.048890 
0.487981 860.000000 0.050114 
0.488101 856.000000 0.049881 
0.489118 822.000000 0.047899 
0.488609 839.000000 0.048890 
0.487921 862.000000 0.050230 
0.488580 840.000000 0.048948 
0.487831 865.000000 0.050405 
0.488909 829.000000 0.048307 
0.488250 851.000000 0.049589 
0.488939 828.000000 0.048249 
0.488520 842.000000 0.049065 
0.486813 899.000000 0.052386 
0.487921 862.000000 0.050230 
0.487861 864.000000 0.050347 
0.488340 848.000000 0.049414 
0.488520 842.000000 0.049065 
0.488550 841.000000 0.049006 
0.488310 849.000000 0.049473 
0.487592 873.000000 0.050871 
0.488759 834.000000 0.048599 
0.487801 866.000000 0.050463 
0.488550 841.000000 0.049006 
0.489328 815.000000 0.047491 
0.488699 836.000000 0.048715 
0.488729 835.000000 0.048657 
0.487891 863.000000 0.050288 
0.487741 868.000000 0.050580 
0.489178 820.000000 0.047783 
0.488280 850.000000 0.049531 
0.488669 837.000000 0.048773 
0.487652 871.000000 0.050755 
0.488430 845.000000 0.049240 
0.487681 870.000000 0.050696 
0.487622 872.000000 0.050813 
0.488909 829.000000 0.048307 
0.488639 838.000000 0.048832 
0.488729 835.000000 0.048657 
0.488939 828.000000 0.048249 
0.488400 846.000000 0.049298 
0.488310 849.000000 0.049473 
0.489059 824.000000 0.048016 
0.488071 857.000000 0.049939 
0.487681 870.000000 0.050696 
0.487652 871.000000 0.050755 
0.488071 857.000000 0.049939 
0.490046 791.000000 0.046093 
0.488400 846.000000 0.049298 
0.488789 833.000000 0.048540 
0.488550 841.000000 0.049006 
0.488999 826.000000 0.048132 
0.488520 842.000000 0.049065 
0.488310 849.000000 0.049473 
0.489298 816.000000 0.047550 
0.487921 862.000000 0.050230 
0.489029 825.000000 0.048074 
0.488609 839.000000 0.048890 
0.488639 838.000000 0.048832 
0.489088 823.000000 0.047958 
0.488011 859.000000 0.050055 
0.488400 846.000000 0.049298 
0.487861 864.000000 0.050347 
0.488490 843.000000 0.049123 
0.489627 805.000000 0.046909 
0.487861 864.000000 0.050347 
0.488669 837.000000 0.048773 
0.489328 815.000000 0.047491 
0.488580 840.000000 0.048948 
0.489118 822.000000 0.047899 
0.488250 851.000000 0.049589 
0.488550 841.000000 0.049006 
0.488490 843.000000 0.049123 
0.489088 823.000000 0.047958 
0.488490 843.000000 0.049123 
0.488280 850.000000 0.049531 
0.489328 815.000000 0.047491 
0.488729 835.000000 0.048657 
0.488550 841.000000 0.049006 
0.489238 818.000000 0.047666 
0.488550 841.000000 0.049006 
0.488430 845.000000 0.049240 
0.487562 874.000000 0.050929 
0.489178 820.000000 0.047783 
0.487622 872.000000 0.050813 
0.489088 823.000000 0.047958 
0.488220 852.000000 0.049647 
0.487711 869.000000 0.050638 
0.488669 837.000000 0.048773 
0.487382 880.000000 0.051279 
0.488819 832.000000 0.048482 
0.488999 826.000000 0.048132 
0.487831 865.000000 0.050405 
0.488939 828.000000 0.048249 
0.488220 852.000000 0.049647 
0.488729 835.000000 0.048657 
0.488699 836.000000 0.048715 
0.488819 832.000000 0.048482 
0.488101 856.000000 0.049881 
0.488789 833.000000 0.048540 
0.488729 835.000000 0.048657 
0.488759 834.000000 0.048599 
0.488520 842.000000 0.049065 
0.487203 886.000000 0.051629 
0.489448 811.000000 0.047258 
0.488609 839.000000 0.048890 
0.487741 868.000000 0.050580 
0.489418 812.000000 0.047317 
0.488250 851.000000 0.049589 
0.488340 848.000000 0.049414 
0.488909 829.000000 0.048307 
0.487921 862.000000 0.050230 
0.487741 868.000000 0.050580 
0.487861 864.000000 0.050347 
0.488729 835.000000 0.048657 
0.489328 815.000000 0.047491 
0.488430 845.000000 0.049240 
0.489178 820.000000 0.047783 
0.488580 840.000000 0.048948 
0.489478 810.000000 0.047200 
0.488969 827.000000 0.048191 
0.489358 814.000000 0.047433 
0.488430 845.000000 0.049240 
0.488041 858.000000 0.049997 
0.488041 858.000000 0.049997 
0.488639 838.000000 0.048832 
0.488490 843.000000 0.049123 
0.489059 824.000000 0.048016 
0.488909 829.000000 0.048307 
0.489029 825.000000 0.048074 
0.488550 841.000000 0.049006 
0.488430 845.000000 0.049240 
0.488609 839.000000 0.048890 
0.488909 829.000000 0.048307 
0.489238 818.000000 0.047666 
0.489358 814.000000 0.047433 
0.489418 812.000000 0.047317 
0.488669 837.000000 0.048773 
0.488639 838.000000 0.048832 
0.488699 836.000000 0.048715 
0.488101 856.000000 0.049881 
0.487741 868.000000 0.050580 
0.488849 831.000000 0.048424 
0.488969 827.000000 0.048191 
0.487741 868.000000 0.050580 
0.489837 798.000000 0.046501 
0.488071 857.000000 0.049939 
0.489029 825.000000 0.048074 
0.487981 860.000000 0.050114 
0.488759 834.000000 0.048599 
0.488131 855.000000 0.049822 
0.488310 849.000000 0.049473 
0.488609 839.000000 0.048890 
0.488220 852.000000 0.049647 
0.489358 814.000000 0.047433 
0.488909 829.000000 0.048307 
0.488370 847.000000 0.049356 
0.488131 855.000000 0.049822 
0.487711 869.000000 0.050638 
0.488729 835.000000 0.048657 
0.488819 832.000000 0.048482 
0.488789 833.000000 0.048540 
0.487681 870.000000 0.050696 
0.488789 833.000000 0.048540 
0.487861 864.000000 0.050347 
0.488460 844.000000 0.049181 
0.488939 828.000000 0.048249 
0.488520 842.000000 0.049065 
0.489957 794.000000 0.046268 
0.488460 844.000000 0.049181 
0.488520 842.000000 0.049065 
0.488220 852.000000 0.049647 
0.489388 813.000000 0.047375 
0.489029 825.000000 0.048074 
0.488460 844.000000 0.049181 
0.488699 836.000000 0.048715 
0.488639 838.000000 0.048832 
0.488011 859.000000 0.050055 
0.488131 855.000000 0.049822 
0.488131 855.000000 0.049822 
0.489448 811.000000 0.047258 
0.487831 865.000000 0.050405 
0.489508 809.000000 0.047142 
0.488969 827.000000 0.048191 
0.488909 829.000000 0.048307 
0.487652 871.000000 0.050755 
0.488669 837.000000 0.048773 
0.489328 815.000000 0.047491 
0.489268 817.000000 0.047608 
0.488220 852.000000 0.049647 
0.488699 836.000000 0.048715 
0.489178 820.000000 0.047783 
0.489627 805.000000 0.046909 
0.488131 855.000000 0.049822 
0.488190 853.000000 0.049706 
0.487981 860.000000 0.050114 
0.487801 866.000000 0.050463 
0.487981 860.000000 0.050114 
0.489867 797.000000 0.046443 
0.489627 805.000000 0.046909 
0.487741 868.000000 0.050580 
0.488819 832.000000 0.048482 
0.488520 842.000000 0.049065 
0.488789 833.000000 0.048540 
0.489388 813.000000 0.047375 
0.488340 848.000000 0.049414 
0.488370 847.000000 0.049356 
0.488639 838.000000 0.048832 
0.489208 819.000000 0.047724 
0.487442 878.000000 0.051163 
0.489148 821.000000 0.047841 
0.488729 835.000000 0.048657 
0.489627 805.000000 0.046909 
0.489508 809.000000 0.047142 
0.488310 849.000000 0.049473 
0.489268 817.000000 0.047608 
0.488789 833.000000 0.048540 
0.488340 848.000000 0.049414 
0.489508 809.000000 0.047142 
0.488011 859.000000 0.050055 
0.488699 836.000000 0.048715 
0.488400 846.000000 0.049298 
0.489717 802.000000 0.046734 
0.487711 869.000000 0.050638 
0.489088 823.000000 0.047958 
0.487681 870.000000 0.050696 
0.487981 860.000000 0.050114 
0.488071 857.000000 0.049939 
0.489029 825.000000 0.048074 
0.488819 832.000000 0.048482 
0.489178 820.000000 0.047783 
0.488160 854.000000 0.049764 
0.488220 852.000000 0.049647 
0.489148 821.000000 0.047841 
0.488639 838.000000 0.048832 
0.488550 841.000000 0.049006 
0.488849 831.000000 0.048424 
0.488969 827.000000 0.048191 
0.489059 824.000000 0.048016 
0.488370 847.000000 0.049356 
0.489148 821.000000 0.047841 
0.488340 848.000000 0.049414 
0.488639 838.000000 0.048832 
0.490106 789.000000 0.045976 
0.488609 839.000000 0.048890 
0.489238 818.000000 0.047666 
0.488550 841.000000 0.049006 
0.489957 794.000000 0.046268 
0.488759 834.000000 0.048599 
0.487652 871.000000 0.050755 
0.487951 861.000000 0.050172 
0.487891 863.000000 0.050288 
0.488879 830.000000 0.048365 
0.488609 839.000000 0.048890 
0.488400 846.000000 0.049298 
0.488160 854.000000 0.049764 
0.488669 837.000000 0.048773 
0.488729 835.000000 0.048657 
0.489118 822.000000 0.047899 
0.488580 840.000000 0.048948 
0.488011 859.000000 0.050055 
0.488849 831.000000 0.048424 
0.488520 842.000000 0.049065 
0.488400 846.000000 0.049298 
0.488729 835.000000 0.048657 
0.489059 824.000000 0.048016 
0.487532 875.000000 0.050988 
0.488520 842.000000 0.049065 
0.488969 827.000000 0.048191 
0.488400 846.000000 0.049298 
0.489448 811.000000 0.047258 
0.489178 820.000000 0.047783 
0.488669 837.000000 0.048773 
0.488879 830.000000 0.048365 
0.489029 825.000000 0.048074 
0.488340 848.000000 0.049414 
0.488819 832.000000 0.048482 
0.487951 861.000000 0.050172 
0.488699 836.000000 0.048715 
0.487921 862.000000 0.050230 
0.488400 846.000000 0.049298 
0.488101 856.000000 0.049881 
0.488250 851.000000 0.049589 
0.488879 830.000000 0.048365 
0.487382 880.000000 0.051279 
0.488909 829.000000 0.048307 
0.488759 834.000000 0.048599 
0.488609 839.000000 0.048890 
0.488131 855.000000 0.049822 
0.489118 822.000000 0.047899 
0.489597 806.000000 0.046967 
0.488190 853.000000 0.049706 
0.489478 810.000000 0.047200 
0.488280 850.000000 0.049531 
0.488729 835.000000 0.048657 
0.488909 829.000000 0.048307 
0.488909 829.000000 0.048307 
0.488699 836.000000 0.048715 
0.488999 826.000000 0.048132 
0.488370 847.000000 0.049356 
0.489059 824.000000 0.048016 
0.487173 887.000000 0.051687 
0.487831 865.000000 0.050405 
0.487981 860.000000 0.050114 
0.488370 847.000000 0.049356 
0.488669 837.000000 0.048773 
0.488699 836.000000 0.048715 
0.488520 842.000000 0.049065 
0.488460 844.000000 0.049181 
0.487681 870.000000 0.050696 
0.489328 815.000000 0.047491 
0.489118 822.000000 0.047899 
0.488340 848.000000 0.049414 
0.487203 886.000000 0.051629 
0.488190 853.000000 0.049706 
0.489897 796.000000 0.046384 
0.489328 815.000000 0.047491 
0.488370 847.000000 0.049356 
0.488340 848.000000 0.049414 
0.487861 864.000000 0.050347 
0.488819 832.000000 0.048482 
0.489418 812.000000 0.047317 
0.488250 851.000000 0.049589 
0.487771 867.000000 0.050522 
0.488011 859.000000 0.050055 
0.488999 826.000000 0.048132 
0.488849 831.000000 0.048424 
